0 1
0 2
0 3
0 4
0 5
0 6
0 7
0 8
0 9
0 11
0 14
1 0
1 2
1 3
1 5
1 6
1 8
1 17
1 31
1 35
1 37
1 48
2 0
2 1
2 3
2 4
2 6
2 10
2 13
2 15
2 18
2 22
2 27
3 1
3 2
3 0
3 4
3 7
3 12
3 16
3 34
3 40
3 55
3 119
4 2
4 3
4 0
4 5
4 7
4 8
4 10
4 17
4 22
4 26
4 48
5 4
5 0
5 1
5 11
5 28
5 42
5 48
5 51
5 59
5 71
5 108
6 2
6 0
6 1
6 9
6 11
6 15
6 24
6 26
6 27
6 33
6 35
7 3
7 0
7 4
7 9
7 10
7 12
7 13
7 14
7 19
7 25
7 31
8 1
8 4
8 0
8 12
8 21
8 23
8 26
8 28
8 72
8 139
8 144
9 6
9 0
9 7
9 16
9 32
9 36
9 55
9 66
9 73
9 82
9 83
10 4
10 7
10 2
10 13
10 16
10 20
10 32
10 61
10 92
10 109
10 198
11 6
11 0
11 5
11 14
11 22
11 24
11 37
11 60
11 82
11 84
11 100
12 3
12 7
12 8
12 15
12 17
12 18
12 23
12 44
12 78
12 125
12 142
13 7
13 2
13 10
13 44
13 84
13 86
13 87
13 97
13 128
13 129
13 160
14 11
14 0
14 7
14 29
14 113
14 208
14 210
14 308
14 328
14 334
14 479
15 6
15 2
15 12
15 20
15 43
15 54
15 58
15 59
15 129
15 163
15 246
16 3
16 10
16 9
16 61
16 62
16 71
16 77
16 78
16 103
16 125
16 130
17 12
17 1
17 4
17 18
17 19
17 21
17 34
17 47
17 63
17 65
17 117
18 2
18 12
18 17
18 23
18 34
18 38
18 41
18 50
18 56
18 62
18 75
19 17
19 0
19 7
19 24
19 25
19 31
19 47
19 62
19 67
19 107
19 145
20 0
20 10
20 15
20 21
20 42
20 58
20 71
20 90
20 91
20 164
20 254
21 20
21 8
21 17
21 25
21 39
21 232
21 326
21 359
21 387
21 493
22 2
22 11
22 4
22 27
22 30
22 38
22 44
22 76
22 87
22 127
22 158
23 12
23 18
23 8
23 51
23 81
23 113
23 206
23 214
23 244
23 255
23 298
24 11
24 6
24 19
24 29
24 30
24 49
24 60
24 79
24 88
24 94
24 100
25 7
25 21
25 19
25 69
25 70
25 104
25 279
25 457
26 8
26 4
26 6
26 28
26 30
26 35
26 47
26 56
26 72
26 81
26 102
27 6
27 2
27 22
27 33
27 46
27 70
27 89
27 90
27 134
27 147
27 176
28 26
28 8
28 5
28 41
28 58
28 60
28 67
28 93
28 188
29 14
29 2
29 24
29 53
29 77
29 168
29 319
29 339
29 497
30 22
30 24
30 26
30 38
30 45
30 57
30 93
30 114
30 146
30 189
30 193
31 19
31 1
31 7
31 36
31 37
31 39
31 50
31 69
31 116
31 156
31 162
32 2
32 10
32 9
32 33
32 86
32 159
32 343
32 373
33 6
33 27
33 32
33 43
33 209
33 343
34 3
34 18
34 17
34 40
34 157
34 169
34 209
34 252
34 254
34 454
35 26
35 1
35 6
35 49
35 80
35 107
35 116
35 154
35 278
35 317
35 335
36 31
36 9
36 0
36 41
36 45
36 97
36 338
37 1
37 31
37 11
37 52
37 53
37 68
37 70
37 140
37 141
37 150
37 215
38 18
38 22
38 30
38 45
38 66
38 141
38 173
38 204
38 241
38 293
38 389
39 21
39 0
39 31
39 57
39 130
39 131
39 137
39 164
39 180
39 296
40 3
40 34
40 0
40 49
40 63
40 103
40 118
40 183
40 256
40 260
40 268
41 18
41 28
41 36
41 43
41 72
41 171
41 175
41 213
41 294
41 310
41 313
42 20
42 5
42 2
42 46
42 66
42 94
42 155
42 253
43 33
43 41
43 15
43 112
43 125
43 158
43 228
43 314
43 448
44 13
44 12
44 22
44 136
44 193
44 270
44 287
44 404
44 451
45 38
45 36
45 30
45 83
45 225
45 258
45 333
45 355
46 42
46 7
46 27
46 64
46 88
46 111
46 166
46 255
46 317
46 358
46 449
47 19
47 26
47 17
47 53
47 302
47 329
47 461
48 4
48 1
48 5
48 55
48 64
48 65
48 128
48 181
48 286
48 376
48 382
49 40
49 24
49 35
49 51
49 52
49 74
49 126
49 127
49 215
49 241
49 276
50 31
50 18
50 0
50 61
50 69
50 73
50 82
50 92
50 250
50 286
50 381
51 23
51 5
51 49
51 85
51 98
51 268
51 322
52 37
52 49
52 4
52 99
52 126
52 153
52 210
52 377
53 29
53 47
53 37
53 80
53 120
53 325
53 397
54 15
54 4
54 2
54 131
54 165
54 305
55 3
55 48
55 9
55 67
55 83
55 85
55 101
55 116
55 121
55 134
55 137
56 26
56 18
56 4
56 76
56 105
56 115
56 208
56 258
57 6
57 39
57 30
57 109
57 144
57 250
57 488
58 15
58 28
58 20
58 80
58 88
58 114
58 142
58 216
58 349
58 351
58 398
59 5
59 0
59 15
59 237
59 281
59 333
59 412
60 24
60 11
60 28
60 95
60 98
60 130
60 312
60 380
60 445
61 50
61 16
61 10
61 75
61 97
61 121
61 191
61 306
62 16
62 19
62 18
62 68
62 115
62 122
62 203
62 259
62 349
63 40
63 17
63 2
63 68
63 122
63 169
63 192
63 199
63 218
63 237
63 348
64 46
64 48
64 2
64 104
64 133
64 197
64 400
65 48
65 17
65 7
65 106
65 152
65 173
65 205
65 217
65 233
65 288
65 427
66 38
66 42
66 9
66 411
67 19
67 55
67 28
67 75
67 93
67 102
67 134
67 148
67 236
67 280
67 300
68 37
68 63
68 62
68 127
68 133
68 143
68 195
68 220
68 229
68 381
68 385
69 25
69 31
69 50
69 99
69 291
69 394
70 27
70 37
70 25
70 89
70 170
70 250
71 16
71 5
71 20
71 129
71 229
71 284
71 326
71 420
72 41
72 26
72 8
72 79
72 111
72 188
72 197
72 352
72 372
72 395
72 471
73 9
73 6
73 50
73 74
73 85
73 123
74 7
74 49
74 73
74 92
74 255
75 18
75 61
75 67
75 120
75 121
75 140
75 449
76 22
76 2
76 56
76 81
76 86
76 110
76 194
76 219
76 433
77 29
77 16
77 4
77 104
77 107
77 110
77 232
78 1
78 16
78 12
79 72
79 2
79 24
79 109
79 117
79 204
79 279
79 357
79 389
80 53
80 58
80 35
80 475
80 476
81 76
81 23
81 26
81 101
81 161
81 245
81 261
81 262
81 275
81 361
81 440
82 9
82 50
82 11
82 91
82 96
82 309
82 366
83 55
83 9
83 45
83 119
83 143
83 284
83 290
83 306
83 442
84 2
84 11
84 13
84 105
84 145
84 146
84 155
84 178
84 304
84 344
84 379
85 73
85 51
85 55
85 180
85 191
85 364
85 442
85 481
85 483
86 32
86 76
86 13
86 101
86 151
86 306
86 407
86 418
87 13
87 22
87 0
87 91
87 100
87 128
87 148
87 150
87 172
87 240
87 456
88 58
88 46
88 24
88 89
88 95
88 99
88 310
88 375
89 70
89 27
89 88
89 112
89 164
89 185
89 188
89 252
89 292
89 363
89 369
90 20
90 4
90 27
90 124
90 138
90 338
90 406
90 447
90 460
91 82
91 87
91 20
91 158
91 174
91 182
91 187
91 230
91 364
91 382
91 396
92 10
92 50
92 74
92 140
92 152
92 170
92 219
92 365
93 28
93 30
93 67
93 301
93 322
93 415
94 1
94 42
94 24
94 314
94 394
95 88
95 60
95 7
95 144
95 165
95 166
95 224
95 376
95 424
96 6
96 0
96 82
97 13
97 61
97 36
97 102
97 103
97 183
97 282
97 296
97 311
98 0
98 60
98 51
98 241
98 362
98 383
99 52
99 88
99 69
99 105
99 180
99 191
99 224
99 305
99 369
99 418
100 24
100 11
100 87
100 331
101 55
101 86
101 81
101 143
101 223
101 282
101 286
101 416
102 26
102 67
102 97
102 270
102 285
102 334
103 40
103 16
103 97
103 123
103 159
103 166
103 203
103 333
104 77
104 64
104 25
104 135
104 186
104 194
104 198
104 408
105 99
105 56
105 84
105 106
105 266
105 393
105 414
106 105
106 65
106 4
106 108
106 110
107 35
107 77
107 19
107 124
107 276
107 353
108 24
108 106
108 5
108 136
108 272
108 344
108 361
108 362
108 370
108 452
108 477
109 57
109 79
109 10
109 329
110 77
110 76
110 106
110 145
110 190
110 267
110 298
110 313
110 320
110 412
111 18
111 72
111 46
111 163
111 216
111 262
111 441
112 43
112 2
112 89
112 269
112 359
112 389
113 14
113 1
113 23
113 122
113 399
113 489
114 30
114 18
114 58
114 251
115 56
115 24
115 62
115 340
115 363
115 396
115 405
116 35
116 31
116 55
116 124
116 141
116 148
116 307
116 355
117 2
117 79
117 17
117 120
117 126
117 184
117 200
118 40
118 0
118 9
118 123
118 368
118 448
119 83
119 3
119 26
119 273
119 438
120 75
120 53
120 117
121 61
121 75
121 55
121 132
121 159
121 205
121 211
121 243
121 259
121 263
121 304
122 113
122 63
122 62
122 266
123 73
123 118
123 103
123 238
124 107
124 90
124 116
124 170
125 12
125 16
125 43
125 151
125 223
125 474
126 52
126 49
126 117
126 195
126 207
126 225
126 280
127 22
127 49
127 68
127 189
127 218
128 48
128 13
128 87
128 196
128 221
128 293
129 13
129 15
129 71
129 247
129 335
129 469
130 60
130 16
130 39
130 236
130 265
130 330
131 16
131 54
131 39
131 192
131 201
131 208
131 217
131 257
131 275
131 290
131 301
132 24
132 121
132 7
132 226
132 249
133 68
133 2
133 64
133 177
133 182
133 187
133 220
133 341
133 457
134 55
134 67
134 27
134 228
134 310
134 339
134 458
134 467
135 26
135 104
135 9
135 228
135 307
136 44
136 108
136 16
136 151
136 213
136 237
137 1
137 39
137 55
137 178
137 401
138 24
138 26
138 90
138 239
138 253
139 8
139 24
139 6
139 222
139 282
140 37
140 75
140 92
140 153
140 156
140 176
140 182
140 374
140 379
140 470
141 116
141 38
141 37
141 474
141 498
142 12
142 58
142 17
142 199
142 253
142 287
143 101
143 83
143 68
143 206
143 243
143 271
143 307
143 356
143 383
144 8
144 95
144 57
144 187
144 318
144 419
145 110
145 84
145 19
145 233
145 247
145 431
145 487
146 7
146 30
146 84
146 149
146 157
146 433
147 27
147 8
147 3
147 201
147 204
147 426
148 116
148 87
148 67
148 277
148 278
149 1
149 7
149 146
149 407
150 37
150 6
150 87
150 161
150 248
150 289
150 299
150 354
151 125
151 86
151 136
151 181
151 212
151 263
151 274
151 312
151 362
151 371
151 414
152 1
152 65
152 92
152 175
152 292
152 302
152 485
153 52
153 8
153 140
153 167
153 199
153 332
153 499
154 17
154 35
154 1
154 190
154 221
154 260
154 439
154 459
155 84
155 4
155 42
155 202
155 309
155 320
156 4
156 140
156 31
156 160
156 294
156 336
156 431
157 0
157 146
157 34
157 233
158 91
158 43
158 22
158 203
159 121
159 103
159 32
159 162
159 174
159 206
159 370
159 473
160 13
160 22
160 156
160 174
160 178
160 264
160 266
160 275
160 277
161 150
161 81
161 5
161 366
161 373
161 456
162 159
162 16
162 31
162 217
162 339
162 345
162 423
163 111
163 15
163 16
163 192
163 338
163 343
163 392
164 39
164 89
164 20
164 196
164 216
164 246
164 404
165 54
165 95
165 55
165 181
165 194
165 212
165 242
165 293
165 314
165 422
166 103
166 95
166 46
167 153
167 22
167 0
167 380
168 1
168 13
168 29
168 261
169 0
169 34
169 63
169 197
169 324
169 358
169 498
170 124
170 70
170 92
170 231
171 41
171 2
171 9
171 271
171 320
172 87
172 6
172 31
172 342
172 457
173 2
173 38
173 65
173 179
174 159
174 160
174 91
174 377
174 411
175 12
175 152
175 41
176 5
176 140
176 27
176 177
176 185
176 264
176 292
177 3
177 176
177 133
177 361
178 137
178 84
178 160
178 285
178 468
178 472
179 173
179 5
179 7
179 207
179 466
180 99
180 39
180 85
180 222
180 246
180 321
180 331
180 381
181 165
181 48
181 151
181 360
182 91
182 133
182 140
182 424
183 55
183 97
183 40
183 235
183 239
183 249
183 274
183 295
183 384
184 117
184 17
184 1
184 341
184 430
185 176
185 89
185 3
185 245
185 386
186 104
186 0
186 7
186 202
186 490
187 144
187 91
187 133
187 410
188 89
188 28
188 72
188 200
188 201
188 404
188 499
189 30
189 8
189 127
189 214
190 154
190 110
190 31
190 247
191 99
191 61
191 85
191 238
192 163
192 63
192 131
192 346
193 5
193 30
193 44
193 437
194 104
194 76
194 165
194 365
195 9
195 68
195 126
196 164
196 128
196 12
196 297
196 479
196 486
197 64
197 72
197 169
197 211
197 229
198 104
198 5
198 10
198 244
198 480
199 153
199 142
199 63
199 214
199 248
199 344
199 478
200 117
200 5
200 188
200 234
200 254
201 131
201 188
201 147
201 395
202 186
202 155
202 0
202 238
202 329
202 436
203 103
203 62
203 158
203 245
204 147
204 38
204 79
204 393
204 497
205 16
205 65
205 121
205 242
205 256
205 471
206 159
206 143
206 23
206 248
207 27
207 126
207 179
207 209
207 288
207 494
208 14
208 131
208 56
208 268
208 388
208 390
208 446
208 447
209 207
209 33
209 34
209 356
209 397
210 52
210 17
210 14
210 252
210 324
210 368
211 26
211 197
211 121
211 304
211 313
211 330
211 428
212 12
212 151
212 165
212 378
212 379
212 451
213 41
213 1
213 136
213 249
213 273
213 342
213 354
213 385
213 420
213 455
214 189
214 23
214 199
214 240
215 37
215 49
215 4
215 224
216 111
216 58
216 164
217 162
217 131
217 65
217 429
218 63
218 24
218 127
218 223
218 350
218 429
218 465
219 76
219 92
219 27
220 10
220 133
220 68
220 257
221 154
221 128
221 11
221 267
221 469
222 180
222 139
222 24
222 285
223 125
223 218
223 101
223 318
223 402
223 405
223 443
223 491
224 95
224 99
224 215
224 230
224 231
224 295
224 303
224 317
225 27
225 126
225 45
226 132
226 22
226 2
226 235
226 342
226 415
226 425
227 5
227 12
227 19
228 135
228 43
228 134
228 325
228 482
229 197
229 71
229 68
229 236
229 302
229 366
229 375
229 454
229 490
230 224
230 26
230 91
231 5
231 170
231 224
231 240
231 406
232 77
232 19
232 21
232 270
232 283
232 388
233 157
233 65
233 145
233 297
233 424
233 487
234 200
234 17
234 2
235 183
235 226
235 0
235 261
235 300
236 130
236 67
236 229
236 315
237 59
237 63
237 136
237 269
237 352
238 123
238 202
238 191
238 315
238 397
239 138
239 183
239 6
240 214
240 231
240 87
241 49
241 98
241 38
241 425
242 165
242 12
242 205
242 316
242 477
243 121
243 10
243 143
243 435
244 23
244 198
244 7
244 444
245 81
245 185
245 203
245 298
245 365
245 427
245 492
246 164
246 15
246 180
246 272
246 373
246 415
246 492
247 145
247 190
247 129
247 303
247 340
248 199
248 206
248 150
248 305
248 388
248 407
249 213
249 183
249 132
249 417
250 70
250 50
250 57
250 456
251 5
251 1
251 114
252 34
252 210
252 89
252 324
252 331
252 387
252 403
252 412
253 42
253 142
253 138
253 265
254 20
254 200
254 34
254 291
254 297
254 308
254 347
254 495
255 46
255 74
255 23
255 260
256 40
256 205
256 5
256 461
257 10
257 220
257 131
258 45
258 56
258 2
258 459
259 2
259 121
259 62
259 327
260 40
260 255
260 154
260 328
260 448
260 496
261 235
261 81
261 168
261 326
261 421
261 469
262 9
262 81
262 111
262 345
262 432
262 452
262 478
263 151
263 55
263 121
264 176
264 10
264 160
264 336
265 5
265 253
265 130
266 105
266 160
266 122
266 414
267 18
267 110
267 221
267 289
268 208
268 40
268 51
268 435
269 16
269 112
269 237
269 299
269 327
269 363
269 386
269 390
270 232
270 44
270 102
270 382
271 143
271 16
271 171
272 246
272 108
272 24
272 299
272 391
273 4
273 213
273 119
273 289
273 481
274 151
274 183
274 17
275 131
275 160
275 81
276 107
276 49
276 2
276 406
277 148
277 160
277 5
277 377
278 35
278 55
278 148
278 332
278 443
279 79
279 25
279 31
279 291
279 405
280 67
280 126
280 12
280 472
280 481
281 59
281 1
281 0
281 452
282 139
282 97
282 101
282 323
282 346
283 232
283 12
283 26
283 296
284 83
284 71
284 2
284 316
284 357
285 102
285 178
285 222
285 417
285 484
286 50
286 101
286 48
287 2
287 44
287 142
288 207
288 0
288 65
288 434
289 267
289 150
289 273
290 131
290 83
290 55
291 69
291 254
291 279
292 89
292 152
292 176
292 294
293 165
293 38
293 128
293 447
294 156
294 292
294 41
294 385
294 423
294 436
295 224
295 183
295 55
295 455
296 97
296 283
296 39
296 463
297 196
297 233
297 254
297 375
297 465
298 110
298 23
298 245
298 495
299 150
299 272
299 269
299 423
299 463
300 16
300 67
300 235
301 131
301 93
301 30
302 47
302 229
302 152
302 427
302 445
303 224
303 247
303 15
303 325
303 372
304 121
304 84
304 211
304 401
304 408
305 248
305 54
305 99
305 347
306 61
306 86
306 83
306 360
307 135
307 143
307 116
307 356
307 480
308 254
308 14
308 37
308 450
309 82
309 155
309 2
309 357
310 41
310 88
310 134
310 384
311 97
311 27
311 26
311 340
312 0
312 60
312 151
313 41
313 211
313 110
314 94
314 165
314 43
315 30
315 238
315 236
315 400
315 449
316 26
316 284
316 242
317 35
317 224
317 46
317 413
317 494
318 223
318 144
318 2
318 319
319 12
319 29
319 318
320 171
320 155
320 110
320 378
321 3
321 180
321 0
322 51
322 16
322 93
323 7
323 282
323 16
323 380
323 496
324 252
324 169
324 210
324 419
325 53
325 303
325 228
326 261
326 71
326 21
326 408
327 9
327 269
327 259
327 464
328 14
328 260
328 0
328 428
328 470
329 109
329 47
329 202
329 334
329 369
330 13
330 211
330 130
330 337
331 252
331 180
331 100
332 278
332 13
332 153
332 430
332 433
332 486
333 103
333 59
333 45
334 329
334 102
334 14
334 466
335 35
335 37
335 129
335 482
336 156
336 264
336 40
336 472
337 17
337 5
337 330
337 489
338 90
338 163
338 36
339 134
339 162
339 29
340 115
340 247
340 311
341 0
341 184
341 133
342 213
342 172
342 226
343 163
343 32
343 33
343 410
344 84
344 199
344 108
344 458
345 262
345 0
345 162
346 5
346 282
346 192
347 305
347 254
347 26
347 348
347 370
347 441
348 347
348 63
348 40
349 62
349 121
349 58
349 371
349 403
350 121
350 218
350 5
351 58
351 23
351 121
351 434
352 237
352 72
352 0
352 478
353 9
353 15
353 107
354 213
354 10
354 150
354 443
355 45
355 116
355 41
355 358
356 209
356 143
356 307
356 461
357 309
357 284
357 79
357 367
358 46
358 355
358 169
358 498
359 16
359 21
359 112
360 181
360 20
360 306
361 81
361 177
361 108
361 475
362 151
362 108
362 98
363 115
363 269
363 89
364 85
364 1
364 91
365 194
365 245
365 92
365 374
365 398
365 446
366 229
366 82
366 161
366 398
367 49
367 30
367 357
368 63
368 210
368 118
368 376
369 89
369 329
369 99
369 442
370 347
370 159
370 108
370 371
370 409
371 370
371 151
371 349
372 12
372 303
372 72
373 161
373 32
373 246
373 436
374 365
374 55
374 140
374 466
375 229
375 297
375 88
375 422
376 368
376 48
376 95
376 403
376 418
377 52
377 277
377 174
377 462
378 320
378 212
378 55
379 140
379 212
379 84
379 409
380 323
380 60
380 167
381 50
381 180
381 68
382 270
382 91
382 48
383 98
383 15
383 143
383 488
384 310
384 41
384 183
385 68
385 294
385 213
385 453
386 37
386 269
386 185
387 21
387 31
387 252
388 208
388 232
388 248
389 112
389 38
389 79
390 269
390 208
390 16
390 487
391 16
391 272
391 84
392 163
392 41
392 6
393 105
393 121
393 204
394 2
394 94
394 69
395 72
395 201
395 24
396 115
396 68
396 91
396 420
396 467
397 238
397 209
397 53
397 444
398 366
398 365
398 58
398 421
399 3
399 15
399 113
400 64
400 68
400 315
400 454
401 304
401 84
401 137
401 429
401 485
402 84
402 223
402 22
403 349
403 252
403 376
404 188
404 44
404 164
405 115
405 279
405 223
406 231
406 276
406 90
407 149
407 86
407 248
407 431
407 484
408 326
408 304
408 104
409 370
409 121
409 379
409 416
409 476
410 187
410 9
410 343
410 491
411 174
411 91
411 66
411 417
411 426
412 252
412 110
412 59
413 121
413 16
413 317
414 105
414 151
414 266
415 246
415 93
415 226
415 483
416 15
416 409
416 101
416 451
417 285
417 249
417 411
418 99
418 376
418 86
419 144
419 131
419 324
419 458
420 71
420 396
420 213
421 398
421 261
421 13
421 490
422 11
422 375
422 165
422 440
422 450
423 294
423 162
423 299
423 462
424 182
424 233
424 95
425 241
425 2
425 226
425 493
426 68
426 147
426 411
427 245
427 302
427 65
427 434
428 50
428 328
428 211
428 482
429 401
429 217
429 218
430 17
430 332
430 184
431 407
431 145
431 156
431 470
432 5
432 1
432 262
433 332
433 146
433 76
433 445
434 288
434 427
434 351
435 268
435 243
435 26
436 294
436 373
436 202
437 9
437 193
437 121
438 50
438 119
438 30
439 17
439 1
439 154
440 81
440 40
440 422
441 111
441 347
441 40
441 486
442 83
442 85
442 369
443 278
443 354
443 223
444 397
444 244
444 31
445 433
445 302
445 60
446 18
446 208
446 365
447 293
447 208
447 90
448 43
448 260
448 118
449 75
449 315
449 46
450 422
450 308
450 13
451 416
451 212
451 44
452 281
452 262
452 108
453 5
453 2
453 385
453 476
454 400
454 34
454 229
455 13
455 295
455 213
456 87
456 161
456 250
457 133
457 172
457 25
458 419
458 344
458 134
458 460
459 24
459 258
459 154
459 463
459 468
459 474
460 458
460 38
460 90
461 47
461 256
461 356
462 377
462 48
462 423
463 299
463 296
463 459
464 327
464 6
464 18
464 494
465 297
465 23
465 218
466 179
466 374
466 334
467 396
467 134
467 26
468 178
468 459
468 4
469 221
469 129
469 261
470 140
470 431
470 328
471 40
471 72
471 205
472 336
472 280
472 178
473 37
473 16
473 159
473 477
474 141
474 125
474 459
475 50
475 361
475 80
476 80
476 409
476 453
477 473
477 108
477 242
478 262
478 199
478 352
479 196
479 14
479 1
480 307
480 198
480 38
481 273
481 85
481 280
482 428
482 228
482 335
483 415
483 85
483 18
484 407
484 285
484 84
485 58
485 401
485 152
486 332
486 441
486 196
486 488
487 390
487 233
487 145
488 57
488 383
488 486
489 113
489 2
489 337
490 229
490 421
490 186
491 84
491 223
491 410
492 49
492 246
492 245
493 21
493 2
493 425
494 317
494 464
494 207
495 298
495 254
495 108
496 260
496 5
496 323
497 29
497 204
497 68
498 358
498 141
498 169
499 121
499 153
499 188
