0 1
0 2
1 0
1 2
2 0
2 1
3 0
3 1
3 2
4 0
4 1
4 3
5 1
5 4
5 3
6 1
6 0
6 2
7 3
7 4
7 6
8 0
8 1
8 2
9 1
9 0
9 2
10 8
10 2
10 5
11 10
11 2
11 3
12 6
12 3
12 1
13 5
13 4
13 7
14 2
14 3
14 5
15 7
15 1
15 5
16 1
16 6
16 10
17 6
17 5
17 11
18 12
18 5
18 1
19 5
19 0
19 1
20 7
20 6
20 2
21 1
21 10
21 7
22 12
22 5
22 1
23 19
23 2
23 1
24 22
24 2
24 0
25 8
25 9
25 6
26 16
26 3
26 25
27 0
27 10
27 26
28 3
28 15
28 4
29 1
29 4
29 5
30 25
30 16
30 9
31 8
31 17
31 2
32 16
32 25
32 20
33 29
33 23
33 12
34 3
34 0
34 18
35 32
35 9
35 12
36 2
36 29
36 3
37 0
37 6
37 12
38 11
38 2
38 8
39 2
39 3
39 1
40 7
40 1
40 21
41 19
41 2
41 6
42 29
42 33
42 2
43 17
43 35
43 7
44 6
44 3
44 0
45 3
45 2
45 0
46 0
46 2
46 17
47 10
47 20
47 25
48 4
48 3
48 37
49 2
49 10
49 45
50 4
50 37
50 34
51 7
51 3
51 1
52 0
52 1
52 2
53 35
53 45
53 3
54 0
54 4
54 27
55 53
55 4
55 34
56 10
56 17
56 18
57 45
57 4
57 1
58 5
58 3
58 23
59 51
59 44
59 1
60 4
60 3
60 23
61 4
61 40
61 21
62 17
62 46
62 9
63 7
63 9
63 17
64 58
64 46
64 62
65 52
65 57
65 58
66 35
66 32
66 6
67 14
67 6
67 16
68 54
68 3
68 62
69 9
69 6
69 13
70 26
70 15
70 2
71 4
71 2
71 6
72 3
72 46
72 4
73 6
73 9
73 61
74 0
74 56
74 1
75 40
75 38
75 0
76 50
76 51
76 37
77 34
77 4
77 0
78 35
78 16
78 59
79 52
79 8
79 29
80 37
80 5
80 17
81 2
81 7
81 59
82 74
82 24
82 0
83 78
83 28
83 9
84 67
84 37
84 1
85 53
85 10
85 28
86 31
86 18
86 1
87 78
87 29
87 27
88 72
88 30
88 59
89 1
89 31
89 2
90 82
90 72
90 3
91 17
91 76
91 2
92 1
92 5
92 65
93 32
93 82
93 26
94 34
94 18
94 3
95 2
95 38
95 13
96 3
96 37
96 54
97 1
97 27
97 40
98 6
98 5
98 11
99 72
99 3
99 5
