0 1
0 2
0 3
0 4
0 5
0 7
0 8
0 9
0 11
0 16
0 17
0 18
1 0
1 2
1 3
1 4
1 6
1 7
1 18
2 1
2 0
2 3
2 4
2 5
2 6
2 10
2 16
3 0
3 1
3 2
3 10
3 14
4 1
4 2
4 0
4 5
4 8
4 14
4 19
5 2
5 0
5 4
5 6
5 7
5 9
5 17
6 2
6 5
6 1
6 8
6 9
6 11
6 12
6 15
7 0
7 1
7 5
7 10
7 11
7 15
7 19
8 0
8 4
8 6
8 12
9 5
9 6
9 0
9 12
9 13
9 18
10 7
10 2
10 3
10 13
10 14
10 19
11 7
11 6
11 0
11 15
12 8
12 6
12 9
12 13
12 16
12 17
13 9
13 10
13 12
14 10
14 4
14 3
15 11
15 6
15 7
16 2
16 0
16 12
17 0
17 5
17 12
18 0
18 9
18 1
19 4
19 10
19 7
