1 0
2 0
2 1
3 0
3 1
3 2
4 0
4 3
4 1
5 1
5 0
5 2
6 5
6 2
6 1
7 2
7 0
7 1
8 0
8 5
8 1
9 0
9 7
9 3
10 8
10 5
10 6
11 0
11 1
11 2
12 5
12 0
12 2
13 1
13 5
13 8
14 7
14 11
14 4
15 7
15 6
15 13
16 2
16 0
16 6
17 4
17 2
17 1
18 1
18 0
18 2
19 8
19 6
19 7
20 12
20 2
20 19
21 8
21 0
21 7
22 5
22 4
22 21
23 19
23 8
23 6
24 2
24 0
24 13
25 2
25 8
25 21
26 2
26 11
26 7
27 14
27 1
27 17
28 6
28 4
28 26
29 2
29 27
29 5
30 8
30 5
30 2
31 5
31 7
31 2
32 27
32 8
32 2
33 8
33 27
33 4
34 17
34 22
34 13
35 13
35 16
35 20
36 2
36 0
36 6
37 9
37 2
37 5
38 1
38 17
38 0
39 9
39 1
39 7
40 31
40 32
40 9
41 26
41 2
41 33
42 11
42 10
42 8
43 37
43 8
43 2
44 30
44 17
44 15
45 43
45 1
45 5
46 6
46 17
46 1
47 5
47 6
47 4
48 35
48 17
48 34
49 29
49 4
49 20
50 41
50 8
50 20
51 8
51 1
51 2
52 43
52 18
52 14
53 0
53 1
53 44
54 16
54 4
54 39
55 14
55 36
55 27
56 48
56 1
56 9
57 20
57 5
57 27
58 1
58 18
58 33
59 12
59 22
59 3
60 30
60 22
60 5
61 4
61 41
61 47
62 43
62 8
62 12
63 8
63 30
63 36
64 7
64 41
64 50
65 8
65 2
65 54
66 46
66 36
66 2
67 14
67 48
67 57
68 7
68 50
68 8
69 24
69 26
69 39
70 2
70 22
70 30
71 26
71 2
71 7
72 26
72 44
72 5
73 0
73 45
73 1
74 5
74 26
74 70
75 72
75 31
75 46
76 4
76 43
76 73
77 60
77 23
77 7
78 8
78 41
78 6
79 66
79 1
79 0
80 3
80 70
80 74
81 68
81 27
81 50
82 59
82 36
82 37
83 46
83 8
83 77
84 37
84 41
84 76
85 45
85 36
85 5
86 5
86 1
86 0
87 33
87 64
87 0
88 20
88 2
88 80
89 79
89 24
89 2
90 0
90 20
90 10
91 43
91 0
91 39
92 31
92 69
92 55
93 14
93 80
93 48
94 1
94 86
94 33
95 2
95 36
95 43
96 74
96 94
96 8
97 20
97 36
97 39
98 48
98 11
98 31
99 67
99 5
99 13
100 7
100 83
100 92
101 41
101 75
101 5
102 63
102 62
102 48
103 7
103 3
103 5
104 17
104 3
104 70
105 25
105 24
105 42
106 18
106 69
106 11
107 74
107 4
107 78
108 70
108 16
108 0
109 88
109 12
109 2
110 96
110 49
110 88
111 16
111 74
111 34
112 101
112 19
112 24
113 47
113 8
113 40
114 78
114 12
114 2
115 1
115 8
115 9
116 14
116 1
116 77
117 87
117 8
117 25
118 30
118 5
118 80
119 70
119 43
119 1
120 76
120 85
120 69
121 108
121 24
121 1
122 119
122 102
122 0
123 1
123 18
123 49
124 31
124 29
124 103
125 120
125 1
125 61
126 1
126 76
126 65
127 26
127 105
127 15
128 27
128 83
128 13
129 94
129 52
129 7
130 45
130 18
130 107
131 20
131 114
131 61
132 6
132 1
132 53
133 37
133 17
133 2
134 8
134 2
134 0
135 32
135 84
135 123
136 0
136 39
136 35
137 45
137 125
137 7
138 16
138 0
138 73
139 81
139 117
139 23
140 128
140 20
140 24
141 8
141 105
141 99
142 80
142 55
142 137
143 15
143 41
143 7
144 95
144 8
144 14
145 7
145 27
145 13
146 4
146 92
146 1
147 69
147 2
147 8
148 107
148 1
148 13
149 68
149 41
149 43
150 10
150 5
150 149
151 2
151 88
151 129
152 2
152 33
152 5
153 80
153 27
153 29
154 38
154 78
154 149
155 138
155 33
155 8
156 2
156 136
156 44
157 22
157 34
157 48
158 83
158 21
158 18
159 142
159 4
159 12
160 64
160 8
160 21
161 40
161 49
161 70
162 8
162 120
162 45
163 3
163 17
163 39
164 158
164 5
164 0
165 35
165 7
165 156
166 8
166 2
166 1
167 119
167 40
167 1
168 109
168 23
168 2
169 5
169 41
169 1
170 38
170 156
170 30
171 34
171 18
171 1
172 150
172 127
172 35
173 98
173 80
173 43
174 139
174 126
174 78
175 52
175 137
175 2
176 55
176 36
176 8
177 20
177 2
177 10
178 35
178 20
178 78
179 0
179 40
179 99
180 2
180 49
180 13
181 89
181 70
181 79
182 2
182 173
182 98
183 107
183 44
183 64
184 2
184 39
184 168
185 48
185 45
185 75
186 94
186 17
186 2
187 23
187 174
187 80
188 68
188 24
188 140
189 87
189 67
189 168
190 0
190 187
190 145
191 2
191 174
191 17
192 80
192 42
192 160
193 46
193 130
193 2
194 178
194 11
194 24
195 117
195 125
195 142
196 52
196 84
196 41
197 40
197 58
197 20
198 49
198 187
198 0
199 17
199 2
199 84
200 46
200 146
200 69
201 22
201 42
201 192
202 21
202 193
202 189
203 188
203 163
203 13
204 1
204 27
204 6
205 5
205 24
205 53
206 16
206 2
206 13
207 201
207 156
207 2
208 158
208 192
208 67
209 109
209 51
209 173
210 52
210 81
210 41
211 132
211 7
211 40
212 156
212 41
212 63
213 156
213 175
213 137
214 99
214 7
214 24
215 5
215 1
215 158
216 174
216 183
216 8
217 143
217 81
217 0
218 10
218 8
218 40
219 216
219 33
219 201
220 50
220 199
220 19
221 134
221 9
221 31
222 2
222 80
222 219
223 7
223 50
223 75
224 172
224 34
224 65
225 64
225 84
225 159
226 2
226 41
226 122
227 226
227 23
227 185
228 21
228 95
228 64
229 175
229 2
229 31
230 162
230 8
230 149
231 2
231 75
231 8
232 229
232 206
232 228
233 57
233 4
233 85
234 98
234 160
234 43
235 5
235 183
235 214
236 22
236 47
236 118
237 3
237 0
237 222
238 10
238 3
238 27
239 74
239 113
239 124
240 176
240 192
240 8
241 39
241 115
241 74
242 14
242 20
242 132
243 199
243 120
243 56
244 132
244 2
244 185
245 35
245 139
245 26
246 5
246 200
246 45
247 18
247 83
247 22
248 12
248 70
248 26
249 13
249 4
249 2
250 117
250 215
250 157
251 12
251 80
251 112
252 180
252 0
252 8
253 20
253 166
253 31
254 41
254 34
254 25
255 73
255 214
255 209
256 45
256 27
256 14
257 173
257 2
257 1
258 18
258 83
258 14
259 212
259 34
259 68
260 151
260 52
260 254
261 88
261 191
261 89
262 258
262 41
262 86
263 4
263 6
263 114
264 76
264 0
264 74
265 132
265 242
265 2
266 7
266 35
266 26
267 30
267 113
267 129
268 80
268 67
268 78
269 52
269 5
269 38
270 8
270 129
270 213
271 185
271 260
271 40
272 242
272 158
272 48
273 76
273 185
273 215
274 126
274 159
274 139
275 7
275 12
275 5
276 39
276 80
276 124
277 27
277 70
277 138
278 1
278 41
278 142
279 12
279 180
279 204
280 108
280 7
280 27
281 1
281 36
281 2
282 69
282 38
282 278
283 59
283 268
283 80
284 194
284 14
284 149
285 57
285 0
285 22
286 125
286 22
286 25
287 0
287 58
287 8
288 14
288 134
288 142
289 49
289 41
289 7
290 75
290 151
290 159
291 212
291 70
291 18
292 121
292 1
292 26
293 2
293 31
293 191
294 35
294 87
294 21
295 188
295 182
295 72
296 190
296 88
296 50
297 262
297 119
297 137
298 20
298 55
298 6
299 173
299 40
299 109
300 71
300 267
300 63
301 2
301 76
301 186
302 1
302 192
302 80
303 157
303 34
303 2
304 280
304 2
304 9
305 16
305 36
305 140
306 12
306 181
306 5
307 0
307 137
307 232
308 190
308 0
308 198
309 125
309 40
309 1
310 238
310 108
310 198
311 43
311 123
311 192
312 175
312 116
312 67
313 32
313 5
313 285
314 220
314 23
314 24
315 20
315 27
315 94
316 5
316 48
316 82
317 0
317 238
317 42
318 300
318 94
318 108
319 31
319 5
319 178
320 0
320 24
320 4
321 123
321 92
321 64
322 20
322 34
322 3
323 66
323 90
323 23
324 291
324 94
324 7
325 36
325 173
325 67
326 1
326 2
326 13
327 172
327 114
327 22
328 0
328 280
328 138
329 268
329 13
329 41
330 24
330 6
330 301
331 33
331 210
331 173
332 37
332 7
332 110
333 1
333 50
333 6
334 236
334 270
334 51
335 326
335 13
335 158
336 5
336 300
336 108
337 79
337 60
337 70
338 172
338 41
338 6
339 208
339 21
339 78
340 71
340 15
340 335
341 162
341 173
341 286
342 20
342 42
342 333
343 39
343 263
343 114
344 308
344 8
344 337
345 125
345 3
345 180
346 23
346 150
346 1
347 53
347 8
347 2
348 152
348 197
348 269
349 238
349 275
349 266
350 231
350 24
350 142
351 105
351 0
351 24
352 27
352 15
352 92
353 302
353 41
353 306
354 1
354 154
354 35
355 155
355 21
355 66
356 311
356 156
356 23
357 296
357 3
357 5
358 261
358 257
358 7
359 20
359 0
359 303
360 139
360 8
360 15
361 47
361 68
361 314
362 1
362 46
362 141
363 310
363 43
363 9
364 0
364 6
364 1
365 207
365 119
365 259
366 182
366 40
366 13
367 138
367 149
367 63
368 76
368 52
368 73
369 215
369 34
369 25
370 241
370 105
370 162
371 121
371 31
371 88
372 5
372 156
372 262
373 266
373 207
373 24
374 251
374 114
374 65
375 39
375 17
375 84
376 154
376 36
376 1
377 0
377 268
377 142
378 364
378 70
378 54
379 214
379 96
379 319
380 2
380 0
380 1
381 258
381 155
381 225
382 232
382 114
382 119
383 330
383 225
383 205
384 49
384 40
384 199
385 228
385 136
385 33
386 214
386 57
386 210
387 41
387 369
387 88
388 68
388 44
388 175
389 69
389 59
389 272
390 286
390 344
390 1
391 212
391 2
391 121
392 93
392 249
392 59
393 129
393 158
393 139
394 320
394 263
394 379
395 172
395 144
395 3
396 93
396 355
396 244
397 108
397 17
397 159
398 170
398 171
398 98
399 76
399 345
399 224
400 78
400 8
400 11
401 16
401 8
401 192
402 7
402 227
402 70
403 141
403 11
403 180
404 152
404 51
404 68
405 384
405 29
405 191
406 334
406 180
406 5
407 401
407 319
407 55
408 8
408 37
408 273
409 310
409 366
409 397
410 149
410 251
410 254
411 270
411 40
411 265
412 40
412 35
412 1
413 315
413 404
413 20
414 94
414 120
414 338
415 82
415 95
415 7
416 26
416 51
416 35
417 366
417 237
417 172
418 79
418 364
418 108
419 1
419 39
419 8
420 345
420 125
420 284
421 332
421 214
421 56
422 13
422 0
422 7
423 354
423 366
423 75
424 350
424 119
424 20
425 317
425 2
425 175
426 121
426 216
426 268
427 0
427 92
427 3
428 20
428 12
428 425
429 261
429 23
429 82
430 200
430 190
430 426
431 166
431 192
431 207
432 175
432 331
432 218
433 2
433 247
433 119
434 269
434 39
434 41
435 8
435 74
435 332
436 275
436 29
436 357
437 136
437 76
437 110
438 47
438 242
438 8
439 430
439 127
439 143
440 35
440 374
440 203
441 166
441 7
441 180
442 94
442 228
442 215
443 70
443 49
443 27
444 221
444 399
444 297
445 20
445 296
445 2
446 136
446 186
446 366
447 0
447 251
447 2
448 44
448 442
448 1
449 118
449 54
449 4
450 8
450 41
450 40
451 129
451 278
451 55
452 136
452 426
452 273
453 204
453 296
453 208
454 64
454 439
454 68
455 33
455 333
455 7
456 44
456 138
456 24
457 2
457 183
457 57
458 192
458 234
458 312
459 219
459 235
459 2
460 154
460 390
460 242
461 322
461 275
461 1
462 181
462 198
462 449
463 158
463 2
463 98
464 326
464 21
464 109
465 2
465 65
465 70
466 91
466 194
466 8
467 209
467 182
467 335
468 257
468 302
468 218
469 323
469 53
469 2
470 357
470 17
470 41
471 396
471 162
471 405
472 297
472 22
472 142
473 181
473 273
473 96
474 242
474 72
474 2
475 125
475 41
475 0
476 313
476 35
476 173
477 146
477 469
477 108
478 58
478 405
478 364
479 5
479 0
479 173
480 399
480 404
480 144
481 0
481 438
481 345
482 472
482 173
482 410
483 323
483 179
483 73
484 206
484 109
484 72
485 177
485 109
485 166
486 392
486 27
486 98
487 16
487 19
487 17
488 18
488 248
488 8
489 251
489 92
489 20
490 31
490 129
490 438
491 484
491 328
491 57
492 322
492 354
492 51
493 473
493 47
493 114
494 330
494 87
494 233
495 120
495 393
495 129
496 3
496 74
496 150
497 187
497 242
497 14
498 44
498 1
498 361
499 88
499 142
499 109
500 149
500 20
500 81
501 221
501 272
501 37
502 5
502 306
502 11
503 215
503 6
503 137
504 191
504 218
504 129
505 55
505 41
505 1
506 310
506 105
506 192
507 294
507 128
507 1
508 432
508 467
508 171
509 105
509 361
509 8
510 158
510 175
510 323
511 180
511 132
511 120
512 199
512 15
512 26
513 80
513 1
513 27
514 183
514 44
514 349
515 309
515 49
515 407
516 45
516 109
516 138
517 4
517 284
517 125
518 102
518 12
518 170
519 22
519 175
519 3
520 17
520 289
520 24
521 182
521 3
521 41
522 100
522 14
522 407
523 63
523 96
523 460
524 5
524 489
524 13
525 293
525 13
525 320
526 499
526 361
526 36
527 173
527 39
527 58
528 20
528 225
528 0
529 347
529 509
529 190
530 30
530 5
530 22
531 499
531 227
531 308
532 21
532 13
532 360
533 16
533 256
533 48
534 64
534 420
534 489
535 383
535 448
535 138
536 7
536 70
536 496
537 2
537 378
537 151
538 75
538 8
538 41
539 270
539 456
539 429
540 168
540 535
540 139
541 212
541 15
541 205
542 459
542 5
542 401
543 39
543 5
543 2
544 51
544 508
544 8
545 332
545 173
545 80
546 426
546 260
546 218
547 251
547 6
547 2
548 254
548 351
548 301
549 439
549 500
549 267
550 8
550 36
550 254
551 337
551 74
551 25
552 124
552 137
552 295
553 210
553 384
553 41
554 173
554 189
554 22
555 232
555 39
555 114
556 5
556 310
556 438
557 0
557 227
557 512
558 162
558 80
558 430
559 63
559 2
559 374
560 306
560 21
560 24
561 120
561 379
561 177
562 124
562 235
562 419
563 22
563 256
563 45
564 165
564 158
564 46
565 57
565 46
565 524
566 218
566 0
566 354
567 357
567 550
567 0
568 333
568 31
568 335
569 241
569 1
569 73
570 61
570 397
570 394
571 27
571 1
571 484
572 434
572 99
572 309
573 0
573 243
573 330
574 314
574 90
574 22
575 355
575 27
575 214
576 383
576 419
576 8
577 439
577 48
577 87
578 158
578 25
578 300
579 458
579 7
579 515
580 43
580 1
580 486
581 55
581 365
581 22
582 329
582 564
582 22
583 504
583 73
583 549
584 524
584 11
584 507
585 48
585 264
585 175
586 543
586 4
586 128
587 70
587 95
587 3
588 7
588 59
588 173
589 270
589 2
589 554
590 331
590 8
590 82
591 50
591 245
591 357
592 503
592 235
592 477
593 173
593 343
593 249
594 0
594 311
594 221
595 149
595 455
595 385
596 453
596 185
596 28
597 360
597 52
597 36
598 36
598 493
598 53
599 2
599 172
599 4
600 0
600 5
600 177
601 156
601 199
601 568
602 139
602 479
602 48
603 339
603 326
603 22
604 17
604 308
604 162
605 118
605 259
605 13
606 31
606 108
606 504
607 132
607 119
607 7
608 11
608 20
608 242
609 475
609 19
609 208
610 308
610 188
610 37
611 42
611 321
611 128
612 8
612 31
612 5
613 379
613 46
613 284
614 34
614 119
614 80
615 3
615 154
615 2
616 198
616 2
616 7
617 330
617 270
617 477
618 208
618 83
618 1
619 31
619 557
619 0
620 51
620 502
620 479
621 207
621 39
621 414
622 483
622 44
622 502
623 345
623 231
623 25
624 535
624 513
624 1
625 109
625 173
625 14
626 13
626 8
626 174
627 0
627 583
627 499
628 431
628 278
628 426
629 260
629 0
629 41
630 276
630 491
630 80
631 61
631 20
631 207
632 187
632 263
632 4
633 604
633 74
633 403
634 572
634 416
634 27
635 439
635 3
635 7
636 20
636 177
636 310
637 301
637 572
637 162
638 396
638 2
638 305
639 41
639 207
639 568
640 22
640 172
640 209
641 403
641 344
641 564
642 39
642 331
642 160
643 293
643 241
643 294
644 43
644 183
644 216
645 568
645 74
645 5
646 204
646 132
646 493
647 302
647 188
647 429
648 8
648 176
648 411
649 7
649 158
649 209
650 90
650 285
650 127
651 164
651 207
651 414
652 398
652 635
652 189
653 207
653 166
653 35
654 229
654 624
654 623
655 214
655 0
655 1
656 39
656 152
656 87
657 426
657 653
657 484
658 397
658 633
658 418
659 137
659 118
659 250
660 565
660 302
660 9
661 174
661 412
661 275
662 449
662 30
662 312
663 7
663 20
663 297
664 145
664 535
664 567
665 358
665 246
665 117
666 3
666 2
666 226
667 334
667 20
667 140
668 8
668 525
668 581
669 39
669 468
669 46
670 20
670 408
670 26
671 394
671 269
671 17
672 41
672 345
672 224
673 333
673 175
673 556
674 458
674 177
674 351
675 313
675 266
675 158
676 81
676 534
676 38
677 193
677 136
677 306
678 30
678 248
678 158
679 7
679 623
679 379
680 139
680 252
680 65
681 455
681 297
681 626
682 36
682 678
682 101
683 164
683 598
683 154
684 559
684 128
684 422
685 434
685 308
685 259
686 297
686 62
686 2
687 13
687 386
687 410
688 14
688 177
688 312
689 35
689 233
689 457
690 0
690 257
690 333
691 222
691 588
691 30
692 42
692 351
692 2
693 426
693 259
693 278
694 96
694 180
694 159
695 562
695 123
695 114
696 562
696 67
696 98
697 270
697 316
697 555
698 7
698 427
698 147
699 620
699 126
699 377
700 183
700 2
700 687
701 38
701 588
701 225
702 17
702 397
702 7
703 115
703 1
703 699
704 2
704 86
704 268
705 449
705 2
705 459
706 7
706 529
706 170
707 43
707 524
707 20
708 27
708 426
708 541
709 664
709 406
709 210
710 180
710 626
710 69
711 326
711 626
711 460
712 73
712 259
712 178
713 547
713 2
713 39
714 19
714 84
714 72
715 320
715 588
715 653
716 22
716 431
716 36
717 33
717 208
717 23
718 483
718 686
718 125
719 108
719 508
719 560
720 27
720 636
720 458
721 1
721 358
721 539
722 137
722 250
722 526
723 75
723 456
723 78
724 45
724 273
724 511
725 258
725 544
725 29
726 114
726 342
726 240
727 557
727 39
727 186
728 210
728 0
728 169
729 713
729 327
729 5
730 12
730 404
730 155
731 127
731 353
731 94
732 0
732 434
732 7
733 22
733 280
733 285
734 715
734 187
734 326
735 374
735 384
735 85
736 43
736 41
736 114
737 407
737 31
737 351
738 189
738 94
738 140
739 22
739 21
739 124
740 633
740 399
740 108
741 66
741 187
741 5
742 423
742 0
742 112
743 142
743 0
743 302
744 206
744 375
744 20
745 57
745 70
745 413
746 183
746 267
746 1
747 286
747 516
747 623
748 20
748 422
748 142
749 12
749 45
749 505
750 1
750 626
750 407
751 31
751 273
751 621
752 203
752 8
752 119
753 295
753 17
753 324
754 52
754 80
754 37
755 281
755 213
755 45
756 164
756 215
756 27
757 349
757 418
757 632
758 331
758 413
758 40
759 183
759 25
759 721
760 159
760 642
760 231
761 30
761 52
761 199
762 431
762 661
762 353
763 17
763 125
763 222
764 2
764 191
764 642
765 630
765 216
765 104
766 55
766 24
766 542
767 668
767 268
767 74
768 247
768 0
768 210
769 273
769 83
769 14
770 129
770 176
770 654
771 717
771 268
771 473
772 170
772 534
772 2
773 391
773 693
773 210
774 36
774 39
774 595
775 150
775 291
775 163
776 129
776 388
776 19
777 432
777 75
777 68
778 221
778 269
778 225
779 0
779 24
779 17
780 4
780 476
780 285
781 129
781 70
781 379
782 398
782 137
782 436
783 564
783 50
783 0
784 4
784 175
784 252
785 0
785 276
785 254
786 164
786 710
786 31
787 650
787 1
787 125
788 370
788 319
788 320
789 60
789 164
789 715
790 377
790 595
790 8
791 560
791 626
791 58
792 272
792 41
792 322
793 10
793 104
793 298
794 226
794 57
794 27
795 1
795 296
795 354
796 138
796 339
796 114
797 156
797 88
797 539
798 502
798 65
798 45
799 1
799 190
799 455
800 270
800 164
800 50
801 32
801 569
801 8
802 280
802 358
802 247
803 125
803 535
803 24
804 91
804 132
804 105
805 252
805 5
805 7
806 785
806 107
806 241
807 454
807 123
807 1
808 27
808 302
808 242
809 120
809 722
809 48
810 321
810 42
810 716
811 494
811 46
811 374
812 215
812 630
812 730
813 623
813 372
813 613
814 249
814 175
814 78
815 79
815 156
815 370
816 399
816 118
816 222
817 4
817 48
817 708
818 361
818 71
818 23
819 88
819 167
819 37
820 379
820 238
820 46
821 160
821 51
821 763
822 41
822 129
822 509
823 372
823 724
823 0
824 117
824 650
824 273
825 333
825 79
825 24
826 192
826 366
826 786
827 197
827 733
827 298
828 93
828 81
828 2
829 717
829 34
829 492
830 431
830 24
830 161
831 36
831 83
831 342
832 491
832 361
832 295
833 261
833 288
833 1
834 160
834 20
834 760
835 790
835 833
835 19
836 478
836 420
836 549
837 623
837 832
837 758
838 149
838 550
838 66
839 607
839 40
839 70
840 8
840 2
840 801
841 472
841 131
841 41
842 92
842 234
842 463
843 63
843 535
843 16
844 253
844 587
844 243
845 601
845 549
845 288
846 5
846 59
846 76
847 188
847 36
847 160
848 45
848 757
848 61
849 45
849 2
849 326
850 40
850 629
850 30
851 120
851 268
851 355
852 849
852 12
852 307
853 547
853 37
853 99
854 199
854 30
854 117
855 40
855 812
855 228
856 5
856 474
856 728
857 326
857 288
857 203
858 2
858 650
858 15
859 391
859 801
859 595
860 306
860 456
860 10
861 344
861 16
861 255
862 75
862 188
862 9
863 162
863 25
863 451
864 199
864 1
864 11
865 50
865 467
865 600
866 207
866 57
866 210
867 47
867 72
867 211
868 493
868 522
868 25
869 755
869 222
869 6
870 7
870 498
870 434
871 38
871 218
871 421
872 69
872 24
872 82
873 7
873 94
873 319
874 612
874 280
874 337
875 297
875 18
875 10
876 478
876 555
876 6
877 268
877 109
877 494
878 756
878 565
878 420
879 129
879 41
879 484
880 276
880 20
880 80
881 354
881 502
881 109
882 252
882 800
882 24
883 47
883 41
883 8
884 457
884 466
884 129
885 91
885 444
885 27
886 777
886 1
886 338
887 646
887 173
887 617
888 3
888 612
888 535
889 625
889 100
889 206
890 326
890 203
890 133
891 2
891 546
891 604
892 275
892 468
892 231
893 104
893 859
893 20
894 171
894 1
894 703
895 58
895 829
895 341
896 19
896 494
896 650
897 555
897 108
897 45
898 469
898 526
898 79
899 98
899 68
899 483
900 764
900 765
900 59
901 765
901 23
901 10
902 512
902 392
902 293
903 452
903 21
903 126
904 273
904 641
904 570
905 31
905 469
905 895
906 99
906 128
906 599
907 102
907 346
907 563
908 81
908 39
908 135
909 66
909 47
909 7
910 572
910 305
910 504
911 468
911 136
911 134
912 876
912 570
912 257
913 634
913 161
913 153
914 198
914 175
914 476
915 573
915 45
915 39
916 434
916 48
916 401
917 47
917 700
917 203
918 379
918 12
918 15
919 0
919 35
919 421
920 305
920 774
920 385
921 4
921 528
921 204
922 623
922 125
922 242
923 188
923 651
923 21
924 80
924 16
924 800
925 74
925 512
925 605
926 176
926 52
926 0
927 125
927 611
927 388
928 0
928 176
928 793
929 55
929 275
929 691
930 504
930 815
930 887
931 437
931 22
931 898
932 253
932 675
932 398
933 610
933 816
933 312
934 181
934 432
934 624
935 7
935 41
935 149
936 164
936 79
936 95
937 7
937 14
937 25
938 803
938 52
938 119
939 489
939 41
939 642
940 47
940 433
940 531
941 3
941 13
941 27
942 2
942 252
942 594
943 306
943 390
943 116
944 190
944 192
944 175
945 261
945 199
945 40
946 300
946 309
946 463
947 642
947 520
947 716
948 174
948 717
948 794
949 449
949 184
949 383
950 385
950 21
950 744
951 32
951 569
951 379
952 7
952 22
952 150
953 302
953 80
953 451
954 120
954 565
954 717
955 8
955 80
955 601
956 62
956 895
956 789
957 253
957 207
957 175
958 948
958 17
958 254
959 38
959 226
959 244
960 627
960 80
960 510
961 1
961 181
961 300
962 650
962 675
962 876
963 284
963 572
963 173
964 464
964 577
964 432
965 0
965 19
965 627
966 251
966 895
966 2
967 492
967 216
967 175
968 87
968 561
968 450
969 498
969 27
969 709
970 91
970 152
970 129
971 477
971 7
971 138
972 8
972 158
972 882
973 0
973 3
973 143
974 684
974 448
974 858
975 36
975 0
975 590
976 326
976 156
976 281
977 207
977 390
977 926
978 764
978 22
978 642
979 354
979 232
979 953
980 691
980 1
980 23
981 473
981 378
981 231
982 655
982 68
982 424
983 11
983 401
983 355
984 20
984 702
984 149
985 531
985 24
985 173
986 2
986 137
986 396
987 931
987 509
987 611
988 2
988 469
988 274
989 646
989 537
989 74
990 658
990 498
990 606
991 30
991 582
991 20
992 55
992 586
992 700
993 2
993 20
993 421
994 319
994 490
994 359
995 227
995 426
995 228
996 180
996 406
996 269
997 142
997 852
997 497
998 320
998 274
998 1
999 812
999 633
999 175
