0 1
1 0
2 1
2 0
3 0
3 2
3 1
4 0
4 3
4 1
5 0
5 2
5 1
6 4
6 3
6 0
7 4
7 1
7 2
8 6
8 0
8 3
9 6
9 3
9 0
10 3
10 8
10 4
11 0
11 6
11 3
12 9
12 6
12 7
13 11
13 0
13 6
14 11
14 2
14 8
15 3
15 11
15 8
16 11
16 9
16 14
17 4
17 2
17 13
18 1
18 3
18 8
19 11
19 16
19 6
20 9
20 10
20 17
21 4
21 6
21 20
22 4
22 8
22 0
23 3
23 21
23 4
24 7
24 4
24 14
25 0
25 2
25 9
26 10
26 24
26 2
27 0
27 4
27 11
28 3
28 21
28 20
29 8
29 0
29 9
30 16
30 3
30 7
31 2
31 17
31 3
32 29
32 16
32 0
33 12
33 0
33 26
34 4
34 2
34 27
35 6
35 21
35 29
36 30
36 3
36 7
37 4
37 33
37 0
38 1
38 22
38 25
39 7
39 11
39 8
40 16
40 4
40 35
41 33
41 29
41 7
42 17
42 21
42 10
43 7
43 25
43 2
44 6
44 7
44 4
45 16
45 4
45 11
46 8
46 16
46 5
47 35
47 4
47 5
48 0
48 5
48 7
49 48
49 4
49 38
50 4
50 2
50 33
51 7
51 40
51 43
52 3
52 8
52 21
53 36
53 5
53 1
54 14
54 24
54 16
55 25
55 49
55 2
56 30
56 38
56 1
57 8
57 44
57 4
58 6
58 53
58 3
59 15
59 1
59 37
60 7
60 29
60 11
61 18
61 43
61 37
62 22
62 28
62 36
63 61
63 22
63 45
64 5
64 32
64 35
65 1
65 26
65 2
66 5
66 44
66 0
67 35
67 21
67 3
68 66
68 40
68 16
69 34
69 6
69 11
70 30
70 0
70 67
71 7
71 2
71 50
72 49
72 18
72 0
73 0
73 58
73 67
74 51
74 0
74 69
75 7
75 5
75 35
76 0
76 45
76 2
77 22
77 68
77 14
78 5
78 11
78 3
79 14
79 4
79 59
80 14
80 67
80 11
81 1
81 63
81 26
82 68
82 44
82 6
83 7
83 76
83 0
84 62
84 78
84 37
85 9
85 14
85 8
86 56
86 3
86 66
87 44
87 40
87 4
88 18
88 14
88 6
89 18
89 82
89 14
90 45
90 18
90 32
91 44
91 47
91 0
92 11
92 21
92 8
93 8
93 32
93 30
94 28
94 4
94 69
95 22
95 44
95 89
96 51
96 17
96 62
97 50
97 94
97 1
98 6
98 3
98 23
99 25
99 89
99 9
100 4
100 37
100 5
101 56
101 53
101 49
102 6
102 21
102 60
103 3
103 0
103 87
104 63
104 74
104 48
105 29
105 90
105 43
106 17
106 18
106 2
107 4
107 40
107 31
108 6
108 27
108 0
109 29
109 100
109 46
110 38
110 35
110 58
111 22
111 28
111 44
112 20
112 27
112 51
113 39
113 56
113 105
114 89
114 3
114 29
115 44
115 51
115 30
116 27
116 100
116 109
117 106
117 40
117 76
118 43
118 8
118 89
119 25
119 14
119 8
120 4
120 8
120 71
121 22
121 3
121 16
122 14
122 3
122 43
123 40
123 70
123 21
124 111
124 12
124 80
125 87
125 7
125 0
126 110
126 44
126 12
127 31
127 40
127 8
128 50
128 29
128 2
129 40
129 8
129 1
130 106
130 101
130 45
131 7
131 11
131 4
132 53
132 1
132 24
133 10
133 48
133 21
134 69
134 3
134 71
135 6
135 29
135 3
136 29
136 50
136 84
137 50
137 68
137 35
138 4
138 31
138 6
139 89
139 14
139 17
140 27
140 72
140 21
141 1
141 74
141 8
142 79
142 51
142 126
143 115
143 7
143 29
144 96
144 21
144 116
145 2
145 45
145 3
146 51
146 67
146 139
147 16
147 4
147 122
148 5
148 104
148 4
149 1
149 91
149 28
150 123
150 115
150 11
151 128
151 4
151 89
152 35
152 29
152 146
153 8
153 66
153 145
154 123
154 62
154 53
155 1
155 46
155 35
156 33
156 149
156 4
157 6
157 121
157 144
158 53
158 87
158 74
159 54
159 36
159 17
160 146
160 4
160 6
161 21
161 67
161 6
162 9
162 68
162 46
163 40
163 159
163 51
164 21
164 30
164 44
165 21
165 86
165 3
166 117
166 54
166 43
167 35
167 42
167 38
168 128
168 96
168 44
169 108
169 12
169 33
170 89
170 14
170 3
171 2
171 11
171 90
172 43
172 53
172 4
173 159
173 67
173 87
174 37
174 150
174 8
175 22
175 115
175 39
176 29
176 28
176 138
177 97
177 24
177 31
178 42
178 167
178 110
179 166
179 149
179 128
180 68
180 2
180 90
181 180
181 76
181 144
182 89
182 118
182 157
183 68
183 2
183 44
184 6
184 7
184 25
185 8
185 165
185 99
186 38
186 90
186 127
187 14
187 74
187 32
188 59
188 0
188 143
189 112
189 171
189 28
190 85
190 32
190 0
191 45
191 24
191 174
192 93
192 21
192 69
193 181
193 30
193 157
194 11
194 14
194 139
195 67
195 4
195 106
196 21
196 4
196 1
197 29
197 46
197 85
198 86
198 4
198 51
199 15
199 17
199 80
200 90
200 6
200 81
201 1
201 49
201 145
202 151
202 53
202 8
203 130
203 155
203 45
204 5
204 152
204 7
205 20
205 199
205 4
206 50
206 0
206 10
207 75
207 0
207 44
208 51
208 8
208 35
209 2
209 164
209 154
210 3
210 68
210 38
211 198
211 126
211 85
212 20
212 44
212 7
213 14
213 21
213 10
214 185
214 41
214 18
215 119
215 7
215 42
216 3
216 139
216 161
217 8
217 13
217 179
218 8
218 6
218 217
219 193
219 27
219 129
220 142
220 87
220 11
221 22
221 1
221 3
222 106
222 149
222 205
223 44
223 58
223 4
224 222
224 3
224 159
225 30
225 6
225 90
226 51
226 106
226 7
227 216
227 78
227 172
228 200
228 210
228 94
229 96
229 42
229 53
230 227
230 0
230 3
231 6
231 40
231 33
232 6
232 94
232 62
233 104
233 139
233 0
234 0
234 3
234 233
235 187
235 2
235 50
236 139
236 89
236 104
237 34
237 33
237 94
238 87
238 174
238 223
239 4
239 8
239 118
240 117
240 22
240 164
241 30
241 130
241 0
242 0
242 83
242 54
243 16
243 132
243 24
244 189
244 69
244 54
245 11
245 35
245 137
246 88
246 233
246 231
247 90
247 37
247 202
248 25
248 172
248 214
249 53
249 32
249 29
250 27
250 44
250 210
251 218
251 70
251 94
252 60
252 5
252 51
253 126
253 42
253 214
254 5
254 133
254 2
255 144
255 62
255 42
256 16
256 175
256 81
257 151
257 5
257 63
258 87
258 238
258 1
259 67
259 2
259 213
260 8
260 44
260 1
261 95
261 3
261 175
262 25
262 163
262 8
263 39
263 119
263 0
264 4
264 23
264 174
265 40
265 185
265 227
266 58
266 3
266 24
267 14
267 1
267 136
268 42
268 0
268 35
269 127
269 101
269 21
270 51
270 52
270 262
271 8
271 223
271 26
272 0
272 122
272 87
273 2
273 56
273 58
274 46
274 168
274 7
275 213
275 241
275 223
276 87
276 183
276 110
277 121
277 178
277 3
278 121
278 27
278 51
279 94
279 21
279 190
280 37
280 110
280 64
281 27
281 7
281 4
282 35
282 96
282 139
283 105
283 118
283 266
284 121
284 255
284 118
285 24
285 204
285 201
286 9
286 37
286 1
287 2
287 13
287 53
288 179
288 72
288 241
289 1
289 4
289 14
290 72
290 117
290 185
291 45
291 97
291 52
292 187
292 47
292 4
293 115
293 7
293 27
294 154
294 89
294 279
295 40
295 285
295 155
296 45
296 11
296 54
297 286
297 278
297 139
298 231
298 162
298 24
299 117
299 16
299 86
300 20
300 1
300 145
301 172
301 53
301 42
302 21
302 234
302 27
303 0
303 17
303 9
304 127
304 3
304 37
305 54
305 3
305 255
306 110
306 300
306 3
307 261
307 219
307 8
308 113
308 86
308 52
309 76
309 139
309 70
310 11
310 39
310 216
311 95
311 18
311 21
312 201
312 58
312 38
313 8
313 16
313 42
314 60
314 229
314 1
315 9
315 191
315 45
316 298
316 68
316 88
317 233
317 153
317 70
318 4
318 217
318 50
319 152
319 36
319 216
320 232
320 5
320 55
321 43
321 180
321 315
322 166
322 35
322 39
323 74
323 30
323 3
324 194
324 93
324 216
325 291
325 271
325 39
326 4
326 58
326 292
327 3
327 315
327 106
328 25
328 200
328 259
329 29
329 84
329 0
330 17
330 94
330 189
331 0
331 93
331 4
332 146
332 314
332 199
333 297
333 45
333 11
334 162
334 71
334 27
335 8
335 58
335 110
336 85
336 36
336 315
337 110
337 216
337 267
338 133
338 11
338 247
339 90
339 11
339 3
340 157
340 4
340 207
341 157
341 300
341 70
342 39
342 17
342 31
343 110
343 101
343 3
344 248
344 60
344 180
345 151
345 50
345 3
346 7
346 238
346 119
347 7
347 123
347 3
348 5
348 71
348 53
349 285
349 63
349 149
350 45
350 21
350 11
351 172
351 17
351 27
352 15
352 196
352 227
353 37
353 279
353 9
354 8
354 53
354 50
355 5
355 204
355 29
356 70
356 72
356 62
357 348
357 89
357 138
358 4
358 144
358 11
359 286
359 218
359 147
360 294
360 9
360 33
361 320
361 258
361 335
362 14
362 181
362 46
363 308
363 146
363 195
364 7
364 40
364 213
365 94
365 110
365 265
366 281
366 233
366 217
367 130
367 299
367 129
368 67
368 321
368 58
369 26
369 154
369 233
370 4
370 118
370 169
371 59
371 35
371 101
372 11
372 29
372 360
373 51
373 163
373 176
374 32
374 268
374 29
375 99
375 54
375 3
376 40
376 44
376 42
377 4
377 152
377 11
378 26
378 250
378 118
379 84
379 11
379 90
380 53
380 154
380 72
381 355
381 374
381 0
382 67
382 43
382 22
383 89
383 37
383 294
384 373
384 65
384 374
385 318
385 217
385 74
386 24
386 339
386 233
387 310
387 110
387 38
388 152
388 52
388 2
389 103
389 37
389 175
390 60
390 27
390 50
391 142
391 25
391 96
392 181
392 5
392 30
393 5
393 4
393 322
394 16
394 89
394 354
395 75
395 206
395 332
396 380
396 22
396 141
397 101
397 226
397 18
398 62
398 54
398 69
399 251
399 104
399 64
400 267
400 146
400 115
401 195
401 1
401 326
402 300
402 11
402 27
403 136
403 6
403 90
404 3
404 20
404 167
405 27
405 5
405 125
406 238
406 152
406 397
407 223
407 397
407 174
408 394
408 40
408 6
409 9
409 4
409 169
410 43
410 139
410 5
411 4
411 113
411 374
412 4
412 175
412 357
413 280
413 30
413 0
414 4
414 353
414 17
415 264
415 160
415 2
416 285
416 347
416 56
417 372
417 14
417 11
418 47
418 82
418 97
419 0
419 345
419 371
420 163
420 341
420 277
421 11
421 51
421 30
422 3
422 2
422 11
423 398
423 65
423 289
424 214
424 172
424 0
425 6
425 182
425 413
426 297
426 212
426 87
427 4
427 143
427 46
428 358
428 168
428 66
429 14
429 344
429 4
430 389
430 116
430 192
431 316
431 4
431 359
432 428
432 16
432 64
433 252
433 315
433 379
434 7
434 119
434 236
435 282
435 9
435 141
436 433
436 418
436 123
437 432
437 72
437 6
438 101
438 237
438 286
439 63
439 3
439 169
440 357
440 119
440 8
441 16
441 50
441 5
442 14
442 152
442 4
443 11
443 273
443 209
444 240
444 8
444 417
445 181
445 370
445 308
446 101
446 13
446 340
447 103
447 63
447 300
448 3
448 143
448 20
449 236
449 9
449 4
450 7
450 403
450 110
451 409
451 22
451 433
452 238
452 11
452 74
453 10
453 0
453 11
454 37
454 42
454 188
455 236
455 292
455 35
456 228
456 1
456 381
457 157
457 87
457 123
458 90
458 285
458 185
459 424
459 413
459 55
460 95
460 241
460 298
461 409
461 441
461 216
462 149
462 0
462 1
463 105
463 164
463 38
464 108
464 429
464 461
465 3
465 385
465 32
466 279
466 233
466 175
467 407
467 291
467 237
468 4
468 202
468 195
469 71
469 462
469 89
470 290
470 231
470 414
471 31
471 379
471 272
472 340
472 409
472 40
473 30
473 216
473 162
474 449
474 93
474 362
475 207
475 202
475 144
476 182
476 258
476 375
477 46
477 120
477 69
478 62
478 286
478 280
479 74
479 429
479 159
480 214
480 267
480 126
481 265
481 424
481 74
482 143
482 6
482 175
483 3
483 51
483 110
484 3
484 355
484 122
485 190
485 431
485 89
486 9
486 301
486 72
487 21
487 394
487 334
488 42
488 36
488 5
489 87
489 474
489 58
490 32
490 2
490 18
491 116
491 89
491 149
492 139
492 140
492 35
493 97
493 62
493 90
494 1
494 4
494 147
495 3
495 42
495 67
496 27
496 323
496 304
497 390
497 0
497 451
498 101
498 40
498 53
499 418
499 267
499 322
