0 1
1 0
2 0
2 1
3 0
3 1
3 2
4 0
4 2
4 3
5 3
5 0
5 2
6 4
6 0
6 1
7 0
7 1
7 4
8 0
8 3
8 6
9 1
9 3
9 5
10 0
10 4
10 3
11 2
11 1
11 0
12 5
12 1
12 8
13 5
13 8
13 3
14 5
14 0
14 1
15 0
15 3
15 6
16 0
16 6
16 2
17 0
17 6
17 3
18 14
18 17
18 0
19 8
19 18
19 0
20 1
20 4
20 0
21 16
21 19
21 12
22 19
22 0
22 1
23 4
23 12
23 0
24 18
24 5
24 0
25 1
25 4
25 8
26 3
26 0
26 1
27 0
27 22
27 17
28 8
28 0
28 2
29 3
29 10
29 5
30 12
30 10
30 23
31 1
31 13
31 4
32 8
32 17
32 27
33 1
33 0
33 17
34 1
34 0
34 7
35 3
35 1
35 0
36 9
36 0
36 22
37 1
37 35
37 10
38 15
38 16
38 12
39 1
39 29
39 36
40 0
40 6
40 10
41 10
41 4
41 1
42 0
42 13
42 18
43 6
43 4
43 12
44 1
44 0
44 5
45 1
45 28
45 35
46 19
46 37
46 0
47 0
47 1
47 4
48 5
48 21
48 4
49 5
49 15
49 6
