0 1
1 0
2 1
2 0
3 2
3 1
3 0
4 0
4 2
4 1
5 4
5 2
5 0
6 2
6 0
6 3
7 0
7 2
7 1
8 5
8 3
8 1
9 8
9 2
9 4
10 2
10 6
10 0
11 0
11 2
11 3
12 0
12 3
12 2
13 2
13 0
13 5
14 0
14 8
14 10
15 1
15 0
15 4
16 4
16 11
16 5
17 2
17 4
17 13
18 5
18 1
18 13
19 5
19 17
19 0
20 11
20 17
20 2
21 17
21 3
21 0
22 20
22 3
22 14
23 0
23 2
23 1
24 14
24 2
24 0
25 17
25 9
25 0
26 2
26 16
26 8
27 17
27 2
27 11
28 11
28 5
28 1
29 13
29 1
29 19
30 0
30 28
30 7
31 13
31 16
31 3
32 4
32 0
32 16
33 3
33 1
33 8
34 20
34 18
34 26
35 13
35 17
35 11
36 15
36 0
36 18
37 2
37 21
37 18
38 11
38 2
38 21
39 14
39 20
39 26
40 21
40 23
40 0
41 8
41 14
41 15
42 6
42 2
42 0
43 1
43 4
43 18
44 0
44 2
44 42
45 26
45 25
45 20
46 2
46 0
46 3
47 37
47 5
47 6
48 2
48 0
48 41
49 15
49 28
49 20
