0 1
1 0
2 1
2 0
3 0
3 2
3 1
4 0
4 2
4 1
5 0
5 1
5 2
6 1
6 5
6 4
7 3
7 6
7 4
8 7
8 0
8 6
9 6
9 4
9 3
10 1
10 5
10 3
11 0
11 9
11 6
12 9
12 7
12 1
13 11
13 3
13 8
14 1
14 0
14 3
15 3
15 14
15 7
16 0
16 8
16 14
17 3
17 13
17 12
18 0
18 4
18 8
19 17
19 1
19 3
20 0
20 1
20 13
21 3
21 14
21 13
22 7
22 2
22 0
23 14
23 0
23 3
24 1
24 3
24 7
25 6
25 0
25 4
26 11
26 0
26 8
27 10
27 2
27 12
28 10
28 1
28 9
29 10
29 12
29 26
30 3
30 0
30 5
31 6
31 17
31 1
32 7
32 10
32 8
33 3
33 4
33 1
34 14
34 1
34 3
35 3
35 1
35 25
36 2
36 0
36 11
37 2
37 5
37 6
38 2
38 0
38 32
39 38
39 4
39 9
40 37
40 6
40 0
41 5
41 4
41 22
42 9
42 6
42 34
43 6
43 5
43 9
44 1
44 12
44 41
45 9
45 0
45 32
46 26
46 0
46 4
47 33
47 10
47 5
48 1
48 11
48 0
49 28
49 6
49 48
50 0
50 5
50 6
51 24
51 14
51 25
52 21
52 16
52 3
53 35
53 51
53 38
54 5
54 6
54 45
55 21
55 44
55 25
56 0
56 23
56 53
57 20
57 56
57 41
58 32
58 40
58 46
59 2
59 9
59 30
60 3
60 2
60 12
61 30
61 4
61 56
62 6
62 23
62 4
63 10
63 49
63 2
64 47
64 9
64 49
65 4
65 2
65 7
66 0
66 46
66 16
67 30
67 5
67 17
68 52
68 47
68 28
69 52
69 18
69 4
70 0
70 46
70 67
71 3
71 21
71 59
72 18
72 33
72 69
73 3
73 68
73 0
74 53
74 3
74 17
75 0
75 32
75 58
76 3
76 4
76 9
77 38
77 11
77 18
78 1
78 54
78 37
79 44
79 14
79 37
80 16
80 0
80 4
81 5
81 0
81 3
82 2
82 60
82 42
83 38
83 55
83 66
84 38
84 2
84 36
85 71
85 4
85 15
86 80
86 28
86 0
87 53
87 34
87 49
88 9
88 76
88 85
89 4
89 6
89 9
90 77
90 30
90 0
91 83
91 5
91 2
92 54
92 37
92 2
93 24
93 53
93 41
94 7
94 37
94 59
95 7
95 20
95 26
96 35
96 6
96 19
97 54
97 0
97 2
98 7
98 49
98 0
99 58
99 5
99 57
