0 1
1 0
2 1
2 0
3 1
3 2
3 0
4 3
4 2
4 1
5 3
5 0
5 1
6 1
6 3
6 4
7 4
7 3
7 0
8 4
8 0
8 3
9 4
9 1
9 0
10 8
10 2
10 6
11 1
11 2
11 3
12 11
12 2
12 4
13 1
13 7
13 4
14 3
14 0
14 11
15 11
15 0
15 1
16 11
16 6
16 0
17 4
17 9
17 3
18 2
18 1
18 8
19 14
19 7
19 1
20 0
20 4
20 1
21 16
21 8
21 4
22 0
22 11
22 3
23 11
23 10
23 0
24 6
24 3
24 1
25 1
25 2
25 7
26 15
26 1
26 17
27 8
27 11
27 14
28 0
28 3
28 22
29 21
29 0
29 4
30 23
30 4
30 3
31 4
31 2
31 6
32 2
32 4
32 10
33 22
33 0
33 3
34 16
34 4
34 1
35 12
35 18
35 1
36 8
36 18
36 0
37 18
37 29
37 23
38 30
38 4
38 31
39 1
39 33
39 6
40 37
40 8
40 3
41 16
41 24
41 18
42 4
42 35
42 22
43 6
43 11
43 38
44 23
44 4
44 0
45 2
45 12
45 15
46 34
46 11
46 4
47 2
47 11
47 18
48 0
48 9
48 24
49 2
49 1
49 16
50 15
50 4
50 2
51 1
51 6
51 47
52 47
52 42
52 45
53 18
53 0
53 2
54 2
54 21
54 37
55 15
55 2
55 37
56 9
56 17
56 14
57 23
57 1
57 4
58 36
58 31
58 11
59 47
59 22
59 49
60 11
60 22
60 2
61 21
61 20
61 46
62 37
62 0
62 38
63 33
63 45
63 1
64 0
64 22
64 19
65 61
65 1
65 6
66 41
66 9
66 8
67 2
67 7
67 1
68 28
68 19
68 56
69 5
69 1
69 38
70 44
70 14
70 11
71 2
71 44
71 3
72 18
72 11
72 34
73 49
73 16
73 19
74 25
74 3
74 1
75 7
75 56
75 1
76 9
76 15
76 55
77 2
77 0
77 33
78 3
78 16
78 39
79 23
79 56
79 4
80 14
80 23
80 4
81 4
81 30
81 3
82 56
82 34
82 17
83 50
83 9
83 4
84 23
84 3
84 42
85 4
85 10
85 15
86 4
86 77
86 22
87 0
87 72
87 40
88 0
88 2
88 38
89 72
89 35
89 44
90 42
90 0
90 4
91 51
91 74
91 36
92 20
92 3
92 62
93 36
93 20
93 86
94 29
94 9
94 6
95 84
95 54
95 55
96 11
96 48
96 88
97 4
97 85
97 2
98 7
98 94
98 4
99 2
99 6
99 54
100 14
100 19
100 53
101 1
101 6
101 33
102 1
102 85
102 48
103 62
103 5
103 4
104 17
104 55
104 9
105 4
105 34
105 9
106 105
106 7
106 5
107 6
107 9
107 87
108 11
108 1
108 15
109 44
109 94
109 22
110 3
110 24
110 86
111 50
111 38
111 36
112 4
112 47
112 57
113 45
113 108
113 0
114 92
114 86
114 113
115 114
115 75
115 81
116 9
116 6
116 70
117 53
117 29
117 10
118 79
118 19
118 81
119 96
119 7
119 14
120 1
120 9
120 14
121 23
121 2
121 88
122 9
122 72
122 106
123 2
123 40
123 62
124 11
124 21
124 16
125 69
125 9
125 74
126 65
126 37
126 88
127 30
127 102
127 15
128 15
128 1
128 68
129 115
129 58
129 1
130 14
130 28
130 100
131 0
131 14
131 105
132 109
132 34
132 86
133 0
133 97
133 21
134 97
134 103
134 70
135 0
135 128
135 66
136 37
136 4
136 9
137 118
137 23
137 30
138 72
138 73
138 5
139 108
139 56
139 19
140 3
140 71
140 30
141 4
141 15
141 124
142 79
142 82
142 140
143 33
143 38
143 0
144 23
144 26
144 39
145 108
145 10
145 32
146 14
146 97
146 37
147 6
147 16
147 47
148 75
148 1
148 22
149 56
149 22
149 44
150 4
150 1
150 59
151 24
151 49
151 9
152 24
152 22
152 56
153 117
153 13
153 4
154 0
154 56
154 21
155 3
155 97
155 24
156 2
156 36
156 54
157 92
157 147
157 14
158 45
158 1
158 22
159 74
159 126
159 30
160 1
160 127
160 2
161 126
161 1
161 156
162 157
162 30
162 0
163 113
163 72
163 103
164 10
164 57
164 85
165 82
165 14
165 49
166 24
166 4
166 37
167 33
167 67
167 68
168 16
168 36
168 74
169 22
169 3
169 107
170 41
170 86
170 135
171 0
171 7
171 34
172 139
172 140
172 74
173 1
173 36
173 168
174 9
174 26
174 1
175 21
175 55
175 9
176 147
176 34
176 102
177 88
177 168
177 1
178 103
178 3
178 12
179 85
179 19
179 58
180 80
180 161
180 3
181 34
181 9
181 23
182 6
182 22
182 131
183 44
183 36
183 75
184 162
184 12
184 152
185 43
185 24
185 6
186 131
186 91
186 156
187 53
187 2
187 139
188 25
188 60
188 183
189 108
189 15
189 7
190 166
190 179
190 40
191 2
191 16
191 8
192 15
192 187
192 114
193 150
193 30
193 80
194 88
194 175
194 2
195 14
195 9
195 1
196 34
196 30
196 43
197 10
197 61
197 190
198 29
198 16
198 152
199 180
199 157
199 11
200 76
200 1
200 0
201 162
201 190
201 38
202 19
202 44
202 145
203 0
203 100
203 144
204 2
204 11
204 45
205 52
205 121
205 109
206 61
206 2
206 168
207 15
207 22
207 71
208 1
208 155
208 136
209 45
209 30
209 85
210 8
210 10
210 3
211 109
211 58
211 62
212 189
212 27
212 132
213 1
213 100
213 28
214 112
214 164
214 137
215 127
215 30
215 4
216 17
216 132
216 41
217 43
217 55
217 17
218 3
218 75
218 58
219 109
219 1
219 43
220 14
220 133
220 82
221 0
221 147
221 16
222 109
222 104
222 94
223 206
223 11
223 48
224 183
224 2
224 52
225 55
225 54
225 137
226 63
226 43
226 3
227 183
227 212
227 148
228 70
228 224
228 126
229 194
229 47
229 161
230 29
230 3
230 113
231 114
231 215
231 223
232 10
232 4
232 131
233 190
233 78
233 33
234 66
234 2
234 189
235 18
235 223
235 63
236 4
236 2
236 3
237 4
237 152
237 214
238 234
238 4
238 19
239 123
239 3
239 221
240 63
240 126
240 37
241 80
241 4
241 144
242 47
242 230
242 41
243 0
243 106
243 109
244 172
244 223
244 69
245 10
245 109
245 80
246 168
246 88
246 112
247 178
247 88
247 74
248 179
248 23
248 156
249 180
249 1
249 167
250 17
250 1
250 0
251 132
251 21
251 30
252 26
252 187
252 19
253 74
253 21
253 85
254 11
254 9
254 222
255 1
255 127
255 133
256 53
256 50
256 23
257 10
257 233
257 59
258 31
258 19
258 87
259 45
259 6
259 161
260 9
260 62
260 100
261 2
261 216
261 198
262 146
262 144
262 11
263 173
263 55
263 1
264 162
264 21
264 6
265 49
265 62
265 8
266 146
266 131
266 259
267 128
267 100
267 3
268 14
268 6
268 0
269 28
269 8
269 3
270 25
270 59
270 63
271 233
271 2
271 190
272 0
272 3
272 188
273 229
273 4
273 167
274 1
274 14
274 44
275 3
275 61
275 128
276 156
276 208
276 14
277 62
277 214
277 195
278 139
278 72
278 226
279 239
279 3
279 0
280 85
280 30
280 17
281 187
281 0
281 88
282 256
282 150
282 103
283 9
283 49
283 24
284 92
284 104
284 58
285 210
285 4
285 155
286 63
286 173
286 195
287 55
287 33
287 25
288 25
288 220
288 174
289 220
289 205
289 230
290 12
290 5
290 151
291 15
291 28
291 4
292 126
292 239
292 75
293 1
293 291
293 71
294 3
294 140
294 16
295 241
295 10
295 18
296 72
296 143
296 264
297 190
297 56
297 133
298 64
298 282
298 256
299 190
299 103
299 260
300 97
300 272
300 24
301 3
301 4
301 22
302 90
302 66
302 271
303 254
303 19
303 105
304 287
304 1
304 153
305 208
305 34
305 16
306 169
306 292
306 133
307 270
307 47
307 67
308 103
308 108
308 202
309 105
309 14
309 220
310 121
310 42
310 103
311 37
311 173
311 109
312 9
312 259
312 264
313 72
313 44
313 22
314 245
314 156
314 93
315 49
315 35
315 39
316 183
316 135
316 258
317 2
317 39
317 230
318 224
318 23
318 111
319 20
319 291
319 272
320 153
320 308
320 66
321 66
321 106
321 108
322 34
322 233
322 299
323 139
323 222
323 18
324 11
324 5
324 187
325 21
325 171
325 37
326 41
326 256
326 159
327 22
327 97
327 223
328 59
328 102
328 278
329 13
329 114
329 123
330 2
330 103
330 143
331 72
331 148
331 139
332 290
332 54
332 4
333 225
333 28
333 1
334 3
334 207
334 2
335 45
335 79
335 78
336 123
336 64
336 89
337 230
337 138
337 71
338 210
338 287
338 213
339 1
339 66
339 176
340 123
340 34
340 100
341 228
341 259
341 107
342 3
342 175
342 275
343 16
343 72
343 1
344 230
344 274
344 127
345 58
345 224
345 4
346 21
346 165
346 41
347 119
347 3
347 308
348 148
348 187
348 191
349 13
349 0
349 271
350 306
350 3
350 139
351 133
351 131
351 243
352 22
352 139
352 172
353 118
353 9
353 93
354 187
354 171
354 0
355 139
355 30
355 66
356 131
356 40
356 315
357 2
357 113
357 14
358 108
358 142
358 178
359 1
359 335
359 134
360 129
360 279
360 26
361 160
361 20
361 3
362 11
362 33
362 29
363 4
363 308
363 225
364 4
364 24
364 322
365 6
365 132
365 230
366 1
366 307
366 190
367 316
367 282
367 105
368 55
368 290
368 22
369 7
369 318
369 2
370 109
370 238
370 170
371 188
371 16
371 10
372 3
372 303
372 130
373 275
373 283
373 29
374 25
374 12
374 373
375 190
375 43
375 79
376 210
376 58
376 74
377 108
377 334
377 274
378 134
378 11
378 269
379 237
379 3
379 37
380 10
380 106
380 1
381 17
381 239
381 26
382 11
382 146
382 12
383 62
383 121
383 14
384 177
384 211
384 383
385 155
385 49
385 123
386 17
386 4
386 226
387 151
387 144
387 142
388 97
388 59
388 241
389 68
389 103
389 45
390 205
390 137
390 262
391 31
391 23
391 221
392 158
392 75
392 103
393 266
393 11
393 1
394 14
394 33
394 50
395 109
395 360
395 139
396 30
396 34
396 235
397 4
397 69
397 248
398 253
398 211
398 20
399 159
399 9
399 208
400 28
400 1
400 196
401 234
401 352
401 158
402 114
402 14
402 2
403 271
403 253
403 265
404 268
404 75
404 403
405 93
405 30
405 128
406 144
406 356
406 2
407 103
407 159
407 105
408 2
408 176
408 233
409 4
409 223
409 1
410 0
410 363
410 275
411 234
411 1
411 86
412 54
412 323
412 328
413 133
413 271
413 0
414 62
414 331
414 31
415 0
415 391
415 12
416 11
416 331
416 88
417 171
417 8
417 406
418 100
418 289
418 248
419 101
419 155
419 35
420 131
420 29
420 154
421 68
421 219
421 381
422 13
422 60
422 2
423 370
423 74
423 297
424 15
424 136
424 365
425 2
425 4
425 183
426 282
426 298
426 311
427 11
427 311
427 167
428 67
428 46
428 86
429 1
429 0
429 3
430 109
430 382
430 130
431 79
431 14
431 2
432 11
432 1
432 408
433 109
433 209
433 367
434 354
434 3
434 10
435 171
435 240
435 119
436 278
436 305
436 303
437 52
437 355
437 353
438 168
438 129
438 170
439 19
439 110
439 3
440 102
440 266
440 80
441 363
441 369
441 278
442 15
442 19
442 356
443 259
443 23
443 7
444 35
444 55
444 360
445 18
445 263
445 92
446 306
446 277
446 17
447 436
447 54
447 48
448 290
448 22
448 375
449 429
449 37
449 0
450 187
450 357
450 3
451 24
451 159
451 2
452 273
452 4
452 7
453 88
453 234
453 323
454 392
454 11
454 0
455 14
455 361
455 156
456 88
456 66
456 183
457 11
457 61
457 241
458 105
458 240
458 116
459 362
459 119
459 425
460 24
460 0
460 79
461 309
461 130
461 33
462 24
462 11
462 122
463 16
463 126
463 10
464 17
464 272
464 278
465 405
465 9
465 14
466 379
466 156
466 38
467 1
467 355
467 377
468 101
468 334
468 31
469 275
469 77
469 3
470 1
470 268
470 27
471 51
471 35
471 64
472 3
472 17
472 263
473 328
473 306
473 3
474 230
474 1
474 203
475 162
475 63
475 233
476 36
476 351
476 219
477 2
477 172
477 1
478 384
478 32
478 28
479 243
479 15
479 50
480 1
480 84
480 24
481 92
481 9
481 111
482 338
482 86
482 100
483 140
483 3
483 253
484 0
484 168
484 119
485 13
485 469
485 36
486 462
486 8
486 34
487 333
487 34
487 275
488 15
488 3
488 1
489 17
489 166
489 6
490 30
490 133
490 9
491 38
491 209
491 302
492 42
492 329
492 31
493 137
493 42
493 99
494 47
494 88
494 154
495 187
495 59
495 267
496 39
496 103
496 371
497 16
497 305
497 15
498 334
498 378
498 0
499 95
499 488
499 327
500 270
500 28
500 0
501 164
501 38
501 8
502 30
502 148
502 123
503 118
503 44
503 424
504 233
504 268
504 171
505 103
505 4
505 189
506 226
506 168
506 30
507 61
507 21
507 385
508 282
508 2
508 294
509 294
509 5
509 258
510 57
510 271
510 221
511 224
511 493
511 9
512 139
512 435
512 134
513 18
513 427
513 291
514 248
514 89
514 219
515 390
515 128
515 94
516 2
516 115
516 394
517 473
517 109
517 87
518 139
518 23
518 35
519 238
519 426
519 343
520 182
520 248
520 168
521 274
521 3
521 363
522 53
522 15
522 94
523 232
523 37
523 419
524 22
524 26
524 86
525 338
525 233
525 58
526 205
526 159
526 80
527 32
527 13
527 74
528 415
528 34
528 78
529 52
529 220
529 10
530 25
530 438
530 202
531 155
531 40
531 1
532 319
532 80
532 24
533 99
533 17
533 135
534 30
534 19
534 215
535 105
535 237
535 445
536 102
536 208
536 87
537 108
537 101
537 63
538 365
538 442
538 88
539 13
539 329
539 21
540 271
540 324
540 301
541 37
541 296
541 431
542 44
542 11
542 36
543 240
543 277
543 0
544 38
544 75
544 22
545 103
545 11
545 7
546 283
546 10
546 38
547 304
547 103
547 472
548 306
548 123
548 211
549 401
549 114
549 503
550 529
550 57
550 150
551 22
551 21
551 346
552 140
552 194
552 229
553 0
553 265
553 317
554 103
554 34
554 64
555 89
555 66
555 297
556 17
556 46
556 415
557 1
557 2
557 256
558 455
558 270
558 217
559 315
559 128
559 35
560 21
560 553
560 62
561 22
561 0
561 173
562 358
562 355
562 488
563 5
563 4
563 6
564 442
564 324
564 433
565 79
565 72
565 11
566 160
566 328
566 541
567 0
567 105
567 270
568 14
568 31
568 365
569 187
569 439
569 224
570 85
570 286
570 363
571 464
571 2
571 72
572 204
572 315
572 62
573 215
573 190
573 130
574 85
574 570
574 426
575 247
575 1
575 105
576 92
576 463
576 43
577 298
577 215
577 171
578 113
578 9
578 32
579 388
579 32
579 165
580 2
580 79
580 182
581 385
581 429
581 236
582 203
582 364
582 249
583 3
583 235
583 363
584 258
584 121
584 102
585 323
585 92
585 365
586 88
586 447
586 55
587 325
587 1
587 272
588 30
588 52
588 41
589 30
589 366
589 4
590 135
590 429
590 332
591 430
591 259
591 74
592 18
592 277
592 3
593 315
593 338
593 20
594 225
594 37
594 105
595 199
595 86
595 501
596 3
596 109
596 2
597 237
597 3
597 253
598 322
598 213
598 331
599 226
599 4
599 124
600 118
600 226
600 367
601 11
601 485
601 142
602 191
602 17
602 202
603 16
603 0
603 447
604 92
604 146
604 21
605 177
605 36
605 1
606 90
606 181
606 189
607 267
607 407
607 25
608 164
608 380
608 6
609 126
609 16
609 116
610 589
610 320
610 2
611 151
611 179
611 534
612 3
612 151
612 196
613 195
613 0
613 3
614 259
614 390
614 52
615 529
615 475
615 361
616 28
616 0
616 63
617 474
617 462
617 294
618 118
618 405
618 193
619 1
619 37
619 517
620 553
620 4
620 290
621 304
621 10
621 44
622 422
622 24
622 55
623 97
623 576
623 0
624 247
624 317
624 77
625 415
625 314
625 602
626 263
626 282
626 424
627 190
627 401
627 472
628 298
628 17
628 193
629 354
629 57
629 391
630 122
630 217
630 446
631 459
631 71
631 1
632 318
632 558
632 134
633 86
633 14
633 316
634 622
634 434
634 15
635 302
635 25
635 159
636 146
636 214
636 41
637 364
637 530
637 327
638 202
638 472
638 238
639 635
639 17
639 444
640 312
640 55
640 87
641 2
641 4
641 60
642 60
642 76
642 179
643 222
643 12
643 373
644 264
644 239
644 6
645 378
645 351
645 465
646 24
646 18
646 503
647 24
647 1
647 566
648 27
648 419
648 605
649 116
649 21
649 49
650 646
650 508
650 30
651 2
651 13
651 1
652 390
652 92
652 417
653 464
653 316
653 69
654 421
654 160
654 380
655 53
655 3
655 92
656 37
656 96
656 10
657 50
657 4
657 646
658 331
658 649
658 274
659 11
659 8
659 51
660 314
660 103
660 24
661 277
661 39
661 327
662 136
662 211
662 152
663 11
663 19
663 307
664 373
664 548
664 23
665 199
665 506
665 628
666 174
666 488
666 75
667 582
667 465
667 34
668 153
668 103
668 63
669 326
669 196
669 235
670 442
670 25
670 19
671 72
671 92
671 238
672 316
672 59
672 103
673 364
673 82
673 19
674 492
674 86
674 581
675 59
675 119
675 3
676 97
676 1
676 151
677 53
677 674
677 3
678 152
678 33
678 392
679 126
679 482
679 109
680 6
680 196
680 5
681 342
681 103
681 7
682 3
682 5
682 537
683 92
683 226
683 17
684 618
684 207
684 9
685 143
685 37
685 72
686 18
686 364
686 0
687 139
687 140
687 475
688 139
688 118
688 25
689 434
689 56
689 234
690 3
690 256
690 22
691 71
691 220
691 587
692 415
692 187
692 609
693 78
693 517
693 308
694 11
694 220
694 139
695 1
695 230
695 34
696 281
696 407
696 48
697 39
697 23
697 253
698 230
698 315
698 257
699 113
699 248
699 323
700 240
700 161
700 485
701 109
701 465
701 275
702 7
702 190
702 126
703 87
703 34
703 2
704 126
704 259
704 254
705 187
705 16
705 199
706 133
706 34
706 97
707 589
707 41
707 1
708 15
708 250
708 12
709 604
709 38
709 616
710 455
710 475
710 221
711 30
711 250
711 4
712 121
712 310
712 1
713 228
713 10
713 21
714 665
714 623
714 248
715 253
715 315
715 505
716 4
716 140
716 12
717 89
717 111
717 146
718 74
718 404
718 629
719 563
719 178
719 94
720 382
720 2
720 296
721 161
721 11
721 204
722 264
722 51
722 22
723 315
723 366
723 475
724 1
724 415
724 174
725 60
725 21
725 63
726 17
726 298
726 18
727 516
727 149
727 693
728 34
728 712
728 134
729 44
729 196
729 123
730 93
730 664
730 566
731 39
731 67
731 295
732 338
732 724
732 402
733 86
733 1
733 664
734 220
734 87
734 85
735 4
735 110
735 139
736 0
736 123
736 1
737 486
737 64
737 172
738 373
738 38
738 94
739 360
739 606
739 593
740 30
740 705
740 391
741 11
741 658
741 225
742 698
742 54
742 96
743 4
743 226
743 250
744 176
744 62
744 86
745 277
745 20
745 683
746 34
746 2
746 137
747 500
747 94
747 724
748 274
748 295
748 75
749 196
749 298
749 503
750 295
750 4
750 639
751 14
751 2
751 39
752 529
752 79
752 514
753 1
753 749
753 81
754 4
754 3
754 1
755 18
755 114
755 606
756 566
756 314
756 379
757 383
757 373
757 53
758 424
758 324
758 6
759 77
759 139
759 506
760 206
760 11
760 567
761 583
761 45
761 449
762 587
762 732
762 1
763 286
763 16
763 128
764 751
764 53
764 161
765 1
765 249
765 4
766 503
766 3
766 277
767 32
767 290
767 222
768 565
768 602
768 103
769 414
769 7
769 283
770 173
770 120
770 442
771 1
771 761
771 649
772 1
772 561
772 270
773 240
773 322
773 535
774 230
774 85
774 252
775 257
775 734
775 289
776 637
776 101
776 495
777 55
777 1
777 565
778 182
778 190
778 463
779 63
779 1
779 0
780 358
780 648
780 37
781 470
781 121
781 260
782 13
782 92
782 465
783 275
783 416
783 2
784 2
784 142
784 90
785 192
785 23
785 1
786 110
786 155
786 15
787 37
787 429
787 111
788 2
788 517
788 760
789 119
789 304
789 22
790 48
790 196
790 54
791 34
791 205
791 421
792 712
792 33
792 94
793 394
793 58
793 1
794 539
794 66
794 176
795 226
795 234
795 193
796 707
796 220
796 404
797 29
797 268
797 759
798 126
798 69
798 681
799 18
799 740
799 93
800 34
800 196
800 108
801 378
801 132
801 429
802 2
802 155
802 147
803 9
803 542
803 350
804 160
804 11
804 111
805 474
805 606
805 315
806 197
806 116
806 364
807 156
807 183
807 241
808 700
808 782
808 183
809 361
809 187
809 113
810 195
810 2
810 9
811 282
811 247
811 621
812 9
812 18
812 97
813 60
813 704
813 536
814 48
814 494
814 489
815 680
815 361
815 154
816 795
816 72
816 1
817 775
817 582
817 30
818 460
818 3
818 111
819 90
819 0
819 4
820 331
820 134
820 4
821 769
821 434
821 185
822 8
822 3
822 108
823 589
823 516
823 2
824 28
824 11
824 3
825 294
825 314
825 37
826 31
826 27
826 377
827 747
827 159
827 769
828 43
828 157
828 625
829 163
829 16
829 756
830 6
830 539
830 36
831 3
831 267
831 29
832 33
832 50
832 644
833 177
833 12
833 635
834 225
834 103
834 498
835 4
835 289
835 263
836 641
836 120
836 19
837 9
837 72
837 294
838 131
838 86
838 41
839 334
839 687
839 273
840 601
840 160
840 373
841 36
841 103
841 74
842 82
842 8
842 715
843 690
843 123
843 113
844 597
844 674
844 148
845 364
845 502
845 813
846 62
846 590
846 5
847 226
847 50
847 332
848 136
848 4
848 639
849 499
849 34
849 9
850 579
850 380
850 72
851 86
851 375
851 233
852 563
852 195
852 151
853 778
853 172
853 274
854 310
854 12
854 570
855 664
855 703
855 383
856 123
856 54
856 509
857 297
857 121
857 331
858 553
858 601
858 19
859 509
859 838
859 162
860 201
860 765
860 85
861 643
861 376
861 76
862 826
862 33
862 7
863 4
863 164
863 29
864 405
864 345
864 3
865 795
865 485
865 121
866 0
866 82
866 187
867 120
867 8
867 784
868 47
868 123
868 269
869 789
869 705
869 73
870 4
870 32
870 869
871 193
871 121
871 375
872 643
872 206
872 685
873 40
873 9
873 724
874 121
874 503
874 811
875 32
875 362
875 58
876 17
876 147
876 243
877 749
877 247
877 46
878 109
878 55
878 337
879 807
879 236
879 62
880 606
880 819
880 683
881 7
881 320
881 219
882 579
882 19
882 3
883 384
883 434
883 22
884 869
884 2
884 289
885 234
885 66
885 37
886 838
886 623
886 273
887 19
887 25
887 298
888 120
888 317
888 535
889 248
889 807
889 152
890 156
890 27
890 282
891 467
891 21
891 746
892 256
892 20
892 14
893 669
893 176
893 755
894 307
894 607
894 566
895 700
895 515
895 494
896 24
896 7
896 63
897 82
897 832
897 820
898 12
898 55
898 463
899 30
899 16
899 444
900 290
900 257
900 133
901 86
901 268
901 849
902 220
902 22
902 210
903 438
903 442
903 113
904 59
904 38
904 267
905 423
905 256
905 371
906 389
906 4
906 423
907 407
907 469
907 143
908 724
908 820
908 801
909 86
909 134
909 34
910 588
910 64
910 488
911 903
911 789
911 199
912 16
912 357
912 77
913 155
913 283
913 288
914 210
914 126
914 170
915 25
915 41
915 236
916 499
916 1
916 469
917 48
917 70
917 687
918 776
918 471
918 589
919 142
919 442
919 367
920 183
920 21
920 0
921 30
921 553
921 171
922 1
922 643
922 879
923 1
923 222
923 894
924 536
924 277
924 320
925 105
925 558
925 306
926 33
926 11
926 4
927 73
927 126
927 65
928 86
928 844
928 731
929 867
929 506
929 249
930 438
930 241
930 867
931 819
931 539
931 454
932 196
932 282
932 231
933 136
933 413
933 123
934 287
934 576
934 126
935 266
935 189
935 719
936 823
936 768
936 479
937 74
937 514
937 95
938 695
938 820
938 283
939 3
939 187
939 34
940 476
940 9
940 2
941 0
941 127
941 391
942 97
942 2
942 270
943 206
943 179
943 113
944 8
944 416
944 224
945 380
945 288
945 79
946 273
946 451
946 187
947 528
947 237
947 50
948 813
948 291
948 705
949 28
949 2
949 30
950 611
950 650
950 4
951 801
951 306
951 571
952 172
952 692
952 11
953 217
953 3
953 561
954 50
954 114
954 120
955 10
955 347
955 707
956 890
956 796
956 94
957 1
957 143
957 122
958 12
958 619
958 157
959 17
959 393
959 90
960 321
960 554
960 503
961 223
961 32
961 497
962 75
962 4
962 890
963 22
963 14
963 314
964 521
964 821
964 103
965 373
965 63
965 126
966 678
966 4
966 122
967 732
967 3
967 532
968 42
968 924
968 432
969 724
969 531
969 25
970 4
970 187
970 392
971 582
971 607
971 573
972 241
972 219
972 769
973 3
973 124
973 735
974 754
974 2
974 66
975 348
975 0
975 547
976 629
976 11
976 5
977 583
977 554
977 23
978 573
978 62
978 291
979 775
979 710
979 706
980 0
980 892
980 43
981 23
981 39
981 830
982 75
982 38
982 616
983 2
983 687
983 123
984 413
984 375
984 71
985 113
985 239
985 2
986 206
986 139
986 615
987 4
987 371
987 144
988 735
988 3
988 380
989 795
989 157
989 546
990 275
990 701
990 4
991 11
991 69
991 170
992 1
992 399
992 376
993 391
993 69
993 985
994 132
994 134
994 218
995 307
995 152
995 275
996 581
996 637
996 486
997 406
997 498
997 311
998 554
998 553
998 593
999 824
999 42
999 275
