0 1
0 2
0 3
0 4
0 5
0 7
0 9
0 12
0 14
0 24
0 27
0 28
0 37
0 40
0 44
0 45
0 47
0 53
0 66
0 71
0 74
0 76
0 78
1 0
1 2
1 3
1 7
1 16
1 70
1 75
1 91
1 104
1 121
1 129
1 149
1 165
1 170
1 173
1 229
1 408
1 444
1 455
2 0
2 1
2 3
2 4
2 5
2 6
2 7
2 8
2 10
2 11
2 13
2 16
2 22
2 36
2 46
2 83
2 95
2 110
2 119
2 182
2 185
2 207
2 232
3 0
3 1
3 2
3 4
3 5
3 6
3 8
3 9
3 10
3 17
3 25
3 29
3 30
3 37
3 43
3 45
3 52
3 69
3 77
3 80
3 105
3 139
3 145
4 3
4 0
4 2
4 6
4 8
4 20
4 22
4 27
4 30
4 31
4 65
4 154
4 339
4 355
4 402
4 433
4 435
5 3
5 2
5 0
5 10
5 11
5 15
5 18
5 33
5 35
5 39
5 49
5 97
5 112
5 125
5 130
5 147
5 150
5 151
5 176
5 180
5 217
5 236
5 237
6 2
6 4
6 3
6 11
6 14
6 15
6 24
6 41
6 43
6 46
6 69
6 79
6 121
6 142
6 273
6 276
6 324
7 2
7 1
7 0
7 9
7 15
7 20
7 31
7 36
7 57
7 135
7 265
7 397
8 3
8 4
8 2
8 16
8 20
8 23
8 26
8 40
8 48
8 56
8 57
8 72
8 75
8 85
8 91
8 92
8 105
8 148
8 238
8 347
8 353
8 401
8 402
9 3
9 0
9 7
9 12
9 13
9 14
9 17
9 19
9 23
9 25
9 26
9 34
9 54
9 72
9 101
9 104
9 109
9 115
9 120
9 219
9 222
9 265
9 283
10 2
10 3
10 5
10 12
10 13
10 39
10 65
10 99
10 121
10 126
10 177
10 202
10 307
10 383
11 5
11 2
11 6
11 21
11 28
11 29
11 36
11 41
11 64
11 79
11 82
11 94
11 161
11 178
11 182
11 219
11 459
12 9
12 0
12 10
12 17
12 18
12 33
12 38
12 55
12 61
12 65
12 74
12 81
12 112
12 133
12 272
13 9
13 10
13 2
13 21
13 25
13 26
13 43
13 44
13 51
13 77
13 113
13 136
13 150
13 169
13 176
13 231
13 268
13 461
13 486
13 488
14 9
14 6
14 0
14 19
14 46
14 51
14 53
14 64
14 203
15 5
15 6
15 7
15 34
15 86
15 106
15 132
15 199
15 216
15 227
15 261
15 287
15 298
15 445
15 477
16 2
16 1
16 8
16 18
16 19
16 21
16 22
16 58
16 78
16 99
16 222
16 291
16 457
16 460
17 9
17 3
17 12
17 23
17 32
17 33
17 174
17 197
17 319
17 487
18 12
18 16
18 5
18 39
18 58
18 68
18 187
18 294
18 332
18 430
19 14
19 9
19 16
19 27
19 31
19 35
19 38
19 41
19 42
19 48
19 50
19 64
19 66
19 71
19 83
19 93
19 116
19 134
19 155
19 185
19 191
19 243
19 328
20 7
20 4
20 8
20 93
20 97
20 124
20 139
20 146
20 175
20 313
20 418
21 16
21 13
21 11
21 30
21 37
21 61
21 85
21 96
21 140
21 141
21 181
21 201
21 221
21 262
21 443
21 497
22 4
22 2
22 16
22 24
22 28
22 32
22 47
22 92
22 116
22 213
22 312
22 321
23 8
23 9
23 17
23 42
23 159
23 178
23 241
23 287
23 345
24 6
24 22
24 0
24 60
24 73
24 78
24 110
24 117
24 132
24 142
24 171
24 420
25 9
25 13
25 3
25 29
25 32
25 34
25 100
25 182
25 196
25 257
25 415
25 440
26 8
26 13
26 9
26 38
26 60
26 67
26 73
26 139
26 266
26 303
26 431
27 19
27 4
27 0
27 45
27 49
27 50
27 59
27 70
27 73
27 119
27 120
27 188
27 282
27 327
27 353
27 396
27 398
27 426
27 443
28 0
28 22
28 11
28 53
28 55
28 81
28 127
28 159
28 220
28 241
28 277
28 298
28 302
28 481
28 482
28 487
29 3
29 11
29 25
29 51
29 113
29 127
29 209
29 249
29 289
29 340
29 383
29 495
30 3
30 21
30 4
30 44
30 86
30 101
30 158
30 162
30 181
30 258
30 304
30 331
30 344
30 456
31 19
31 4
31 7
31 56
31 67
31 94
31 135
31 162
31 194
31 281
31 311
31 365
32 17
32 25
32 22
32 77
32 230
32 242
32 255
32 257
32 328
33 12
33 17
33 5
33 35
33 66
33 76
33 90
33 125
33 157
33 190
33 222
33 292
33 420
34 15
34 25
34 9
34 58
34 62
34 69
34 84
34 132
34 187
34 358
34 365
34 466
35 19
35 5
35 33
35 40
35 42
35 54
35 60
35 63
35 146
35 334
35 496
36 11
36 2
36 7
36 47
36 52
36 89
36 218
36 246
37 3
37 0
37 21
37 56
37 62
37 243
37 280
37 323
37 406
37 472
38 19
38 12
38 26
38 62
38 63
38 122
38 234
38 296
39 10
39 5
39 18
39 48
39 49
39 52
39 149
39 163
39 198
39 323
39 353
40 35
40 0
40 8
40 72
40 104
40 107
40 128
40 138
40 164
40 198
40 205
40 225
40 254
40 274
40 286
40 310
40 314
40 393
41 6
41 11
41 19
41 82
41 84
41 114
41 142
41 278
41 314
41 347
41 481
42 35
42 19
42 23
42 63
42 103
42 135
42 157
42 195
42 201
42 247
42 332
42 467
42 498
43 13
43 3
43 6
43 68
43 82
43 108
43 111
43 150
43 183
43 190
43 369
43 403
43 473
44 30
44 13
44 0
44 50
44 55
44 93
44 136
44 160
44 187
44 294
44 335
44 476
45 0
45 27
45 3
45 59
45 87
45 106
45 107
45 145
45 160
45 174
45 215
45 245
45 260
45 276
45 278
45 354
46 2
46 6
46 14
46 57
46 89
46 128
46 159
46 229
46 315
46 346
46 349
46 442
47 36
47 22
47 0
47 59
47 68
47 322
47 358
47 385
47 496
48 19
48 39
48 8
48 54
48 90
48 129
48 219
48 228
48 320
48 359
48 396
48 427
48 463
48 471
49 5
49 39
49 27
49 74
49 91
49 100
49 137
49 172
49 357
49 432
50 44
50 19
50 27
50 89
50 97
50 214
50 270
50 406
50 470
51 14
51 29
51 13
51 103
51 137
51 217
51 312
51 350
51 356
51 404
51 414
51 475
52 36
52 3
52 39
52 79
52 88
52 210
52 358
52 373
52 429
53 14
53 28
53 0
53 110
53 141
53 165
53 166
53 267
53 368
53 381
54 9
54 35
54 48
54 109
54 124
54 125
54 151
54 179
54 191
54 209
54 212
54 234
54 292
54 314
54 339
55 44
55 28
55 12
55 400
56 31
56 8
56 37
56 225
56 262
56 269
56 288
56 303
56 317
56 390
57 46
57 7
57 8
58 34
58 16
58 18
58 80
58 98
58 102
58 106
58 115
58 120
58 136
58 156
58 198
58 243
58 259
58 291
58 375
58 468
59 45
59 47
59 27
59 81
59 88
59 102
59 131
59 158
59 203
59 224
59 273
59 400
59 430
60 24
60 26
60 35
60 61
60 114
60 144
60 185
60 206
60 285
60 333
61 12
61 21
61 60
61 111
61 126
61 131
61 148
61 192
61 296
62 37
62 38
62 34
62 70
62 92
62 145
62 188
62 319
62 326
62 348
62 425
63 42
63 38
63 35
63 67
63 206
63 223
63 274
63 439
63 480
64 14
64 19
64 11
64 83
64 95
64 109
64 124
64 126
64 163
64 293
64 343
64 472
65 10
65 12
65 4
65 129
65 156
65 180
65 184
65 344
66 0
66 33
66 19
66 88
66 172
66 173
66 238
66 365
67 63
67 26
67 31
67 119
67 130
67 134
67 189
67 217
67 278
67 350
68 47
68 43
68 18
68 71
68 184
68 240
68 324
68 421
69 34
69 6
69 3
69 158
69 168
69 293
69 356
70 1
70 62
70 27
70 164
70 226
70 329
70 372
71 19
71 0
71 68
71 75
71 98
71 154
71 200
71 437
71 444
72 9
72 40
72 8
72 144
72 151
72 324
72 364
72 390
73 27
73 24
73 26
73 76
73 138
73 168
73 170
73 226
73 325
74 0
74 12
74 49
74 101
74 268
74 362
74 419
75 71
75 1
75 8
75 96
75 193
75 233
75 307
75 354
75 401
75 403
75 414
75 465
75 476
76 73
76 33
76 0
76 80
77 3
77 13
77 32
77 87
77 264
77 335
77 394
78 24
78 0
78 16
78 85
78 94
78 95
78 193
78 247
78 250
78 349
79 52
79 6
79 11
79 87
79 103
79 131
79 283
79 415
79 416
79 449
79 456
80 58
80 3
80 76
80 244
81 59
81 12
81 28
81 86
81 154
81 240
81 349
82 41
82 43
82 11
82 84
82 105
82 117
82 226
82 249
82 267
82 430
83 64
83 19
83 2
83 306
84 41
84 82
84 34
85 78
85 21
85 8
85 166
85 253
85 275
85 290
85 460
86 30
86 15
86 81
86 255
87 45
87 79
87 77
87 112
87 141
87 152
88 52
88 59
88 66
88 99
89 36
89 46
89 50
89 100
89 166
90 33
90 0
90 48
90 221
90 369
91 8
91 1
91 49
91 96
91 118
91 134
91 259
91 266
91 438
91 498
92 62
92 8
92 22
92 108
92 137
92 284
93 19
93 20
93 44
93 123
94 31
94 78
94 11
94 111
94 133
94 199
94 458
95 64
95 78
95 2
95 118
95 138
95 140
95 149
95 316
95 320
95 412
96 91
96 75
96 21
96 133
96 202
96 216
96 436
96 478
97 50
97 20
97 5
97 98
97 298
97 311
97 318
97 450
98 71
98 97
98 58
98 108
98 117
98 179
98 206
98 444
99 10
99 88
99 16
99 165
99 208
99 369
100 89
100 49
100 25
100 102
100 153
100 279
100 363
100 464
101 9
101 74
101 30
101 113
101 143
101 191
101 253
101 275
101 394
101 422
101 429
102 59
102 100
102 58
102 268
102 337
102 497
103 79
103 51
103 42
103 107
103 115
103 269
103 491
104 1
104 9
104 40
104 122
104 157
104 263
104 286
104 300
104 391
104 424
105 82
105 3
105 8
105 233
106 15
106 58
106 45
106 127
106 209
106 236
106 423
106 485
107 40
107 45
107 103
107 130
107 140
107 147
107 167
107 169
107 177
107 181
107 193
107 277
107 299
108 92
108 43
108 98
108 114
108 118
108 155
108 156
108 164
108 175
108 179
108 248
108 409
109 54
109 9
109 64
109 248
110 2
110 53
110 24
110 144
110 232
110 252
110 325
110 493
111 94
111 61
111 43
112 87
112 5
112 12
112 274
112 386
113 13
113 29
113 101
113 116
113 123
113 381
113 439
114 60
114 41
114 108
114 228
114 245
114 340
114 461
115 58
115 9
115 103
115 148
115 177
115 234
115 247
115 254
115 301
115 313
115 356
116 113
116 22
116 19
116 270
116 340
117 82
117 98
117 24
117 160
117 161
117 178
117 183
117 216
117 224
117 301
117 367
117 419
117 423
117 435
117 438
117 465
117 477
118 91
118 95
118 108
118 368
119 2
119 67
119 27
119 152
119 345
120 9
120 58
120 27
120 215
120 236
120 378
121 10
121 6
121 1
121 235
122 0
122 104
122 38
122 143
122 172
122 174
122 175
122 192
122 194
122 203
122 291
122 294
122 342
123 113
123 0
123 93
123 128
123 163
123 261
124 20
124 54
124 64
124 202
124 213
124 288
124 436
124 485
125 33
125 5
125 54
125 183
125 232
125 263
125 372
125 488
126 10
126 64
126 61
126 323
126 341
126 474
127 28
127 29
127 106
127 197
127 321
128 40
128 46
128 123
128 186
129 65
129 48
129 1
129 169
129 351
130 107
130 5
130 67
130 246
130 336
131 59
131 79
131 61
131 147
131 184
131 227
131 407
132 34
132 15
132 24
132 171
132 199
132 212
132 310
132 376
132 467
133 96
133 94
133 12
134 19
134 67
134 91
134 162
134 288
134 453
135 7
135 42
135 31
135 171
135 176
135 186
135 416
136 13
136 58
136 44
136 173
136 351
136 490
137 51
137 92
137 49
137 227
137 334
137 453
138 73
138 40
138 95
138 146
138 208
138 211
138 248
138 389
138 426
139 26
139 20
139 3
139 201
139 311
139 362
139 374
139 376
139 377
139 433
140 107
140 21
140 95
140 167
140 362
140 383
140 404
140 460
141 87
141 21
141 53
141 143
141 153
141 342
141 359
141 360
142 41
142 6
142 24
142 204
142 241
142 307
142 463
143 122
143 141
143 101
143 235
143 308
143 379
144 72
144 60
144 110
144 239
144 242
144 260
145 62
145 45
145 3
145 195
145 235
146 35
146 138
146 20
146 256
147 5
147 107
147 131
147 170
147 328
147 411
147 456
148 8
148 115
148 61
148 188
148 368
148 421
149 95
149 1
149 39
149 153
149 189
149 231
149 260
150 13
150 5
150 43
150 266
150 380
150 455
151 5
151 54
151 72
151 189
151 289
151 309
151 495
152 119
152 87
152 0
152 195
152 255
153 149
153 141
153 100
153 277
153 351
154 81
154 71
154 4
154 223
154 231
154 450
155 3
155 108
155 19
156 58
156 108
156 65
156 214
156 252
156 280
156 292
156 419
157 104
157 33
157 42
157 271
158 69
158 59
158 30
159 23
159 28
159 46
159 161
159 192
159 238
159 251
159 290
159 331
159 374
160 44
160 45
160 117
160 205
160 211
161 117
161 159
161 11
161 493
162 31
162 134
162 30
162 316
162 371
163 123
163 64
163 39
163 220
163 249
164 70
164 108
164 40
165 99
165 53
165 1
166 53
166 89
166 85
166 196
166 251
167 107
167 140
167 0
167 168
167 304
167 422
168 73
168 167
168 69
168 428
168 455
169 13
169 129
169 107
169 300
169 316
169 338
169 441
170 1
170 73
170 147
170 204
170 382
171 132
171 135
171 24
171 499
172 122
172 49
172 66
172 254
172 273
172 483
173 66
173 1
173 136
173 200
173 256
173 308
173 344
174 45
174 17
174 122
174 207
174 371
174 388
175 122
175 20
175 108
175 244
175 445
176 13
176 135
176 5
176 367
176 458
177 107
177 10
177 115
177 186
177 196
177 240
177 320
177 391
177 431
177 454
178 11
178 117
178 23
179 54
179 98
179 108
180 5
180 65
180 0
180 190
180 210
180 225
180 259
181 30
181 107
181 21
181 214
181 224
181 237
181 301
181 352
181 442
182 2
182 25
182 11
182 250
182 348
182 363
182 459
182 474
183 117
183 43
183 125
183 212
183 250
184 131
184 65
184 68
184 197
184 283
184 318
184 395
184 398
185 2
185 60
185 19
185 398
185 479
186 177
186 128
186 135
186 384
187 44
187 34
187 18
187 244
187 267
187 379
187 416
188 62
188 27
188 148
188 493
189 149
189 67
189 151
189 204
189 389
189 459
189 490
190 33
190 180
190 43
191 54
191 19
191 101
191 239
191 317
191 321
192 159
192 61
192 122
192 194
192 208
192 271
192 318
192 399
193 107
193 75
193 78
193 264
193 484
194 192
194 122
194 31
194 210
194 256
195 152
195 42
195 145
195 205
195 339
196 166
196 177
196 25
196 213
196 287
196 378
197 184
197 17
197 127
197 228
197 229
197 242
197 257
197 263
197 284
197 447
197 494
198 40
198 39
198 58
198 230
198 285
198 423
198 461
199 15
199 132
199 94
199 299
199 329
200 71
200 173
200 3
200 413
201 139
201 42
201 21
201 230
201 253
201 290
201 326
202 124
202 96
202 10
202 251
202 355
203 14
203 59
203 122
203 412
203 427
204 170
204 189
204 142
204 313
204 322
204 331
204 406
204 479
205 160
205 40
205 195
205 211
205 218
205 361
205 446
206 60
206 63
206 98
207 174
207 3
207 2
207 289
207 317
207 451
208 99
208 192
208 138
208 420
209 29
209 54
209 106
209 220
210 52
210 180
210 194
210 297
210 405
211 205
211 138
211 160
212 183
212 54
212 132
212 315
212 357
213 124
213 22
213 196
213 295
213 306
214 181
214 156
214 50
214 215
214 233
214 269
214 295
214 332
214 437
215 45
215 120
215 214
215 218
215 252
216 15
216 117
216 96
216 297
217 51
217 5
217 67
217 272
218 215
218 36
218 205
218 221
218 333
218 418
219 9
219 11
219 48
220 209
220 163
220 28
220 417
221 90
221 218
221 21
221 246
222 9
222 33
222 16
222 375
222 379
222 440
222 452
223 154
223 63
223 0
223 276
224 117
224 59
224 181
224 304
225 56
225 180
225 40
225 272
225 279
226 70
226 73
226 82
226 258
226 452
227 15
227 131
227 137
227 330
227 396
228 114
228 48
228 197
228 275
228 395
229 46
229 1
229 197
229 279
230 201
230 198
230 32
230 261
230 262
230 302
230 303
230 309
230 336
230 347
230 427
230 469
230 492
231 154
231 13
231 149
231 264
232 2
232 110
232 125
232 388
232 392
233 75
233 105
233 214
233 237
233 478
234 115
234 38
234 54
234 300
234 390
235 143
235 121
235 145
235 309
235 319
235 407
236 120
236 106
236 5
236 239
237 5
237 181
237 233
237 336
238 159
238 8
238 66
239 144
239 236
239 191
239 270
239 373
239 402
240 68
240 81
240 177
240 297
240 360
241 23
241 142
241 28
241 357
241 408
242 197
242 32
242 144
242 302
242 392
242 439
243 19
243 58
243 37
243 258
243 441
244 175
244 187
244 80
245 45
245 0
245 114
245 326
245 355
245 464
246 221
246 36
246 130
246 370
247 115
247 42
247 78
247 448
248 138
248 108
248 109
248 432
249 163
249 82
249 29
249 295
250 78
250 183
250 182
250 350
250 378
250 485
251 202
251 166
251 159
251 271
252 215
252 156
252 110
253 85
253 101
253 201
253 281
253 322
253 330
253 418
254 40
254 115
254 172
254 341
255 32
255 86
255 152
255 265
255 282
255 284
255 377
256 194
256 146
256 173
256 442
257 197
257 25
257 32
257 281
258 226
258 30
258 243
258 441
259 58
259 180
259 91
259 293
259 401
259 457
260 149
260 144
260 45
260 335
261 230
261 123
261 15
261 435
262 21
262 56
262 230
262 342
262 384
263 125
263 104
263 197
264 193
264 77
264 231
264 299
264 361
264 364
265 255
265 9
265 7
266 91
266 150
266 26
266 374
266 424
267 53
267 187
267 82
267 285
267 409
267 412
267 422
268 102
268 13
268 74
268 492
269 214
269 56
269 103
269 448
269 496
270 116
270 50
270 239
270 305
271 157
271 251
271 192
272 217
272 225
272 12
272 454
273 59
273 6
273 172
274 112
274 63
274 40
275 101
275 85
275 228
276 45
276 223
276 6
277 28
277 153
277 107
277 341
277 395
277 410
277 411
278 41
278 67
278 45
278 329
278 380
278 464
279 225
279 229
279 100
279 280
280 156
280 37
280 279
280 451
281 253
281 31
281 257
281 352
281 387
282 27
282 5
282 255
283 79
283 184
283 9
283 492
284 255
284 92
284 197
284 334
284 337
284 345
285 267
285 60
285 198
285 407
285 445
285 466
286 104
286 9
286 40
286 443
287 23
287 15
287 196
288 56
288 134
288 124
288 346
289 151
289 29
289 207
289 312
289 436
290 159
290 85
290 201
290 372
291 58
291 16
291 122
291 325
291 449
291 482
292 33
292 156
292 54
292 338
292 348
292 389
292 484
293 69
293 259
293 64
293 498
294 18
294 44
294 122
295 249
295 214
295 213
295 346
296 38
296 0
296 61
296 305
296 366
297 240
297 210
297 216
298 28
298 15
298 97
299 264
299 107
299 199
300 169
300 234
300 104
301 115
301 117
301 181
301 305
302 28
302 230
302 242
302 315
302 440
303 230
303 26
303 56
303 306
304 167
304 224
304 30
305 296
305 301
305 270
305 308
305 491
306 303
306 213
306 83
306 376
306 381
306 447
307 10
307 75
307 142
307 310
308 305
308 173
308 143
309 235
309 151
309 230
310 40
310 307
310 132
311 31
311 97
311 139
311 330
312 51
312 22
312 289
313 115
313 204
313 20
314 40
314 41
314 54
314 417
314 465
315 46
315 212
315 302
315 386
315 469
316 169
316 95
316 162
317 191
317 56
317 207
318 184
318 192
318 97
318 354
318 400
318 428
319 17
319 235
319 62
319 481
320 177
320 48
320 95
321 127
321 22
321 191
321 338
321 457
322 47
322 253
322 204
322 414
322 463
323 37
323 126
323 39
323 364
324 72
324 68
324 6
324 327
324 434
325 110
325 73
325 291
326 245
326 201
326 62
327 0
327 324
327 27
327 429
327 453
328 147
328 19
328 32
328 359
328 363
328 394
328 404
328 417
329 199
329 278
329 70
329 408
329 410
329 434
330 227
330 253
330 311
331 159
331 204
331 30
331 410
331 425
332 42
332 18
332 214
332 333
332 343
332 370
332 385
333 332
333 218
333 60
333 377
334 137
334 35
334 284
334 391
335 77
335 44
335 260
336 230
336 130
336 237
337 102
337 284
337 2
337 470
337 475
338 292
338 321
338 169
339 54
339 4
339 195
339 360
340 116
340 114
340 29
341 254
341 126
341 277
342 141
342 122
342 262
342 375
342 448
342 497
343 332
343 3
343 64
344 173
344 65
344 30
345 284
345 119
345 23
346 288
346 295
346 46
347 8
347 41
347 230
347 393
347 428
347 452
348 62
348 182
348 292
348 425
348 476
348 480
349 46
349 78
349 81
349 386
350 250
350 51
350 67
350 367
350 424
351 136
351 153
351 129
351 397
351 466
351 489
352 281
352 181
352 19
353 27
353 8
353 39
353 385
353 393
353 462
354 318
354 75
354 45
354 413
355 202
355 245
355 4
355 421
356 69
356 115
356 51
357 212
357 49
357 241
357 366
357 405
358 52
358 34
358 47
359 48
359 141
359 328
359 482
359 483
360 141
360 339
360 240
360 487
361 19
361 205
361 264
361 382
361 403
362 139
362 74
362 140
363 100
363 328
363 182
363 370
363 371
364 264
364 72
364 323
365 66
365 34
365 31
365 433
366 0
366 296
366 357
367 350
367 117
367 176
367 458
368 53
368 118
368 148
369 90
369 99
369 43
369 380
370 246
370 363
370 332
371 174
371 162
371 363
371 484
372 125
372 290
372 70
372 473
373 239
373 52
373 0
374 139
374 266
374 159
375 342
375 58
375 222
376 132
376 139
376 306
376 470
376 499
377 333
377 255
377 139
378 196
378 250
378 120
378 431
379 143
379 187
379 222
380 150
380 369
380 278
381 113
381 53
381 306
382 9
382 361
382 170
383 10
383 29
383 140
383 472
384 262
384 186
384 0
385 332
385 47
385 353
385 409
386 112
386 315
386 349
386 392
387 5
387 2
387 281
387 399
388 232
388 174
388 5
388 454
389 138
389 292
389 189
390 72
390 56
390 234
390 415
391 104
391 177
391 334
392 386
392 232
392 242
392 399
393 347
393 353
393 40
393 467
394 77
394 328
394 101
395 184
395 228
395 277
395 446
396 48
396 227
396 27
397 2
397 7
397 351
397 449
397 488
398 185
398 184
398 27
399 392
399 192
399 387
399 446
400 318
400 55
400 59
400 474
401 8
401 259
401 75
401 426
402 8
402 4
402 239
403 43
403 361
403 75
403 469
404 51
404 328
404 140
404 405
405 357
405 404
405 210
406 37
406 50
406 204
406 462
407 131
407 235
407 285
408 241
408 1
408 329
409 385
409 108
409 267
410 277
410 331
410 329
411 9
411 277
411 147
412 95
412 203
412 267
413 354
413 200
413 9
413 486
414 322
414 51
414 75
415 79
415 390
415 25
415 438
416 187
416 79
416 135
417 220
417 314
417 328
418 20
418 253
418 218
419 74
419 117
419 156
420 33
420 24
420 208
420 477
421 148
421 355
421 68
422 101
422 167
422 267
423 198
423 117
423 106
423 471
424 104
424 350
424 266
424 489
425 62
425 331
425 348
425 495
426 27
426 401
426 138
426 432
427 230
427 48
427 203
427 447
427 494
428 168
428 318
428 347
429 327
429 52
429 101
430 59
430 82
430 18
431 177
431 378
431 26
432 426
432 49
432 248
433 139
433 365
433 4
434 329
434 324
434 0
434 468
434 491
435 261
435 4
435 117
436 289
436 96
436 124
437 0
437 71
437 214
438 91
438 117
438 415
439 242
439 113
439 63
440 25
440 222
440 302
441 243
441 169
441 258
442 256
442 46
442 181
443 286
443 21
443 27
443 478
443 499
444 98
444 1
444 71
445 175
445 285
445 15
446 399
446 395
446 205
446 451
446 489
446 490
447 306
447 427
447 197
448 247
448 342
448 269
449 79
449 397
449 291
450 154
450 97
450 5
451 207
451 280
451 446
452 222
452 347
452 226
453 137
453 327
453 134
454 388
454 177
454 272
455 150
455 1
455 168
455 480
456 79
456 147
456 30
457 321
457 259
457 16
458 94
458 176
458 367
459 11
459 189
459 182
460 140
460 16
460 85
461 198
461 13
461 114
462 353
462 406
462 19
463 142
463 48
463 322
464 278
464 245
464 100
465 117
465 314
465 75
466 351
466 285
466 34
467 42
467 393
467 132
468 58
468 434
468 3
468 475
469 230
469 403
469 315
470 376
470 50
470 337
471 3
471 48
471 423
472 37
472 383
472 64
473 43
473 19
473 372
474 126
474 400
474 182
475 468
475 51
475 337
476 75
476 348
476 44
477 15
477 117
477 420
478 233
478 96
478 443
478 486
479 204
479 185
479 0
480 348
480 455
480 63
480 494
481 319
481 28
481 41
482 359
482 291
482 28
483 8
483 359
483 172
484 292
484 193
484 371
485 250
485 124
485 106
486 13
486 478
486 413
487 17
487 28
487 360
488 397
488 13
488 125
489 446
489 351
489 424
490 446
490 189
490 136
491 434
491 103
491 305
492 268
492 283
492 230
493 110
493 161
493 188
494 197
494 427
494 480
495 425
495 151
495 29
496 269
496 35
496 47
497 21
497 102
497 342
498 293
498 42
498 91
499 443
499 171
499 376
