0 1
1 0
2 0
2 1
3 0
3 1
3 2
4 3
4 2
4 0
5 1
5 4
5 0
6 5
6 1
6 3
7 4
7 0
7 1
8 6
8 0
8 1
9 3
9 4
9 8
10 0
10 8
10 2
11 2
11 9
11 10
12 3
12 2
12 1
13 0
13 2
13 1
14 1
14 10
14 3
15 1
15 4
15 10
16 1
16 10
16 9
17 4
17 1
17 3
18 0
18 17
18 1
19 9
19 1
19 5
20 7
20 1
20 8
21 1
21 2
21 12
22 2
22 18
22 1
23 8
23 9
23 0
24 1
24 0
24 15
25 1
25 5
25 21
26 16
26 25
26 21
27 1
27 10
27 18
28 21
28 9
28 8
29 23
29 28
29 7
30 14
30 4
30 28
31 3
31 19
31 17
32 23
32 4
32 21
33 7
33 9
33 8
34 20
34 1
34 33
35 1
35 6
35 12
36 30
36 31
36 24
37 0
37 3
37 11
38 24
38 28
38 4
39 24
39 28
39 27
40 23
40 1
40 22
41 24
41 35
41 13
42 6
42 0
42 1
43 13
43 28
43 14
44 19
44 13
44 0
45 10
45 18
45 43
46 3
46 18
46 1
47 8
47 13
47 0
48 26
48 2
48 35
49 20
49 0
49 1
50 20
50 1
50 2
51 3
51 26
51 23
52 1
52 3
52 19
53 18
53 3
53 14
54 14
54 1
54 8
55 0
55 1
55 22
56 10
56 1
56 0
57 25
57 43
57 0
58 2
58 1
58 47
59 25
59 3
59 43
60 36
60 29
60 3
61 59
61 1
61 27
62 34
62 23
62 41
63 40
63 11
63 4
64 2
64 0
64 59
65 36
65 4
65 33
66 40
66 54
66 30
67 47
67 33
67 44
68 1
68 0
68 63
69 47
69 13
69 27
70 47
70 69
70 17
71 62
71 45
71 59
72 10
72 27
72 63
73 2
73 0
73 66
74 23
74 20
74 6
75 17
75 10
75 71
76 4
76 66
76 52
77 4
77 36
77 1
78 28
78 14
78 35
79 71
79 49
79 1
80 31
80 52
80 0
81 0
81 37
81 19
82 53
82 76
82 15
83 9
83 36
83 46
84 44
84 49
84 3
85 80
85 83
85 12
86 49
86 20
86 29
87 28
87 0
87 84
88 0
88 28
88 20
89 54
89 88
89 1
90 41
90 24
90 26
91 69
91 0
91 17
92 23
92 0
92 38
93 1
93 44
93 88
94 62
94 21
94 57
95 1
95 27
95 61
96 83
96 71
96 36
97 84
97 93
97 23
98 88
98 91
98 66
99 13
99 1
99 75
100 33
100 44
100 53
101 24
101 23
101 8
102 10
102 5
102 21
103 92
103 69
103 11
104 78
104 35
104 98
105 9
105 10
105 19
106 13
106 71
106 66
107 16
107 12
107 3
108 25
108 102
108 46
109 107
109 13
109 79
110 69
110 13
110 14
111 40
111 76
111 42
112 21
112 54
112 79
113 10
113 0
113 3
114 5
114 40
114 76
115 2
115 5
115 92
116 24
116 31
116 1
117 6
117 11
117 110
118 31
118 3
118 93
119 92
119 24
119 25
120 56
120 1
120 0
121 79
121 11
121 23
122 4
122 96
122 116
123 57
123 1
123 76
124 0
124 8
124 56
125 24
125 52
125 31
126 54
126 104
126 8
127 104
127 1
127 13
128 1
128 11
128 120
129 71
129 1
129 13
130 76
130 38
130 3
131 76
131 2
131 32
132 125
132 2
132 78
133 41
133 54
133 29
134 2
134 4
134 40
135 34
135 14
135 133
136 80
136 100
136 84
137 4
137 6
137 54
138 44
138 119
138 1
139 29
139 14
139 65
140 129
140 10
140 74
141 68
141 137
141 95
142 79
142 23
142 88
143 21
143 24
143 84
144 1
144 84
144 70
145 49
145 3
145 54
146 64
146 49
146 48
147 129
147 0
147 1
148 59
148 21
148 55
149 60
149 66
149 127
150 42
150 63
150 74
151 96
151 107
151 9
152 69
152 55
152 40
153 10
153 4
153 106
154 3
154 66
154 24
155 59
155 37
155 40
156 94
156 1
156 120
157 95
157 10
157 13
158 14
158 38
158 17
159 6
159 143
159 2
160 28
160 21
160 7
161 105
161 113
161 40
162 157
162 16
162 4
163 104
163 76
163 150
164 157
164 24
164 51
165 13
165 1
165 10
166 98
166 49
166 34
167 2
167 82
167 16
168 79
168 55
168 6
169 28
169 1
169 27
170 164
170 44
170 71
171 41
171 57
171 28
172 148
172 3
172 41
173 0
173 104
173 55
174 64
174 2
174 23
175 13
175 17
175 110
176 66
176 0
176 94
177 10
177 69
177 172
178 37
178 53
178 5
179 69
179 173
179 136
180 120
180 8
180 29
181 41
181 55
181 3
182 23
182 96
182 69
183 138
183 141
183 97
184 127
184 0
184 119
185 44
185 10
185 180
186 1
186 20
186 63
187 31
187 0
187 179
188 120
188 66
188 106
189 2
189 10
189 160
190 36
190 10
190 4
191 40
191 84
191 63
192 57
192 33
192 66
193 13
193 1
193 173
194 27
194 74
194 30
195 35
195 8
195 23
196 104
196 34
196 188
197 10
197 34
197 64
198 78
198 98
198 0
199 42
199 6
199 14
200 128
200 152
200 169
201 180
201 64
201 66
202 28
202 122
202 87
203 11
203 8
203 118
204 18
204 55
204 59
205 4
205 46
205 29
206 60
206 0
206 52
207 5
207 36
207 3
208 156
208 101
208 132
209 1
209 45
209 120
210 62
210 16
210 0
211 84
211 194
211 78
212 0
212 152
212 15
213 160
213 11
213 36
214 136
214 14
214 122
215 130
215 23
215 11
216 130
216 161
216 127
217 68
217 23
217 31
218 168
218 95
218 92
219 64
219 23
219 33
220 0
220 41
220 155
221 28
221 63
221 10
222 50
222 37
222 72
223 136
223 62
223 55
224 84
224 80
224 1
225 202
225 3
225 150
226 4
226 170
226 19
227 5
227 18
227 225
228 225
228 45
228 7
229 8
229 123
229 2
230 1
230 9
230 39
231 1
231 8
231 33
232 187
232 159
232 25
233 1
233 13
233 46
234 0
234 1
234 135
235 69
235 0
235 28
236 0
236 10
236 32
237 16
237 200
237 1
238 72
238 1
238 76
239 197
239 4
239 6
240 203
240 54
240 1
241 1
241 120
241 0
242 166
242 22
242 6
243 188
243 23
243 91
244 210
244 82
244 32
245 167
245 92
245 148
246 172
246 104
246 3
247 55
247 105
247 1
248 202
248 91
248 10
249 135
249 48
249 34
250 23
250 74
250 189
251 117
251 104
251 74
252 108
252 32
252 239
253 61
253 35
253 76
254 98
254 133
254 4
255 21
255 75
255 97
256 130
256 179
256 61
257 75
257 13
257 232
258 29
258 2
258 24
259 124
259 36
259 15
260 24
260 1
260 69
261 133
261 140
261 219
262 106
262 17
262 71
263 48
263 17
263 57
264 229
264 160
264 33
265 32
265 49
265 137
266 42
266 104
266 5
267 4
267 68
267 23
268 116
268 13
268 23
269 21
269 197
269 128
270 35
270 69
270 54
271 161
271 64
271 173
272 168
272 227
272 8
273 129
273 124
273 76
274 1
274 262
274 46
275 196
275 1
275 2
276 155
276 14
276 171
277 124
277 203
277 4
278 113
278 217
278 143
279 3
279 55
279 113
280 2
280 236
280 249
281 215
281 113
281 167
282 36
282 272
282 276
283 72
283 0
283 229
284 281
284 228
284 43
285 270
285 80
285 71
286 87
286 62
286 221
287 219
287 64
287 65
288 251
288 84
288 106
289 183
289 93
289 34
290 104
290 87
290 1
291 56
291 14
291 18
292 36
292 285
292 113
293 37
293 127
293 71
294 194
294 276
294 34
295 195
295 40
295 1
296 1
296 155
296 231
297 44
297 231
297 69
298 222
298 26
298 81
299 120
299 24
299 81
300 194
300 5
300 267
301 92
301 172
301 41
302 2
302 118
302 55
303 289
303 30
303 227
304 0
304 153
304 8
305 61
305 173
305 52
306 175
306 1
306 10
307 130
307 9
307 38
308 57
308 23
308 2
309 148
309 89
309 64
310 198
310 294
310 1
311 80
311 22
311 40
312 1
312 194
312 132
313 55
313 66
313 31
314 148
314 84
314 24
315 13
315 50
315 34
316 56
316 298
316 1
317 154
317 0
317 1
318 74
318 24
318 206
319 84
319 4
319 57
320 179
320 221
320 1
321 0
321 177
321 279
322 1
322 100
322 163
323 171
323 1
323 291
324 6
324 104
324 4
325 324
325 55
325 6
326 1
326 266
326 5
327 27
327 272
327 73
328 37
328 179
328 26
329 24
329 262
329 313
330 89
330 296
330 122
331 1
331 3
331 14
332 11
332 203
332 322
333 282
333 212
333 61
334 43
334 13
334 323
335 40
335 179
335 270
336 238
336 224
336 11
337 0
337 188
337 1
338 195
338 40
338 13
339 5
339 75
339 106
340 230
340 2
340 213
341 143
341 311
341 168
342 90
342 320
342 32
343 229
343 33
343 251
344 68
344 49
344 34
345 182
345 24
345 4
346 147
346 17
346 72
347 314
347 245
347 338
348 204
348 88
348 13
349 56
349 5
349 27
350 95
350 11
350 12
351 89
351 34
351 17
352 6
352 179
352 76
353 29
353 177
353 195
354 213
354 6
354 206
355 120
355 54
355 82
356 286
356 1
356 95
357 275
357 104
357 19
358 101
358 9
358 52
359 319
359 130
359 230
360 343
360 133
360 17
361 1
361 4
361 304
362 3
362 0
362 193
363 8
363 66
363 21
364 6
364 141
364 106
365 19
365 223
365 215
366 8
366 0
366 96
367 148
367 33
367 225
368 196
368 27
368 8
369 47
369 0
369 8
370 216
370 315
370 41
371 1
371 172
371 139
372 207
372 78
372 273
373 293
373 0
373 10
374 95
374 2
374 341
375 35
375 72
375 1
376 2
376 69
376 203
377 357
377 64
377 179
378 45
378 2
378 18
379 97
379 66
379 344
380 319
380 3
380 1
381 136
381 80
381 231
382 3
382 98
382 104
383 261
383 7
383 237
384 1
384 93
384 202
385 130
385 6
385 106
386 296
386 27
386 123
387 66
387 78
387 232
388 174
388 28
388 11
389 53
389 306
389 2
390 274
390 228
390 66
391 159
391 4
391 81
392 110
392 56
392 106
393 295
393 32
393 4
394 105
394 274
394 64
395 55
395 3
395 4
396 1
396 62
396 69
397 130
397 23
397 69
398 279
398 52
398 25
399 116
399 274
399 17
400 26
400 120
400 13
401 369
401 11
401 313
402 113
402 275
402 222
403 1
403 273
403 28
404 1
404 92
404 35
405 251
405 43
405 4
406 120
406 13
406 184
407 156
407 55
407 145
408 8
408 24
408 3
409 260
409 356
409 6
410 159
410 254
410 34
411 91
411 74
411 278
412 1
412 18
412 45
413 148
413 56
413 123
414 307
414 0
414 369
415 379
415 32
415 35
416 310
416 55
416 119
417 1
417 112
417 10
418 121
418 1
418 160
419 151
419 145
419 323
420 117
420 1
420 113
421 54
421 70
421 269
422 59
422 172
422 36
423 54
423 136
423 80
424 28
424 140
424 193
425 75
425 1
425 69
426 41
426 194
426 116
427 3
427 387
427 134
428 289
428 113
428 0
429 104
429 95
429 164
430 200
430 124
430 10
431 219
431 25
431 316
432 230
432 311
432 35
433 172
433 27
433 69
434 120
434 84
434 256
435 274
435 6
435 228
436 410
436 1
436 29
437 29
437 4
437 68
438 128
438 1
438 52
439 219
439 76
439 8
440 29
440 159
440 381
441 30
441 352
441 354
442 35
442 52
442 31
443 2
443 399
443 128
444 144
444 9
444 405
445 3
445 149
445 219
446 188
446 3
446 436
447 231
447 40
447 401
448 167
448 25
448 79
449 136
449 134
449 429
450 111
450 265
450 421
451 1
451 53
451 30
452 129
452 44
452 177
453 10
453 134
453 62
454 447
454 274
454 23
455 133
455 104
455 352
456 19
456 387
456 1
457 190
457 212
457 359
458 228
458 4
458 285
459 422
459 47
459 120
460 188
460 66
460 169
461 255
461 104
461 193
462 194
462 64
462 170
463 266
463 368
463 36
464 325
464 23
464 4
465 396
465 323
465 107
466 4
466 251
466 293
467 66
467 10
467 29
468 240
468 27
468 231
469 0
469 104
469 449
470 71
470 274
470 9
471 349
471 338
471 84
472 305
472 2
472 6
473 142
473 95
473 26
474 46
474 83
474 170
475 39
475 10
475 232
476 101
476 23
476 0
477 369
477 76
477 136
478 82
478 313
478 207
479 2
479 13
479 340
480 198
480 59
480 133
481 404
481 36
481 2
482 185
482 226
482 17
483 477
483 363
483 31
484 379
484 360
484 254
485 194
485 1
485 10
486 244
486 66
486 389
487 29
487 231
487 275
488 270
488 142
488 42
489 296
489 120
489 14
490 38
490 3
490 415
491 1
491 27
491 130
492 41
492 313
492 239
493 263
493 1
493 77
494 229
494 57
494 1
495 1
495 183
495 124
496 1
496 291
496 2
497 368
497 285
497 8
498 302
498 137
498 0
499 24
499 104
499 230
