0 1
0 2
1 0
1 2
2 1
2 0
3 0
3 1
3 2
4 2
4 3
4 1
5 1
5 2
5 4
6 0
6 5
6 1
7 1
7 6
7 3
8 2
8 1
8 6
9 5
9 4
9 0
10 6
10 0
10 1
11 2
11 9
11 0
12 5
12 3
12 6
13 1
13 9
13 4
14 3
14 6
14 9
15 1
15 0
15 2
16 2
16 1
16 15
17 1
17 5
17 8
18 1
18 2
18 3
19 1
19 6
19 17
20 7
20 1
20 14
21 0
21 6
21 3
22 1
22 6
22 7
23 11
23 7
23 0
24 10
24 22
24 5
25 7
25 16
25 24
26 12
26 17
26 0
27 6
27 8
27 0
28 23
28 18
28 1
29 5
29 14
29 0
30 6
30 23
30 24
31 0
31 16
31 9
32 1
32 4
32 17
33 0
33 2
33 9
34 11
34 26
34 3
35 7
35 20
35 0
36 2
36 1
36 18
37 1
37 6
37 0
38 19
38 24
38 1
39 24
39 30
39 0
40 35
40 1
40 25
41 3
41 12
41 0
42 6
42 29
42 1
43 0
43 6
43 33
44 0
44 36
44 8
45 2
45 35
45 0
46 16
46 43
46 12
47 1
47 20
47 35
48 44
48 8
48 1
49 35
49 0
49 23
50 7
50 15
50 19
51 3
51 7
51 32
52 1
52 3
52 43
53 46
53 6
53 35
54 3
54 21
54 53
55 26
55 0
55 45
56 3
56 2
56 0
57 42
57 12
57 50
58 1
58 23
58 51
59 3
59 45
59 29
60 10
60 2
60 0
61 59
61 60
61 7
62 2
62 27
62 61
63 46
63 3
63 16
64 23
64 6
64 19
65 6
65 3
65 53
66 19
66 1
66 6
67 15
67 50
67 9
68 25
68 26
68 14
69 45
69 29
69 25
70 19
70 53
70 17
71 21
71 36
71 27
72 19
72 41
72 24
73 50
73 8
73 2
74 1
74 14
74 20
75 3
75 64
75 1
76 0
76 9
76 30
77 11
77 44
77 36
78 3
78 2
78 29
79 6
79 61
79 14
80 6
80 3
80 46
81 17
81 4
81 22
82 11
82 20
82 36
83 1
83 0
83 24
84 47
84 29
84 45
85 36
85 58
85 13
86 13
86 64
86 7
87 46
87 7
87 48
88 47
88 4
88 0
89 4
89 73
89 83
90 69
90 1
90 77
91 61
91 52
91 23
92 62
92 17
92 68
93 59
93 56
93 11
94 63
94 70
94 53
95 24
95 35
95 92
96 14
96 35
96 92
97 0
97 86
97 74
98 49
98 64
98 27
99 51
99 14
99 7
100 16
100 7
100 14
101 82
101 1
101 0
102 1
102 60
102 50
103 75
103 23
103 2
104 9
104 89
104 80
105 38
105 35
105 0
106 51
106 0
106 3
107 7
107 79
107 92
108 0
108 1
108 43
109 8
109 106
109 24
110 1
110 13
110 8
111 12
111 33
111 82
112 7
112 12
112 3
113 53
113 43
113 39
114 20
114 95
114 6
115 2
115 29
115 82
116 24
116 54
116 3
117 5
117 35
117 0
118 17
118 1
118 5
119 12
119 79
119 59
120 1
120 16
120 4
121 109
121 2
121 61
122 5
122 78
122 19
123 3
123 66
123 1
124 94
124 23
124 19
125 2
125 60
125 78
126 6
126 99
126 46
127 69
127 2
127 88
128 25
128 9
128 59
129 6
129 16
129 11
130 2
130 7
130 24
131 37
131 45
131 21
132 34
132 12
132 96
133 10
133 67
133 46
134 108
134 86
134 75
135 134
135 102
135 21
136 5
136 94
136 56
137 7
137 53
137 88
138 128
138 3
138 45
139 89
139 19
139 1
140 12
140 8
140 60
141 3
141 52
141 122
142 3
142 17
142 128
143 125
143 4
143 102
144 130
144 8
144 41
145 141
145 1
145 80
146 0
146 23
146 1
147 100
147 74
147 3
148 23
148 33
148 49
149 5
149 27
149 12
150 18
150 53
150 38
151 76
151 2
151 6
152 50
152 1
152 11
153 35
153 43
153 6
154 62
154 53
154 69
155 17
155 28
155 31
156 95
156 7
156 129
157 43
157 28
157 106
158 81
158 29
158 122
159 6
159 10
159 43
160 11
160 91
160 12
161 95
161 15
161 1
162 12
162 7
162 146
163 46
163 57
163 38
164 7
164 25
164 23
165 45
165 116
165 31
166 107
166 0
166 7
167 2
167 0
167 58
168 70
168 84
168 5
169 1
169 24
169 17
170 164
170 0
170 78
171 6
171 66
171 127
172 5
172 96
172 52
173 6
173 1
173 0
174 12
174 86
174 161
175 122
175 9
175 13
176 7
176 96
176 80
177 10
177 0
177 52
178 12
178 45
178 0
179 7
179 175
179 0
180 57
180 19
180 49
181 78
181 5
181 18
182 20
182 85
182 27
183 0
183 42
183 18
184 21
184 12
184 95
185 51
185 50
185 166
186 3
186 122
186 19
187 27
187 29
187 183
188 66
188 3
188 185
189 175
189 1
189 69
190 18
190 2
190 53
191 183
191 115
191 160
192 21
192 6
192 23
193 181
193 48
193 144
194 116
194 33
194 91
195 36
195 31
195 51
196 120
196 6
196 119
197 6
197 32
197 16
198 187
198 103
198 6
199 27
199 109
199 7
200 11
200 151
200 37
201 49
201 26
201 97
202 35
202 10
202 59
203 50
203 2
203 31
204 29
204 43
204 123
205 35
205 6
205 45
206 1
206 38
206 8
207 162
207 161
207 50
208 108
208 145
208 199
209 20
209 3
209 5
210 7
210 116
210 173
211 47
211 118
211 119
212 148
212 192
212 90
213 180
213 2
213 12
214 3
214 120
214 47
215 9
215 97
215 154
216 197
216 20
216 47
217 25
217 1
217 7
218 198
218 192
218 43
219 29
219 5
219 52
220 62
220 52
220 18
221 83
221 16
221 138
222 12
222 182
222 110
223 3
223 69
223 2
224 45
224 109
224 33
225 6
225 7
225 88
226 197
226 156
226 21
227 31
227 117
227 191
228 6
228 0
228 88
229 88
229 49
229 54
230 8
230 162
230 129
231 59
231 1
231 165
232 11
232 3
232 46
233 11
233 50
233 6
234 73
234 6
234 68
235 219
235 0
235 34
236 0
236 2
236 18
237 7
237 53
237 116
238 187
238 115
238 51
239 12
239 19
239 0
240 1
240 2
240 207
241 122
241 136
241 19
242 0
242 77
242 3
243 79
243 12
243 24
244 8
244 81
244 123
245 7
245 34
245 46
246 1
246 132
246 4
247 70
247 108
247 95
248 1
248 36
248 96
249 84
249 113
249 157
250 198
250 94
250 124
251 11
251 163
251 183
252 17
252 145
252 1
253 206
253 5
253 216
254 124
254 226
254 1
255 3
255 195
255 90
256 110
256 0
256 52
257 18
257 6
257 205
258 17
258 61
258 2
259 62
259 118
259 24
260 11
260 34
260 3
261 209
261 109
261 24
262 170
262 39
262 205
263 65
263 234
263 224
264 36
264 10
264 0
265 100
265 112
265 9
266 16
266 0
266 196
267 8
267 25
267 67
268 25
268 17
268 153
269 70
269 156
269 72
270 1
270 235
270 22
271 206
271 51
271 46
272 250
272 6
272 43
273 208
273 6
273 0
274 58
274 181
274 109
275 94
275 29
275 10
276 36
276 271
276 207
277 1
277 239
277 123
278 61
278 10
278 232
279 233
279 116
279 45
280 7
280 95
280 66
281 96
281 21
281 45
282 8
282 91
282 145
283 7
283 104
283 12
284 281
284 1
284 46
285 50
285 129
285 0
286 58
286 93
286 57
287 7
287 230
287 56
288 47
288 39
288 66
289 108
289 188
289 287
290 222
290 187
290 20
291 209
291 60
291 237
292 199
292 192
292 24
293 122
293 39
293 12
294 206
294 0
294 121
295 148
295 36
295 219
296 42
296 192
296 87
297 277
297 4
297 86
298 1
298 216
298 43
299 43
299 260
299 127
300 3
300 2
300 28
301 35
301 10
301 158
302 50
302 101
302 51
303 48
303 59
303 72
304 76
304 295
304 36
305 80
305 196
305 13
306 6
306 31
306 194
307 2
307 60
307 81
308 236
308 23
308 1
309 0
309 48
309 120
310 2
310 70
310 140
311 302
311 203
311 118
312 26
312 6
312 53
313 122
313 72
313 97
314 239
314 75
314 19
315 24
315 206
315 1
316 125
316 133
316 246
317 88
317 108
317 38
318 254
318 226
318 205
319 23
319 50
319 187
320 116
320 178
320 119
321 44
321 276
321 57
322 154
322 103
322 180
323 133
323 53
323 8
324 2
324 298
324 12
325 62
325 6
325 113
326 36
326 298
326 289
327 52
327 58
327 81
328 33
328 7
328 227
329 201
329 129
329 106
330 183
330 157
330 2
331 0
331 189
331 255
332 2
332 276
332 10
333 19
333 229
333 1
334 283
334 196
334 70
335 100
335 94
335 38
336 211
336 119
336 197
337 38
337 313
337 7
338 15
338 57
338 72
339 20
339 48
339 185
340 9
340 7
340 96
341 28
341 0
341 297
342 327
342 93
342 6
343 85
343 197
343 36
344 46
344 85
344 172
345 84
345 8
345 51
346 88
346 56
346 99
347 196
347 34
347 105
348 110
348 200
348 100
349 3
349 50
349 216
350 338
350 12
350 98
351 39
351 7
351 0
352 294
352 343
352 42
353 227
353 78
353 116
354 6
354 331
354 156
355 3
355 325
355 51
356 133
356 336
356 6
357 209
357 105
357 59
358 39
358 25
358 7
359 358
359 91
359 2
360 26
360 242
360 36
361 89
361 49
361 57
362 6
362 56
362 278
363 208
363 27
363 44
364 60
364 206
364 50
365 45
365 62
365 234
366 148
366 128
366 312
367 204
367 87
367 2
368 240
368 242
368 265
369 346
369 209
369 119
370 126
370 65
370 180
371 1
371 114
371 0
372 134
372 173
372 364
373 156
373 295
373 1
374 360
374 327
374 24
375 23
375 82
375 77
376 348
376 138
376 72
377 172
377 5
377 39
378 155
378 244
378 230
379 170
379 57
379 272
380 17
380 2
380 9
381 9
381 14
381 65
382 61
382 323
382 76
383 183
383 4
383 28
384 3
384 26
384 2
385 319
385 3
385 72
386 288
386 6
386 289
387 372
387 188
387 175
388 288
388 124
388 380
389 56
389 27
389 86
390 2
390 101
390 297
391 232
391 271
391 1
392 365
392 56
392 66
393 53
393 204
393 366
394 72
394 153
394 7
395 158
395 56
395 124
396 1
396 302
396 45
397 226
397 64
397 90
398 6
398 144
398 260
399 147
399 7
399 331
400 12
400 361
400 313
401 156
401 8
401 325
402 57
402 164
402 187
403 14
403 20
403 1
404 1
404 228
404 53
405 209
405 334
405 26
406 269
406 49
406 106
407 342
407 1
407 38
408 7
408 19
408 6
409 45
409 8
409 205
410 337
410 9
410 359
411 27
411 2
411 376
412 100
412 4
412 11
413 50
413 390
413 0
414 1
414 28
414 236
415 123
415 3
415 87
416 211
416 109
416 361
417 7
417 70
417 50
418 143
418 235
418 329
419 50
419 283
419 6
420 4
420 162
420 6
421 385
421 69
421 47
422 4
422 259
422 200
423 215
423 217
423 322
424 129
424 14
424 367
425 206
425 128
425 42
426 268
426 150
426 0
427 336
427 303
427 88
428 7
428 253
428 124
429 46
429 254
429 293
430 169
430 34
430 284
431 23
431 17
431 33
432 169
432 123
432 12
433 1
433 424
433 25
434 16
434 235
434 1
435 53
435 415
435 64
436 1
436 319
436 113
437 222
437 55
437 3
438 45
438 9
438 391
439 438
439 7
439 12
440 72
440 236
440 13
441 404
441 219
441 339
442 6
442 257
442 125
443 284
443 139
443 5
444 304
444 200
444 303
445 46
445 13
445 7
446 7
446 6
446 331
447 11
447 6
447 0
448 303
448 158
448 144
449 109
449 407
449 27
450 83
450 67
450 206
451 147
451 7
451 270
452 0
452 222
452 405
453 6
453 0
453 29
454 422
454 41
454 275
455 13
455 150
455 303
456 345
456 24
456 72
457 456
457 343
457 23
458 215
458 95
458 8
459 72
459 14
459 40
460 17
460 239
460 5
461 93
461 396
461 216
462 1
462 150
462 17
463 88
463 266
463 308
464 94
464 24
464 20
465 451
465 116
465 21
466 386
466 171
466 66
467 326
467 420
467 0
468 3
468 67
468 260
469 247
469 284
469 53
470 257
470 202
470 43
471 150
471 1
471 336
472 229
472 216
472 134
473 199
473 124
473 76
474 100
474 9
474 89
475 1
475 9
475 119
476 23
476 180
476 236
477 5
477 156
477 228
478 392
478 190
478 50
479 156
479 410
479 265
480 246
480 236
480 199
481 200
481 54
481 295
482 397
482 396
482 460
483 8
483 95
483 219
484 451
484 0
484 169
485 136
485 462
485 33
486 100
486 273
486 80
487 163
487 19
487 215
488 164
488 169
488 7
489 17
489 1
489 411
490 19
490 84
490 88
491 415
491 476
491 36
492 1
492 209
492 3
493 84
493 383
493 13
494 216
494 468
494 279
495 327
495 17
495 11
496 305
496 197
496 53
497 362
497 43
497 3
498 2
498 199
498 331
499 491
499 0
499 58
