0 1
1 0
2 1
2 0
3 0
3 1
3 2
4 0
4 1
4 2
5 0
5 2
5 1
6 5
6 0
6 3
7 1
7 6
7 4
8 0
8 3
8 2
9 5
9 2
9 1
10 1
10 2
10 6
11 1
11 3
11 0
12 6
12 2
12 1
13 2
13 10
13 1
14 11
14 0
14 2
15 5
15 2
15 1
16 15
16 10
16 2
17 1
17 0
17 10
18 5
18 11
18 16
19 16
19 2
19 0
20 3
20 1
20 2
21 2
21 11
21 0
22 18
22 9
22 11
23 0
23 11
23 9
24 2
24 0
24 16
25 16
25 6
25 3
26 5
26 2
26 1
27 16
27 0
27 2
28 18
28 3
28 1
29 8
29 2
29 7
30 17
30 27
30 2
31 22
31 2
31 0
32 1
32 0
32 12
33 9
33 22
33 21
34 3
34 16
34 25
35 1
35 30
35 4
36 3
36 2
36 16
37 2
37 17
37 4
38 35
38 0
38 36
39 3
39 38
39 0
40 9
40 10
40 16
41 5
41 29
41 15
42 2
42 30
42 36
43 9
43 23
43 30
44 37
44 29
44 30
45 0
45 34
45 1
46 30
46 6
46 2
47 1
47 32
47 25
48 0
48 21
48 16
49 11
49 48
49 0
