0 1
0 2
1 0
1 2
2 1
2 0
3 0
3 2
3 1
4 0
4 2
4 1
5 0
5 2
5 4
6 4
6 0
6 2
7 2
7 1
7 5
8 0
8 1
8 5
9 5
9 1
9 3
10 6
10 2
10 1
11 7
11 5
11 0
12 7
12 4
12 5
13 0
13 2
13 1
14 2
14 1
14 4
15 6
15 9
15 4
16 1
16 3
16 0
17 5
17 11
17 7
18 14
18 1
18 5
19 1
19 11
19 2
20 17
20 4
20 6
21 11
21 17
21 0
22 8
22 2
22 1
23 11
23 6
23 12
24 15
24 9
24 22
25 2
25 24
25 5
26 21
26 4
26 14
27 22
27 1
27 2
28 5
28 17
28 19
29 1
29 0
29 2
30 7
30 4
30 8
31 6
31 17
31 26
32 1
32 4
32 24
33 17
33 14
33 0
34 11
34 5
34 33
35 1
35 5
35 28
36 7
36 17
36 10
37 5
37 1
37 2
38 1
38 4
38 24
39 7
39 0
39 11
40 20
40 0
40 4
41 1
41 30
41 40
42 4
42 15
42 7
43 4
43 2
43 0
44 31
44 7
44 3
45 42
45 4
45 30
46 4
46 12
46 7
47 5
47 17
47 0
48 4
48 2
48 0
49 20
49 45
49 35
50 21
50 30
50 2
51 12
51 43
51 4
52 6
52 7
52 12
53 26
53 25
53 5
54 3
54 4
54 23
55 12
55 28
55 33
56 2
56 37
56 26
57 56
57 0
57 14
58 42
58 15
58 44
59 3
59 26
59 51
60 5
60 38
60 3
61 46
61 52
61 30
62 20
62 16
62 49
63 23
63 61
63 21
64 15
64 61
64 27
65 42
65 41
65 32
66 38
66 4
66 42
67 48
67 66
67 1
68 20
68 53
68 3
69 0
69 23
69 36
70 2
70 61
70 32
71 26
71 36
71 15
72 21
72 62
72 48
73 5
73 64
73 52
74 30
74 61
74 17
75 1
75 17
75 40
76 18
76 62
76 2
77 0
77 43
77 10
78 4
78 38
78 26
79 37
79 7
79 20
80 17
80 38
80 43
81 55
81 0
81 38
82 56
82 1
82 67
83 75
83 59
83 30
84 36
84 0
84 28
85 75
85 69
85 84
86 42
86 45
86 72
87 2
87 75
87 9
88 66
88 28
88 26
89 78
89 1
89 30
90 24
90 31
90 57
91 14
91 75
91 36
92 83
92 0
92 40
93 19
93 41
93 1
94 74
94 32
94 71
95 0
95 14
95 40
96 10
96 37
96 16
97 78
97 39
97 87
98 89
98 31
98 22
99 4
99 22
99 7
