0 1
0 2
0 3
0 4
0 5
1 0
1 2
1 3
1 4
1 5
2 0
2 1
2 3
2 4
2 7
3 0
3 2
3 1
3 5
3 6
4 0
4 1
4 2
4 6
4 7
5 3
5 1
5 0
5 13
5 15
6 3
6 4
6 0
6 8
6 14
7 4
7 1
7 2
7 10
7 30
8 6
8 2
8 0
8 45
9 4
9 2
9 3
9 12
10 7
10 2
10 1
10 11
10 46
11 0
11 4
11 10
11 16
11 25
12 9
12 3
12 4
12 13
12 17
13 5
13 0
13 12
13 14
13 20
14 6
14 3
14 13
14 16
14 26
15 5
15 4
15 6
15 21
15 25
16 2
16 11
16 14
16 18
16 20
17 2
17 4
17 12
17 33
17 41
18 5
18 6
18 16
18 20
18 21
19 0
19 1
19 3
20 13
20 16
20 18
20 47
21 15
21 18
21 4
21 34
21 40
22 1
22 18
22 2
23 18
23 1
23 6
24 12
24 2
24 6
24 28
24 37
25 15
25 11
25 3
25 34
26 14
26 0
26 18
27 16
27 13
27 0
28 12
28 24
28 2
28 45
29 0
29 3
29 2
30 1
30 7
30 3
30 42
30 43
31 14
31 2
31 1
32 14
32 13
32 6
32 35
33 12
33 4
33 17
33 47
34 25
34 21
34 6
34 35
34 37
35 1
35 32
35 34
35 38
36 2
36 12
36 16
36 37
36 41
37 34
37 36
37 24
38 35
38 1
38 13
38 46
39 18
39 2
39 14
40 6
40 21
40 2
40 46
41 36
41 3
41 17
41 44
41 48
42 21
42 36
42 30
43 30
43 3
43 0
43 44
44 43
44 41
44 6
45 8
45 0
45 28
46 38
46 10
46 40
46 47
47 33
47 46
47 20
47 49
48 10
48 41
48 24
49 36
49 47
49 12
