1 0
2 1
2 0
3 0
3 1
3 2
4 1
4 2
4 0
5 0
5 2
5 4
6 0
6 3
6 1
7 5
7 1
7 4
8 6
8 0
8 3
9 1
9 2
9 0
10 6
10 4
10 1
11 1
11 0
11 6
12 0
12 1
12 10
13 0
13 12
13 11
14 4
14 3
14 8
15 14
15 2
15 0
16 2
16 0
16 6
17 12
17 15
17 0
18 2
18 16
18 11
19 1
19 10
19 18
20 19
20 3
20 0
21 1
21 8
21 19
22 8
22 2
22 19
23 22
23 19
23 1
24 12
24 0
24 1
25 6
25 11
25 0
26 0
26 20
26 11
27 12
27 16
27 15
28 0
28 11
28 18
29 17
29 28
29 4
30 15
30 1
30 8
31 9
31 4
31 8
32 5
32 8
32 3
33 5
33 9
33 27
34 33
34 28
34 23
35 29
35 20
35 28
36 0
36 4
36 2
37 18
37 15
37 16
38 1
38 17
38 37
39 18
39 0
39 3
40 23
40 15
40 37
41 0
41 20
41 1
42 11
42 8
42 35
43 0
43 20
43 1
44 25
44 1
44 2
45 1
45 37
45 2
46 23
46 0
46 18
47 6
47 4
47 43
48 0
48 46
48 6
49 1
49 0
49 3
