0 1
1 0
2 0
2 1
3 1
3 2
3 0
4 0
4 3
4 1
5 1
5 3
5 0
6 0
6 1
6 3
7 0
7 5
7 3
8 3
8 1
8 0
9 5
9 3
9 0
10 0
10 1
10 3
11 1
11 3
11 7
12 6
12 5
12 9
13 9
13 0
13 7
14 5
14 4
14 0
15 1
15 3
15 0
16 1
16 11
16 0
17 6
17 10
17 0
18 0
18 1
18 3
19 0
19 3
19 15
20 3
20 2
20 1
21 0
21 3
21 16
22 3
22 6
22 7
23 6
23 10
23 20
24 1
24 16
24 12
25 1
25 13
25 2
26 20
26 0
26 5
27 3
27 6
27 26
28 6
28 13
28 7
29 13
29 4
29 0
30 4
30 3
30 2
31 23
31 0
31 13
32 18
32 0
32 26
33 3
33 19
33 26
34 21
34 7
34 3
35 0
35 26
35 7
36 16
36 0
36 3
37 13
37 0
37 30
38 0
38 30
38 21
39 3
39 13
39 16
40 38
40 20
40 13
41 34
41 23
41 30
42 3
42 5
42 1
43 19
43 39
43 7
44 40
44 7
44 2
45 0
45 24
45 4
46 30
46 15
46 1
47 3
47 7
47 46
48 35
48 6
48 27
49 11
49 7
49 6
50 1
50 37
50 16
51 9
51 19
51 0
52 7
52 34
52 12
53 47
53 16
53 20
54 10
54 26
54 31
55 40
55 50
55 1
56 0
56 17
56 25
57 10
57 54
57 7
58 17
58 0
58 5
59 13
59 30
59 53
60 43
60 1
60 28
61 49
61 7
61 1
62 0
62 61
62 47
63 17
63 30
63 4
64 49
64 11
64 28
65 29
65 0
65 41
66 57
66 16
66 12
67 7
67 0
67 1
68 13
68 0
68 61
69 7
69 53
69 0
70 7
70 15
70 64
71 39
71 2
71 20
72 1
72 10
72 0
73 19
73 0
73 24
74 60
74 1
74 15
75 30
75 0
75 24
76 53
76 48
76 13
77 34
77 37
77 57
78 17
78 66
78 0
79 17
79 14
79 70
80 0
80 25
80 61
81 21
81 7
81 12
82 2
82 15
82 0
83 1
83 2
83 24
84 64
84 52
84 60
85 3
85 62
85 40
86 7
86 1
86 11
87 57
87 60
87 28
88 9
88 57
88 15
89 11
89 57
89 17
90 43
90 77
90 25
91 6
91 60
91 7
92 54
92 30
92 14
93 7
93 24
93 5
94 92
94 7
94 86
95 6
95 74
95 49
96 55
96 45
96 8
97 22
97 1
97 60
98 3
98 39
98 6
99 83
99 12
99 5
100 53
100 80
100 70
101 16
101 12
101 23
102 80
102 5
102 0
103 46
103 82
103 64
104 37
104 26
104 70
105 84
105 19
105 70
106 23
106 46
106 4
107 57
107 54
107 8
108 105
108 60
108 5
109 75
109 7
109 35
110 6
110 38
110 18
111 45
111 7
111 108
112 77
112 80
112 14
113 46
113 81
113 75
114 75
114 1
114 45
115 1
115 53
115 22
116 57
116 26
116 3
117 1
117 57
117 19
118 61
118 26
118 17
119 94
119 54
119 2
120 1
120 4
120 32
121 99
121 17
121 81
122 8
122 92
122 14
123 117
123 8
123 0
124 17
124 19
124 80
125 45
125 7
125 13
126 7
126 81
126 0
127 45
127 104
127 41
128 34
128 19
128 10
129 30
129 64
129 24
130 0
130 13
130 110
131 99
131 0
131 19
132 78
132 12
132 24
133 6
133 3
133 102
134 78
134 53
134 25
135 45
135 40
135 19
136 1
136 7
136 45
137 49
137 8
137 4
138 47
138 1
138 68
139 116
139 3
139 5
140 3
140 37
140 39
141 24
141 30
141 4
142 13
142 73
142 27
143 70
143 108
143 75
144 17
144 117
144 31
145 6
145 14
145 3
146 13
146 41
146 108
147 83
147 75
147 101
148 62
148 7
148 23
149 95
149 11
149 0
150 141
150 11
150 83
151 29
151 19
151 1
152 133
152 6
152 4
153 74
153 68
153 148
154 66
154 1
154 21
155 52
155 104
155 5
156 132
156 13
156 19
157 0
157 22
157 6
158 80
158 2
158 55
159 103
159 7
159 131
160 87
160 4
160 92
161 9
161 111
161 80
162 5
162 108
162 1
163 148
163 142
163 0
164 60
164 6
164 3
165 80
165 50
165 3
166 71
166 42
166 101
167 45
167 3
167 62
168 25
168 7
168 83
169 151
169 0
169 128
170 110
170 6
170 90
171 3
171 116
171 67
172 47
172 0
172 71
173 73
173 136
173 0
174 141
174 146
174 160
175 57
175 66
175 90
176 86
176 43
176 64
177 3
177 147
177 24
178 88
178 45
178 14
179 134
179 67
179 8
180 110
180 29
180 102
181 103
181 96
181 174
182 2
182 91
182 5
183 0
183 15
183 11
184 83
184 174
184 107
185 141
185 110
185 132
186 108
186 29
186 79
187 8
187 6
187 101
188 45
188 26
188 127
189 35
189 120
189 28
190 16
190 143
190 181
191 4
191 104
191 190
192 170
192 6
192 83
193 104
193 13
193 131
194 75
194 0
194 60
195 13
195 3
195 152
196 146
196 45
196 101
197 7
197 86
197 1
198 83
198 13
198 3
199 76
199 52
199 96
200 7
200 64
200 92
201 21
201 1
201 107
202 14
202 32
202 164
203 40
203 159
203 165
204 27
204 6
204 107
205 160
205 7
205 181
206 32
206 30
206 153
207 0
207 1
207 40
208 53
208 21
208 47
209 131
209 13
209 87
210 31
210 4
210 109
211 7
211 19
211 154
212 70
212 172
212 16
213 11
213 120
213 98
214 172
214 201
214 80
215 20
215 90
215 200
216 180
216 122
216 169
217 124
217 126
217 0
218 1
218 2
218 142
219 61
219 26
219 11
220 153
220 62
220 47
221 23
221 148
221 217
222 47
222 157
222 83
223 5
223 21
223 194
224 13
224 122
224 19
225 102
225 171
225 133
226 137
226 0
226 211
227 45
227 84
227 97
228 53
228 159
228 48
229 48
229 6
229 75
230 182
230 16
230 1
231 8
231 3
231 5
232 40
232 213
232 13
233 30
233 82
233 64
234 133
234 81
234 7
235 60
235 72
235 217
236 52
236 11
236 223
237 19
237 50
237 16
238 26
238 1
238 2
239 12
239 1
239 50
240 103
240 72
240 195
241 13
241 6
241 12
242 0
242 24
242 107
243 69
243 231
243 60
244 3
244 242
244 13
245 132
245 238
245 1
246 181
246 43
246 86
247 40
247 198
247 79
248 197
248 4
248 154
249 24
249 173
249 169
250 97
250 169
250 153
251 184
251 112
251 5
252 17
252 3
252 23
253 14
253 7
253 48
254 39
254 22
254 200
255 23
255 24
255 164
256 141
256 97
256 75
257 22
257 26
257 227
258 99
258 126
258 47
259 64
259 248
259 107
260 64
260 96
260 1
261 9
261 82
261 3
262 191
262 11
262 31
263 136
263 50
263 19
264 141
264 12
264 26
265 1
265 12
265 166
266 78
266 226
266 0
267 45
267 53
267 187
268 1
268 5
268 251
269 4
269 143
269 81
270 0
270 26
270 99
271 81
271 46
271 52
272 18
272 40
272 86
273 29
273 1
273 19
274 61
274 83
274 133
275 160
275 102
275 191
276 163
276 13
276 168
277 49
277 0
277 32
278 0
278 79
278 41
279 29
279 13
279 32
280 3
280 0
280 279
281 92
281 46
281 259
282 17
282 88
282 99
283 52
283 281
283 0
284 47
284 79
284 8
285 128
285 1
285 200
286 203
286 65
286 30
287 138
287 154
287 92
288 181
288 3
288 97
289 21
289 139
289 154
290 89
290 13
290 151
291 3
291 206
291 135
292 10
292 213
292 47
293 38
293 143
293 0
294 111
294 5
294 24
295 23
295 74
295 148
296 102
296 2
296 87
297 83
297 276
297 0
298 141
298 1
298 90
299 9
299 40
299 19
300 224
300 57
300 96
301 163
301 57
301 190
302 195
302 37
302 2
303 5
303 24
303 2
304 254
304 1
304 303
305 74
305 58
305 234
306 262
306 250
306 3
307 46
307 4
307 63
308 272
308 61
308 234
309 21
309 34
309 235
310 100
310 46
310 286
311 65
311 43
311 123
312 32
312 13
312 53
313 206
313 7
313 97
314 226
314 72
314 232
315 141
315 3
315 194
316 198
316 106
316 206
317 224
317 34
317 137
318 296
318 231
318 262
319 19
319 144
319 41
320 64
320 14
320 103
321 43
321 122
321 0
322 87
322 20
322 49
323 176
323 8
323 52
324 12
324 6
324 80
325 281
325 7
325 40
326 9
326 86
326 145
327 223
327 21
327 95
328 33
328 129
328 199
329 287
329 27
329 180
330 14
330 1
330 235
331 20
331 12
331 144
332 21
332 260
332 296
333 181
333 1
333 77
334 303
334 77
334 179
335 332
335 122
335 64
336 15
336 150
336 91
337 73
337 95
337 60
338 280
338 57
338 221
339 73
339 88
339 5
340 190
340 34
340 291
341 242
341 313
341 24
342 106
342 53
342 170
343 57
343 207
343 178
344 216
344 43
344 6
345 4
345 208
345 330
346 260
346 244
346 41
347 144
347 165
347 38
348 73
348 92
348 296
349 57
349 17
349 6
350 34
350 0
350 10
351 0
351 334
351 87
352 61
352 237
352 21
353 112
353 182
353 6
354 1
354 305
354 119
355 354
355 140
355 185
356 31
356 83
356 278
357 12
357 83
357 322
358 282
358 0
358 163
359 71
359 164
359 100
360 1
360 6
360 16
361 261
361 216
361 172
362 145
362 310
362 237
363 68
363 0
363 113
364 225
364 155
364 240
365 6
365 337
365 211
366 225
366 57
366 45
367 13
367 251
367 318
368 3
368 34
368 160
369 85
369 358
369 238
370 353
370 52
370 37
371 195
371 207
371 213
372 97
372 227
372 27
373 92
373 55
373 244
374 74
374 1
374 3
375 283
375 94
375 230
376 107
376 122
376 28
377 92
377 260
377 19
378 53
378 159
378 101
379 304
379 6
379 1
380 358
380 165
380 87
381 122
381 9
381 16
382 31
382 290
382 261
383 132
383 7
383 291
384 10
384 244
384 181
385 382
385 13
385 6
386 283
386 175
386 26
387 316
387 293
387 30
388 57
388 13
388 142
389 343
389 88
389 126
390 328
390 14
390 34
391 199
391 52
391 190
392 7
392 287
392 106
393 141
393 26
393 69
394 14
394 383
394 52
395 141
395 353
395 7
396 118
396 309
396 72
397 60
397 170
397 85
398 6
398 228
398 1
399 370
399 304
399 6
400 250
400 70
400 151
401 335
401 3
401 179
402 332
402 46
402 305
403 118
403 266
403 362
404 15
404 53
404 262
405 7
405 221
405 337
406 95
406 47
406 341
407 6
407 383
407 290
408 140
408 49
408 217
409 7
409 12
409 323
410 0
410 7
410 383
411 171
411 275
411 118
412 3
412 0
412 227
413 328
413 125
413 3
414 194
414 242
414 11
415 148
415 337
415 71
416 1
416 202
416 403
417 273
417 181
417 30
418 261
418 211
418 237
419 30
419 361
419 93
420 148
420 229
420 268
421 9
421 1
421 34
422 154
422 157
422 268
423 319
423 352
423 40
424 218
424 241
424 4
425 88
425 168
425 223
426 352
426 105
426 57
427 370
427 248
427 90
428 0
428 9
428 226
429 316
429 94
429 183
430 426
430 63
430 3
431 351
431 163
431 107
432 5
432 1
432 0
433 42
433 231
433 73
434 13
434 77
434 178
435 383
435 209
435 66
436 332
436 202
436 26
437 218
437 155
437 0
438 7
438 0
438 383
439 7
439 12
439 45
440 68
440 75
440 83
441 380
441 433
441 21
442 258
442 144
442 170
443 319
443 9
443 208
444 76
444 15
444 276
445 231
445 2
445 235
446 383
446 417
446 62
447 19
447 172
447 224
448 209
448 387
448 169
449 67
449 283
449 124
450 81
450 41
450 26
451 1
451 318
451 5
452 181
452 50
452 168
453 88
453 6
453 279
454 154
454 138
454 0
455 350
455 340
455 34
456 258
456 397
456 28
457 169
457 155
457 32
458 16
458 40
458 129
459 259
459 199
459 27
460 165
460 78
460 63
461 329
461 9
461 331
462 115
462 80
462 75
463 82
463 92
463 32
464 361
464 240
464 75
465 300
465 214
465 211
466 5
466 345
466 100
467 104
467 33
467 328
468 229
468 322
468 125
469 243
469 96
469 344
470 105
470 21
470 112
471 53
471 306
471 115
472 5
472 419
472 43
473 327
473 381
473 170
474 43
474 0
474 94
475 270
475 370
475 94
476 189
476 62
476 0
477 254
477 99
477 33
478 37
478 59
478 215
479 27
479 3
479 13
480 24
480 3
480 104
481 2
481 250
481 188
482 353
482 408
482 474
483 13
483 97
483 3
484 66
484 201
484 138
485 34
485 52
485 313
486 92
486 46
486 0
487 356
487 450
487 54
488 332
488 0
488 402
489 3
489 46
489 439
490 460
490 437
490 16
491 273
491 83
491 225
492 419
492 148
492 90
493 440
493 72
493 153
494 231
494 368
494 4
495 83
495 37
495 7
496 167
496 3
496 304
497 178
497 3
497 0
498 25
498 215
498 0
499 2
499 46
499 380
500 3
500 34
500 240
501 229
501 0
501 152
502 361
502 328
502 18
503 130
503 423
503 54
504 266
504 6
504 47
505 96
505 319
505 334
506 170
506 284
506 112
507 81
507 235
507 243
508 171
508 352
508 262
509 137
509 97
509 208
510 354
510 391
510 498
511 275
511 335
511 13
512 211
512 138
512 19
513 14
513 17
513 122
514 503
514 403
514 9
515 300
515 59
515 136
516 473
516 512
516 13
517 220
517 464
517 357
518 293
518 97
518 478
519 328
519 1
519 165
520 153
520 3
520 322
521 4
521 66
521 225
522 199
522 99
522 381
523 41
523 426
523 7
524 479
524 308
524 461
525 6
525 92
525 127
526 241
526 98
526 340
527 49
527 11
527 92
528 169
528 6
528 164
529 337
529 247
529 18
530 13
530 42
530 45
531 39
531 173
531 214
532 369
532 9
532 97
533 83
533 374
533 268
534 26
534 9
534 117
535 46
535 52
535 60
536 69
536 197
536 76
537 152
537 335
537 276
538 445
538 27
538 17
539 502
539 64
539 326
540 371
540 50
540 23
541 147
541 50
541 231
542 423
542 0
542 39
543 6
543 16
543 343
544 160
544 11
544 14
545 435
545 83
545 339
546 512
546 9
546 525
547 147
547 83
547 124
548 47
548 419
548 261
549 278
549 178
549 486
550 14
550 420
550 202
551 225
551 42
551 4
552 128
552 64
552 244
553 128
553 193
553 14
554 45
554 112
554 14
555 149
555 79
555 259
556 165
556 66
556 324
557 73
557 83
557 75
558 45
558 12
558 324
559 92
559 189
559 40
560 381
560 554
560 502
561 22
561 64
561 88
562 27
562 529
562 240
563 216
563 40
563 383
564 41
564 5
564 7
565 267
565 346
565 483
566 30
566 6
566 520
567 284
567 0
567 10
568 259
568 284
568 171
569 406
569 183
569 14
570 270
570 189
570 195
571 475
571 6
571 536
572 550
572 59
572 567
573 202
573 133
573 97
574 222
574 401
574 219
575 144
575 510
575 319
576 83
576 497
576 34
577 115
577 228
577 76
578 556
578 441
578 474
579 327
579 282
579 87
580 3
580 328
580 206
581 521
581 53
581 123
582 255
582 17
582 48
583 0
583 2
583 24
584 83
584 62
584 6
585 393
585 541
585 31
586 499
586 192
586 26
587 252
587 323
587 439
588 570
588 37
588 439
589 380
589 475
589 523
590 112
590 580
590 195
591 1
591 17
591 206
592 159
592 402
592 141
593 10
593 226
593 20
594 147
594 130
594 213
595 144
595 479
595 484
596 132
596 9
596 242
597 419
597 175
597 131
598 104
598 9
598 47
599 11
599 7
599 2
600 23
600 9
600 262
601 34
601 437
601 431
602 90
602 600
602 69
603 59
603 77
603 11
604 304
604 11
604 179
605 313
605 513
605 12
606 211
606 159
606 99
607 389
607 354
607 582
608 43
608 337
608 33
609 47
609 200
609 70
610 155
610 379
610 2
611 184
611 360
611 283
612 319
612 167
612 144
613 12
613 240
613 532
614 307
614 484
614 554
615 518
615 574
615 2
616 0
616 37
616 598
617 86
617 67
617 90
618 67
618 11
618 2
619 354
619 213
619 262
620 63
620 495
620 221
621 221
621 1
621 164
622 162
622 82
622 1
623 474
623 57
623 260
624 8
624 240
624 314
625 557
625 258
625 435
626 365
626 334
626 26
627 1
627 5
627 260
628 84
628 334
628 182
629 106
629 0
629 4
630 419
630 170
630 99
631 92
631 67
631 3
632 13
632 174
632 498
633 339
633 160
633 326
634 167
634 33
634 171
635 67
635 198
635 1
636 124
636 25
636 458
637 273
637 381
637 240
638 328
638 533
638 159
639 242
639 174
639 0
640 77
640 133
640 17
641 17
641 145
641 29
642 533
642 78
642 1
643 542
643 12
643 399
644 329
644 14
644 80
645 205
645 440
645 110
646 40
646 170
646 598
647 9
647 279
647 227
648 53
648 456
648 49
649 17
649 81
649 0
650 460
650 7
650 22
651 4
651 240
651 194
652 36
652 295
652 128
653 584
653 52
653 521
654 287
654 328
654 144
655 237
655 3
655 173
656 555
656 21
656 1
657 504
657 136
657 245
658 314
658 445
658 126
659 523
659 334
659 3
660 0
660 394
660 172
661 159
661 540
661 3
662 155
662 19
662 512
663 15
663 148
663 338
664 616
664 448
664 74
665 86
665 117
665 153
666 171
666 305
666 144
667 6
667 206
667 173
668 472
668 184
668 12
669 342
669 420
669 152
670 158
670 75
670 98
671 92
671 229
671 563
672 475
672 619
672 29
673 52
673 582
673 353
674 164
674 259
674 484
675 53
675 33
675 240
676 45
676 75
676 48
677 104
677 10
677 53
678 6
678 69
678 430
679 124
679 117
679 173
680 444
680 382
680 262
681 99
681 83
681 2
682 525
682 11
682 587
683 231
683 1
683 76
684 307
684 32
684 320
685 6
685 144
685 164
686 159
686 655
686 227
687 556
687 106
687 318
688 459
688 260
688 25
689 536
689 671
689 26
690 24
690 357
690 208
691 0
691 115
691 6
692 276
692 596
692 321
693 83
693 367
693 395
694 351
694 76
694 7
695 3
695 262
695 1
696 38
696 16
696 23
697 168
697 486
697 304
698 573
698 646
698 255
699 117
699 471
699 225
700 580
700 430
700 58
701 683
701 220
701 536
702 217
702 1
702 30
703 64
703 407
703 7
704 366
704 244
704 539
705 189
705 519
705 231
706 411
706 79
706 3
707 1
707 337
707 686
708 411
708 362
708 2
709 556
709 0
709 319
710 168
710 702
710 81
711 7
711 656
711 175
712 554
712 251
712 270
713 689
713 142
713 164
714 14
714 119
714 81
715 318
715 25
715 521
716 0
716 584
716 379
717 144
717 339
717 250
718 40
718 141
718 145
719 74
719 391
719 600
720 3
720 300
720 181
721 497
721 84
721 347
722 223
722 176
722 54
723 163
723 231
723 26
724 109
724 67
724 262
725 99
725 27
725 155
726 13
726 332
726 126
727 331
727 616
727 406
728 67
728 14
728 0
729 81
729 102
729 296
730 14
730 574
730 448
731 43
731 207
731 165
732 74
732 101
732 419
733 704
733 670
733 520
734 183
734 363
734 9
735 733
735 28
735 0
736 345
736 29
736 181
737 432
737 5
737 55
738 600
738 34
738 33
739 738
739 19
739 714
740 302
740 534
740 664
741 557
741 68
741 284
742 583
742 469
742 40
743 41
743 689
743 227
744 370
744 335
744 69
745 430
745 122
745 455
746 121
746 64
746 37
747 384
747 219
747 22
748 6
748 543
748 393
749 313
749 175
749 182
750 136
750 182
750 650
751 422
751 407
751 3
752 63
752 289
752 612
753 723
753 482
753 37
754 40
754 48
754 605
755 213
755 165
755 443
756 46
756 702
756 491
757 149
757 7
757 169
758 55
758 732
758 512
759 95
759 57
759 6
760 72
760 53
760 117
761 238
761 325
761 59
762 23
762 244
762 32
763 243
763 323
763 53
764 375
764 102
764 75
765 163
765 569
765 474
766 45
766 290
766 617
767 69
767 33
767 11
768 79
768 430
768 440
769 67
769 205
769 0
770 145
770 760
770 21
771 731
771 399
771 87
772 10
772 102
772 259
773 48
773 445
773 258
774 322
774 57
774 31
775 171
775 1
775 454
776 370
776 719
776 662
777 533
777 643
777 23
778 652
778 397
778 515
779 397
779 27
779 239
780 357
780 574
780 112
781 682
781 25
781 380
782 38
782 15
782 713
783 125
783 194
783 262
784 515
784 223
784 437
785 614
785 334
785 148
786 2
786 87
786 411
787 149
787 251
787 57
788 253
788 523
788 605
789 683
789 591
789 553
790 152
790 452
790 636
791 1
791 44
791 181
792 381
792 786
792 308
793 708
793 277
793 38
794 131
794 618
794 113
795 10
795 24
795 498
796 14
796 409
796 407
797 771
797 495
797 335
798 663
798 8
798 596
799 577
799 79
799 260
800 250
800 1
800 543
801 474
801 98
801 765
802 739
802 30
802 213
803 88
803 79
803 42
804 4
804 11
804 795
805 735
805 71
805 637
806 88
806 574
806 2
807 150
807 122
807 484
808 550
808 669
808 34
809 19
809 491
809 156
810 1
810 269
810 48
811 616
811 551
811 27
812 244
812 242
812 170
813 731
813 314
813 114
814 419
814 153
814 10
815 647
815 2
815 153
816 365
816 512
816 436
817 124
817 7
817 495
818 7
818 16
818 597
819 423
819 504
819 59
820 54
820 12
820 542
821 258
821 231
821 789
822 605
822 575
822 794
823 70
823 256
823 805
824 526
824 40
824 0
825 445
825 141
825 162
826 70
826 22
826 651
827 358
827 605
827 484
828 370
828 54
828 571
829 53
829 809
829 636
830 276
830 827
830 129
831 278
831 0
831 37
832 743
832 250
832 707
833 42
833 138
833 556
834 154
834 578
834 237
835 432
835 105
835 17
836 253
836 171
836 165
837 573
837 758
837 673
838 31
838 73
838 15
839 160
839 837
839 584
840 787
840 464
840 64
841 149
841 760
841 371
842 81
842 380
842 302
843 743
843 460
843 125
844 47
844 211
844 606
845 658
845 70
845 197
846 365
846 577
846 284
847 3
847 182
847 60
848 24
848 4
848 466
849 622
849 550
849 406
850 57
850 736
850 70
851 568
851 128
851 302
852 538
852 1
852 3
853 5
853 309
853 96
854 175
854 484
854 533
855 210
855 223
855 822
856 7
856 13
856 389
857 59
857 71
857 181
858 37
858 57
858 598
859 319
859 52
859 484
860 473
860 29
860 49
861 220
861 744
861 2
862 725
862 533
862 92
863 385
863 798
863 83
864 4
864 739
864 562
865 16
865 557
865 160
866 606
866 54
866 23
867 3
867 614
867 12
868 438
868 430
868 6
869 335
869 611
869 131
870 589
870 67
870 92
871 535
871 45
871 190
872 135
872 70
872 69
873 747
873 500
873 512
874 602
874 47
874 74
875 4
875 53
875 390
876 8
876 512
876 7
877 87
877 607
877 641
878 328
878 420
878 512
879 17
879 258
879 241
880 269
880 838
880 528
881 45
881 334
881 624
882 173
882 53
882 152
883 12
883 188
883 259
884 332
884 161
884 1
885 664
885 661
885 274
886 383
886 99
886 354
887 11
887 760
887 15
888 475
888 75
888 339
889 543
889 589
889 667
890 6
890 41
890 403
891 688
891 358
891 27
892 819
892 407
892 509
893 13
893 657
893 314
894 5
894 710
894 393
895 274
895 798
895 281
896 741
896 3
896 484
897 54
897 616
897 236
898 145
898 70
898 229
899 450
899 729
899 498
900 636
900 259
900 314
901 508
901 20
901 67
902 5
902 19
902 13
903 407
903 0
903 9
904 554
904 64
904 2
905 63
905 333
905 344
906 6
906 87
906 244
907 866
907 48
907 897
908 334
908 235
908 643
909 216
909 154
909 445
910 40
910 3
910 833
911 195
911 137
911 64
912 498
912 8
912 335
913 573
913 575
913 260
914 101
914 90
914 47
915 432
915 485
915 111
916 255
916 344
916 200
917 185
917 754
917 870
918 318
918 857
918 27
919 173
919 190
919 570
920 0
920 466
920 259
921 574
921 913
921 26
922 57
922 419
922 98
923 679
923 628
923 451
924 59
924 901
924 213
925 92
925 104
925 477
926 50
926 587
926 24
927 573
927 3
927 61
928 422
928 899
928 477
929 319
929 507
929 170
930 686
930 168
930 480
931 238
931 397
931 493
932 489
932 287
932 228
933 181
933 302
933 725
934 504
934 281
934 37
935 3
935 261
935 574
936 400
936 10
936 378
937 487
937 413
937 790
938 108
938 242
938 132
939 694
939 878
939 326
940 351
940 240
940 171
941 185
941 404
941 616
942 536
942 19
942 22
943 358
943 182
943 579
944 74
944 21
944 172
945 369
945 117
945 6
946 3
946 42
946 7
947 281
947 822
947 428
948 214
948 440
948 130
949 148
949 182
949 125
950 446
950 244
950 19
951 0
951 61
951 52
952 735
952 493
952 154
953 6
953 367
953 376
954 226
954 603
954 655
955 16
955 560
955 0
956 761
956 193
956 95
957 322
957 706
957 77
958 276
958 552
958 359
959 3
959 230
959 670
960 437
960 459
960 28
961 86
961 6
961 533
962 583
962 757
962 4
963 101
963 5
963 28
964 43
964 226
964 357
965 383
965 253
965 340
966 16
966 74
966 7
967 362
967 141
967 136
968 149
968 122
968 34
969 658
969 1
969 460
970 376
970 741
970 19
971 19
971 52
971 612
972 686
972 70
972 562
973 248
973 364
973 259
974 172
974 60
974 327
975 636
975 75
975 13
976 52
976 180
976 916
977 259
977 34
977 27
978 734
978 54
978 3
979 173
979 965
979 253
980 2
980 6
980 936
981 3
981 481
981 50
982 222
982 54
982 135
983 314
983 671
983 775
984 244
984 209
984 3
985 208
985 663
985 248
986 445
986 366
986 329
987 492
987 105
987 1
988 591
988 189
988 210
989 207
989 400
989 85
990 24
990 326
990 77
991 31
991 574
991 30
992 0
992 63
992 751
993 495
993 158
993 262
994 180
994 635
994 445
995 75
995 159
995 83
996 26
996 123
996 169
997 947
997 57
997 7
998 743
998 25
998 720
999 643
999 53
999 753
