0 1
1 0
2 0
2 1
3 0
3 2
3 1
4 3
4 1
4 0
5 3
5 0
5 1
6 0
6 2
6 3
7 5
7 0
7 3
8 2
8 3
8 1
9 7
9 5
9 3
10 5
10 8
10 3
11 4
11 3
11 2
12 5
12 8
12 2
13 8
13 1
13 11
14 12
14 5
14 7
15 2
15 0
15 3
16 0
16 3
16 12
17 5
17 7
17 3
18 11
18 14
18 0
19 11
19 14
19 6
20 8
20 12
20 18
21 4
21 3
21 10
22 18
22 5
22 8
23 2
23 3
23 1
24 17
24 1
24 3
25 19
25 3
25 23
26 3
26 15
26 23
27 15
27 9
27 0
28 18
28 24
28 7
29 5
29 0
29 9
30 0
30 3
30 21
31 8
31 13
31 3
32 4
32 3
32 18
33 30
33 2
33 15
34 0
34 3
34 1
35 3
35 16
35 8
36 0
36 18
36 17
37 35
37 18
37 4
38 1
38 0
38 16
39 30
39 25
39 5
40 18
40 5
40 1
41 3
41 0
41 16
42 5
42 1
42 22
43 23
43 17
43 31
44 16
44 30
44 18
45 1
45 11
45 34
46 17
46 5
46 30
47 0
47 2
47 5
48 5
48 37
48 1
49 47
49 44
49 12
50 3
50 38
50 25
51 1
51 2
51 28
52 0
52 25
52 3
53 7
53 1
53 51
54 15
54 24
54 18
55 8
55 22
55 52
56 8
56 13
56 0
57 5
57 53
57 35
58 55
58 2
58 8
59 35
59 5
59 15
60 3
60 9
60 55
61 5
61 24
61 2
62 9
62 35
62 7
63 12
63 0
63 3
64 46
64 36
64 1
65 3
65 2
65 55
66 28
66 46
66 6
67 51
67 0
67 24
68 25
68 13
68 5
69 24
69 32
69 9
70 2
70 53
70 5
71 58
71 37
71 5
72 35
72 47
72 56
73 23
73 66
73 39
74 34
74 3
74 5
75 1
75 25
75 12
76 43
76 24
76 0
77 26
77 53
77 39
78 14
78 15
78 31
79 59
79 23
79 20
80 55
80 52
80 7
81 5
81 65
81 0
82 77
82 72
82 81
83 0
83 3
83 30
84 24
84 9
84 40
85 69
85 3
85 1
86 14
86 34
86 26
87 13
87 43
87 52
88 7
88 8
88 25
89 3
89 13
89 44
90 3
90 15
90 35
91 4
91 54
91 5
92 6
92 7
92 69
93 81
93 36
93 15
94 1
94 55
94 90
95 92
95 7
95 2
96 28
96 1
96 11
97 72
97 1
97 61
98 5
98 3
98 9
99 98
99 95
99 67
100 75
100 22
100 24
101 6
101 38
101 3
102 0
102 91
102 47
103 40
103 35
103 58
104 3
104 24
104 83
105 7
105 45
105 17
106 15
106 5
106 98
107 6
107 40
107 27
108 6
108 3
108 19
109 44
109 41
109 78
110 53
110 17
110 1
111 31
111 69
111 23
112 25
112 8
112 54
113 74
113 72
113 35
114 89
114 15
114 74
115 8
115 3
115 60
116 12
116 2
116 10
117 5
117 28
117 3
118 28
118 78
118 22
119 79
119 6
119 17
120 74
120 17
120 24
121 2
121 37
121 58
122 21
122 24
122 18
123 46
123 55
123 5
124 76
124 70
124 43
125 86
125 37
125 11
126 47
126 97
126 8
127 17
127 126
127 12
128 114
128 11
128 93
129 104
129 2
129 44
130 16
130 77
130 106
131 21
131 78
131 2
132 44
132 28
132 23
133 34
133 27
133 3
134 94
134 55
134 126
135 12
135 114
135 74
136 20
136 2
136 51
137 115
137 50
137 126
138 137
138 23
138 100
139 66
139 14
139 54
140 85
140 96
140 2
141 57
141 3
141 12
142 44
142 110
142 11
143 122
143 12
143 29
144 5
144 14
144 32
145 137
145 111
145 54
146 96
146 105
146 28
147 6
147 10
147 8
148 14
148 3
148 69
149 5
149 69
149 99
150 130
150 111
150 116
151 6
151 54
151 77
152 151
152 34
152 59
153 53
153 113
153 64
154 1
154 100
154 43
155 12
155 90
155 24
156 26
156 43
156 8
157 92
157 15
157 3
158 16
158 133
158 64
159 144
159 134
159 19
160 3
160 87
160 24
161 44
161 5
161 43
162 22
162 104
162 1
163 36
163 15
163 46
164 53
164 38
164 100
165 60
165 161
165 6
166 105
166 25
166 88
167 42
167 140
167 14
168 14
168 35
168 96
169 156
169 38
169 117
170 42
170 9
170 85
171 24
171 1
171 141
172 108
172 128
172 23
173 155
173 83
173 94
174 43
174 31
174 152
175 111
175 18
175 96
176 79
176 104
176 132
177 162
177 53
177 25
178 35
178 41
178 3
179 4
179 0
179 58
180 0
180 3
180 5
181 14
181 85
181 58
182 18
182 145
182 3
183 35
183 0
183 143
184 5
184 43
184 126
185 30
185 15
185 8
186 53
186 91
186 9
187 4
187 5
187 3
188 64
188 43
188 186
189 11
189 79
189 54
190 139
190 13
190 3
191 153
191 31
191 36
192 13
192 24
192 9
193 1
193 112
193 108
194 5
194 32
194 109
195 38
195 44
195 85
196 13
196 3
196 4
197 104
197 3
197 126
198 50
198 17
198 10
199 97
199 0
199 5
200 55
200 73
200 8
201 55
201 128
201 85
202 23
202 0
202 76
203 0
203 83
203 162
204 18
204 128
204 7
205 9
205 4
205 128
206 3
206 9
206 121
207 131
207 9
207 23
208 5
208 35
208 34
209 24
209 23
209 6
210 146
210 155
210 202
211 61
211 24
211 137
212 81
212 202
212 146
213 6
213 12
213 35
214 54
214 0
214 100
215 114
215 84
215 1
216 119
216 173
216 7
217 108
217 65
217 155
218 67
218 87
218 91
219 0
219 132
219 180
220 78
220 16
220 51
221 8
221 97
221 185
222 26
222 19
222 23
223 61
223 158
223 44
224 104
224 202
224 72
225 45
225 5
225 78
226 1
226 48
226 11
227 39
227 203
227 138
228 48
228 176
228 74
229 2
229 193
229 69
230 77
230 27
230 198
231 143
231 201
231 169
232 156
232 115
232 204
233 5
233 132
233 114
234 44
234 6
234 203
235 34
235 20
235 47
236 1
236 7
236 55
237 5
237 45
237 150
238 82
238 7
238 160
239 186
239 148
239 9
240 3
240 81
240 126
241 113
241 7
241 104
242 77
242 115
242 103
243 106
243 93
243 4
244 12
244 47
244 2
245 14
245 108
245 44
246 3
246 23
246 237
247 212
247 97
247 239
248 70
248 132
248 3
249 13
249 141
249 241
250 157
250 240
250 204
251 16
251 150
251 82
252 163
252 105
252 53
253 28
253 47
253 202
254 15
254 111
254 13
255 88
255 21
255 31
256 53
256 37
256 132
257 141
257 77
257 87
258 155
258 97
258 111
259 39
259 52
259 179
260 13
260 151
260 24
261 204
261 78
261 47
262 14
262 95
262 96
263 89
263 4
263 133
264 46
264 39
264 93
265 257
265 24
265 92
266 175
266 4
266 87
267 3
267 186
267 169
268 3
268 232
268 6
269 121
269 106
269 91
270 80
270 24
270 11
271 5
271 182
271 10
272 139
272 204
272 119
273 25
273 3
273 87
274 109
274 73
274 145
275 89
275 223
275 12
276 227
276 183
276 181
277 134
277 145
277 267
278 64
278 3
278 55
279 120
279 154
279 4
280 25
280 90
280 85
281 14
281 77
281 16
282 274
282 220
282 265
283 5
283 4
283 7
284 254
284 227
284 225
285 74
285 55
285 25
286 11
286 6
286 22
287 211
287 28
287 8
288 125
288 204
288 182
289 217
289 47
289 19
290 55
290 186
290 104
291 26
291 142
291 133
292 69
292 116
292 42
293 17
293 8
293 5
294 231
294 8
294 191
295 51
295 38
295 8
296 156
296 3
296 154
297 72
297 82
297 197
298 86
298 0
298 98
299 154
299 20
299 28
300 62
300 3
300 5
301 5
301 251
301 81
302 254
302 14
302 25
303 91
303 111
303 41
304 3
304 72
304 9
305 78
305 22
305 90
306 11
306 23
306 56
307 193
307 223
307 248
308 76
308 0
308 5
309 272
309 14
309 41
310 171
310 60
310 27
311 159
311 268
311 106
312 16
312 201
312 69
313 82
313 26
313 1
314 268
314 294
314 128
315 139
315 3
315 286
316 260
316 284
316 58
317 159
317 41
317 227
318 35
318 180
318 164
319 67
319 21
319 176
320 188
320 291
320 25
321 205
321 3
321 298
322 14
322 89
322 283
323 109
323 117
323 243
324 109
324 12
324 80
325 140
325 181
325 290
326 65
326 314
326 221
327 24
327 3
327 92
328 95
328 0
328 43
329 92
329 138
329 25
330 22
330 57
330 15
331 0
331 35
331 121
332 317
332 83
332 148
333 211
333 5
333 13
334 9
334 175
334 126
335 143
335 281
335 198
336 276
336 4
336 111
337 203
337 225
337 96
338 199
338 85
338 103
339 290
339 224
339 205
340 52
340 295
340 33
341 18
341 71
341 193
342 14
342 40
342 1
343 44
343 12
343 89
344 3
344 65
344 76
345 272
345 53
345 154
346 111
346 105
346 62
347 53
347 125
347 5
348 44
348 321
348 23
349 220
349 113
349 136
350 115
350 202
350 328
351 46
351 251
351 54
352 90
352 42
352 2
353 246
353 4
353 17
354 38
354 24
354 304
355 219
355 311
355 5
356 15
356 5
356 69
357 321
357 4
357 236
358 177
358 215
358 13
359 114
359 1
359 43
360 215
360 144
360 71
361 0
361 169
361 16
362 22
362 217
362 72
363 12
363 162
363 115
364 63
364 214
364 7
365 18
365 14
365 67
366 214
366 273
366 95
367 9
367 114
367 121
368 132
368 211
368 183
369 72
369 0
369 62
370 230
370 319
370 172
371 312
371 318
371 30
372 220
372 164
372 23
373 282
373 186
373 26
374 169
374 64
374 223
375 41
375 14
375 221
376 220
376 19
376 111
377 365
377 69
377 303
378 13
378 336
378 27
379 85
379 27
379 0
380 5
380 57
380 152
381 267
381 358
381 67
382 79
382 227
382 122
383 3
383 24
383 53
384 85
384 314
384 12
385 147
385 322
385 6
386 160
386 202
386 6
387 200
387 36
387 116
388 4
388 137
388 71
389 255
389 133
389 166
390 2
390 26
390 0
391 11
391 27
391 17
392 9
392 164
392 370
393 185
393 133
393 335
394 136
394 222
394 325
395 27
395 358
395 90
396 386
396 8
396 13
397 248
397 374
397 99
398 33
398 9
398 285
399 382
399 291
399 25
400 31
400 142
400 167
401 199
401 277
401 53
402 164
402 267
402 160
403 16
403 46
403 0
404 8
404 289
404 284
405 17
405 4
405 25
406 326
406 251
406 55
407 82
407 217
407 356
408 91
408 381
408 400
409 71
409 13
409 90
410 190
410 319
410 0
411 24
411 5
411 27
412 220
412 162
412 392
413 144
413 5
413 281
414 57
414 141
414 37
415 26
415 111
415 21
416 342
416 196
416 115
417 101
417 3
417 71
418 301
418 109
418 300
419 31
419 93
419 74
420 194
420 314
420 271
421 120
421 322
421 71
422 108
422 300
422 238
423 87
423 258
423 12
424 13
424 44
424 4
425 113
425 3
425 41
426 106
426 8
426 277
427 102
427 41
427 3
428 1
428 332
428 8
429 169
429 360
429 3
430 279
430 35
430 28
431 5
431 7
431 227
432 328
432 89
432 167
433 176
433 49
433 211
434 67
434 177
434 31
435 108
435 334
435 216
436 25
436 5
436 15
437 144
437 24
437 224
438 103
438 7
438 228
439 4
439 11
439 231
440 3
440 115
440 348
441 328
441 79
441 61
442 318
442 1
442 5
443 382
443 27
443 337
444 53
444 370
444 37
445 13
445 366
445 423
446 164
446 2
446 204
447 386
447 218
447 363
448 69
448 213
448 0
449 5
449 89
449 213
450 165
450 7
450 0
451 72
451 369
451 17
452 323
452 38
452 264
453 6
453 100
453 445
454 195
454 190
454 61
455 59
455 36
455 445
456 178
456 15
456 402
457 111
457 10
457 87
458 26
458 256
458 22
459 107
459 98
459 452
460 58
460 382
460 43
461 338
461 360
461 8
462 346
462 178
462 360
463 80
463 215
463 98
464 255
464 258
464 110
465 224
465 322
465 314
466 277
466 338
466 308
467 149
467 177
467 368
468 31
468 24
468 30
469 209
469 111
469 261
470 318
470 425
470 115
471 412
471 180
471 359
472 461
472 69
472 12
473 198
473 24
473 469
474 373
474 138
474 322
475 414
475 103
475 15
476 84
476 87
476 20
477 89
477 21
477 334
478 132
478 346
478 201
479 172
479 445
479 299
480 14
480 21
480 13
481 193
481 417
481 126
482 415
482 474
482 212
483 112
483 37
483 467
484 333
484 7
484 202
485 1
485 452
485 287
486 96
486 210
486 283
487 46
487 12
487 199
488 72
488 116
488 152
489 38
489 105
489 236
490 28
490 60
490 298
491 273
491 405
491 248
492 308
492 443
492 139
493 180
493 397
493 324
494 22
494 321
494 282
495 128
495 184
495 1
496 468
496 350
496 227
497 4
497 364
497 245
498 82
498 278
498 133
499 18
499 97
499 382
500 3
500 293
500 478
501 28
501 17
501 66
502 104
502 283
502 208
503 346
503 362
503 31
504 240
504 25
504 47
505 18
505 155
505 3
506 5
506 471
506 143
507 98
507 162
507 120
508 283
508 26
508 13
509 145
509 59
509 342
510 370
510 324
510 295
511 148
511 2
511 1
512 284
512 3
512 488
513 13
513 56
513 366
514 7
514 19
514 412
515 388
515 227
515 25
516 178
516 6
516 157
517 51
517 111
517 3
518 0
518 255
518 118
519 1
519 510
519 0
520 251
520 492
520 144
521 7
521 102
521 24
522 257
522 114
522 5
523 58
523 0
523 204
524 378
524 204
524 337
525 506
525 496
525 124
526 376
526 439
526 228
527 5
527 82
527 152
528 41
528 3
528 155
529 0
529 5
529 10
530 216
530 494
530 98
531 350
531 181
531 508
532 498
532 448
532 237
533 454
533 151
533 68
534 109
534 433
534 321
535 9
535 121
535 8
536 441
536 178
536 99
537 151
537 24
537 105
538 25
538 335
538 19
539 104
539 459
539 17
540 16
540 301
540 365
541 119
541 35
541 332
542 35
542 205
542 17
543 19
543 196
543 189
544 35
544 157
544 504
545 468
545 12
545 45
546 227
546 5
546 214
547 0
547 100
547 40
548 11
548 6
548 232
549 302
549 405
549 163
550 76
550 3
550 281
551 137
551 228
551 3
552 405
552 171
552 25
553 284
553 365
553 77
554 5
554 258
554 46
555 5
555 169
555 474
556 267
556 84
556 180
557 471
557 0
557 118
558 57
558 26
558 115
559 157
559 145
559 196
560 498
560 509
560 517
561 157
561 542
561 58
562 56
562 321
562 457
563 44
563 334
563 22
564 338
564 454
564 328
565 57
565 171
565 227
566 542
566 249
566 298
567 12
567 452
567 359
568 11
568 294
568 511
569 46
569 12
569 419
570 387
570 245
570 230
571 72
571 12
571 115
572 412
572 35
572 6
573 416
573 11
573 55
574 68
574 24
574 60
575 483
575 427
575 12
576 322
576 279
576 215
577 31
577 8
577 378
578 23
578 513
578 306
579 225
579 181
579 16
580 108
580 10
580 459
581 419
581 360
581 356
582 562
582 17
582 70
583 36
583 35
583 212
584 205
584 9
584 92
585 332
585 25
585 181
586 240
586 14
586 199
587 337
587 209
587 2
588 118
588 382
588 202
589 82
589 162
589 328
590 157
590 277
590 323
591 9
591 104
591 58
592 15
592 473
592 318
593 26
593 459
593 426
594 511
594 133
594 41
595 570
595 45
595 113
596 1
596 0
596 3
597 351
597 5
597 14
598 316
598 455
598 338
599 39
599 139
599 64
600 109
600 107
600 128
601 154
601 399
601 61
602 282
602 264
602 216
603 107
603 0
603 220
604 361
604 220
604 334
605 72
605 285
605 50
606 335
606 236
606 3
607 177
607 552
607 26
608 434
608 125
608 226
609 12
609 493
609 5
610 3
610 0
610 5
611 462
611 69
611 531
612 83
612 0
612 71
613 130
613 36
613 566
614 445
614 61
614 478
615 123
615 494
615 0
616 44
616 215
616 106
617 267
617 40
617 545
618 581
618 22
618 132
619 516
619 559
619 477
620 167
620 0
620 13
621 544
621 410
621 212
622 562
622 425
622 218
623 5
623 338
623 111
624 58
624 292
624 2
625 162
625 119
625 201
626 587
626 99
626 322
627 103
627 77
627 100
628 11
628 266
628 21
629 503
629 274
629 372
630 181
630 51
630 525
631 105
631 245
631 23
632 1
632 542
632 181
633 3
633 457
633 120
634 271
634 105
634 206
635 619
635 267
635 333
636 333
636 47
636 360
637 12
637 457
637 333
638 523
638 114
638 179
639 155
639 13
639 152
640 610
640 333
640 5
641 180
641 28
641 322
642 174
642 480
642 5
643 252
643 47
643 13
644 642
644 25
644 112
645 457
645 282
645 439
646 410
646 124
646 289
647 181
647 373
647 92
648 7
648 573
648 45
649 5
649 606
649 4
650 432
650 225
650 79
651 39
651 517
651 317
652 346
652 398
652 304
653 156
653 117
653 5
654 168
654 99
654 652
655 217
655 182
655 19
656 51
656 418
656 467
657 126
657 103
657 180
658 297
658 650
658 83
659 370
659 3
659 222
660 130
660 37
660 186
661 245
661 409
661 27
662 460
662 5
662 69
663 136
663 351
663 623
664 271
664 45
664 169
665 0
665 441
665 410
666 87
666 5
666 30
667 3
667 96
667 372
668 115
668 235
668 402
669 72
669 96
669 38
670 1
670 440
670 27
671 564
671 359
671 208
672 637
672 139
672 518
673 504
673 76
673 306
674 168
674 155
674 121
675 78
675 2
675 506
676 202
676 41
676 267
677 23
677 129
677 26
678 351
678 525
678 333
679 622
679 23
679 596
680 485
680 120
680 58
681 450
681 130
681 322
682 55
682 208
682 0
683 179
683 8
683 72
684 72
684 44
684 8
685 227
685 18
685 454
686 19
686 50
686 199
687 126
687 338
687 661
688 169
688 198
688 507
689 288
689 518
689 526
690 23
690 265
690 370
691 250
691 501
691 8
692 147
692 12
692 4
693 511
693 202
693 215
694 5
694 154
694 391
695 357
695 433
695 203
696 36
696 193
696 238
697 233
697 1
697 651
698 2
698 141
698 231
699 70
699 170
699 245
700 674
700 682
700 370
701 386
701 456
701 562
702 0
702 17
702 67
703 21
703 682
703 299
704 383
704 208
704 2
705 8
705 36
705 159
706 597
706 245
706 68
707 375
707 354
707 463
708 228
708 13
708 528
709 242
709 28
709 14
710 0
710 462
710 425
711 290
711 10
711 220
712 13
712 15
712 54
713 78
713 137
713 325
714 227
714 626
714 200
715 181
715 257
715 12
716 45
716 605
716 657
717 171
717 16
717 30
718 704
718 13
718 40
719 0
719 90
719 400
720 12
720 3
720 520
721 30
721 473
721 13
722 258
722 219
722 87
723 169
723 17
723 321
724 139
724 186
724 220
725 324
725 15
725 183
726 376
726 2
726 416
727 177
727 191
727 723
728 495
728 47
728 278
729 151
729 273
729 53
730 467
730 378
730 3
731 26
731 252
731 396
732 528
732 447
732 98
733 87
733 23
733 5
734 130
734 347
734 1
735 78
735 169
735 176
736 191
736 35
736 232
737 25
737 547
737 55
738 176
738 17
738 98
739 363
739 100
739 504
740 611
740 17
740 24
741 386
741 620
741 303
742 559
742 180
742 312
743 332
743 202
743 541
744 515
744 455
744 0
745 5
745 182
745 143
746 293
746 554
746 666
747 351
747 145
747 612
748 177
748 12
748 414
749 24
749 552
749 215
750 457
750 48
750 4
751 24
751 120
751 206
752 23
752 645
752 130
753 677
753 190
753 622
754 621
754 128
754 138
755 487
755 723
755 299
756 354
756 38
756 5
757 5
757 4
757 503
758 24
758 185
758 537
759 12
759 407
759 122
760 573
760 220
760 316
761 199
761 2
761 459
762 93
762 3
762 388
763 459
763 8
763 316
764 314
764 471
764 336
765 17
765 264
765 293
766 481
766 707
766 422
767 3
767 105
767 176
768 176
768 28
768 694
769 16
769 6
769 137
770 433
770 3
770 225
771 163
771 232
771 1
772 13
772 535
772 3
773 24
773 54
773 41
774 223
774 9
774 84
775 462
775 72
775 488
776 467
776 454
776 370
777 416
777 6
777 58
778 14
778 525
778 222
779 155
779 30
779 396
780 753
780 16
780 79
781 27
781 240
781 382
782 64
782 161
782 497
783 176
783 47
783 500
784 69
784 220
784 5
785 18
785 384
785 31
786 536
786 38
786 425
787 133
787 252
787 89
788 742
788 70
788 334
789 518
789 471
789 473
790 250
790 541
790 608
791 685
791 35
791 19
792 682
792 48
792 459
793 1
793 467
793 788
794 48
794 116
794 382
795 8
795 582
795 484
796 254
796 4
796 28
797 577
797 159
797 2
798 196
798 485
798 89
799 399
799 370
799 625
800 512
800 229
800 155
801 786
801 3
801 69
802 181
802 0
802 544
803 144
803 110
803 121
804 586
804 441
804 258
805 147
805 43
805 677
806 711
806 481
806 43
807 169
807 126
807 160
808 565
808 184
808 151
809 771
809 312
809 139
810 45
810 443
810 415
811 337
811 33
811 732
812 24
812 107
812 5
813 348
813 714
813 695
814 141
814 674
814 35
815 3
815 38
815 47
816 503
816 35
816 3
817 105
817 764
817 338
818 14
818 50
818 16
819 814
819 139
819 25
820 350
820 392
820 161
821 46
821 457
821 480
822 539
822 60
822 213
823 99
823 509
823 141
824 158
824 38
824 654
825 78
825 690
825 31
826 520
826 318
826 0
827 35
827 162
827 719
828 619
828 3
828 298
829 6
829 92
829 250
830 278
830 178
830 212
831 169
831 43
831 23
832 703
832 333
832 3
833 178
833 542
833 41
834 111
834 396
834 747
835 9
835 114
835 18
836 393
836 457
836 0
837 50
837 232
837 5
838 118
838 561
838 8
839 34
839 562
839 186
840 214
840 537
840 21
841 91
841 85
841 55
842 159
842 0
842 21
843 144
843 835
843 326
844 731
844 431
844 2
845 630
845 329
845 26
846 311
846 43
846 23
847 114
847 740
847 559
848 170
848 2
848 476
849 644
849 665
849 295
850 106
850 636
850 533
851 326
851 70
851 759
852 515
852 14
852 403
853 70
853 5
853 761
854 370
854 107
854 611
855 257
855 275
855 144
856 219
856 71
856 759
857 368
857 97
857 115
858 5
858 224
858 315
859 45
859 78
859 417
860 278
860 12
860 412
861 405
861 224
861 104
862 758
862 14
862 108
863 410
863 744
863 734
864 472
864 807
864 223
865 106
865 812
865 5
866 100
866 345
866 53
867 61
867 45
867 245
868 175
868 41
868 180
869 707
869 48
869 666
870 763
870 199
870 4
871 609
871 55
871 42
872 96
872 508
872 23
873 24
873 349
873 464
874 3
874 495
874 55
875 750
875 93
875 494
876 3
876 363
876 59
877 237
877 133
877 605
878 483
878 206
878 492
879 532
879 157
879 719
880 253
880 14
880 54
881 40
881 128
881 443
882 377
882 730
882 61
883 468
883 162
883 505
884 123
884 295
884 5
885 5
885 23
885 863
886 402
886 534
886 106
887 856
887 315
887 316
888 604
888 222
888 109
889 485
889 195
889 21
890 82
890 144
890 506
891 23
891 739
891 781
892 289
892 197
892 41
893 125
893 158
893 28
894 245
894 758
894 82
895 447
895 416
895 222
896 333
896 40
896 16
897 716
897 228
897 526
898 3
898 47
898 126
899 8
899 21
899 35
900 203
900 91
900 733
901 3
901 746
901 643
902 80
902 706
902 77
903 82
903 497
903 210
904 3
904 202
904 5
905 0
905 806
905 335
906 142
906 792
906 636
907 245
907 28
907 91
908 224
908 70
908 36
909 329
909 222
909 279
910 326
910 380
910 422
911 225
911 42
911 386
912 676
912 198
912 47
913 159
913 142
913 193
914 173
914 69
914 434
915 504
915 303
915 6
916 7
916 672
916 722
917 11
917 900
917 235
918 188
918 38
918 96
919 27
919 154
919 665
920 196
920 695
920 919
921 589
921 126
921 518
922 220
922 141
922 58
923 316
923 78
923 14
924 457
924 46
924 642
925 232
925 117
925 741
926 61
926 288
926 29
927 766
927 620
927 633
928 604
928 829
928 674
929 650
929 849
929 142
930 395
930 141
930 29
931 93
931 66
931 155
932 214
932 682
932 26
933 48
933 807
933 425
934 889
934 23
934 899
935 674
935 220
935 469
936 225
936 620
936 370
937 99
937 149
937 862
938 338
938 62
938 643
939 15
939 682
939 3
940 863
940 17
940 803
941 584
941 9
941 622
942 130
942 15
942 155
943 31
943 663
943 162
944 338
944 287
944 323
945 809
945 325
945 445
946 2
946 92
946 333
947 407
947 127
947 113
948 42
948 41
948 16
949 19
949 748
949 3
950 650
950 37
950 617
951 17
951 3
951 0
952 893
952 172
952 728
953 525
953 632
953 481
954 53
954 24
954 191
955 23
955 69
955 95
956 568
956 224
956 868
957 407
957 24
957 713
958 151
958 506
958 569
959 311
959 358
959 359
960 36
960 53
960 930
961 623
961 34
961 225
962 16
962 287
962 28
963 836
963 526
963 85
964 645
964 817
964 360
965 234
965 400
965 161
966 469
966 14
966 120
967 50
967 236
967 3
968 181
968 43
968 25
969 683
969 181
969 1
970 265
970 23
970 46
971 316
971 224
971 0
972 775
972 139
972 940
973 473
973 88
973 69
974 12
974 22
974 609
975 23
975 60
975 974
976 894
976 377
976 186
977 823
977 199
977 615
978 706
978 526
978 6
979 259
979 64
979 53
980 469
980 232
980 108
981 91
981 176
981 432
982 163
982 660
982 765
983 6
983 837
983 674
984 445
984 628
984 27
985 16
985 585
985 930
986 47
986 335
986 683
987 951
987 5
987 836
988 243
988 822
988 294
989 17
989 9
989 409
990 483
990 464
990 638
991 606
991 220
991 121
992 44
992 789
992 108
993 45
993 155
993 3
994 69
994 961
994 425
995 402
995 125
995 66
996 728
996 915
996 886
997 505
997 227
997 759
998 23
998 149
998 892
999 95
999 154
999 618
