0 1
0 2
0 3
0 4
1 0
1 2
1 3
1 6
2 0
2 1
2 3
2 4
3 1
3 2
3 0
3 4
4 0
4 3
4 2
4 5
5 2
5 0
5 4
5 13
6 3
6 0
6 1
6 25
7 2
7 4
7 1
7 9
8 0
8 3
8 1
8 18
9 3
9 0
9 7
9 38
10 4
10 1
10 0
10 11
11 10
11 1
11 2
11 14
12 1
12 2
12 4
12 19
13 5
13 1
13 0
13 20
14 11
14 10
14 5
14 15
15 7
15 14
15 4
15 16
16 2
16 14
16 15
16 32
17 15
17 2
17 4
17 26
18 8
18 3
18 11
18 22
19 0
19 4
19 12
19 25
20 11
20 2
20 13
20 31
21 2
21 0
21 5
21 22
22 18
22 21
22 5
22 41
23 2
23 5
23 1
23 268
24 0
24 21
24 14
24 61
25 6
25 2
25 19
25 67
26 5
26 17
26 15
26 113
27 4
27 13
27 1
27 35
28 1
28 4
28 14
28 57
29 6
29 1
29 19
29 57
30 11
30 2
30 3
30 51
31 14
31 20
31 5
31 119
32 5
32 1
32 16
32 81
33 2
33 4
33 15
33 86
34 21
34 11
34 2
34 97
35 4
35 1
35 27
35 47
36 1
36 4
36 14
36 54
37 4
37 13
37 14
37 126
38 17
38 6
38 9
38 40
39 15
39 11
39 0
39 125
40 11
40 5
40 38
40 45
41 2
41 3
41 22
41 102
42 3
42 15
42 0
42 65
43 1
43 21
43 0
43 55
44 21
44 27
44 16
44 64
45 40
45 38
45 2
45 63
46 4
46 1
46 2
46 56
47 13
47 35
47 4
47 55
48 19
48 14
48 15
48 95
49 14
49 5
49 35
49 84
50 16
50 14
50 27
50 94
51 30
51 13
51 22
51 52
52 5
52 21
52 51
52 112
53 7
53 6
53 13
53 111
54 0
54 10
54 36
54 69
55 43
55 38
55 47
55 64
56 0
56 46
56 6
56 161
57 29
57 1
57 28
57 76
58 11
58 9
58 21
58 70
59 47
59 35
59 13
59 68
60 30
60 9
60 35
60 73
61 1
61 24
61 51
61 95
62 16
62 4
62 36
62 69
63 45
63 14
63 10
63 313
64 55
64 44
64 40
64 125
65 1
65 42
65 29
65 113
66 1
66 0
66 11
66 167
67 38
67 27
67 25
67 90
68 9
68 59
68 11
68 92
69 62
69 54
69 9
69 89
70 10
70 58
70 13
70 129
71 13
71 2
71 21
71 81
72 13
72 8
72 1
72 100
73 60
73 59
73 4
73 173
74 0
74 4
74 10
74 450
75 4
75 27
75 1
75 981
76 11
76 57
76 12
76 80
77 35
77 1
77 2
77 86
78 6
78 21
78 0
78 200
79 46
79 18
79 4
79 112
80 30
80 76
80 1
80 343
81 46
81 71
81 32
81 91
82 22
82 47
82 46
82 88
83 17
83 0
83 19
83 87
84 2
84 45
84 49
84 145
85 0
85 19
85 14
85 136
86 77
86 33
86 4
86 88
87 13
87 83
87 45
87 118
88 82
88 86
88 83
88 134
89 2
89 69
89 82
89 90
90 67
90 7
90 89
90 133
91 81
91 59
91 1
91 106
92 68
92 21
92 3
92 114
93 1
93 15
93 7
94 2
94 29
94 50
94 185
95 67
95 61
95 48
95 116
96 4
96 25
96 22
96 487
97 29
97 4
97 34
97 157
98 19
98 22
98 6
98 114
99 34
99 21
99 83
99 178
100 72
100 27
100 46
100 119
101 0
101 8
101 47
101 189
102 41
102 36
102 16
102 125
103 61
103 0
103 2
103 107
104 1
104 36
104 59
104 123
105 68
105 0
105 6
105 130
106 2
106 46
106 91
106 108
107 103
107 86
107 0
107 141
108 61
108 4
108 106
108 132
109 2
109 57
109 10
109 185
110 1
110 41
110 10
110 123
111 53
111 106
111 13
111 132
112 15
112 79
112 52
112 137
113 26
113 24
113 65
113 186
114 89
114 92
114 98
114 218
115 2
115 1
115 0
115 191
116 95
116 1
116 6
116 124
117 60
117 0
117 48
117 324
118 4
118 87
118 9
118 201
119 3
119 100
119 31
119 150
120 2
120 5
120 83
120 170
121 67
121 21
121 27
121 177
122 10
122 0
122 9
122 182
123 76
123 110
123 104
123 583
124 116
124 30
124 45
124 136
125 39
125 102
125 64
125 138
126 60
126 37
126 26
126 146
127 65
127 48
127 77
127 693
128 7
128 3
128 18
128 759
129 4
129 21
129 70
129 186
130 105
130 27
130 8
130 148
131 2
131 67
131 68
131 237
132 49
132 111
132 108
132 244
133 90
133 15
133 6
133 141
134 70
134 88
134 47
134 169
135 20
135 103
135 27
135 221
136 13
136 85
136 124
136 464
137 11
137 112
137 14
137 142
138 3
138 32
138 125
138 150
139 100
139 53
139 36
139 265
140 37
140 88
140 45
140 390
141 107
141 133
141 1
141 171
142 10
142 137
142 27
142 183
143 45
143 5
143 10
143 244
144 104
144 52
144 81
144 226
145 91
145 15
145 84
145 194
146 11
146 126
146 86
146 163
147 61
147 55
147 16
147 405
148 0
148 130
148 68
148 345
149 62
149 77
149 86
149 210
150 51
150 119
150 138
150 285
151 55
151 0
151 111
152 86
152 2
152 54
153 95
153 86
153 18
153 683
154 65
154 19
154 11
154 291
155 111
155 62
155 13
155 568
156 124
156 13
156 38
156 250
157 30
157 19
157 97
157 592
158 46
158 2
158 51
158 354
159 1
159 19
159 88
159 425
160 0
160 24
160 49
160 231
161 56
161 16
161 37
161 638
162 6
162 19
162 3
162 190
163 146
163 56
163 1
163 287
164 67
164 69
164 22
164 263
165 86
165 4
165 0
165 204
166 33
166 22
166 104
166 202
167 66
167 21
167 1
167 240
168 34
168 112
168 67
168 248
169 134
169 13
169 55
169 203
170 60
170 70
170 120
170 300
171 141
171 4
171 28
171 174
172 116
172 120
172 21
172 199
173 73
173 27
173 92
173 232
174 171
174 14
174 1
174 192
175 10
175 54
175 38
175 188
176 55
176 0
176 31
176 990
177 4
177 121
177 104
177 180
178 5
178 99
178 33
179 92
179 10
179 30
180 177
180 81
180 2
180 366
181 36
181 64
181 105
181 918
182 82
182 122
182 104
182 235
183 7
183 142
183 171
183 236
184 16
184 49
184 11
184 256
185 109
185 13
185 94
185 216
186 113
186 129
186 43
186 222
187 30
187 56
187 113
187 257
188 99
188 175
188 95
188 545
189 25
189 3
189 101
189 240
190 162
190 104
190 16
190 193
191 2
191 11
191 115
191 326
192 19
192 46
192 174
192 194
193 190
193 4
193 34
193 206
194 192
194 145
194 4
194 340
195 72
195 36
195 4
195 249
196 88
196 67
196 37
196 556
197 14
197 12
197 10
197 220
198 18
198 29
198 88
198 482
199 48
199 91
199 172
199 348
200 99
200 0
200 78
200 201
201 200
201 4
201 118
201 297
202 46
202 166
202 137
202 317
203 11
203 169
203 108
203 340
204 119
204 73
204 165
204 365
205 0
205 53
205 49
205 503
206 19
206 193
206 34
206 252
207 10
207 47
207 81
207 288
208 27
208 4
208 1
208 307
209 79
209 4
209 2
209 284
210 91
210 42
210 149
210 342
211 21
211 78
211 149
211 293
212 3
212 82
212 113
212 324
213 86
213 1
213 83
214 8
214 174
214 65
214 299
215 145
215 0
215 7
215 664
216 88
216 8
216 185
216 227
217 1
217 149
217 14
217 258
218 114
218 193
218 0
218 414
219 34
219 124
219 46
219 228
220 197
220 12
220 9
220 532
221 73
221 5
221 135
221 330
222 28
222 101
222 186
222 351
223 12
223 172
223 79
223 307
224 6
224 70
224 38
224 372
225 4
225 48
225 166
225 343
226 144
226 49
226 22
226 331
227 216
227 72
227 120
227 512
228 219
228 109
228 186
229 192
229 104
229 186
229 414
230 119
230 118
230 41
230 232
231 65
231 160
231 101
232 173
232 70
232 230
232 242
233 31
233 94
233 49
234 19
234 99
234 102
234 336
235 182
235 34
235 28
235 633
236 0
236 183
236 16
236 316
237 37
237 26
237 131
237 248
238 10
238 135
238 54
239 83
239 1
239 6
239 294
240 58
240 189
240 167
240 430
241 4
241 15
241 0
241 638
242 49
242 192
242 232
242 273
243 1
243 10
243 0
243 332
244 132
244 53
244 143
244 260
245 4
245 1
245 118
245 420
246 106
246 129
246 216
246 529
247 38
247 0
247 60
247 285
248 21
248 237
248 168
248 451
249 195
249 6
249 5
249 286
250 156
250 13
250 134
250 274
251 84
251 25
251 92
251 253
252 5
252 9
252 206
252 277
253 87
253 104
253 251
253 455
254 169
254 16
254 7
255 14
255 22
255 13
255 875
256 118
256 184
256 86
256 318
257 22
257 187
257 52
257 458
258 145
258 217
258 46
258 310
259 88
259 15
259 95
260 244
260 132
260 19
260 430
261 41
261 111
261 64
261 477
262 141
262 88
262 192
262 344
263 2
263 164
263 17
263 293
264 146
264 70
264 15
264 909
265 59
265 237
265 139
265 403
266 40
266 177
266 24
266 352
267 173
267 192
267 3
267 882
268 78
268 3
268 23
268 330
269 13
269 118
269 67
270 65
270 37
270 14
270 459
271 186
271 95
271 15
271 309
272 65
272 177
272 3
272 674
273 8
273 27
273 242
273 303
274 177
274 250
274 36
274 308
275 173
275 242
275 86
276 116
276 125
276 0
276 280
277 156
277 252
277 8
278 4
278 100
278 28
278 544
279 30
279 7
279 47
279 335
280 112
280 276
280 38
280 325
281 2
281 167
281 52
282 69
282 100
282 114
282 439
283 0
283 22
283 15
284 177
284 86
284 209
284 752
285 177
285 247
285 150
285 609
286 249
286 115
286 65
286 514
287 34
287 163
287 4
287 497
288 207
288 106
288 7
288 789
289 42
289 59
289 94
289 686
290 244
290 144
290 85
290 962
291 68
291 137
291 154
291 370
292 116
292 0
292 232
292 378
293 263
293 38
293 211
293 311
294 239
294 252
294 129
294 523
295 162
295 45
295 34
295 544
296 4
296 28
296 0
296 336
297 104
297 201
297 163
298 193
298 145
298 61
298 453
299 214
299 171
299 85
299 444
300 50
300 242
300 170
300 329
301 7
301 67
301 88
301 314
302 242
302 200
302 16
302 564
303 146
303 170
303 273
303 537
304 119
304 38
304 129
304 576
305 45
305 168
305 51
305 438
306 90
306 139
306 214
306 365
307 208
307 223
307 13
308 22
308 274
308 73
308 773
309 271
309 115
309 112
309 326
310 258
310 0
310 2
310 328
311 4
311 293
311 53
311 831
312 61
312 53
312 230
312 393
313 175
313 197
313 63
314 107
314 301
314 60
314 322
315 164
315 94
315 247
315 888
316 236
316 33
316 61
316 396
317 129
317 202
317 30
317 500
318 100
318 256
318 193
318 367
319 146
319 92
319 10
319 395
320 44
320 34
320 45
320 357
321 99
321 69
321 65
321 533
322 314
322 214
322 130
322 835
323 2
323 129
323 119
323 472
324 212
324 20
324 117
324 359
325 28
325 7
325 280
325 732
326 191
326 309
326 216
326 558
327 263
327 90
327 0
327 502
328 1
328 310
328 116
328 412
329 21
329 300
329 1
329 391
330 14
330 221
330 268
331 46
331 112
331 226
331 661
332 243
332 237
332 67
332 758
333 45
333 167
333 82
333 465
334 223
334 56
334 27
334 371
335 279
335 144
335 112
335 351
336 3
336 234
336 296
336 362
337 164
337 129
337 134
337 381
338 81
338 38
338 0
338 797
339 301
339 14
339 121
339 447
340 203
340 194
340 190
340 592
341 2
341 145
341 105
342 11
342 15
342 210
342 420
343 225
343 202
343 80
343 755
344 145
344 262
344 35
344 522
345 148
345 2
345 107
345 662
346 80
346 223
346 3
346 443
347 268
347 1
347 234
347 656
348 19
348 199
348 132
348 382
349 243
349 107
349 39
349 356
350 42
350 124
350 46
351 335
351 222
351 49
351 913
352 124
352 17
352 266
353 116
353 91
353 242
354 137
354 158
354 5
354 840
355 111
355 15
355 44
355 381
356 349
356 27
356 0
356 555
357 79
357 320
357 242
357 783
358 38
358 114
358 271
358 470
359 324
359 237
359 83
359 848
360 91
360 177
360 67
360 441
361 207
361 88
361 33
361 401
362 48
362 336
362 33
362 461
363 14
363 0
363 10
363 726
364 62
364 43
364 3
364 385
365 204
365 203
365 306
366 180
366 59
366 101
366 515
367 263
367 318
367 183
367 413
368 12
368 101
368 125
368 561
369 0
369 201
369 9
369 682
370 9
370 76
370 291
370 542
371 349
371 334
371 148
371 459
372 221
372 39
372 224
373 41
373 230
373 38
374 1
374 95
374 86
374 491
375 19
375 166
375 52
375 482
376 55
376 162
376 134
376 593
377 71
377 143
377 77
377 863
378 4
378 46
378 292
378 396
379 314
379 258
379 230
379 637
380 177
380 27
380 202
380 618
381 337
381 88
381 355
381 492
382 106
382 204
382 348
383 89
383 26
383 348
383 394
384 67
384 4
384 30
384 442
385 124
385 80
385 364
385 986
386 68
386 78
386 251
387 355
387 189
387 51
387 679
388 271
388 177
388 111
388 483
389 15
389 37
389 225
389 653
390 202
390 130
390 140
390 588
391 150
391 66
391 329
391 407
392 150
392 46
392 183
392 407
393 312
393 177
393 78
393 521
394 118
394 116
394 383
394 965
395 319
395 4
395 216
395 397
396 316
396 378
396 102
396 428
397 395
397 8
397 211
397 434
398 142
398 276
398 132
399 69
399 34
399 206
399 853
400 177
400 39
400 16
400 470
401 137
401 361
401 309
401 663
402 170
402 90
402 107
403 265
403 252
403 94
403 409
404 76
404 201
404 111
404 473
405 170
405 145
405 147
406 50
406 324
406 173
406 474
407 391
407 1
407 392
407 468
408 183
408 149
408 104
408 590
409 403
409 279
409 56
409 597
410 170
410 7
410 4
410 491
411 137
411 102
411 252
411 501
412 189
412 328
412 0
413 301
413 367
413 150
413 476
414 229
414 1
414 218
414 481
415 80
415 48
415 87
416 105
416 296
416 24
416 953
417 171
417 262
417 11
417 461
418 2
418 348
418 107
418 469
419 95
419 16
419 1
419 661
420 245
420 342
420 99
421 201
421 59
421 102
421 611
422 132
422 12
422 47
423 244
423 328
423 25
423 604
424 100
424 0
424 116
425 159
425 0
425 168
426 65
426 86
426 64
427 19
427 292
427 11
427 894
428 396
428 36
428 237
429 38
429 27
429 86
429 548
430 240
430 260
430 61
430 509
431 156
431 104
431 64
431 692
432 301
432 69
432 324
432 462
433 292
433 31
433 149
433 588
434 192
434 14
434 397
434 438
435 44
435 124
435 4
435 562
436 229
436 88
436 63
437 69
437 242
437 119
438 305
438 434
438 88
438 768
439 282
439 36
439 120
439 531
440 250
440 201
440 9
440 442
441 100
441 229
441 360
441 492
442 384
442 109
442 440
442 627
443 199
443 346
443 252
444 1
444 299
444 232
444 469
445 206
445 14
445 229
445 575
446 172
446 193
446 1
446 525
447 84
447 129
447 339
448 306
448 16
448 11
448 478
449 187
449 156
449 268
449 646
450 170
450 22
450 74
450 466
451 248
451 185
451 28
451 476
452 63
452 348
452 65
452 466
453 298
453 95
453 164
454 101
454 2
454 22
454 899
455 89
455 253
455 79
455 490
456 62
456 86
456 346
456 565
457 223
457 216
457 46
457 740
458 97
458 257
458 30
458 701
459 270
459 30
459 371
459 717
460 173
460 240
460 141
461 362
461 417
461 13
461 471
462 137
462 99
462 432
462 856
463 310
463 162
463 32
463 657
464 12
464 136
464 204
464 518
465 333
465 171
465 121
466 239
466 450
466 452
466 481
467 4
467 65
467 55
467 477
468 407
468 1
468 45
468 543
469 418
469 444
469 361
469 841
470 400
470 137
470 358
470 628
471 266
471 461
471 257
472 358
472 323
472 300
472 767
473 36
473 291
473 404
473 774
474 17
474 9
474 406
474 707
475 333
475 132
475 53
475 577
476 451
476 82
476 413
477 261
477 467
477 1
477 871
478 73
478 112
478 448
478 779
479 211
479 173
479 73
479 580
480 59
480 282
480 253
480 502
481 466
481 291
481 414
481 581
482 95
482 198
482 375
482 629
483 119
483 388
483 33
483 650
484 206
484 46
484 42
485 291
485 199
485 70
485 537
486 329
486 70
486 124
487 96
487 0
487 86
487 577
488 21
488 4
488 169
488 681
489 202
489 141
489 149
489 746
490 119
490 455
490 216
490 574
491 383
491 374
491 410
491 536
492 335
492 381
492 441
492 657
493 88
493 32
493 1
494 11
494 305
494 112
494 535
495 54
495 7
495 95
495 820
496 10
496 291
496 18
497 0
497 287
497 310
498 244
498 138
498 337
498 572
499 2
499 120
499 129
500 0
500 25
500 317
500 697
501 244
501 411
501 413
501 685
502 100
502 480
502 327
502 626
503 328
503 70
503 205
503 872
504 112
504 217
504 0
505 27
505 2
505 41
506 74
506 141
506 129
506 631
507 80
507 169
507 172
508 4
508 19
508 2
508 582
509 430
509 406
509 95
509 684
510 78
510 97
510 10
511 208
511 358
511 0
512 169
512 227
512 240
512 705
513 242
513 5
513 237
513 654
514 286
514 250
514 270
515 49
515 366
515 24
515 823
516 9
516 395
516 156
516 546
517 144
517 466
517 9
517 535
518 258
518 414
518 464
519 4
519 0
519 230
519 708
520 448
520 172
520 73
521 189
521 140
521 393
521 523
522 22
522 47
522 344
522 949
523 294
523 521
523 46
523 534
524 48
524 403
524 202
525 446
525 159
525 86
525 800
526 46
526 217
526 242
527 276
527 2
527 300
528 14
528 146
528 2
529 4
529 2
529 246
529 751
530 201
530 6
530 252
530 584
531 439
531 333
531 298
531 537
532 220
532 28
532 8
532 551
533 324
533 321
533 17
533 709
534 177
534 46
534 523
535 371
535 494
535 517
536 491
536 40
536 4
536 674
537 485
537 531
537 303
537 626
538 99
538 242
538 134
538 790
539 67
539 149
539 211
540 40
540 44
540 22
540 743
541 6
541 149
541 49
541 546
542 21
542 370
542 88
543 468
543 101
543 48
543 666
544 278
544 295
544 240
544 557
545 47
545 188
545 371
546 111
546 516
546 541
546 786
547 344
547 51
547 209
548 429
548 64
548 6
549 444
549 55
549 48
550 0
550 125
550 413
551 532
551 374
551 73
552 360
552 149
552 461
553 106
553 212
553 48
553 733
554 19
554 320
554 10
555 249
555 91
555 356
555 671
556 206
556 196
556 252
556 575
557 2
557 544
557 256
558 148
558 326
558 14
558 642
559 4
559 243
559 71
560 147
560 13
560 115
561 90
561 368
561 0
562 435
562 434
562 223
563 468
563 21
563 41
563 972
564 302
564 9
564 413
564 760
565 456
565 68
565 16
565 721
566 248
566 1
566 3
567 49
567 162
567 21
568 132
568 368
568 155
568 853
569 455
569 397
569 21
569 882
570 193
570 4
570 430
570 610
571 3
571 33
571 97
571 935
572 140
572 498
572 84
572 588
573 132
573 34
573 216
574 490
574 54
574 172
574 637
575 556
575 445
575 86
575 861
576 304
576 242
576 37
577 487
577 192
577 475
577 663
578 212
578 444
578 186
579 258
579 57
579 30
579 746
580 0
580 21
580 479
581 53
581 434
581 481
581 988
582 11
582 508
582 220
582 631
583 77
583 250
583 123
584 112
584 530
584 27
584 735
585 530
585 174
585 1
585 914
586 260
586 59
586 120
586 784
587 296
587 19
587 3
587 684
588 390
588 572
588 433
588 973
589 140
589 14
589 136
589 659
590 64
590 131
590 408
590 907
591 444
591 244
591 94
591 753
592 340
592 157
592 327
592 712
593 4
593 9
593 376
593 885
594 143
594 119
594 155
594 606
595 54
595 52
595 3
595 950
596 448
596 485
596 114
597 409
597 27
597 1
597 797
598 59
598 49
598 101
599 194
599 158
599 163
599 800
600 214
600 329
600 204
601 30
601 141
601 248
601 791
602 124
602 89
602 384
602 707
603 221
603 201
603 207
603 743
604 7
604 423
604 1
604 827
605 43
605 60
605 199
605 887
606 265
606 594
606 206
606 737
607 324
607 57
607 374
607 730
608 89
608 83
608 65
608 831
609 329
609 285
609 356
610 0
610 192
610 570
610 689
611 421
611 72
611 149
611 978
612 98
612 196
612 4
613 423
613 236
613 89
613 651
614 310
614 73
614 97
615 225
615 205
615 335
616 70
616 132
616 68
617 242
617 20
617 114
617 943
618 380
618 218
618 110
619 203
619 220
619 124
619 833
620 166
620 124
620 21
620 650
621 109
621 27
621 494
621 675
622 117
622 229
622 479
623 216
623 45
623 258
624 184
624 280
624 73
625 295
625 252
625 316
625 893
626 502
626 537
626 14
626 695
627 442
627 502
627 130
627 632
628 120
628 470
628 134
628 821
629 482
629 383
629 145
630 481
630 342
630 445
631 506
631 582
631 15
631 873
632 53
632 627
632 2
632 767
633 235
633 370
633 2
633 983
634 0
634 149
634 141
634 704
635 116
635 74
635 11
636 326
636 494
636 212
637 379
637 574
637 87
638 42
638 161
638 241
638 672
639 52
639 212
639 4
639 886
640 117
640 20
640 2
640 674
641 374
641 362
641 50
641 724
642 186
642 558
642 177
643 149
643 144
643 111
644 169
644 32
644 123
644 796
645 71
645 54
645 34
645 966
646 41
646 449
646 48
646 709
647 393
647 265
647 66
647 737
648 27
648 10
648 68
648 670
649 132
649 216
649 413
649 740
650 483
650 393
650 620
650 762
651 168
651 613
651 1
651 956
652 263
652 5
652 306
652 699
653 132
653 30
653 389
654 35
654 513
654 324
654 703
655 162
655 67
655 226
656 162
656 347
656 523
656 748
657 492
657 541
657 463
657 675
658 24
658 111
658 2
659 35
659 589
659 68
659 749
660 211
660 143
660 517
660 695
661 331
661 419
661 406
661 909
662 122
662 345
662 320
662 904
663 248
663 577
663 401
664 51
664 55
664 215
664 830
665 227
665 4
665 10
666 27
666 380
666 543
667 15
667 29
667 258
668 182
668 38
668 250
669 172
669 27
669 197
669 785
670 22
670 11
670 648
670 771
671 389
671 555
671 223
671 770
672 638
672 216
672 48
673 4
673 27
673 14
673 686
674 640
674 536
674 272
675 657
675 621
675 36
676 77
676 96
676 105
677 376
677 244
677 109
677 778
678 451
678 70
678 221
678 799
679 15
679 387
679 2
679 860
680 216
680 10
680 36
680 748
681 488
681 408
681 169
682 262
682 397
682 369
683 153
683 502
683 4
683 825
684 587
684 509
684 543
685 648
685 54
685 501
685 967
686 14
686 673
686 289
686 689
687 340
687 158
687 33
688 237
688 206
688 216
688 690
689 610
689 686
689 229
689 937
690 73
690 688
690 467
691 14
691 27
691 90
692 431
692 262
692 9
692 799
693 127
693 13
693 221
693 853
694 577
694 168
694 506
694 697
695 660
695 626
695 89
696 19
696 108
696 434
696 721
697 694
697 1
697 500
698 246
698 389
698 164
698 877
699 652
699 319
699 298
700 11
700 79
700 262
701 141
701 458
701 241
701 856
702 89
702 54
702 49
703 654
703 111
703 15
703 838
704 101
704 634
704 111
705 512
705 6
705 153
706 186
706 71
706 0
706 715
707 52
707 602
707 474
707 791
708 519
708 272
708 318
708 727
709 24
709 646
709 533
710 199
710 33
710 69
711 29
711 320
711 391
711 729
712 592
712 214
712 124
713 10
713 2
713 67
714 175
714 119
714 407
715 69
715 155
715 706
716 91
716 694
716 376
717 444
717 124
717 459
718 30
718 273
718 117
718 925
719 364
719 582
719 116
719 781
720 71
720 317
720 331
721 146
721 565
721 696
721 860
722 230
722 81
722 226
722 795
723 16
723 117
723 15
724 646
724 145
724 641
724 962
725 300
725 292
725 610
726 67
726 245
726 363
726 798
727 216
727 708
727 149
727 844
728 65
728 329
728 160
729 711
729 464
729 195
730 607
730 209
730 201
731 124
731 271
731 98
732 46
732 273
732 325
732 813
733 3
733 553
733 184
734 2
734 64
734 15
735 30
735 584
735 314
736 413
736 7
736 100
737 606
737 369
737 647
738 314
738 536
738 326
739 13
739 10
739 455
740 649
740 457
740 59
741 461
741 48
741 303
742 139
742 396
742 221
743 540
743 202
743 603
744 104
744 185
744 195
745 22
745 156
745 287
745 969
746 489
746 579
746 2
747 35
747 404
747 174
748 47
748 656
748 680
748 900
749 113
749 39
749 659
750 327
750 279
750 25
751 105
751 529
751 2
752 696
752 71
752 284
752 870
753 591
753 42
753 21
754 15
754 147
754 370
754 822
755 86
755 343
755 303
756 222
756 435
756 22
757 414
757 134
757 4
757 919
758 332
758 199
758 441
759 652
759 128
759 127
759 784
760 481
760 564
760 502
761 132
761 7
761 22
761 999
762 103
762 216
762 650
762 771
763 591
763 680
763 182
764 229
764 2
764 553
765 223
765 6
765 46
766 174
766 37
766 19
766 806
767 472
767 91
767 632
768 25
768 446
768 438
768 892
769 100
769 306
769 370
770 536
770 0
770 671
771 670
771 201
771 762
771 822
772 97
772 300
772 83
773 244
773 308
773 326
774 244
774 473
774 11
775 49
775 162
775 159
776 467
776 21
776 97
776 891
777 12
777 147
777 340
777 910
778 2
778 95
778 677
779 113
779 148
779 478
780 177
780 204
780 175
781 719
781 63
781 6
781 903
782 171
782 273
782 113
782 827
783 45
783 357
783 51
783 839
784 759
784 586
784 183
784 895
785 146
785 669
785 244
786 536
786 546
786 25
787 217
787 95
787 53
788 65
788 101
788 105
788 945
789 239
789 288
789 450
789 828
790 538
790 186
790 367
790 810
791 601
791 707
791 27
791 886
792 201
792 132
792 172
792 844
793 26
793 149
793 357
794 202
794 450
794 0
795 11
795 0
795 722
796 644
796 17
796 371
796 905
797 597
797 338
797 397
798 726
798 1
798 451
799 301
799 692
799 678
800 525
800 599
800 70
800 921
801 129
801 327
801 94
802 85
802 193
802 494
803 711
803 48
803 489
804 110
804 156
804 189
805 15
805 72
805 119
806 88
806 29
806 766
807 189
807 168
807 694
808 104
808 587
808 387
809 587
809 71
809 91
810 253
810 468
810 790
811 285
811 149
811 0
811 818
812 333
812 378
812 124
813 732
813 48
813 589
814 5
814 340
814 444
814 902
815 594
815 494
815 174
816 525
816 494
816 120
817 46
817 461
817 397
817 893
818 95
818 688
818 811
819 25
819 248
819 34
820 393
820 328
820 495
821 628
821 360
821 1
821 977
822 188
822 754
822 771
822 967
823 444
823 515
823 86
824 55
824 14
824 512
825 143
825 246
825 683
826 320
826 371
826 1
827 14
827 782
827 604
828 0
828 244
828 789
828 977
829 87
829 34
829 395
830 664
830 186
830 722
830 958
831 3
831 608
831 311
831 836
832 88
832 158
832 487
833 619
833 3
833 21
834 24
834 244
834 582
835 57
835 322
835 15
836 831
836 46
836 45
837 544
837 288
837 342
838 79
838 703
838 150
839 41
839 783
839 11
840 466
840 640
840 354
840 874
841 98
841 726
841 469
842 268
842 604
842 647
843 320
843 244
843 274
844 31
844 792
844 727
845 172
845 444
845 357
846 16
846 246
846 30
847 2
847 81
847 92
848 591
848 86
848 359
849 638
849 332
849 0
850 132
850 3
850 27
851 29
851 18
851 101
852 156
852 7
852 38
852 973
853 693
853 399
853 568
854 26
854 500
854 46
855 455
855 30
855 711
855 923
856 462
856 193
856 701
856 998
857 478
857 10
857 287
858 329
858 189
858 783
858 866
859 726
859 19
859 45
860 721
860 45
860 679
860 973
861 98
861 575
861 381
862 144
862 2
862 331
863 407
863 59
863 377
864 27
864 482
864 336
865 4
865 650
865 343
866 225
866 6
866 858
867 449
867 168
867 521
868 132
868 500
868 226
869 319
869 209
869 263
870 752
870 22
870 16
870 959
871 477
871 16
871 732
872 543
872 503
872 196
873 631
873 613
873 285
874 463
874 148
874 840
875 606
875 255
875 52
876 0
876 334
876 56
877 10
877 51
877 698
878 34
878 5
878 41
878 914
879 80
879 141
879 249
879 888
880 483
880 157
880 11
881 577
881 311
881 134
882 267
882 569
882 121
882 938
883 193
883 138
883 646
884 2
884 356
884 754
885 120
885 593
885 80
886 726
886 639
886 791
887 708
887 605
887 274
888 879
888 315
888 594
889 446
889 322
889 708
890 245
890 15
890 67
891 776
891 162
891 48
891 987
892 8
892 324
892 768
893 625
893 192
893 817
893 992
894 427
894 0
894 404
894 956
895 784
895 489
895 84
896 118
896 701
896 464
897 85
897 395
897 380
898 317
898 374
898 13
899 454
899 145
899 310
899 944
900 748
900 449
900 114
901 379
901 250
901 399
902 104
902 430
902 814
903 789
903 30
903 781
904 536
904 662
904 126
904 998
905 796
905 47
905 38
906 502
906 232
906 211
907 244
907 503
907 590
908 111
908 59
908 86
908 926
909 264
909 661
909 195
910 79
910 319
910 777
911 2
911 218
911 293
912 195
912 212
912 180
913 351
913 294
913 47
914 585
914 216
914 878
915 6
915 308
915 781
916 46
916 164
916 537
917 211
917 302
917 473
918 62
918 177
918 181
919 757
919 239
919 701
920 173
920 60
920 189
921 21
921 6
921 800
921 927
922 531
922 173
922 182
923 855
923 604
923 174
924 669
924 649
924 502
925 94
925 69
925 718
926 908
926 413
926 191
927 921
927 35
927 105
928 229
928 3
928 95
929 22
929 184
929 252
930 2
930 208
930 155
931 8
931 391
931 252
932 771
932 27
932 722
933 120
933 27
933 209
934 686
934 701
934 800
935 608
935 95
935 571
935 949
936 149
936 66
936 784
936 963
937 610
937 97
937 689
938 88
938 698
938 882
939 162
939 457
939 100
940 369
940 393
940 34
941 1
941 387
941 203
942 334
942 189
942 118
943 469
943 617
943 295
944 351
944 186
944 899
945 340
945 225
945 788
946 21
946 108
946 282
947 155
947 0
947 318
948 70
948 13
948 348
949 409
949 522
949 935
950 595
950 190
950 604
950 959
951 324
951 784
951 175
952 95
952 189
952 119
953 726
953 516
953 416
954 363
954 556
954 406
955 722
955 595
955 2
956 894
956 13
956 651
957 553
957 159
957 3
957 977
958 830
958 232
958 120
959 950
959 870
959 696
959 982
960 220
960 469
960 177
961 149
961 35
961 72
962 724
962 95
962 290
963 7
963 936
963 4
964 44
964 66
964 11
965 188
965 384
965 394
966 358
966 270
966 645
967 650
967 822
967 685
968 169
968 216
968 374
969 442
969 214
969 745
970 656
970 261
970 141
971 771
971 47
971 127
972 148
972 5
972 563
973 860
973 852
973 588
974 322
974 45
974 162
975 130
975 543
975 553
976 25
976 3
976 781
977 821
977 957
977 828
978 611
978 338
978 250
979 250
979 56
979 326
980 115
980 132
980 160
981 75
981 11
981 683
982 347
982 959
982 466
983 72
983 633
983 200
984 86
984 7
984 247
985 721
985 28
985 3
986 407
986 385
986 777
987 891
987 7
987 678
988 265
988 796
988 581
989 112
989 52
989 444
990 19
990 176
990 322
991 523
991 112
991 544
992 893
992 351
992 683
993 381
993 401
993 698
994 13
994 100
994 38
995 6
995 244
995 12
996 123
996 0
996 137
997 134
997 87
997 28
998 164
998 856
998 904
999 604
999 123
999 761
