0 1
0 2
0 3
0 4
0 5
0 6
0 9
1 0
1 2
1 3
1 5
1 7
1 13
1 36
2 1
2 0
2 3
2 4
2 7
2 9
2 14
3 2
3 0
3 1
3 4
3 5
3 10
3 13
4 0
4 3
4 2
4 6
4 8
4 9
4 10
5 3
5 0
5 1
5 6
5 8
5 16
5 23
6 4
6 0
6 5
6 7
6 8
6 11
6 14
7 2
7 6
7 1
7 10
7 12
7 14
7 16
8 6
8 4
8 5
8 11
8 12
8 18
8 28
9 2
9 4
9 0
9 13
9 16
9 19
9 22
10 4
10 7
10 3
10 11
10 22
10 24
10 26
11 6
11 8
11 10
11 12
11 17
11 21
11 27
12 8
12 11
12 7
12 15
12 22
12 26
12 27
13 3
13 9
13 1
13 17
13 26
13 58
13 68
14 2
14 7
14 6
14 36
14 37
14 45
14 54
15 3
15 12
15 2
15 46
15 48
15 53
15 121
16 7
16 5
16 9
16 17
16 25
16 29
16 31
17 13
17 11
17 16
17 18
17 32
17 35
17 48
18 17
18 8
18 0
18 19
18 24
18 27
18 34
19 18
19 9
19 2
19 39
19 67
19 85
19 94
20 2
20 7
20 4
20 21
20 30
20 39
20 44
21 7
21 20
21 11
21 25
21 35
21 36
21 38
22 10
22 12
22 9
22 51
22 80
22 102
22 157
23 7
23 3
23 5
23 103
24 6
24 18
24 10
24 56
24 75
24 111
24 120
25 16
25 7
25 21
25 31
25 47
25 68
25 112
26 12
26 13
26 10
26 33
26 38
26 53
26 64
27 12
27 18
27 11
27 60
27 86
27 109
27 122
28 9
28 2
28 8
28 52
28 182
28 187
28 291
29 16
29 5
29 2
29 30
29 344
29 417
30 4
30 20
30 29
30 55
30 65
30 116
30 130
31 8
31 25
31 16
31 56
31 63
31 119
31 146
32 11
32 17
32 10
32 41
32 68
32 90
32 128
33 4
33 10
33 26
33 120
33 150
33 199
33 200
34 18
34 8
34 4
34 66
34 78
34 114
34 182
35 17
35 7
35 21
35 42
35 50
35 58
35 59
36 21
36 14
36 1
36 49
36 89
36 97
36 100
37 16
37 14
37 6
37 94
37 186
38 1
38 26
38 21
38 52
38 73
38 113
38 169
39 19
39 3
39 20
39 69
39 73
39 77
39 107
40 5
40 21
40 8
40 46
40 161
40 327
40 334
41 9
41 11
41 32
41 43
41 53
41 58
41 73
42 0
42 35
42 16
42 72
42 106
42 293
43 8
43 41
43 3
43 154
43 181
43 319
43 380
44 3
44 20
44 0
44 76
44 85
44 173
44 231
45 9
45 1
45 14
45 59
45 184
45 298
46 40
46 16
46 15
46 54
46 62
46 82
46 100
47 18
47 25
47 6
47 65
47 81
47 328
47 329
48 3
48 17
48 15
48 70
48 72
48 78
48 204
49 2
49 9
49 36
49 112
49 151
49 298
49 410
50 35
50 5
50 3
50 57
50 74
50 179
50 249
51 22
51 2
51 18
51 174
51 216
52 21
52 38
52 28
52 82
52 87
52 93
52 95
53 26
53 15
53 41
53 79
53 139
53 141
53 185
54 8
54 46
54 14
54 126
54 147
55 0
55 2
55 30
55 56
55 63
55 139
55 143
56 31
56 24
56 55
56 116
56 132
56 151
56 242
57 4
57 0
57 50
57 273
57 454
58 13
58 35
58 41
58 85
58 90
58 242
58 392
59 35
59 45
59 9
59 117
59 175
59 182
59 227
60 0
60 27
60 4
60 225
61 10
61 9
61 2
61 164
61 183
61 275
62 0
62 18
62 46
62 90
62 168
62 193
62 256
63 31
63 55
63 3
63 70
63 105
63 155
63 180
64 9
64 18
64 26
64 119
64 235
64 236
64 496
65 30
65 9
65 47
65 78
65 82
65 98
65 168
66 34
66 12
66 35
67 1
67 10
67 19
67 110
67 153
67 160
67 162
68 13
68 32
68 25
68 103
68 309
68 312
68 325
69 3
69 0
69 39
69 83
69 144
69 176
69 402
70 63
70 48
70 3
70 115
70 163
70 238
70 254
71 7
71 8
71 2
71 178
71 193
71 215
71 388
72 42
72 48
72 20
72 106
72 403
73 38
73 41
73 39
73 75
73 92
73 111
73 131
74 50
74 8
74 18
74 76
74 87
74 124
75 73
75 10
75 24
75 127
75 183
75 186
76 74
76 44
76 1
76 88
76 257
76 361
76 431
77 39
77 17
77 6
77 81
77 134
77 195
77 427
78 34
78 48
78 65
78 99
78 124
78 161
78 209
79 11
79 53
79 18
79 80
79 295
79 348
79 411
80 79
80 22
80 20
80 83
80 180
80 316
81 47
81 5
81 77
81 121
81 160
81 239
81 378
82 52
82 46
82 65
82 174
82 188
82 272
82 353
83 69
83 10
83 80
83 113
83 138
83 148
83 191
84 0
84 3
84 17
84 91
84 128
84 392
84 424
85 44
85 58
85 19
85 120
85 133
85 369
85 399
86 27
86 5
86 18
86 118
86 131
86 333
86 491
87 13
87 52
87 74
87 88
87 142
87 154
87 215
88 76
88 20
88 87
88 95
88 263
88 439
89 36
89 4
89 3
89 149
89 254
90 62
90 32
90 58
90 210
91 84
91 35
91 1
91 163
91 232
91 295
92 73
92 6
92 20
92 95
92 105
92 107
92 124
93 52
93 7
93 12
93 115
93 137
93 259
93 282
94 1
94 37
94 19
94 99
94 129
94 333
95 52
95 88
95 92
95 126
95 148
95 156
95 169
96 7
96 4
96 0
96 285
96 382
97 13
97 9
97 36
97 145
97 229
97 248
97 391
98 65
98 4
98 3
98 403
98 475
99 94
99 78
99 7
99 217
99 256
100 52
100 36
100 46
100 227
100 248
100 288
100 388
101 4
101 20
101 13
101 132
102 10
102 4
102 22
102 223
102 347
102 472
103 68
103 23
103 4
103 135
103 169
104 16
104 12
104 5
104 112
105 63
105 52
105 92
105 139
105 164
105 253
105 271
106 42
106 16
106 72
106 152
106 170
106 228
106 239
107 39
107 92
107 4
107 122
107 130
107 131
107 167
108 4
108 39
108 20
109 0
109 27
109 36
109 138
109 385
109 415
110 67
110 3
110 4
110 126
110 250
111 4
111 73
111 24
111 136
111 203
111 238
111 273
112 104
112 25
112 49
112 158
112 161
112 258
112 284
113 38
113 46
113 83
113 125
113 147
113 194
113 234
114 3
114 34
114 12
114 272
114 371
114 459
115 70
115 93
115 18
115 242
115 391
115 457
116 56
116 30
116 10
116 159
116 321
116 359
116 455
117 25
117 3
117 59
117 243
117 290
118 86
118 11
118 13
118 127
119 64
119 31
119 10
119 144
119 223
119 259
119 441
120 85
120 33
120 24
120 365
120 389
120 487
120 491
121 25
121 15
121 81
121 147
121 212
121 219
121 425
122 107
122 27
122 6
122 383
122 396
123 2
123 12
123 0
123 188
123 416
124 74
124 78
124 92
124 156
124 196
124 253
124 341
125 113
125 5
125 35
125 459
125 480
126 95
126 110
126 54
126 129
126 171
126 364
126 464
127 75
127 11
127 118
127 153
128 84
128 32
128 39
128 134
128 207
128 249
128 448
129 126
129 94
129 25
129 134
129 190
129 192
129 196
130 107
130 30
130 14
130 177
130 194
130 310
131 73
131 107
131 86
131 132
131 165
131 217
131 323
132 56
132 101
132 131
132 144
133 10
133 85
133 11
133 160
133 295
133 317
134 77
134 129
134 128
134 406
135 103
135 2
135 13
135 224
135 317
136 111
136 10
136 35
136 203
136 247
136 282
136 444
137 93
137 18
137 0
137 245
137 281
137 342
138 30
138 109
138 83
138 210
138 420
139 53
139 105
139 55
139 151
140 26
140 4
140 24
140 293
141 4
141 5
141 53
141 164
141 233
141 263
141 268
142 1
142 87
142 14
142 157
142 308
142 384
142 417
143 3
143 9
143 55
143 204
143 239
143 305
143 387
144 119
144 132
144 69
144 145
144 146
144 177
144 235
145 3
145 97
145 144
145 176
145 283
146 8
146 31
146 144
146 158
146 241
146 267
146 424
147 54
147 113
147 121
148 83
148 95
148 21
148 208
148 381
149 26
149 5
149 89
149 198
149 313
150 73
150 33
150 27
150 208
150 214
151 49
151 139
151 56
152 9
152 106
152 11
152 218
152 375
153 127
153 67
153 92
153 232
153 240
153 495
154 87
154 43
154 7
154 421
155 63
155 2
155 16
156 95
156 124
156 36
156 341
157 46
157 142
157 22
157 207
157 264
157 281
157 292
158 112
158 1
158 146
158 343
158 408
158 481
159 3
159 46
159 116
159 433
160 67
160 81
160 133
160 214
161 78
161 40
161 112
161 183
161 201
161 331
161 356
162 52
162 12
162 67
162 294
162 328
163 0
163 91
163 70
163 166
163 208
163 431
164 61
164 105
164 141
164 205
164 302
165 19
165 30
165 131
165 209
165 488
166 39
166 163
166 35
166 216
167 35
167 107
167 13
167 201
168 65
168 62
168 13
168 185
168 190
168 270
168 350
169 103
169 95
169 38
169 222
169 234
169 264
169 323
170 10
170 6
170 106
170 351
171 126
171 5
171 12
171 200
171 277
171 290
172 65
172 2
172 15
172 283
172 290
172 335
172 356
173 44
173 5
173 22
173 213
173 288
173 368
174 9
174 51
174 82
174 236
174 238
175 59
175 0
175 55
175 192
175 352
175 364
176 145
176 69
176 2
176 229
176 281
176 287
176 334
177 144
177 14
177 130
177 252
178 65
178 21
178 71
179 50
179 27
179 11
180 80
180 4
180 63
180 203
180 348
180 448
181 9
181 43
181 4
181 189
182 34
182 59
182 28
182 297
182 324
182 409
183 161
183 61
183 75
184 12
184 26
184 45
185 65
185 168
185 53
186 12
186 75
186 37
186 227
186 236
186 499
187 3
187 1
187 28
188 123
188 14
188 82
189 11
189 181
189 4
190 168
190 7
190 129
190 262
191 55
191 83
191 4
191 266
191 414
192 129
192 67
192 175
192 418
192 457
192 484
193 62
193 71
193 3
194 113
194 130
194 52
194 240
194 248
194 312
195 107
195 13
195 77
195 283
196 1
196 124
196 129
196 216
196 221
196 278
197 26
197 129
197 65
197 270
198 2
198 149
198 13
198 452
199 3
199 8
199 33
199 212
199 398
200 171
200 39
200 33
200 289
200 315
201 21
201 161
201 167
201 408
202 41
202 33
202 16
202 233
202 276
202 351
202 368
203 180
203 111
203 136
203 326
203 382
203 385
203 413
204 143
204 48
204 12
204 243
204 271
204 307
204 313
205 164
205 20
205 27
205 212
205 296
205 344
205 379
206 20
206 0
206 1
206 435
207 6
207 128
207 157
208 163
208 150
208 148
208 297
208 341
208 402
208 473
209 165
209 83
209 78
209 423
210 138
210 4
210 90
210 232
210 267
211 55
211 24
211 14
211 241
212 205
212 199
212 121
212 228
212 265
212 300
212 311
213 2
213 4
213 173
213 296
213 423
214 24
214 150
214 160
214 244
215 12
215 87
215 71
215 234
215 372
215 429
215 440
216 51
216 196
216 166
216 338
217 99
217 46
217 131
217 219
218 65
218 152
218 11
218 291
218 463
219 12
219 217
219 121
219 444
219 471
220 2
220 41
220 18
220 224
220 318
220 366
220 429
221 196
221 20
221 21
221 414
222 169
222 0
222 4
222 308
223 13
223 102
223 119
223 251
223 260
223 310
223 336
224 135
224 3
224 220
224 398
224 430
224 490
225 65
225 60
225 8
225 244
225 267
225 332
225 407
226 2
226 9
226 0
227 59
227 186
227 100
227 274
227 358
227 428
227 479
228 212
228 106
228 7
228 255
228 308
228 393
229 87
229 97
229 176
229 345
229 462
230 31
230 6
230 16
230 486
231 44
231 21
231 13
231 303
231 489
232 153
232 91
232 210
232 436
233 3
233 202
233 141
234 215
234 169
234 113
234 319
235 95
235 144
235 64
235 256
235 318
235 355
235 427
236 174
236 186
236 64
237 10
237 20
237 22
237 264
237 276
237 286
237 357
238 70
238 111
238 174
238 291
238 297
238 324
239 106
239 81
239 143
239 469
240 129
240 194
240 153
241 211
241 8
241 146
241 356
241 464
242 115
242 58
242 56
242 260
242 271
242 353
243 204
243 117
243 10
243 374
243 472
244 225
244 214
244 35
244 486
244 490
245 137
245 16
245 14
245 246
245 316
245 438
245 460
246 0
246 7
246 245
246 288
247 11
247 136
247 9
247 258
247 440
248 100
248 194
248 97
248 292
248 381
249 10
249 128
249 50
250 21
250 48
250 110
250 263
250 322
250 379
251 83
251 223
251 27
251 423
252 67
252 7
252 177
253 20
253 124
253 105
253 397
253 491
254 41
254 70
254 89
254 261
254 476
255 30
255 228
255 48
255 401
256 99
256 62
256 235
256 399
256 438
256 442
256 492
257 76
257 24
257 0
257 278
257 346
257 366
257 475
258 247
258 112
258 24
259 93
259 7
259 119
259 344
260 44
260 242
260 223
261 44
261 254
261 13
261 472
262 78
262 190
262 24
263 88
263 250
263 141
263 276
263 326
263 486
264 237
264 169
264 157
265 212
265 20
265 8
265 268
265 322
266 39
266 65
266 191
267 146
267 210
267 225
267 319
267 410
268 22
268 141
268 265
269 5
269 33
269 0
270 197
270 168
270 50
270 338
270 421
271 242
271 105
271 204
272 114
272 0
272 82
272 334
272 350
272 448
273 57
273 18
273 111
273 286
273 320
274 41
274 227
274 39
275 22
275 61
275 55
275 301
275 381
276 202
276 237
276 263
276 303
276 413
277 95
277 2
277 171
277 302
277 339
277 378
278 18
278 196
278 257
278 304
278 434
279 2
279 5
279 12
279 293
280 59
280 35
280 83
280 289
280 415
281 176
281 137
281 157
281 380
281 422
282 26
282 93
282 136
283 172
283 145
283 195
283 315
283 316
284 4
284 33
284 112
285 78
285 44
285 96
285 360
285 466
286 17
286 237
286 273
286 298
286 394
286 397
286 409
287 87
287 176
287 26
287 463
288 173
288 100
288 246
289 11
289 280
289 200
289 300
289 363
289 430
290 171
290 172
290 117
290 485
291 28
291 238
291 218
291 351
292 248
292 144
292 157
292 363
293 140
293 42
293 279
293 310
293 464
293 492
294 13
294 35
294 162
294 452
295 133
295 79
295 91
296 213
296 24
296 205
296 357
297 182
297 238
297 208
297 428
298 45
298 49
298 286
298 496
299 0
299 7
299 36
300 15
300 289
300 212
300 337
301 8
301 275
301 10
302 277
302 55
302 164
302 329
302 338
302 419
302 451
303 276
303 231
303 83
303 481
304 278
304 14
304 107
305 143
305 63
305 62
305 403
306 9
306 31
306 59
306 389
307 41
307 8
307 204
308 222
308 228
308 142
308 481
309 59
309 4
309 68
309 332
309 400
309 405
309 459
310 223
310 293
310 130
311 78
311 212
311 15
311 349
312 68
312 5
312 194
312 325
313 149
313 113
313 204
313 337
314 52
314 19
314 25
315 283
315 22
315 200
316 80
316 283
316 245
317 4
317 135
317 133
317 395
317 453
317 469
317 497
318 95
318 235
318 220
318 332
319 267
319 43
319 234
319 331
319 384
319 397
320 24
320 14
320 273
321 144
321 116
321 83
321 362
322 265
322 53
322 250
322 416
323 169
323 67
323 131
323 352
323 384
323 426
324 93
324 238
324 182
325 312
325 112
325 68
325 343
325 373
325 407
325 470
326 203
326 263
326 212
326 413
327 113
327 41
327 40
328 4
328 47
328 162
328 394
329 302
329 47
329 41
330 47
330 19
330 55
331 319
331 0
331 161
332 318
332 225
332 309
333 94
333 86
333 34
333 373
333 449
334 176
334 40
334 272
334 456
335 33
335 172
335 5
335 361
336 63
336 12
336 223
337 313
337 300
337 5
338 270
338 302
338 216
338 360
338 475
339 277
339 68
339 55
340 65
340 105
340 62
341 124
341 156
341 208
341 349
341 369
341 391
342 59
342 137
342 10
342 446
343 6
343 158
343 325
344 259
344 29
344 205
344 432
344 479
344 490
345 52
345 229
345 14
346 113
346 107
346 257
346 365
347 41
347 102
347 62
348 79
348 111
348 180
348 462
349 311
349 341
349 5
350 168
350 78
350 272
350 357
350 401
350 405
351 170
351 291
351 202
351 404
352 323
352 175
352 39
352 447
353 82
353 242
353 27
354 25
354 11
354 4
355 157
355 5
355 235
356 172
356 241
356 161
357 237
357 350
357 296
358 67
358 83
358 227
359 116
359 11
359 223
359 379
359 425
360 285
360 338
360 204
361 76
361 32
361 335
362 212
362 19
362 321
363 44
363 289
363 292
364 78
364 126
364 175
365 11
365 346
365 120
366 33
366 257
366 220
366 425
367 73
367 129
367 55
368 173
368 168
368 202
369 85
369 341
369 70
369 446
370 18
370 22
370 25
370 371
371 114
371 370
371 22
371 394
371 444
372 215
372 105
372 12
373 41
373 325
373 333
373 409
374 59
374 243
374 13
374 395
375 52
375 152
375 141
375 482
376 92
376 212
376 106
377 19
377 157
377 5
378 277
378 81
378 237
378 474
379 250
379 205
379 359
379 443
380 0
380 281
380 43
380 396
380 399
380 441
381 275
381 248
381 148
382 96
382 13
382 203
383 122
383 26
383 59
384 319
384 142
384 323
385 15
385 109
385 203
385 440
385 445
385 465
386 172
386 144
386 59
386 400
387 143
387 6
387 14
388 71
388 18
388 100
388 473
389 95
389 306
389 120
389 465
390 48
390 10
390 26
390 418
391 115
391 341
391 97
392 7
392 58
392 84
392 415
392 427
393 8
393 228
393 6
393 414
394 286
394 328
394 371
394 402
394 479
395 317
395 374
395 143
395 467
396 380
396 122
396 2
397 286
397 253
397 319
398 224
398 199
398 5
399 256
399 85
399 380
400 309
400 26
400 386
400 434
401 255
401 4
401 350
401 449
402 394
402 69
402 208
403 98
403 72
403 305
403 461
404 351
404 7
404 59
404 443
405 350
405 309
405 62
406 134
406 68
406 141
407 325
407 225
407 143
407 447
408 158
408 201
408 1
409 182
409 286
409 373
410 267
410 78
410 49
411 112
411 49
411 79
412 13
412 30
412 5
413 203
413 326
413 276
414 191
414 221
414 393
415 280
415 109
415 392
415 426
415 437
415 482
416 322
416 39
416 123
416 437
416 495
417 113
417 29
417 142
417 468
418 390
418 36
418 192
419 141
419 1
419 302
420 138
420 112
420 34
421 270
421 154
421 105
422 281
422 35
422 4
422 474
423 209
423 251
423 213
423 435
424 146
424 8
424 84
425 366
425 121
425 359
425 485
426 323
426 38
426 415
427 77
427 235
427 392
428 227
428 297
428 203
428 470
429 286
429 220
429 215
430 289
430 3
430 224
431 35
431 76
431 163
431 489
432 344
432 2
432 59
433 25
433 46
433 159
433 447
434 400
434 212
434 278
434 478
435 206
435 423
435 1
436 232
436 73
436 172
437 416
437 220
437 415
438 157
438 256
438 245
439 12
439 16
439 88
440 215
440 385
440 247
440 482
441 380
441 95
441 119
442 256
442 78
442 157
443 131
443 379
443 404
444 219
444 136
444 371
445 385
445 20
445 112
445 494
445 498
446 369
446 4
446 342
446 457
447 433
447 407
447 352
447 451
448 180
448 272
448 128
449 401
449 333
449 106
450 27
450 95
450 69
451 302
451 447
451 93
452 198
452 5
452 294
452 497
453 11
453 24
453 317
454 57
454 76
454 71
454 456
455 63
455 116
455 212
456 79
456 334
456 454
457 192
457 115
457 446
458 53
458 1
458 48
459 125
459 114
459 309
459 484
460 27
460 215
460 245
461 97
461 403
461 106
462 229
462 1
462 348
463 218
463 287
463 169
463 466
464 126
464 241
464 293
465 389
465 385
465 70
466 463
466 285
466 168
467 84
467 395
467 58
468 2
468 417
468 16
469 239
469 161
469 317
470 428
470 325
470 78
471 97
471 219
471 49
471 483
472 102
472 261
472 243
473 388
473 161
473 208
474 378
474 422
474 55
475 257
475 98
475 338
476 254
476 7
476 93
477 6
477 9
477 204
478 4
478 141
478 434
479 344
479 227
479 394
479 483
480 125
480 32
480 38
481 158
481 303
481 308
481 489
482 415
482 375
482 440
483 2
483 479
483 471
484 192
484 302
484 459
485 36
485 290
485 425
486 263
486 244
486 230
487 128
487 120
487 7
488 165
488 223
488 5
489 431
489 481
489 231
490 224
490 344
490 244
491 120
491 253
491 86
492 58
492 256
492 293
493 215
493 204
493 17
494 69
494 445
494 7
495 169
495 153
495 416
496 64
496 21
496 298
497 64
497 317
497 452
498 445
498 27
498 12
499 143
499 6
499 186
