0 1
1 0
2 1
2 0
3 2
3 1
3 0
4 1
4 0
4 3
5 2
5 0
5 1
6 2
6 0
6 1
7 5
7 0
7 1
8 1
8 0
8 2
9 6
9 8
9 1
10 5
10 2
10 1
11 1
11 2
11 10
12 0
12 7
12 11
13 7
13 2
13 1
14 13
14 5
14 12
15 7
15 2
15 10
16 15
16 7
16 6
17 1
17 2
17 7
18 4
18 0
18 10
19 1
19 5
19 2
20 17
20 1
20 2
21 10
21 5
21 13
22 1
22 18
22 19
23 17
23 5
23 2
24 2
24 7
24 17
25 7
25 24
25 2
26 1
26 19
26 12
27 10
27 12
27 24
28 5
28 24
28 17
29 20
29 1
29 13
30 13
30 15
30 0
31 27
31 4
31 24
32 13
32 3
32 2
33 24
33 26
33 5
34 1
34 12
34 30
35 2
35 0
35 4
36 21
36 24
36 7
37 34
37 17
37 0
38 4
38 13
38 7
39 0
39 2
39 7
40 2
40 1
40 34
41 34
41 18
41 14
42 34
42 1
42 18
43 36
43 24
43 1
44 24
44 2
44 34
45 6
45 0
45 17
46 5
46 23
46 35
47 12
47 9
47 22
48 3
48 10
48 1
49 2
49 48
49 40
50 2
50 4
50 1
51 20
51 3
51 34
52 7
52 17
52 0
53 48
53 1
53 3
54 17
54 48
54 27
55 26
55 15
55 1
56 0
56 18
56 43
57 53
57 2
57 17
58 2
58 5
58 26
59 2
59 9
59 6
60 40
60 17
60 18
61 6
61 3
61 2
62 0
62 2
62 1
63 13
63 2
63 29
64 15
64 20
64 9
65 13
65 24
65 52
66 2
66 7
66 40
67 25
67 1
67 36
68 30
68 1
68 0
69 49
69 7
69 2
70 13
70 2
70 1
71 59
71 0
71 1
72 22
72 13
72 34
73 65
73 7
73 32
74 18
74 11
74 20
75 0
75 33
75 7
76 35
76 0
76 59
77 2
77 69
77 63
78 37
78 2
78 31
79 77
79 19
79 11
80 21
80 23
80 15
81 54
81 17
81 1
82 2
82 13
82 38
83 13
83 0
83 48
84 0
84 3
84 2
85 18
85 13
85 14
86 6
86 41
86 8
87 19
87 7
87 69
88 57
88 83
88 15
89 45
89 15
89 8
90 24
90 29
90 55
91 2
91 89
91 13
92 18
92 69
92 3
93 2
93 1
93 24
94 76
94 8
94 12
95 1
95 29
95 82
96 10
96 24
96 2
97 36
97 81
97 24
98 2
98 5
98 24
99 12
99 5
99 16
