0 1
0 2
1 0
1 2
2 1
2 0
3 0
3 2
3 1
4 2
4 0
4 1
5 0
5 2
5 4
6 0
6 1
6 2
7 0
7 2
7 5
8 0
8 2
8 4
9 6
9 7
9 2
10 9
10 2
10 0
11 2
11 4
11 10
12 2
12 3
12 5
13 5
13 2
13 9
14 0
14 5
14 7
15 2
15 0
15 10
16 10
16 0
16 14
17 2
17 5
17 0
18 0
18 13
18 15
19 7
19 0
19 10
20 0
20 13
20 8
21 5
21 7
21 15
22 15
22 3
22 13
23 3
23 16
23 0
24 2
24 7
24 5
25 2
25 0
25 7
26 0
26 7
26 2
27 3
27 1
27 4
28 5
28 0
28 3
29 15
29 6
29 2
30 13
30 16
30 0
31 1
31 16
31 14
32 18
32 2
32 6
33 3
33 4
33 26
34 0
34 16
34 27
35 17
35 6
35 28
36 14
36 33
36 7
37 35
37 34
37 18
38 15
38 1
38 9
39 5
39 8
39 0
40 37
40 19
40 32
41 18
41 4
41 5
42 18
42 0
42 3
43 1
43 0
43 4
44 41
44 35
44 13
45 39
45 18
45 30
46 0
46 45
46 32
47 2
47 3
47 44
48 4
48 1
48 42
49 7
49 33
49 36
