0 1
0 2
0 3
0 4
0 6
1 0
1 2
1 3
1 4
1 5
2 0
2 1
2 3
2 4
2 11
3 2
3 1
3 0
3 5
3 6
4 1
4 2
4 0
4 5
4 6
5 1
5 3
5 4
5 7
5 8
6 4
6 0
6 3
6 9
6 15
7 0
7 5
7 4
7 8
7 32
8 0
8 5
8 7
8 10
8 20
9 6
9 3
9 1
9 17
9 18
10 8
10 5
10 0
10 11
10 13
11 2
11 1
11 10
11 12
11 24
12 1
12 11
12 2
12 29
12 46
13 5
13 2
13 10
13 14
13 16
14 13
14 2
14 3
14 26
14 27
15 10
15 4
15 6
15 23
15 26
16 4
16 13
16 5
16 21
16 50
17 9
17 10
17 1
17 23
17 36
18 5
18 9
18 10
18 36
18 39
19 0
19 2
19 13
19 20
19 41
20 8
20 3
20 19
20 22
20 25
21 3
21 16
21 5
21 30
21 32
22 13
22 4
22 20
22 25
22 30
23 0
23 15
23 17
23 28
23 67
24 10
24 11
24 1
24 63
24 275
25 1
25 20
25 22
25 38
25 54
26 6
26 15
26 14
26 35
26 58
27 4
27 14
27 0
27 33
27 43
28 23
28 6
28 13
28 42
28 47
29 13
29 12
29 5
29 48
29 52
30 6
30 21
30 22
30 37
30 86
31 20
31 22
31 14
31 56
31 374
32 5
32 7
32 21
32 39
32 76
33 27
33 13
33 7
33 81
33 92
34 4
34 2
34 13
34 51
34 55
35 0
35 10
35 26
35 117
35 170
36 18
36 17
36 1
36 62
36 112
37 30
37 4
37 11
37 50
37 140
38 6
38 15
38 25
38 122
38 156
39 9
39 32
39 18
39 87
39 96
40 2
40 1
40 6
40 303
40 446
41 19
41 3
41 4
41 69
41 102
42 15
42 17
42 28
42 79
42 162
43 2
43 8
43 27
43 59
43 60
44 14
44 18
44 5
44 53
44 62
45 4
45 9
45 0
45 106
45 261
46 21
46 3
46 12
46 51
46 52
47 17
47 0
47 28
47 70
47 83
48 22
48 29
48 28
48 54
48 142
49 13
49 5
49 18
49 66
49 147
50 16
50 37
50 6
50 133
50 171
51 34
51 46
51 3
51 79
51 80
52 4
52 46
52 29
52 94
52 120
53 5
53 12
53 44
53 131
53 165
54 48
54 13
54 25
54 106
54 207
55 34
55 1
55 46
55 134
55 220
56 10
56 15
56 31
56 269
57 1
57 0
57 5
57 77
57 147
58 5
58 25
58 26
58 69
58 77
59 43
59 6
59 21
59 61
59 348
60 6
60 43
60 0
60 135
60 173
61 7
61 59
61 4
61 119
61 209
62 44
62 29
62 36
62 207
62 267
63 25
63 4
63 24
63 88
63 89
64 3
64 6
64 18
64 345
65 1
65 26
65 43
65 153
65 437
66 49
66 8
66 9
66 96
66 249
67 23
67 43
67 18
67 74
67 110
68 19
68 8
68 6
68 174
68 187
69 2
69 41
69 58
69 359
69 379
70 4
70 47
70 7
70 77
70 80
71 4
71 26
71 22
71 127
72 1
72 5
72 14
72 73
72 91
73 5
73 72
73 0
73 181
73 193
74 28
74 21
74 67
74 163
74 167
75 27
75 17
75 0
75 111
75 156
76 14
76 32
76 20
76 86
76 176
77 57
77 70
77 58
77 93
77 108
78 43
78 20
78 8
78 99
79 51
79 42
79 10
79 151
79 165
80 51
80 13
80 70
80 91
80 99
81 13
81 5
81 33
81 91
81 103
82 4
82 2
82 21
82 87
82 97
83 8
83 6
83 47
83 123
83 141
84 2
84 0
84 29
84 124
84 237
85 9
85 18
85 3
85 93
85 95
86 1
86 76
86 30
86 203
86 228
87 82
87 39
87 14
87 94
87 213
88 28
88 63
88 23
88 203
88 225
89 6
89 63
89 12
89 273
90 2
90 46
90 1
90 285
91 72
91 81
91 80
91 98
91 108
92 33
92 46
92 3
92 117
92 194
93 77
93 19
93 85
93 94
93 98
94 52
94 93
94 87
94 143
94 190
95 0
95 85
95 6
95 114
95 127
96 39
96 0
96 66
96 178
96 188
97 20
97 4
97 82
97 100
97 176
98 6
98 91
98 93
98 116
98 125
99 78
99 80
99 17
99 253
99 313
100 15
100 97
100 20
100 175
101 25
101 26
101 1
101 399
102 3
102 11
102 41
102 108
103 4
103 81
103 15
103 107
103 151
104 6
104 8
104 2
104 114
104 128
105 0
105 17
105 20
105 110
105 231
106 54
106 2
106 45
106 154
106 162
107 103
107 22
107 5
107 112
107 118
108 91
108 77
108 102
108 143
108 145
109 77
109 5
109 30
109 311
110 105
110 67
110 10
110 146
110 298
111 75
111 14
111 0
111 130
111 172
112 107
112 36
112 58
112 185
112 261
113 77
113 81
113 25
113 183
113 438
114 23
114 104
114 95
114 150
114 168
115 43
115 10
115 13
115 279
116 0
116 98
116 1
117 35
117 1
117 92
117 133
117 272
118 12
118 107
118 4
119 61
119 12
119 63
119 206
119 245
120 0
120 52
120 81
120 164
120 296
121 26
121 43
121 30
121 226
122 3
122 38
122 1
122 231
122 424
123 1
123 25
123 83
123 419
124 6
124 13
124 84
124 131
124 178
125 98
125 19
125 9
125 140
125 340
126 18
126 98
126 30
127 71
127 95
127 3
127 138
127 200
128 91
128 12
128 104
128 317
128 378
129 23
129 91
129 4
129 173
129 293
130 14
130 3
130 111
130 137
130 150
131 81
131 53
131 124
131 172
131 200
132 20
132 17
132 1
132 155
133 72
133 50
133 117
133 221
133 369
134 91
134 29
134 55
135 95
135 60
135 17
135 147
135 308
136 14
136 80
136 15
136 196
136 375
137 29
137 8
137 130
137 266
138 1
138 12
138 127
138 233
138 255
139 33
139 4
139 13
139 182
139 242
140 125
140 37
140 13
141 1
141 22
141 83
141 307
142 48
142 25
142 39
142 236
142 240
143 108
143 94
143 1
143 230
143 410
144 0
144 21
144 19
144 342
145 108
145 77
145 0
145 181
145 243
146 110
146 95
146 25
146 488
147 49
147 135
147 57
147 158
147 177
148 0
148 80
148 1
149 16
149 34
149 41
149 200
150 26
150 130
150 114
150 156
150 159
151 79
151 14
151 103
151 173
151 384
152 4
152 130
152 67
152 157
153 65
153 17
153 29
153 380
154 106
154 47
154 1
154 226
154 268
155 132
155 21
155 20
155 180
155 311
156 150
156 75
156 38
156 302
156 305
157 18
157 16
157 152
157 253
158 147
158 82
158 19
158 492
159 150
159 6
159 26
159 309
160 49
160 67
160 27
160 274
161 8
161 95
161 6
161 175
161 216
162 106
162 42
162 30
162 285
162 393
163 81
163 80
163 74
163 232
163 284
164 130
164 19
164 120
164 390
165 79
165 53
165 42
165 184
165 238
166 46
166 16
166 7
166 219
166 304
167 74
167 33
167 106
167 455
168 114
168 70
168 49
168 324
168 400
169 1
169 130
169 72
169 197
169 253
170 36
170 35
170 4
170 361
171 36
171 50
171 85
171 192
171 405
172 106
172 111
172 131
172 468
173 129
173 60
173 151
173 246
174 22
174 58
174 68
175 100
175 19
175 161
175 297
175 456
176 97
176 5
176 76
177 150
177 21
177 147
177 388
177 416
178 96
178 124
178 38
178 186
179 21
179 83
179 30
179 262
180 80
180 155
180 42
180 217
181 73
181 145
181 97
181 215
181 219
182 0
182 139
182 103
182 216
183 2
183 10
183 113
183 240
183 335
184 75
184 165
184 48
184 373
185 2
185 74
185 112
185 224
185 466
186 26
186 178
186 17
186 318
187 68
187 67
187 91
187 327
187 463
188 0
188 96
188 26
188 233
188 329
189 91
189 47
189 15
189 230
189 247
190 1
190 94
190 28
190 291
190 453
191 98
191 95
191 79
191 380
192 83
192 171
192 0
192 260
193 25
193 73
193 124
193 194
193 228
194 92
194 1
194 193
194 223
194 277
195 1
195 37
195 33
196 67
196 136
196 76
196 264
196 295
197 3
197 8
197 169
197 268
197 424
198 7
198 4
198 70
198 252
198 482
199 93
199 26
199 22
200 149
200 127
200 131
200 248
200 454
201 51
201 130
201 79
201 203
202 42
202 131
202 68
202 308
203 88
203 201
203 86
203 262
203 269
204 130
204 19
204 25
204 212
205 11
205 30
205 52
205 244
206 22
206 7
206 119
206 369
206 386
207 54
207 62
207 4
207 221
207 301
208 9
208 1
208 14
208 440
209 61
209 47
209 8
209 330
210 6
210 2
210 79
210 224
210 294
211 18
211 1
211 147
211 289
211 308
212 204
212 6
212 26
212 227
212 235
213 17
213 81
213 87
213 225
213 469
214 4
214 53
214 10
214 303
215 21
215 15
215 181
215 396
216 161
216 124
216 182
217 19
217 180
217 74
218 39
218 10
218 9
218 241
219 1
219 166
219 181
219 417
220 55
220 108
220 114
220 429
221 114
221 207
221 133
221 317
221 319
222 124
222 43
222 29
222 364
223 91
223 194
223 0
223 304
223 310
224 185
224 210
224 2
224 274
224 368
225 88
225 82
225 213
225 319
225 350
226 121
226 154
226 5
226 263
226 302
227 131
227 80
227 212
227 334
228 70
228 86
228 193
228 337
228 354
229 28
229 14
229 77
229 460
229 491
230 189
230 143
230 61
230 376
231 105
231 122
231 150
231 448
231 482
232 193
232 1
232 163
233 138
233 74
233 188
233 277
233 319
234 36
234 92
234 54
234 244
235 30
235 212
235 92
235 276
235 288
236 105
236 142
236 88
236 389
236 451
237 16
237 84
237 108
237 250
237 284
238 75
238 165
238 107
238 326
238 461
239 18
239 83
239 91
239 297
240 96
240 142
240 183
240 265
240 386
241 43
241 218
241 36
242 92
242 139
242 19
242 302
243 13
243 84
243 145
243 281
243 403
244 72
244 205
244 234
244 470
244 472
245 34
245 119
245 46
245 296
245 303
246 173
246 11
246 106
246 305
247 4
247 0
247 189
248 81
248 5
248 200
248 280
248 297
249 67
249 66
249 41
249 359
249 367
250 26
250 1
250 237
250 336
250 371
251 124
251 54
251 91
251 471
252 198
252 119
252 25
252 447
252 467
253 157
253 169
253 99
253 394
254 127
254 19
254 63
254 278
254 301
255 17
255 138
255 6
255 276
255 347
256 5
256 6
256 147
257 130
257 36
257 19
258 119
258 9
258 0
258 277
259 33
259 80
259 5
259 279
259 309
260 23
260 192
260 18
260 345
261 3
261 45
261 112
262 22
262 203
262 179
262 305
262 347
263 36
263 226
263 91
264 4
264 14
264 196
264 338
264 369
265 103
265 61
265 240
265 448
266 130
266 137
266 0
266 372
267 2
267 85
267 62
267 299
267 439
268 154
268 3
268 197
268 328
269 56
269 150
269 203
270 4
270 91
270 106
270 458
271 30
271 76
271 17
272 46
272 23
272 117
272 441
273 89
273 17
273 0
274 224
274 160
274 55
274 381
274 393
275 24
275 9
275 25
275 300
275 322
276 235
276 255
276 12
276 419
276 455
277 233
277 194
277 258
277 283
277 290
278 27
278 254
278 30
279 0
279 115
279 259
279 445
279 487
280 248
280 203
280 119
280 433
281 112
281 243
281 47
281 337
281 464
282 5
282 47
282 139
282 341
282 431
283 18
283 277
283 97
283 294
284 51
284 237
284 163
284 411
285 10
285 90
285 162
286 36
286 38
286 76
286 350
287 11
287 72
287 62
287 427
288 235
288 98
288 70
289 211
289 13
289 6
289 336
290 92
290 277
290 93
290 299
290 338
291 6
291 138
291 190
291 307
291 444
292 3
292 34
292 73
292 442
293 88
293 8
293 129
293 475
294 283
294 72
294 210
295 55
295 196
295 24
295 485
296 15
296 245
296 120
296 436
297 248
297 175
297 239
297 423
298 23
298 110
298 93
299 290
299 267
299 84
299 337
299 490
300 275
300 15
300 6
301 81
301 254
301 207
301 486
302 242
302 226
302 156
302 342
303 245
303 40
303 214
303 316
303 497
304 166
304 50
304 223
304 322
304 378
305 262
305 156
305 246
305 363
305 425
306 254
306 97
306 120
307 291
307 57
307 141
307 413
307 430
308 202
308 211
308 135
308 420
308 461
309 259
309 26
309 159
309 345
309 355
310 142
310 210
310 223
310 481
311 47
311 109
311 155
311 469
312 81
312 120
312 55
313 23
313 26
313 99
313 360
313 421
314 44
314 111
314 3
314 374
314 410
315 17
315 8
315 5
315 340
316 13
316 303
316 54
316 318
316 336
317 128
317 221
317 112
317 453
317 456
318 316
318 1
318 186
318 442
319 225
319 221
319 233
320 72
320 11
320 99
320 384
321 120
321 34
321 36
322 37
322 304
322 275
322 328
322 333
323 22
323 75
323 207
324 168
324 98
324 16
324 344
324 435
325 6
325 161
325 34
325 346
325 377
326 6
326 238
326 39
327 187
327 28
327 223
327 431
327 447
328 53
328 268
328 322
328 358
328 385
329 188
329 226
329 30
330 248
330 209
330 127
331 106
331 7
331 114
331 389
332 1
332 25
332 221
332 435
332 463
333 23
333 322
333 53
333 370
334 98
334 227
334 18
335 183
335 259
335 38
336 250
336 289
336 316
337 299
337 281
337 228
338 290
338 194
338 264
339 193
339 165
339 57
339 395
340 38
340 125
340 315
340 425
341 37
341 282
341 41
341 431
342 66
342 144
342 302
343 138
343 14
343 97
343 372
344 103
344 324
344 37
344 448
344 478
345 260
345 64
345 309
345 357
345 407
346 6
346 76
346 325
347 28
347 255
347 262
348 59
348 210
348 112
349 166
349 181
349 0
349 404
350 225
350 286
350 245
351 46
351 30
351 4
352 30
352 2
352 52
353 46
353 6
353 57
354 1
354 228
354 29
355 4
355 13
355 309
355 406
356 67
356 17
356 120
356 489
357 345
357 36
357 2
357 397
357 441
358 165
358 4
358 328
359 69
359 249
359 228
360 9
360 145
360 313
361 114
361 4
361 170
361 390
361 437
362 5
362 4
362 155
362 372
363 305
363 183
363 21
363 401
364 222
364 55
364 108
364 487
365 237
365 75
365 16
365 426
365 476
366 47
366 19
366 4
366 486
367 1
367 249
367 92
367 467
367 471
368 79
368 10
368 224
368 376
369 133
369 206
369 264
369 429
370 193
370 333
370 114
370 405
370 423
371 26
371 103
371 250
372 362
372 343
372 266
373 184
373 17
373 138
374 314
374 31
374 133
375 136
375 59
375 4
376 108
376 230
376 368
376 475
377 23
377 225
377 325
377 409
378 58
378 304
378 128
378 395
378 408
379 250
379 3
379 69
380 153
380 4
380 191
380 452
381 274
381 91
381 4
382 114
382 6
382 106
383 37
383 42
383 25
383 384
384 383
384 320
384 151
385 1
385 99
385 328
386 34
386 206
386 240
387 48
387 62
387 1
388 4
388 33
388 177
389 236
389 331
389 54
390 106
390 361
390 164
391 133
391 145
391 55
391 414
392 10
392 150
392 28
392 402
393 120
393 162
393 274
393 417
394 196
394 253
394 51
395 339
395 81
395 378
396 94
396 221
396 215
396 477
397 1
397 51
397 357
397 446
397 495
398 189
398 169
398 233
398 428
399 316
399 101
399 0
399 464
400 77
400 96
400 168
401 363
401 53
401 19
402 46
402 4
402 392
402 491
403 13
403 243
403 129
403 449
404 16
404 349
404 163
405 171
405 165
405 370
406 355
406 20
406 259
407 240
407 345
407 3
408 316
408 225
408 378
409 377
409 13
409 2
410 143
410 314
410 97
411 284
411 16
411 21
412 72
412 156
412 74
413 307
413 11
413 3
414 391
414 145
414 41
415 88
415 29
415 221
416 114
416 110
416 177
417 91
417 393
417 219
418 66
418 193
418 21
418 444
419 276
419 35
419 123
419 427
419 462
420 85
420 308
420 147
421 304
421 154
421 313
422 59
422 221
422 314
423 370
423 35
423 297
423 459
424 2
424 122
424 197
425 340
425 305
425 42
426 365
426 28
426 69
427 419
427 48
427 287
428 150
428 398
428 314
429 220
429 369
429 26
430 307
430 168
430 62
431 341
431 282
431 327
432 193
432 5
432 72
432 456
433 72
433 27
433 280
434 106
434 3
434 51
435 332
435 324
435 43
436 296
436 277
436 133
437 361
437 4
437 65
438 44
438 127
438 113
439 267
439 70
439 51
439 473
440 130
440 208
440 106
441 45
441 272
441 357
441 493
442 292
442 318
442 325
443 65
443 20
443 1
444 418
444 52
444 291
445 92
445 279
445 0
446 397
446 237
446 40
447 3
447 252
447 327
448 344
448 231
448 265
449 87
449 47
449 403
450 9
450 79
450 314
450 461
451 72
451 236
451 2
452 380
452 325
452 110
453 317
453 1
453 190
454 37
454 30
454 200
455 307
455 276
455 167
456 317
456 175
456 432
456 459
457 97
457 53
457 108
458 91
458 250
458 270
459 61
459 423
459 456
460 229
460 28
460 46
460 478
461 450
461 308
461 238
461 483
462 419
462 210
462 46
463 187
463 332
463 162
464 79
464 399
464 281
465 419
465 255
465 119
465 473
466 80
466 226
466 185
467 23
467 367
467 252
467 471
468 236
468 370
468 172
469 311
469 213
469 19
470 120
470 244
470 51
470 476
471 467
471 251
471 367
472 244
472 34
472 0
473 6
473 439
473 465
474 67
474 0
474 72
475 293
475 376
475 250
476 155
476 365
476 470
477 23
477 33
477 396
478 344
478 460
478 378
478 488
479 87
479 88
479 54
480 96
480 10
480 18
481 233
481 310
481 156
482 198
482 98
482 231
483 461
483 91
483 5
483 491
484 4
484 309
484 94
485 295
485 119
485 106
486 301
486 73
486 366
487 364
487 322
487 279
488 478
488 146
488 143
489 84
489 356
489 61
490 21
490 72
490 299
491 229
491 402
491 483
492 130
492 5
492 158
493 147
493 49
493 441
494 79
494 322
494 124
495 397
495 22
495 259
496 163
496 225
496 198
497 303
497 236
497 111
498 95
498 3
498 26
499 248
499 120
499 110
