0 1
1 0
2 1
2 0
3 1
3 0
3 2
4 1
4 3
4 2
5 0
5 3
5 4
6 3
6 0
6 5
7 2
7 3
7 6
8 7
8 0
8 3
9 2
9 1
9 0
10 4
10 6
10 1
11 3
11 5
11 2
12 6
12 2
12 0
13 3
13 2
13 0
14 0
14 9
14 5
15 11
15 0
15 7
16 7
16 11
16 1
17 8
17 4
17 2
18 0
18 4
18 1
19 2
19 6
19 0
20 1
20 2
20 3
21 7
21 0
21 4
22 15
22 6
22 2
23 10
23 5
23 11
24 1
24 16
24 20
25 14
25 1
25 10
26 6
26 0
26 23
27 5
27 21
27 4
28 2
28 0
28 6
29 14
29 2
29 1
30 11
30 3
30 21
31 3
31 30
31 0
32 20
32 4
32 24
33 1
33 17
33 5
34 33
34 6
34 2
35 2
35 28
35 0
36 0
36 3
36 10
37 2
37 0
37 4
38 6
38 9
38 5
39 17
39 10
39 37
40 6
40 25
40 10
41 8
41 0
41 2
42 4
42 25
42 10
43 24
43 4
43 2
44 3
44 6
44 16
45 3
45 13
45 11
46 4
46 2
46 11
47 7
47 18
47 21
48 3
48 26
48 1
49 4
49 17
49 35
