0 1
0 2
0 3
1 0
1 2
1 3
2 0
2 1
2 3
3 0
3 1
3 2
4 2
4 0
4 3
5 3
5 2
5 0
6 0
6 4
6 2
7 5
7 0
7 6
8 1
8 2
8 0
9 2
9 1
9 3
10 7
10 1
10 5
11 8
11 0
11 6
12 2
12 7
12 5
13 1
13 0
13 7
14 12
14 7
14 11
15 12
15 4
15 6
16 2
16 7
16 3
17 4
17 12
17 1
18 16
18 2
18 0
19 8
19 14
19 13
20 3
20 0
20 4
21 5
21 1
21 6
22 2
22 3
22 10
23 5
23 2
23 12
24 2
24 9
24 12
25 1
25 2
25 11
26 5
26 9
26 3
27 3
27 1
27 2
28 2
28 0
28 4
29 2
29 27
29 13
30 3
30 11
30 6
31 24
31 12
31 29
32 0
32 2
32 5
33 5
33 17
33 2
34 10
34 4
34 21
35 34
35 2
35 24
36 9
36 34
36 22
37 12
37 31
37 0
38 0
38 7
38 21
39 3
39 16
39 12
40 1
40 38
40 35
41 17
41 10
41 28
42 2
42 0
42 4
43 2
43 27
43 16
44 6
44 7
44 3
45 31
45 1
45 4
46 1
46 12
46 2
47 11
47 1
47 6
48 12
48 4
48 20
49 29
49 4
49 1
50 27
50 7
50 0
51 17
51 2
51 44
52 11
52 25
52 2
53 1
53 0
53 2
54 21
54 6
54 44
55 9
55 7
55 0
56 6
56 3
56 0
57 36
57 27
57 44
58 51
58 12
58 57
59 5
59 6
59 45
60 3
60 0
60 5
61 2
61 50
61 11
62 3
62 14
62 44
63 13
63 29
63 2
64 19
64 20
64 47
65 0
65 29
65 6
66 18
66 0
66 40
67 10
67 36
67 18
68 57
68 44
68 22
69 59
69 33
69 0
70 54
70 3
70 22
71 55
71 24
71 1
72 15
72 40
72 24
73 47
73 44
73 0
74 1
74 57
74 0
75 20
75 12
75 37
76 23
76 21
76 65
77 44
77 53
77 1
78 24
78 72
78 4
79 25
79 6
79 11
80 5
80 14
80 2
81 34
81 2
81 36
82 47
82 0
82 13
83 55
83 16
83 58
84 28
84 1
84 5
85 82
85 52
85 40
86 33
86 24
86 4
87 47
87 40
87 36
88 9
88 10
88 11
89 12
89 21
89 2
90 16
90 54
90 8
91 54
91 21
91 10
92 31
92 75
92 72
93 23
93 35
93 0
94 14
94 45
94 3
95 5
95 2
95 6
96 52
96 19
96 0
97 2
97 7
97 36
98 44
98 40
98 5
99 67
99 0
99 29
100 22
100 96
100 59
101 0
101 74
101 28
102 0
102 2
102 5
103 33
103 14
103 36
104 12
104 16
104 29
105 41
105 11
105 3
106 0
106 1
106 6
107 5
107 42
107 0
108 1
108 47
108 0
109 3
109 68
109 67
110 25
110 35
110 26
111 23
111 20
111 8
112 2
112 14
112 103
113 9
113 7
113 2
114 9
114 46
114 7
115 58
115 41
115 13
116 49
116 22
116 50
117 13
117 7
117 23
118 72
118 9
118 60
119 5
119 47
119 0
120 51
120 92
120 57
121 47
121 82
121 76
122 0
122 40
122 7
123 2
123 13
123 0
124 81
124 2
124 13
125 12
125 2
125 112
126 38
126 30
126 2
127 24
127 6
127 16
128 86
128 19
128 22
129 44
129 25
129 88
130 28
130 3
130 81
131 39
131 98
131 53
132 66
132 10
132 25
133 74
133 92
133 49
134 3
134 20
134 16
135 40
135 47
135 3
136 101
136 6
136 118
137 16
137 104
137 8
138 38
138 137
138 34
139 5
139 95
139 42
140 55
140 16
140 51
141 0
141 49
141 35
142 65
142 98
142 5
143 0
143 137
143 85
144 112
144 76
144 0
145 20
145 123
145 38
146 44
146 1
146 57
147 142
147 24
147 43
148 2
148 54
148 3
149 25
149 16
149 44
150 59
150 109
150 52
151 122
151 73
151 117
152 59
152 10
152 13
153 3
153 58
153 10
154 1
154 7
154 2
155 27
155 19
155 0
156 28
156 5
156 0
157 4
157 22
157 44
158 126
158 121
158 8
159 1
159 0
159 35
160 26
160 0
160 139
161 123
161 157
161 122
162 35
162 2
162 3
163 92
163 13
163 127
164 33
164 84
164 130
165 124
165 37
165 136
166 38
166 12
166 91
167 58
167 20
167 47
168 12
168 81
168 150
169 20
169 67
169 35
170 139
170 5
170 3
171 36
171 152
171 44
172 5
172 42
172 84
173 110
173 41
173 8
174 8
174 1
174 78
175 14
175 40
175 52
176 37
176 106
176 17
177 33
177 25
177 9
178 12
178 3
178 87
179 81
179 1
179 2
180 86
180 151
180 34
181 154
181 6
181 0
182 20
182 56
182 0
183 145
183 8
183 0
184 0
184 5
184 4
185 58
185 2
185 27
186 3
186 135
186 139
187 129
187 55
187 2
188 2
188 139
188 7
189 110
189 54
189 2
190 180
190 59
190 67
191 24
191 4
191 91
192 89
192 72
192 58
193 135
193 89
193 85
194 154
194 96
194 188
195 183
195 120
195 85
196 85
196 165
196 162
197 11
197 102
197 76
198 45
198 91
198 36
199 97
199 2
199 55
200 97
200 123
200 1
201 76
201 20
201 10
202 5
202 44
202 166
203 101
203 3
203 75
204 137
204 23
204 57
205 81
205 186
205 2
206 12
206 73
206 8
207 4
207 145
207 59
208 28
208 60
208 151
209 117
209 129
209 4
210 27
210 142
210 5
211 142
211 104
211 83
212 11
212 135
212 84
213 3
213 160
213 144
214 111
214 70
214 37
215 49
215 24
215 35
216 9
216 58
216 203
217 146
217 88
217 186
218 41
218 72
218 54
219 152
219 20
219 28
220 120
220 135
220 145
221 129
221 20
221 2
222 168
222 67
222 9
223 185
223 5
223 202
224 139
224 1
224 0
225 115
225 95
225 91
226 2
226 53
226 222
227 40
227 139
227 31
228 203
228 95
228 6
229 57
229 2
229 85
230 41
230 3
230 193
231 19
231 58
231 52
232 127
232 33
232 87
233 38
233 48
233 228
234 48
234 33
234 9
235 85
235 96
235 11
236 14
236 2
236 92
237 215
237 2
237 52
238 0
238 124
238 130
239 9
239 218
239 126
240 8
240 52
240 170
241 186
241 222
241 169
242 23
242 198
242 151
243 68
243 190
243 2
244 142
244 33
244 23
245 111
245 3
245 36
246 188
246 28
246 55
247 190
247 198
247 193
248 12
248 24
248 148
249 1
249 5
249 112
250 38
250 24
250 2
251 38
251 15
251 118
252 160
252 123
252 204
253 61
253 122
253 136
254 5
254 181
254 220
255 47
255 3
255 2
256 96
256 40
256 161
257 185
257 114
257 4
258 1
258 2
258 34
259 69
259 236
259 174
260 255
260 2
260 152
261 64
261 72
261 38
262 259
262 204
262 14
263 2
263 3
263 117
264 230
264 5
264 4
265 24
265 21
265 1
266 44
266 183
266 54
267 40
267 27
267 96
268 152
268 84
268 96
269 261
269 2
269 20
270 36
270 4
270 76
271 67
271 24
271 217
272 11
272 12
272 2
273 114
273 12
273 44
274 45
274 167
274 191
275 167
275 197
275 274
276 0
276 235
276 2
277 145
277 13
277 259
278 50
278 148
278 37
279 198
279 204
279 35
280 23
280 242
280 11
281 87
281 49
281 51
282 3
282 54
282 0
283 42
283 1
283 75
284 3
284 202
284 139
285 59
285 255
285 34
286 140
286 3
286 30
287 159
287 128
287 62
288 121
288 216
288 119
289 54
289 186
289 73
290 260
290 13
290 223
291 72
291 33
291 47
292 48
292 101
292 129
293 136
293 59
293 193
294 72
294 38
294 136
295 182
295 78
295 130
296 235
296 229
296 14
297 55
297 136
297 270
298 232
298 188
298 233
299 154
299 41
299 101
300 98
300 17
300 84
301 289
301 3
301 163
302 122
302 211
302 2
303 10
303 1
303 135
304 83
304 126
304 122
305 112
305 7
305 75
306 27
306 3
306 37
307 163
307 279
307 32
308 12
308 22
308 272
309 10
309 55
309 150
310 1
310 13
310 73
311 52
311 203
311 47
312 103
312 142
312 212
313 132
313 137
313 302
314 25
314 23
314 68
315 91
315 73
315 51
316 72
316 28
316 2
317 22
317 173
317 258
318 101
318 265
318 51
319 1
319 4
319 48
320 14
320 268
320 302
321 12
321 44
321 6
322 268
322 303
322 115
323 277
323 115
323 4
324 81
324 235
324 169
325 86
325 234
325 13
326 253
326 97
326 3
327 121
327 43
327 55
328 49
328 33
328 68
329 234
329 246
329 1
330 76
330 24
330 1
331 37
331 117
331 139
332 325
332 222
332 204
333 20
333 83
333 278
334 97
334 191
334 162
335 162
335 85
335 0
336 118
336 5
336 85
337 235
337 85
337 44
338 4
338 64
338 51
339 209
339 66
339 135
340 256
340 16
340 45
341 183
341 116
341 167
342 332
342 298
342 201
343 5
343 103
343 0
344 328
344 58
344 80
345 252
345 154
345 7
346 268
346 138
346 6
347 32
347 3
347 97
348 118
348 43
348 1
349 192
349 116
349 85
350 52
350 110
350 134
351 3
351 48
351 138
352 41
352 120
352 5
353 236
353 223
353 204
354 118
354 314
354 111
355 337
355 135
355 187
356 100
356 197
356 310
357 43
357 204
357 279
358 10
358 13
358 2
359 7
359 238
359 232
360 142
360 274
360 194
361 329
361 204
361 222
362 20
362 91
362 348
363 25
363 270
363 206
364 326
364 23
364 304
365 0
365 76
365 299
366 5
366 144
366 44
367 40
367 31
367 332
368 328
368 149
368 51
369 43
369 0
369 100
370 35
370 179
370 122
371 9
371 214
371 14
372 167
372 314
372 233
373 21
373 82
373 3
374 4
374 135
374 137
375 12
375 203
375 282
376 326
376 315
376 78
377 24
377 7
377 233
378 48
378 5
378 233
379 42
379 4
379 248
380 236
380 334
380 123
381 9
381 5
381 186
382 259
382 72
382 267
383 0
383 211
383 214
384 0
384 13
384 5
385 47
385 331
385 120
386 34
386 5
386 112
387 259
387 55
387 383
388 41
388 142
388 83
389 113
389 128
389 378
390 7
390 127
390 118
391 84
391 148
391 307
392 343
392 390
392 24
393 3
393 19
393 12
394 74
394 4
394 2
395 23
395 12
395 365
396 29
396 263
396 91
397 82
397 203
397 323
398 7
398 44
398 135
399 19
399 25
399 78
400 359
400 323
400 395
401 2
401 34
401 38
402 253
402 257
402 86
403 277
403 351
403 47
404 58
404 27
404 55
405 0
405 54
405 240
406 19
406 196
406 50
407 118
407 373
407 262
408 7
408 97
408 2
409 7
409 265
409 2
410 59
410 9
410 86
411 10
411 222
411 4
412 176
412 25
412 23
413 25
413 68
413 121
414 225
414 162
414 62
415 55
415 334
415 103
416 355
416 397
416 37
417 58
417 113
417 78
418 395
418 122
418 82
419 182
419 49
419 226
420 107
420 97
420 18
421 97
421 3
421 88
422 151
422 84
422 189
423 389
423 411
423 64
424 268
424 280
424 203
425 116
425 8
425 37
426 14
426 154
426 29
427 34
427 127
427 209
428 384
428 127
428 82
429 3
429 6
429 91
430 162
430 250
430 142
431 343
431 0
431 112
432 401
432 1
432 138
433 390
433 0
433 379
434 132
434 79
434 396
435 42
435 74
435 433
436 4
436 217
436 85
437 365
437 403
437 88
438 101
438 5
438 339
439 136
439 122
439 3
440 154
440 0
440 334
441 36
441 389
441 281
442 2
442 0
442 62
443 303
443 20
443 261
444 235
444 105
444 369
445 13
445 23
445 41
446 20
446 249
446 127
447 368
447 1
447 270
448 24
448 104
448 67
449 294
449 33
449 122
450 379
450 8
450 1
451 159
451 279
451 138
452 191
452 8
452 49
453 62
453 48
453 185
454 139
454 3
454 258
455 249
455 43
455 403
456 162
456 20
456 122
457 265
457 284
457 283
458 1
458 48
458 379
459 348
459 312
459 214
460 78
460 1
460 8
461 5
461 19
461 106
462 0
462 29
462 73
463 161
463 362
463 122
464 130
464 0
464 451
465 164
465 81
465 75
466 350
466 201
466 23
467 150
467 138
467 7
468 203
468 249
468 388
469 30
469 231
469 59
470 35
470 101
470 468
471 147
471 148
471 129
472 204
472 123
472 392
473 123
473 4
473 19
474 233
474 2
474 117
475 410
475 23
475 61
476 30
476 41
476 135
477 33
477 349
477 230
478 12
478 422
478 75
479 1
479 172
479 19
480 54
480 0
480 100
481 82
481 74
481 340
482 50
482 127
482 0
483 291
483 95
483 439
484 12
484 1
484 3
485 232
485 23
485 189
486 412
486 298
486 27
487 43
487 457
487 2
488 367
488 14
488 370
489 104
489 130
489 48
490 3
490 7
490 272
491 8
491 438
491 309
492 126
492 286
492 167
493 5
493 403
493 0
494 1
494 85
494 53
495 138
495 33
495 49
496 3
496 447
496 365
497 261
497 62
497 47
498 42
498 92
498 418
499 22
499 11
499 223
