0 1
1 0
2 1
2 0
3 1
3 0
3 2
4 1
4 0
4 2
5 0
5 2
5 3
6 0
6 1
6 2
7 1
7 2
7 5
8 6
8 5
8 2
9 1
9 8
9 6
10 7
10 2
10 5
11 2
11 0
11 4
12 5
12 3
12 2
13 0
13 1
13 6
14 1
14 0
14 10
15 1
15 2
15 10
16 15
16 2
16 1
17 9
17 0
17 1
18 9
18 14
18 2
19 2
19 14
19 18
20 15
20 9
20 2
21 0
21 5
21 1
22 6
22 1
22 13
23 0
23 20
23 1
24 1
24 13
24 15
25 1
25 0
25 13
26 2
26 5
26 10
27 10
27 9
27 2
28 13
28 5
28 1
29 21
29 14
29 1
30 10
30 23
30 2
31 0
31 5
31 15
32 5
32 8
32 29
33 1
33 2
33 20
34 0
34 9
34 23
35 9
35 10
35 15
36 15
36 2
36 6
37 2
37 14
37 15
38 29
38 14
38 0
39 0
39 6
39 14
40 15
40 22
40 28
41 1
41 15
41 16
42 9
42 2
42 23
43 13
43 28
43 14
44 3
44 10
44 15
45 26
45 10
45 1
46 7
46 10
46 41
47 3
47 18
47 6
48 14
48 40
48 19
49 10
49 43
49 13
50 1
50 15
50 13
51 38
51 1
51 15
52 6
52 14
52 25
53 15
53 1
53 13
54 2
54 0
54 50
55 5
55 45
55 10
56 46
56 5
56 31
57 12
57 23
57 38
58 16
58 17
58 42
59 48
59 30
59 9
60 53
60 1
60 56
61 48
61 15
61 2
62 10
62 2
62 0
63 5
63 14
63 2
64 6
64 13
64 5
65 1
65 55
65 26
66 0
66 6
66 19
67 60
67 8
67 7
68 15
68 1
68 4
69 21
69 33
69 2
70 1
70 68
70 23
71 2
71 26
71 24
72 46
72 63
72 34
73 5
73 2
73 20
74 14
74 17
74 70
75 1
75 2
75 7
76 13
76 32
76 28
77 58
77 42
77 14
78 14
78 0
78 5
79 1
79 23
79 58
80 42
80 68
80 7
81 13
81 2
81 77
82 50
82 10
82 7
83 1
83 21
83 8
84 2
84 51
84 63
85 15
85 51
85 38
86 9
86 0
86 54
87 2
87 4
87 14
88 35
88 37
88 7
89 14
89 4
89 12
90 61
90 44
90 1
91 10
91 61
91 14
92 2
92 34
92 0
93 1
93 14
93 3
94 74
94 33
94 12
95 21
95 2
95 82
96 29
96 76
96 81
97 1
97 8
97 45
98 51
98 3
98 14
99 97
99 2
99 62
