0 1
0 2
0 3
0 5
0 6
1 0
1 2
1 3
1 4
1 5
2 1
2 0
2 3
2 4
2 7
3 2
3 1
3 0
3 4
3 9
4 2
4 1
4 3
4 5
4 7
5 4
5 0
5 1
5 6
5 8
6 1
6 0
6 5
6 16
6 20
7 4
7 0
7 2
7 8
7 12
8 5
8 0
8 7
8 11
8 31
9 3
9 1
9 0
9 14
9 18
10 3
10 2
10 0
10 15
10 17
11 5
11 3
11 8
11 17
11 19
12 4
12 7
12 2
12 19
12 24
13 5
13 4
13 2
14 1
14 3
14 9
14 39
14 41
15 10
15 5
15 3
16 5
16 6
16 7
16 20
16 28
17 0
17 11
17 10
17 19
17 21
18 9
18 10
18 7
18 21
18 23
19 12
19 17
19 11
19 22
19 43
20 0
20 16
20 6
20 23
20 30
21 17
21 3
21 18
21 27
22 19
22 2
22 3
23 17
23 18
23 20
23 26
23 33
24 12
24 5
24 1
24 27
24 48
25 12
25 1
25 0
25 35
25 40
26 0
26 17
26 23
27 5
27 21
27 24
27 37
27 43
28 0
28 1
28 16
29 4
29 10
29 5
30 20
30 11
30 3
31 7
31 8
31 18
32 8
32 11
32 10
32 33
32 35
33 5
33 23
33 32
34 5
34 4
34 0
34 38
35 32
35 7
35 25
35 36
36 1
36 32
36 35
37 3
37 27
37 7
37 41
38 34
38 0
38 7
39 32
39 14
39 7
40 11
40 4
40 25
41 37
41 14
41 6
42 6
42 2
42 5
43 11
43 27
43 19
44 2
44 1
44 7
45 3
45 2
45 11
46 4
46 5
46 0
47 20
47 11
47 10
48 24
48 27
48 3
49 17
49 5
49 20
