0 1
0 2
0 3
0 5
0 12
0 14
1 0
1 2
1 3
1 4
1 5
1 6
1 8
1 9
1 10
1 11
1 13
1 14
1 15
2 0
2 1
2 3
2 4
2 6
2 8
2 13
2 16
3 0
3 1
3 2
3 4
3 7
3 16
4 3
4 2
4 1
4 5
4 7
4 9
4 12
4 17
4 18
5 4
5 0
5 1
5 6
5 16
6 5
6 1
6 2
6 7
6 10
6 19
7 4
7 3
7 6
7 8
7 11
8 2
8 7
8 1
8 9
8 10
8 13
8 19
9 1
9 8
9 4
9 12
9 15
9 19
10 6
10 8
10 1
10 11
10 18
11 7
11 1
11 10
11 17
11 18
12 4
12 9
12 0
12 14
12 15
12 17
13 2
13 1
13 8
14 12
14 0
14 1
15 9
15 1
15 12
16 2
16 3
16 5
17 11
17 4
17 12
18 4
18 10
18 11
19 6
19 9
19 8
