0 1
1 0
2 1
2 0
3 1
3 0
3 2
4 3
4 2
4 0
5 1
5 0
5 4
6 0
6 4
6 5
7 3
7 0
7 1
8 6
8 1
8 7
9 5
9 7
9 0
10 5
10 9
10 0
11 7
11 0
11 8
12 0
12 7
12 4
13 2
13 6
13 3
14 0
14 10
14 5
15 7
15 3
15 9
16 15
16 7
16 1
17 1
17 16
17 6
18 3
18 2
18 5
19 2
19 5
19 10
20 17
20 11
20 13
21 19
21 0
21 17
22 2
22 0
22 21
23 8
23 11
23 5
24 0
24 5
24 19
25 6
25 1
25 15
26 2
26 13
26 19
27 0
27 17
27 25
28 5
28 24
28 0
29 0
29 28
29 2
30 10
30 1
30 4
31 0
31 1
31 2
32 16
32 17
32 12
33 29
33 3
33 0
34 6
34 10
34 14
35 4
35 0
35 15
36 0
36 6
36 29
37 3
37 24
37 30
38 35
38 14
38 19
39 24
39 19
39 0
40 22
40 2
40 17
41 40
41 15
41 9
42 12
42 17
42 0
43 22
43 6
43 0
44 36
44 35
44 1
45 12
45 7
45 19
46 45
46 0
46 8
47 0
47 7
47 22
48 0
48 45
48 29
49 34
49 38
49 25
50 24
50 0
50 5
51 3
51 28
51 15
52 1
52 29
52 44
53 5
53 10
53 46
54 42
54 5
54 9
55 17
55 20
55 13
56 10
56 21
56 0
57 43
57 11
57 12
58 25
58 21
58 6
59 38
59 52
59 2
60 11
60 2
60 14
61 14
61 7
61 40
62 10
62 17
62 0
63 24
63 19
63 48
64 36
64 16
64 3
65 38
65 22
65 19
66 0
66 6
66 37
67 6
67 34
67 29
68 11
68 2
68 1
69 12
69 28
69 5
70 0
70 5
70 6
71 6
71 3
71 0
72 10
72 4
72 54
73 7
73 6
73 0
74 2
74 4
74 25
75 45
75 58
75 6
76 5
76 24
76 1
77 4
77 1
77 2
78 24
78 76
78 55
79 36
79 69
79 45
80 42
80 1
80 2
81 19
81 29
81 1
82 30
82 50
82 6
83 64
83 10
83 0
84 15
84 24
84 6
85 8
85 4
85 19
86 20
86 17
86 10
87 24
87 46
87 11
88 81
88 62
88 83
89 39
89 24
89 80
90 12
90 83
90 82
91 0
91 80
91 1
92 35
92 0
92 39
93 0
93 2
93 7
94 66
94 6
94 38
95 91
95 48
95 14
96 15
96 6
96 68
97 44
97 6
97 79
98 47
98 11
98 28
99 11
99 3
99 98
100 64
100 13
100 4
101 17
101 47
101 0
102 0
102 1
102 84
103 3
103 33
103 39
104 86
104 4
104 51
105 3
105 31
105 11
106 3
106 71
106 6
107 15
107 51
107 17
108 39
108 5
108 41
109 76
109 4
109 67
110 64
110 9
110 24
111 60
111 15
111 86
112 69
112 79
112 2
113 3
113 5
113 90
114 38
114 25
114 110
115 19
115 80
115 92
116 19
116 64
116 15
117 25
117 10
117 110
118 81
118 85
118 86
119 71
119 0
119 1
120 60
120 25
120 101
121 19
121 91
121 15
122 56
122 86
122 2
123 1
123 0
123 96
124 17
124 13
124 1
125 7
125 25
125 21
126 17
126 115
126 1
127 84
127 40
127 23
128 0
128 2
128 48
129 19
129 65
129 91
130 0
130 60
130 117
131 5
131 0
131 52
132 42
132 16
132 67
133 105
133 20
133 2
134 59
134 11
134 94
135 38
135 103
135 24
136 29
136 32
136 103
137 101
137 53
137 7
138 120
138 104
138 68
139 8
139 0
139 3
140 9
140 1
140 5
141 36
141 113
141 21
142 23
142 141
142 15
143 101
143 44
143 0
144 78
144 13
144 21
145 101
145 45
145 1
146 26
146 25
146 6
147 1
147 122
147 127
148 17
148 121
148 81
149 40
149 11
149 82
150 119
150 121
150 67
151 8
151 93
151 3
152 137
152 24
152 105
153 47
153 8
153 45
154 59
154 19
154 6
155 64
155 20
155 1
156 1
156 10
156 3
157 33
157 137
157 129
158 25
158 62
158 28
159 15
159 19
159 91
160 22
160 128
160 46
161 38
161 41
161 151
162 157
162 108
162 74
163 75
163 46
163 77
164 60
164 55
164 0
165 38
165 80
165 15
166 159
166 145
166 53
167 81
167 2
167 121
168 65
168 5
168 129
169 12
169 96
169 158
170 0
170 26
170 10
171 121
171 51
171 79
172 149
172 142
172 19
173 39
173 0
173 146
174 2
174 62
174 95
175 92
175 19
175 134
176 16
176 80
176 2
177 165
177 0
177 102
178 17
178 0
178 129
179 4
179 69
179 0
180 1
180 9
180 94
181 4
181 84
181 65
182 71
182 3
182 127
183 24
183 77
183 88
184 161
184 5
184 11
185 62
185 117
185 1
186 7
186 83
186 0
187 46
187 165
187 5
188 184
188 0
188 130
189 131
189 1
189 77
190 39
190 38
190 0
191 160
191 38
191 54
192 55
192 57
192 72
193 15
193 12
193 88
194 6
194 3
194 0
195 21
195 168
195 4
196 127
196 130
196 32
197 9
197 174
197 181
198 68
198 60
198 161
199 7
199 193
199 84
200 31
200 17
200 103
201 25
201 142
201 22
202 98
202 75
202 135
203 138
203 38
203 68
204 168
204 198
204 2
205 165
205 149
205 6
206 4
206 66
206 46
207 41
207 12
207 5
208 207
208 165
208 70
209 12
209 7
209 14
210 13
210 49
210 0
211 21
211 123
211 13
212 1
212 43
212 38
213 6
213 14
213 202
214 163
214 7
214 4
215 206
215 46
215 29
216 109
216 54
216 1
217 201
217 10
217 48
218 190
218 85
218 64
219 129
219 142
219 4
220 129
220 216
220 16
221 30
221 8
221 28
222 18
222 3
222 133
223 176
223 3
223 39
224 130
224 0
224 90
225 192
225 0
225 174
226 5
226 178
226 52
227 31
227 2
227 4
228 36
228 3
228 2
229 19
229 58
229 105
230 14
230 228
230 51
231 158
231 36
231 181
232 67
232 97
232 189
233 153
233 182
233 152
234 0
234 46
234 99
235 116
235 140
235 109
236 51
236 88
236 19
237 14
237 88
237 6
238 17
238 7
238 24
239 145
239 0
239 90
240 215
240 0
240 3
241 64
241 24
241 7
242 121
242 0
242 71
243 59
243 12
243 181
244 6
244 12
244 5
245 28
245 52
245 197
246 19
246 142
246 11
247 5
247 48
247 55
248 116
248 98
248 12
249 39
249 221
249 5
250 193
250 213
250 129
251 127
251 1
251 27
252 248
252 251
252 116
253 73
253 47
253 198
254 223
254 24
254 14
255 80
255 2
255 14
256 0
256 83
256 2
257 73
257 0
257 68
258 41
258 217
258 63
259 24
259 127
259 92
260 80
260 1
260 0
261 39
261 12
261 159
262 224
262 5
262 168
263 62
263 15
263 196
264 147
264 64
264 19
265 55
265 137
265 64
266 3
266 5
266 194
267 201
267 194
267 4
268 3
268 14
268 78
269 141
269 133
269 11
270 29
270 21
270 266
271 178
271 5
271 15
272 131
272 202
272 4
273 133
273 30
273 201
274 116
274 18
274 14
275 232
275 154
275 12
276 227
276 257
276 158
277 0
277 84
277 2
278 192
278 0
278 102
279 147
279 19
279 4
280 101
280 68
280 148
281 6
281 5
281 0
282 251
282 62
282 57
283 86
283 62
283 231
284 4
284 9
284 29
285 61
285 189
285 115
286 24
286 161
286 12
287 253
287 213
287 7
288 130
288 29
288 222
289 24
289 208
289 59
290 80
290 55
290 153
291 280
291 45
291 31
292 0
292 251
292 78
293 5
293 79
293 87
294 1
294 64
294 45
295 45
295 134
295 11
296 57
296 192
296 36
297 248
297 154
297 39
298 199
298 6
298 81
299 66
299 247
299 4
300 92
300 7
300 157
301 0
301 137
301 7
302 1
302 0
302 51
303 52
303 190
303 221
304 71
304 72
304 139
305 119
305 4
305 217
306 12
306 45
306 15
307 101
307 292
307 143
308 76
308 77
308 5
309 3
309 272
309 64
310 0
310 145
310 1
311 24
311 2
311 0
312 15
312 106
312 296
313 36
313 193
313 25
314 80
314 7
314 47
315 55
315 200
315 226
316 13
316 9
316 38
317 34
317 202
317 231
318 215
318 4
318 80
319 0
319 1
319 15
320 250
320 12
320 57
321 0
321 13
321 270
322 82
322 0
322 260
323 57
323 6
323 184
324 307
324 222
324 216
325 311
325 1
325 4
326 199
326 6
326 194
327 250
327 43
327 5
328 233
328 234
328 10
329 39
329 149
329 48
330 83
330 190
330 80
331 165
331 29
331 56
332 1
332 2
332 3
333 4
333 52
333 6
334 132
334 19
334 95
335 73
335 317
335 62
336 64
336 7
336 201
337 54
337 232
337 1
338 198
338 281
338 38
339 242
339 142
339 11
340 142
340 223
340 103
341 23
341 167
341 64
342 4
342 254
342 10
343 204
343 102
343 85
344 132
344 145
344 68
345 336
345 286
345 248
346 284
346 169
346 225
347 7
347 60
347 63
348 87
348 125
348 12
349 62
349 14
349 3
350 254
350 263
350 346
351 3
351 0
351 307
352 71
352 45
352 160
353 203
353 8
353 44
354 168
354 140
354 2
355 82
355 16
355 3
356 83
356 2
356 168
357 1
357 121
357 196
358 343
358 142
358 223
359 138
359 275
359 297
360 330
360 159
360 350
361 193
361 4
361 6
362 200
362 179
362 45
363 103
363 62
363 30
364 3
364 176
364 2
365 15
365 10
365 253
366 121
366 26
366 202
367 330
367 264
367 337
368 30
368 129
368 323
369 21
369 4
369 165
370 41
370 3
370 83
371 48
371 39
371 135
372 131
372 197
372 247
373 186
373 0
373 189
374 7
374 62
374 162
375 127
375 207
375 4
376 343
376 77
376 130
377 247
377 16
377 103
378 97
378 10
378 53
379 160
379 58
379 34
380 8
380 346
380 70
381 61
381 169
381 2
382 5
382 64
382 251
383 17
383 1
383 92
384 1
384 87
384 342
385 28
385 168
385 98
386 267
386 1
386 162
387 54
387 248
387 4
388 125
388 83
388 36
389 46
389 64
389 149
390 160
390 76
390 182
391 326
391 255
391 42
392 54
392 204
392 133
393 364
393 286
393 7
394 5
394 362
394 364
395 124
395 45
395 317
396 280
396 9
396 204
397 193
397 13
397 3
398 6
398 358
398 43
399 137
399 144
399 36
400 36
400 7
400 5
401 159
401 319
401 245
402 86
402 13
402 397
403 177
403 80
403 352
404 171
404 38
404 182
405 276
405 62
405 327
406 5
406 136
406 250
407 62
407 114
407 0
408 397
408 19
408 133
409 97
409 178
409 374
410 140
410 99
410 101
411 280
411 274
411 33
412 182
412 317
412 45
413 2
413 1
413 36
414 204
414 46
414 114
415 206
415 272
415 306
416 336
416 30
416 241
417 256
417 225
417 140
418 369
418 149
418 21
419 287
419 4
419 300
420 221
420 60
420 123
421 101
421 12
421 0
422 133
422 2
422 0
423 54
423 250
423 127
424 27
424 83
424 101
425 276
425 2
425 16
426 261
426 263
426 65
427 176
427 1
427 7
428 11
428 59
428 268
429 412
429 41
429 300
430 41
430 222
430 207
431 302
431 281
431 83
432 319
432 2
432 11
433 310
433 96
433 147
434 391
434 346
434 324
435 326
435 356
435 4
436 22
436 53
436 49
437 50
437 23
437 64
438 76
438 372
438 184
439 165
439 28
439 299
440 102
440 129
440 88
441 10
441 8
441 39
442 103
442 24
442 382
443 7
443 386
443 38
444 396
444 3
444 62
445 38
445 3
445 147
446 10
446 7
446 5
447 129
447 346
447 81
448 46
448 369
448 34
449 103
449 1
449 5
450 232
450 227
450 75
451 237
451 171
451 124
452 342
452 16
452 135
453 119
453 155
453 385
454 233
454 346
454 30
455 202
455 22
455 194
456 121
456 39
456 1
457 2
457 349
457 87
458 36
458 11
458 343
459 194
459 19
459 331
460 178
460 187
460 441
461 260
461 6
461 126
462 308
462 307
462 326
463 0
463 129
463 264
464 25
464 149
464 240
465 3
465 184
465 357
466 159
466 65
466 0
467 190
467 15
467 54
468 448
468 1
468 103
469 70
469 356
469 62
470 5
470 6
470 395
471 133
471 102
471 260
472 36
472 193
472 80
473 0
473 373
473 2
474 3
474 274
474 419
475 357
475 6
475 341
476 140
476 362
476 4
477 159
477 66
477 390
478 1
478 395
478 16
479 452
479 342
479 64
480 345
480 142
480 70
481 217
481 1
481 2
482 2
482 232
482 7
483 3
483 468
483 84
484 244
484 136
484 59
485 389
485 44
485 158
486 80
486 30
486 115
487 201
487 7
487 120
488 103
488 288
488 91
489 85
489 145
489 362
490 116
490 0
490 30
491 232
491 463
491 19
492 1
492 111
492 193
493 57
493 263
493 240
494 1
494 247
494 372
495 47
495 24
495 252
496 46
496 34
496 485
497 19
497 2
497 195
498 1
498 311
498 96
499 70
499 289
499 286
