0 1
1 0
2 0
2 1
3 1
3 0
3 2
4 0
4 1
4 2
5 0
5 2
5 1
6 2
6 5
6 1
7 0
7 4
7 5
8 0
8 5
8 1
9 1
9 4
9 0
10 1
10 0
10 4
11 0
11 2
11 4
12 5
12 1
12 10
13 2
13 9
13 12
14 5
14 1
14 0
15 1
15 11
15 12
16 15
16 1
16 0
17 9
17 0
17 1
18 1
18 0
18 4
19 18
19 1
19 4
20 0
20 8
20 11
21 5
21 3
21 2
22 1
22 8
22 12
23 15
23 5
23 10
24 17
24 5
24 2
25 12
25 18
25 6
26 9
26 4
26 14
27 8
27 19
27 4
28 0
28 7
28 5
29 20
29 0
29 11
30 23
30 4
30 12
31 21
31 0
31 1
32 16
32 17
32 3
33 4
33 30
33 0
34 1
34 22
34 25
35 1
35 14
35 24
36 0
36 15
36 32
37 1
37 21
37 0
38 18
38 25
38 10
39 36
39 35
39 4
40 3
40 1
40 29
41 11
41 35
41 4
42 0
42 7
42 18
43 22
43 5
43 29
44 0
44 1
44 14
45 31
45 16
45 41
46 2
46 4
46 10
47 19
47 0
47 30
48 20
48 4
48 1
49 1
49 20
49 4
