0 1
1 0
2 0
2 1
3 1
3 0
3 2
4 1
4 0
4 3
5 0
5 1
5 2
6 3
6 4
6 1
7 1
7 2
7 6
8 5
8 6
8 0
9 0
9 5
9 2
10 1
10 5
10 9
11 1
11 2
11 8
12 9
12 7
12 6
13 4
13 10
13 2
14 5
14 6
14 1
15 4
15 0
15 13
16 7
16 9
16 0
17 9
17 1
17 3
18 1
18 3
18 2
19 14
19 0
19 2
20 2
20 3
20 0
21 0
21 4
21 10
22 20
22 7
22 17
23 0
23 22
23 1
24 21
24 23
24 13
25 0
25 12
25 13
26 3
26 6
26 7
27 5
27 18
27 4
28 0
28 3
28 17
29 3
29 14
29 26
30 0
30 16
30 12
31 4
31 17
31 1
32 1
32 29
32 0
33 32
33 9
33 23
34 6
34 3
34 21
35 14
35 33
35 13
36 16
36 2
36 0
37 17
37 2
37 33
38 22
38 17
38 4
39 14
39 10
39 16
40 23
40 15
40 30
41 31
41 1
41 40
42 2
42 0
42 30
43 26
43 0
43 3
44 3
44 5
44 4
45 17
45 9
45 2
46 29
46 9
46 23
47 14
47 23
47 5
48 2
48 7
48 4
49 2
49 3
49 5
50 31
50 2
50 0
51 47
51 7
51 9
52 0
52 10
52 49
53 45
53 3
53 2
54 5
54 34
54 20
55 1
55 2
55 5
56 2
56 5
56 17
57 6
57 0
57 20
58 30
58 22
58 49
59 17
59 43
59 31
60 5
60 25
60 9
61 0
61 48
61 2
62 7
62 28
62 47
63 60
63 43
63 26
64 20
64 62
64 21
65 6
65 4
65 29
66 0
66 45
66 2
67 7
67 5
67 14
68 6
68 54
68 0
69 32
69 2
69 30
70 41
70 2
70 60
71 38
71 8
71 2
72 35
72 46
72 17
73 45
73 1
73 35
74 2
74 7
74 41
75 1
75 65
75 60
76 32
76 18
76 63
77 5
77 29
77 0
78 12
78 23
78 7
79 26
79 0
79 9
80 68
80 30
80 1
81 1
81 40
81 61
82 2
82 7
82 43
83 9
83 51
83 55
84 11
84 26
84 30
85 45
85 6
85 8
86 79
86 46
86 23
87 85
87 6
87 24
88 0
88 68
88 4
89 54
89 6
89 38
90 77
90 4
90 61
91 2
91 6
91 69
92 6
92 1
92 15
93 26
93 23
93 29
94 9
94 51
94 92
95 76
95 5
95 33
96 39
96 21
96 90
97 26
97 7
97 1
98 76
98 5
98 9
99 2
99 6
99 11
