0 1
1 0
2 1
2 0
3 1
3 0
3 2
4 2
4 1
4 0
5 2
5 1
5 0
6 0
6 2
6 5
7 0
7 5
7 2
8 1
8 0
8 5
9 0
9 1
9 5
10 1
10 0
10 7
11 10
11 1
11 8
12 5
12 4
12 0
13 2
13 1
13 4
14 3
14 0
14 9
15 8
15 5
15 0
16 0
16 10
16 13
17 2
17 4
17 0
18 0
18 12
18 5
19 1
19 14
19 0
20 14
20 5
20 10
21 18
21 5
21 1
22 5
22 1
22 2
23 0
23 5
23 21
24 5
24 14
24 2
25 23
25 24
25 15
26 10
26 7
26 23
27 0
27 5
27 19
28 5
28 2
28 1
29 0
29 5
29 13
30 0
30 29
30 19
31 15
31 6
31 13
32 12
32 28
32 2
33 0
33 5
33 1
34 21
34 5
34 0
35 33
35 10
35 1
36 23
36 7
36 33
37 6
37 18
37 15
38 15
38 7
38 10
39 15
39 8
39 2
40 8
40 17
40 2
41 0
41 6
41 34
42 34
42 7
42 10
43 1
43 5
43 23
44 11
44 33
44 3
45 14
45 15
45 0
46 8
46 31
46 7
47 26
47 29
47 34
48 14
48 46
48 34
49 3
49 40
49 2
50 2
50 7
50 8
51 3
51 10
51 0
52 21
52 17
52 46
53 36
53 37
53 21
54 33
54 5
54 4
55 31
55 28
55 18
56 10
56 4
56 21
57 17
57 50
57 0
58 1
58 4
58 3
59 50
59 10
59 34
60 0
60 43
60 25
61 13
61 14
61 56
62 9
62 48
62 2
63 57
63 0
63 13
64 13
64 4
64 23
65 48
65 57
65 8
66 23
66 5
66 56
67 8
67 5
67 25
68 15
68 24
68 51
69 21
69 6
69 45
70 35
70 66
70 11
71 53
71 12
71 5
72 40
72 48
72 27
73 24
73 1
73 4
74 1
74 47
74 0
75 63
75 6
75 34
76 21
76 23
76 10
77 32
77 31
77 61
78 34
78 1
78 14
79 13
79 28
79 18
80 34
80 74
80 46
81 1
81 13
81 33
82 4
82 46
82 21
83 66
83 14
83 13
84 21
84 56
84 60
85 0
85 3
85 55
86 7
86 3
86 21
87 59
87 78
87 2
88 7
88 28
88 16
89 0
89 7
89 58
90 3
90 16
90 4
91 4
91 21
91 1
92 2
92 4
92 90
93 2
93 48
93 72
94 32
94 19
94 0
95 2
95 34
95 64
96 6
96 7
96 68
97 2
97 39
97 5
98 23
98 13
98 2
99 2
99 0
99 9
