0 1
0 2
0 3
0 5
0 10
0 11
0 12
0 16
0 18
0 21
0 26
0 40
0 67
0 76
0 103
0 135
0 165
0 180
0 229
0 245
0 253
0 350
0 367
0 443
0 476
0 490
0 496
0 589
0 631
0 672
0 797
0 830
0 921
0 952
1 0
1 2
1 3
1 4
1 6
1 7
1 8
1 9
1 13
1 18
1 21
1 29
1 43
1 55
1 129
1 185
1 202
1 259
1 270
1 395
1 442
1 545
1 739
1 854
1 897
2 0
2 1
2 3
2 4
2 5
2 6
2 14
2 20
2 22
2 25
2 29
2 34
2 36
2 47
2 52
2 54
2 61
2 78
2 79
2 86
2 92
2 100
2 102
2 110
2 151
2 156
2 166
2 214
2 248
2 258
2 277
2 316
2 338
2 385
2 408
2 412
2 454
2 522
2 575
2 631
2 642
2 714
2 827
2 986
3 0
3 2
3 1
3 4
3 5
3 11
3 14
3 18
3 26
3 28
3 34
3 43
3 82
3 94
3 121
3 126
3 206
3 212
3 341
3 539
3 608
3 613
3 648
4 2
4 1
4 3
4 6
4 12
4 15
4 19
4 36
4 38
4 39
4 47
4 51
4 52
4 67
4 100
4 125
4 133
4 154
4 168
4 187
4 202
4 333
4 349
4 393
4 395
4 756
4 758
4 784
4 800
4 868
5 3
5 2
5 0
5 7
5 8
5 10
5 13
5 20
5 22
5 26
5 30
5 37
5 74
5 131
5 143
5 170
5 177
5 186
5 208
5 239
5 257
5 351
5 410
5 557
5 632
5 636
5 793
6 2
6 4
6 1
6 7
6 8
6 15
6 22
6 30
6 39
6 42
6 51
6 59
6 129
6 148
6 272
6 287
6 395
6 649
6 702
6 958
7 5
7 1
7 6
7 9
7 15
7 27
7 53
7 76
7 171
7 261
7 404
7 466
8 5
8 1
8 6
8 9
8 10
8 17
8 45
8 71
8 72
8 75
8 132
8 239
8 265
8 293
8 365
8 413
8 518
8 537
8 543
8 634
8 697
8 712
8 736
8 825
8 826
8 951
9 8
9 7
9 1
9 21
9 27
9 35
9 39
9 43
9 55
9 60
9 96
9 103
9 113
9 145
9 161
9 176
9 182
9 184
9 254
9 339
9 361
9 606
9 872
9 925
9 931
10 0
10 8
10 5
10 11
10 13
10 16
10 31
10 32
10 77
10 81
10 121
10 152
10 195
10 199
10 230
10 241
10 296
10 323
10 353
10 643
10 690
10 701
10 726
10 930
11 10
11 3
11 0
11 12
11 17
11 49
11 82
11 117
11 177
11 183
11 225
11 249
11 459
11 670
12 4
12 0
12 11
12 14
12 20
12 27
12 31
12 36
12 65
12 96
12 139
12 174
12 216
12 230
12 296
12 366
12 373
12 379
12 410
12 423
12 528
12 550
12 657
12 785
12 823
12 989
13 10
13 5
13 1
13 17
13 23
13 25
13 60
13 93
13 158
13 175
13 225
13 478
13 624
13 732
13 886
14 12
14 3
14 2
14 19
14 25
14 38
14 42
14 48
14 80
14 121
14 134
14 433
14 575
14 716
14 982
15 6
15 7
15 4
15 16
15 31
15 35
15 56
15 180
15 239
15 276
15 304
15 315
15 434
15 525
15 841
15 932
16 0
16 15
16 10
16 19
16 59
16 73
16 85
16 154
16 537
16 727
17 11
17 13
17 8
17 23
17 24
17 29
17 45
17 63
17 66
17 90
17 107
17 114
17 167
17 180
17 215
17 222
17 228
17 282
17 369
17 435
17 466
17 486
17 693
17 851
17 870
17 945
18 3
18 1
18 0
18 23
18 30
18 32
18 64
18 159
18 258
18 273
18 321
18 424
18 532
18 907
19 16
19 4
19 14
19 33
19 53
19 57
19 120
19 128
19 141
19 157
19 201
19 276
19 461
19 476
19 725
19 804
19 843
20 12
20 5
20 2
20 32
20 46
20 76
20 84
20 108
20 123
20 154
20 291
20 348
20 401
20 723
20 792
20 822
20 947
21 1
21 0
21 9
21 28
21 63
21 70
21 142
21 174
21 280
21 300
21 337
21 485
21 573
22 6
22 2
22 5
22 24
22 37
22 38
22 46
22 48
22 79
22 102
22 131
22 135
22 158
22 317
23 18
23 13
23 17
23 24
23 33
23 41
23 44
23 45
23 68
23 70
23 104
23 162
23 166
23 459
23 641
23 675
23 771
24 23
24 22
24 17
24 40
24 72
24 104
24 232
24 252
24 262
24 284
24 390
24 515
24 652
24 762
24 872
24 893
25 14
25 13
25 2
25 35
25 59
25 84
25 231
25 267
25 320
25 321
25 403
25 463
25 864
25 975
26 5
26 0
26 3
26 58
26 80
26 134
26 229
26 374
26 442
26 500
26 516
26 546
26 594
26 615
26 666
26 945
26 953
26 957
27 9
27 7
27 12
27 28
27 34
27 44
27 50
27 55
27 58
27 62
27 83
27 85
27 113
27 125
27 131
27 152
27 163
27 192
27 200
27 203
27 236
27 244
27 263
27 273
27 467
27 478
27 509
27 529
27 610
27 613
27 850
27 873
27 895
28 3
28 21
28 27
28 42
28 46
28 49
28 66
28 67
28 71
28 92
28 94
28 105
28 242
28 289
28 315
28 427
28 535
28 550
28 565
28 687
28 745
28 765
28 883
29 1
29 2
29 17
29 33
29 44
29 57
29 73
29 97
29 133
29 208
29 378
29 492
29 583
29 634
29 696
29 761
30 6
30 18
30 5
30 37
30 48
30 51
30 86
30 262
30 286
30 397
30 685
30 773
30 982
31 12
31 15
31 10
31 97
31 112
31 133
31 134
31 172
31 212
31 261
31 266
31 282
31 298
31 314
31 430
31 439
31 446
31 469
31 621
31 681
31 764
31 888
32 20
32 18
32 10
32 40
32 52
32 86
32 88
32 91
32 102
32 122
32 138
32 142
32 170
32 194
32 198
32 201
32 209
32 257
32 316
32 340
32 356
32 400
32 591
32 758
32 759
32 818
32 941
32 993
33 19
33 29
33 23
33 47
33 87
33 114
33 141
33 181
33 367
33 406
33 534
33 593
33 739
33 749
33 846
33 853
34 3
34 27
34 2
34 56
34 83
34 148
34 151
34 179
34 222
34 295
34 381
34 420
34 434
34 637
34 699
34 828
34 926
35 25
35 15
35 9
35 41
35 74
35 105
35 196
35 299
35 588
35 622
35 970
36 12
36 2
36 4
36 77
36 96
36 111
36 204
36 901
37 22
37 30
37 5
37 41
37 50
37 54
37 78
37 241
37 336
37 432
37 645
37 711
37 751
38 14
38 4
38 22
38 64
38 75
38 94
38 127
38 150
38 302
38 408
38 505
38 531
38 923
39 6
39 4
39 9
39 71
39 95
39 101
39 318
39 343
39 375
39 978
40 32
40 24
40 0
40 49
40 60
40 109
40 112
40 124
40 458
40 499
40 591
40 605
40 645
40 692
40 773
41 35
41 37
41 23
41 61
41 77
41 89
41 197
41 364
41 413
41 571
41 740
42 28
42 6
42 14
42 149
42 382
42 638
42 647
42 881
43 3
43 9
43 1
43 57
43 62
43 226
43 698
43 715
44 23
44 29
44 27
44 95
44 105
44 274
44 281
44 342
44 464
44 521
44 592
44 803
45 8
45 23
45 17
45 68
45 135
45 156
45 245
45 414
45 489
45 845
46 22
46 28
46 20
46 64
46 69
46 126
46 136
46 140
46 329
46 399
46 569
46 585
46 980
46 998
47 4
47 33
47 2
47 87
47 198
47 204
47 450
47 529
47 580
47 699
48 22
48 30
48 14
48 50
48 53
48 106
48 127
48 242
48 414
48 471
48 862
49 28
49 40
49 11
49 63
49 107
49 165
49 240
49 515
49 516
49 730
49 858
50 48
50 37
50 27
50 138
50 476
50 548
50 691
50 767
51 4
51 30
51 6
51 62
51 74
51 78
51 92
51 98
51 143
51 188
51 256
51 271
51 298
51 312
51 344
51 436
51 508
51 567
51 816
51 842
51 897
52 4
52 2
52 32
52 61
52 118
52 238
52 361
52 667
52 756
53 19
53 48
53 7
53 54
53 73
53 81
53 98
53 101
53 107
53 108
53 171
53 182
53 203
53 250
53 268
53 332
53 346
53 408
53 505
53 618
53 688
53 946
53 952
54 37
54 2
54 53
54 80
54 89
54 106
54 146
54 189
54 190
54 253
54 264
54 275
54 314
54 417
54 580
54 844
54 852
55 9
55 27
55 1
55 56
55 75
55 159
55 162
55 176
55 948
55 963
56 55
56 34
56 15
56 65
56 251
56 360
56 470
56 889
57 43
57 29
57 19
57 58
57 95
57 125
57 344
57 450
57 493
57 945
58 57
58 27
58 26
58 110
58 153
58 166
58 211
58 541
59 16
59 25
59 6
59 82
59 85
59 108
59 123
59 223
59 225
59 574
60 13
60 40
60 9
60 104
60 234
60 867
60 941
61 2
61 52
61 41
61 65
61 149
61 210
61 333
61 372
61 403
61 411
61 421
61 437
61 475
61 609
61 658
61 747
61 890
61 984
62 51
62 27
62 43
62 69
62 79
62 130
62 173
62 183
62 268
62 322
62 668
62 743
62 868
62 984
63 49
63 17
63 21
63 88
63 128
63 147
63 227
63 527
63 629
63 840
64 46
64 18
64 38
64 66
64 231
64 233
64 918
65 56
65 61
65 12
65 68
65 69
65 101
65 111
65 112
65 124
65 129
65 157
65 220
65 296
65 377
65 607
65 620
65 649
65 681
65 712
65 765
66 17
66 64
66 28
66 232
66 245
66 288
66 316
66 328
66 370
66 559
66 587
66 599
66 724
67 4
67 28
67 0
67 99
67 120
67 153
67 160
67 202
67 209
67 274
67 280
67 392
67 439
67 703
67 816
68 45
68 23
68 65
68 70
68 93
68 109
68 144
68 175
68 178
68 192
68 312
68 435
68 473
68 555
69 46
69 62
69 65
69 72
69 81
69 155
69 269
69 285
69 321
69 363
69 383
69 931
69 954
70 21
70 68
70 23
70 117
70 122
70 136
70 152
70 186
70 190
70 268
70 304
70 388
70 481
70 539
70 567
70 596
70 644
70 743
70 798
70 981
71 8
71 39
71 28
71 100
71 179
71 342
71 460
71 482
71 496
71 504
71 536
71 724
71 731
71 747
72 8
72 24
72 69
72 99
72 130
72 331
72 808
73 16
73 53
73 29
73 90
73 132
73 137
73 142
73 183
73 396
73 557
73 818
73 934
74 51
74 5
74 35
74 119
74 123
74 149
74 163
74 285
74 286
74 325
74 513
74 644
75 8
75 38
75 55
75 90
75 216
75 506
75 786
76 20
76 7
76 0
76 84
76 91
76 136
76 150
76 209
76 253
76 664
76 682
76 738
76 795
76 929
77 36
77 41
77 10
77 118
77 138
77 255
77 345
77 446
77 615
77 771
77 917
77 933
78 2
78 37
78 51
78 91
78 139
78 191
78 207
78 227
78 266
78 289
78 293
78 309
78 335
78 360
78 445
78 452
78 463
78 672
78 864
79 22
79 2
79 62
79 83
79 182
79 220
79 255
79 334
79 538
79 671
79 919
80 26
80 14
80 54
80 236
80 251
81 53
81 69
81 10
81 231
81 444
81 459
81 490
81 585
81 601
81 813
81 838
82 11
82 59
82 3
82 87
82 89
82 115
82 120
82 132
82 164
82 279
82 326
82 354
82 730
83 27
83 34
83 79
83 88
83 93
83 103
83 163
83 238
83 278
83 727
83 773
84 76
84 20
84 25
84 115
84 226
84 237
84 399
84 760
85 59
85 27
85 16
85 99
85 243
85 340
85 368
85 374
85 406
85 716
85 989
86 2
86 30
86 32
86 116
86 167
86 326
86 338
86 484
86 737
86 870
87 33
87 47
87 82
87 97
87 113
87 127
87 187
87 218
87 494
87 684
88 63
88 83
88 32
88 98
88 310
88 380
88 582
88 745
89 54
89 41
89 82
89 165
89 216
89 305
89 311
89 319
89 402
89 429
89 522
89 661
89 707
89 827
89 850
90 17
90 73
90 75
90 356
91 32
91 76
91 78
91 114
91 140
91 148
91 168
91 177
91 189
91 277
91 420
91 617
91 664
92 51
92 2
92 28
92 169
92 198
92 218
92 373
92 428
92 526
92 566
92 663
92 731
92 858
92 877
92 944
93 83
93 13
93 68
93 160
93 196
93 293
93 781
93 927
94 3
94 28
94 38
94 110
94 117
94 238
94 436
94 562
94 885
94 887
95 39
95 57
95 44
95 178
95 193
95 276
95 347
95 449
95 679
95 683
96 36
96 9
96 12
96 116
96 139
96 201
96 283
96 339
96 344
96 394
96 414
96 483
96 527
96 700
96 802
96 867
96 872
96 911
96 925
96 939
97 87
97 29
97 31
97 111
97 115
97 119
97 126
97 218
97 249
97 254
97 292
97 355
97 371
97 374
97 811
97 967
98 51
98 53
98 88
98 144
98 169
98 170
98 267
98 308
98 360
98 485
98 759
98 784
98 831
99 72
99 85
99 67
99 118
99 194
99 244
99 313
99 343
99 357
99 404
99 879
99 893
100 2
100 4
100 71
100 106
100 124
100 144
100 224
100 341
100 353
100 389
100 407
100 478
100 578
100 787
100 908
101 53
101 65
101 39
101 130
101 217
101 381
101 396
101 469
102 2
102 22
102 32
102 143
102 155
102 211
102 250
102 330
102 662
102 720
103 0
103 9
103 83
103 109
103 119
103 145
103 264
103 324
103 706
103 821
104 23
104 24
104 60
104 122
104 372
104 619
104 748
104 867
105 28
105 44
105 35
105 153
105 540
105 717
105 756
105 788
106 100
106 54
106 48
106 157
106 532
106 584
107 17
107 49
107 53
107 223
107 647
107 886
108 59
108 20
108 53
109 103
109 40
109 68
109 172
109 181
109 200
109 205
109 307
109 486
109 556
109 568
109 593
109 728
109 946
110 2
110 94
110 58
110 137
110 145
110 256
110 455
110 490
110 492
110 518
110 577
110 608
111 97
111 65
111 36
111 161
112 40
112 65
112 31
112 156
112 392
112 440
112 676
112 765
112 784
112 799
112 994
113 87
113 27
113 9
113 116
113 208
113 279
113 496
113 783
114 17
114 91
114 33
114 211
114 214
114 246
114 438
114 963
115 97
115 82
115 84
115 147
115 271
115 362
115 402
116 96
116 86
116 113
116 140
116 188
116 246
116 266
116 349
116 506
117 94
117 11
117 70
117 147
117 264
117 270
117 752
118 99
118 52
118 77
118 184
118 788
119 97
119 74
119 103
119 160
119 270
119 299
119 334
119 405
119 550
119 740
119 778
119 840
119 907
120 82
120 19
120 67
120 159
120 164
120 175
120 248
120 265
120 315
120 392
120 399
120 449
120 554
120 725
120 859
121 10
121 3
121 14
121 151
121 162
121 167
121 171
121 190
121 191
121 247
121 255
121 355
121 552
121 554
121 711
122 32
122 104
122 70
122 150
122 178
122 362
122 416
122 499
122 530
122 806
123 74
123 59
123 20
123 141
123 179
123 260
123 511
124 65
124 40
124 100
124 193
124 244
124 278
124 345
124 422
124 641
124 723
124 874
125 27
125 4
125 57
125 213
125 235
125 305
125 458
125 480
125 495
125 524
125 572
125 591
125 603
125 801
125 963
125 971
126 97
126 3
126 46
126 137
126 207
126 457
126 590
126 658
126 845
126 915
126 973
127 48
127 87
127 38
127 128
127 243
127 354
127 544
127 617
127 906
128 63
128 127
128 19
128 173
128 197
128 219
128 221
128 223
128 520
128 540
128 626
128 704
128 856
128 873
128 936
129 65
129 6
129 1
129 161
129 168
129 229
129 260
129 404
129 548
129 653
129 700
129 714
130 72
130 101
130 62
130 146
130 188
130 214
130 294
130 468
130 553
130 604
130 669
130 674
131 5
131 27
131 22
131 192
131 193
131 217
131 221
131 297
131 306
131 406
131 447
131 764
131 814
131 817
131 995
132 73
132 82
132 8
132 215
132 281
132 384
132 521
132 905
133 29
133 4
133 31
133 185
133 189
133 347
133 352
133 415
133 524
133 830
133 902
134 26
134 14
134 31
134 146
134 173
134 181
134 282
134 325
134 358
134 818
134 851
135 45
135 0
135 22
135 155
135 205
135 350
135 822
136 70
136 46
136 76
136 319
136 516
136 659
136 741
137 126
137 73
137 110
137 186
137 259
137 304
137 738
137 943
137 980
138 32
138 77
138 50
138 194
138 290
138 510
138 545
138 553
138 685
139 12
139 96
139 78
139 195
139 680
139 948
140 116
140 91
140 46
140 200
140 233
140 405
140 552
140 678
141 123
141 33
141 19
141 292
141 393
141 497
141 949
142 32
142 21
142 73
142 169
142 272
142 294
142 323
142 359
142 417
142 453
142 458
142 991
143 5
143 51
143 102
143 267
143 284
143 487
143 500
143 558
143 717
144 68
144 100
144 98
144 456
145 103
145 9
145 110
145 158
145 227
145 237
145 390
145 761
146 134
146 54
146 130
146 172
146 210
146 219
146 329
146 552
146 746
147 117
147 63
147 115
147 577
147 707
148 6
148 91
148 34
148 210
148 283
148 468
148 479
148 488
148 540
148 799
149 42
149 74
149 61
149 269
149 281
149 819
150 122
150 76
150 38
150 247
150 391
150 526
151 2
151 121
151 34
151 696
152 27
152 10
152 70
152 237
152 314
152 376
152 377
152 425
152 445
152 535
152 549
152 553
152 623
152 640
152 888
152 986
153 67
153 105
153 58
153 197
153 352
153 400
153 807
153 949
154 4
154 20
154 16
154 287
154 291
154 341
154 346
154 729
154 780
154 882
154 975
155 135
155 102
155 69
155 219
155 236
155 808
155 848
156 112
156 45
156 2
157 65
157 106
157 19
157 174
157 220
157 265
157 596
157 685
157 713
157 819
157 884
158 22
158 13
158 145
158 164
158 195
158 196
158 224
158 467
158 501
158 548
158 699
158 774
158 898
158 912
158 974
159 120
159 55
159 18
159 809
159 828
160 93
160 119
160 67
160 330
160 345
161 111
161 9
161 129
161 260
161 331
162 121
162 23
162 55
162 222
162 564
162 807
162 985
163 74
163 83
163 27
163 378
163 387
163 394
163 588
164 82
164 120
164 158
164 217
164 248
164 419
164 464
164 474
165 89
165 49
165 0
165 187
165 233
165 373
165 394
165 808
166 23
166 2
166 58
166 288
166 297
166 340
166 513
166 694
166 780
167 86
167 121
167 17
167 254
167 357
167 382
167 561
168 91
168 129
168 4
168 384
168 487
168 502
168 804
169 142
169 98
169 92
169 597
170 98
170 5
170 32
170 300
170 332
170 651
170 666
170 929
171 53
171 7
171 121
171 310
171 583
172 31
172 109
172 146
173 62
173 128
173 134
173 176
173 184
173 206
173 228
173 269
173 306
173 397
173 440
173 462
173 598
173 665
173 704
173 708
173 734
173 874
174 21
174 12
174 157
174 472
174 517
175 68
175 13
175 120
175 309
175 328
175 462
175 497
175 525
175 787
176 55
176 9
176 173
176 212
176 335
176 618
177 11
177 91
177 5
177 323
177 426
178 68
178 122
178 95
178 191
178 230
178 283
178 502
178 530
178 663
178 686
178 768
178 792
178 934
179 71
179 123
179 34
179 354
179 494
179 627
179 737
179 970
180 15
180 0
180 17
180 199
180 247
180 309
180 491
180 653
180 670
180 997
181 134
181 109
181 33
181 185
181 640
181 649
181 687
181 777
181 813
182 9
182 53
182 79
182 295
182 626
182 695
182 703
182 825
183 73
183 11
183 62
183 224
183 292
183 319
183 366
183 371
183 470
183 533
184 118
184 9
184 173
184 318
184 402
184 598
185 181
185 133
185 1
185 199
185 206
185 226
185 326
185 388
185 512
186 5
186 70
186 137
186 205
186 614
186 918
186 972
187 4
187 87
187 165
187 353
187 367
187 398
188 130
188 51
188 116
189 54
189 91
189 133
189 306
189 844
190 54
190 121
190 70
190 234
190 339
190 422
190 951
191 78
191 121
191 178
191 466
191 595
191 796
192 131
192 68
192 27
192 203
192 263
192 290
192 313
192 383
192 385
192 437
192 521
192 582
192 651
192 841
192 904
192 927
192 966
193 131
193 124
193 95
193 204
193 263
193 689
194 138
194 99
194 32
194 357
194 379
195 10
195 139
195 158
195 241
195 284
195 398
195 411
195 472
195 493
195 616
195 920
196 35
196 158
196 93
196 215
196 364
196 588
196 877
196 964
197 153
197 41
197 128
197 701
198 47
198 32
198 92
198 257
198 424
198 489
198 585
198 609
198 741
198 748
199 185
199 10
199 180
199 221
199 234
199 240
199 327
199 407
199 750
199 823
199 834
200 109
200 27
200 140
200 307
201 32
201 96
201 19
201 261
201 336
201 382
201 623
201 863
202 1
202 4
202 67
202 207
202 363
202 728
202 754
202 766
202 894
203 192
203 27
203 53
203 256
203 444
203 975
204 47
204 193
204 36
204 294
204 376
204 475
204 536
204 880
205 109
205 135
205 186
205 235
205 301
205 327
205 520
205 679
205 846
205 875
206 185
206 3
206 173
206 474
206 652
207 202
207 126
207 78
207 213
207 272
207 273
207 376
207 507
207 531
207 615
207 775
207 781
208 29
208 5
208 113
208 285
208 301
208 661
208 704
208 737
209 32
209 76
209 67
209 300
209 549
209 789
210 146
210 148
210 61
210 251
210 351
210 432
210 572
210 632
210 973
211 102
211 58
211 114
211 213
211 271
211 451
212 31
212 176
212 3
212 452
212 512
213 211
213 207
213 125
213 228
213 275
213 349
213 352
213 387
213 539
213 613
213 709
213 957
214 130
214 2
214 114
214 365
214 452
214 558
214 912
215 132
215 17
215 196
215 235
215 849
216 75
216 89
216 12
216 258
216 311
216 337
216 368
216 407
216 438
216 576
217 164
217 101
217 131
217 232
217 748
218 97
218 87
218 92
218 336
218 370
218 440
218 531
219 146
219 128
219 155
219 299
219 581
219 947
220 157
220 79
220 65
220 242
220 419
220 426
220 471
220 710
220 750
221 131
221 128
221 199
221 343
222 162
222 17
222 34
222 286
222 324
222 342
222 348
222 479
222 643
223 107
223 59
223 128
223 246
223 250
223 358
224 158
224 100
224 183
224 252
224 479
225 13
225 11
225 59
225 327
225 509
225 768
226 185
226 43
226 84
226 430
226 669
227 145
227 63
227 78
227 308
227 691
228 213
228 17
228 173
228 243
228 303
228 346
228 356
228 366
228 418
228 541
228 593
228 848
229 26
229 0
229 129
229 332
229 338
229 549
229 648
229 707
229 719
229 992
230 12
230 10
230 178
230 291
230 359
231 64
231 81
231 25
231 277
231 439
231 450
231 716
231 829
231 901
232 217
232 24
232 66
232 410
232 418
232 465
232 801
233 64
233 140
233 165
233 480
233 579
233 728
234 199
234 190
234 60
234 240
235 205
235 125
235 215
235 259
235 305
235 431
235 495
235 782
236 80
236 27
236 155
237 84
237 145
237 152
237 262
237 443
237 698
237 799
238 83
238 52
238 94
238 279
238 290
238 390
238 416
238 488
238 498
238 735
239 5
239 8
239 15
239 313
239 396
239 518
239 760
240 199
240 49
240 234
240 331
240 631
240 668
240 742
241 37
241 10
241 195
241 252
241 275
241 383
241 855
242 28
242 220
242 48
242 560
242 568
242 598
242 619
242 667
242 677
243 85
243 127
243 228
243 274
243 320
243 397
243 498
243 661
243 855
244 99
244 27
244 124
244 249
244 413
244 668
244 734
244 820
245 66
245 45
245 0
245 579
245 804
246 223
246 114
246 116
246 795
247 180
247 121
247 150
247 415
248 120
248 164
248 2
248 297
248 610
248 673
249 97
249 11
249 244
249 355
249 482
250 223
250 53
250 102
250 322
250 472
250 882
250 942
251 56
251 80
251 210
251 403
251 428
251 796
251 911
252 24
252 241
252 224
252 303
252 307
252 438
252 481
252 524
252 570
253 76
253 54
253 0
253 280
253 289
254 167
254 9
254 97
254 278
254 505
254 635
254 705
254 921
254 937
255 79
255 121
255 77
255 885
256 110
256 203
256 51
256 288
256 503
256 509
256 589
256 677
256 798
256 842
256 854
257 32
257 198
257 5
257 435
257 504
257 709
257 860
257 900
258 2
258 216
258 18
258 302
258 447
258 495
258 837
258 860
259 1
259 137
259 235
259 398
260 123
260 129
260 161
260 371
260 386
260 498
260 628
261 201
261 7
261 31
261 348
261 542
262 30
262 237
262 24
262 368
262 551
262 562
262 579
262 792
263 27
263 192
263 193
263 606
263 824
263 943
263 986
264 117
264 54
264 103
264 295
264 298
264 347
264 415
264 451
264 612
264 794
264 896
265 157
265 8
265 120
265 302
265 303
266 116
266 31
266 78
266 534
266 722
266 770
266 798
267 143
267 25
267 98
267 325
267 990
268 70
268 53
268 62
268 486
268 645
269 173
269 69
269 149
270 119
270 1
270 117
270 287
270 767
270 977
271 115
271 51
271 211
272 207
272 142
272 6
272 456
272 457
272 522
272 576
272 703
273 18
273 207
273 27
273 493
274 44
274 67
274 243
274 310
274 555
274 629
274 861
275 241
275 213
275 54
275 365
275 409
275 560
275 574
275 962
276 95
276 19
276 15
276 943
277 2
277 91
277 231
277 935
278 83
278 254
278 124
279 82
279 238
279 113
279 532
280 253
280 67
280 21
281 132
281 149
281 44
282 134
282 31
282 17
282 708
282 920
283 178
283 96
283 148
283 678
284 195
284 143
284 24
284 381
284 425
284 592
284 941
285 74
285 208
285 69
285 391
285 409
285 636
285 971
286 222
286 74
286 30
286 333
286 460
286 489
286 633
286 691
286 946
287 6
287 154
287 270
287 385
287 961
288 66
288 166
288 256
288 308
288 723
288 916
289 28
289 253
289 78
289 317
289 514
290 238
290 138
290 192
291 20
291 230
291 154
291 388
291 444
291 652
292 183
292 141
292 97
292 311
292 364
292 584
292 757
292 813
292 974
292 999
293 93
293 8
293 78
293 536
293 684
293 832
294 204
294 142
294 130
294 318
294 359
294 507
294 805
294 837
294 968
295 34
295 182
295 264
295 317
295 334
295 607
295 721
295 777
296 65
296 10
296 12
297 166
297 131
297 248
297 301
297 375
297 437
297 447
297 544
297 600
297 617
297 770
297 806
298 51
298 31
298 264
298 322
298 751
299 119
299 219
299 35
299 320
299 324
299 917
300 209
300 170
300 21
300 429
300 624
300 752
301 297
301 208
301 205
301 312
301 506
302 258
302 38
302 265
302 657
302 772
302 775
302 969
303 228
303 265
303 252
303 330
303 528
303 563
304 137
304 70
304 15
304 431
305 89
305 125
305 235
305 416
306 189
306 131
306 173
306 520
306 715
307 200
307 252
307 109
307 837
308 227
308 98
308 288
308 453
308 559
308 619
308 744
308 977
309 175
309 180
309 78
309 389
309 441
309 465
309 731
309 785
309 853
309 894
310 88
310 274
310 171
310 503
310 562
310 747
310 758
310 988
311 89
311 216
311 292
311 611
311 793
311 820
312 51
312 68
312 301
312 513
312 625
312 696
312 914
313 192
313 99
313 239
313 419
313 545
313 587
314 54
314 31
314 152
314 427
314 865
314 993
315 120
315 15
315 28
315 412
315 483
315 669
315 711
315 908
316 66
316 32
316 2
316 662
316 834
316 856
317 22
317 295
317 289
317 642
318 184
318 39
318 294
318 328
318 329
318 421
319 136
319 89
319 183
319 370
320 243
320 299
320 25
320 603
320 656
320 845
321 18
321 25
321 69
321 369
321 475
321 601
321 618
321 865
322 298
322 62
322 250
322 361
322 491
322 569
322 829
322 923
322 958
323 177
323 142
323 10
323 433
324 103
324 222
324 299
324 421
324 543
325 134
325 74
325 267
325 380
326 82
326 185
326 86
326 547
326 640
327 205
327 199
327 225
327 858
327 892
327 983
328 175
328 318
328 66
328 417
328 473
328 529
329 318
329 146
329 46
329 386
329 446
329 905
330 303
330 160
330 102
330 544
331 161
331 240
331 72
331 350
331 492
331 555
331 603
331 612
331 857
331 954
331 965
332 53
332 170
332 229
332 335
332 665
333 286
333 4
333 61
333 351
334 119
334 79
334 295
334 337
334 448
334 467
334 523
334 734
335 78
335 332
335 176
336 37
336 218
336 201
337 334
337 216
337 21
337 662
338 86
338 2
338 229
338 391
338 464
338 468
338 650
338 735
338 859
338 879
339 96
339 190
339 9
339 461
339 964
339 972
340 32
340 85
340 166
340 646
340 877
341 154
341 100
341 3
341 441
341 628
342 44
342 71
342 222
342 477
342 740
342 833
342 919
343 39
343 99
343 221
343 358
343 369
343 384
343 771
343 836
343 909
344 96
344 57
344 51
345 77
345 160
345 124
345 810
346 53
346 228
346 154
346 405
346 428
346 519
346 783
346 863
346 913
347 95
347 133
347 264
347 557
347 650
347 776
347 849
348 20
348 261
348 222
348 378
349 116
349 213
349 4
349 656
349 838
350 331
350 135
350 0
350 372
350 463
350 614
350 754
350 861
350 889
351 210
351 5
351 333
352 133
352 153
352 213
353 100
353 10
353 187
353 429
353 455
353 456
353 517
353 528
353 586
353 600
353 753
354 127
354 179
354 82
354 616
354 769
354 935
355 249
355 121
355 97
355 380
355 698
356 228
356 32
356 90
356 362
356 418
356 465
356 559
356 847
356 875
357 167
357 194
357 99
357 443
357 561
358 343
358 223
358 134
358 448
358 570
359 230
359 142
359 294
359 375
359 401
359 501
359 556
359 586
359 624
359 847
360 56
360 98
360 78
360 377
360 386
360 420
360 581
360 611
361 9
361 322
361 52
361 363
361 400
361 639
361 646
361 796
361 903
361 970
362 115
362 122
362 356
362 481
362 530
362 541
362 694
363 202
363 361
363 69
363 433
363 511
363 558
364 292
364 41
364 196
364 411
365 8
365 214
365 275
365 393
365 401
365 500
365 606
365 610
365 894
365 899
365 932
365 952
366 228
366 183
366 12
366 379
366 693
366 769
366 825
366 842
366 852
367 187
367 0
367 33
368 262
368 85
368 216
368 412
368 455
368 620
368 659
368 766
368 838
368 846
369 343
369 17
369 321
369 564
369 576
370 66
370 218
370 319
370 461
370 547
370 584
371 183
371 97
371 260
371 422
371 514
372 104
372 61
372 350
372 718
372 854
373 92
373 12
373 165
373 931
373 987
374 97
374 26
374 85
374 480
374 692
374 714
374 802
374 990
375 297
375 39
375 359
375 542
375 621
375 706
376 204
376 207
376 152
377 65
377 360
377 152
377 389
377 533
377 686
378 348
378 163
378 29
378 839
379 366
379 12
379 194
379 527
379 589
379 759
380 88
380 355
380 325
380 387
380 423
380 725
381 101
381 284
381 34
382 167
382 42
382 201
383 241
383 69
383 192
383 791
383 962
383 981
384 132
384 343
384 168
385 287
385 192
385 2
385 474
386 260
386 360
386 329
386 543
387 380
387 213
387 163
387 510
387 779
387 996
388 185
388 291
388 70
389 309
389 100
389 377
389 690
389 902
389 933
389 942
390 238
390 145
390 24
390 425
390 604
390 727
390 769
390 810
390 812
390 866
391 150
391 285
391 338
391 510
392 112
392 67
392 120
392 929
393 4
393 141
393 365
393 508
393 701
393 790
393 949
394 96
394 165
394 163
395 1
395 4
395 6
396 73
396 101
396 239
396 462
396 578
396 651
396 913
397 30
397 243
397 173
397 605
397 697
397 928
398 259
398 187
398 195
398 409
398 430
398 483
398 763
398 835
399 84
399 46
399 120
399 546
400 361
400 153
400 32
400 672
400 844
400 912
401 365
401 359
401 20
401 878
401 956
402 89
402 115
402 184
402 460
402 499
402 503
402 735
402 891
403 25
403 61
403 251
403 525
403 533
403 694
403 760
403 862
404 129
404 7
404 99
404 626
404 663
405 119
405 140
405 346
405 424
405 578
405 630
405 815
406 85
406 33
406 131
406 684
406 997
407 100
407 216
407 199
407 431
407 636
408 38
408 2
408 53
408 432
408 448
409 285
409 275
409 398
409 497
409 597
410 5
410 12
410 232
411 195
411 61
411 364
412 368
412 2
412 315
412 427
412 604
412 791
413 244
413 8
413 41
413 501
413 564
413 566
413 573
413 646
413 791
414 45
414 48
414 96
414 568
414 749
414 904
415 247
415 264
415 133
415 777
416 305
416 122
416 238
416 442
416 494
417 328
417 54
417 142
417 899
418 356
418 228
418 232
418 660
418 722
418 783
419 164
419 220
419 313
419 616
419 682
419 755
420 360
420 34
420 91
420 434
420 601
420 674
420 681
421 61
421 324
421 318
421 551
421 627
421 880
421 895
421 903
422 124
422 371
422 190
422 423
422 436
422 449
422 511
422 534
422 786
422 801
423 12
423 422
423 380
423 426
423 454
423 470
423 766
423 961
424 198
424 405
424 18
424 547
425 152
425 284
425 390
425 451
425 515
425 620
425 785
426 220
426 177
426 423
426 927
427 314
427 28
427 412
427 473
427 998
428 251
428 346
428 92
428 635
428 673
429 300
429 89
429 353
429 453
429 596
430 398
430 226
430 31
430 627
430 648
430 857
430 984
431 235
431 407
431 304
431 484
431 538
431 726
431 950
432 408
432 37
432 210
432 665
433 14
433 363
433 323
433 638
434 15
434 420
434 34
434 441
434 454
434 625
434 762
434 910
434 928
435 257
435 17
435 68
435 488
435 655
435 782
435 900
435 982
436 51
436 422
436 94
436 583
437 61
437 192
437 297
437 477
437 718
438 216
438 114
438 252
438 974
439 31
439 231
439 67
439 755
440 218
440 112
440 173
441 309
441 434
441 341
441 477
441 491
441 502
441 542
441 709
442 26
442 416
442 1
443 0
443 237
443 357
443 445
443 554
443 753
443 776
443 996
444 81
444 203
444 291
444 523
444 664
445 152
445 443
445 78
445 644
445 733
445 744
445 914
446 329
446 31
446 77
446 581
446 793
446 810
447 131
447 258
447 297
447 469
447 526
447 560
447 692
448 334
448 358
448 408
448 537
448 675
448 817
449 95
449 120
449 422
449 471
449 487
449 909
450 57
450 231
450 47
450 757
450 937
451 425
451 264
451 211
452 214
452 78
452 212
452 639
453 308
453 142
453 429
453 457
453 611
453 861
454 434
454 423
454 2
454 733
455 110
455 353
455 368
455 741
456 272
456 144
456 353
457 453
457 126
457 272
457 485
457 633
457 722
457 768
458 142
458 125
458 40
458 484
458 752
459 23
459 81
459 11
459 504
459 809
459 855
460 402
460 286
460 71
460 802
461 19
461 339
461 370
462 396
462 173
462 175
462 948
463 350
463 25
463 78
463 628
463 892
464 164
464 338
464 44
464 595
464 630
465 356
465 309
465 232
465 713
465 717
465 916
466 17
466 7
466 191
466 786
467 334
467 27
467 158
467 633
467 695
468 148
468 130
468 338
468 689
468 923
468 990
469 31
469 447
469 101
470 183
470 56
470 423
470 482
471 220
471 449
471 48
471 512
472 195
472 174
472 250
472 519
473 427
473 328
473 68
474 385
474 164
474 206
474 675
475 61
475 321
475 204
475 566
475 597
476 0
476 19
476 50
476 507
476 563
476 595
476 843
477 441
477 437
477 342
477 790
478 100
478 13
478 27
478 955
479 148
479 224
479 222
480 125
480 233
480 374
480 551
480 594
481 70
481 252
481 362
481 789
482 470
482 249
482 71
482 988
483 315
483 398
483 96
483 865
483 965
484 431
484 86
484 458
484 561
484 670
484 812
485 98
485 21
485 457
486 17
486 109
486 268
486 650
486 702
487 143
487 168
487 449
487 519
487 571
488 148
488 238
488 435
488 587
489 198
489 45
489 286
489 514
489 599
490 81
490 110
490 0
490 887
491 441
491 180
491 322
491 721
491 736
492 331
492 29
492 110
493 273
493 195
493 57
493 621
494 179
494 87
494 416
494 582
494 605
494 654
495 125
495 258
495 235
495 523
495 625
496 71
496 0
496 113
496 572
497 409
497 141
497 175
497 590
497 647
497 967
498 243
498 260
498 238
498 607
498 781
498 820
499 40
499 122
499 402
499 567
499 586
500 143
500 365
500 26
500 632
500 733
500 849
500 851
501 359
501 413
501 158
501 690
501 886
501 940
502 441
502 168
502 178
502 794
502 892
503 256
503 402
503 310
503 883
504 459
504 71
504 257
505 38
505 254
505 53
505 508
505 803
506 75
506 301
506 116
506 653
506 829
506 866
507 207
507 294
507 476
507 920
508 393
508 505
508 51
508 535
509 27
509 256
509 225
509 622
509 991
510 387
510 138
510 391
510 538
511 422
511 363
511 123
511 763
512 212
512 471
512 185
512 643
512 739
513 74
513 312
513 166
513 983
514 371
514 489
514 289
514 682
515 24
515 425
515 49
515 517
516 136
516 26
516 49
517 353
517 174
517 515
517 563
518 110
518 8
518 239
518 814
519 472
519 346
519 487
520 128
520 306
520 205
520 680
521 44
521 192
521 132
522 89
522 2
522 272
522 678
523 444
523 495
523 334
523 866
524 252
524 125
524 133
524 658
524 687
525 175
525 15
525 403
526 92
526 150
526 447
526 679
527 63
527 96
527 379
528 12
528 353
528 303
528 750
529 47
529 27
529 328
529 638
529 902
530 178
530 362
530 122
531 38
531 218
531 207
531 832
532 18
532 106
532 279
533 377
533 403
533 183
534 33
534 422
534 266
534 546
534 608
534 840
534 896
535 28
535 508
535 152
535 574
535 657
535 700
536 293
536 204
536 71
536 637
537 448
537 8
537 16
537 708
538 510
538 431
538 79
538 570
538 656
538 671
538 874
538 987
539 70
539 3
539 213
539 743
539 893
539 985
540 128
540 105
540 148
540 600
540 742
541 58
541 362
541 228
541 580
542 375
542 261
542 441
542 577
542 991
543 386
543 8
543 324
543 667
543 688
543 869
544 330
544 127
544 297
544 763
545 1
545 313
545 138
546 26
546 534
546 399
547 370
547 326
547 424
547 565
547 879
547 885
547 967
548 129
548 50
548 158
548 575
548 602
549 209
549 152
549 229
549 836
549 876
549 928
550 119
550 28
550 12
550 903
551 480
551 262
551 421
552 121
552 146
552 140
552 634
552 812
552 848
552 995
553 152
553 138
553 130
553 573
553 676
553 683
553 817
553 896
554 121
554 443
554 120
554 556
554 655
555 68
555 331
555 274
556 359
556 554
556 109
557 5
557 347
557 73
557 623
558 214
558 143
558 363
558 762
559 66
559 308
559 356
559 795
560 242
560 447
560 275
560 958
560 994
561 484
561 357
561 167
561 742
561 924
562 310
562 94
562 262
562 565
562 767
562 776
562 973
563 476
563 517
563 303
563 686
563 689
563 753
564 369
564 162
564 413
564 571
564 629
565 562
565 547
565 28
565 779
565 823
566 475
566 413
566 92
566 569
566 609
566 794
567 70
567 51
567 499
567 642
567 710
568 109
568 242
568 414
568 950
569 322
569 566
569 46
569 614
570 538
570 252
570 358
570 729
571 487
571 41
571 564
571 592
571 778
572 125
572 496
572 210
572 702
572 906
573 553
573 21
573 413
574 59
574 275
574 535
575 2
575 548
575 14
575 805
576 216
576 272
576 369
576 960
577 110
577 542
577 147
578 396
578 100
578 405
578 721
579 245
579 262
579 233
580 541
580 54
580 47
580 599
580 641
580 654
581 219
581 360
581 446
581 630
581 732
581 755
581 815
582 192
582 494
582 88
582 745
583 171
583 29
583 436
584 292
584 106
584 370
584 594
585 81
585 198
585 46
586 499
586 359
586 353
586 622
586 660
586 757
586 875
586 890
587 66
587 488
587 313
587 590
587 764
587 993
588 163
588 35
588 196
588 809
588 883
589 0
589 379
589 256
590 587
590 126
590 497
590 895
591 40
591 32
591 125
591 602
591 677
591 797
591 806
591 954
591 995
592 44
592 571
592 284
592 676
593 109
593 228
593 33
593 969
594 26
594 584
594 480
595 191
595 476
595 464
595 814
596 429
596 70
596 157
596 654
596 660
597 169
597 475
597 409
597 746
597 909
598 242
598 173
598 184
598 637
598 712
598 826
598 880
599 489
599 580
599 66
599 602
599 639
599 729
600 297
600 540
600 353
600 772
601 420
601 81
601 321
601 898
601 938
602 599
602 548
602 591
602 612
602 705
603 331
603 320
603 125
603 835
604 390
604 130
604 412
604 881
605 494
605 40
605 397
605 901
606 263
606 365
606 9
607 498
607 295
607 65
607 803
608 110
608 3
608 534
609 61
609 566
609 198
609 939
610 27
610 365
610 248
610 979
611 311
611 453
611 360
611 744
611 959
612 331
612 264
612 602
613 213
613 3
613 27
614 186
614 569
614 350
614 833
614 899
614 955
615 207
615 26
615 77
616 419
616 195
616 354
617 91
617 127
617 297
617 671
617 705
618 321
618 53
618 176
618 715
619 242
619 308
619 104
619 976
620 368
620 65
620 425
620 635
620 870
621 375
621 493
621 31
621 821
622 586
622 35
622 509
622 680
622 832
623 152
623 557
623 201
623 746
623 789
624 359
624 13
624 300
624 666
624 719
624 827
625 312
625 495
625 434
626 182
626 128
626 404
627 430
627 421
627 179
627 713
628 341
628 463
628 260
629 564
629 274
629 63
630 581
630 405
630 464
631 2
631 0
631 240
631 659
631 800
632 500
632 210
632 5
633 286
633 457
633 467
633 695
634 29
634 8
634 552
634 772
635 428
635 620
635 254
635 655
635 828
635 947
636 5
636 407
636 285
636 882
637 536
637 34
637 598
638 42
638 529
638 433
638 966
639 599
639 452
639 361
639 839
639 913
639 932
640 152
640 326
640 181
640 693
641 580
641 124
641 23
641 881
642 317
642 567
642 2
642 944
643 512
643 222
643 10
643 819
644 70
644 74
644 445
644 839
645 37
645 268
645 40
646 340
646 413
646 361
647 42
647 107
647 497
648 3
648 430
648 229
649 65
649 181
649 6
650 347
650 338
650 486
651 396
651 192
651 170
651 869
651 956
652 24
652 206
652 291
653 506
653 180
653 129
654 596
654 580
654 494
654 706
655 554
655 435
655 635
656 538
656 349
656 320
656 834
656 836
656 936
657 12
657 302
657 535
657 807
657 852
658 61
658 524
658 126
658 724
658 890
659 368
659 136
659 631
659 774
659 936
660 418
660 586
660 596
660 673
661 208
661 243
661 89
662 102
662 337
662 316
662 983
663 178
663 404
663 92
664 444
664 76
664 91
664 674
664 951
665 332
665 173
665 432
665 683
665 718
666 26
666 624
666 170
667 543
667 52
667 242
668 244
668 240
668 62
669 315
669 226
669 130
669 710
670 180
670 484
670 11
670 826
671 538
671 617
671 79
672 0
672 400
672 78
673 248
673 428
673 660
674 664
674 130
674 420
675 448
675 23
675 474
676 553
676 112
676 592
677 256
677 591
677 242
677 754
678 140
678 522
678 283
679 205
679 95
679 526
680 520
680 139
680 622
681 65
681 420
681 31
681 906
681 959
682 514
682 76
682 419
682 732
682 805
683 665
683 553
683 95
684 87
684 406
684 293
685 157
685 138
685 30
686 178
686 377
686 563
687 28
687 524
687 181
687 688
687 953
688 543
688 53
688 687
689 468
689 563
689 193
689 697
689 782
689 824
689 871
689 988
690 501
690 389
690 10
690 831
691 50
691 286
691 227
691 738
691 824
691 953
692 374
692 40
692 447
693 17
693 640
693 366
693 775
693 863
694 166
694 403
694 362
695 467
695 633
695 182
695 830
696 312
696 151
696 29
696 833
697 689
697 8
697 397
697 720
698 355
698 237
698 43
699 158
699 47
699 34
699 751
700 129
700 535
700 96
701 197
701 10
701 393
701 904
702 6
702 486
702 572
703 182
703 67
703 272
703 719
704 208
704 128
704 173
705 617
705 602
705 254
706 654
706 375
706 103
706 922
706 944
707 147
707 229
707 89
707 797
708 537
708 282
708 173
708 720
708 726
708 736
708 811
709 257
709 213
709 441
709 761
710 669
710 567
710 220
711 37
711 121
711 315
711 884
712 8
712 598
712 65
712 787
713 465
713 157
713 627
713 889
714 129
714 2
714 374
715 618
715 306
715 43
715 934
716 85
716 231
716 14
717 143
717 465
717 105
718 665
718 437
718 372
718 971
719 624
719 703
719 229
720 708
720 102
720 697
720 862
721 491
721 295
721 578
721 800
722 457
722 266
722 418
723 124
723 288
723 20
723 992
724 71
724 658
724 66
724 926
725 19
725 380
725 120
726 431
726 708
726 10
726 788
726 965
727 16
727 390
727 83
727 730
728 109
728 202
728 233
729 154
729 570
729 599
729 859
730 727
730 82
730 49
730 935
730 981
731 92
731 309
731 71
732 581
732 13
732 682
733 445
733 454
733 500
733 860
734 244
734 173
734 334
735 238
735 402
735 338
736 491
736 708
736 8
737 86
737 179
737 208
738 137
738 76
738 691
738 770
738 968
739 512
739 33
739 1
739 987
740 41
740 119
740 342
740 779
740 979
741 136
741 455
741 198
742 240
742 561
742 540
742 778
742 994
743 539
743 70
743 62
743 749
743 905
744 308
744 611
744 445
744 831
745 28
745 88
745 582
745 940
746 623
746 597
746 146
746 815
747 310
747 61
747 71
747 853
747 915
748 104
748 198
748 217
749 743
749 414
749 33
749 959
750 528
750 199
750 220
750 942
751 699
751 37
751 298
751 876
752 458
752 117
752 300
753 563
753 353
753 443
753 847
754 350
754 677
754 202
754 922
755 581
755 419
755 439
756 52
756 105
756 4
757 586
757 450
757 292
758 310
758 32
758 4
759 379
759 32
759 98
760 84
760 403
760 239
760 841
761 29
761 145
761 709
762 558
762 24
762 434
763 398
763 544
763 511
764 587
764 131
764 31
764 857
765 65
765 28
765 112
765 780
766 202
766 368
766 423
767 562
767 270
767 50
767 868
767 966
768 178
768 457
768 225
768 884
769 390
769 354
769 366
769 910
770 738
770 266
770 297
770 774
770 878
770 930
771 77
771 23
771 343
772 600
772 302
772 634
772 816
773 40
773 83
773 30
774 158
774 770
774 659
775 302
775 207
775 693
775 843
776 562
776 443
776 347
776 992
777 415
777 295
777 181
778 119
778 571
778 742
779 565
779 740
779 387
779 822
779 997
780 765
780 154
780 166
780 891
781 207
781 93
781 498
781 960
781 962
782 689
782 435
782 235
782 956
783 346
783 418
783 113
783 878
784 98
784 112
784 4
785 12
785 309
785 425
786 466
786 422
786 75
786 790
787 712
787 175
787 100
788 105
788 726
788 118
789 481
789 623
789 209
790 393
790 786
790 477
791 383
791 413
791 412
792 20
792 262
792 178
793 446
793 311
793 5
793 835
794 566
794 502
794 264
794 897
795 246
795 76
795 559
796 191
796 251
796 361
796 821
797 707
797 591
797 0
797 811
798 256
798 266
798 70
798 914
799 237
799 148
799 112
799 938
800 4
800 721
800 631
801 232
801 422
801 125
801 856
802 460
802 374
802 96
802 917
803 607
803 505
803 44
804 19
804 245
804 168
805 575
805 682
805 294
805 898
805 921
806 297
806 122
806 591
807 657
807 153
807 162
808 165
808 155
808 72
809 159
809 588
809 459
809 864
810 446
810 390
810 345
810 887
811 97
811 708
811 797
811 916
812 484
812 390
812 552
812 891
813 81
813 292
813 181
813 910
814 595
814 518
814 131
815 746
815 405
815 581
815 919
816 67
816 772
816 51
816 869
817 131
817 553
817 448
817 977
818 73
818 32
818 134
819 643
819 149
819 157
820 244
820 311
820 498
820 850
821 621
821 796
821 103
822 135
822 20
822 779
822 918
823 12
823 199
823 565
824 691
824 263
824 689
825 8
825 182
825 366
825 938
825 999
826 598
826 670
826 8
827 2
827 624
827 89
828 34
828 159
828 635
829 231
829 322
829 506
830 695
830 0
830 133
831 690
831 98
831 744
832 531
832 293
832 622
832 871
832 926
833 342
833 696
833 614
833 922
834 656
834 316
834 199
835 398
835 793
835 603
835 939
835 968
836 343
836 656
836 549
836 911
836 985
837 258
837 294
837 307
837 876
837 908
838 349
838 368
838 81
838 924
839 639
839 644
839 378
839 955
840 534
840 119
840 63
841 192
841 15
841 760
842 256
842 366
842 51
842 957
843 476
843 19
843 775
844 189
844 400
844 54
845 126
845 45
845 320
845 907
845 978
846 33
846 368
846 205
846 871
846 976
847 356
847 753
847 359
848 552
848 228
848 155
849 215
849 500
849 347
849 900
849 996
850 89
850 820
850 27
851 134
851 17
851 500
852 657
852 54
852 366
853 33
853 747
853 309
853 888
854 372
854 1
854 256
855 459
855 241
855 243
856 316
856 801
856 128
857 430
857 764
857 331
858 49
858 327
858 92
859 120
859 338
859 729
860 733
860 258
860 257
861 350
861 453
861 274
862 48
862 720
862 403
863 346
863 693
863 201
864 25
864 809
864 78
865 321
865 314
865 483
866 523
866 506
866 390
866 873
867 104
867 96
867 60
868 767
868 62
868 4
869 651
869 816
869 543
870 86
870 620
870 17
871 832
871 846
871 689
872 9
872 96
872 24
873 27
873 866
873 128
874 538
874 173
874 124
874 940
875 205
875 356
875 586
876 837
876 751
876 549
877 340
877 196
877 92
878 770
878 783
878 401
878 925
879 338
879 547
879 99
880 421
880 204
880 598
881 604
881 42
881 641
882 154
882 250
882 636
883 28
883 588
883 503
884 711
884 157
884 768
885 547
885 94
885 255
885 915
886 501
886 107
886 13
887 810
887 490
887 94
888 31
888 152
888 853
889 56
889 350
889 713
890 658
890 61
890 586
891 812
891 780
891 402
892 327
892 463
892 502
893 24
893 99
893 539
893 933
894 309
894 202
894 365
895 27
895 421
895 590
896 534
896 264
896 553
896 960
897 51
897 794
897 1
897 924
898 158
898 601
898 805
899 614
899 365
899 417
900 849
900 435
900 257
901 605
901 36
901 231
902 133
902 389
902 529
903 421
903 361
903 550
904 414
904 701
904 192
905 132
905 743
905 329
906 572
906 127
906 681
907 845
907 18
907 119
907 999
908 837
908 315
908 100
908 998
909 343
909 597
909 449
909 937
910 769
910 434
910 813
911 836
911 251
911 96
912 158
912 214
912 400
912 969
913 639
913 346
913 396
914 445
914 798
914 312
915 747
915 126
915 885
915 930
916 465
916 288
916 811
917 802
917 299
917 77
918 822
918 64
918 186
919 815
919 79
919 342
920 195
920 282
920 507
920 964
920 989
921 0
921 805
921 254
922 754
922 706
922 833
923 38
923 468
923 322
924 561
924 838
924 897
925 9
925 96
925 878
926 724
926 34
926 832
927 426
927 93
927 192
927 961
928 397
928 549
928 434
929 76
929 392
929 170
930 770
930 915
930 10
930 976
931 69
931 373
931 9
931 950
932 639
932 365
932 15
932 980
933 893
933 389
933 77
934 73
934 178
934 715
935 354
935 730
935 277
936 128
936 656
936 659
937 909
937 254
937 450
937 979
938 601
938 825
938 799
939 96
939 609
939 835
940 501
940 874
940 745
941 32
941 284
941 60
942 750
942 389
942 250
943 276
943 137
943 263
944 642
944 706
944 92
945 17
945 57
945 26
946 53
946 286
946 109
947 20
947 635
947 219
948 55
948 139
948 462
949 141
949 393
949 153
950 431
950 931
950 568
951 8
951 190
951 664
952 0
952 53
952 365
953 26
953 687
953 691
954 69
954 331
954 591
955 839
955 614
955 478
956 401
956 651
956 782
957 26
957 213
957 842
958 322
958 6
958 560
959 681
959 611
959 749
960 781
960 576
960 896
961 287
961 927
961 423
962 275
962 781
962 383
963 114
963 55
963 125
964 920
964 339
964 196
965 483
965 331
965 726
965 972
966 638
966 767
966 192
967 97
967 497
967 547
968 738
968 835
968 294
969 593
969 302
969 912
970 35
970 361
970 179
971 125
971 285
971 718
972 339
972 965
972 186
973 126
973 562
973 210
974 158
974 292
974 438
974 978
975 154
975 25
975 203
976 930
976 846
976 619
977 817
977 270
977 308
978 845
978 974
978 39
979 937
979 740
979 610
980 46
980 932
980 137
981 383
981 730
981 70
982 14
982 30
982 435
983 327
983 513
983 662
984 430
984 61
984 62
985 539
985 162
985 836
986 2
986 152
986 263
987 373
987 739
987 538
988 482
988 310
988 689
989 12
989 85
989 920
990 267
990 468
990 374
991 542
991 142
991 509
992 229
992 723
992 776
993 587
993 32
993 314
994 560
994 112
994 742
995 552
995 591
995 131
996 443
996 849
996 387
997 779
997 180
997 406
998 908
998 427
998 46
999 907
999 825
999 292
