0 1
0 2
0 3
0 4
0 8
0 10
0 18
0 29
0 33
0 37
0 38
0 40
0 42
0 44
1 0
1 2
1 3
1 13
1 20
1 22
1 23
1 32
1 40
2 1
2 0
2 3
2 4
2 5
2 6
2 7
2 11
2 14
2 16
2 18
3 2
3 0
3 1
3 4
3 5
3 7
3 8
3 9
3 10
3 13
3 17
3 30
3 37
3 39
3 40
3 45
4 3
4 0
4 2
4 5
4 6
4 9
4 12
4 23
4 26
5 2
5 4
5 3
5 6
5 9
5 10
5 11
5 15
5 17
5 19
5 21
5 36
5 38
6 2
6 4
6 5
6 7
6 8
6 16
6 19
6 24
6 44
7 2
7 3
7 6
7 11
7 12
7 14
7 17
7 26
7 28
7 36
8 0
8 6
8 3
8 16
9 5
9 4
9 3
9 12
9 21
9 38
9 43
9 45
10 3
10 5
10 0
10 13
10 14
10 15
10 49
11 7
11 5
11 2
11 15
11 34
11 39
11 41
12 4
12 9
12 7
12 18
12 28
12 30
12 33
12 41
13 1
13 3
13 10
13 25
13 30
14 2
14 7
14 10
14 20
14 22
14 23
14 25
14 35
14 47
15 10
15 11
15 5
15 20
15 24
15 31
15 35
16 8
16 2
16 6
16 19
16 27
16 42
17 7
17 3
17 5
17 27
17 36
17 39
17 47
18 2
18 0
18 12
18 29
18 41
18 46
18 49
19 6
19 16
19 5
19 28
19 48
20 1
20 14
20 15
20 21
20 24
20 26
20 32
20 35
20 48
21 9
21 20
21 5
21 22
21 27
22 1
22 14
22 21
22 31
22 34
23 1
23 14
23 4
23 25
23 33
24 6
24 20
24 15
24 42
25 13
25 23
25 14
25 29
25 32
25 44
25 48
26 20
26 7
26 4
26 31
26 43
27 21
27 17
27 16
27 34
27 43
28 12
28 19
28 7
29 0
29 18
29 25
29 46
30 12
30 13
30 3
30 46
31 26
31 15
31 22
32 1
32 20
32 25
33 23
33 0
33 12
34 22
34 11
34 27
34 49
35 14
35 20
35 15
36 17
36 7
36 5
36 37
37 3
37 36
37 0
38 9
38 5
38 0
39 3
39 11
39 17
40 0
40 3
40 1
41 12
41 18
41 11
41 45
42 16
42 24
42 0
43 27
43 26
43 9
44 0
44 25
44 6
45 9
45 41
45 3
45 47
46 30
46 29
46 18
47 14
47 45
47 17
48 19
48 20
48 25
49 10
49 34
49 18
