0 1
1 0
2 0
2 1
3 1
3 0
3 2
4 1
4 3
4 0
5 2
5 0
5 1
6 0
6 1
6 5
7 0
7 1
7 5
8 1
8 3
8 7
9 6
9 4
9 2
10 9
10 0
10 5
11 0
11 4
11 1
12 5
12 10
12 1
13 8
13 0
13 6
14 2
14 3
14 13
15 9
15 12
15 0
16 2
16 15
16 8
17 5
17 4
17 2
18 10
18 2
18 3
19 1
19 7
19 2
20 9
20 3
20 18
21 4
21 20
21 10
22 6
22 3
22 16
23 14
23 17
23 6
24 6
24 1
24 22
25 15
25 23
25 4
26 23
26 0
26 15
27 2
27 14
27 1
28 27
28 2
28 1
29 5
29 25
29 0
30 22
30 4
30 6
31 7
31 16
31 6
32 4
32 2
32 3
33 3
33 0
33 1
34 4
34 6
34 3
35 6
35 33
35 21
36 13
36 12
36 33
37 15
37 10
37 14
38 16
38 26
38 36
39 24
39 2
39 4
40 0
40 4
40 13
41 1
41 3
41 21
42 32
42 14
42 24
43 7
43 6
43 41
44 2
44 24
44 21
45 41
45 6
45 0
46 0
46 6
46 12
47 24
47 28
47 41
48 42
48 20
48 6
49 1
49 42
49 3
50 35
50 1
50 18
51 47
51 9
51 40
52 48
52 25
52 11
53 22
53 31
53 0
54 19
54 6
54 48
55 12
55 39
55 43
56 0
56 1
56 13
57 19
57 32
57 42
58 48
58 4
58 3
59 2
59 11
59 48
60 24
60 55
60 3
61 19
61 11
61 20
62 27
62 24
62 1
63 24
63 49
63 5
64 20
64 16
64 0
65 48
65 29
65 4
66 24
66 0
66 41
67 58
67 29
67 44
68 2
68 0
68 6
69 1
69 42
69 7
70 42
70 13
70 63
71 17
71 10
71 26
72 6
72 39
72 4
73 31
73 11
73 3
74 1
74 11
74 14
75 19
75 0
75 20
76 4
76 44
76 10
77 45
77 67
77 23
78 0
78 48
78 11
79 6
79 0
79 43
80 18
80 19
80 23
81 66
81 23
81 21
82 51
82 16
82 45
83 18
83 45
83 41
84 21
84 24
84 41
85 0
85 58
85 1
86 40
86 29
86 0
87 79
87 30
87 13
88 4
88 27
88 34
89 47
89 21
89 72
90 6
90 24
90 18
91 47
91 2
91 79
92 81
92 2
92 8
93 10
93 14
93 43
94 23
94 52
94 0
95 28
95 42
95 89
96 84
96 9
96 48
97 3
97 24
97 89
98 17
98 97
98 34
99 89
99 4
99 84
