0 1
1 0
2 0
2 1
3 1
3 0
3 2
4 0
4 1
4 3
5 3
5 1
5 0
6 3
6 1
6 0
7 4
7 2
7 1
8 4
8 1
8 0
9 1
9 4
9 6
10 5
10 1
10 3
11 1
11 0
11 3
12 5
12 3
12 1
13 8
13 1
13 5
14 0
14 7
14 3
15 1
15 11
15 5
16 2
16 7
16 5
17 3
17 0
17 11
18 4
18 3
18 8
19 15
19 5
19 7
20 1
20 6
20 15
21 7
21 5
21 12
22 10
22 5
22 13
23 5
23 8
23 1
24 14
24 0
24 4
25 3
25 0
25 13
26 2
26 19
26 8
27 25
27 13
27 11
28 21
28 27
28 20
29 5
29 1
29 21
30 2
30 11
30 0
31 4
31 11
31 7
32 3
32 6
32 26
33 11
33 0
33 6
34 12
34 1
34 7
35 1
35 20
35 14
36 0
36 4
36 13
37 30
37 5
37 11
38 37
38 13
38 10
39 6
39 4
39 16
40 1
40 19
40 13
41 10
41 11
41 9
42 0
42 1
42 15
43 42
43 10
43 18
44 3
44 1
44 4
45 0
45 7
45 16
46 5
46 42
46 1
47 20
47 8
47 3
48 4
48 8
48 12
49 35
49 45
49 15
50 11
50 5
50 1
51 28
51 30
51 18
52 11
52 13
52 10
53 3
53 5
53 1
54 37
54 43
54 38
55 3
55 15
55 4
56 43
56 5
56 13
57 3
57 23
57 5
58 37
58 6
58 41
59 15
59 0
59 42
60 43
60 46
60 1
61 46
61 5
61 10
62 4
62 3
62 40
63 6
63 24
63 2
64 4
64 43
64 22
65 4
65 36
65 15
66 1
66 0
66 4
67 5
67 54
67 3
68 1
68 24
68 43
69 48
69 1
69 34
70 60
70 3
70 2
71 24
71 2
71 68
72 1
72 18
72 4
73 30
73 0
73 48
74 22
74 71
74 0
75 49
75 22
75 4
76 15
76 50
76 0
77 10
77 1
77 43
78 31
78 5
78 3
79 15
79 7
79 16
80 69
80 50
80 1
81 42
81 1
81 25
82 26
82 5
82 0
83 43
83 45
83 1
84 75
84 62
84 79
85 10
85 30
85 14
86 0
86 25
86 5
87 68
87 43
87 3
88 52
88 43
88 63
89 0
89 71
89 75
90 61
90 84
90 31
91 15
91 2
91 42
92 28
92 36
92 2
93 1
93 8
93 16
94 18
94 15
94 0
95 18
95 6
95 27
96 20
96 57
96 2
97 58
97 93
97 19
98 68
98 24
98 48
99 18
99 12
99 1
100 22
100 28
100 19
101 2
101 83
101 0
102 26
102 15
102 1
103 84
103 88
103 0
104 23
104 1
104 93
105 47
105 88
105 48
106 93
106 60
106 1
107 25
107 54
107 18
108 10
108 15
108 92
109 78
109 48
109 37
110 65
110 15
110 8
111 36
111 52
111 86
112 8
112 60
112 76
113 92
113 26
113 14
114 68
114 96
114 28
115 107
115 6
115 84
116 56
116 88
116 4
117 87
117 85
117 0
118 8
118 78
118 65
119 118
119 0
119 1
120 2
120 69
120 24
121 4
121 46
121 75
122 3
122 61
122 52
123 94
123 72
123 35
124 2
124 1
124 74
125 14
125 3
125 23
126 12
126 97
126 98
127 5
127 54
127 125
128 26
128 24
128 67
129 61
129 31
129 79
130 3
130 2
130 71
131 65
131 46
131 114
132 26
132 100
132 42
133 60
133 46
133 3
134 86
134 40
134 0
135 15
135 89
135 52
136 123
136 12
136 130
137 105
137 2
137 23
138 69
138 107
138 67
139 15
139 81
139 0
140 31
140 49
140 72
141 0
141 2
141 15
142 5
142 105
142 6
143 30
143 19
143 5
144 19
144 38
144 6
145 81
145 10
145 92
146 6
146 70
146 0
147 1
147 143
147 60
148 75
148 7
148 72
149 35
149 36
149 28
150 5
150 87
150 51
151 114
151 132
151 138
152 111
152 14
152 1
153 13
153 84
153 20
154 108
154 40
154 23
155 61
155 111
155 40
156 114
156 102
156 104
157 155
157 127
157 4
158 58
158 86
158 26
159 78
159 8
159 108
160 127
160 40
160 26
161 24
161 7
161 75
162 11
162 95
162 111
163 68
163 86
163 48
164 19
164 71
164 1
165 116
165 140
165 49
166 3
166 161
166 119
167 138
167 4
167 28
168 4
168 28
168 157
169 119
169 109
169 150
170 126
170 117
170 43
171 8
171 14
171 18
172 10
172 78
172 27
173 38
173 1
173 33
174 44
174 8
174 0
175 159
175 27
175 20
176 16
176 20
176 63
177 173
177 13
177 0
178 0
178 115
178 8
179 155
179 36
179 4
180 88
180 63
180 85
181 1
181 3
181 150
182 24
182 174
182 0
183 145
183 24
183 6
184 75
184 4
184 115
185 0
185 97
185 22
186 85
186 36
186 34
187 13
187 143
187 65
188 158
188 4
188 114
189 182
189 30
189 3
190 158
190 8
190 176
191 4
191 135
191 7
192 40
192 68
192 122
193 3
193 70
193 24
194 48
194 128
194 155
195 40
195 130
195 115
196 24
196 69
196 1
197 9
197 173
197 1
198 116
198 34
198 43
199 125
199 36
199 86
200 40
200 8
200 0
201 23
201 13
201 140
202 130
202 1
202 79
203 28
203 126
203 23
204 187
204 23
204 37
205 28
205 71
205 10
206 99
206 97
206 167
207 5
207 48
207 85
208 204
208 4
208 193
209 26
209 94
209 0
210 38
210 36
210 73
211 8
211 79
211 157
212 72
212 49
212 162
213 32
213 33
213 10
214 52
214 150
214 119
215 15
215 120
215 10
216 118
216 0
216 97
217 11
217 118
217 37
218 53
218 4
218 209
219 0
219 211
219 4
220 60
220 55
220 161
221 171
221 24
221 220
222 3
222 206
222 70
223 4
223 0
223 58
224 85
224 44
224 77
225 13
225 168
225 100
226 76
226 137
226 33
227 49
227 3
227 107
228 33
228 40
228 5
229 62
229 0
229 92
230 62
230 23
230 74
231 24
231 115
231 0
232 24
232 83
232 75
233 147
233 44
233 13
234 155
234 1
234 94
235 26
235 19
235 231
236 176
236 87
236 33
237 8
237 67
237 74
238 69
238 52
238 160
239 0
239 93
239 5
240 32
240 67
240 130
241 87
241 1
241 28
242 14
242 93
242 119
243 11
243 79
243 117
244 105
244 38
244 162
245 134
245 22
245 107
246 4
246 0
246 32
247 157
247 8
247 27
248 70
248 114
248 3
249 79
249 8
249 138
250 175
250 72
250 5
251 104
251 0
251 240
252 0
252 93
252 157
253 58
253 113
253 4
254 8
254 10
254 93
255 3
255 92
255 34
256 58
256 160
256 62
257 6
257 2
257 4
258 34
258 114
258 48
259 109
259 87
259 147
260 223
260 188
260 11
261 1
261 23
261 102
262 235
262 48
262 1
263 2
263 1
263 244
264 152
264 13
264 60
265 1
265 176
265 120
266 34
266 167
266 160
267 107
267 54
267 137
268 210
268 0
268 98
269 71
269 138
269 8
270 102
270 64
270 155
271 8
271 37
271 230
272 211
272 28
272 238
273 0
273 137
273 79
274 92
274 4
274 13
275 9
275 91
275 33
276 272
276 64
276 76
277 211
277 202
277 40
278 158
278 0
278 206
279 171
279 165
279 240
280 81
280 28
280 7
281 114
281 6
281 71
282 13
282 203
282 158
283 81
283 64
283 4
284 8
284 57
284 0
285 43
285 119
285 15
286 75
286 273
286 64
287 80
287 13
287 258
288 21
288 87
288 173
289 43
289 60
289 92
290 79
290 66
290 94
291 54
291 26
291 13
292 92
292 18
292 55
293 11
293 208
293 27
294 183
294 251
294 88
295 123
295 193
295 168
296 93
296 80
296 12
297 52
297 10
297 289
298 114
298 278
298 4
299 31
299 4
299 11
300 38
300 41
300 150
301 8
301 148
301 243
302 92
302 289
302 33
303 59
303 205
303 20
304 144
304 13
304 17
305 44
305 36
305 70
306 264
306 7
306 160
307 84
307 48
307 24
308 16
308 237
308 68
309 157
309 0
309 85
310 29
310 99
310 81
311 81
311 31
311 269
312 239
312 10
312 3
313 125
313 243
313 54
314 153
314 239
314 292
315 68
315 157
315 195
316 52
316 257
316 95
317 11
317 119
317 87
318 5
318 10
318 259
319 10
319 75
319 6
320 25
320 92
320 3
321 191
321 35
321 60
322 44
322 3
322 47
323 66
323 291
323 13
324 118
324 260
324 4
325 64
325 114
325 10
326 28
326 216
326 2
327 24
327 238
327 60
328 15
328 44
328 79
329 15
329 27
329 79
330 169
330 205
330 0
331 14
331 242
331 91
332 278
332 130
332 26
333 102
333 136
333 55
334 91
334 267
334 3
335 284
335 263
335 321
336 88
336 112
336 69
337 62
337 274
337 0
338 120
338 32
338 6
339 235
339 7
339 330
340 324
340 0
340 285
341 30
341 164
341 2
342 293
342 44
342 171
343 0
343 68
343 160
344 189
344 201
344 84
345 34
345 292
345 0
346 141
346 134
346 195
347 322
347 154
347 28
348 245
348 171
348 15
349 134
349 66
349 72
350 21
350 176
350 98
351 320
351 8
351 16
352 34
352 20
352 244
353 124
353 117
353 239
354 154
354 3
354 0
355 84
355 341
355 40
356 24
356 76
356 28
357 340
357 347
357 212
358 357
358 211
358 8
359 8
359 117
359 0
360 326
360 78
360 23
361 211
361 3
361 326
362 154
362 4
362 36
363 108
363 11
363 153
364 34
364 42
364 22
365 36
365 22
365 93
366 105
366 4
366 1
367 2
367 4
367 301
368 40
368 289
368 225
369 1
369 32
369 3
370 130
370 22
370 263
371 11
371 211
371 296
372 199
372 1
372 322
373 33
373 115
373 3
374 133
374 10
374 4
375 8
375 57
375 25
376 44
376 186
376 178
377 239
377 226
377 282
378 325
378 189
378 153
379 344
379 14
379 122
380 3
380 1
380 108
381 261
381 1
381 70
382 266
382 84
382 199
383 10
383 57
383 137
384 170
384 7
384 222
385 2
385 56
385 132
386 216
386 225
386 193
387 198
387 125
387 315
388 16
388 355
388 18
389 5
389 296
389 3
390 269
390 12
390 48
391 68
391 177
391 126
392 75
392 119
392 8
393 150
393 286
393 168
394 18
394 13
394 119
395 172
395 163
395 45
396 116
396 386
396 394
397 130
397 210
397 308
398 15
398 7
398 336
399 2
399 304
399 137
400 28
400 145
400 259
401 117
401 140
401 235
402 1
402 140
402 42
403 4
403 150
403 211
404 157
404 7
404 86
405 0
405 222
405 100
406 357
406 79
406 21
407 93
407 212
407 347
408 355
408 11
408 64
409 27
409 4
409 86
410 331
410 391
410 305
411 249
411 11
411 137
412 48
412 347
412 308
413 1
413 149
413 203
414 130
414 259
414 1
415 160
415 72
415 18
416 137
416 172
416 231
417 176
417 79
417 20
418 268
418 0
418 37
419 295
419 3
419 76
420 276
420 27
420 398
421 93
421 20
421 62
422 154
422 144
422 72
423 130
423 99
423 148
424 90
424 66
424 23
425 110
425 5
425 143
426 204
426 14
426 157
427 279
427 121
427 176
428 257
428 54
428 6
429 93
429 115
429 68
430 32
430 81
430 149
431 134
431 290
431 1
432 4
432 120
432 306
433 46
433 389
433 415
434 292
434 199
434 195
435 158
435 411
435 138
436 430
436 54
436 369
437 24
437 70
437 0
438 52
438 373
438 5
439 2
439 11
439 337
440 46
440 259
440 3
441 122
441 352
441 1
442 22
442 52
442 404
443 189
443 243
443 179
444 176
444 161
444 47
445 210
445 8
445 105
446 8
446 356
446 4
447 60
447 43
447 114
448 8
448 400
448 333
449 72
449 437
449 267
450 284
450 175
450 448
451 56
451 7
451 143
452 315
452 28
452 250
453 336
453 224
453 31
454 3
454 367
454 23
455 82
455 0
455 125
456 4
456 106
456 35
457 149
457 3
457 452
458 42
458 259
458 392
459 11
459 93
459 20
460 246
460 22
460 8
461 8
461 16
461 160
462 137
462 459
462 135
463 31
463 16
463 183
464 398
464 10
464 249
465 3
465 375
465 107
466 160
466 61
466 130
467 135
467 177
467 250
468 239
468 5
468 20
469 358
469 23
469 121
470 466
470 42
470 0
471 315
471 396
471 279
472 364
472 9
472 415
473 347
473 48
473 380
474 1
474 302
474 110
475 448
475 95
475 462
476 15
476 259
476 437
477 92
477 429
477 183
478 0
478 462
478 182
479 1
479 149
479 211
480 256
480 2
480 454
481 468
481 114
481 38
482 4
482 12
482 281
483 81
483 367
483 434
484 230
484 87
484 277
485 4
485 311
485 15
486 340
486 1
486 0
487 5
487 114
487 202
488 15
488 3
488 58
489 235
489 11
489 79
490 470
490 238
490 54
491 194
491 249
491 0
492 162
492 158
492 46
493 183
493 45
493 40
494 14
494 355
494 363
495 79
495 126
495 12
496 1
496 102
496 85
497 382
497 166
497 208
498 249
498 92
498 465
499 90
499 299
499 28
500 23
500 335
500 454
501 300
501 40
501 18
502 75
502 23
502 16
503 400
503 203
503 112
504 320
504 291
504 263
505 146
505 58
505 72
506 7
506 501
506 37
507 372
507 273
507 69
508 119
508 414
508 196
509 256
509 497
509 272
510 2
510 8
510 125
511 497
511 117
511 256
512 267
512 421
512 44
513 205
513 305
513 86
514 263
514 58
514 115
515 42
515 14
515 80
516 5
516 276
516 507
517 358
517 40
517 6
518 46
518 0
518 171
519 31
519 347
519 291
520 42
520 110
520 465
521 411
521 278
521 65
522 4
522 284
522 306
523 92
523 467
523 170
524 377
524 108
524 0
525 31
525 344
525 28
526 109
526 402
526 155
527 344
527 20
527 4
528 301
528 196
528 351
529 135
529 220
529 190
530 132
530 7
530 284
531 243
531 57
531 41
532 15
532 479
532 137
533 3
533 175
533 5
534 10
534 118
534 0
535 46
535 468
535 11
536 328
536 207
536 164
537 177
537 93
537 78
538 447
538 46
538 66
539 130
539 137
539 133
540 99
540 119
540 83
541 483
541 8
541 107
542 110
542 8
542 105
543 457
543 12
543 132
544 0
544 212
544 153
545 0
545 312
545 86
546 125
546 26
546 172
547 392
547 509
547 74
548 154
548 263
548 179
549 118
549 21
549 15
550 42
550 151
550 327
551 2
551 132
551 5
552 527
552 28
552 76
553 4
553 391
553 550
554 5
554 125
554 176
555 401
555 107
555 355
556 2
556 160
556 0
557 184
557 156
557 83
558 60
558 24
558 480
559 4
559 207
559 370
560 256
560 93
560 222
561 449
561 276
561 389
562 10
562 119
562 552
563 285
563 24
563 555
564 551
564 0
564 172
565 8
565 259
565 108
566 355
566 423
566 211
567 84
567 21
567 384
568 225
568 436
568 452
569 13
569 246
569 318
570 127
570 54
570 310
571 459
571 183
571 392
572 65
572 67
572 266
573 1
573 37
573 187
574 3
574 570
574 2
575 21
575 11
575 220
576 64
576 195
576 116
577 87
577 203
577 296
578 50
578 22
578 12
579 212
579 11
579 515
580 81
580 563
580 202
581 11
581 95
581 0
582 474
582 140
582 130
583 173
583 1
583 110
584 196
584 130
584 27
585 82
585 306
585 64
586 353
586 0
586 483
587 509
587 235
587 78
588 257
588 168
588 204
589 140
589 67
589 71
590 499
590 70
590 176
591 335
591 133
591 459
592 348
592 420
592 79
593 149
593 157
593 559
594 179
594 93
594 400
595 70
595 82
595 418
596 417
596 529
596 245
597 40
597 46
597 47
598 459
598 0
598 526
599 321
599 3
599 342
600 268
600 554
600 160
601 7
601 433
601 270
602 427
602 170
602 89
603 551
603 540
603 29
604 531
604 573
604 297
605 13
605 93
605 27
606 98
606 87
606 603
607 3
607 210
607 355
608 93
608 214
608 460
609 437
609 540
609 42
610 94
610 74
610 15
611 346
611 200
611 111
612 453
612 110
612 23
613 9
613 54
613 95
614 89
614 230
614 3
615 79
615 205
615 177
616 26
616 13
616 231
617 344
617 127
617 568
618 283
618 42
618 6
619 19
619 64
619 475
620 160
620 162
620 85
621 406
621 157
621 182
622 92
622 15
622 10
623 515
623 63
623 464
624 92
624 417
624 114
625 8
625 4
625 239
626 2
626 79
626 42
627 2
627 110
627 414
628 4
628 319
628 1
629 353
629 24
629 187
630 109
630 383
630 466
631 125
631 48
631 623
632 150
632 3
632 63
633 5
633 0
633 93
634 22
634 15
634 325
635 271
635 8
635 117
636 410
636 207
636 76
637 460
637 79
637 427
638 324
638 91
638 28
639 9
639 16
639 476
640 84
640 267
640 152
641 42
641 74
641 119
642 448
642 276
642 203
643 1
643 163
643 628
644 252
644 449
644 157
645 52
645 13
645 211
646 492
646 77
646 225
647 0
647 145
647 31
648 8
648 376
648 67
649 0
649 114
649 62
650 160
650 7
650 37
651 398
651 93
651 513
652 10
652 462
652 493
653 3
653 205
653 4
654 520
654 45
654 446
655 27
655 173
655 102
656 552
656 0
656 14
657 18
657 153
657 2
658 491
658 15
658 281
659 1
659 583
659 160
660 51
660 367
660 3
661 116
661 58
661 11
662 585
662 196
662 60
663 137
663 0
663 43
664 233
664 639
664 23
665 58
665 239
665 98
666 579
666 497
666 21
667 273
667 28
667 13
668 153
668 10
668 157
669 15
669 160
669 9
670 114
670 20
670 40
671 7
671 395
671 4
672 283
672 355
672 418
673 114
673 286
673 108
674 549
674 62
674 84
675 90
675 452
675 641
676 526
676 521
676 0
677 632
677 265
677 267
678 12
678 153
678 13
679 285
679 160
679 438
680 30
680 158
680 11
681 360
681 247
681 160
682 575
682 654
682 128
683 77
683 563
683 2
684 160
684 182
684 3
685 90
685 291
685 35
686 301
686 321
686 239
687 410
687 449
687 396
688 8
688 573
688 342
689 401
689 246
689 530
690 4
690 646
690 268
691 146
691 21
691 475
692 469
692 168
692 289
693 664
693 381
693 2
694 211
694 2
694 202
695 598
695 78
695 439
696 27
696 180
696 523
697 685
697 99
697 73
698 600
698 40
698 64
699 449
699 270
699 69
700 88
700 635
700 205
701 417
701 15
701 28
702 501
702 107
702 400
703 130
703 45
703 0
704 173
704 487
704 322
705 125
705 530
705 127
706 104
706 207
706 694
707 11
707 92
707 1
708 259
708 4
708 94
709 335
709 31
709 274
710 70
710 686
710 339
711 43
711 212
711 440
712 1
712 671
712 432
713 193
713 19
713 75
714 108
714 228
714 444
715 254
715 168
715 0
716 6
716 14
716 26
717 209
717 49
717 31
718 523
718 35
718 81
719 158
719 162
719 15
720 28
720 107
720 0
721 5
721 169
721 114
722 400
722 364
722 436
723 175
723 463
723 65
724 713
724 21
724 429
725 179
725 587
725 196
726 222
726 259
726 28
727 78
727 275
727 1
728 527
728 4
728 693
729 3
729 4
729 462
730 68
730 380
730 285
731 23
731 205
731 13
732 563
732 128
732 458
733 23
733 426
733 46
734 88
734 650
734 423
735 680
735 88
735 347
736 525
736 5
736 722
737 254
737 473
737 4
738 243
738 427
738 246
739 8
739 7
739 6
740 146
740 548
740 17
741 419
741 394
741 115
742 121
742 15
742 365
743 258
743 499
743 403
744 0
744 668
744 670
745 160
745 417
745 78
746 36
746 21
746 403
747 288
747 235
747 130
748 149
748 301
748 667
749 15
749 5
749 699
750 207
750 284
750 658
751 123
751 0
751 273
752 4
752 16
752 102
753 40
753 281
753 585
754 153
754 54
754 274
755 445
755 108
755 592
756 707
756 139
756 70
757 353
757 8
757 243
758 382
758 192
758 6
759 296
759 115
759 323
760 211
760 357
760 499
761 360
761 746
761 344
762 624
762 683
762 15
763 173
763 585
763 623
764 385
764 476
764 394
765 160
765 392
765 32
766 181
766 37
766 692
767 21
767 749
767 243
768 585
768 355
768 73
769 507
769 552
769 399
770 20
770 618
770 74
771 52
771 249
771 3
772 220
772 25
772 611
773 18
773 63
773 5
774 125
774 442
774 302
775 322
775 86
775 87
776 2
776 5
776 160
777 286
777 120
777 125
778 114
778 26
778 688
779 121
779 368
779 187
780 14
780 6
780 78
781 42
781 767
781 105
782 119
782 256
782 3
783 33
783 7
783 739
784 56
784 3
784 216
785 546
785 24
785 668
786 426
786 475
786 207
787 311
787 15
787 215
788 384
788 529
788 360
789 52
789 104
789 416
790 549
790 762
790 302
791 52
791 231
791 260
792 558
792 8
792 624
793 21
793 318
793 5
794 185
794 556
794 225
795 285
795 475
795 469
796 0
796 232
796 84
797 707
797 99
797 167
798 35
798 6
798 28
799 0
799 1
799 669
800 143
800 15
800 78
801 583
801 457
801 209
802 510
802 61
802 14
803 15
803 52
803 705
804 205
804 607
804 614
805 137
805 212
805 7
806 125
806 37
806 0
807 608
807 158
807 48
808 230
808 242
808 2
809 394
809 43
809 193
810 0
810 614
810 10
811 203
811 130
811 182
812 188
812 225
812 272
813 97
813 70
813 254
814 668
814 545
814 153
815 145
815 466
815 133
816 562
816 222
816 305
817 528
817 706
817 4
818 12
818 8
818 274
819 6
819 221
819 150
820 459
820 646
820 44
821 312
821 36
821 801
822 338
822 539
822 59
823 212
823 186
823 597
824 130
824 233
824 3
825 80
825 329
825 747
826 672
826 593
826 114
827 243
827 425
827 18
828 93
828 523
828 88
829 130
829 0
829 21
830 51
830 370
830 592
831 10
831 15
831 193
832 690
832 632
832 79
833 22
833 135
833 741
834 87
834 162
834 209
835 130
835 523
835 335
836 12
836 381
836 24
837 318
837 351
837 442
838 2
838 204
838 121
839 442
839 76
839 11
840 817
840 620
840 11
841 8
841 4
841 16
842 1
842 123
842 804
843 16
843 73
843 789
844 88
844 332
844 161
845 446
845 83
845 119
846 28
846 34
846 548
847 15
847 624
847 145
848 154
848 137
848 519
849 311
849 212
849 708
850 282
850 603
850 83
851 232
851 48
851 411
852 212
852 37
852 4
853 244
853 5
853 1
854 341
854 0
854 437
855 52
855 146
855 78
856 130
856 42
856 716
857 747
857 20
857 489
858 4
858 93
858 64
859 418
859 840
859 72
860 297
860 0
860 439
861 772
861 137
861 433
862 161
862 535
862 58
863 28
863 126
863 493
864 583
864 556
864 23
865 712
865 777
865 376
866 176
866 60
866 0
867 456
867 123
867 99
868 277
868 4
868 375
869 299
869 623
869 16
870 687
870 382
870 741
871 72
871 550
871 323
872 466
872 803
872 175
873 267
873 105
873 102
874 786
874 410
874 54
875 175
875 520
875 278
876 11
876 155
876 138
877 452
877 375
877 621
878 80
878 87
878 296
879 48
879 737
879 775
880 514
880 57
880 468
881 12
881 72
881 127
882 30
882 299
882 264
883 339
883 34
883 102
884 26
884 818
884 491
885 176
885 626
885 777
886 62
886 31
886 103
887 203
887 124
887 368
888 199
888 85
888 512
889 0
889 196
889 396
890 828
890 669
890 59
891 153
891 879
891 712
892 19
892 587
892 750
893 763
893 0
893 410
894 841
894 772
894 491
895 622
895 266
895 409
896 6
896 243
896 155
897 3
897 265
897 181
898 167
898 196
898 257
899 813
899 38
899 458
900 628
900 748
900 78
901 664
901 76
901 102
902 664
902 130
902 514
903 293
903 482
903 116
904 42
904 37
904 329
905 72
905 8
905 424
906 601
906 14
906 737
907 181
907 92
907 412
908 72
908 101
908 552
909 4
909 65
909 112
910 653
910 8
910 77
911 26
911 603
911 301
912 295
912 314
912 355
913 7
913 274
913 443
914 761
914 258
914 215
915 44
915 564
915 36
916 1
916 220
916 545
917 154
917 826
917 123
918 305
918 84
918 443
919 880
919 452
919 705
920 117
920 4
920 319
921 122
921 547
921 596
922 786
922 742
922 7
923 130
923 272
923 440
924 2
924 15
924 594
925 13
925 845
925 157
926 103
926 52
926 84
927 358
927 419
927 211
928 3
928 841
928 54
929 28
929 851
929 747
930 732
930 88
930 0
931 178
931 145
931 259
932 824
932 401
932 16
933 258
933 43
933 10
934 554
934 308
934 63
935 431
935 459
935 527
936 0
936 736
936 41
937 39
937 525
937 163
938 133
938 291
938 84
939 197
939 11
939 8
940 571
940 890
940 362
941 877
941 757
941 3
942 742
942 847
942 5
943 4
943 84
943 849
944 68
944 43
944 327
945 777
945 250
945 624
946 270
946 28
946 629
947 97
947 19
947 407
948 830
948 426
948 322
949 2
949 902
949 80
950 600
950 614
950 654
951 274
951 797
951 33
952 4
952 3
952 856
953 89
953 15
953 114
954 199
954 162
954 31
955 918
955 75
955 717
956 258
956 228
956 929
957 324
957 288
957 4
958 81
958 4
958 145
959 91
959 736
959 507
960 1
960 657
960 52
961 212
961 235
961 286
962 20
962 8
962 906
963 523
963 212
963 187
964 512
964 89
964 957
965 577
965 542
965 13
966 34
966 155
966 26
967 348
967 8
967 3
968 949
968 172
968 816
969 335
969 83
969 9
970 769
970 21
970 339
971 211
971 841
971 368
972 4
972 89
972 650
973 41
973 60
973 523
974 21
974 376
974 785
975 160
975 301
975 89
976 274
976 0
976 92
977 48
977 0
977 646
978 125
978 534
978 781
979 357
979 370
979 483
980 464
980 143
980 5
981 4
981 937
981 93
982 9
982 892
982 463
983 457
983 448
983 764
984 261
984 130
984 863
985 534
985 206
985 6
986 707
986 639
986 2
987 0
987 328
987 91
988 734
988 756
988 275
989 367
989 890
989 339
990 465
990 20
990 616
991 75
991 117
991 150
992 748
992 191
992 18
993 175
993 54
993 183
994 386
994 449
994 894
995 111
995 76
995 354
996 766
996 63
996 890
997 0
997 254
997 747
998 936
998 127
998 326
999 53
999 66
999 341
