0 1
0 2
0 3
0 5
0 7
1 0
1 2
1 3
1 4
1 5
2 0
2 1
2 3
2 4
2 6
3 0
3 1
3 2
3 4
3 7
4 3
4 2
4 1
4 5
4 6
5 4
5 0
5 1
5 6
5 14
6 2
6 5
6 4
6 8
6 26
7 3
7 0
7 2
7 16
7 20
8 4
8 2
8 6
8 9
8 14
9 8
9 0
9 2
9 10
9 11
10 9
10 2
10 1
10 13
10 47
11 0
11 9
11 2
11 38
11 84
12 0
12 1
12 4
12 21
12 31
13 10
13 0
13 1
13 17
13 19
14 4
14 8
14 5
14 16
14 25
15 4
15 0
15 8
15 19
15 75
16 14
16 7
16 0
16 45
16 51
17 4
17 13
17 3
17 24
17 27
18 1
18 2
18 4
18 22
18 24
19 15
19 5
19 13
19 27
19 28
20 8
20 2
20 7
20 38
20 77
21 12
21 1
21 2
21 37
21 47
22 3
22 18
22 0
22 39
22 88
23 3
23 4
23 9
23 34
23 66
24 18
24 1
24 17
24 32
24 41
25 14
25 5
25 0
25 35
25 40
26 6
26 0
26 1
27 0
27 19
27 17
27 48
28 1
28 19
28 17
28 35
28 52
29 18
29 2
29 13
29 51
30 17
30 1
30 3
31 12
31 13
31 8
31 35
31 46
32 6
32 5
32 24
32 72
32 97
33 1
33 0
33 7
33 37
33 67
34 17
34 23
34 8
35 25
35 31
35 28
35 41
35 44
36 0
36 5
36 1
36 73
36 80
37 21
37 33
37 19
37 39
37 42
38 4
38 20
38 11
38 57
39 22
39 0
39 37
40 25
40 0
40 2
40 51
40 58
41 35
41 24
41 17
41 50
41 54
42 12
42 3
42 37
43 7
43 17
43 18
43 56
43 92
44 35
44 1
44 18
44 57
44 59
45 16
45 35
45 1
45 63
45 65
46 31
46 19
46 2
46 52
46 61
47 10
47 21
47 2
48 27
48 4
48 1
48 50
48 65
49 13
49 2
49 3
50 48
50 12
50 41
50 68
50 74
51 16
51 40
51 29
51 54
51 87
52 46
52 28
52 13
53 2
53 3
53 0
53 82
54 41
54 51
54 4
54 60
54 89
55 5
55 16
55 0
55 88
56 43
56 35
56 3
56 77
57 44
57 38
57 19
57 71
58 2
58 4
58 40
59 24
59 17
59 44
59 69
59 74
60 54
60 37
60 9
60 62
61 1
61 18
61 46
61 79
62 2
62 0
62 60
63 5
63 9
63 45
64 12
64 9
64 3
65 48
65 1
65 45
65 68
65 78
66 46
66 23
66 40
67 33
67 0
67 7
68 65
68 50
68 3
68 78
69 18
69 2
69 59
70 7
70 37
70 48
71 57
71 21
71 48
71 72
72 71
72 18
72 32
72 74
73 17
73 23
73 36
74 72
74 50
74 59
74 89
75 3
75 15
75 37
76 2
76 17
76 33
77 2
77 20
77 56
78 35
78 68
78 65
79 3
79 61
79 4
80 17
80 50
80 36
80 95
81 15
81 18
81 3
82 46
82 59
82 53
83 2
83 35
83 23
84 14
84 23
84 11
84 94
85 24
85 3
85 46
86 2
86 18
86 35
86 90
87 16
87 37
87 51
88 22
88 17
88 55
89 18
89 74
89 54
89 96
89 98
90 1
90 0
90 86
91 0
91 7
91 59
92 18
92 40
92 43
93 5
93 1
93 2
93 97
94 3
94 84
94 11
95 10
95 13
95 80
96 40
96 14
96 89
97 93
97 32
97 10
98 5
98 89
98 35
99 15
99 6
99 33
