0 1
1 0
2 1
2 0
3 1
3 2
3 0
4 1
4 0
4 3
5 3
5 0
5 1
6 3
6 5
6 0
7 0
7 4
7 3
8 0
8 2
8 5
9 2
9 5
9 0
10 9
10 4
10 0
11 6
11 4
11 2
12 0
12 4
12 3
13 2
13 11
13 4
14 12
14 0
14 9
15 5
15 3
15 9
16 14
16 1
16 9
17 2
17 5
17 4
18 2
18 9
18 1
19 5
19 9
19 4
20 4
20 1
20 0
21 5
21 14
21 1
22 17
22 15
22 2
23 14
23 2
23 10
24 4
24 6
24 3
25 1
25 6
25 10
26 14
26 1
26 0
27 3
27 0
27 2
28 4
28 7
28 13
29 3
29 21
29 26
30 28
30 6
30 17
31 4
31 7
31 15
32 5
32 17
32 0
33 3
33 4
33 1
34 22
34 8
34 31
35 17
35 1
35 3
36 5
36 29
36 9
37 25
37 6
37 1
38 12
38 1
38 31
39 5
39 38
39 35
40 22
40 0
40 17
41 17
41 26
41 6
42 1
42 11
42 4
43 5
43 2
43 4
44 25
44 2
44 9
45 9
45 6
45 11
46 31
46 0
46 1
47 14
47 3
47 18
48 31
48 18
48 46
49 5
49 12
49 0
