0 1
1 0
2 0
2 1
3 2
3 1
3 0
4 2
4 1
4 0
5 2
5 1
5 0
6 5
6 3
6 4
7 2
7 0
7 4
8 7
8 1
8 3
9 3
9 7
9 0
10 8
10 6
10 3
11 1
11 3
11 0
12 1
12 4
12 0
13 1
13 2
13 12
14 9
14 1
14 0
15 0
15 2
15 3
16 12
16 1
16 3
17 0
17 13
17 1
18 2
18 7
18 1
19 18
19 15
19 3
20 2
20 12
20 14
21 0
21 1
21 12
22 11
22 14
22 2
23 1
23 17
23 21
24 9
24 16
24 2
25 19
25 4
25 16
26 1
26 13
26 0
27 4
27 15
27 7
28 3
28 1
28 2
29 7
29 14
29 13
30 24
30 19
30 3
31 3
31 25
31 28
32 25
32 2
32 1
33 14
33 0
33 3
34 3
34 13
34 2
35 4
35 6
35 29
36 9
36 7
36 33
37 1
37 21
37 14
38 7
38 1
38 3
39 2
39 4
39 0
40 9
40 6
40 0
41 38
41 30
41 36
42 19
42 4
42 31
43 26
43 10
43 16
44 40
44 30
44 25
45 20
45 0
45 1
46 25
46 3
46 5
47 14
47 4
47 24
48 4
48 3
48 15
49 24
49 17
49 5
50 30
50 13
50 39
51 3
51 28
51 9
52 32
52 30
52 0
53 42
53 4
53 25
54 8
54 52
54 1
55 0
55 16
55 45
56 48
56 2
56 13
57 42
57 17
57 0
58 50
58 19
58 5
59 30
59 9
59 21
60 1
60 11
60 49
61 22
61 1
61 19
62 14
62 19
62 0
63 3
63 34
63 2
64 2
64 35
64 1
65 57
65 4
65 14
66 25
66 2
66 63
67 0
67 1
67 55
68 63
68 25
68 1
69 3
69 42
69 1
70 3
70 51
70 17
71 2
71 19
71 3
72 1
72 3
72 29
73 56
73 53
73 42
74 73
74 1
74 17
75 3
75 34
75 73
76 9
76 20
76 22
77 21
77 1
77 19
78 69
78 70
78 6
79 27
79 48
79 77
80 12
80 19
80 3
81 45
81 60
81 30
82 48
82 70
82 74
83 4
83 79
83 2
84 61
84 7
84 36
85 3
85 34
85 50
86 70
86 7
86 32
87 66
87 9
87 13
88 19
88 70
88 18
89 24
89 2
89 28
90 70
90 53
90 0
91 0
91 17
91 1
92 50
92 32
92 12
93 56
93 29
93 2
94 2
94 12
94 26
95 0
95 32
95 22
96 17
96 6
96 47
97 13
97 7
97 18
98 63
98 51
98 2
99 5
99 10
99 24
