0 1
0 2
0 3
1 0
1 2
1 3
2 0
2 1
2 3
3 0
3 1
3 2
4 1
4 0
4 2
5 1
5 0
5 3
6 1
6 0
6 2
7 1
7 2
7 0
8 3
8 7
8 1
9 2
9 3
9 1
10 0
10 2
10 1
11 6
11 3
11 1
12 3
12 5
12 10
13 8
13 9
13 0
14 9
14 1
14 2
15 0
15 10
15 9
16 0
16 6
16 1
17 2
17 0
17 8
18 2
18 0
18 1
19 2
19 6
19 1
20 10
20 1
20 3
21 6
21 3
21 2
22 2
22 1
22 3
23 4
23 10
23 9
24 6
24 14
24 23
25 0
25 6
25 2
26 23
26 3
26 0
27 9
27 1
27 23
28 2
28 14
28 6
29 8
29 3
29 0
30 8
30 14
30 0
31 3
31 25
31 26
32 24
32 10
32 0
33 23
33 9
33 0
34 0
34 33
34 2
35 23
35 1
35 18
36 2
36 6
36 21
37 36
37 26
37 29
38 1
38 34
38 33
39 11
39 22
39 16
40 33
40 2
40 3
41 23
41 18
41 24
42 10
42 5
42 0
43 41
43 3
43 6
44 3
44 38
44 28
45 20
45 18
45 2
46 30
46 2
46 27
47 1
47 2
47 38
48 9
48 37
48 6
49 1
49 2
49 3
50 12
50 3
50 46
51 2
51 33
51 5
52 33
52 0
52 44
53 5
53 1
53 20
54 1
54 18
54 46
55 3
55 18
55 5
56 44
56 1
56 12
57 1
57 15
57 44
58 11
58 52
58 46
59 14
59 36
59 39
60 10
60 33
60 6
61 48
61 17
61 47
62 20
62 46
62 60
63 41
63 0
63 46
64 48
64 7
64 33
65 62
65 4
65 1
66 1
66 0
66 24
67 6
67 39
67 33
68 61
68 0
68 1
69 2
69 27
69 36
70 36
70 17
70 37
71 16
71 2
71 8
72 6
72 32
72 10
73 65
73 0
73 6
74 40
74 11
74 1
75 1
75 10
75 26
76 1
76 0
76 5
77 32
77 12
77 2
78 2
78 1
78 26
79 10
79 1
79 23
80 1
80 23
80 33
81 3
81 16
81 24
82 1
82 23
82 78
83 18
83 52
83 3
84 66
84 7
84 25
85 3
85 76
85 15
86 5
86 0
86 21
87 6
87 11
87 16
88 11
88 3
88 5
89 4
89 10
89 45
90 0
90 15
90 77
91 10
91 70
91 25
92 2
92 1
92 64
93 60
93 0
93 1
94 41
94 1
94 11
95 48
95 24
95 41
96 0
96 68
96 1
97 1
97 2
97 75
98 10
98 24
98 1
99 2
99 43
99 1
