0 1
1 0
2 0
2 1
3 1
3 0
3 2
4 0
4 1
4 2
5 0
5 1
5 2
6 1
6 2
6 0
7 6
7 2
7 3
8 0
8 1
8 5
9 1
9 3
9 0
10 1
10 0
10 9
11 1
11 4
11 5
12 2
12 4
12 5
13 6
13 2
13 0
14 12
14 9
14 10
15 2
15 13
15 0
16 0
16 2
16 8
17 5
17 1
17 11
18 12
18 0
18 10
19 2
19 14
19 1
20 18
20 0
20 16
21 0
21 13
21 6
22 0
22 6
22 8
23 19
23 2
23 11
24 5
24 20
24 23
25 3
25 11
25 5
26 4
26 0
26 6
27 0
27 20
27 13
28 13
28 1
28 0
29 0
29 2
29 13
30 17
30 12
30 1
31 4
31 19
31 0
32 22
32 17
32 3
33 12
33 2
33 32
34 13
34 23
34 2
35 0
35 3
35 7
36 7
36 2
36 12
37 11
37 25
37 10
38 5
38 1
38 13
39 9
39 1
39 2
40 12
40 14
40 8
41 0
41 39
41 38
42 17
42 32
42 7
43 2
43 40
43 25
44 10
44 12
44 21
45 5
45 1
45 17
46 0
46 1
46 5
47 5
47 14
47 26
48 10
48 33
48 17
49 10
49 5
49 2
50 9
50 27
50 16
51 3
51 13
51 7
52 22
52 2
52 1
53 35
53 2
53 29
54 0
54 2
54 16
55 13
55 24
55 16
56 16
56 6
56 31
57 0
57 36
57 4
58 10
58 6
58 3
59 40
59 3
59 18
60 35
60 0
60 16
61 0
61 27
61 11
62 32
62 2
62 15
63 2
63 62
63 4
64 57
64 56
64 31
65 61
65 50
65 0
66 38
66 6
66 12
67 35
67 11
67 3
68 6
68 23
68 16
69 7
69 55
69 61
70 26
70 13
70 53
71 10
71 29
71 1
72 39
72 23
72 29
73 28
73 1
73 64
74 12
74 25
74 4
75 48
75 3
75 63
76 6
76 45
76 24
77 55
77 45
77 0
78 5
78 38
78 33
79 1
79 0
79 9
80 33
80 19
80 2
81 29
81 5
81 11
82 14
82 6
82 19
83 1
83 73
83 25
84 71
84 58
84 24
85 76
85 33
85 48
86 29
86 16
86 38
87 10
87 4
87 0
88 26
88 49
88 44
89 83
89 5
89 78
90 3
90 40
90 45
91 5
91 42
91 0
92 63
92 1
92 6
93 6
93 20
93 2
94 3
94 31
94 24
95 72
95 30
95 0
96 90
96 89
96 5
97 5
97 29
97 4
98 7
98 16
98 17
99 3
99 84
99 29
100 0
100 11
100 41
101 76
101 5
101 62
102 34
102 9
102 55
103 2
103 6
103 17
104 87
104 6
104 67
105 23
105 12
105 41
106 16
106 2
106 22
107 62
107 1
107 67
108 11
108 55
108 5
109 59
109 5
109 0
110 12
110 3
110 20
111 79
111 63
111 0
112 16
112 51
112 55
113 0
113 40
113 4
114 2
114 11
114 27
115 13
115 34
115 22
116 64
116 2
116 67
117 49
117 1
117 38
118 2
118 16
118 6
119 0
119 2
119 5
120 32
120 21
120 19
121 66
121 104
121 41
122 68
122 0
122 1
123 58
123 1
123 2
124 16
124 47
124 123
125 41
125 80
125 2
126 17
126 99
126 38
127 0
127 4
127 13
128 95
128 58
128 57
129 61
129 88
129 3
130 1
130 8
130 76
131 83
131 90
131 0
132 0
132 19
132 5
133 97
133 131
133 93
134 55
134 2
134 0
135 2
135 26
135 97
136 0
136 57
136 118
137 0
137 89
137 4
138 20
138 22
138 0
139 84
139 72
139 118
140 56
140 62
140 63
141 11
141 114
141 9
142 58
142 3
142 55
143 2
143 77
143 99
144 5
144 22
144 12
145 3
145 135
145 83
146 135
146 131
146 6
147 72
147 1
147 40
148 0
148 19
148 5
149 83
149 146
149 4
150 20
150 31
150 55
151 30
151 78
151 15
152 38
152 33
152 96
153 5
153 19
153 6
154 144
154 23
154 4
155 137
155 121
155 13
156 100
156 25
156 6
157 2
157 1
157 76
158 56
158 3
158 35
159 59
159 4
159 83
160 159
160 14
160 5
161 8
161 155
161 67
162 66
162 0
162 17
163 29
163 108
163 84
164 66
164 25
164 123
165 2
165 124
165 0
166 22
166 25
166 2
167 8
167 66
167 5
168 4
168 149
168 127
169 9
169 16
169 123
170 97
170 89
170 9
171 138
171 26
171 4
172 129
172 147
172 66
173 149
173 7
173 119
174 114
174 9
174 74
175 69
175 35
175 23
176 29
176 130
176 149
177 117
177 15
177 70
178 18
178 58
178 1
179 16
179 153
179 161
180 19
180 20
180 38
181 16
181 112
181 13
182 147
182 77
182 1
183 82
183 71
183 155
184 5
184 13
184 9
185 25
185 5
185 6
186 5
186 39
186 1
187 3
187 138
187 25
188 9
188 154
188 0
189 4
189 160
189 149
190 10
190 171
190 26
191 89
191 67
191 4
192 63
192 160
192 101
193 39
193 180
193 2
194 0
194 39
194 25
195 22
195 154
195 92
196 195
196 35
196 103
197 156
197 55
197 0
198 26
198 108
198 7
199 186
199 196
199 1
200 16
200 19
200 78
201 6
201 56
201 7
202 2
202 19
202 156
203 15
203 0
203 3
204 0
204 20
204 35
205 1
205 6
205 11
206 16
206 185
206 2
207 194
207 60
207 5
208 24
208 127
208 108
209 169
209 66
209 39
210 16
210 71
210 19
211 51
211 144
211 1
212 109
212 53
212 25
213 113
213 132
213 11
214 20
214 84
214 198
215 104
215 9
215 135
216 0
216 203
216 43
217 67
217 146
217 26
218 181
218 130
218 160
219 214
219 141
219 9
220 76
220 46
220 61
221 167
221 175
221 9
222 211
222 39
222 17
223 203
223 24
223 14
224 77
224 204
224 5
225 63
225 189
225 193
226 0
226 4
226 22
227 138
227 1
227 216
228 5
228 160
228 23
229 26
229 9
229 81
230 148
230 44
230 13
231 13
231 141
231 14
232 160
232 23
232 67
233 193
233 11
233 58
234 9
234 49
234 16
235 73
235 37
235 75
236 221
236 82
236 32
237 5
237 198
237 215
238 16
238 183
238 132
239 19
239 12
239 67
240 138
240 1
240 16
241 132
241 196
241 0
242 107
242 74
242 7
243 139
243 83
243 158
244 12
244 16
244 48
245 143
245 163
245 57
246 147
246 242
246 6
247 3
247 149
247 23
248 247
248 9
248 10
249 58
249 177
249 148
250 45
250 55
250 10
251 154
251 76
251 234
252 6
252 155
252 246
253 0
253 47
253 9
254 11
254 134
254 149
255 2
255 150
255 119
256 43
256 76
256 7
257 50
257 5
257 26
258 17
258 14
258 97
259 63
259 97
259 153
260 4
260 174
260 56
261 192
261 175
261 134
262 1
262 5
262 63
263 247
263 2
263 3
264 0
264 117
264 65
265 233
265 91
265 185
266 146
266 4
266 26
267 110
267 12
267 67
268 2
268 232
268 163
269 160
269 12
269 13
270 4
270 144
270 0
271 153
271 230
271 16
272 104
272 69
272 32
273 6
273 34
273 1
274 0
274 210
274 5
275 23
275 2
275 4
276 66
276 43
276 261
277 4
277 232
277 266
278 183
278 74
278 24
279 5
279 66
279 250
280 71
280 175
280 266
281 88
281 275
281 106
282 157
282 38
282 64
283 77
283 132
283 10
284 90
284 0
284 200
285 5
285 193
285 255
286 137
286 124
286 108
287 184
287 263
287 133
288 99
288 275
288 232
289 133
289 266
289 0
290 21
290 192
290 57
291 270
291 1
291 236
292 108
292 103
292 203
293 222
293 138
293 99
294 45
294 216
294 0
295 213
295 59
295 80
296 290
296 289
296 53
297 149
297 102
297 68
298 26
298 155
298 76
299 250
299 18
299 39
300 4
300 16
300 97
301 70
301 155
301 126
302 5
302 105
302 2
303 1
303 99
303 5
304 125
304 19
304 286
305 304
305 88
305 49
306 0
306 6
306 81
307 0
307 61
307 204
308 0
308 274
308 5
309 11
309 258
309 178
310 255
310 196
310 15
311 147
311 204
311 137
312 76
312 2
312 255
313 2
313 133
313 265
314 14
314 305
314 5
315 20
315 160
315 13
316 181
316 34
316 66
317 65
317 22
317 45
318 55
318 201
318 5
319 12
319 112
319 16
320 258
320 187
320 246
321 12
321 112
321 110
322 5
322 3
322 0
323 67
323 119
323 76
324 161
324 30
324 313
325 216
325 112
325 224
326 217
326 74
326 5
327 22
327 199
327 26
328 4
328 126
328 68
329 114
329 308
329 149
330 13
330 2
330 209
331 7
331 2
331 1
332 109
332 7
332 90
333 76
333 199
333 165
334 104
334 1
334 170
335 5
335 53
335 124
336 153
336 216
336 234
337 146
337 206
337 37
338 87
338 0
338 66
339 8
339 266
339 55
340 33
340 238
340 167
341 253
341 0
341 174
342 12
342 163
342 222
343 10
343 17
343 0
344 6
344 18
344 1
345 68
345 35
345 58
346 254
346 133
346 149
347 114
347 0
347 83
348 18
348 73
348 28
349 216
349 0
349 5
350 218
350 90
350 154
351 47
351 68
351 294
352 36
352 188
352 16
353 55
353 62
353 246
354 319
354 43
354 153
355 213
355 0
355 22
356 279
356 332
356 13
357 3
357 202
357 12
358 5
358 267
358 231
359 16
359 195
359 127
360 97
360 23
360 2
361 16
361 76
361 5
362 2
362 236
362 169
363 216
363 5
363 74
364 215
364 318
364 196
365 137
365 17
365 307
366 177
366 248
366 67
367 149
367 317
367 365
368 153
368 12
368 9
369 135
369 151
369 0
370 77
370 142
370 239
371 31
371 64
371 63
372 2
372 207
372 5
373 64
373 33
373 247
374 7
374 33
374 80
375 41
375 138
375 16
376 212
376 28
376 227
377 6
377 1
377 263
378 55
378 203
378 254
379 52
379 11
379 290
380 2
380 129
380 17
381 260
381 271
381 24
382 5
382 123
382 332
383 297
383 3
383 121
384 284
384 3
384 155
385 7
385 134
385 290
386 132
386 231
386 206
387 34
387 67
387 341
388 4
388 191
388 132
389 256
389 5
389 132
390 288
390 103
390 96
391 39
391 99
391 295
392 90
392 196
392 66
393 9
393 320
393 21
394 246
394 33
394 38
395 160
395 142
395 228
396 129
396 66
396 6
397 16
397 157
397 32
398 369
398 34
398 265
399 16
399 1
399 2
400 16
400 9
400 182
401 23
401 226
401 34
402 149
402 11
402 19
403 12
403 87
403 198
404 1
404 260
404 137
405 240
405 90
405 174
406 66
406 5
406 231
407 261
407 0
407 9
408 55
408 77
408 182
409 77
409 225
409 255
410 132
410 1
410 6
411 4
411 305
411 13
412 47
412 115
412 18
413 22
413 215
413 17
414 3
414 11
414 22
415 123
415 163
415 72
416 125
416 196
416 156
417 250
417 45
417 136
418 222
418 252
418 4
419 147
419 67
419 84
420 36
420 19
420 89
421 13
421 1
421 286
422 29
422 24
422 139
423 2
423 77
423 386
424 385
424 334
424 248
425 123
425 295
425 17
426 23
426 308
426 134
427 265
427 27
427 6
428 266
428 103
428 290
429 104
429 9
429 5
430 297
430 66
430 228
431 262
431 173
431 234
432 3
432 385
432 1
433 13
433 3
433 285
434 97
434 20
434 5
435 275
435 3
435 1
436 361
436 29
436 134
437 105
437 41
437 186
438 413
438 8
438 361
439 147
439 134
439 389
440 182
440 2
440 225
441 67
441 178
441 31
442 67
442 284
442 196
443 281
443 12
443 430
444 28
444 19
444 81
445 286
445 5
445 31
446 398
446 171
446 260
447 68
447 38
447 6
448 391
448 3
448 361
449 304
449 11
449 1
450 348
450 305
450 425
451 87
451 151
451 418
452 85
452 25
452 16
453 288
453 19
453 215
454 6
454 25
454 7
455 157
455 153
455 104
456 4
456 47
456 279
457 8
457 289
457 447
458 2
458 22
458 66
459 162
459 4
459 3
460 143
460 45
460 7
461 58
461 22
461 402
462 41
462 7
462 392
463 22
463 23
463 9
464 40
464 29
464 334
465 17
465 124
465 81
466 6
466 1
466 32
467 7
467 265
467 432
468 257
468 161
468 180
469 6
469 227
469 132
470 38
470 52
470 55
471 11
471 334
471 465
472 305
472 68
472 4
473 18
473 127
473 213
474 386
474 66
474 357
475 225
475 418
475 13
476 139
476 147
476 472
477 49
477 114
477 16
478 473
478 48
478 296
479 89
479 302
479 6
480 66
480 388
480 87
481 114
481 102
481 21
482 81
482 378
482 154
483 102
483 137
483 116
484 407
484 60
484 1
485 2
485 315
485 285
486 216
486 6
486 197
487 202
487 260
487 14
488 206
488 215
488 176
489 423
489 306
489 12
490 81
490 20
490 465
491 21
491 216
491 193
492 254
492 110
492 341
493 225
493 133
493 23
494 232
494 300
494 14
495 32
495 13
495 137
496 309
496 55
496 11
497 79
497 3
497 179
498 84
498 148
498 23
499 12
499 2
499 301
500 1
500 114
500 0
501 215
501 347
501 477
502 16
502 19
502 337
503 313
503 157
503 59
504 184
504 413
504 266
505 13
505 184
505 2
506 20
506 68
506 268
507 260
507 480
507 23
508 51
508 346
508 141
509 341
509 328
509 0
510 280
510 13
510 0
511 430
511 462
511 2
512 487
512 431
512 66
513 34
513 0
513 3
514 222
514 127
514 13
515 233
515 332
515 168
516 9
516 6
516 213
517 119
517 433
517 445
518 40
518 35
518 247
519 201
519 185
519 16
520 349
520 13
520 412
521 447
521 413
521 1
522 67
522 26
522 41
523 1
523 76
523 64
524 255
524 59
524 447
525 38
525 237
525 470
526 161
526 3
526 222
527 297
527 104
527 525
528 58
528 54
528 262
529 216
529 83
529 266
530 423
530 32
530 243
531 459
531 266
531 10
532 337
532 67
532 325
533 304
533 222
533 11
534 9
534 130
534 6
535 85
535 102
535 12
536 305
536 191
536 248
537 97
537 209
537 1
538 55
538 67
538 501
539 6
539 220
539 464
540 3
540 436
540 73
541 138
541 25
541 78
542 137
542 16
542 40
543 305
543 521
543 403
544 23
544 382
544 478
545 13
545 7
545 259
546 286
546 109
546 332
547 185
547 457
547 3
548 278
548 236
548 5
549 508
549 25
549 315
550 18
550 413
550 405
551 249
551 532
551 22
552 308
552 357
552 473
553 5
553 550
553 69
554 510
554 438
554 83
555 35
555 347
555 13
556 11
556 514
556 116
557 63
557 197
557 41
558 105
558 222
558 241
559 553
559 53
559 20
560 97
560 330
560 0
561 334
561 71
561 332
562 17
562 166
562 468
563 25
563 68
563 1
564 381
564 153
564 5
565 34
565 22
565 29
566 39
566 433
566 25
567 447
567 219
567 130
568 383
568 97
568 427
569 68
569 260
569 403
570 566
570 58
570 485
571 511
571 70
571 422
572 291
572 5
572 510
573 496
573 146
573 413
574 249
574 7
574 157
575 225
575 318
575 155
576 21
576 9
576 16
577 499
577 13
577 77
578 3
578 257
578 0
579 0
579 343
579 120
580 6
580 38
580 22
581 253
581 358
581 305
582 149
582 97
582 15
583 1
583 231
583 0
584 6
584 5
584 28
585 126
585 342
585 0
586 46
586 270
586 192
587 89
587 374
587 11
588 451
588 126
588 105
589 11
589 232
589 140
590 26
590 506
590 404
591 239
591 380
591 254
592 288
592 569
592 97
593 126
593 537
593 110
594 7
594 45
594 567
595 100
595 63
595 216
596 563
596 228
596 69
597 360
597 189
597 12
598 53
598 313
598 180
599 6
599 236
599 89
600 329
600 310
600 398
601 146
601 16
601 135
602 300
602 108
602 110
603 4
603 67
603 117
604 97
604 279
604 332
605 13
605 227
605 105
606 538
606 355
606 97
607 146
607 72
607 85
608 130
608 328
608 600
609 1
609 67
609 32
610 204
610 5
610 134
611 178
611 225
611 6
612 450
612 141
612 37
613 227
613 6
613 525
614 201
614 125
614 589
615 2
615 334
615 436
616 210
616 2
616 25
617 181
617 237
617 170
618 103
618 175
618 360
619 77
619 478
619 549
620 132
620 275
620 478
621 23
621 369
621 146
622 1
622 349
622 2
623 571
623 53
623 368
624 26
624 148
624 36
625 305
625 35
625 85
626 596
626 38
626 243
627 510
627 359
627 376
628 216
628 114
628 193
629 304
629 470
629 478
630 16
630 160
630 559
631 510
631 268
631 23
632 5
632 213
632 40
633 254
633 137
633 516
634 328
634 237
634 376
635 16
635 1
635 97
636 128
636 0
636 280
637 59
637 18
637 163
638 94
638 49
638 38
639 77
639 104
639 413
640 633
640 61
640 52
641 387
641 495
641 566
642 43
642 543
642 9
643 231
643 2
643 459
644 5
644 13
644 289
645 384
645 485
645 430
646 196
646 515
646 22
647 112
647 42
647 389
648 114
648 193
648 29
649 364
649 83
649 385
650 22
650 436
650 118
651 13
651 6
651 286
652 263
652 191
652 228
653 197
653 268
653 250
654 64
654 4
654 362
655 22
655 394
655 132
656 69
656 504
656 578
657 33
657 623
657 106
658 40
658 1
658 17
659 190
659 121
659 20
660 311
660 330
660 155
661 341
661 452
661 77
662 22
662 260
662 639
663 418
663 645
663 508
664 203
664 592
664 211
665 24
665 2
665 19
666 67
666 5
666 4
667 237
667 67
667 76
668 117
668 275
668 38
669 5
669 126
669 2
670 64
670 493
670 38
671 502
671 124
671 97
672 0
672 565
672 488
673 5
673 410
673 131
674 22
674 332
674 119
675 512
675 262
675 5
676 1
676 3
676 132
677 619
677 359
677 3
678 579
678 115
678 589
679 32
679 59
679 502
680 134
680 331
680 538
681 432
681 32
681 465
682 193
682 110
682 183
683 350
683 128
683 380
684 258
684 52
684 425
685 216
685 297
685 1
686 459
686 275
686 107
687 545
687 67
687 377
688 123
688 195
688 68
689 97
689 253
689 26
690 55
690 304
690 84
691 363
691 163
691 133
692 225
692 149
692 586
693 252
693 84
693 596
694 311
694 543
694 517
695 4
695 234
695 419
696 21
696 294
696 237
697 2
697 63
697 38
698 268
698 402
698 2
699 88
699 279
699 139
700 451
700 32
700 289
701 527
701 3
701 413
702 391
702 33
702 22
703 216
703 657
703 131
704 405
704 188
704 210
705 13
705 640
705 210
706 664
706 1
706 540
707 508
707 11
707 331
708 318
708 646
708 417
709 432
709 124
709 61
710 6
710 148
710 66
711 29
711 156
711 300
712 376
712 0
712 351
713 4
713 31
713 22
714 2
714 407
714 160
715 240
715 290
715 16
716 19
716 137
716 468
717 690
717 1
717 131
718 29
718 340
718 313
719 511
719 40
719 23
720 226
720 450
720 481
721 204
721 139
721 305
722 155
722 617
722 142
723 39
723 279
723 53
724 55
724 620
724 1
725 221
725 507
725 299
726 619
726 401
726 419
727 496
727 138
727 290
728 291
728 17
728 617
729 28
729 704
729 473
730 688
730 19
730 76
731 26
731 598
731 6
732 670
732 193
732 538
733 361
733 205
733 667
734 210
734 396
734 70
735 534
735 671
735 34
736 86
736 22
736 128
737 133
737 209
737 544
738 3
738 727
738 138
739 22
739 133
739 624
740 284
740 234
740 537
741 504
741 696
741 433
742 712
742 313
742 97
743 17
743 12
743 709
744 192
744 26
744 394
745 96
745 174
745 698
746 7
746 703
746 85
747 357
747 13
747 193
748 629
748 277
748 596
749 184
749 11
749 175
750 433
750 711
750 258
751 308
751 381
751 16
752 255
752 685
752 15
753 166
753 402
753 215
754 93
754 32
754 133
755 4
755 58
755 0
756 20
756 539
756 24
757 5
757 23
757 2
758 35
758 244
758 0
759 13
759 406
759 20
760 421
760 137
760 16
761 28
761 68
761 22
762 168
762 89
762 178
763 742
763 6
763 702
764 63
764 67
764 406
765 751
765 9
765 631
766 24
766 465
766 7
767 642
767 349
767 396
768 333
768 446
768 710
769 525
769 41
769 22
770 364
770 301
770 730
771 665
771 25
771 559
772 421
772 62
772 289
773 252
773 0
773 499
774 96
774 0
774 39
775 6
775 651
775 37
776 103
776 112
776 55
777 21
777 171
777 138
778 38
778 127
778 458
779 436
779 25
779 590
780 359
780 566
780 57
781 312
781 7
781 2
782 235
782 12
782 27
783 83
783 123
783 0
784 16
784 197
784 155
785 45
785 757
785 198
786 194
786 17
786 536
787 433
787 365
787 104
788 147
788 510
788 15
789 418
789 113
789 534
790 492
790 226
790 19
791 12
791 142
791 582
792 393
792 23
792 374
793 149
793 57
793 710
794 216
794 600
794 359
795 176
795 3
795 90
796 149
796 5
796 35
797 129
797 48
797 544
798 358
798 391
798 162
799 260
799 36
799 23
800 53
800 358
800 199
801 41
801 443
801 661
802 32
802 184
802 4
803 657
803 663
803 321
804 13
804 50
804 1
805 262
805 267
805 3
806 474
806 433
806 64
807 529
807 378
807 737
808 53
808 386
808 93
809 0
809 127
809 323
810 362
810 184
810 6
811 156
811 586
811 647
812 626
812 415
812 157
813 255
813 604
813 1
814 228
814 238
814 639
815 116
815 200
815 240
816 245
816 2
816 502
817 51
817 681
817 548
818 147
818 16
818 289
819 694
819 204
819 9
820 436
820 22
820 13
821 0
821 596
821 534
822 5
822 8
822 371
823 32
823 54
823 83
824 628
824 3
824 584
825 135
825 201
825 315
826 108
826 13
826 196
827 334
827 144
827 113
828 445
828 30
828 437
829 13
829 275
829 259
830 147
830 737
830 66
831 468
831 12
831 103
832 646
832 223
832 12
833 811
833 158
833 3
834 248
834 210
834 246
835 5
835 231
835 418
836 17
836 133
836 9
837 616
837 594
837 297
838 35
838 383
838 67
839 99
839 590
839 88
840 156
840 125
840 378
841 21
841 33
841 208
842 600
842 11
842 580
843 759
843 133
843 31
844 578
844 188
844 304
845 383
845 249
845 187
846 322
846 216
846 23
847 779
847 662
847 441
848 203
848 105
848 668
849 13
849 726
849 144
850 68
850 236
850 141
851 789
851 0
851 441
852 67
852 311
852 486
853 13
853 101
853 203
854 1
854 488
854 384
855 668
855 715
855 16
856 15
856 821
856 51
857 254
857 156
857 60
858 460
858 468
858 215
859 799
859 208
859 117
860 189
860 135
860 468
861 128
861 677
861 145
862 236
862 795
862 26
863 852
863 138
863 229
864 21
864 84
864 0
865 0
865 266
865 33
866 133
866 13
866 91
867 470
867 319
867 430
868 443
868 35
868 164
869 350
869 57
869 698
870 386
870 831
870 457
871 499
871 725
871 348
872 699
872 361
872 651
873 140
873 333
873 337
874 589
874 38
874 232
875 2
875 146
875 739
876 856
876 610
876 0
877 302
877 9
877 361
878 142
878 189
878 22
879 77
879 146
879 333
880 53
880 436
880 0
881 13
881 316
881 583
882 0
882 87
882 376
883 290
883 99
883 783
884 2
884 197
884 10
885 134
885 193
885 254
886 364
886 412
886 38
887 641
887 843
887 669
888 38
888 58
888 549
889 821
889 670
889 312
890 433
890 155
890 112
891 492
891 640
891 268
892 433
892 80
892 13
893 12
893 70
893 721
894 32
894 260
894 34
895 454
895 468
895 16
896 594
896 139
896 879
897 256
897 3
897 290
898 609
898 74
898 67
899 211
899 834
899 47
900 213
900 430
900 432
901 334
901 5
901 1
902 2
902 34
902 20
903 615
903 16
903 727
904 136
904 513
904 64
905 321
905 468
905 49
906 149
906 31
906 286
907 1
907 297
907 0
908 541
908 547
908 813
909 26
909 6
909 9
910 847
910 47
910 5
911 310
911 193
911 6
912 6
912 607
912 741
913 497
913 776
913 22
914 286
914 515
914 16
915 1
915 241
915 844
916 812
916 6
916 2
917 33
917 36
917 63
918 53
918 457
918 483
919 586
919 418
919 508
920 723
920 850
920 678
921 447
921 398
921 862
922 413
922 850
922 840
923 20
923 14
923 577
924 286
924 769
924 332
925 73
925 53
925 729
926 133
926 470
926 7
927 345
927 390
927 268
928 857
928 769
928 343
929 203
929 305
929 71
930 622
930 39
930 589
931 356
931 872
931 302
932 184
932 270
932 641
933 855
933 13
933 20
934 8
934 174
934 194
935 94
935 400
935 53
936 510
936 260
936 203
937 509
937 485
937 613
938 318
938 841
938 617
939 496
939 340
939 20
940 359
940 281
940 55
941 71
941 125
941 203
942 267
942 1
942 595
943 694
943 4
943 270
944 522
944 71
944 364
945 7
945 425
945 113
946 935
946 193
946 715
947 459
947 28
947 320
948 640
948 26
948 16
949 4
949 5
949 215
950 100
950 29
950 485
951 157
951 461
951 275
952 670
952 0
952 48
953 332
953 646
953 543
954 368
954 482
954 756
955 76
955 862
955 9
956 2
956 564
956 174
957 176
957 509
957 7
958 110
958 532
958 59
959 140
959 13
959 267
960 9
960 390
960 547
961 12
961 83
961 788
962 821
962 25
962 674
963 906
963 132
963 247
964 2
964 97
964 69
965 249
965 327
965 279
966 489
966 5
966 631
967 328
967 766
967 174
968 133
968 566
968 508
969 649
969 309
969 332
970 557
970 863
970 216
971 22
971 939
971 301
972 842
972 429
972 250
973 228
973 201
973 532
974 620
974 12
974 33
975 31
975 253
975 754
976 22
976 698
976 46
977 740
977 365
977 460
978 142
978 246
978 214
979 26
979 7
979 28
980 452
980 12
980 170
981 304
981 302
981 393
982 669
982 498
982 436
983 72
983 852
983 90
984 87
984 110
984 2
985 174
985 10
985 773
986 1
986 280
986 3
987 0
987 646
987 174
988 742
988 12
988 159
989 39
989 840
989 666
990 232
990 57
990 32
991 6
991 156
991 686
992 4
992 618
992 117
993 5
993 2
993 9
994 20
994 13
994 26
995 712
995 935
995 97
996 724
996 288
996 977
997 77
997 990
997 956
998 11
998 333
998 801
999 216
999 18
999 66
