0 1
1 0
2 1
2 0
3 1
3 0
3 2
4 2
4 1
4 0
5 2
5 1
5 4
6 1
6 0
6 3
7 1
7 3
7 5
8 1
8 6
8 2
9 7
9 2
9 4
10 0
10 6
10 5
11 9
11 5
11 1
12 7
12 11
12 4
13 2
13 7
13 1
14 4
14 11
14 1
15 1
15 4
15 0
16 0
16 1
16 7
17 3
17 1
17 4
18 5
18 10
18 3
19 10
19 2
19 5
20 4
20 1
20 0
21 0
21 4
21 1
22 18
22 13
22 0
23 12
23 2
23 10
24 19
24 21
24 20
25 2
25 4
25 3
26 1
26 16
26 9
27 26
27 11
27 1
28 4
28 0
28 1
29 15
29 11
29 4
30 8
30 6
30 1
31 25
31 30
31 7
32 10
32 6
32 5
33 7
33 13
33 4
34 22
34 18
34 6
35 4
35 6
35 3
36 1
36 18
36 2
37 1
37 33
37 15
38 28
38 0
38 33
39 3
39 18
39 9
40 3
40 6
40 1
41 30
41 4
41 11
42 3
42 18
42 27
43 17
43 34
43 0
44 4
44 3
44 2
45 27
45 6
45 1
46 0
46 31
46 3
47 22
47 6
47 4
48 1
48 0
48 37
49 45
49 0
49 38
