0 1
1 0
2 0
2 1
3 1
3 0
3 2
4 2
4 3
4 0
5 3
5 4
5 1
6 2
6 1
6 5
7 5
7 6
7 1
8 7
8 0
8 6
9 0
9 2
9 3
10 8
10 1
10 4
11 3
11 7
11 1
12 11
12 4
12 3
13 7
13 1
13 0
14 12
14 1
14 11
15 0
15 4
15 9
16 0
16 1
16 6
17 2
17 11
17 4
18 14
18 1
18 5
19 3
19 7
19 15
20 9
20 12
20 4
21 18
21 1
21 19
22 9
22 1
22 4
23 22
23 14
23 12
24 3
24 20
24 19
25 4
25 2
25 19
26 0
26 19
26 17
27 24
27 3
27 20
28 1
28 24
28 12
29 0
29 13
29 1
30 5
30 17
30 23
31 23
31 6
31 0
32 4
32 1
32 0
33 27
33 22
33 13
34 14
34 32
34 6
35 1
35 13
35 6
36 24
36 23
36 1
37 13
37 21
37 16
38 4
38 16
38 8
39 32
39 35
39 34
40 28
40 19
40 3
41 13
41 2
41 20
42 7
42 0
42 1
43 14
43 30
43 21
44 2
44 36
44 39
45 17
45 32
45 10
46 1
46 0
46 6
47 12
47 2
47 3
48 26
48 5
48 20
49 22
49 24
49 19
