0 1
0 2
0 3
0 4
0 6
0 7
0 8
0 9
0 12
1 0
1 2
1 3
1 4
1 5
1 6
1 7
1 15
2 1
2 0
2 3
2 4
2 5
2 7
2 8
2 9
2 14
3 2
3 1
3 0
3 5
3 6
3 8
3 12
3 14
3 15
3 17
4 0
4 2
4 1
4 16
5 1
5 2
5 3
5 11
5 17
6 0
6 1
6 3
6 10
6 14
6 18
7 1
7 2
7 0
7 9
7 11
7 12
7 13
8 2
8 0
8 3
8 10
8 13
8 16
8 18
8 19
9 0
9 7
9 2
9 10
10 8
10 6
10 9
10 11
10 13
10 17
11 5
11 7
11 10
12 7
12 3
12 0
12 16
13 10
13 7
13 8
13 19
14 3
14 6
14 2
14 15
15 1
15 14
15 3
15 19
16 8
16 12
16 4
17 10
17 3
17 5
17 18
18 6
18 8
18 17
19 15
19 8
19 13
