0 1
0 2
0 3
0 5
0 7
0 13
0 23
0 27
0 29
0 30
0 37
0 41
1 0
1 2
1 3
1 4
1 5
1 9
1 11
1 13
1 16
1 25
1 32
1 34
1 38
1 51
1 61
1 73
1 81
1 94
1 99
2 0
2 1
2 3
2 4
2 6
2 7
2 8
2 10
2 15
2 16
2 19
2 20
2 26
2 38
2 50
2 55
2 61
2 65
2 75
2 85
3 1
3 0
3 2
3 4
3 8
3 17
3 23
3 27
3 28
3 36
3 93
3 95
4 1
4 3
4 2
4 5
4 6
4 9
4 12
4 14
4 34
4 41
4 42
4 43
4 44
4 48
4 63
4 80
5 1
5 4
5 0
5 6
5 9
5 14
5 21
5 22
5 37
6 2
6 4
6 5
6 7
6 11
6 13
6 18
6 21
6 30
6 32
6 33
6 54
6 57
6 65
7 6
7 0
7 2
7 8
7 10
7 22
7 25
7 44
7 47
7 64
7 89
8 3
8 2
8 7
8 10
8 14
8 17
8 18
8 19
8 20
8 31
8 49
8 69
8 72
8 95
9 4
9 1
9 5
9 11
9 12
9 16
9 19
9 29
9 53
9 62
9 70
9 78
9 90
10 2
10 7
10 8
10 23
10 40
10 45
10 76
10 98
11 6
11 1
11 9
11 12
11 25
11 52
12 4
12 11
12 9
12 15
12 35
12 46
12 60
12 78
12 88
12 90
13 0
13 1
13 6
13 17
13 31
13 79
13 84
13 87
13 90
14 4
14 5
14 8
14 15
14 24
14 26
14 28
14 29
14 34
14 36
14 41
14 49
14 73
14 77
14 79
14 81
15 12
15 14
15 2
15 20
15 51
15 60
15 67
15 84
16 9
16 1
16 2
16 52
16 92
17 3
17 8
17 13
17 18
17 21
17 24
17 28
17 33
17 46
17 62
17 68
18 6
18 8
18 17
18 22
18 31
18 43
18 61
18 69
18 79
18 88
18 98
19 2
19 8
19 9
20 2
20 8
20 15
20 24
20 26
20 33
20 35
20 40
20 49
20 53
20 68
21 6
21 5
21 17
21 27
21 55
22 18
22 7
22 5
22 48
22 57
23 10
23 0
23 3
24 14
24 20
24 17
24 36
25 11
25 1
25 7
25 39
25 85
26 20
26 14
26 2
26 39
26 50
26 59
26 69
26 94
27 21
27 3
27 0
27 32
27 38
27 40
27 45
27 91
28 14
28 3
28 17
28 67
28 80
28 82
29 0
29 9
29 14
29 30
29 63
29 74
29 82
30 6
30 0
30 29
30 52
30 68
30 71
31 8
31 13
31 18
31 37
31 75
31 95
31 97
32 27
32 6
32 1
32 35
32 53
32 67
33 6
33 17
33 20
33 45
33 50
33 58
33 60
33 73
33 83
33 89
33 98
34 1
34 14
34 4
34 42
34 84
35 20
35 12
35 32
35 46
35 47
35 56
35 66
35 87
36 24
36 3
36 14
36 39
36 42
36 56
36 65
36 70
36 87
37 31
37 0
37 5
37 57
37 64
37 71
37 75
37 93
38 2
38 1
38 27
38 48
39 26
39 36
39 25
39 54
39 56
40 20
40 27
40 10
40 43
40 44
41 4
41 14
41 0
41 59
41 91
42 4
42 34
42 36
43 40
43 4
43 18
44 4
44 40
44 7
44 55
44 76
44 85
45 10
45 27
45 33
45 54
45 96
46 35
46 12
46 17
46 47
46 51
46 86
47 35
47 7
47 46
47 58
48 4
48 22
48 38
48 64
48 72
49 14
49 20
49 8
49 62
49 63
49 88
49 96
50 2
50 33
50 26
50 59
51 15
51 1
51 46
51 81
52 16
52 30
52 11
53 32
53 9
53 20
54 39
54 6
54 45
55 2
55 44
55 21
55 97
56 35
56 39
56 36
57 22
57 6
57 37
57 58
57 66
58 57
58 33
58 47
58 77
59 26
59 41
59 50
59 71
59 76
60 33
60 12
60 15
60 77
61 2
61 18
61 1
61 70
62 9
62 17
62 49
63 4
63 29
63 49
63 66
64 48
64 37
64 7
64 74
64 82
64 83
65 2
65 6
65 36
65 78
65 99
66 57
66 63
66 35
66 74
67 15
67 32
67 28
67 99
68 20
68 17
68 30
68 72
68 89
69 18
69 8
69 26
70 36
70 9
70 61
71 30
71 59
71 37
72 48
72 8
72 68
72 83
73 33
73 14
73 1
73 80
74 29
74 66
74 64
75 37
75 2
75 31
76 44
76 10
76 59
76 91
76 96
77 60
77 58
77 14
77 92
77 94
78 12
78 65
78 9
78 93
79 14
79 13
79 18
79 86
80 28
80 4
80 73
81 14
81 51
81 1
81 97
82 64
82 29
82 28
83 33
83 64
83 72
84 13
84 34
84 15
85 25
85 2
85 44
85 86
86 85
86 46
86 79
87 35
87 36
87 13
88 49
88 12
88 18
89 68
89 33
89 7
90 9
90 12
90 13
91 41
91 27
91 76
91 92
92 91
92 77
92 16
93 78
93 3
93 37
94 77
94 26
94 1
95 8
95 31
95 3
96 49
96 45
96 76
97 31
97 55
97 81
98 18
98 33
98 10
99 67
99 1
99 65
