0 1
0 2
1 0
1 2
2 1
2 0
3 1
3 2
3 0
4 2
4 0
4 1
5 0
5 3
5 4
6 1
6 0
6 4
7 1
7 6
7 3
8 1
8 0
8 2
9 2
9 0
9 1
10 5
10 4
10 1
11 1
11 0
11 10
12 8
12 1
12 0
13 0
13 2
13 6
14 4
14 2
14 9
15 1
15 11
15 5
16 6
16 5
16 3
17 6
17 5
17 2
18 6
18 16
18 5
19 3
19 1
19 12
20 4
20 13
20 3
21 2
21 3
21 19
22 17
22 1
22 19
23 17
23 1
23 5
24 4
24 19
24 9
25 13
25 17
25 23
26 6
26 16
26 2
27 4
27 10
27 20
28 11
28 0
28 13
29 2
29 0
29 23
30 13
30 15
30 8
31 11
31 9
31 23
32 3
32 22
32 2
33 13
33 2
33 6
34 6
34 24
34 3
35 20
35 6
35 0
36 18
36 4
36 1
37 16
37 5
37 20
38 25
38 2
38 0
39 12
39 34
39 6
40 23
40 4
40 11
41 4
41 6
41 2
42 4
42 0
42 28
43 42
43 11
43 0
44 2
44 3
44 13
45 0
45 33
45 3
46 36
46 0
46 14
47 0
47 20
47 12
48 46
48 28
48 39
49 12
49 31
49 13
