0 1
0 2
0 3
0 7
0 16
1 0
1 2
1 3
1 4
1 5
2 1
2 0
2 3
2 4
2 5
3 2
3 1
3 0
3 4
3 5
4 2
4 3
4 1
4 6
4 7
5 2
5 3
5 1
5 26
5 32
6 4
6 3
6 1
6 9
6 10
7 4
7 2
7 0
7 8
7 10
8 3
8 4
8 7
8 13
8 20
9 4
9 6
9 3
9 15
10 2
10 7
10 6
10 20
10 33
11 7
11 2
11 6
11 19
11 39
12 1
12 3
12 4
12 14
12 21
13 8
13 2
13 7
14 12
14 6
14 3
14 30
14 48
15 9
15 2
15 3
15 16
15 18
16 0
16 15
16 3
16 17
16 25
17 1
17 2
17 16
17 18
17 22
18 17
18 15
18 6
18 32
19 1
19 11
19 3
19 23
19 41
20 10
20 4
20 8
20 26
20 27
21 7
21 6
21 12
21 31
22 3
22 17
22 4
22 29
23 6
23 0
23 19
23 34
23 37
24 3
24 6
24 7
24 49
25 2
25 16
25 1
26 20
26 2
26 5
26 37
26 43
27 2
27 20
27 4
28 1
28 2
28 8
28 39
29 7
29 12
29 22
30 2
30 16
30 14
30 33
31 2
31 17
31 21
31 45
32 0
32 5
32 18
33 10
33 7
33 30
33 40
34 2
34 6
34 23
34 46
34 47
35 5
35 3
35 7
36 6
36 7
36 1
37 23
37 26
37 0
38 4
38 3
38 6
39 0
39 11
39 28
40 7
40 33
40 1
41 19
41 1
41 2
42 1
42 17
42 2
42 43
42 45
43 42
43 1
43 26
44 1
44 19
44 17
44 49
45 42
45 31
45 6
45 47
46 26
46 4
46 34
47 45
47 5
47 34
48 14
48 3
48 11
49 24
49 17
49 44
