0 1
0 2
0 3
0 4
0 7
0 8
0 10
1 0
1 2
1 3
1 4
1 5
1 6
1 9
2 1
2 0
2 3
2 4
2 7
2 8
2 10
3 1
3 0
3 2
3 5
3 6
3 9
3 16
4 1
4 0
4 2
4 5
4 6
4 9
4 11
5 3
5 4
5 1
5 7
5 12
5 17
5 19
6 3
6 4
6 1
6 8
6 11
6 12
6 13
7 0
7 5
7 2
7 12
7 13
7 25
7 42
8 6
8 2
8 0
8 14
8 20
8 22
8 33
9 4
9 1
9 3
9 18
9 30
9 46
10 2
10 1
10 0
10 23
10 27
11 6
11 4
11 0
11 15
11 20
11 39
11 46
12 5
12 7
12 6
12 16
12 20
13 0
13 6
13 7
13 18
14 8
14 4
14 0
15 11
15 0
15 4
16 3
16 12
16 2
17 4
17 3
17 5
17 23
18 1
18 9
18 13
18 26
18 39
19 5
19 0
19 1
19 22
19 28
20 12
20 11
20 8
20 31
20 32
20 40
20 43
21 0
21 6
21 5
21 46
22 19
22 2
22 8
22 25
23 3
23 17
23 10
23 29
23 32
24 1
24 2
24 6
24 30
24 36
24 42
25 22
25 0
25 7
25 26
25 29
25 34
25 41
26 25
26 18
26 0
26 35
26 38
26 48
27 10
27 4
27 5
27 39
28 19
28 6
28 3
29 23
29 1
29 25
30 24
30 9
30 5
30 36
31 1
31 20
31 2
32 23
32 20
32 2
32 34
32 35
33 2
33 1
33 8
34 3
34 25
34 32
34 48
35 4
35 26
35 32
35 45
36 30
36 24
36 2
37 2
37 6
37 8
38 4
38 3
38 26
39 18
39 11
39 27
39 47
40 20
40 4
40 0
41 3
41 25
41 6
42 24
42 7
42 2
43 4
43 2
43 20
44 4
44 6
44 1
45 1
45 35
45 6
46 21
46 11
46 9
47 5
47 4
47 39
48 26
48 1
48 34
49 2
49 11
49 8
