0 1
1 0
2 0
2 1
3 0
3 2
3 1
4 1
4 0
4 3
5 1
5 0
5 4
6 0
6 2
6 4
7 2
7 1
7 4
8 0
8 7
8 3
9 0
9 1
9 7
10 6
10 1
10 0
11 9
11 6
11 3
12 11
12 4
12 3
13 5
13 8
13 3
14 2
14 12
14 4
15 4
15 0
15 1
16 7
16 6
16 13
17 0
17 5
17 3
18 2
18 3
18 1
19 4
19 6
19 0
20 9
20 4
20 7
21 5
21 20
21 1
22 1
22 3
22 0
23 4
23 19
23 8
24 3
24 8
24 1
25 6
25 4
25 9
26 11
26 5
26 6
27 16
27 8
27 2
28 15
28 16
28 11
29 22
29 1
29 14
30 6
30 1
30 12
31 0
31 4
31 8
32 29
32 5
32 31
33 20
33 22
33 32
34 31
34 10
34 9
35 30
35 16
35 7
36 29
36 2
36 30
37 7
37 34
37 26
38 7
38 2
38 3
39 1
39 16
39 2
40 3
40 11
40 2
41 33
41 1
41 34
42 4
42 21
42 2
43 16
43 39
43 4
44 3
44 1
44 8
45 2
45 41
45 23
46 6
46 32
46 31
47 0
47 1
47 2
48 2
48 14
48 3
49 9
49 1
49 2
50 32
50 1
50 3
51 11
51 10
51 24
52 45
52 5
52 32
53 21
53 29
53 2
54 7
54 53
54 2
55 8
55 11
55 54
56 21
56 10
56 43
57 11
57 5
57 4
58 37
58 53
58 11
59 12
59 43
59 34
60 49
60 37
60 38
61 60
61 8
61 14
62 13
62 39
62 49
63 1
63 28
63 42
64 54
64 4
64 7
65 4
65 13
65 1
66 38
66 58
66 1
67 60
67 20
67 46
68 61
68 23
68 7
69 39
69 1
69 12
70 7
70 51
70 5
71 1
71 7
71 21
72 14
72 16
72 11
73 6
73 13
73 4
74 62
74 5
74 11
75 39
75 4
75 43
76 19
76 5
76 6
77 7
77 62
77 12
78 29
78 53
78 4
79 7
79 16
79 43
80 1
80 2
80 31
81 4
81 35
81 7
82 42
82 3
82 0
83 19
83 0
83 14
84 21
84 2
84 31
85 7
85 26
85 78
86 23
86 31
86 85
87 0
87 21
87 8
88 10
88 49
88 78
89 32
89 16
89 1
90 63
90 46
90 13
91 21
91 74
91 8
92 1
92 14
92 6
93 1
93 12
93 2
94 1
94 64
94 8
95 86
95 26
95 79
96 57
96 63
96 43
97 49
97 3
97 8
98 15
98 1
98 37
99 12
99 83
99 4
