0 1
0 2
0 3
1 0
1 2
1 3
2 0
2 1
2 3
3 2
3 0
3 1
4 0
4 1
4 2
5 3
5 0
5 1
6 3
6 4
6 2
7 0
7 1
7 4
8 3
8 4
8 2
9 8
9 1
9 3
10 2
10 0
10 3
11 6
11 8
11 4
12 7
12 5
12 3
13 7
13 0
13 2
14 8
14 13
14 7
15 1
15 2
15 0
16 1
16 12
16 6
17 9
17 14
17 0
18 3
18 11
18 1
19 0
19 3
19 13
20 9
20 3
20 7
21 9
21 7
21 12
22 1
22 0
22 11
23 6
23 0
23 7
24 9
24 3
24 12
25 9
25 3
25 21
26 22
26 10
26 24
27 0
27 8
27 1
28 0
28 17
28 7
29 1
29 0
29 28
30 9
30 15
30 6
31 13
31 7
31 2
32 4
32 19
32 0
33 31
33 2
33 17
34 8
34 33
34 3
35 23
35 17
35 12
36 17
36 1
36 7
37 4
37 6
37 31
38 19
38 9
38 29
39 3
39 18
39 11
40 5
40 1
40 33
41 6
41 39
41 23
42 16
42 8
42 12
43 1
43 5
43 17
44 29
44 27
44 39
45 30
45 16
45 1
46 17
46 26
46 8
47 4
47 27
47 8
48 23
48 40
48 0
49 14
49 6
49 33
50 33
50 14
50 3
51 15
51 0
51 45
52 10
52 6
52 4
53 50
53 11
53 4
54 2
54 18
54 48
55 1
55 17
55 8
56 9
56 18
56 30
57 18
57 4
57 21
58 3
58 0
58 17
59 7
59 3
59 50
60 51
60 8
60 14
61 5
61 3
61 34
62 34
62 30
62 33
63 3
63 22
63 46
64 13
64 20
64 3
65 4
65 61
65 28
66 58
66 55
66 14
67 6
67 26
67 36
68 16
68 39
68 3
69 30
69 22
69 8
70 2
70 65
70 13
71 2
71 8
71 3
72 62
72 1
72 14
73 32
73 18
73 22
74 21
74 48
74 32
75 14
75 7
75 5
76 30
76 0
76 31
77 46
77 17
77 73
78 4
78 1
78 45
79 19
79 61
79 48
80 49
80 6
80 57
81 16
81 5
81 7
82 50
82 65
82 58
83 43
83 26
83 48
84 20
84 58
84 26
85 74
85 8
85 65
86 31
86 3
86 10
87 83
87 74
87 59
88 23
88 3
88 20
89 83
89 43
89 3
90 2
90 29
90 17
91 45
91 29
91 22
92 57
92 65
92 33
93 13
93 29
93 81
94 15
94 76
94 50
95 41
95 43
95 17
96 83
96 78
96 89
97 3
97 2
97 42
98 13
98 94
98 29
99 14
99 46
99 52
