0 1
0 2
0 3
0 4
1 0
1 2
1 3
1 4
2 0
2 1
2 3
2 5
3 2
3 1
3 0
3 4
4 1
4 0
4 3
4 5
5 0
5 2
5 4
5 7
6 0
6 3
6 2
6 9
7 0
7 2
7 5
7 10
8 2
8 4
8 5
8 11
9 0
9 6
9 2
9 10
10 7
10 2
10 9
10 23
11 1
11 9
11 8
11 26
12 1
12 3
12 2
12 73
13 0
13 5
13 6
13 15
14 9
14 0
14 6
14 62
15 13
15 5
15 4
15 25
16 7
16 0
16 4
16 19
17 2
17 0
17 1
17 18
18 4
18 1
18 17
18 24
19 9
19 16
19 3
19 21
20 7
20 5
20 3
20 25
21 5
21 7
21 19
21 28
22 5
22 2
22 1
22 54
23 10
23 2
23 16
23 27
24 19
24 18
24 8
24 119
25 2
25 15
25 20
25 30
26 9
26 11
26 15
26 31
27 23
27 6
27 7
27 29
28 21
28 2
28 11
28 67
29 10
29 27
29 15
29 37
30 25
30 9
30 6
30 124
31 9
31 1
31 26
31 51
32 15
32 3
32 8
32 54
33 2
33 15
33 4
33 122
34 19
34 25
34 0
34 36
35 7
35 2
35 3
35 90
36 34
36 27
36 20
36 113
37 25
37 29
37 6
37 51
38 3
38 29
38 2
38 50
39 5
39 27
39 23
39 69
40 29
40 13
40 20
40 49
41 27
41 19
41 15
41 313
42 5
42 6
42 13
42 71
43 21
43 9
43 0
43 56
44 16
44 6
44 5
44 249
45 20
45 4
45 3
45 79
46 0
46 8
46 2
46 54
47 17
47 8
47 9
47 86
48 23
48 6
48 25
48 117
49 21
49 40
49 1
49 194
50 6
50 26
50 38
50 84
51 37
51 16
51 31
51 87
52 1
52 6
52 2
52 64
53 6
53 40
53 25
53 64
54 46
54 32
54 22
54 57
55 16
55 3
55 21
55 79
56 15
56 1
56 43
56 101
57 54
57 3
57 9
57 123
58 0
58 20
58 54
58 81
59 23
59 11
59 46
59 82
60 5
60 1
60 31
60 111
61 2
61 13
61 1
61 70
62 14
62 4
62 3
62 139
63 29
63 4
63 5
63 71
64 1
64 53
64 52
64 94
65 22
65 13
65 38
65 89
66 13
66 9
66 16
66 103
67 28
67 54
67 6
67 329
68 2
68 15
68 3
68 133
69 0
69 52
69 39
69 105
70 0
70 32
70 61
70 253
71 4
71 63
71 42
71 92
72 28
72 4
72 7
72 77
73 29
73 12
73 26
73 121
74 3
74 23
74 15
74 84
75 28
75 61
75 22
75 115
76 31
76 16
76 20
76 80
77 29
77 72
77 26
77 113
78 9
78 0
78 1
78 89
79 45
79 21
79 55
79 90
80 76
80 29
80 10
80 443
81 58
81 6
81 25
81 84
82 0
82 59
82 55
83 13
83 40
83 55
83 155
84 50
84 74
84 81
84 95
85 12
85 5
85 15
85 544
86 47
86 9
86 40
86 91
87 53
87 51
87 27
87 124
88 43
88 0
88 5
88 225
89 78
89 3
89 65
89 134
90 35
90 3
90 79
90 133
91 86
91 32
91 0
91 305
92 71
92 6
92 32
92 127
93 38
93 16
93 15
93 348
94 64
94 13
94 3
94 112
95 84
95 15
95 27
95 154
96 25
96 59
96 11
96 210
97 19
97 61
97 86
97 198
98 29
98 7
98 4
98 145
99 81
99 54
99 2
99 191
100 26
100 11
100 32
100 112
101 18
101 9
101 56
101 140
102 19
102 86
102 54
102 108
103 4
103 3
103 66
103 272
104 26
104 27
104 39
104 107
105 69
105 0
105 53
105 137
106 84
106 13
106 3
106 125
107 28
107 29
107 104
107 229
108 102
108 51
108 15
108 160
109 6
109 29
109 55
109 310
110 74
110 84
110 52
110 151
111 60
111 0
111 19
111 255
112 94
112 59
112 100
112 175
113 36
113 77
113 69
113 120
114 6
114 9
114 29
114 274
115 84
115 19
115 75
115 152
116 3
116 13
116 29
116 118
117 84
117 7
117 48
117 206
118 116
118 5
118 10
118 517
119 9
119 53
119 24
119 142
120 59
120 7
120 113
120 203
121 73
121 61
121 7
121 124
122 0
122 33
122 18
122 126
123 32
123 57
123 100
123 166
124 121
124 87
124 30
124 188
125 106
125 2
125 0
125 136
126 122
126 6
126 28
126 153
127 25
127 43
127 92
127 139
128 13
128 59
128 53
128 191
129 3
129 121
129 102
129 253
130 35
130 29
130 21
130 205
131 0
131 63
131 28
131 291
132 43
132 31
132 11
132 154
133 68
133 90
133 10
133 252
134 89
134 5
134 18
134 341
135 38
135 64
135 18
135 147
136 125
136 46
136 0
136 285
137 105
137 29
137 65
137 257
138 3
138 52
138 46
138 141
139 127
139 106
139 62
139 217
140 101
140 29
140 78
140 169
141 10
141 138
141 84
141 192
142 3
142 119
142 50
142 149
143 7
143 27
143 77
143 737
144 40
144 22
144 2
144 240
145 29
145 6
145 98
145 178
146 16
146 0
146 21
146 798
147 29
147 20
147 135
147 454
148 127
148 104
148 3
148 292
149 9
149 142
149 1
149 494
150 20
150 7
150 62
150 200
151 0
151 110
151 40
152 20
152 3
152 115
152 245
153 30
153 29
153 126
153 155
154 132
154 95
154 27
154 284
155 76
155 83
155 153
155 196
156 29
156 4
156 54
156 179
157 78
157 0
157 52
157 277
158 8
158 76
158 6
158 470
159 119
159 153
159 29
159 211
160 121
160 63
160 108
160 277
161 0
161 63
161 52
161 410
162 110
162 102
162 54
163 16
163 51
163 75
163 203
164 84
164 14
164 1
164 333
165 100
165 52
165 3
165 220
166 123
166 30
166 27
166 168
167 116
167 29
167 3
167 440
168 20
168 59
168 166
168 356
169 58
169 0
169 140
170 56
170 9
170 51
170 188
171 35
171 17
171 15
171 216
172 92
172 7
172 62
172 233
173 64
173 5
173 25
173 268
174 55
174 64
174 20
174 231
175 112
175 20
175 166
175 222
176 64
176 1
176 9
176 386
177 142
177 31
177 122
177 687
178 15
178 145
178 79
178 194
179 156
179 54
179 145
179 185
180 13
180 6
180 81
180 195
181 6
181 21
181 77
181 304
182 106
182 6
182 9
183 37
183 16
183 2
183 250
184 33
184 29
184 15
184 234
185 26
185 179
185 102
185 321
186 3
186 33
186 13
186 345
187 132
187 35
187 5
188 124
188 0
188 170
188 235
189 2
189 28
189 9
189 248
190 19
190 9
190 57
190 242
191 128
191 99
191 1
191 196
192 141
192 1
192 95
192 220
193 122
193 21
193 26
193 406
194 49
194 178
194 71
194 359
195 180
195 170
195 135
195 199
196 191
196 155
196 0
196 618
197 100
197 29
197 55
197 241
198 97
198 47
198 5
198 232
199 195
199 47
199 142
199 340
200 150
200 16
200 142
201 86
201 119
201 89
201 444
202 77
202 119
202 46
202 264
203 0
203 163
203 120
203 295
204 102
204 4
204 112
205 130
205 76
205 26
205 214
206 33
206 39
206 117
206 372
207 8
207 121
207 21
207 248
208 38
208 135
208 74
209 6
209 89
209 77
209 229
210 5
210 12
210 96
210 223
211 8
211 74
211 159
212 5
212 6
212 33
212 236
213 43
213 5
213 32
213 302
214 23
214 205
214 32
214 439
215 113
215 10
215 54
215 538
216 5
216 171
216 21
216 550
217 140
217 139
217 1
217 242
218 142
218 64
218 65
218 229
219 19
219 94
219 112
219 336
220 165
220 8
220 192
220 259
221 3
221 29
221 127
221 993
222 175
222 29
222 19
222 264
223 43
223 210
223 61
223 296
224 84
224 39
224 5
224 407
225 54
225 88
225 3
225 857
226 6
226 65
226 23
226 281
227 145
227 43
227 2
227 325
228 5
228 9
228 3
228 416
229 209
229 218
229 107
229 243
230 59
230 54
230 46
230 237
231 11
231 174
231 0
231 239
232 198
232 166
232 9
232 838
233 21
233 27
233 172
233 410
234 184
234 51
234 6
234 244
235 33
235 188
235 119
235 240
236 212
236 0
236 122
236 450
237 71
237 230
237 65
237 276
238 63
238 46
238 87
238 723
239 16
239 12
239 231
239 283
240 86
240 144
240 235
240 270
241 71
241 197
241 0
241 383
242 217
242 100
242 190
242 267
243 142
243 0
243 229
243 285
244 3
244 234
244 116
244 262
245 58
245 135
245 152
245 348
246 15
246 21
246 39
246 263
247 116
247 79
247 90
247 282
248 119
248 207
248 189
248 317
249 1
249 44
249 13
249 400
250 6
250 183
250 19
251 21
251 1
251 27
251 648
252 107
252 6
252 133
253 205
253 70
253 129
253 287
254 95
254 0
254 190
254 359
255 111
255 2
255 38
255 266
256 110
256 84
256 65
256 324
257 137
257 21
257 84
257 474
258 6
258 94
258 25
258 260
259 21
259 220
259 68
259 717
260 3
260 32
260 258
261 3
261 23
261 101
261 354
262 207
262 0
262 244
262 303
263 27
263 9
263 246
264 56
264 202
264 222
264 384
265 86
265 205
265 10
265 337
266 17
266 255
266 71
266 296
267 242
267 0
267 258
267 382
268 45
268 173
268 142
268 440
269 119
269 207
269 138
269 359
270 240
270 31
270 222
270 432
271 33
271 5
271 19
271 539
272 64
272 103
272 137
272 428
273 81
273 56
273 9
273 404
274 114
274 100
274 89
274 294
275 3
275 52
275 183
275 463
276 21
276 237
276 84
276 510
277 157
277 9
277 160
277 596
278 64
278 217
278 38
279 74
279 178
279 3
279 486
280 44
280 175
280 119
280 378
281 192
281 43
281 226
281 363
282 247
282 155
282 7
282 288
283 239
283 22
283 29
283 545
284 235
284 175
284 154
284 451
285 243
285 37
285 136
285 776
286 84
286 16
286 22
286 347
287 255
287 253
287 107
287 627
288 282
288 210
288 123
288 293
289 4
289 58
289 37
289 316
290 220
290 11
290 33
290 324
291 20
291 131
291 9
291 459
292 129
292 148
292 38
292 480
293 288
293 11
293 123
293 424
294 274
294 63
294 165
294 306
295 203
295 46
295 106
296 223
296 288
296 266
296 349
297 74
297 9
297 6
298 81
298 172
298 73
298 385
299 1
299 100
299 22
299 305
300 0
300 28
300 31
300 355
301 6
301 1
301 9
302 213
302 83
302 121
302 377
303 51
303 74
303 262
303 482
304 3
304 114
304 181
304 861
305 45
305 299
305 91
305 382
306 19
306 294
306 86
306 343
307 66
307 9
307 153
307 442
308 153
308 103
308 79
309 2
309 28
309 3
309 376
310 62
310 109
310 81
310 773
311 223
311 36
311 4
311 553
312 19
312 90
312 2
312 490
313 41
313 25
313 81
313 796
314 0
314 21
314 96
314 684
315 195
315 89
315 175
315 559
316 131
316 289
316 48
316 909
317 248
317 75
317 86
318 243
318 255
318 61
318 386
319 25
319 3
319 121
320 222
320 29
320 239
321 23
321 185
321 9
321 322
322 133
322 121
322 321
323 111
323 16
323 41
323 328
324 6
324 290
324 256
324 333
325 23
325 131
325 227
325 756
326 11
326 213
326 74
326 620
327 282
327 33
327 6
328 323
328 222
328 19
328 456
329 67
329 63
329 94
329 712
330 71
330 133
330 9
330 411
331 203
331 35
331 47
331 579
332 1
332 16
332 122
332 473
333 324
333 141
333 164
333 380
334 255
334 31
334 70
334 622
335 64
335 54
335 50
336 219
336 157
336 69
336 609
337 5
337 265
337 112
337 782
338 106
338 235
338 121
338 365
339 181
339 220
339 239
339 366
340 112
340 140
340 199
340 502
341 3
341 123
341 134
342 41
342 69
342 9
342 874
343 306
343 190
343 30
343 390
344 6
344 86
344 4
345 39
345 186
345 175
345 625
346 265
346 203
346 20
347 286
347 0
347 73
347 446
348 245
348 90
348 93
348 497
349 294
349 51
349 296
349 396
350 5
350 248
350 142
350 396
351 13
351 157
351 202
351 500
352 119
352 28
352 34
352 431
353 69
353 131
353 103
353 470
354 261
354 296
354 255
354 703
355 300
355 159
355 154
355 374
356 168
356 227
356 18
356 930
357 52
357 183
357 299
357 660
358 54
358 86
358 99
359 194
359 269
359 254
359 373
360 28
360 247
360 3
361 133
361 6
361 84
361 429
362 256
362 69
362 255
363 281
363 30
363 0
363 392
364 15
364 220
364 94
364 508
365 148
365 0
365 338
365 492
366 339
366 112
366 11
366 713
367 94
367 0
367 266
367 513
368 9
368 135
368 220
368 586
369 8
369 16
369 119
370 16
370 60
370 240
370 572
371 2
371 145
371 126
371 664
372 206
372 4
372 74
372 832
373 203
373 84
373 359
373 537
374 8
374 9
374 355
374 460
375 54
375 33
375 289
375 588
376 309
376 73
376 7
376 809
377 302
377 54
377 234
377 706
378 280
378 35
378 40
378 610
379 7
379 142
379 13
380 218
380 32
380 333
380 418
381 41
381 3
381 64
381 564
382 267
382 305
382 5
382 792
383 6
383 75
383 241
383 413
384 264
384 20
384 243
384 511
385 298
385 90
385 65
385 499
386 176
386 318
386 258
386 475
387 0
387 121
387 142
387 467
388 181
388 202
388 72
389 8
389 145
389 96
389 954
390 11
390 343
390 9
391 235
391 71
391 175
392 363
392 110
392 27
392 480
393 210
393 13
393 8
393 441
394 280
394 176
394 29
394 458
395 130
395 247
395 33
396 3
396 350
396 349
396 566
397 98
397 242
397 203
398 25
398 0
398 29
398 422
399 170
399 309
399 15
399 472
400 249
400 324
400 34
400 557
401 220
401 185
401 113
402 1
402 133
402 55
402 441
403 142
403 35
403 67
403 598
404 104
404 138
404 273
404 423
405 120
405 97
405 0
406 355
406 2
406 193
406 464
407 224
407 288
407 203
407 484
408 262
408 38
408 343
408 427
409 20
409 0
409 6
409 709
410 233
410 161
410 12
410 484
411 330
411 10
411 104
412 27
412 21
412 26
412 580
413 383
413 84
413 55
413 651
414 6
414 355
414 92
414 444
415 21
415 19
415 3
415 671
416 228
416 26
416 17
416 436
417 22
417 45
417 245
418 15
418 380
418 245
418 915
419 43
419 53
419 60
419 552
420 192
420 41
420 235
421 64
421 8
421 1
421 607
422 398
422 7
422 35
422 599
423 220
423 404
423 160
423 432
424 1
424 293
424 25
424 454
425 254
425 108
425 30
426 58
426 71
426 135
426 534
427 408
427 235
427 1
427 474
428 272
428 32
428 155
429 361
429 114
429 243
429 692
430 3
430 90
430 139
430 553
431 44
431 352
431 94
431 774
432 423
432 270
432 84
432 563
433 103
433 86
433 5
433 530
434 29
434 16
434 240
434 819
435 98
435 86
435 154
435 513
436 416
436 9
436 81
436 646
437 10
437 88
437 249
437 453
438 350
438 14
438 21
438 453
439 157
439 214
439 404
439 523
440 268
440 167
440 78
440 776
441 2
441 402
441 393
441 503
442 307
442 138
442 253
442 951
443 80
443 206
443 349
443 529
444 201
444 414
444 3
444 866
445 10
445 318
445 112
445 478
446 81
446 347
446 306
447 43
447 4
447 52
447 465
448 6
448 133
448 343
448 983
449 6
449 62
449 104
449 807
450 48
450 110
450 236
450 712
451 2
451 296
451 284
451 455
452 220
452 306
452 117
452 739
453 437
453 201
453 438
453 732
454 147
454 16
454 424
454 990
455 43
455 26
455 451
455 684
456 328
456 62
456 17
456 612
457 0
457 112
457 324
458 15
458 265
458 394
459 10
459 179
459 291
459 646
460 156
460 153
460 374
460 583
461 39
461 16
461 21
462 59
462 89
462 123
462 687
463 255
463 275
463 57
463 643
464 406
464 107
464 309
464 619
465 59
465 447
465 19
465 472
466 114
466 181
466 41
466 499
467 64
467 387
467 9
467 539
468 203
468 9
468 121
469 72
469 102
469 89
469 638
470 158
470 353
470 99
470 671
471 191
471 25
471 139
472 86
472 399
472 465
472 476
473 332
473 56
473 282
473 535
474 257
474 427
474 256
474 660
475 386
475 106
475 40
475 735
476 27
476 10
476 472
476 879
477 290
477 12
477 58
477 523
478 0
478 445
478 179
478 550
479 21
479 51
479 74
479 584
480 292
480 392
480 61
480 680
481 137
481 84
481 253
481 507
482 43
482 303
482 240
482 779
483 222
483 281
483 242
483 545
484 407
484 127
484 410
484 629
485 280
485 199
485 21
486 35
486 279
486 235
486 594
487 48
487 137
487 303
487 529
488 292
488 8
488 153
488 738
489 4
489 13
489 116
490 312
490 324
490 88
490 720
491 26
491 136
491 267
491 817
492 303
492 365
492 9
492 855
493 437
493 288
493 50
494 149
494 93
494 1
495 75
495 16
495 17
496 20
496 274
496 399
497 348
497 150
497 84
498 32
498 1
498 274
499 466
499 385
499 16
499 532
500 123
500 407
500 351
500 650
501 7
501 248
501 22
501 514
502 181
502 447
502 340
502 506
503 3
503 441
503 83
503 832
504 89
504 19
504 280
505 54
505 38
505 404
505 707
506 355
506 5
506 502
507 218
507 75
507 481
508 299
508 364
508 3
509 55
509 6
509 32
510 276
510 136
510 190
511 269
511 384
511 39
511 565
512 3
512 131
512 292
512 616
513 367
513 385
513 435
513 733
514 74
514 43
514 501
514 908
515 424
515 38
515 255
515 656
516 10
516 79
516 312
517 118
517 154
517 3
517 661
518 96
518 26
518 81
518 704
519 51
519 355
519 84
519 642
520 40
520 7
520 137
520 617
521 10
521 77
521 98
521 639
522 161
522 13
522 68
522 562
523 306
523 439
523 477
523 749
524 74
524 56
524 48
524 947
525 110
525 44
525 32
526 227
526 106
526 133
526 611
527 74
527 353
527 39
527 692
528 56
528 15
528 410
528 944
529 443
529 141
529 487
530 261
530 433
530 89
531 8
531 269
531 239
531 541
532 499
532 309
532 186
532 742
533 207
533 4
533 3
533 870
534 426
534 175
534 9
534 688
535 473
535 46
535 477
535 610
536 20
536 32
536 228
536 570
537 3
537 81
537 373
537 716
538 220
538 77
538 215
539 467
539 271
539 142
540 5
540 74
540 224
540 732
541 531
541 161
541 126
541 919
542 367
542 0
542 269
543 189
543 26
543 3
543 902
544 121
544 85
544 44
544 981
545 100
545 483
545 283
545 820
546 137
546 281
546 294
547 443
547 83
547 14
548 0
548 3
548 441
548 666
549 38
549 0
549 36
549 611
550 99
550 478
550 216
550 588
551 131
551 291
551 68
551 662
552 299
552 419
552 106
552 716
553 430
553 311
553 293
553 942
554 501
554 188
554 0
554 892
555 384
555 195
555 290
556 264
556 306
556 59
556 601
557 190
557 478
557 400
557 562
558 27
558 218
558 213
559 315
559 142
559 88
560 227
560 142
560 24
560 626
561 393
561 244
561 64
562 522
562 557
562 9
562 592
563 432
563 40
563 21
563 877
564 142
564 381
564 149
564 597
565 511
565 75
565 127
566 190
566 396
566 77
566 700
567 437
567 123
567 87
567 606
568 9
568 2
568 51
568 584
569 65
569 1
569 347
569 636
570 393
570 536
570 84
570 635
571 472
571 384
571 272
571 666
572 106
572 116
572 370
572 643
573 189
573 46
573 107
573 755
574 302
574 477
574 122
574 963
575 184
575 340
575 81
576 165
576 131
576 296
577 226
577 343
577 30
578 142
578 138
578 63
578 609
579 71
579 331
579 52
580 23
580 412
580 331
581 78
581 246
581 83
581 583
582 6
582 363
582 245
583 581
583 460
583 119
583 649
584 68
584 568
584 479
585 26
585 181
585 71
585 608
586 15
586 368
586 445
587 74
587 84
587 95
587 683
588 550
588 375
588 141
589 100
589 122
589 355
590 536
590 89
590 22
591 283
591 150
591 1
592 435
592 40
592 562
593 4
593 99
593 1
593 634
594 84
594 466
594 486
595 347
595 66
595 282
595 692
596 277
596 52
596 447
596 720
597 564
597 300
597 267
598 86
598 94
598 403
598 600
599 116
599 60
599 422
599 644
600 511
600 160
600 598
600 673
601 556
601 99
601 38
602 412
602 139
602 184
602 682
603 266
603 288
603 222
603 664
604 99
604 114
604 53
605 69
605 112
605 8
606 53
606 567
606 363
607 292
607 86
607 421
607 654
608 153
608 585
608 8
608 693
609 75
609 578
609 336
609 731
610 535
610 7
610 378
610 963
611 526
611 7
611 549
611 619
612 153
612 578
612 456
613 249
613 291
613 355
614 270
614 83
614 26
615 25
615 108
615 175
616 512
616 63
616 15
617 145
617 106
617 520
617 830
618 196
618 215
618 99
618 678
619 157
619 464
619 611
620 326
620 63
620 148
620 657
621 25
621 550
621 50
622 334
622 265
622 296
623 323
623 74
623 102
623 775
624 87
624 222
624 374
625 350
625 345
625 165
625 718
626 419
626 32
626 560
626 705
627 52
627 123
627 287
627 697
628 284
628 165
628 105
629 2
629 484
629 6
629 806
630 28
630 6
630 9
631 464
631 119
631 170
632 17
632 240
632 5
632 675
633 84
633 87
633 92
634 593
634 16
634 23
635 90
635 570
635 230
635 756
636 11
636 296
636 569
637 281
637 84
637 6
637 838
638 469
638 79
638 2
638 646
639 118
639 220
639 521
640 353
640 133
640 277
641 105
641 1
641 123
641 700
642 35
642 519
642 6
642 744
643 463
643 209
643 572
643 654
644 121
644 386
644 599
644 899
645 92
645 149
645 29
646 459
646 638
646 436
646 721
647 79
647 235
647 13
647 772
648 251
648 463
648 477
648 949
649 2
649 300
649 583
649 775
650 500
650 9
650 203
650 887
651 413
651 330
651 328
651 894
652 8
652 81
652 54
653 9
653 330
653 131
654 116
654 643
654 607
655 15
655 0
655 95
656 58
656 189
656 515
657 398
657 78
657 620
657 676
658 560
658 611
658 400
659 101
659 6
659 386
660 1
660 357
660 474
660 748
661 479
661 517
661 333
662 1
662 551
662 267
662 867
663 220
663 38
663 364
664 603
664 371
664 6
664 837
665 643
665 173
665 86
665 850
666 22
666 548
666 571
667 32
667 220
667 89
668 140
668 393
668 55
668 947
669 55
669 126
669 11
670 550
670 145
670 12
671 339
671 470
671 415
672 422
672 33
672 219
672 684
673 1
673 0
673 600
674 84
674 243
674 207
675 76
675 632
675 294
676 657
676 6
676 261
677 10
677 7
677 226
678 63
678 581
678 618
678 841
679 10
679 2
679 62
679 826
680 28
680 23
680 480
680 960
681 264
681 245
681 16
681 847
682 602
682 53
682 368
683 74
683 587
683 89
683 868
684 455
684 314
684 672
685 129
685 137
685 108
685 754
686 62
686 298
686 9
686 929
687 177
687 462
687 2
688 557
688 534
688 296
689 578
689 100
689 142
689 909
690 603
690 261
690 9
690 918
691 41
691 499
691 77
692 429
692 595
692 527
692 867
693 608
693 20
693 253
694 79
694 175
694 152
694 782
695 22
695 572
695 108
696 314
696 33
696 86
697 64
697 627
697 282
698 89
698 100
698 167
698 842
699 410
699 464
699 264
700 566
700 106
700 641
700 954
701 16
701 229
701 206
701 934
702 81
702 195
702 150
702 872
703 333
703 77
703 354
703 865
704 196
704 385
704 518
705 626
705 178
705 25
705 971
706 110
706 377
706 321
707 581
707 134
707 505
708 84
708 261
708 38
708 752
709 409
709 60
709 155
709 797
710 203
710 3
710 282
711 107
711 150
711 198
712 329
712 450
712 87
712 789
713 641
713 366
713 303
713 780
714 3
714 41
714 350
715 75
715 511
715 32
715 976
716 537
716 140
716 552
717 294
717 259
717 86
718 75
718 526
718 625
718 740
719 5
719 19
719 502
719 829
720 490
720 596
720 0
720 992
721 646
721 26
721 1
722 196
722 152
722 27
723 415
723 142
723 238
724 150
724 627
724 0
725 402
725 125
725 122
725 987
726 223
726 35
726 41
727 0
727 161
727 234
728 15
728 188
728 25
729 239
729 64
729 59
729 928
730 10
730 367
730 441
730 816
731 609
731 7
731 567
731 996
732 540
732 646
732 453
733 611
733 513
733 29
734 49
734 121
734 185
735 315
735 475
735 47
736 217
736 422
736 271
737 143
737 329
737 110
737 746
738 620
738 488
738 602
739 1
739 527
739 452
739 856
740 355
740 6
740 718
741 19
741 537
741 333
742 532
742 222
742 3
743 261
743 9
743 11
744 646
744 61
744 642
745 175
745 4
745 121
746 222
746 203
746 737
747 373
747 611
747 166
747 994
748 349
748 660
748 3
749 58
749 177
749 523
750 153
750 326
750 13
750 928
751 38
751 120
751 0
752 86
752 201
752 708
753 165
753 114
753 1
753 815
754 62
754 685
754 91
755 284
755 38
755 573
756 74
756 325
756 635
757 16
757 332
757 209
758 91
758 585
758 537
759 133
759 347
759 72
760 315
760 35
760 188
760 869
761 463
761 171
761 3
762 287
762 144
762 62
763 422
763 46
763 557
763 992
764 267
764 168
764 107
765 407
765 456
765 104
765 811
766 15
766 361
766 62
766 891
767 181
767 142
767 122
768 113
768 0
768 222
769 121
769 210
769 220
770 97
770 32
770 210
770 973
771 70
771 384
771 3
771 921
772 294
772 647
772 249
773 310
773 137
773 296
774 416
774 29
774 431
774 905
775 649
775 623
775 164
775 914
776 384
776 440
776 285
777 177
777 47
777 16
777 799
778 55
778 102
778 88
778 823
779 3
779 482
779 32
779 839
780 713
780 59
780 122
780 898
781 196
781 3
781 48
782 375
782 337
782 694
783 270
783 64
783 9
783 849
784 256
784 333
784 303
785 43
785 38
785 280
786 62
786 456
786 81
787 4
787 43
787 123
787 936
788 153
788 422
788 21
788 994
789 142
789 712
789 557
789 827
790 409
790 203
790 217
791 160
791 220
791 97
792 713
792 195
792 382
793 39
793 638
793 26
793 907
794 368
794 266
794 432
794 834
795 302
795 467
795 121
796 16
796 175
796 313
797 0
797 209
797 709
798 712
798 146
798 107
799 777
799 571
799 365
800 44
800 4
800 190
801 30
801 552
801 106
802 477
802 443
802 1
802 846
803 479
803 526
803 287
804 72
804 281
804 107
805 627
805 25
805 2
805 968
806 65
806 629
806 1
806 977
807 449
807 94
807 387
808 440
808 0
808 110
808 907
809 135
809 206
809 376
810 3
810 567
810 24
811 283
811 765
811 95
812 52
812 233
812 209
813 118
813 371
813 12
814 486
814 83
814 239
815 104
815 753
815 258
815 856
816 66
816 74
816 730
817 641
817 439
817 491
818 140
818 69
818 124
819 399
819 92
819 434
819 827
820 371
820 545
820 159
820 986
821 131
821 0
821 2
821 903
822 43
822 178
822 234
822 859
823 25
823 778
823 89
824 202
824 0
824 324
825 124
825 54
825 121
826 679
826 262
826 248
827 789
827 155
827 819
828 305
828 264
828 54
829 18
829 719
829 173
830 617
830 289
830 28
831 53
831 627
831 249
832 503
832 372
832 207
832 989
833 422
833 92
833 513
833 991
834 794
834 62
834 154
835 6
835 570
835 490
836 19
836 165
836 38
837 664
837 2
837 135
838 232
838 422
838 637
839 177
839 76
839 779
840 2
840 10
840 33
840 879
841 429
841 678
841 86
842 54
842 18
842 698
843 54
843 142
843 16
844 299
844 427
844 5
845 255
845 223
845 76
845 886
846 551
846 404
846 802
847 469
847 681
847 21
848 3
848 43
848 598
849 783
849 472
849 279
849 905
850 128
850 216
850 665
851 195
851 213
851 19
851 993
852 33
852 350
852 87
852 885
853 90
853 1
853 0
853 865
854 1
854 248
854 5
855 492
855 587
855 31
855 893
856 739
856 815
856 72
857 323
857 225
857 161
858 518
858 292
858 20
859 283
859 119
859 822
860 349
860 694
860 408
861 209
861 304
861 77
862 9
862 179
862 15
863 253
863 122
863 220
864 18
864 1
864 26
865 703
865 853
865 46
866 444
866 54
866 50
867 236
867 662
867 692
868 683
868 479
868 147
869 227
869 760
869 33
869 962
870 533
870 349
870 52
871 552
871 4
871 549
872 440
872 702
872 377
872 895
873 523
873 196
873 50
874 2
874 342
874 564
875 50
875 444
875 2
875 913
876 183
876 432
876 192
877 33
877 25
877 563
877 916
878 102
878 61
878 199
879 535
879 476
879 840
880 404
880 0
880 678
881 407
881 306
881 46
882 66
882 30
882 4
883 76
883 106
883 324
884 482
884 189
884 473
885 262
885 140
885 852
886 845
886 220
886 6
887 650
887 549
887 570
888 10
888 502
888 267
889 449
889 306
889 74
890 54
890 107
890 268
890 896
891 158
891 766
891 142
891 922
892 41
892 554
892 304
892 996
893 855
893 37
893 93
894 472
894 651
894 520
895 872
895 7
895 440
896 6
896 12
896 890
897 54
897 629
897 48
898 251
898 780
898 155
899 608
899 644
899 312
900 3
900 598
900 139
901 460
901 81
901 117
901 976
902 282
902 368
902 543
902 964
903 21
903 821
903 173
904 293
904 127
904 455
905 774
905 849
905 183
905 973
906 215
906 155
906 821
907 808
907 569
907 793
908 514
908 289
908 447
909 689
909 316
909 183
910 112
910 57
910 224
911 235
911 220
911 643
912 67
912 437
912 287
913 875
913 412
913 1
914 59
914 566
914 775
915 325
915 418
915 249
916 877
916 203
916 256
917 14
917 195
917 264
918 60
918 3
918 690
919 217
919 541
919 502
920 552
920 2
920 532
921 64
921 377
921 771
922 303
922 99
922 891
923 306
923 258
923 33
924 61
924 206
924 287
925 236
925 486
925 120
926 632
926 19
926 33
927 774
927 664
927 0
928 750
928 729
928 3
929 77
929 692
929 686
930 0
930 356
930 19
930 960
931 367
931 330
931 514
932 50
932 172
932 113
933 570
933 129
933 175
934 72
934 239
934 701
935 41
935 291
935 59
936 712
936 603
936 787
936 945
937 6
937 55
937 9
938 304
938 281
938 137
939 239
939 34
939 444
940 537
940 32
940 258
941 103
941 38
941 88
942 168
942 29
942 553
943 787
943 386
943 271
944 476
944 3
944 528
945 936
945 25
945 180
946 599
946 432
946 127
947 524
947 3
947 668
948 41
948 503
948 290
949 439
949 648
949 396
950 230
950 551
950 87
951 342
951 442
951 343
952 1
952 19
952 350
953 342
953 161
953 6
954 13
954 389
954 700
955 54
955 140
955 620
956 213
956 60
956 685
957 13
957 264
957 258
958 29
958 196
958 18
959 170
959 13
959 490
960 930
960 2
960 680
961 178
961 511
961 359
962 869
962 142
962 9
963 610
963 574
963 794
964 902
964 554
964 101
965 442
965 502
965 267
965 967
966 56
966 1
966 253
967 965
967 296
967 3
968 87
968 805
968 557
969 123
969 701
969 300
970 10
970 416
970 267
971 274
971 149
971 705
972 583
972 339
972 37
973 905
973 770
973 6
974 77
974 81
974 102
975 4
975 434
975 95
976 901
976 11
976 715
977 22
977 447
977 806
978 18
978 220
978 21
979 173
979 11
979 648
980 106
980 806
980 84
981 404
981 544
981 350
982 472
982 155
982 396
983 567
983 553
983 448
984 664
984 372
984 69
985 279
985 544
985 74
986 62
986 820
986 71
987 725
987 532
987 789
988 294
988 324
988 125
989 302
989 832
989 819
990 0
990 454
990 271
991 244
991 4
991 833
992 305
992 720
992 763
993 851
993 117
993 221
994 788
994 747
994 6
995 849
995 2
995 84
996 731
996 892
996 544
997 28
997 459
997 218
998 95
998 808
998 793
999 377
999 154
999 0
