1 0
2 0
2 1
3 2
3 0
3 1
4 1
4 0
4 2
5 2
5 1
5 0
6 2
6 0
6 1
7 4
7 3
7 6
8 0
8 4
8 3
9 2
9 0
9 6
10 6
10 2
10 7
11 7
11 1
11 4
12 6
12 0
12 4
13 7
13 3
13 0
14 0
14 12
14 1
15 0
15 13
15 10
16 15
16 13
16 11
17 3
17 0
17 15
18 16
18 6
18 11
19 13
19 2
19 12
20 9
20 8
20 0
21 2
21 7
21 12
22 10
22 2
22 9
23 1
23 0
23 20
24 5
24 4
24 3
25 0
25 16
25 2
26 8
26 0
26 16
27 1
27 2
27 19
28 11
28 5
28 14
29 15
29 3
29 12
30 0
30 6
30 1
31 7
31 16
31 1
32 15
32 2
32 27
33 4
33 8
33 2
34 15
34 32
34 9
35 6
35 7
35 0
36 17
36 0
36 25
37 18
37 21
37 4
38 36
38 4
38 37
39 31
39 3
39 0
40 1
40 17
40 20
41 7
41 4
41 5
42 24
42 12
42 28
43 23
43 41
43 42
44 38
44 6
44 16
45 1
45 2
45 15
46 30
46 33
46 34
47 9
47 14
47 22
48 7
48 32
48 6
49 0
49 10
49 7
50 34
50 22
50 13
51 43
51 14
51 42
52 10
52 4
52 1
53 0
53 11
53 33
54 10
54 2
54 15
55 4
55 34
55 51
56 31
56 43
56 19
57 20
57 3
57 4
58 43
58 12
58 7
59 7
59 49
59 15
60 31
60 4
60 52
61 41
61 37
61 10
62 8
62 15
62 0
63 14
63 0
63 56
64 0
64 31
64 52
65 51
65 2
65 12
66 35
66 3
66 5
67 1
67 40
67 2
68 24
68 39
68 7
69 51
69 6
69 30
70 10
70 54
70 3
71 21
71 67
71 61
72 19
72 57
72 68
73 59
73 41
73 54
74 4
74 8
74 25
75 13
75 28
75 44
76 43
76 26
76 1
77 15
77 4
77 10
78 6
78 32
78 4
79 4
79 7
79 15
80 4
80 69
80 3
81 59
81 28
81 76
82 68
82 0
82 21
83 4
83 6
83 7
84 43
84 0
84 35
85 7
85 34
85 43
86 15
86 84
86 12
87 21
87 15
87 30
88 21
88 32
88 0
89 0
89 29
89 1
90 0
90 15
90 7
91 22
91 21
91 27
92 0
92 81
92 83
93 51
93 10
93 32
94 82
94 21
94 1
95 76
95 0
95 48
96 22
96 14
96 11
97 7
97 23
97 5
98 2
98 49
98 86
99 0
99 69
99 4
