0 1
1 0
2 0
2 1
3 1
3 0
3 2
4 2
4 0
4 3
5 3
5 1
5 0
6 0
6 1
6 5
7 0
7 3
7 2
8 1
8 3
8 0
9 8
9 1
9 7
10 0
10 8
10 4
11 3
11 1
11 7
12 1
12 7
12 11
13 0
13 3
13 11
14 9
14 5
14 4
15 0
15 2
15 7
16 1
16 7
16 5
17 1
17 9
17 11
18 3
18 6
18 1
19 11
19 7
19 15
20 7
20 15
20 0
21 0
21 1
21 5
22 6
22 11
22 3
23 4
23 1
23 3
24 2
24 1
24 9
25 11
25 1
25 16
26 3
26 14
26 7
27 1
27 2
27 12
28 1
28 3
28 11
29 7
29 18
29 14
30 3
30 5
30 1
31 26
31 14
31 3
32 31
32 11
32 7
33 30
33 16
33 24
34 30
34 23
34 11
35 22
35 1
35 30
36 0
36 26
36 23
37 16
37 1
37 31
38 31
38 37
38 11
39 5
39 27
39 9
40 38
40 36
40 18
41 40
41 9
41 2
42 7
42 8
42 1
43 13
43 2
43 4
44 0
44 2
44 10
45 2
45 24
45 16
46 14
46 1
46 12
47 10
47 3
47 2
48 19
48 21
48 16
49 32
49 0
49 24
50 25
50 37
50 30
51 23
51 7
51 24
52 15
52 50
52 42
53 4
53 24
53 1
54 25
54 44
54 1
55 2
55 9
55 10
56 25
56 3
56 11
57 8
57 41
57 24
58 9
58 45
58 42
59 1
59 56
59 3
60 42
60 12
60 7
61 38
61 30
61 22
62 1
62 31
62 0
63 25
63 0
63 12
64 63
64 6
64 8
65 2
65 30
65 33
66 64
66 31
66 15
67 2
67 16
67 58
68 14
68 54
68 5
69 4
69 2
69 35
70 5
70 37
70 11
71 8
71 20
71 1
72 3
72 0
72 41
73 32
73 4
73 10
74 50
74 5
74 58
75 30
75 27
75 60
76 7
76 1
76 26
77 11
77 24
77 57
78 17
78 49
78 5
79 8
79 3
79 1
80 9
80 12
80 30
81 63
81 1
81 68
82 4
82 11
82 24
83 26
83 2
83 80
84 9
84 16
84 30
85 38
85 24
85 42
86 16
86 68
86 63
87 8
87 37
87 78
88 59
88 84
88 1
89 53
89 9
89 23
90 39
90 16
90 4
91 46
91 1
91 28
92 74
92 14
92 63
93 11
93 46
93 1
94 5
94 20
94 8
95 54
95 62
95 26
96 2
96 67
96 12
97 4
97 7
97 15
98 6
98 55
98 34
99 1
99 24
99 83
