0 1
1 0
2 1
2 0
3 0
3 2
3 1
4 0
4 1
4 2
5 0
5 4
5 2
6 5
6 3
6 1
7 4
7 0
7 6
8 1
8 2
8 4
9 3
9 1
9 0
10 1
10 0
10 8
11 0
11 1
11 6
12 10
12 0
12 8
13 4
13 1
13 0
14 0
14 8
14 1
15 4
15 10
15 8
16 12
16 10
16 14
17 12
17 8
17 0
18 3
18 8
18 2
19 4
19 1
19 2
20 1
20 10
20 4
21 16
21 0
21 20
22 6
22 1
22 15
23 0
23 1
23 6
24 4
24 0
24 22
25 0
25 4
25 10
26 9
26 7
26 24
27 2
27 8
27 23
28 21
28 15
28 1
29 28
29 4
29 12
30 24
30 1
30 9
31 1
31 22
31 20
32 1
32 8
32 4
33 30
33 13
33 11
34 15
34 10
34 17
35 25
35 3
35 31
36 27
36 16
36 0
37 24
37 11
37 0
38 24
38 14
38 0
39 34
39 9
39 20
40 19
40 16
40 13
41 11
41 8
41 12
42 11
42 0
42 8
43 23
43 20
43 0
44 7
44 4
44 2
45 7
45 0
45 35
46 24
46 29
46 22
47 12
47 13
47 24
48 9
48 0
48 29
49 33
49 19
49 28
