0 1
1 0
2 0
2 1
3 0
3 2
3 1
4 0
4 2
4 1
5 0
5 1
5 2
6 1
6 2
6 4
7 2
7 1
7 0
8 0
8 7
8 2
9 4
9 2
9 0
10 2
10 0
10 9
11 0
11 4
11 1
12 2
12 4
12 0
13 0
13 2
13 1
14 4
14 0
14 1
15 1
15 13
15 4
16 1
16 0
16 10
17 6
17 4
17 15
18 4
18 0
18 1
19 11
19 1
19 16
20 4
20 0
20 5
21 4
21 1
21 6
22 5
22 0
22 16
23 8
23 10
23 9
24 2
24 0
24 5
25 23
25 1
25 0
26 10
26 4
26 18
27 4
27 0
27 22
28 25
28 11
28 21
29 5
29 2
29 0
30 4
30 25
30 2
31 7
31 11
31 2
32 27
32 2
32 18
33 31
33 7
33 11
34 23
34 26
34 4
35 0
35 26
35 19
36 14
36 33
36 0
37 27
37 26
37 1
38 25
38 1
38 29
39 1
39 0
39 12
40 8
40 14
40 4
41 4
41 0
41 23
42 10
42 39
42 30
43 4
43 31
43 0
44 36
44 3
44 24
45 1
45 11
45 41
46 12
46 0
46 7
47 23
47 27
47 28
48 39
48 1
48 42
49 43
49 16
49 13
50 1
50 3
50 46
51 0
51 12
51 13
52 50
52 22
52 2
53 36
53 2
53 4
54 7
54 44
54 15
55 44
55 0
55 24
56 45
56 39
56 35
57 12
57 28
57 0
58 10
58 0
58 38
59 25
59 46
59 2
60 51
60 12
60 6
61 32
61 18
61 43
62 46
62 51
62 30
63 12
63 7
63 43
64 41
64 28
64 0
65 26
65 64
65 56
66 0
66 22
66 15
67 5
67 29
67 31
68 30
68 7
68 15
69 58
69 2
69 1
70 0
70 61
70 3
71 7
71 66
71 22
72 11
72 12
72 33
73 70
73 38
73 3
74 48
74 73
74 9
75 25
75 12
75 56
76 19
76 61
76 60
77 5
77 55
77 0
78 21
78 46
78 39
79 0
79 1
79 46
80 0
80 46
80 28
81 53
81 0
81 46
82 60
82 5
82 31
83 22
83 73
83 4
84 4
84 35
84 83
85 1
85 27
85 24
86 4
86 42
86 3
87 59
87 3
87 4
88 37
88 63
88 35
89 1
89 23
89 4
90 63
90 72
90 89
91 10
91 82
91 83
92 0
92 76
92 16
93 54
93 1
93 23
94 92
94 34
94 57
95 73
95 75
95 70
96 83
96 33
96 62
97 66
97 7
97 3
98 62
98 41
98 1
99 19
99 39
99 41
100 33
100 89
100 98
101 28
101 0
101 54
102 7
102 71
102 31
103 28
103 1
103 76
104 16
104 74
104 23
105 2
105 28
105 83
106 7
106 12
106 63
107 48
107 16
107 67
108 38
108 44
108 45
109 2
109 4
109 5
110 2
110 63
110 32
111 109
111 39
111 10
112 39
112 48
112 23
113 63
113 26
113 24
114 15
114 14
114 8
115 18
115 62
115 5
116 114
116 23
116 7
117 28
117 36
117 21
118 41
118 106
118 29
119 115
119 92
119 25
120 72
120 23
120 71
121 48
121 83
121 71
122 15
122 14
122 1
123 31
123 22
123 36
124 0
124 100
124 22
125 1
125 39
125 81
126 0
126 39
126 80
127 30
127 81
127 26
128 30
128 24
128 35
129 42
129 92
129 0
130 8
130 14
130 5
131 46
131 1
131 29
132 49
132 0
132 84
133 79
133 0
133 51
134 84
134 1
134 39
135 12
135 46
135 32
136 10
136 103
136 96
137 44
137 129
137 10
138 16
138 0
138 80
139 22
139 63
139 114
140 91
140 81
140 67
141 91
141 6
141 0
142 74
142 1
142 2
143 56
143 10
143 101
144 128
144 46
144 33
145 41
145 5
145 88
146 28
146 79
146 1
147 12
147 94
147 31
148 39
148 25
148 26
149 66
149 18
149 45
150 52
150 128
150 16
151 27
151 0
151 142
152 13
152 1
152 11
153 1
153 2
153 4
154 53
154 71
154 29
155 23
155 129
155 0
156 0
156 12
156 34
157 75
157 59
157 19
158 60
158 45
158 94
159 84
159 19
159 22
160 117
160 152
160 40
161 33
161 23
161 79
162 24
162 12
162 136
163 115
163 73
163 72
164 82
164 115
164 111
165 0
165 31
165 133
166 16
166 4
166 117
167 30
167 39
167 28
168 18
168 1
168 28
169 63
169 7
169 68
170 7
170 21
170 58
171 0
171 76
171 77
172 23
172 34
172 111
173 27
173 76
173 136
174 109
174 32
174 0
175 66
175 170
175 126
176 135
176 0
176 170
177 28
177 106
177 125
178 113
178 62
178 4
179 87
179 68
179 17
180 1
180 118
180 111
181 81
181 50
181 21
182 8
182 61
182 35
183 89
183 1
183 17
184 113
184 68
184 7
185 173
185 39
185 153
186 56
186 50
186 67
187 2
187 0
187 81
188 0
188 81
188 25
189 0
189 64
189 34
190 30
190 23
190 162
191 115
191 1
191 83
192 0
192 1
192 40
193 9
193 135
193 0
194 10
194 128
194 42
195 12
195 11
195 84
196 23
196 107
196 96
197 104
197 2
197 87
198 26
198 49
198 30
199 184
199 120
199 10
200 28
200 0
200 117
201 0
201 168
201 126
202 85
202 181
202 189
203 41
203 35
203 30
204 39
204 12
204 73
205 111
205 73
205 25
206 122
206 18
206 17
207 37
207 33
207 125
208 89
208 66
208 16
209 23
209 7
209 79
210 42
210 22
210 82
211 0
211 29
211 38
212 107
212 151
212 1
213 143
213 173
213 23
214 28
214 41
214 121
215 33
215 18
215 55
216 74
216 11
216 26
217 0
217 14
217 23
218 0
218 4
218 48
219 57
219 73
219 81
220 13
220 24
220 26
221 33
221 31
221 28
222 164
222 77
222 35
223 40
223 63
223 33
224 82
224 34
224 149
225 112
225 17
225 88
226 134
226 19
226 178
227 152
227 2
227 4
228 220
228 118
228 43
229 21
229 106
229 22
230 7
230 222
230 36
231 13
231 12
231 33
232 1
232 11
232 97
233 37
233 1
233 11
234 63
234 59
234 13
235 198
235 82
235 149
236 83
236 135
236 18
237 110
237 115
237 227
238 15
238 175
238 35
239 56
239 10
239 77
240 131
240 198
240 0
241 128
241 35
241 25
242 18
242 25
242 31
243 13
243 173
243 184
244 120
244 91
244 164
245 97
245 191
245 15
246 130
246 7
246 89
247 103
247 34
247 96
248 0
248 3
248 96
249 4
249 60
249 18
250 81
250 7
250 173
251 116
251 7
251 30
252 60
252 131
252 1
253 157
253 19
253 82
254 110
254 62
254 200
255 4
255 134
255 1
256 113
256 126
256 92
257 1
257 66
257 30
258 30
258 2
258 149
259 50
259 238
259 194
260 219
260 189
260 103
261 217
261 49
261 58
262 0
262 11
262 121
263 109
263 205
263 113
264 191
264 0
264 204
265 228
265 0
265 1
266 145
266 99
266 138
267 126
267 229
267 49
268 4
268 26
268 114
269 117
269 35
269 214
270 50
270 82
270 164
271 117
271 161
271 122
272 115
272 207
272 262
273 173
273 30
273 44
274 141
274 244
274 33
275 251
275 97
275 72
276 65
276 133
276 126
277 130
277 51
277 5
278 160
278 82
278 34
279 28
279 203
279 2
280 268
280 23
280 21
281 100
281 109
281 250
282 210
282 117
282 251
283 141
283 71
283 26
284 29
284 3
284 1
285 65
285 42
285 16
286 172
286 4
286 126
287 96
287 113
287 89
288 74
288 77
288 110
289 207
289 173
289 2
290 209
290 19
290 106
291 120
291 3
291 23
292 50
292 200
292 128
293 28
293 30
293 276
294 29
294 73
294 12
295 216
295 62
295 179
296 22
296 234
296 81
297 240
297 76
297 50
298 1
298 261
298 224
299 150
299 4
299 135
300 15
300 74
300 291
301 15
301 60
301 134
302 38
302 259
302 130
303 50
303 178
303 15
304 7
304 26
304 50
305 2
305 6
305 134
306 25
306 142
306 15
307 287
307 8
307 142
308 195
308 29
308 247
309 259
309 46
309 82
310 306
310 64
310 14
311 39
311 144
311 33
312 233
312 2
312 22
313 89
313 1
313 135
314 247
314 3
314 39
315 44
315 41
315 7
316 80
316 9
316 142
317 278
317 233
317 4
318 284
318 108
318 13
319 12
319 53
319 23
320 233
320 288
320 21
321 184
321 33
321 315
322 33
322 133
322 16
323 28
323 2
323 5
324 233
324 6
324 27
325 245
325 2
325 129
326 4
326 30
326 9
327 284
327 128
327 141
328 163
328 9
328 173
329 118
329 82
329 294
330 126
330 41
330 26
331 98
331 154
331 33
332 276
332 13
332 229
333 324
333 25
333 12
334 294
334 199
334 11
335 116
335 88
335 209
336 3
336 205
336 85
337 89
337 34
337 0
338 214
338 258
338 4
339 4
339 187
339 115
340 5
340 71
340 4
341 270
341 50
341 1
342 222
342 0
342 60
343 323
343 120
343 275
344 1
344 325
344 12
345 189
345 259
345 1
346 0
346 61
346 96
347 63
347 4
347 42
348 96
348 26
348 215
349 2
349 94
349 1
350 1
350 9
350 204
351 28
351 327
351 133
352 42
352 50
352 8
353 1
353 46
353 24
354 115
354 83
354 255
355 159
355 65
355 77
356 109
356 125
356 117
357 12
357 51
357 23
358 31
358 337
358 3
359 351
359 128
359 335
360 154
360 125
360 0
361 193
361 276
361 1
362 297
362 21
362 187
363 1
363 151
363 203
364 274
364 294
364 2
365 149
365 22
365 322
366 0
366 204
366 30
367 69
367 163
367 4
368 172
368 244
368 44
369 44
369 1
369 265
370 5
370 7
370 38
371 113
371 0
371 10
372 345
372 36
372 29
373 7
373 314
373 294
374 60
374 187
374 261
375 60
375 133
375 163
376 30
376 11
376 160
377 0
377 22
377 29
378 113
378 87
378 39
379 285
379 104
379 295
380 82
380 7
380 0
381 62
381 312
381 231
382 207
382 42
382 16
383 310
383 26
383 3
384 283
384 89
384 13
385 4
385 103
385 197
386 4
386 7
386 227
387 256
387 91
387 24
388 117
388 335
388 75
389 18
389 131
389 13
390 16
390 113
390 2
391 201
391 24
391 2
392 298
392 128
392 378
393 156
393 28
393 25
394 28
394 42
394 22
395 22
395 1
395 128
396 3
396 31
396 5
397 15
397 189
397 63
398 81
398 225
398 155
399 14
399 199
399 21
400 5
400 164
400 46
401 199
401 31
401 2
402 396
402 153
402 99
403 111
403 294
403 131
404 58
404 109
404 333
405 74
405 28
405 1
406 12
406 325
406 46
407 10
407 288
407 46
408 10
408 71
408 51
409 2
409 173
409 34
410 301
410 15
410 291
411 264
411 126
411 305
412 9
412 409
412 31
413 30
413 265
413 143
414 113
414 53
414 245
415 243
415 34
415 48
416 314
416 93
416 86
417 151
417 4
417 10
418 36
418 42
418 377
419 51
419 25
419 15
420 221
420 150
420 48
421 167
421 4
421 40
422 14
422 187
422 383
423 12
423 145
423 89
424 74
424 78
424 226
425 2
425 206
425 1
426 263
426 63
426 131
427 406
427 147
427 243
428 79
428 325
428 25
429 203
429 0
429 304
430 10
430 130
430 250
431 4
431 82
431 31
432 327
432 0
432 133
433 41
433 4
433 164
434 84
434 317
434 112
435 248
435 4
435 228
436 60
436 66
436 227
437 10
437 63
437 50
438 24
438 120
438 390
439 0
439 374
439 157
440 12
440 163
440 276
441 167
441 337
441 335
442 0
442 401
442 21
443 152
443 6
443 240
444 50
444 4
444 272
445 251
445 295
445 383
446 0
446 105
446 68
447 28
447 107
447 22
448 325
448 16
448 4
449 285
449 2
449 239
450 46
450 63
450 17
451 258
451 22
451 43
452 10
452 82
452 272
453 128
453 264
453 10
454 0
454 196
454 264
455 25
455 0
455 26
456 188
456 101
456 16
457 416
457 391
457 46
458 330
458 22
458 72
459 56
459 30
459 245
460 327
460 267
460 346
461 26
461 171
461 1
462 99
462 3
462 7
463 129
463 274
463 196
464 358
464 263
464 74
465 164
465 218
465 111
466 448
466 274
466 121
467 349
467 121
467 63
468 12
468 233
468 340
469 15
469 320
469 130
470 189
470 22
470 108
471 10
471 171
471 132
472 45
472 307
472 181
473 230
473 30
473 12
474 14
474 204
474 81
475 2
475 136
475 113
476 130
476 344
476 83
477 3
477 340
477 354
478 346
478 9
478 29
479 259
479 121
479 261
480 22
480 192
480 429
481 56
481 456
481 129
482 42
482 191
482 39
483 26
483 1
483 463
484 105
484 193
484 48
485 30
485 4
485 246
486 124
486 30
486 324
487 114
487 2
487 419
488 90
488 26
488 181
489 175
489 87
489 283
490 78
490 31
490 218
491 405
491 6
491 336
492 7
492 31
492 2
493 17
493 354
493 18
494 105
494 159
494 50
495 7
495 45
495 2
496 307
496 392
496 445
497 201
497 91
497 250
498 284
498 2
498 247
499 109
499 240
499 1
500 116
500 11
500 12
501 497
501 62
501 340
502 267
502 59
502 42
503 26
503 455
503 60
504 168
504 59
504 353
505 80
505 370
505 1
506 157
506 202
506 99
507 125
507 285
507 42
508 69
508 126
508 51
509 94
509 80
509 13
510 41
510 46
510 506
511 185
511 434
511 363
512 8
512 453
512 314
513 89
513 17
513 21
514 332
514 311
514 263
515 42
515 155
515 79
516 4
516 26
516 8
517 392
517 1
517 7
518 83
518 82
518 39
519 0
519 132
519 257
520 208
520 238
520 329
521 48
521 123
521 3
522 442
522 291
522 167
523 420
523 175
523 40
524 108
524 458
524 172
525 490
525 215
525 83
526 49
526 86
526 75
527 245
527 26
527 506
528 18
528 88
528 19
529 121
529 36
529 324
530 36
530 493
530 26
531 315
531 446
531 19
532 74
532 4
532 278
533 503
533 121
533 14
534 10
534 49
534 181
535 33
535 50
535 234
536 227
536 209
536 471
537 207
537 130
537 237
538 113
538 73
538 463
539 259
539 377
539 380
540 62
540 4
540 7
541 515
541 172
541 349
542 89
542 333
542 29
543 363
543 4
543 274
544 115
544 494
544 141
545 96
545 222
545 353
546 409
546 1
546 112
547 538
547 501
547 283
548 341
548 12
548 48
549 106
549 82
549 81
550 28
550 493
550 162
551 115
551 358
551 53
552 43
552 218
552 113
553 50
553 515
553 186
554 17
554 36
554 46
555 75
555 60
555 83
556 0
556 103
556 119
557 0
557 29
557 396
558 291
558 215
558 281
559 0
559 26
559 110
560 0
560 4
560 440
561 1
561 357
561 4
562 115
562 5
562 534
563 113
563 318
563 40
564 339
564 462
564 207
565 22
565 128
565 0
566 167
566 40
566 159
567 452
567 432
567 21
568 148
568 478
568 163
569 545
569 96
569 287
570 133
570 25
570 82
571 4
571 394
571 68
572 259
572 22
572 121
573 300
573 7
573 85
574 4
574 461
574 68
575 267
575 463
575 496
576 259
576 482
576 117
577 264
577 420
577 274
578 19
578 8
578 51
579 534
579 178
579 0
580 382
580 318
580 477
581 243
581 83
581 575
582 94
582 567
582 217
583 346
583 73
583 468
584 324
584 417
584 443
585 133
585 311
585 112
586 410
586 33
586 77
587 481
587 550
587 316
588 1
588 66
588 486
589 60
589 30
589 207
590 325
590 196
590 63
591 131
591 4
591 521
592 1
592 288
592 510
593 40
593 268
593 463
594 408
594 11
594 1
595 84
595 348
595 347
596 8
596 439
596 0
597 532
597 317
597 10
598 121
598 68
598 45
599 406
599 23
599 47
600 259
600 291
600 77
601 318
601 199
601 29
602 476
602 184
602 445
603 255
603 197
603 152
604 430
604 39
604 227
605 561
605 572
605 118
606 142
606 384
606 330
607 221
607 80
607 543
608 76
608 58
608 198
609 391
609 556
609 262
610 248
610 597
610 109
611 45
611 181
611 60
612 401
612 96
612 118
613 193
613 208
613 0
614 0
614 232
614 187
615 259
615 41
615 160
616 405
616 218
616 406
617 298
617 0
617 241
618 39
618 288
618 495
619 448
619 618
619 351
620 436
620 354
620 298
621 168
621 23
621 38
622 366
622 51
622 538
623 5
623 18
623 257
624 232
624 179
624 432
625 39
625 133
625 49
626 31
626 513
626 83
627 245
627 39
627 519
628 50
628 324
628 23
629 63
629 49
629 28
630 376
630 68
630 120
631 324
631 0
631 487
632 11
632 392
632 189
633 514
633 30
633 468
634 40
634 1
634 194
635 198
635 49
635 203
636 56
636 280
636 39
637 520
637 273
637 116
638 196
638 596
638 539
639 46
639 490
639 7
640 579
640 391
640 24
641 614
641 23
641 1
642 38
642 110
642 365
643 136
643 216
643 417
644 160
644 62
644 30
645 224
645 98
645 26
646 401
646 440
646 164
647 373
647 550
647 309
648 382
648 98
648 473
649 123
649 238
649 189
650 30
650 15
650 189
651 7
651 63
651 315
652 140
652 303
652 146
653 347
653 57
653 100
654 1
654 13
654 135
655 26
655 101
655 22
656 494
656 26
656 1
657 216
657 388
657 12
658 179
658 152
658 166
659 14
659 0
659 134
660 116
660 39
660 348
661 82
661 325
661 18
662 1
662 261
662 29
663 0
663 37
663 544
664 459
664 63
664 113
665 445
665 154
665 441
666 532
666 1
666 0
667 2
667 48
667 0
668 31
668 144
668 357
669 89
669 495
669 312
670 224
670 77
670 347
671 577
671 115
671 635
672 362
672 0
672 1
673 17
673 133
673 1
674 117
674 542
674 561
675 555
675 226
675 38
676 234
676 374
676 90
677 19
677 0
677 430
678 2
678 83
678 26
679 96
679 262
679 23
680 498
680 31
680 24
681 327
681 46
681 207
682 107
682 22
682 28
683 495
683 23
683 5
684 39
684 2
684 456
685 20
685 168
685 11
686 149
686 37
686 172
687 31
687 638
687 625
688 202
688 23
688 136
689 38
689 7
689 482
690 0
690 30
690 582
691 109
691 225
691 134
692 207
692 157
692 38
693 277
693 0
693 409
694 2
694 292
694 117
695 135
695 229
695 616
696 646
696 43
696 49
697 4
697 65
697 63
698 386
698 307
698 424
699 2
699 298
699 44
700 0
700 389
700 30
701 81
701 363
701 312
702 119
702 468
702 11
703 82
703 332
703 43
704 608
704 557
704 256
705 337
705 595
705 35
706 380
706 0
706 505
707 306
707 103
707 624
708 2
708 534
708 213
709 4
709 404
709 119
710 80
710 431
710 263
711 357
711 374
711 63
712 39
712 92
712 172
713 21
713 26
713 28
714 675
714 97
714 13
715 216
715 362
715 656
716 613
716 376
716 56
717 259
717 39
717 2
718 136
718 178
718 117
719 409
719 42
719 324
720 281
720 588
720 39
721 661
721 4
721 52
722 85
722 243
722 588
723 0
723 385
723 106
724 714
724 150
724 225
725 65
725 607
725 11
726 89
726 16
726 588
727 138
727 21
727 288
728 63
728 38
728 108
729 352
729 76
729 330
730 130
730 618
730 128
731 666
731 23
731 128
732 4
732 199
732 26
733 48
733 43
733 11
734 0
734 703
734 120
735 484
735 695
735 212
736 324
736 50
736 0
737 367
737 173
737 237
738 193
738 584
738 141
739 50
739 242
739 231
740 66
740 187
740 171
741 121
741 58
741 266
742 294
742 32
742 96
743 0
743 23
743 133
744 742
744 278
744 56
745 9
745 83
745 573
746 69
746 578
746 170
747 1
747 51
747 12
748 673
748 68
748 198
749 570
749 152
749 288
750 1
750 86
750 318
751 500
751 5
751 29
752 96
752 223
752 569
753 423
753 28
753 732
754 388
754 401
754 189
755 669
755 243
755 581
756 406
756 540
756 229
757 684
757 738
757 25
758 487
758 499
758 323
759 66
759 394
759 277
760 84
760 73
760 126
761 187
761 145
761 709
762 97
762 173
762 146
763 25
763 268
763 9
764 734
764 43
764 15
765 617
765 113
765 0
766 277
766 0
766 24
767 153
767 1
767 292
768 73
768 448
768 209
769 457
769 166
769 705
770 154
770 71
770 31
771 53
771 219
771 735
772 633
772 677
772 333
773 46
773 524
773 572
774 649
774 384
774 160
775 315
775 206
775 558
776 774
776 11
776 157
777 411
777 19
777 81
778 303
778 130
778 0
779 603
779 3
779 215
780 273
780 192
780 0
781 170
781 4
781 21
782 228
782 33
782 126
783 630
783 80
783 485
784 35
784 579
784 410
785 53
785 203
785 131
786 15
786 9
786 51
787 643
787 684
787 437
788 1
788 787
788 84
789 526
789 82
789 106
790 0
790 42
790 259
791 379
791 270
791 563
792 381
792 596
792 28
793 59
793 72
793 317
794 559
794 752
794 51
795 248
795 22
795 735
796 33
796 429
796 144
797 7
797 30
797 178
798 82
798 42
798 3
799 5
799 597
799 39
800 380
800 138
800 4
801 568
801 561
801 620
802 2
802 193
802 39
803 335
803 60
803 0
804 83
804 126
804 217
805 0
805 136
805 538
806 4
806 0
806 439
807 488
807 34
807 211
808 89
808 727
808 405
809 453
809 42
809 31
810 18
810 316
810 53
811 36
811 103
811 255
812 95
812 791
812 603
813 113
813 246
813 2
814 109
814 0
814 117
815 563
815 9
815 62
816 687
816 40
816 272
817 286
817 204
817 0
818 42
818 34
818 4
819 587
819 53
819 357
820 75
820 187
820 27
821 151
821 3
821 228
822 39
822 449
822 4
823 243
823 48
823 771
824 761
824 79
824 135
825 463
825 68
825 260
826 271
826 11
826 205
827 508
827 234
827 248
828 65
828 107
828 585
829 36
829 268
829 31
830 2
830 196
830 229
831 56
831 314
831 26
832 145
832 374
832 50
833 586
833 48
833 0
834 294
834 50
834 448
835 402
835 125
835 117
836 194
836 2
836 797
837 109
837 652
837 405
838 216
838 315
838 534
839 341
839 3
839 28
840 163
840 52
840 685
841 829
841 764
841 71
842 0
842 48
842 636
843 4
843 232
843 333
844 15
844 544
844 191
845 13
845 673
845 469
846 325
846 318
846 303
847 68
847 674
847 12
848 28
848 7
848 815
849 716
849 76
849 277
850 17
850 45
850 74
851 39
851 150
851 286
852 405
852 7
852 16
853 516
853 684
853 106
854 46
854 53
854 153
855 0
855 404
855 11
856 234
856 652
856 106
857 572
857 295
857 327
858 219
858 179
858 128
859 350
859 0
859 12
860 569
860 562
860 7
861 345
861 56
861 227
862 62
862 138
862 286
863 173
863 152
863 306
864 24
864 43
864 82
865 340
865 620
865 0
866 749
866 431
866 335
867 18
867 130
867 377
868 11
868 1
868 635
869 184
869 328
869 241
870 505
870 31
870 39
871 726
871 485
871 430
872 34
872 181
872 1
873 71
873 86
873 277
874 493
874 186
874 809
875 261
875 379
875 208
876 126
876 64
876 624
877 143
877 349
877 243
878 154
878 175
878 746
879 462
879 151
879 845
880 453
880 50
880 9
881 122
881 66
881 70
882 520
882 225
882 270
883 520
883 653
883 108
884 463
884 0
884 389
885 29
885 2
885 725
886 690
886 273
886 570
887 176
887 197
887 478
888 228
888 63
888 38
889 444
889 311
889 75
890 847
890 369
890 811
891 183
891 632
891 39
892 519
892 438
892 91
893 15
893 46
893 722
894 42
894 7
894 113
895 81
895 74
895 9
896 780
896 168
896 314
897 383
897 667
897 637
898 114
898 582
898 110
899 796
899 114
899 30
900 550
900 146
900 121
901 682
901 205
901 75
902 46
902 393
902 481
903 306
903 702
903 314
904 767
904 91
904 99
905 187
905 777
905 633
906 754
906 379
906 146
907 46
907 415
907 14
908 241
908 41
908 111
909 130
909 133
909 0
910 345
910 297
910 536
911 508
911 218
911 172
912 499
912 558
912 429
913 416
913 109
913 128
914 520
914 588
914 128
915 373
915 739
915 82
916 121
916 4
916 359
917 99
917 591
917 516
918 612
918 384
918 40
919 25
919 660
919 115
920 527
920 60
920 606
921 113
921 374
921 564
922 488
922 341
922 761
923 7
923 118
923 809
924 12
924 14
924 656
925 765
925 461
925 218
926 307
926 73
926 83
927 887
927 664
927 548
928 705
928 117
928 18
929 738
929 431
929 184
930 56
930 668
930 36
931 914
931 214
931 341
932 178
932 117
932 918
933 315
933 100
933 232
934 268
934 4
934 336
935 4
935 133
935 451
936 316
936 676
936 737
937 210
937 684
937 1
938 525
938 74
938 0
939 781
939 877
939 57
940 383
940 83
940 595
941 23
941 929
941 754
942 515
942 419
942 385
943 195
943 894
943 45
944 586
944 571
944 153
945 1
945 634
945 35
946 56
946 388
946 421
947 260
947 2
947 711
948 612
948 97
948 432
949 51
949 0
949 46
950 601
950 83
950 826
951 63
951 179
951 96
952 619
952 143
952 121
953 828
953 373
953 0
954 808
954 222
954 411
955 35
955 845
955 100
956 130
956 59
956 168
957 1
957 15
957 448
958 370
958 799
958 77
959 945
959 40
959 226
960 39
960 108
960 612
961 510
961 3
961 327
962 12
962 168
962 374
963 702
963 668
963 39
964 341
964 4
964 267
965 289
965 126
965 5
966 121
966 742
966 5
967 618
967 562
967 96
968 956
968 33
968 377
969 165
969 215
969 275
970 31
970 12
970 878
971 0
971 182
971 30
972 53
972 267
972 187
973 145
973 723
973 896
974 29
974 28
974 19
975 534
975 35
975 13
976 5
976 821
976 50
977 34
977 470
977 732
978 184
978 307
978 58
979 788
979 11
979 310
980 7
980 133
980 402
981 376
981 49
981 848
982 297
982 231
982 30
983 435
983 46
983 0
984 109
984 35
984 18
985 26
985 40
985 633
986 120
986 15
986 588
987 506
987 10
987 13
988 510
988 231
988 333
989 36
989 284
989 198
990 989
990 96
990 469
991 13
991 157
991 878
992 314
992 2
992 352
993 28
993 445
993 150
994 980
994 61
994 18
995 352
995 275
995 934
996 117
996 203
996 478
997 28
997 606
997 0
998 780
998 503
998 63
999 42
999 740
999 77
