0 1
1 0
2 0
2 1
3 1
3 0
3 2
4 0
4 3
4 1
5 1
5 0
5 2
6 4
6 3
6 5
7 0
7 4
7 2
8 3
8 1
8 5
9 2
9 0
9 4
10 7
10 2
10 0
11 2
11 3
11 7
12 3
12 2
12 8
13 4
13 11
13 6
14 4
14 12
14 5
15 5
15 2
15 10
16 6
16 13
16 0
17 7
17 0
17 16
18 16
18 6
18 17
19 0
19 4
19 9
20 6
20 4
20 8
21 3
21 13
21 6
22 4
22 5
22 17
23 0
23 2
23 11
24 4
24 18
24 17
25 5
25 0
25 7
26 3
26 0
26 2
27 2
27 0
27 13
28 0
28 3
28 27
29 8
29 28
29 1
30 0
30 1
30 4
31 2
31 3
31 23
32 0
32 30
32 5
33 3
33 32
33 10
34 5
34 22
34 4
35 0
35 6
35 7
36 11
36 6
36 4
37 17
37 0
37 5
38 10
38 2
38 6
39 10
39 6
39 13
40 35
40 18
40 5
41 7
41 13
41 8
42 4
42 1
42 5
43 27
43 16
43 4
44 5
44 14
44 4
45 11
45 7
45 28
46 2
46 42
46 32
47 9
47 2
47 5
48 4
48 8
48 3
49 26
49 2
49 47
50 0
50 5
50 27
51 1
51 29
51 25
52 4
52 31
52 18
53 47
53 45
53 26
54 0
54 10
54 35
55 28
55 24
55 6
56 54
56 26
56 43
57 49
57 11
57 32
58 31
58 0
58 4
59 2
59 6
59 47
60 58
60 54
60 4
61 20
61 51
61 0
62 28
62 2
62 6
63 6
63 22
63 2
64 57
64 12
64 5
65 25
65 4
65 38
66 2
66 22
66 59
67 25
67 55
67 40
68 50
68 13
68 0
69 4
69 64
69 25
70 22
70 23
70 2
71 28
71 51
71 41
72 0
72 3
72 50
73 42
73 36
73 52
74 53
74 5
74 18
75 3
75 28
75 5
76 0
76 4
76 23
77 4
77 31
77 2
78 3
78 1
78 2
79 46
79 16
79 71
80 10
80 40
80 78
81 58
81 4
81 43
82 4
82 5
82 0
83 0
83 64
83 10
84 10
84 15
84 58
85 71
85 8
85 66
86 31
86 74
86 84
87 0
87 59
87 18
88 14
88 25
88 8
89 77
89 31
89 69
90 32
90 80
90 3
91 8
91 28
91 52
92 2
92 7
92 62
93 28
93 64
93 3
94 79
94 21
94 92
95 23
95 39
95 57
96 13
96 16
96 2
97 4
97 90
97 13
98 23
98 9
98 0
99 33
99 4
99 22
