0 1
1 0
2 0
2 1
3 1
3 2
3 0
4 2
4 0
4 1
5 2
5 0
5 1
6 0
6 2
6 3
7 2
7 0
7 6
8 2
8 3
8 7
9 8
9 2
9 0
10 6
10 3
10 9
11 0
11 10
11 2
12 11
12 8
12 2
13 11
13 0
13 1
14 2
14 9
14 0
15 13
15 12
15 2
16 14
16 9
16 4
17 2
17 8
17 12
18 10
18 6
18 15
19 3
19 18
19 1
20 1
20 13
20 12
21 9
21 0
21 1
22 2
22 13
22 1
23 16
23 7
23 12
24 13
24 8
24 0
25 24
25 0
25 21
26 2
26 4
26 22
27 3
27 11
27 6
28 11
28 9
28 13
29 2
29 6
29 1
30 10
30 1
30 2
31 2
31 7
31 21
32 2
32 8
32 21
33 1
33 23
33 9
34 20
34 21
34 9
35 0
35 12
35 3
36 17
36 7
36 1
37 6
37 8
37 10
38 9
38 3
38 0
39 14
39 0
39 13
40 37
40 7
40 0
41 8
41 0
41 24
42 25
42 1
42 12
43 19
43 0
43 22
44 3
44 0
44 2
45 0
45 12
45 13
46 6
46 29
46 24
47 0
47 38
47 23
48 6
48 39
48 31
49 19
49 0
49 3
50 2
50 6
50 29
51 14
51 10
51 38
52 6
52 9
52 0
53 15
53 2
53 12
54 21
54 0
54 11
55 29
55 51
55 0
56 0
56 9
56 2
57 30
57 34
57 40
58 9
58 3
58 16
59 24
59 6
59 3
60 51
60 0
60 23
61 43
61 6
61 44
62 49
62 19
62 2
63 1
63 12
63 41
64 8
64 25
64 14
65 0
65 28
65 18
66 32
66 0
66 9
67 35
67 25
67 23
68 23
68 40
68 63
69 2
69 3
69 0
70 13
70 0
70 9
71 9
71 57
71 19
72 6
72 13
72 53
73 0
73 2
73 37
74 9
74 14
74 50
75 6
75 48
75 45
76 9
76 6
76 54
77 0
77 24
77 41
78 23
78 49
78 8
79 1
79 23
79 67
80 6
80 67
80 1
81 11
81 61
81 14
82 63
82 1
82 69
83 7
83 69
83 23
84 79
84 83
84 13
85 81
85 69
85 4
86 54
86 6
86 2
87 13
87 23
87 1
88 37
88 22
88 11
89 40
89 69
89 0
90 52
90 0
90 22
91 13
91 1
91 42
92 30
92 24
92 51
93 9
93 45
93 6
94 58
94 87
94 19
95 83
95 3
95 62
96 52
96 10
96 63
97 13
97 58
97 45
98 79
98 5
98 42
99 61
99 0
99 22
