0 1
0 2
0 3
0 4
0 6
1 0
1 2
1 3
1 4
1 6
2 1
2 0
2 3
2 4
2 5
3 1
3 0
3 2
3 5
3 8
4 1
4 0
4 2
4 5
4 6
5 3
5 2
5 4
5 7
5 11
6 1
6 0
6 4
6 11
6 17
7 5
7 0
7 4
7 8
7 10
8 3
8 7
8 2
8 9
8 19
9 8
9 4
9 3
9 55
9 56
10 3
10 4
10 7
10 89
11 1
11 5
11 6
11 15
11 22
12 7
12 1
12 5
12 13
12 29
13 12
13 4
13 7
13 17
13 18
14 1
14 7
14 4
14 19
14 21
15 11
15 3
15 1
15 16
15 20
16 4
16 15
16 2
16 32
16 39
17 13
17 3
17 6
17 93
18 2
18 3
18 13
18 21
18 24
19 14
19 4
19 8
19 46
19 57
20 2
20 3
20 15
20 30
21 14
21 5
21 18
21 25
21 28
22 11
22 3
22 7
22 24
22 26
23 2
23 7
23 5
23 25
23 33
24 18
24 2
24 22
24 29
24 47
25 23
25 21
25 1
25 78
25 84
26 3
26 0
26 22
26 37
26 45
27 4
27 2
27 1
27 48
27 61
28 14
28 21
28 1
28 34
28 45
29 2
29 24
29 12
29 30
29 38
30 29
30 20
30 12
30 40
30 52
31 2
31 3
31 6
31 38
31 56
32 4
32 3
32 16
32 71
32 92
33 2
33 3
33 23
33 53
34 28
34 2
34 13
34 72
34 75
35 1
35 5
35 3
35 67
35 98
36 23
36 0
36 21
37 4
37 1
37 26
37 52
38 29
38 31
38 2
39 14
39 16
39 1
39 60
40 30
40 5
40 2
40 75
40 96
41 3
41 15
41 7
41 50
41 64
42 23
42 5
42 12
42 44
42 54
43 7
43 18
43 29
43 51
43 92
44 42
44 3
44 0
44 62
45 26
45 28
45 14
45 46
45 80
46 2
46 45
46 19
46 52
46 55
47 0
47 24
47 11
48 27
48 29
48 1
49 28
49 26
49 4
49 67
49 71
50 3
50 41
50 2
50 80
51 43
51 3
51 7
52 37
52 30
52 46
53 2
53 1
53 33
53 84
54 11
54 26
54 42
54 74
54 98
55 46
55 9
55 42
56 31
56 29
56 9
56 84
57 19
57 5
57 3
57 95
58 2
58 3
58 13
59 3
59 4
59 7
59 76
60 39
60 18
60 0
61 30
61 0
61 27
61 86
61 97
62 7
62 44
62 27
62 74
63 23
63 46
63 5
64 41
64 29
64 7
64 78
64 81
65 13
65 5
65 28
66 6
66 13
66 4
66 70
66 99
67 5
67 49
67 35
68 46
68 2
68 12
68 97
69 3
69 4
69 5
70 13
70 66
70 31
71 32
71 49
71 31
71 98
72 34
72 23
72 7
72 88
72 93
73 1
73 24
73 46
73 86
74 62
74 54
74 0
75 34
75 23
75 40
76 7
76 18
76 59
77 42
77 26
77 29
78 64
78 25
78 24
79 49
79 30
79 42
79 83
80 50
80 11
80 45
81 64
81 7
81 22
82 15
82 26
82 18
83 79
83 2
83 1
83 85
84 53
84 25
84 56
85 42
85 83
85 0
85 94
86 61
86 14
86 73
86 95
87 22
87 26
87 5
88 72
88 41
88 7
89 10
89 5
89 29
90 0
90 22
90 45
91 16
91 5
91 27
92 32
92 24
92 43
93 72
93 14
93 17
94 85
94 28
94 45
95 28
95 57
95 86
96 12
96 45
96 40
97 68
97 1
97 61
98 54
98 35
98 71
98 99
99 0
99 66
99 98
