0 1
0 2
0 3
0 4
0 5
0 6
0 11
0 22
0 28
0 52
0 58
1 0
1 2
1 3
1 4
1 7
1 8
1 14
1 16
1 17
1 21
1 29
2 1
2 0
2 3
2 5
2 7
2 8
2 11
2 14
2 17
2 26
2 39
3 1
3 0
3 2
3 4
3 5
3 6
3 8
3 9
3 10
3 15
3 27
4 3
4 1
4 0
4 6
4 9
4 15
4 27
4 32
4 59
4 68
4 87
5 0
5 2
5 3
5 12
5 25
5 29
5 44
5 65
6 3
6 4
6 0
6 7
6 10
6 13
6 16
6 17
6 18
6 19
6 21
7 1
7 2
7 6
7 9
7 12
7 13
7 19
7 23
7 32
7 59
7 63
8 3
8 2
8 1
8 12
8 22
8 38
8 47
8 53
8 66
8 77
8 99
9 4
9 3
9 7
9 10
9 11
9 13
9 18
9 20
9 27
9 30
9 44
10 3
10 9
10 6
10 18
10 25
10 37
10 61
10 79
11 2
11 0
11 9
11 14
11 21
11 31
11 43
11 48
11 55
11 94
12 8
12 5
12 7
12 25
12 34
12 40
12 50
12 53
12 97
13 9
13 7
13 6
13 16
13 19
13 55
13 60
14 2
14 1
14 11
14 15
14 20
14 35
14 74
14 75
14 82
15 14
15 4
15 3
15 24
15 28
15 70
15 73
15 79
15 82
16 6
16 13
16 1
16 42
16 49
16 51
16 67
17 2
17 6
17 1
17 20
17 24
17 60
18 10
18 6
18 9
18 22
18 26
18 33
18 36
18 41
18 54
18 73
18 84
19 6
19 7
19 13
19 31
19 32
19 51
19 52
19 57
19 63
19 64
19 72
20 14
20 17
20 9
20 23
20 36
20 93
21 11
21 1
21 6
21 24
21 47
21 52
21 71
22 18
22 0
22 8
22 23
22 26
22 42
23 7
23 20
23 22
23 59
23 71
24 17
24 15
24 21
24 30
24 33
24 57
24 62
24 64
24 72
25 12
25 10
25 5
25 45
25 55
25 58
26 22
26 2
26 18
26 35
26 39
26 44
27 4
27 3
27 9
27 29
27 45
27 46
27 50
27 65
27 85
27 86
27 87
28 0
28 3
28 15
28 38
28 78
29 5
29 27
29 1
29 37
29 61
29 74
29 78
29 80
29 91
30 1
30 9
30 24
30 54
30 72
30 84
31 19
31 1
31 11
31 34
31 41
31 47
32 4
32 19
32 7
32 34
32 58
32 74
33 3
33 18
33 24
33 68
34 12
34 31
34 32
34 35
34 37
34 40
35 34
35 14
35 26
35 39
35 43
35 56
35 67
35 70
35 75
35 90
35 93
36 1
36 20
36 18
36 68
36 97
37 29
37 34
37 10
38 28
38 1
38 8
38 40
38 69
39 35
39 2
39 26
40 38
40 12
40 34
40 57
40 63
41 18
41 3
41 31
41 94
42 1
42 22
42 16
42 64
42 89
42 93
42 96
42 99
43 11
43 35
43 6
43 49
43 61
43 88
44 5
44 26
44 9
44 62
44 71
44 76
44 84
45 27
45 3
45 25
45 73
45 80
45 82
45 89
46 2
46 1
46 27
46 48
46 78
46 85
47 31
47 21
47 8
47 96
48 11
48 46
48 9
48 53
48 60
48 75
48 76
49 16
49 6
49 43
49 56
49 66
49 77
49 86
50 3
50 12
50 27
51 16
51 3
51 19
51 77
51 88
52 21
52 0
52 19
52 92
53 8
53 48
53 12
53 83
53 92
54 18
54 1
54 30
55 25
55 11
55 13
56 49
56 1
56 35
57 40
57 19
57 24
58 0
58 32
58 25
59 7
59 4
59 23
59 65
59 67
60 48
60 17
60 13
60 89
61 10
61 29
61 43
61 94
62 44
62 24
62 1
62 69
63 7
63 40
63 19
63 92
64 24
64 19
64 42
65 59
65 5
65 27
66 8
66 6
66 49
66 86
67 35
67 16
67 59
67 79
68 36
68 33
68 4
69 62
69 38
69 6
70 35
70 2
70 15
70 76
70 81
70 90
71 23
71 21
71 44
72 19
72 24
72 30
73 45
73 18
73 15
74 14
74 32
74 29
75 48
75 14
75 35
76 70
76 48
76 44
77 8
77 51
77 49
77 98
78 28
78 46
78 29
79 15
79 67
79 10
80 3
80 45
80 29
80 81
81 9
81 80
81 70
82 45
82 15
82 14
83 53
83 3
83 19
84 18
84 30
84 44
85 27
85 19
85 46
86 27
86 66
86 49
87 4
87 27
87 9
88 43
88 51
88 4
89 60
89 42
89 45
90 35
90 70
90 27
90 99
91 29
91 1
91 2
92 52
92 53
92 63
92 98
93 42
93 35
93 20
94 41
94 61
94 11
95 7
95 4
95 9
96 1
96 42
96 47
97 36
97 12
97 19
98 19
98 77
98 92
99 42
99 8
99 90
