0 1
1 0
2 1
2 0
3 0
3 1
3 2
4 2
4 0
4 3
5 1
5 2
5 0
6 2
6 0
6 4
7 0
7 1
7 5
8 0
8 4
8 3
9 3
9 4
9 0
10 1
10 4
10 5
11 2
11 1
11 0
12 0
12 11
12 7
13 0
13 4
13 10
14 7
14 4
14 3
15 2
15 14
15 4
16 0
16 8
16 11
17 6
17 14
17 0
18 17
18 3
18 8
19 2
19 0
19 17
20 3
20 1
20 4
21 1
21 10
21 4
22 15
22 3
22 8
23 1
23 17
23 0
24 2
24 5
24 16
25 15
25 1
25 22
26 8
26 21
26 1
27 0
27 17
27 11
28 0
28 1
28 13
29 11
29 1
29 14
30 10
30 29
30 0
31 2
31 12
31 1
32 1
32 9
32 29
33 10
33 17
33 5
34 3
34 2
34 6
35 34
35 17
35 18
36 0
36 3
36 6
37 1
37 36
37 26
38 31
38 0
38 34
39 0
39 12
39 24
40 4
40 11
40 0
41 2
41 13
41 5
42 8
42 23
42 30
43 10
43 34
43 29
44 18
44 30
44 1
45 36
45 18
45 7
46 0
46 11
46 45
47 1
47 18
47 27
48 29
48 18
48 3
49 24
49 2
49 18
50 11
50 32
50 2
51 29
51 0
51 6
52 48
52 2
52 30
53 52
53 5
53 40
54 0
54 35
54 50
55 7
55 1
55 12
56 4
56 15
56 34
57 13
57 51
57 33
58 27
58 35
58 0
59 17
59 25
59 1
60 21
60 56
60 4
61 0
61 3
61 34
62 0
62 22
62 16
63 38
63 0
63 16
64 13
64 0
64 49
65 48
65 15
65 36
66 39
66 18
66 15
67 44
67 0
67 56
68 4
68 45
68 59
69 62
69 55
69 0
70 22
70 16
70 46
71 22
71 61
71 55
72 3
72 61
72 19
73 31
73 8
73 11
74 18
74 6
74 39
75 16
75 73
75 61
76 35
76 65
76 29
77 0
77 65
77 34
78 41
78 1
78 12
79 59
79 0
79 5
80 3
80 0
80 72
81 68
81 49
81 21
82 18
82 42
82 20
83 63
83 4
83 36
84 16
84 22
84 70
85 54
85 16
85 64
86 49
86 15
86 25
87 31
87 80
87 27
88 33
88 56
88 29
89 77
89 38
89 85
90 70
90 59
90 38
91 9
91 2
91 22
92 3
92 59
92 13
93 77
93 3
93 11
94 7
94 56
94 47
95 2
95 61
95 0
96 6
96 48
96 44
97 33
97 78
97 31
98 4
98 19
98 0
99 18
99 89
99 2
100 31
100 22
100 28
101 48
101 81
101 16
102 29
102 0
102 14
103 70
103 3
103 15
104 89
104 22
104 34
105 18
105 12
105 3
106 100
106 53
106 45
107 92
107 21
107 2
108 22
108 90
108 48
109 39
109 25
109 18
110 18
110 84
110 67
111 46
111 75
111 104
112 81
112 91
112 72
113 24
113 28
113 49
114 49
114 16
114 12
115 28
115 17
115 37
116 7
116 77
116 81
117 40
117 1
117 2
118 22
118 26
118 104
119 73
119 11
119 75
120 0
120 9
120 23
121 25
121 18
121 63
122 112
122 37
122 104
123 6
123 63
123 8
124 11
124 64
124 73
125 114
125 0
125 48
126 25
126 121
126 21
127 22
127 12
127 8
128 68
128 45
128 108
129 9
129 56
129 0
130 38
130 4
130 0
131 45
131 12
131 24
132 113
132 117
132 0
133 63
133 8
133 103
134 37
134 2
134 11
135 15
135 0
135 13
136 0
136 20
136 92
137 3
137 104
137 0
138 70
138 3
138 18
139 95
139 3
139 130
140 46
140 0
140 90
141 33
141 29
141 50
142 34
142 14
142 29
143 32
143 56
143 22
144 3
144 45
144 31
145 32
145 99
145 58
146 1
146 42
146 141
147 6
147 0
147 107
148 17
148 113
148 107
149 34
149 41
149 119
150 33
150 82
150 18
151 18
151 129
151 0
152 1
152 0
152 102
153 55
153 56
153 4
154 42
154 135
154 56
155 4
155 46
155 124
156 30
156 59
156 143
157 42
157 135
157 0
158 4
158 34
158 80
159 43
159 25
159 1
160 0
160 97
160 33
161 139
161 60
161 28
162 59
162 106
162 0
163 81
163 104
163 118
164 34
164 65
164 1
165 12
165 2
165 4
166 11
166 125
166 53
167 22
167 73
167 38
168 95
168 4
168 48
169 7
169 11
169 22
170 6
170 37
170 13
171 73
171 38
171 41
172 22
172 77
172 104
173 45
173 27
173 56
174 10
174 129
174 11
175 22
175 5
175 80
176 34
176 13
176 38
177 113
177 76
177 155
178 34
178 3
178 84
179 82
179 119
179 172
180 5
180 10
180 119
181 4
181 0
181 72
182 87
182 21
182 26
183 160
183 38
183 156
184 18
184 117
184 33
185 80
185 49
185 37
186 114
186 138
186 125
187 165
187 4
187 147
188 34
188 77
188 123
189 29
189 121
189 44
190 15
190 103
190 115
191 137
191 77
191 149
192 171
192 151
192 152
193 180
193 0
193 59
194 9
194 11
194 117
195 91
195 2
195 15
196 171
196 80
196 141
197 125
197 195
197 7
198 77
198 145
198 22
199 4
199 24
199 113
200 11
200 198
200 3
201 82
201 1
201 183
202 135
202 1
202 145
203 2
203 12
203 1
204 22
204 1
204 15
205 67
205 34
205 8
206 3
206 46
206 49
207 3
207 61
207 0
208 15
208 45
208 17
209 36
209 131
209 109
210 1
210 58
210 155
211 16
211 74
211 38
212 25
212 198
212 143
213 29
213 4
213 1
214 53
214 113
214 0
215 52
215 12
215 158
216 29
216 16
216 191
217 93
217 129
217 188
218 29
218 53
218 1
219 144
219 18
219 29
220 31
220 4
220 158
221 34
221 112
221 68
222 41
222 106
222 52
223 17
223 73
223 192
224 7
224 95
224 13
225 2
225 3
225 25
226 56
226 38
226 24
227 183
227 49
227 71
228 165
228 190
228 107
229 0
229 74
229 44
230 104
230 99
230 32
231 103
231 146
231 198
232 107
232 22
232 2
233 54
233 165
233 124
234 120
234 49
234 131
235 198
235 0
235 120
236 218
236 25
236 149
237 2
237 0
237 134
238 193
238 124
238 0
239 146
239 8
239 16
240 172
240 20
240 29
241 3
241 75
241 126
242 71
242 15
242 121
243 21
243 198
243 106
244 12
244 0
244 80
245 124
245 4
245 152
246 0
246 49
246 68
247 229
247 0
247 101
248 53
248 164
248 162
249 177
249 15
249 108
250 63
250 201
250 12
251 236
251 27
251 176
252 34
252 17
252 69
253 183
253 77
253 35
254 131
254 100
254 13
255 238
255 5
255 104
256 249
256 171
256 183
257 52
257 67
257 241
258 170
258 75
258 7
259 240
259 155
259 29
260 15
260 74
260 203
261 177
261 54
261 46
262 116
262 117
262 29
263 75
263 1
263 65
264 120
264 198
264 124
265 34
265 37
265 1
266 0
266 61
266 133
267 1
267 11
267 33
268 64
268 215
268 185
269 61
269 86
269 0
270 14
270 104
270 185
271 68
271 1
271 146
272 84
272 56
272 61
273 64
273 124
273 32
274 134
274 143
274 2
275 77
275 115
275 3
276 51
276 15
276 242
277 143
277 43
277 189
278 42
278 132
278 173
279 0
279 82
279 219
280 42
280 225
280 65
281 22
281 71
281 76
282 53
282 94
282 149
283 75
283 177
283 2
284 15
284 278
284 19
285 40
285 200
285 210
286 82
286 155
286 13
287 173
287 100
287 45
288 46
288 4
288 1
289 0
289 231
289 62
290 60
290 250
290 158
291 193
291 135
291 111
292 1
292 0
292 280
293 73
293 243
293 200
294 273
294 33
294 99
295 229
295 38
295 34
296 49
296 17
296 251
297 129
297 100
297 99
298 84
298 189
298 11
299 149
299 50
299 34
300 3
300 235
300 244
301 134
301 202
301 45
302 16
302 146
302 122
303 59
303 98
303 38
304 49
304 254
304 0
305 22
305 16
305 138
306 18
306 284
306 2
307 43
307 2
307 305
308 3
308 18
308 261
309 2
309 107
309 29
310 138
310 198
310 22
311 263
311 92
311 308
312 232
312 15
312 25
313 304
313 3
313 0
314 34
314 167
314 260
315 34
315 63
315 168
316 195
316 7
316 73
317 4
317 135
317 5
318 12
318 176
318 19
319 11
319 0
319 168
320 171
320 164
320 231
321 0
321 312
321 25
322 155
322 173
322 126
323 2
323 74
323 155
324 228
324 0
324 20
325 71
325 270
325 196
326 177
326 58
326 22
327 118
327 83
327 239
328 266
328 311
328 307
329 17
329 28
329 0
330 36
330 1
330 132
331 99
331 34
331 290
332 205
332 92
332 11
333 25
333 3
333 31
334 22
334 289
334 73
335 17
335 132
335 1
336 204
336 46
336 3
337 1
337 82
337 5
338 73
338 198
338 4
339 41
339 189
339 2
340 4
340 87
340 135
341 75
341 280
341 18
342 332
342 328
342 303
343 328
343 306
343 94
344 289
344 58
344 5
345 45
345 33
345 61
346 33
346 27
346 200
347 16
347 104
347 45
348 199
348 114
348 184
349 97
349 10
349 29
350 4
350 87
350 126
351 43
351 111
351 151
352 16
352 49
352 224
353 1
353 158
353 331
354 43
354 321
354 22
355 92
355 188
355 17
356 139
356 10
356 0
357 9
357 81
357 134
358 91
358 103
358 346
359 80
359 1
359 198
360 14
360 29
360 90
361 91
361 11
361 89
362 22
362 110
362 2
363 0
363 189
363 52
364 258
364 15
364 23
365 5
365 241
365 48
366 56
366 3
366 54
367 46
367 29
367 143
368 278
368 2
368 70
369 300
369 333
369 32
370 38
370 2
370 187
371 183
371 150
371 141
372 54
372 80
372 233
373 77
373 15
373 3
374 17
374 71
374 320
375 73
375 121
375 176
376 29
376 54
376 104
377 61
377 243
377 73
378 174
378 84
378 54
379 5
379 300
379 357
380 67
380 11
380 36
381 76
381 17
381 45
382 299
382 209
382 99
383 0
383 71
383 26
384 103
384 28
384 11
385 168
385 256
385 223
386 276
386 1
386 23
387 32
387 34
387 52
388 129
388 33
388 206
389 290
389 215
389 97
390 12
390 134
390 4
391 369
391 42
391 73
392 11
392 321
392 68
393 102
393 333
393 10
394 114
394 3
394 21
395 36
395 63
395 153
396 268
396 0
396 303
397 86
397 308
397 259
398 201
398 11
398 235
399 328
399 198
399 377
400 263
400 2
400 34
401 98
401 10
401 345
402 10
402 0
402 43
403 53
403 90
403 34
404 302
404 320
404 178
405 360
405 182
405 377
406 42
406 192
406 138
407 121
407 382
407 171
408 34
408 206
408 8
409 264
409 29
409 290
410 45
410 145
410 9
411 77
411 78
411 150
412 125
412 15
412 31
413 22
413 71
413 335
414 18
414 121
414 39
415 335
415 291
415 183
416 49
416 1
416 338
417 391
417 22
417 49
418 365
418 5
418 398
419 104
419 54
419 0
420 304
420 6
420 80
421 104
421 303
421 266
422 86
422 82
422 17
423 131
423 331
423 75
424 2
424 89
424 15
425 112
425 19
425 195
426 185
426 74
426 151
427 147
427 204
427 4
428 300
428 186
428 122
429 168
429 198
429 64
430 102
430 358
430 82
431 200
431 377
431 22
432 155
432 209
432 200
433 22
433 422
433 2
434 55
434 18
434 332
435 0
435 190
435 126
436 81
436 190
436 29
437 182
437 192
437 117
438 44
438 205
438 406
439 112
439 326
439 224
440 8
440 350
440 253
441 145
441 185
441 420
442 226
442 67
442 49
443 18
443 104
443 112
444 84
444 7
444 77
445 45
445 59
445 111
446 73
446 8
446 108
447 94
447 59
447 69
448 10
448 2
448 28
449 54
449 220
449 0
450 75
450 290
450 150
451 158
451 91
451 61
452 186
452 14
452 320
453 129
453 389
453 103
454 341
454 438
454 121
455 268
455 61
455 312
456 18
456 0
456 172
457 303
457 22
457 232
458 452
458 25
458 30
459 83
459 5
459 401
460 102
460 67
460 418
461 132
461 1
461 13
462 419
462 59
462 272
463 133
463 364
463 121
464 4
464 461
464 143
465 245
465 196
465 331
466 4
466 278
466 69
467 141
467 371
467 133
468 450
468 9
468 13
469 379
469 0
469 389
470 41
470 36
470 236
471 117
471 34
471 18
472 14
472 33
472 174
473 364
473 15
473 193
474 80
474 361
474 67
475 38
475 27
475 361
476 188
476 399
476 128
477 126
477 102
477 92
478 35
478 0
478 123
479 186
479 17
479 276
480 390
480 5
480 3
481 25
481 366
481 36
482 196
482 166
482 11
483 264
483 255
483 45
484 256
484 146
484 239
485 148
485 417
485 248
486 41
486 461
486 96
487 486
487 22
487 0
488 4
488 290
488 0
489 8
489 25
489 78
490 139
490 227
490 65
491 36
491 0
491 16
492 94
492 1
492 6
493 65
493 224
493 147
494 190
494 10
494 308
495 53
495 242
495 81
496 67
496 449
496 309
497 41
497 95
497 54
498 22
498 82
498 70
499 172
499 356
499 73
