0 1
1 0
2 0
2 1
3 1
3 2
3 0
4 3
4 0
4 2
5 1
5 4
5 0
6 0
6 5
6 1
7 0
7 2
7 3
8 2
8 5
8 1
9 7
9 8
9 1
10 0
10 9
10 6
11 0
11 5
11 7
12 2
12 11
12 1
13 7
13 3
13 0
14 6
14 3
14 0
15 0
15 9
15 1
16 7
16 14
16 15
17 2
17 11
17 5
18 14
18 1
18 0
19 3
19 1
19 2
20 8
20 4
20 3
21 10
21 3
21 7
22 10
22 7
22 8
23 3
23 8
23 2
24 1
24 23
24 5
25 1
25 3
25 2
26 1
26 6
26 0
27 10
27 7
27 4
28 22
28 23
28 26
29 1
29 28
29 4
30 1
30 0
30 11
31 13
31 7
31 3
32 7
32 21
32 0
33 7
33 0
33 17
34 13
34 21
34 3
35 1
35 13
35 21
36 14
36 5
36 19
37 13
37 2
37 0
38 5
38 34
38 28
39 4
39 11
39 3
40 5
40 26
40 38
41 0
41 19
41 6
42 33
42 17
42 35
43 6
43 32
43 37
44 39
44 29
44 9
45 8
45 20
45 4
46 17
46 36
46 3
47 24
47 46
47 1
48 42
48 39
48 28
49 11
49 26
49 24
50 0
50 14
50 22
51 45
51 18
51 46
52 28
52 7
52 49
53 19
53 0
53 13
54 50
54 18
54 37
55 7
55 20
55 26
56 7
56 37
56 55
57 32
57 7
57 9
58 53
58 36
58 11
59 49
59 2
59 37
60 11
60 10
60 4
61 45
61 39
61 5
62 5
62 4
62 7
63 21
63 8
63 51
64 0
64 60
64 15
65 14
65 26
65 28
66 63
66 3
66 0
67 45
67 24
67 30
68 47
68 63
68 0
69 4
69 22
69 14
70 28
70 56
70 6
71 11
71 60
71 18
72 3
72 49
72 8
73 10
73 36
73 4
74 6
74 19
74 4
75 13
75 7
75 42
76 4
76 8
76 9
77 7
77 28
77 6
78 1
78 47
78 4
79 54
79 11
79 2
80 1
80 46
80 0
81 8
81 21
81 0
82 15
82 14
82 81
83 13
83 33
83 78
84 75
84 42
84 82
85 7
85 60
85 12
86 39
86 0
86 19
87 4
87 0
87 7
88 2
88 37
88 81
89 28
89 4
89 38
90 11
90 4
90 32
91 0
91 13
91 23
92 28
92 36
92 7
93 56
93 67
93 7
94 42
94 11
94 54
95 6
95 4
95 7
96 4
96 7
96 13
97 3
97 4
97 11
98 23
98 42
98 3
99 11
99 7
99 93
100 12
100 37
100 98
101 9
101 31
101 88
102 14
102 3
102 6
103 60
103 39
103 3
104 92
104 15
104 64
105 58
105 22
105 53
106 53
106 5
106 12
107 1
107 67
107 23
108 80
108 107
108 11
109 47
109 1
109 64
110 28
110 20
110 26
111 46
111 8
111 2
112 13
112 39
112 9
113 44
113 42
113 43
114 0
114 12
114 47
115 12
115 45
115 21
116 104
116 65
116 50
117 47
117 22
117 1
118 25
118 8
118 61
119 28
119 4
119 53
120 23
120 72
120 1
121 47
121 17
121 3
122 92
122 9
122 38
123 21
123 54
123 5
124 59
124 75
124 3
125 5
125 4
125 80
126 8
126 1
126 28
127 64
127 16
127 117
128 7
128 1
128 109
129 95
129 1
129 4
130 7
130 115
130 4
131 3
131 46
131 31
132 4
132 5
132 24
133 20
133 54
133 77
134 24
134 47
134 78
135 75
135 37
135 4
136 5
136 24
136 106
137 37
137 28
137 7
138 3
138 11
138 5
139 23
139 31
139 105
140 7
140 14
140 3
141 11
141 7
141 69
142 7
142 13
142 37
143 126
143 124
143 80
144 138
144 13
144 14
145 10
145 80
145 38
146 69
146 67
146 0
147 49
147 17
147 99
148 77
148 12
148 97
149 75
149 12
149 3
150 5
150 24
150 15
151 8
151 95
151 4
152 88
152 60
152 93
153 31
153 63
153 16
154 23
154 13
154 149
155 64
155 39
155 100
156 36
156 112
156 114
157 4
157 140
157 21
158 105
158 4
158 50
159 75
159 108
159 32
160 12
160 72
160 79
161 4
161 63
161 45
162 0
162 26
162 40
163 137
163 38
163 129
164 21
164 78
164 14
165 31
165 54
165 120
166 137
166 93
166 15
167 7
167 83
167 121
168 59
168 38
168 78
169 164
169 9
169 7
170 4
170 118
170 32
171 63
171 37
171 149
172 79
172 17
172 80
173 7
173 4
173 70
174 9
174 37
174 13
175 90
175 60
175 6
176 72
176 16
176 34
177 7
177 30
177 46
178 1
178 10
178 90
179 7
179 21
179 26
180 78
180 166
180 5
181 120
181 2
181 32
182 13
182 16
182 94
183 94
183 12
183 58
184 135
184 13
184 69
185 133
185 137
185 5
186 67
186 42
186 171
187 180
187 97
187 41
188 88
188 7
188 107
189 105
189 3
189 1
190 39
190 1
190 71
191 21
191 37
191 90
192 7
192 85
192 128
193 161
193 92
193 7
194 7
194 69
194 9
195 81
195 17
195 137
196 4
196 133
196 171
197 33
197 31
197 106
198 122
198 76
198 28
199 0
199 20
199 90
200 12
200 60
200 75
201 99
201 84
201 1
202 1
202 31
202 153
203 123
203 157
203 31
204 85
204 4
204 72
205 37
205 159
205 130
206 88
206 108
206 7
207 46
207 72
207 112
208 12
208 46
208 100
209 29
209 128
209 139
210 138
210 58
210 6
211 46
211 29
211 179
212 36
212 114
212 6
213 191
213 61
213 0
214 140
214 118
214 67
215 10
215 160
215 151
216 80
216 28
216 82
217 7
217 3
217 0
218 32
218 139
218 2
219 11
219 14
219 124
220 7
220 24
220 144
221 37
221 58
221 1
222 149
222 7
222 28
223 46
223 36
223 20
224 80
224 63
224 37
225 194
225 206
225 104
226 141
226 62
226 204
227 5
227 29
227 63
228 188
228 9
228 20
229 181
229 3
229 175
230 0
230 60
230 66
231 146
231 113
231 0
232 198
232 53
232 196
233 3
233 206
233 12
234 205
234 154
234 139
235 111
235 0
235 97
236 131
236 20
236 195
237 172
237 105
237 79
238 10
238 7
238 88
239 31
239 94
239 27
240 206
240 234
240 92
241 53
241 35
241 60
242 9
242 0
242 159
243 11
243 20
243 188
244 1
244 116
244 215
245 96
245 173
245 3
246 7
246 102
246 11
247 55
247 75
247 7
248 196
248 111
248 27
249 12
249 77
249 179
250 18
250 3
250 114
251 156
251 60
251 201
252 67
252 23
252 59
253 23
253 216
253 196
254 7
254 21
254 2
255 245
255 134
255 13
256 23
256 92
256 88
257 105
257 60
257 191
258 53
258 203
258 25
259 124
259 51
259 186
260 25
260 195
260 109
261 260
261 164
261 230
262 1
262 15
262 130
263 208
263 175
263 159
264 218
264 58
264 131
265 82
265 18
265 143
266 157
266 125
266 54
267 17
267 49
267 202
268 266
268 93
268 60
269 176
269 240
269 12
270 1
270 190
270 138
271 101
271 43
271 19
272 214
272 77
272 138
273 125
273 128
273 120
274 52
274 4
274 126
275 53
275 152
275 7
276 99
276 134
276 166
277 138
277 126
277 38
278 140
278 39
278 28
279 161
279 24
279 150
280 206
280 97
280 13
281 2
281 98
281 113
282 77
282 264
282 262
283 3
283 5
283 140
284 77
284 280
284 70
285 14
285 104
285 147
286 283
286 185
286 46
287 25
287 13
287 46
288 3
288 0
288 28
289 63
289 179
289 0
290 109
290 258
290 0
291 67
291 289
291 40
292 141
292 219
292 47
293 93
293 88
293 190
294 104
294 53
294 5
295 137
295 80
295 280
296 182
296 16
296 240
297 144
297 60
297 262
298 128
298 7
298 43
299 93
299 177
299 4
300 2
300 188
300 46
301 0
301 1
301 61
302 133
302 1
302 269
303 1
303 87
303 196
304 290
304 93
304 30
305 262
305 13
305 89
306 239
306 45
306 297
307 1
307 258
307 16
308 13
308 20
308 289
309 10
309 103
309 97
310 14
310 26
310 7
311 13
311 60
311 166
312 26
312 221
312 202
313 71
313 35
313 244
314 195
314 46
314 80
315 4
315 20
315 130
316 158
316 58
316 22
317 28
317 51
317 6
318 98
318 244
318 10
319 206
319 127
319 33
320 137
320 288
320 7
321 164
321 232
321 157
322 27
322 309
322 2
323 19
323 3
323 165
324 60
324 180
324 12
325 85
325 49
325 270
326 104
326 205
326 301
327 72
327 91
327 321
328 18
328 83
328 63
329 21
329 107
329 75
330 190
330 23
330 176
331 214
331 195
331 21
332 7
332 133
332 116
333 96
333 64
333 139
334 25
334 7
334 64
335 159
335 39
335 21
336 205
336 157
336 128
337 134
337 196
337 63
338 4
338 177
338 5
339 12
339 60
339 103
340 336
340 195
340 7
341 305
341 7
341 38
342 92
342 164
342 24
343 236
343 237
343 226
344 7
344 179
344 130
345 5
345 0
345 23
346 0
346 266
346 4
347 306
347 61
347 108
348 138
348 139
348 5
349 317
349 20
349 300
350 326
350 60
350 4
351 0
351 133
351 2
352 79
352 96
352 15
353 78
353 93
353 105
354 9
354 6
354 18
355 279
355 86
355 121
356 86
356 4
356 13
357 274
357 53
357 33
358 72
358 205
358 337
359 14
359 279
359 7
360 14
360 196
360 334
361 8
361 53
361 0
362 9
362 10
362 90
363 12
363 95
363 7
364 237
364 267
364 113
365 159
365 53
365 0
366 39
366 9
366 292
367 364
367 2
367 22
368 156
368 39
368 124
369 78
369 67
369 131
370 64
370 164
370 310
371 77
371 141
371 189
372 281
372 147
372 21
373 49
373 43
373 326
374 69
374 2
374 64
375 4
375 95
375 44
376 146
376 100
376 25
377 13
377 196
377 244
378 37
378 38
378 97
379 370
379 0
379 223
380 101
380 60
380 246
381 159
381 75
381 11
382 22
382 166
382 53
383 259
383 21
383 36
384 175
384 0
384 280
385 63
385 151
385 305
386 49
386 16
386 133
387 337
387 0
387 136
388 7
388 204
388 198
389 34
389 96
389 258
390 53
390 354
390 32
391 69
391 232
391 83
392 0
392 114
392 54
393 12
393 352
393 7
394 23
394 39
394 157
395 15
395 49
395 130
396 2
396 13
396 3
397 56
397 196
397 11
398 376
398 161
398 114
399 111
399 0
399 122
400 133
400 310
400 171
401 90
401 189
401 20
402 116
402 11
402 282
403 67
403 4
403 190
404 66
404 208
404 8
405 63
405 13
405 46
406 14
406 214
406 105
407 159
407 129
407 55
408 4
408 348
408 312
409 321
409 8
409 225
410 316
410 1
410 247
411 409
411 13
411 3
412 282
412 104
412 105
413 146
413 89
413 386
414 61
414 147
414 53
415 66
415 2
415 160
416 19
416 257
416 16
417 196
417 180
417 376
418 39
418 116
418 157
419 277
419 1
419 262
420 20
420 115
420 179
421 9
421 192
421 38
422 356
422 4
422 49
423 3
423 94
423 323
424 21
424 410
424 379
425 272
425 13
425 3
426 3
426 148
426 338
427 298
427 46
427 156
428 326
428 194
428 323
429 7
429 3
429 28
430 7
430 126
430 204
431 128
431 48
431 345
432 344
432 349
432 418
433 353
433 26
433 45
434 45
434 93
434 62
435 99
435 266
435 432
436 178
436 126
436 17
437 360
437 9
437 92
438 149
438 4
438 202
439 80
439 28
439 115
440 24
440 0
440 111
441 266
441 191
441 206
442 186
442 280
442 365
443 217
443 268
443 176
444 263
444 240
444 28
445 99
445 60
445 95
446 60
446 6
446 9
447 172
447 124
447 356
448 85
448 279
448 379
449 46
449 317
449 50
450 126
450 157
450 60
451 32
451 10
451 172
452 384
452 139
452 194
453 12
453 137
453 36
454 335
454 249
454 63
455 181
455 64
455 207
456 157
456 0
456 32
457 262
457 121
457 266
458 69
458 12
458 353
459 0
459 193
459 306
460 356
460 58
460 151
461 133
461 274
461 447
462 204
462 287
462 2
463 222
463 112
463 32
464 300
464 7
464 258
465 21
465 3
465 60
466 51
466 452
466 69
467 209
467 124
467 175
468 194
468 300
468 190
469 1
469 40
469 119
470 99
470 159
470 367
471 160
471 58
471 215
472 229
472 415
472 58
473 429
473 160
473 14
474 214
474 136
474 323
475 305
475 78
475 432
476 246
476 205
476 456
477 130
477 409
477 456
478 112
478 160
478 440
479 93
479 4
479 183
480 162
480 21
480 380
481 23
481 141
481 97
482 42
482 258
482 313
483 58
483 3
483 4
484 165
484 360
484 99
485 286
485 0
485 345
486 15
486 341
486 56
487 38
487 159
487 301
488 384
488 287
488 393
489 391
489 455
489 18
490 411
490 333
490 376
491 146
491 228
491 191
492 7
492 466
492 175
493 336
493 225
493 136
494 135
494 7
494 196
495 104
495 7
495 5
496 195
496 227
496 269
497 363
497 11
497 13
498 8
498 354
498 0
499 7
499 5
499 181
500 355
500 218
500 157
501 18
501 402
501 305
502 432
502 413
502 362
503 4
503 92
503 352
504 266
504 120
504 41
505 342
505 261
505 82
506 26
506 390
506 323
507 3
507 8
507 427
508 5
508 485
508 60
509 25
509 10
509 432
510 114
510 400
510 1
511 138
511 397
511 42
512 390
512 0
512 461
513 238
513 336
513 69
514 6
514 58
514 1
515 432
515 257
515 29
516 106
516 67
516 176
517 484
517 475
517 74
518 209
518 276
518 355
519 116
519 21
519 280
520 0
520 182
520 88
521 298
521 312
521 343
522 4
522 182
522 158
523 305
523 304
523 12
524 19
524 354
524 294
525 112
525 412
525 157
526 82
526 115
526 394
527 7
527 105
527 70
528 157
528 63
528 291
529 266
529 124
529 40
530 464
530 517
530 9
531 482
531 206
531 498
532 258
532 119
532 188
533 384
533 447
533 33
534 449
534 50
534 60
535 4
535 113
535 105
536 113
536 159
536 166
537 509
537 1
537 44
538 6
538 60
538 517
539 98
539 49
539 119
540 8
540 111
540 165
541 45
541 20
541 146
542 292
542 484
542 11
543 452
543 47
543 40
544 445
544 63
544 422
545 10
545 531
545 134
546 73
546 0
546 334
547 54
547 194
547 356
548 474
548 212
548 191
549 349
549 127
549 78
550 172
550 384
550 487
551 3
551 147
551 24
552 6
552 90
552 93
553 2
553 6
553 63
554 166
554 4
554 113
555 537
555 86
555 6
556 429
556 16
556 2
557 27
557 7
557 143
558 188
558 282
558 12
559 240
559 36
559 90
560 532
560 99
560 7
561 469
561 136
561 33
562 410
562 188
562 0
563 342
563 86
563 37
564 26
564 108
564 546
565 539
565 283
565 3
566 266
566 282
566 153
567 356
567 17
567 4
568 60
568 177
568 4
569 203
569 501
569 24
570 159
570 33
570 267
571 252
571 2
571 120
572 2
572 49
572 43
573 20
573 18
573 356
574 48
574 474
574 287
575 560
575 137
575 327
576 5
576 166
576 458
577 298
577 468
577 128
578 400
578 14
578 286
579 8
579 379
579 186
580 567
580 78
580 33
581 76
581 66
581 232
582 1
582 222
582 480
583 219
583 85
583 38
584 87
584 154
584 89
585 559
585 38
585 284
586 224
586 74
586 7
587 42
587 13
587 388
588 52
588 379
588 99
589 20
589 0
589 281
590 317
590 464
590 84
591 6
591 77
591 589
592 46
592 0
592 334
593 69
593 33
593 364
594 373
594 23
594 100
595 389
595 370
595 398
596 376
596 230
596 498
597 80
597 26
597 12
598 147
598 306
598 315
599 465
599 526
599 116
600 3
600 410
600 0
601 431
601 510
601 17
602 80
602 289
602 97
603 286
603 6
603 58
604 360
604 27
604 251
605 386
605 385
605 73
606 157
606 391
606 89
607 2
607 276
607 93
608 69
608 145
608 108
609 113
609 403
609 26
610 28
610 574
610 3
611 7
611 376
611 423
612 355
612 29
612 512
613 166
613 109
613 7
614 0
614 114
614 299
615 450
615 462
615 2
616 426
616 526
616 1
617 582
617 384
617 289
618 21
618 193
618 121
619 304
619 105
619 133
620 191
620 107
620 71
621 531
621 586
621 58
622 102
622 154
622 19
623 11
623 0
623 209
624 353
624 107
624 138
625 616
625 286
625 83
626 107
626 457
626 279
627 249
627 458
627 279
628 366
628 470
628 4
629 9
629 88
629 548
630 23
630 92
630 37
631 269
631 440
631 21
632 6
632 174
632 195
633 223
633 3
633 518
634 175
634 62
634 21
635 203
635 111
635 118
636 122
636 69
636 571
637 309
637 611
637 429
638 131
638 8
638 12
639 99
639 205
639 282
640 543
640 79
640 3
641 77
641 618
641 339
642 344
642 38
642 7
643 46
643 470
643 41
644 72
644 410
644 345
645 279
645 157
645 201
646 461
646 507
646 97
647 28
647 1
647 58
648 458
648 49
648 397
649 207
649 580
649 196
650 235
650 58
650 136
651 445
651 7
651 166
652 1
652 154
652 262
653 37
653 468
653 53
654 261
654 228
654 254
655 70
655 296
655 22
656 28
656 173
656 7
657 608
657 200
657 270
658 9
658 14
658 452
659 297
659 7
659 133
660 46
660 593
660 390
661 146
661 556
661 126
662 631
662 91
662 57
663 326
663 179
663 7
664 72
664 493
664 621
665 297
665 141
665 200
666 25
666 473
666 28
667 255
667 399
667 34
668 182
668 479
668 143
669 131
669 478
669 499
670 410
670 4
670 418
671 603
671 60
671 86
672 237
672 171
672 23
673 649
673 568
673 362
674 342
674 464
674 55
675 69
675 60
675 72
676 26
676 166
676 6
677 377
677 304
677 240
678 79
678 33
678 7
679 223
679 7
679 60
680 60
680 8
680 148
681 104
681 180
681 67
682 93
682 615
682 207
683 574
683 673
683 258
684 60
684 3
684 377
685 392
685 78
685 257
686 85
686 496
686 105
687 61
687 476
687 7
688 541
688 584
688 160
689 26
689 499
689 120
690 37
690 565
690 85
691 4
691 2
691 137
692 549
692 196
692 175
693 190
693 204
693 334
694 532
694 575
694 172
695 75
695 171
695 190
696 192
696 391
696 478
697 14
697 50
697 633
698 605
698 11
698 5
699 231
699 526
699 600
700 60
700 8
700 159
701 345
701 76
701 527
702 124
702 123
702 39
703 6
703 0
703 149
704 75
704 437
704 576
705 0
705 499
705 3
706 364
706 461
706 22
707 151
707 648
707 584
708 14
708 448
708 80
709 362
709 219
709 58
710 191
710 39
710 478
711 350
711 217
711 7
712 43
712 215
712 141
713 5
713 222
713 70
714 57
714 104
714 687
715 270
715 569
715 549
716 199
716 60
716 135
717 34
717 530
717 247
718 37
718 141
718 449
719 665
719 208
719 262
720 53
720 401
720 418
721 1
721 386
721 60
722 356
722 2
722 95
723 75
723 606
723 536
724 4
724 64
724 97
725 3
725 75
725 284
726 51
726 49
726 26
727 142
727 723
727 153
728 61
728 362
728 188
729 247
729 23
729 39
730 102
730 20
730 662
731 17
731 271
731 361
732 298
732 703
732 196
733 451
733 535
733 710
734 481
734 17
734 53
735 366
735 1
735 7
736 157
736 354
736 387
737 552
737 470
737 0
738 562
738 411
738 172
739 222
739 475
739 390
740 718
740 446
740 645
741 160
741 191
741 222
742 1
742 87
742 259
743 109
743 12
743 157
744 20
744 530
744 125
745 104
745 463
745 569
746 91
746 139
746 7
747 311
747 530
747 158
748 160
748 305
748 687
749 369
749 202
749 205
750 4
750 669
750 16
751 137
751 103
751 222
752 224
752 449
752 60
753 7
753 159
753 327
754 2
754 523
754 103
755 288
755 193
755 204
756 305
756 140
756 133
757 105
757 243
757 618
758 92
758 731
758 121
759 231
759 91
759 616
760 655
760 0
760 143
761 605
761 39
761 719
762 535
762 286
762 43
763 489
763 427
763 222
764 202
764 492
764 518
765 0
765 540
765 9
766 642
766 683
766 125
767 28
767 739
767 4
768 10
768 154
768 370
769 265
769 33
769 1
770 137
770 401
770 53
771 7
771 58
771 283
772 508
772 7
772 52
773 101
773 732
773 526
774 22
774 80
774 225
775 616
775 602
775 377
776 559
776 57
776 214
777 31
777 154
777 10
778 0
778 6
778 21
779 70
779 363
779 86
780 439
780 300
780 2
781 602
781 185
781 755
782 223
782 746
782 3
783 565
783 205
783 304
784 298
784 43
784 691
785 538
785 138
785 304
786 83
786 389
786 63
787 29
787 126
787 510
788 755
788 164
788 116
789 83
789 429
789 190
790 320
790 432
790 105
791 207
791 64
791 400
792 165
792 113
792 46
793 320
793 371
793 261
794 12
794 262
794 96
795 467
795 104
795 482
796 522
796 262
796 60
797 277
797 218
797 309
798 130
798 468
798 409
799 38
799 352
799 3
800 21
800 22
800 69
801 158
801 334
801 239
802 280
802 298
802 159
803 33
803 60
803 72
804 5
804 78
804 21
805 159
805 75
805 531
806 726
806 326
806 176
807 334
807 370
807 705
808 101
808 69
808 429
809 437
809 808
809 612
810 194
810 181
810 93
811 706
811 37
811 356
812 461
812 3
812 209
813 49
813 19
813 188
814 582
814 173
814 701
815 533
815 249
815 337
816 166
816 279
816 563
817 565
817 190
817 427
818 803
818 572
818 4
819 24
819 802
819 482
820 46
820 470
820 244
821 10
821 1
821 292
822 34
822 141
822 9
823 629
823 53
823 17
824 160
824 229
824 772
825 8
825 642
825 185
826 533
826 33
826 466
827 26
827 746
827 725
828 618
828 360
828 380
829 24
829 137
829 307
830 53
830 279
830 6
831 206
831 85
831 767
832 90
832 173
832 137
833 4
833 749
833 101
834 629
834 382
834 646
835 69
835 639
835 567
836 682
836 196
836 7
837 469
837 435
837 72
838 60
838 37
838 8
839 159
839 187
839 105
840 504
840 108
840 370
841 125
841 739
841 247
842 168
842 232
842 121
843 434
843 201
843 140
844 480
844 63
844 157
845 88
845 245
845 190
846 788
846 88
846 228
847 503
847 606
847 15
848 667
848 75
848 389
849 12
849 7
849 780
850 409
850 449
850 62
851 75
851 263
851 610
852 4
852 554
852 629
853 30
853 427
853 12
854 453
854 271
854 4
855 206
855 751
855 58
856 334
856 509
856 3
857 7
857 3
857 534
858 587
858 597
858 100
859 273
859 4
859 77
860 470
860 762
860 203
861 810
861 483
861 152
862 165
862 816
862 484
863 55
863 159
863 93
864 748
864 449
864 47
865 636
865 17
865 574
866 496
866 537
866 30
867 457
867 222
867 235
868 1
868 125
868 9
869 266
869 72
869 0
870 10
870 235
870 137
871 16
871 190
871 137
872 28
872 36
872 0
873 4
873 176
873 574
874 823
874 266
874 770
875 825
875 124
875 414
876 309
876 359
876 818
877 566
877 23
877 819
878 75
878 214
878 774
879 18
879 247
879 332
880 877
880 357
880 411
881 304
881 878
881 693
882 334
882 10
882 622
883 354
883 116
883 7
884 551
884 8
884 602
885 4
885 604
885 865
886 7
886 24
886 397
887 607
887 37
887 64
888 20
888 29
888 307
889 755
889 516
889 60
890 138
890 679
890 4
891 0
891 260
891 741
892 258
892 164
892 188
893 305
893 306
893 2
894 86
894 300
894 456
895 36
895 100
895 137
896 792
896 21
896 159
897 23
897 267
897 0
898 802
898 122
898 180
899 304
899 158
899 549
900 52
900 170
900 195
901 867
901 28
901 26
902 343
902 770
902 240
903 170
903 194
903 844
904 159
904 645
904 182
905 331
905 21
905 297
906 154
906 49
906 205
907 696
907 596
907 262
908 46
908 376
908 366
909 352
909 393
909 3
910 191
910 270
910 437
911 667
911 508
911 75
912 3
912 22
912 736
913 632
913 24
913 261
914 130
914 410
914 54
915 22
915 297
915 189
916 727
916 12
916 223
917 616
917 7
917 353
918 190
918 894
918 17
919 33
919 602
919 277
920 524
920 270
920 360
921 140
921 786
921 127
922 484
922 856
922 733
923 541
923 17
923 133
924 913
924 113
924 254
925 222
925 823
925 168
926 11
926 571
926 813
927 119
927 387
927 815
928 3
928 77
928 134
929 221
929 816
929 814
930 379
930 619
930 34
931 410
931 13
931 269
932 354
932 46
932 11
933 279
933 781
933 567
934 341
934 6
934 103
935 8
935 526
935 26
936 447
936 467
936 258
937 598
937 1
937 397
938 929
938 251
938 81
939 60
939 286
939 604
940 314
940 4
940 585
941 92
941 214
941 146
942 915
942 3
942 58
943 526
943 397
943 439
944 3
944 26
944 133
945 17
945 79
945 837
946 377
946 565
946 337
947 7
947 622
947 57
948 452
948 22
948 884
949 461
949 449
949 480
950 819
950 304
950 508
951 689
951 33
951 172
952 789
952 513
952 121
953 764
953 825
953 155
954 27
954 31
954 452
955 45
955 429
955 97
956 46
956 2
956 916
957 28
957 407
957 887
958 481
958 106
958 579
959 354
959 704
959 97
960 925
960 90
960 331
961 685
961 785
961 632
962 27
962 11
962 893
963 396
963 240
963 116
964 5
964 147
964 112
965 399
965 6
965 754
966 119
966 85
966 842
967 565
967 196
967 921
968 167
968 740
968 419
969 4
969 750
969 120
970 728
970 934
970 242
971 176
971 769
971 11
972 290
972 691
972 906
973 23
973 280
973 476
974 282
974 13
974 72
975 317
975 316
975 160
976 460
976 966
976 21
977 581
977 300
977 461
978 533
978 60
978 604
979 869
979 92
979 846
980 750
980 97
980 922
981 306
981 436
981 376
982 350
982 750
982 181
983 190
983 105
983 390
984 54
984 543
984 749
985 19
985 320
985 606
986 306
986 243
986 579
987 11
987 62
987 214
988 469
988 499
988 165
989 26
989 687
989 72
990 37
990 0
990 718
991 504
991 392
991 77
992 131
992 93
992 730
993 21
993 214
993 112
994 336
994 923
994 12
995 89
995 91
995 58
996 912
996 977
996 93
997 108
997 466
997 135
998 306
998 36
998 103
999 665
999 190
999 862
