1 0
2 0
2 1
3 0
3 1
3 2
4 1
4 0
4 2
5 0
5 1
5 3
6 1
6 0
6 2
7 4
7 1
7 6
8 2
8 0
8 1
9 4
9 7
9 1
10 0
10 4
10 1
11 6
11 4
11 10
12 7
12 0
12 2
13 1
13 5
13 4
14 0
14 1
14 4
15 1
15 12
15 4
16 1
16 11
16 7
17 2
17 13
17 5
18 16
18 1
18 12
19 4
19 18
19 1
20 6
20 11
20 13
21 6
21 7
21 1
22 13
22 6
22 17
23 12
23 2
23 0
24 6
24 3
24 22
25 3
25 0
25 12
26 13
26 22
26 1
27 5
27 7
27 11
28 11
28 0
28 8
29 6
29 13
29 28
30 4
30 0
30 13
31 4
31 13
31 1
32 7
32 27
32 1
33 4
33 28
33 1
34 13
34 27
34 16
35 5
35 7
35 0
36 0
36 4
36 10
37 7
37 13
37 20
38 4
38 2
38 1
39 32
39 37
39 11
40 15
40 0
40 36
41 18
41 13
41 0
42 9
42 1
42 0
43 28
43 0
43 1
44 0
44 23
44 2
45 20
45 31
45 13
46 0
46 13
46 11
47 12
47 29
47 10
48 1
48 28
48 37
49 1
49 11
49 48
50 44
50 13
50 1
51 38
51 2
51 43
52 0
52 45
52 17
53 37
53 42
53 46
54 23
54 13
54 4
55 12
55 1
55 44
56 47
56 44
56 18
57 47
57 4
57 0
58 28
58 55
58 18
59 1
59 7
59 2
60 18
60 22
60 27
61 30
61 54
61 11
62 43
62 24
62 7
63 26
63 4
63 10
64 62
64 16
64 13
65 34
65 54
65 22
66 8
66 16
66 7
67 37
67 26
67 6
68 42
68 4
68 29
69 13
69 3
69 44
70 7
70 43
70 1
71 70
71 10
71 54
72 1
72 50
72 4
73 2
73 47
73 54
74 64
74 0
74 2
75 1
75 44
75 51
76 31
76 14
76 0
77 75
77 12
77 3
78 1
78 36
78 40
79 1
79 0
79 13
80 38
80 1
80 8
81 51
81 7
81 12
82 57
82 11
82 48
83 7
83 12
83 11
84 4
84 27
84 77
85 42
85 74
85 16
86 0
86 58
86 4
87 5
87 51
87 2
88 32
88 12
88 28
89 42
89 69
89 1
90 50
90 28
90 1
91 45
91 1
91 57
92 22
92 64
92 28
93 75
93 32
93 74
94 40
94 74
94 83
95 1
95 13
95 64
96 0
96 7
96 38
97 13
97 89
97 80
98 2
98 28
98 71
99 36
99 1
99 56
100 64
100 32
100 6
101 20
101 7
101 75
102 18
102 2
102 74
103 49
103 70
103 90
104 12
104 19
104 4
105 45
105 38
105 13
106 2
106 1
106 32
107 4
107 23
107 73
108 4
108 52
108 55
109 2
109 28
109 1
110 58
110 4
110 92
111 2
111 28
111 89
112 57
112 23
112 49
113 75
113 0
113 79
114 39
114 13
114 99
115 64
115 90
115 0
116 6
116 4
116 86
117 44
117 4
117 58
118 14
118 57
118 93
119 1
119 91
119 23
120 66
120 5
120 78
121 107
121 44
121 3
122 17
122 104
122 57
123 4
123 61
123 92
124 120
124 2
124 97
125 121
125 101
125 52
126 57
126 56
126 119
127 7
127 111
127 16
128 8
128 90
128 18
129 2
129 115
129 1
130 2
130 83
130 27
131 4
131 75
131 45
132 12
132 50
132 13
133 7
133 4
133 0
134 114
134 119
134 72
135 76
135 20
135 8
136 47
136 0
136 75
137 4
137 103
137 49
138 26
138 78
138 2
139 45
139 103
139 24
140 13
140 131
140 112
141 44
141 2
141 58
142 82
142 7
142 86
143 72
143 1
143 132
144 7
144 91
144 54
145 1
145 50
145 0
146 0
146 37
146 39
147 89
147 4
147 51
148 17
148 64
148 139
149 50
149 21
149 90
150 86
150 0
150 28
151 5
151 4
151 57
152 16
152 116
152 2
153 8
153 74
153 147
154 130
154 77
154 40
155 51
155 0
155 82
156 10
156 73
156 85
157 37
157 128
157 119
158 64
158 92
158 11
159 141
159 7
159 22
160 70
160 103
160 125
161 121
161 27
161 11
162 4
162 5
162 141
163 0
163 99
163 141
164 1
164 32
164 38
165 18
165 92
165 13
166 13
166 54
166 105
167 38
167 8
167 0
168 1
168 154
168 56
169 4
169 5
169 24
170 115
170 136
170 77
171 2
171 64
171 8
172 3
172 90
172 76
173 0
173 16
173 42
174 120
174 162
174 1
175 4
175 21
175 155
176 155
176 92
176 167
177 133
177 116
177 105
178 1
178 6
178 18
179 35
179 2
179 4
180 116
180 99
180 150
181 3
181 0
181 177
182 51
182 0
182 13
183 48
183 61
183 36
184 127
184 77
184 119
185 37
185 32
185 55
186 32
186 118
186 47
187 5
187 74
187 0
188 74
188 19
188 72
189 93
189 37
189 5
190 141
190 16
190 4
191 141
191 13
191 165
192 4
192 178
192 77
193 82
193 142
193 7
194 5
194 1
194 144
195 75
195 66
195 6
196 107
196 3
196 59
197 12
197 120
197 39
198 57
198 79
198 155
199 21
199 14
199 93
200 1
200 20
200 6
201 13
201 145
201 107
202 65
202 13
202 10
203 165
203 163
203 132
204 28
204 23
204 128
205 0
205 10
205 117
206 151
206 22
206 6
207 2
207 57
207 52
208 7
208 5
208 143
209 167
209 181
209 32
210 89
210 159
210 22
211 14
211 46
211 3
212 6
212 96
212 7
213 4
213 200
213 15
214 4
214 36
214 57
215 88
215 4
215 91
216 13
216 89
216 4
217 4
217 74
217 189
218 90
218 37
218 43
219 138
219 148
219 163
220 95
220 37
220 40
221 172
221 34
221 210
222 163
222 55
222 50
223 50
223 13
223 107
224 163
224 137
224 111
225 1
225 88
225 116
226 13
226 186
226 176
227 122
227 1
227 189
228 65
228 99
228 27
229 0
229 219
229 20
230 8
230 154
230 94
231 159
231 62
231 90
232 78
232 18
232 50
233 160
233 15
233 2
234 77
234 50
234 40
235 58
235 16
235 76
236 32
236 50
236 62
237 5
237 66
237 81
238 10
238 28
238 27
239 181
239 211
239 72
240 23
240 27
240 84
241 59
241 216
241 0
242 21
242 26
242 3
243 135
243 30
243 10
244 154
244 0
244 229
245 46
245 127
245 5
246 124
246 178
246 107
247 11
247 168
247 54
248 140
248 29
248 1
249 26
249 138
249 102
250 170
250 212
250 32
251 54
251 38
251 45
252 181
252 134
252 91
253 6
253 3
253 1
254 3
254 54
254 36
255 51
255 88
255 13
256 54
256 47
256 93
257 139
257 1
257 114
258 93
258 11
258 0
259 20
259 23
259 125
260 45
260 159
260 220
261 5
261 235
261 32
262 6
262 34
262 89
263 189
263 39
263 106
264 1
264 5
264 141
265 12
265 13
265 2
266 205
266 54
266 34
267 193
267 70
267 227
268 124
268 11
268 1
269 79
269 215
269 19
270 82
270 2
270 238
271 49
271 0
271 69
272 37
272 51
272 87
273 235
273 49
273 231
274 31
274 236
274 156
275 78
275 32
275 79
276 7
276 154
276 135
277 0
277 163
277 24
278 74
278 40
278 212
279 238
279 50
279 171
280 238
280 19
280 10
281 155
281 90
281 114
282 58
282 6
282 132
283 78
283 4
283 247
284 2
284 121
284 118
285 28
285 1
285 4
286 54
286 6
286 128
287 31
287 197
287 119
288 24
288 35
288 89
289 3
289 12
289 1
290 54
290 172
290 80
291 38
291 249
291 239
292 216
292 112
292 7
293 96
293 86
293 149
294 163
294 79
294 3
295 34
295 38
295 1
296 23
296 107
296 12
297 8
297 131
297 39
298 89
298 127
298 8
299 104
299 89
299 58
300 164
300 124
300 181
301 4
301 1
301 116
302 132
302 1
302 293
303 125
303 19
303 6
304 0
304 35
304 7
305 108
305 77
305 270
306 99
306 4
306 185
307 93
307 70
307 145
308 262
308 62
308 8
309 51
309 43
309 10
310 171
310 201
310 7
311 5
311 240
311 2
312 134
312 4
312 70
313 250
313 13
313 7
314 45
314 227
314 42
315 209
315 279
315 245
316 179
316 5
316 114
317 99
317 24
317 166
318 155
318 173
318 1
319 12
319 10
319 129
320 70
320 195
320 54
321 57
321 128
321 82
322 57
322 317
322 7
323 218
323 124
323 119
324 5
324 4
324 0
325 2
325 100
325 127
326 87
326 253
326 123
327 53
327 4
327 62
328 214
328 154
328 107
329 247
329 2
329 53
330 11
330 181
330 10
331 92
331 90
331 0
332 57
332 54
332 1
333 164
333 278
333 140
334 78
334 51
334 272
335 247
335 278
335 331
336 209
336 257
336 49
337 83
337 50
337 327
338 206
338 37
338 0
339 266
339 207
339 93
340 220
340 43
340 185
341 54
341 225
341 128
342 4
342 0
342 86
343 8
343 271
343 180
344 8
344 162
344 75
345 141
345 279
345 19
346 172
346 343
346 34
347 331
347 40
347 220
348 114
348 160
348 215
349 4
349 68
349 22
350 208
350 105
350 93
351 44
351 16
351 36
352 133
352 117
352 43
353 54
353 231
353 132
354 12
354 13
354 19
355 0
355 45
355 37
356 259
356 1
356 88
357 112
357 44
357 236
358 325
358 310
358 292
359 11
359 54
359 32
360 160
360 96
360 322
361 160
361 59
361 168
362 54
362 12
362 107
363 177
363 206
363 2
364 43
364 0
364 152
365 275
365 201
365 86
366 59
366 43
366 11
367 128
367 255
367 184
368 106
368 167
368 215
369 63
369 288
369 39
370 178
370 55
370 31
371 81
371 318
371 179
372 7
372 245
372 346
373 236
373 38
373 16
374 11
374 38
374 1
375 127
375 32
375 44
376 28
376 39
376 117
377 331
377 114
377 51
378 86
378 103
378 155
379 55
379 31
379 178
380 3
380 246
380 62
381 271
381 50
381 0
382 114
382 267
382 2
383 170
383 21
383 321
384 76
384 1
384 225
385 170
385 325
385 359
386 38
386 47
386 70
387 43
387 291
387 72
388 28
388 43
388 2
389 13
389 371
389 197
390 3
390 18
390 375
391 360
391 6
391 136
392 383
392 163
392 328
393 225
393 180
393 244
394 297
394 1
394 72
395 8
395 330
395 127
396 89
396 2
396 90
397 18
397 288
397 255
398 8
398 98
398 335
399 2
399 1
399 44
400 93
400 334
400 0
401 339
401 2
401 5
402 4
402 117
402 271
403 72
403 145
403 245
404 15
404 201
404 43
405 155
405 392
405 0
406 84
406 257
406 31
407 309
407 11
407 136
408 123
408 128
408 354
409 5
409 352
409 88
410 39
410 323
410 70
411 34
411 102
411 111
412 81
412 384
412 167
413 339
413 18
413 4
414 2
414 59
414 114
415 331
415 282
415 159
416 396
416 7
416 103
417 142
417 2
417 13
418 352
418 179
418 43
419 270
419 44
419 413
420 364
420 414
420 57
421 180
421 214
421 13
422 236
422 113
422 194
423 345
423 270
423 352
424 241
424 320
424 42
425 35
425 66
425 250
426 118
426 1
426 57
427 164
427 7
427 4
428 247
428 267
428 50
429 0
429 10
429 125
430 103
430 88
430 11
431 109
431 298
431 289
432 1
432 431
432 32
433 93
433 10
433 346
434 243
434 37
434 119
435 277
435 8
435 186
436 81
436 54
436 1
437 288
437 378
437 84
438 1
438 159
438 16
439 2
439 57
439 11
440 171
440 76
440 356
441 2
441 18
441 82
442 171
442 82
442 32
443 167
443 257
443 54
444 37
444 23
444 0
445 191
445 4
445 13
446 308
446 76
446 52
447 2
447 293
447 23
448 220
448 346
448 70
449 13
449 51
449 2
450 150
450 393
450 212
451 48
451 119
451 8
452 41
452 13
452 87
453 23
453 234
453 0
454 71
454 11
454 2
455 107
455 28
455 339
456 48
456 57
456 319
457 267
457 381
457 268
458 6
458 78
458 127
459 0
459 107
459 43
460 279
460 5
460 352
461 192
461 32
461 27
462 120
462 109
462 6
463 455
463 181
463 168
464 0
464 161
464 170
465 111
465 271
465 28
466 297
466 189
466 73
467 40
467 421
467 205
468 50
468 0
468 80
469 325
469 172
469 359
470 348
470 219
470 100
471 430
471 178
471 384
472 124
472 316
472 187
473 5
473 23
473 55
474 337
474 210
474 79
475 72
475 53
475 285
476 136
476 430
476 82
477 51
477 60
477 11
478 2
478 0
478 18
479 27
479 336
479 5
480 348
480 200
480 4
481 4
481 210
481 3
482 0
482 201
482 6
483 3
483 176
483 35
484 0
484 44
484 139
485 92
485 56
485 178
486 44
486 328
486 435
487 429
487 229
487 32
488 430
488 450
488 50
489 390
489 473
489 382
490 1
490 32
490 2
491 6
491 23
491 63
492 10
492 308
492 451
493 222
493 58
493 188
494 92
494 346
494 40
495 122
495 0
495 36
496 275
496 1
496 450
497 446
497 167
497 439
498 88
498 341
498 90
499 397
499 0
499 189
