0 1
0 2
1 0
1 2
2 0
2 1
3 1
3 0
3 2
4 2
4 0
4 3
5 0
5 3
5 2
6 2
6 1
6 3
7 2
7 1
7 5
8 2
8 1
8 7
9 1
9 3
9 8
10 3
10 9
10 2
11 6
11 1
11 3
12 4
12 0
12 11
13 1
13 9
13 8
14 3
14 7
14 8
15 2
15 3
15 7
16 3
16 13
16 15
17 16
17 3
17 15
18 4
18 0
18 9
19 9
19 3
19 17
20 10
20 4
20 5
21 5
21 20
21 12
22 1
22 20
22 15
23 0
23 9
23 8
24 7
24 2
24 10
25 3
25 2
25 22
26 2
26 17
26 15
27 13
27 0
27 17
28 19
28 2
28 12
29 12
29 2
29 26
30 28
30 10
30 22
31 4
31 1
31 12
32 31
32 26
32 12
33 17
33 30
33 10
34 17
34 30
34 12
35 24
35 1
35 31
36 6
36 4
36 2
37 30
37 35
37 3
38 0
38 17
38 20
39 19
39 15
39 25
40 5
40 12
40 23
41 8
41 15
41 2
42 26
42 11
42 30
43 8
43 3
43 16
44 5
44 20
44 30
45 2
45 20
45 14
46 8
46 28
46 41
47 1
47 8
47 26
48 12
48 4
48 11
49 7
49 24
49 17
