0 1
1 0
2 0
2 1
3 2
3 1
3 0
4 1
4 0
4 3
5 4
5 1
5 3
6 2
6 0
6 5
7 3
7 4
7 5
8 3
8 4
8 1
9 3
9 4
9 1
10 8
10 3
10 1
11 5
11 1
11 10
12 0
12 6
12 7
13 12
13 2
13 8
14 1
14 6
14 0
15 3
15 6
15 1
16 4
16 12
16 7
17 0
17 13
17 1
18 3
18 1
18 2
19 8
19 2
19 1
20 1
20 4
20 2
21 12
21 13
21 0
22 6
22 8
22 4
23 6
23 19
23 7
24 7
24 4
24 3
25 10
25 1
25 0
26 1
26 0
26 14
27 1
27 0
27 10
28 11
28 1
28 18
29 0
29 25
29 3
30 21
30 1
30 6
31 30
31 3
31 2
32 1
32 21
32 13
33 0
33 5
33 24
34 23
34 11
34 4
35 3
35 21
35 13
36 19
36 25
36 21
37 31
37 0
37 1
38 1
38 0
38 7
39 18
39 10
39 34
40 2
40 0
40 35
41 6
41 4
41 11
42 12
42 21
42 13
43 23
43 10
43 32
44 1
44 18
44 0
45 1
45 10
45 40
46 2
46 45
46 8
47 8
47 0
47 18
48 32
48 3
48 21
49 2
49 0
49 19
