0 1
1 0
2 0
2 1
3 1
3 0
3 2
4 1
4 0
4 2
5 0
5 3
5 1
6 3
6 2
6 5
7 3
7 0
7 1
8 1
8 0
8 3
9 5
9 6
9 1
10 6
10 1
10 4
11 7
11 0
11 3
12 7
12 0
12 5
13 1
13 3
13 0
14 1
14 13
14 6
15 1
15 7
15 9
16 3
16 5
16 1
17 5
17 3
17 8
18 0
18 8
18 12
19 14
19 18
19 2
20 6
20 9
20 18
21 0
21 8
21 20
22 1
22 13
22 8
23 5
23 0
23 8
24 20
24 22
24 18
25 15
25 2
25 13
26 19
26 1
26 13
27 0
27 8
27 7
28 3
28 5
28 26
29 5
29 8
29 12
30 0
30 21
30 13
31 3
31 20
31 1
32 5
32 27
32 6
33 2
33 10
33 4
34 22
34 2
34 1
35 23
35 8
35 2
36 6
36 18
36 19
37 2
37 3
37 23
38 5
38 34
38 21
39 2
39 34
39 14
40 21
40 2
40 4
41 0
41 20
41 1
42 31
42 0
42 2
43 17
43 21
43 37
44 4
44 2
44 38
45 10
45 1
45 28
46 27
46 25
46 16
47 7
47 1
47 0
48 34
48 15
48 44
49 4
49 13
49 20
50 37
50 2
50 18
51 2
51 44
51 26
52 5
52 26
52 3
53 5
53 2
53 1
54 12
54 18
54 19
55 1
55 2
55 29
56 33
56 22
56 48
57 0
57 42
57 19
58 2
58 37
58 33
59 51
59 55
59 44
60 12
60 45
60 19
61 45
61 8
61 4
62 56
62 18
62 35
63 3
63 9
63 37
64 3
64 32
64 12
65 28
65 0
65 13
66 27
66 0
66 63
67 7
67 6
67 38
68 0
68 2
68 49
69 22
69 37
69 2
70 13
70 68
70 0
71 28
71 56
71 15
72 70
72 8
72 71
73 55
73 3
73 43
74 70
74 13
74 52
75 42
75 40
75 2
76 70
76 2
76 14
77 1
77 43
77 30
78 37
78 0
78 2
79 2
79 62
79 27
80 45
80 27
80 58
81 44
81 3
81 0
82 27
82 7
82 14
83 1
83 39
83 0
84 37
84 0
84 8
85 64
85 58
85 79
86 52
86 13
86 5
87 0
87 58
87 55
88 15
88 26
88 64
89 8
89 34
89 35
90 2
90 0
90 55
91 3
91 4
91 60
92 84
92 49
92 30
93 3
93 0
93 44
94 42
94 5
94 78
95 78
95 3
95 56
96 41
96 43
96 32
97 1
97 58
97 85
98 16
98 39
98 2
99 16
99 18
99 2
100 67
100 3
100 1
101 5
101 7
101 76
102 80
102 63
102 19
103 100
103 72
103 0
104 81
104 1
104 2
105 1
105 72
105 8
106 87
106 90
106 78
107 89
107 106
107 60
108 17
108 1
108 0
109 28
109 81
109 32
110 83
110 39
110 46
111 48
111 103
111 17
112 13
112 20
112 40
113 13
113 94
113 61
114 27
114 3
114 20
115 8
115 51
115 67
116 1
116 110
116 32
117 15
117 53
117 50
118 21
118 3
118 8
119 5
119 43
119 0
120 1
120 62
120 3
121 0
121 1
121 47
122 10
122 0
122 77
123 1
123 50
123 21
124 58
124 104
124 96
125 14
125 50
125 37
126 52
126 0
126 21
127 11
127 1
127 43
128 1
128 106
128 123
129 74
129 3
129 2
130 9
130 76
130 37
131 55
131 109
131 31
132 5
132 63
132 68
133 37
133 1
133 50
134 52
134 96
134 106
135 64
135 53
135 130
136 117
136 60
136 7
137 70
137 20
137 130
138 0
138 31
138 78
139 47
139 35
139 25
140 25
140 84
140 137
141 48
141 101
141 98
142 37
142 56
142 96
143 76
143 8
143 71
144 2
144 20
144 0
145 32
145 40
145 87
146 21
146 130
146 8
147 42
147 61
147 64
148 7
148 12
148 20
149 130
149 21
149 51
150 1
150 2
150 10
151 82
151 51
151 3
152 37
152 0
152 48
153 10
153 135
153 22
154 13
154 38
154 22
155 22
155 42
155 153
156 58
156 9
156 37
157 1
157 123
157 3
158 56
158 108
158 74
159 68
159 84
159 1
160 129
160 99
160 52
161 44
161 28
161 70
162 50
162 0
162 82
163 71
163 9
163 8
164 26
164 106
164 3
165 15
165 132
165 155
166 74
166 145
166 20
167 2
167 87
167 13
168 15
168 35
168 88
169 137
169 20
169 2
170 43
170 0
170 152
171 93
171 14
171 8
172 65
172 15
172 148
173 84
173 20
173 0
174 109
174 7
174 130
175 20
175 6
175 125
176 7
176 42
176 21
177 100
177 86
177 78
178 85
178 13
178 102
179 71
179 148
179 166
180 136
180 31
180 123
181 37
181 1
181 148
182 45
182 6
182 172
183 131
183 43
183 9
184 68
184 8
184 81
185 94
185 9
185 76
186 147
186 6
186 1
187 13
187 144
187 61
188 15
188 40
188 35
189 186
189 76
189 22
190 76
190 0
190 119
191 85
191 3
191 5
192 15
192 4
192 150
193 0
193 179
193 128
194 78
194 35
194 13
195 45
195 68
195 147
196 188
196 43
196 21
197 156
197 103
197 98
198 43
198 1
198 179
199 22
199 42
199 34
200 8
200 166
200 78
201 1
201 21
201 109
202 15
202 1
202 23
203 63
203 82
203 50
204 12
204 8
204 24
205 172
205 69
205 113
206 21
206 34
206 3
207 12
207 146
207 86
208 0
208 198
208 10
209 69
209 13
209 100
210 69
210 98
210 27
211 106
211 182
211 129
212 31
212 22
212 26
213 69
213 8
213 50
214 9
214 2
214 148
215 203
215 70
215 0
216 42
216 133
216 173
217 43
217 184
217 31
218 2
218 27
218 91
219 18
219 161
219 208
220 199
220 41
220 13
221 52
221 3
221 0
222 17
222 51
222 95
223 181
223 26
223 96
224 63
224 8
224 1
225 9
225 76
225 74
226 13
226 50
226 95
227 30
227 191
227 223
228 35
228 1
228 48
229 76
229 113
229 8
230 165
230 21
230 89
231 23
231 47
231 83
232 194
232 122
232 73
233 22
233 58
233 10
234 20
234 2
234 1
235 66
235 0
235 9
236 10
236 42
236 108
237 8
237 82
237 21
238 194
238 12
238 81
239 52
239 86
239 65
240 22
240 113
240 149
241 7
241 134
241 58
242 3
242 7
242 107
243 8
243 176
243 7
244 148
244 62
244 130
245 7
245 148
245 55
246 15
246 3
246 153
247 234
247 52
247 1
248 0
248 1
248 13
249 67
249 37
249 60
250 4
250 2
250 209
251 26
251 83
251 193
252 3
252 163
252 2
253 190
253 148
253 76
254 7
254 102
254 1
255 18
255 7
255 20
256 103
256 214
256 6
257 245
257 152
257 20
258 0
258 83
258 21
259 4
259 232
259 8
260 107
260 163
260 226
261 47
261 34
261 229
262 207
262 256
262 188
263 2
263 111
263 97
264 249
264 98
264 82
265 227
265 24
265 106
266 3
266 96
266 77
267 177
267 96
267 80
268 90
268 1
268 98
269 138
269 21
269 0
270 15
270 8
270 82
271 243
271 152
271 0
272 2
272 170
272 35
273 2
273 65
273 37
274 266
274 7
274 37
275 9
275 130
275 80
276 55
276 0
276 42
277 70
277 43
277 13
278 170
278 274
278 110
279 63
279 153
279 62
280 31
280 11
280 38
281 240
281 111
281 263
282 137
282 4
282 8
283 30
283 108
283 8
284 3
284 40
284 148
285 240
285 259
285 2
286 74
286 0
286 217
287 188
287 13
287 41
288 189
288 200
288 179
289 21
289 83
289 8
290 18
290 61
290 15
291 280
291 2
291 106
292 169
292 290
292 187
293 197
293 183
293 19
294 203
294 26
294 35
295 216
295 96
295 34
296 213
296 49
296 48
297 13
297 168
297 86
298 211
298 141
298 252
299 164
299 102
299 5
300 232
300 155
300 119
301 51
301 8
301 68
302 142
302 61
302 3
303 39
303 224
303 45
304 130
304 101
304 22
305 123
305 263
305 227
306 43
306 8
306 197
307 226
307 27
307 30
308 85
308 229
308 3
309 23
309 1
309 67
310 144
310 156
310 57
311 272
311 13
311 10
312 64
312 5
312 236
313 107
313 126
313 53
314 96
314 23
314 133
315 193
315 14
315 8
316 7
316 39
316 0
317 0
317 65
317 163
318 5
318 1
318 125
319 38
319 2
319 201
320 5
320 13
320 177
321 128
321 9
321 231
322 191
322 229
322 302
323 107
323 262
323 100
324 50
324 8
324 0
325 208
325 8
325 19
326 13
326 272
326 2
327 30
327 8
327 133
328 3
328 62
328 73
329 67
329 19
329 38
330 107
330 89
330 244
331 81
331 30
331 277
332 154
332 27
332 130
333 164
333 27
333 199
334 295
334 58
334 234
335 114
335 3
335 165
336 2
336 69
336 61
337 195
337 5
337 96
338 187
338 2
338 35
339 324
339 2
339 329
340 308
340 195
340 44
341 148
341 178
341 312
342 41
342 3
342 257
343 85
343 2
343 0
344 33
344 125
344 194
345 14
345 45
345 21
346 10
346 145
346 281
347 309
347 199
347 14
348 8
348 37
348 105
349 56
349 55
349 174
350 347
350 7
350 305
351 1
351 327
351 350
352 25
352 42
352 1
353 16
353 20
353 160
354 67
354 43
354 129
355 172
355 44
355 125
356 272
356 85
356 17
357 150
357 165
357 13
358 190
358 148
358 320
359 4
359 136
359 37
360 186
360 61
360 16
361 109
361 52
361 146
362 91
362 60
362 48
363 155
363 3
363 191
364 26
364 47
364 58
365 81
365 2
365 166
366 13
366 274
366 2
367 166
367 1
367 14
368 83
368 103
368 0
369 4
369 71
369 44
370 155
370 0
370 104
371 287
371 0
371 151
372 8
372 12
372 308
373 104
373 337
373 287
374 349
374 0
374 26
375 332
375 100
375 200
376 235
376 288
376 106
377 325
377 79
377 99
378 87
378 3
378 68
379 55
379 373
379 361
380 219
380 316
380 340
381 103
381 357
381 263
382 95
382 149
382 78
383 28
383 248
383 17
384 1
384 201
384 100
385 1
385 104
385 8
386 55
386 220
386 0
387 242
387 51
387 45
388 2
388 72
388 188
389 298
389 13
389 39
390 26
390 34
390 166
391 200
391 32
391 340
392 338
392 43
392 0
393 97
393 390
393 19
394 19
394 198
394 32
395 191
395 2
395 16
396 327
396 279
396 15
397 324
397 370
397 92
398 276
398 21
398 2
399 155
399 395
399 1
400 130
400 292
400 248
401 50
401 118
401 1
402 227
402 206
402 165
403 364
403 19
403 0
404 115
404 30
404 88
405 26
405 338
405 37
406 315
406 285
406 7
407 5
407 188
407 145
408 38
408 20
408 84
409 74
409 357
409 34
410 33
410 4
410 231
411 106
411 318
411 194
412 405
412 316
412 7
413 157
413 31
413 43
414 388
414 339
414 38
415 294
415 391
415 240
416 163
416 369
416 51
417 232
417 2
417 180
418 241
418 105
418 18
419 261
419 82
419 86
420 379
420 96
420 48
421 37
421 190
421 24
422 8
422 161
422 106
423 8
423 146
423 15
424 6
424 183
424 114
425 96
425 193
425 141
426 418
426 134
426 388
427 2
427 66
427 21
428 203
428 56
428 83
429 279
429 45
429 33
430 106
430 424
430 2
431 43
431 10
431 21
432 274
432 393
432 20
433 149
433 269
433 72
434 118
434 63
434 214
435 35
435 201
435 21
436 402
436 1
436 312
437 418
437 311
437 145
438 413
438 3
438 16
439 5
439 211
439 255
440 119
440 301
440 268
441 240
441 103
441 369
442 1
442 91
442 121
443 35
443 0
443 20
444 274
444 148
444 61
445 108
445 5
445 4
446 166
446 138
446 9
447 191
447 28
447 42
448 47
448 60
448 15
449 384
449 82
449 376
450 428
450 100
450 34
451 421
451 272
451 280
452 26
452 1
452 95
453 384
453 133
453 19
454 3
454 1
454 402
455 30
455 126
455 8
456 2
456 396
456 388
457 413
457 203
457 343
458 382
458 454
458 369
459 232
459 393
459 325
460 145
460 378
460 26
461 271
461 3
461 291
462 257
462 93
462 164
463 19
463 269
463 343
464 420
464 426
464 187
465 65
465 0
465 333
466 200
466 426
466 27
467 6
467 357
467 268
468 274
468 67
468 438
469 14
469 6
469 1
470 8
470 168
470 1
471 21
471 47
471 154
472 5
472 262
472 151
473 72
473 96
473 61
474 358
474 387
474 0
475 26
475 191
475 151
476 18
476 267
476 6
477 190
477 106
477 253
478 138
478 85
478 56
479 27
479 194
479 5
480 69
480 3
480 202
481 48
481 9
481 412
482 293
482 0
482 350
483 47
483 108
483 458
484 253
484 56
484 21
485 313
485 199
485 19
486 325
486 481
486 58
487 209
487 195
487 20
488 451
488 100
488 15
489 37
489 109
489 22
490 234
490 96
490 34
491 2
491 255
491 166
492 187
492 20
492 100
493 6
493 143
493 155
494 188
494 79
494 55
495 395
495 447
495 102
496 87
496 12
496 424
497 4
497 289
497 245
498 229
498 9
498 1
499 112
499 109
499 263
