0 1
0 2
1 0
1 2
2 1
2 0
3 2
3 1
3 0
4 0
4 1
4 2
5 0
5 2
5 1
6 0
6 2
6 1
7 0
7 1
7 4
8 0
8 1
8 2
9 0
9 7
9 1
10 3
10 4
10 5
11 6
11 2
11 1
12 2
12 6
12 5
13 5
13 6
13 1
14 10
14 5
14 2
15 0
15 11
15 4
16 1
16 2
16 12
17 2
17 0
17 1
18 1
18 8
18 17
19 2
19 17
19 15
20 16
20 1
20 14
21 11
21 1
21 16
22 1
22 8
22 2
23 3
23 18
23 17
24 0
24 3
24 6
25 4
25 3
25 1
26 8
26 4
26 12
27 26
27 4
27 2
28 2
28 16
28 8
29 27
29 2
29 1
30 0
30 24
30 1
31 1
31 17
31 24
32 1
32 6
32 12
33 10
33 8
33 4
34 10
34 18
34 2
35 10
35 14
35 29
36 1
36 15
36 4
37 23
37 1
37 4
38 24
38 23
38 16
39 1
39 0
39 12
40 21
40 0
40 31
41 23
41 39
41 24
42 40
42 21
42 36
43 1
43 8
43 10
44 17
44 5
44 41
45 38
45 17
45 21
46 1
46 21
46 4
47 24
47 0
47 11
48 21
48 24
48 44
49 36
49 2
49 16
50 4
50 8
50 10
51 2
51 0
51 38
52 1
52 2
52 49
53 24
53 1
53 15
54 10
54 18
54 36
55 5
55 29
55 34
56 24
56 1
56 26
57 49
57 47
57 44
58 1
58 21
58 8
59 11
59 51
59 58
60 50
60 35
60 53
61 8
61 47
61 18
62 44
62 0
62 20
63 42
63 1
63 4
64 53
64 62
64 7
65 7
65 24
65 31
66 16
66 24
66 37
67 18
67 64
67 58
68 1
68 5
68 26
69 0
69 7
69 2
70 58
70 44
70 24
71 53
71 38
71 12
72 20
72 8
72 31
73 2
73 47
73 30
74 50
74 39
74 12
75 59
75 20
75 50
76 24
76 65
76 44
77 48
77 54
77 10
78 8
78 1
78 23
79 2
79 0
79 1
80 62
80 76
80 29
81 16
81 66
81 35
82 26
82 4
82 0
83 40
83 38
83 26
84 40
84 48
84 50
85 63
85 13
85 37
86 78
86 53
86 72
87 0
87 11
87 21
88 62
88 2
88 23
89 1
89 68
89 22
90 0
90 54
90 2
91 12
91 1
91 27
92 51
92 21
92 60
93 21
93 1
93 29
94 1
94 48
94 31
95 2
95 65
95 0
96 14
96 44
96 16
97 17
97 65
97 66
98 19
98 93
98 66
99 81
99 44
99 60
100 4
100 6
100 11
101 66
101 4
101 47
102 65
102 1
102 0
103 6
103 1
103 2
104 97
104 4
104 60
105 56
105 44
105 60
106 24
106 54
106 1
107 5
107 0
107 63
108 40
108 38
108 1
109 16
109 84
109 27
110 0
110 4
110 1
111 97
111 26
111 84
112 24
112 0
112 10
113 60
113 21
113 22
114 82
114 39
114 4
115 0
115 14
115 36
116 0
116 75
116 8
117 26
117 80
117 69
118 1
118 28
118 54
119 79
119 2
119 0
120 4
120 51
120 0
121 83
121 84
121 59
122 24
122 4
122 31
123 9
123 4
123 56
124 15
124 10
124 12
125 77
125 65
125 58
126 12
126 66
126 106
127 94
127 50
127 16
128 15
128 31
128 124
129 19
129 68
129 4
130 1
130 39
130 68
131 29
131 37
131 110
132 109
132 16
132 1
133 41
133 48
133 26
134 52
134 2
134 0
135 104
135 54
135 4
136 11
136 125
136 1
137 0
137 123
137 4
138 82
138 107
138 58
139 24
139 2
139 135
140 56
140 95
140 4
141 124
141 27
141 41
142 20
142 124
142 31
143 83
143 134
143 82
144 30
144 68
144 34
145 0
145 89
145 83
146 26
146 7
146 58
147 143
147 97
147 68
148 5
148 4
148 83
149 115
149 69
149 66
150 36
150 22
150 124
151 54
151 93
151 31
152 112
152 84
152 119
153 76
153 49
153 26
154 16
154 73
154 18
155 115
155 84
155 0
156 0
156 10
156 11
157 8
157 117
157 58
158 12
158 134
158 2
159 106
159 32
159 8
160 53
160 1
160 66
161 11
161 1
161 103
162 134
162 0
162 16
163 8
163 42
163 1
164 24
164 2
164 89
165 84
165 44
165 81
166 46
166 132
166 129
167 27
167 21
167 100
168 12
168 18
168 11
169 3
169 21
169 4
170 0
170 142
170 1
171 21
171 42
171 63
172 10
172 21
172 105
173 84
173 5
173 26
174 10
174 11
174 111
175 76
175 37
175 49
176 60
176 26
176 53
177 1
177 0
177 117
178 38
178 75
178 19
179 27
179 24
179 9
180 73
180 148
180 89
181 24
181 103
181 135
182 2
182 17
182 93
183 53
183 100
183 54
184 53
184 99
184 42
185 177
185 2
185 66
186 17
186 45
186 42
187 10
187 2
187 139
188 36
188 55
188 136
189 99
189 51
189 0
190 1
190 85
190 122
191 6
191 21
191 182
192 58
192 174
192 65
193 49
193 58
193 26
194 140
194 96
194 34
195 89
195 4
195 44
196 130
196 0
196 91
197 59
197 169
197 51
198 39
198 8
198 73
199 111
199 1
199 112
200 124
200 97
200 6
201 69
201 17
201 91
202 87
202 10
202 147
203 141
203 53
203 12
204 0
204 11
204 143
205 46
205 8
205 17
206 2
206 196
206 106
207 113
207 137
207 10
208 58
208 145
208 104
209 3
209 176
209 7
210 40
210 76
210 109
211 53
211 65
211 182
212 210
212 24
212 209
213 1
213 59
213 148
214 0
214 12
214 164
215 2
215 22
215 67
216 63
216 33
216 169
217 143
217 66
217 0
218 156
218 164
218 196
219 108
219 53
219 34
220 70
220 132
220 1
221 59
221 114
221 205
222 40
222 120
222 67
223 1
223 22
223 111
224 90
224 70
224 139
225 32
225 51
225 193
226 1
226 6
226 187
227 196
227 182
227 42
228 0
228 1
228 137
229 11
229 39
229 50
230 4
230 12
230 65
231 1
231 191
231 22
232 211
232 62
232 209
233 213
233 0
233 21
234 11
234 16
234 150
235 92
235 110
235 164
236 39
236 121
236 41
237 20
237 47
237 24
238 54
238 191
238 106
239 104
239 167
239 51
240 51
240 4
240 38
241 164
241 7
241 31
242 142
242 18
242 164
243 74
243 16
243 68
244 46
244 0
244 44
245 8
245 170
245 116
246 14
246 22
246 124
247 110
247 134
247 107
248 131
248 134
248 189
249 17
249 2
249 78
250 48
250 151
250 128
251 0
251 46
251 80
252 130
252 137
252 4
253 69
253 241
253 132
254 205
254 16
254 4
255 12
255 29
255 70
256 183
256 252
256 42
257 56
257 112
257 50
258 248
258 2
258 10
259 29
259 30
259 26
260 63
260 3
260 0
261 106
261 26
261 205
262 85
262 174
262 68
263 15
263 67
263 261
264 229
264 17
264 92
265 2
265 75
265 131
266 84
266 124
266 10
267 47
267 121
267 59
268 134
268 124
268 83
269 14
269 11
269 164
270 204
270 7
270 90
271 4
271 61
271 1
272 38
272 163
272 59
273 44
273 28
273 27
274 37
274 10
274 195
275 185
275 272
275 158
276 81
276 24
276 44
277 110
277 257
277 1
278 275
278 49
278 8
279 95
279 12
279 22
280 8
280 189
280 117
281 44
281 2
281 212
282 54
282 217
282 7
283 271
283 1
283 2
284 126
284 135
284 14
285 1
285 41
285 67
286 80
286 2
286 244
287 213
287 255
287 72
288 4
288 12
288 204
289 51
289 120
289 63
290 204
290 163
290 228
291 103
291 18
291 44
292 54
292 102
292 99
293 11
293 100
293 18
294 98
294 11
294 31
295 2
295 26
295 58
296 82
296 42
296 13
297 117
297 135
297 30
298 24
298 77
298 7
299 189
299 72
299 5
300 19
300 16
300 131
301 26
301 287
301 117
302 26
302 96
302 291
303 288
303 151
303 5
304 131
304 52
304 40
305 166
305 24
305 86
306 16
306 267
306 47
307 82
307 241
307 31
308 40
308 120
308 192
309 225
309 2
309 53
310 70
310 1
310 10
311 18
311 247
311 182
312 49
312 52
312 187
313 24
313 0
313 166
314 83
314 24
314 180
315 39
315 0
315 50
316 187
316 26
316 3
317 54
317 124
317 291
318 264
318 124
318 10
319 153
319 104
319 116
320 1
320 45
320 68
321 53
321 10
321 12
322 105
322 60
322 170
323 15
323 2
323 68
324 106
324 4
324 69
325 319
325 1
325 38
326 1
326 106
326 62
327 320
327 129
327 163
328 236
328 43
328 155
329 137
329 163
329 2
330 260
330 166
330 116
331 193
331 224
331 309
332 1
332 107
332 26
333 92
333 187
333 41
334 1
334 147
334 323
335 1
335 244
335 54
336 142
336 11
336 50
337 135
337 8
337 302
338 0
338 53
338 326
339 31
339 0
339 170
340 191
340 11
340 299
341 74
341 163
341 282
342 122
342 83
342 296
343 25
343 7
343 58
344 21
344 37
344 328
345 85
345 110
345 1
346 83
346 122
346 70
347 283
347 14
347 207
348 66
348 14
348 3
349 54
349 166
349 1
350 105
350 49
350 116
351 322
351 122
351 2
352 175
352 51
352 223
353 72
353 68
353 2
354 76
354 129
354 144
355 48
355 338
355 12
356 27
356 1
356 129
357 229
357 262
357 204
358 164
358 218
358 10
359 55
359 7
359 1
360 164
360 99
360 1
361 190
361 188
361 92
362 70
362 14
362 89
363 0
363 335
363 323
364 61
364 72
364 109
365 168
365 246
365 338
366 65
366 8
366 82
367 49
367 130
367 141
368 8
368 74
368 131
369 1
369 7
369 41
370 2
370 204
370 83
371 164
371 8
371 78
372 86
372 8
372 63
373 215
373 211
373 29
374 266
374 83
374 16
375 11
375 42
375 6
376 45
376 285
376 171
377 358
377 83
377 56
378 71
378 231
378 29
379 310
379 10
379 67
380 46
380 2
380 91
381 178
381 120
381 112
382 15
382 246
382 14
383 110
383 117
383 201
384 260
384 83
384 47
385 1
385 52
385 49
386 84
386 41
386 11
387 300
387 8
387 0
388 11
388 382
388 296
389 232
389 328
389 229
390 2
390 131
390 298
391 70
391 298
391 353
392 191
392 53
392 338
393 44
393 172
393 177
394 24
394 33
394 178
395 16
395 103
395 147
396 375
396 285
396 224
397 18
397 1
397 147
398 110
398 65
398 362
399 0
399 267
399 65
400 110
400 141
400 166
401 6
401 237
401 31
402 53
402 1
402 173
403 11
403 246
403 51
404 86
404 2
404 245
405 209
405 164
405 21
406 4
406 16
406 53
407 195
407 144
407 187
408 357
408 327
408 191
409 27
409 15
409 103
410 2
410 135
410 11
411 94
411 93
411 248
412 133
412 318
412 0
413 87
413 94
413 139
414 61
414 1
414 159
415 163
415 271
415 64
416 124
416 0
416 66
417 53
417 51
417 300
418 82
418 4
418 204
419 53
419 18
419 328
420 210
420 305
420 48
421 53
421 293
421 16
422 7
422 84
422 1
423 161
423 53
423 68
424 23
424 53
424 11
425 18
425 124
425 299
426 111
426 77
426 4
427 83
427 42
427 4
428 315
428 187
428 125
429 33
429 28
429 89
430 142
430 44
430 79
431 1
431 47
431 31
432 408
432 36
432 47
433 6
433 1
433 164
434 26
434 407
434 362
435 83
435 189
435 432
436 30
436 8
436 2
437 182
437 155
437 135
438 194
438 215
438 0
439 187
439 6
439 172
440 331
440 141
440 79
441 84
441 320
441 274
442 124
442 18
442 262
443 21
443 390
443 171
444 45
444 221
444 0
445 6
445 40
445 0
446 324
446 18
446 8
447 299
447 39
447 425
448 8
448 2
448 263
449 11
449 6
449 41
450 277
450 189
450 436
451 125
451 373
451 40
452 310
452 434
452 55
453 2
453 11
453 226
454 68
454 194
454 114
455 2
455 428
455 394
456 353
456 1
456 192
457 12
457 431
457 194
458 406
458 76
458 383
459 50
459 182
459 212
460 24
460 227
460 109
461 332
461 123
461 21
462 179
462 163
462 162
463 135
463 224
463 170
464 40
464 280
464 143
465 300
465 30
465 117
466 1
466 14
466 381
467 273
467 406
467 371
468 210
468 24
468 146
469 384
469 40
469 44
470 51
470 29
470 274
471 6
471 409
471 105
472 26
472 320
472 261
473 94
473 448
473 48
474 335
474 221
474 350
475 39
475 40
475 238
476 43
476 1
476 73
477 12
477 283
477 346
478 229
478 2
478 204
479 166
479 34
479 126
480 44
480 32
480 102
481 0
481 47
481 53
482 1
482 10
482 262
483 345
483 149
483 1
484 97
484 184
484 272
485 397
485 146
485 1
486 390
486 43
486 3
487 310
487 28
487 83
488 2
488 42
488 304
489 2
489 34
489 29
490 438
490 10
490 359
491 85
491 259
491 59
492 310
492 113
492 142
493 422
493 120
493 262
494 380
494 155
494 111
495 40
495 393
495 170
496 0
496 199
496 56
497 50
497 190
497 61
498 410
498 277
498 173
499 12
499 4
499 35
