0 1
0 2
0 3
0 4
0 6
0 8
0 10
0 11
0 13
0 14
0 15
0 16
0 18
0 22
0 40
0 59
0 63
0 71
0 75
0 87
0 100
0 129
0 151
1 0
1 2
1 3
1 4
1 5
1 6
1 8
1 12
1 21
1 23
1 29
1 41
1 53
1 54
1 115
1 121
1 125
1 176
1 182
1 189
1 214
1 269
1 371
2 1
2 0
2 3
2 5
2 7
2 9
2 11
2 12
2 25
2 31
2 34
2 35
2 56
2 61
2 65
2 69
2 75
2 110
2 134
2 137
2 174
2 190
2 222
3 2
3 1
3 0
3 4
3 7
3 10
3 11
3 13
3 14
3 15
3 19
3 20
3 23
3 33
3 38
3 59
3 65
3 83
3 95
3 100
3 102
3 104
3 105
4 1
4 3
4 0
4 5
4 16
4 28
4 29
4 36
4 38
4 44
4 67
4 87
4 109
4 112
4 130
4 196
4 224
4 228
4 244
4 286
4 288
4 390
4 403
5 4
5 1
5 2
5 6
5 7
5 8
5 9
5 12
5 18
5 27
5 29
5 34
5 35
5 39
5 42
5 43
5 64
5 67
5 92
5 156
5 187
5 188
5 224
6 5
6 0
6 1
6 9
6 13
6 20
6 32
6 46
6 85
6 96
6 102
6 108
6 112
6 190
6 219
6 231
6 248
6 314
6 332
6 463
6 479
6 484
6 600
7 3
7 5
7 2
7 10
7 16
7 18
7 19
7 24
7 43
7 66
7 92
7 98
7 104
7 153
7 181
7 248
7 253
7 381
7 411
7 427
7 440
7 485
7 788
8 1
8 5
8 0
8 14
8 71
8 93
8 97
8 135
8 150
8 175
8 432
8 523
8 638
9 6
9 5
9 2
9 39
9 45
9 49
9 80
9 91
9 105
9 106
9 119
9 265
9 384
9 443
9 506
9 537
9 597
9 679
9 727
9 823
9 859
9 878
10 7
10 3
10 0
10 21
10 30
10 32
10 36
10 47
10 91
10 103
10 120
10 312
10 320
10 357
10 477
10 498
10 504
10 526
10 699
10 747
10 765
10 803
10 842
11 3
11 0
11 2
11 17
11 19
11 21
11 31
11 41
11 52
11 101
11 116
11 128
11 137
11 161
11 169
11 172
11 232
11 409
11 450
11 464
11 628
11 766
11 787
12 2
12 1
12 5
12 17
12 24
12 31
12 35
12 40
12 47
12 51
12 62
12 72
12 74
12 79
12 141
12 143
12 198
12 201
12 337
12 364
12 509
12 599
12 619
13 3
13 6
13 0
13 15
13 20
13 25
13 26
13 27
13 28
13 91
13 106
13 158
13 192
13 207
13 208
13 237
13 265
13 279
13 311
13 313
13 315
13 532
13 732
14 0
14 8
14 3
14 23
14 27
14 39
14 55
14 67
14 70
14 72
14 78
14 81
14 88
14 136
14 167
14 191
14 239
14 256
14 264
14 289
14 328
14 368
14 502
15 3
15 0
15 13
15 17
15 30
15 37
15 43
15 60
15 63
15 66
15 88
15 162
15 179
15 229
15 266
15 324
15 410
15 538
15 872
15 932
16 0
16 7
16 4
16 25
16 33
16 48
16 76
16 127
16 140
16 219
16 291
16 302
16 310
16 359
16 535
16 666
16 685
16 735
16 748
16 763
16 882
16 924
17 11
17 15
17 12
17 45
17 51
17 55
17 61
17 142
17 256
17 755
17 821
18 7
18 0
18 5
18 22
18 59
18 89
18 146
18 254
18 262
18 289
18 462
18 483
18 556
18 685
18 741
18 890
18 921
19 7
19 11
19 3
19 71
19 75
19 134
19 178
19 469
19 498
20 6
20 3
20 13
20 22
20 45
20 48
20 58
20 83
20 201
20 223
20 241
20 263
20 349
20 448
20 472
20 478
20 631
20 970
21 11
21 10
21 1
21 54
21 74
21 110
21 124
21 151
21 322
21 414
21 423
21 435
21 439
21 532
21 796
21 852
22 0
22 20
22 18
22 26
22 44
22 52
22 53
22 56
22 94
22 126
22 476
22 650
23 3
23 1
23 14
23 24
23 33
23 34
23 42
23 122
23 141
23 154
23 225
23 451
23 472
23 496
23 569
23 744
23 790
23 909
23 917
24 7
24 12
24 23
24 26
24 32
24 90
24 130
24 178
24 186
24 254
24 268
24 291
24 298
24 673
24 702
24 711
24 787
24 858
24 876
24 878
25 2
25 16
25 13
25 28
25 36
25 161
25 542
26 13
26 24
26 22
26 30
26 37
26 50
26 54
26 99
26 126
26 131
26 140
26 171
26 223
26 461
26 530
26 548
26 772
26 790
27 5
27 13
27 14
27 77
27 160
27 355
27 452
28 13
28 4
28 25
28 37
28 47
28 58
28 72
28 94
28 124
28 177
28 210
28 232
28 280
28 300
28 307
28 331
28 402
28 436
28 555
28 701
28 770
28 834
28 903
29 5
29 4
29 1
29 40
29 61
29 69
29 119
29 266
29 354
29 526
29 610
29 801
29 864
29 894
30 10
30 15
30 26
30 51
30 83
30 142
30 146
30 163
30 209
30 216
30 217
30 277
30 425
30 466
30 632
30 734
30 842
30 913
31 12
31 11
31 2
31 60
31 173
31 197
31 217
31 379
31 566
31 608
31 749
31 830
32 6
32 10
32 24
32 87
32 131
32 234
32 507
32 541
32 930
33 23
33 16
33 3
33 38
33 93
33 243
33 440
33 739
33 972
33 984
34 2
34 5
34 23
34 88
34 124
34 166
34 230
34 539
34 690
34 985
35 5
35 2
35 12
35 48
35 57
35 66
35 77
35 94
35 159
35 169
35 213
35 215
35 360
35 362
35 386
36 10
36 25
36 4
36 69
36 245
36 257
36 483
36 605
37 28
37 26
37 15
37 53
37 62
37 84
37 86
37 92
37 101
37 159
37 279
37 375
37 444
37 679
37 692
38 4
38 33
38 3
38 46
38 56
38 63
38 73
38 115
38 181
38 200
38 233
38 242
38 283
38 304
38 339
38 592
38 968
39 14
39 5
39 9
39 44
39 49
39 193
39 200
39 204
39 524
39 715
40 29
40 12
40 0
40 41
40 42
40 74
40 108
40 133
40 173
40 181
40 183
40 308
40 317
40 385
40 397
40 435
40 560
40 792
40 883
40 953
40 974
41 40
41 1
41 11
41 46
41 49
41 50
41 77
41 81
41 102
41 103
41 105
41 113
41 153
41 180
41 259
41 282
41 284
41 321
41 361
41 381
41 396
41 422
41 448
42 40
42 23
42 5
42 50
42 55
42 99
42 127
42 157
42 233
42 247
42 282
42 304
42 395
42 623
42 730
42 777
43 7
43 15
43 5
43 234
43 424
43 528
43 557
43 586
43 848
43 863
44 4
44 22
44 39
45 17
45 20
45 9
45 52
45 97
45 191
45 356
45 492
45 649
45 706
45 759
45 798
46 38
46 41
46 6
46 64
46 82
46 86
46 117
46 204
46 207
46 229
46 236
46 292
46 336
46 364
46 488
46 501
46 505
46 565
46 613
46 832
46 864
46 886
46 910
47 10
47 28
47 12
47 65
47 70
47 145
47 170
47 174
47 179
47 199
47 219
47 286
47 291
47 327
47 386
47 425
47 427
47 628
47 651
48 16
48 20
48 35
48 158
48 183
48 226
48 473
48 485
48 557
48 797
48 889
49 41
49 39
49 9
49 111
49 148
49 318
49 396
49 495
49 653
49 750
49 900
50 26
50 42
50 41
50 60
50 86
50 144
50 241
50 246
50 399
50 641
50 680
50 896
51 30
51 12
51 17
51 57
51 128
51 145
51 320
51 506
51 669
52 22
52 11
52 45
52 142
52 400
52 602
53 37
53 1
53 22
53 58
53 68
53 73
53 76
53 98
53 143
53 201
53 205
53 214
53 310
53 323
53 479
53 516
53 552
53 582
53 593
54 1
54 26
54 21
54 62
54 103
54 129
54 178
54 322
54 409
54 788
55 14
55 42
55 17
55 57
55 70
55 106
55 118
55 123
55 149
55 243
55 362
55 404
55 459
55 466
55 581
55 709
55 843
56 38
56 2
56 22
56 159
56 613
56 775
57 55
57 51
57 35
57 78
57 84
57 89
57 125
57 197
57 208
57 236
57 352
57 742
57 986
58 20
58 53
58 28
58 93
58 138
58 184
58 189
58 232
58 281
58 332
58 554
58 636
58 647
58 723
58 895
58 926
59 0
59 3
59 18
59 68
59 73
59 78
59 79
59 90
59 107
59 248
59 270
59 325
59 400
59 552
59 558
59 562
59 608
59 756
60 31
60 15
60 50
60 68
60 96
60 150
60 183
60 206
60 210
60 316
60 621
60 716
60 797
60 952
61 17
61 2
61 29
61 107
61 168
61 331
61 534
61 858
62 12
62 37
62 54
62 64
62 90
62 162
62 205
62 222
62 295
62 345
62 426
62 500
62 540
62 628
62 651
62 877
63 0
63 15
63 38
63 114
63 317
63 318
63 885
63 979
64 62
64 5
64 46
64 109
64 135
64 236
64 259
65 2
65 47
65 3
65 99
65 197
65 377
65 382
65 492
66 7
66 15
66 35
66 89
66 109
66 121
66 171
66 286
66 325
66 336
66 377
66 525
66 562
66 851
66 972
67 4
67 5
67 14
67 80
67 110
67 116
67 143
67 293
67 296
67 343
68 60
68 59
68 53
68 123
68 334
68 403
68 540
68 590
68 937
68 993
69 36
69 2
69 29
69 111
69 171
69 186
69 423
69 673
69 790
70 14
70 55
70 47
70 194
70 209
70 436
70 657
70 862
71 0
71 19
71 8
71 81
71 111
71 198
71 204
71 594
71 713
71 795
71 820
72 14
72 12
72 28
72 95
72 149
72 158
72 173
72 271
72 380
73 38
73 53
73 59
73 82
73 85
73 172
73 205
73 306
73 334
73 341
73 575
73 888
73 996
74 40
74 12
74 21
74 107
74 290
74 294
74 296
74 645
74 704
74 712
74 770
74 835
75 2
75 0
75 19
75 76
75 85
75 100
75 134
75 167
75 233
75 239
75 297
75 335
75 338
75 348
75 626
75 688
75 695
75 699
75 710
75 892
75 945
76 53
76 75
76 16
76 144
76 156
76 315
76 415
76 573
76 732
76 782
76 845
77 41
77 35
77 27
77 118
77 149
77 216
77 301
77 303
77 339
77 463
77 566
77 601
77 631
77 735
77 759
77 836
78 59
78 14
78 57
78 79
78 112
78 132
78 147
78 390
78 528
78 588
78 702
79 59
79 78
79 12
79 80
79 84
79 127
79 152
79 255
79 280
79 361
79 620
79 687
79 715
79 765
79 943
79 951
80 67
80 79
80 9
80 82
80 150
80 193
80 290
80 410
80 441
80 635
80 660
80 721
80 736
81 71
81 41
81 14
81 949
82 80
82 46
82 73
82 104
82 132
82 165
82 439
82 545
82 553
82 693
82 767
82 837
82 894
82 987
83 30
83 3
83 20
83 139
84 57
84 79
84 37
84 95
84 138
84 203
84 218
84 283
84 285
84 381
84 659
84 931
84 956
84 979
85 73
85 75
85 6
85 118
85 126
85 185
85 187
85 211
85 329
85 343
85 574
85 590
85 626
85 736
85 789
85 815
86 50
86 46
86 37
86 96
86 120
86 122
86 224
86 235
86 281
86 340
86 391
86 446
86 543
86 576
86 634
86 649
86 938
87 0
87 32
87 4
87 221
87 678
88 15
88 34
88 14
88 98
88 113
88 155
88 157
88 195
88 269
88 458
88 473
88 502
88 507
88 508
88 546
88 559
88 625
88 683
89 66
89 18
89 57
89 128
89 135
89 259
89 261
89 369
89 443
89 556
89 796
89 862
89 977
90 59
90 24
90 62
90 97
90 119
90 122
90 139
90 239
90 278
90 290
90 488
90 493
90 542
90 755
91 13
91 9
91 10
91 113
91 210
91 467
91 481
91 482
91 491
91 979
92 7
92 37
92 5
92 115
92 117
92 153
92 212
92 240
92 263
92 275
92 287
92 300
92 341
92 426
92 430
92 591
92 666
92 728
93 33
93 58
93 8
93 156
93 531
93 718
93 780
94 22
94 35
94 28
94 168
95 84
95 72
95 3
95 214
95 250
95 321
95 335
95 356
95 367
95 779
95 806
95 855
95 891
95 913
96 6
96 86
96 60
96 305
96 438
96 440
96 706
96 738
96 922
96 968
97 8
97 90
97 45
97 108
97 166
97 237
97 309
97 909
97 934
98 7
98 88
98 53
98 139
98 200
98 270
98 493
98 579
98 629
98 667
98 767
98 829
98 875
98 896
98 912
99 26
99 65
99 42
99 180
99 284
99 451
100 75
100 3
100 0
100 101
100 133
100 146
100 221
100 242
100 323
100 499
100 640
100 805
100 835
100 857
101 100
101 11
101 37
101 145
101 151
101 230
101 288
101 431
101 433
101 445
101 791
102 3
102 6
102 41
102 114
102 196
102 235
102 368
102 527
102 585
102 711
102 889
103 54
103 10
103 41
103 114
103 185
103 186
103 275
103 330
103 517
103 521
103 531
103 597
103 611
103 670
103 695
103 793
104 7
104 3
104 82
104 148
104 551
105 41
105 9
105 3
105 246
105 484
106 13
106 9
106 55
106 120
106 163
106 172
106 682
106 759
107 59
107 61
107 74
107 140
107 148
107 179
107 293
107 351
107 471
107 494
107 673
107 712
107 785
107 873
108 6
108 97
108 40
108 258
108 269
108 309
108 776
109 64
109 66
109 4
109 152
109 363
109 394
109 471
109 645
110 21
110 2
110 67
110 191
110 202
110 206
110 268
110 272
110 305
110 398
110 785
111 71
111 49
111 69
111 132
111 136
111 240
111 342
111 494
112 6
112 4
112 78
112 147
112 166
112 303
112 584
112 623
112 662
112 700
112 740
112 796
112 869
113 91
113 88
113 41
113 163
113 167
113 366
113 543
113 564
114 63
114 102
114 103
114 117
114 123
114 154
114 393
114 406
115 92
115 1
115 38
115 116
115 162
115 185
115 195
115 266
115 379
115 468
115 487
115 556
115 580
115 646
115 705
115 807
115 817
115 876
115 998
116 115
116 11
116 67
117 46
117 92
117 114
117 170
117 274
117 331
117 457
117 541
117 586
117 921
117 948
118 85
118 77
118 55
118 411
118 475
118 499
118 553
118 660
119 90
119 29
119 9
119 175
119 182
119 335
119 458
119 732
119 761
119 786
119 849
120 10
120 106
120 86
120 121
120 164
120 324
120 338
120 358
120 487
120 572
120 639
120 643
121 66
121 1
121 120
121 229
121 267
121 687
121 692
122 23
122 86
122 90
122 125
122 138
122 141
122 164
122 306
122 368
122 376
122 394
122 516
122 661
122 811
123 114
123 68
123 55
123 174
123 211
123 396
123 542
123 582
124 21
124 28
124 34
124 131
124 154
124 429
125 57
125 1
125 122
125 144
125 216
125 630
126 26
126 85
126 22
126 160
126 187
126 273
126 483
126 497
126 543
126 576
126 936
127 42
127 16
127 79
127 133
127 261
127 528
127 618
127 661
127 815
127 851
128 51
128 11
128 89
128 168
128 184
128 194
128 208
128 244
128 250
128 272
128 274
128 275
128 312
128 315
128 329
128 350
128 355
128 372
128 454
128 456
128 480
128 670
128 744
129 54
129 3
129 0
129 471
129 497
129 680
129 760
129 842
130 3
130 4
130 24
130 137
130 175
130 213
130 245
130 296
130 304
130 402
130 616
131 32
131 26
131 124
131 136
131 155
131 228
131 371
131 674
132 78
132 111
132 82
132 196
132 241
132 382
132 390
132 648
132 861
132 934
133 40
133 100
133 127
133 165
133 307
133 325
133 370
133 437
133 438
133 746
133 792
134 19
134 2
134 75
134 360
134 602
134 923
135 89
135 64
135 8
135 155
135 161
135 209
135 533
135 590
135 654
135 914
136 14
136 111
136 131
136 313
136 405
136 446
136 640
136 749
136 966
137 130
137 11
137 2
137 180
137 211
137 222
137 264
137 312
137 393
137 786
137 792
138 84
138 58
138 122
138 199
138 404
138 756
139 83
139 90
139 98
139 147
139 202
139 220
139 258
139 268
139 366
139 385
139 417
139 497
139 905
140 26
140 107
140 16
140 157
140 251
141 122
141 23
141 12
141 838
142 17
142 30
142 52
142 238
142 365
142 428
142 455
142 574
142 595
142 689
142 691
142 736
142 931
143 53
143 12
143 67
143 570
144 125
144 50
144 76
144 164
144 406
144 501
144 514
144 936
145 51
145 101
145 47
145 165
145 182
145 217
145 218
145 267
145 356
145 632
145 988
146 30
146 18
146 100
146 188
146 253
146 452
146 638
146 745
147 78
147 112
147 139
147 238
147 408
147 523
147 893
148 104
148 49
148 107
148 228
148 238
148 344
148 449
148 675
148 727
148 795
148 814
148 982
149 55
149 77
149 72
149 177
149 380
149 388
149 392
149 741
150 80
150 60
150 8
150 348
150 363
150 401
150 610
150 659
150 786
151 101
151 0
151 21
151 252
151 434
151 444
151 495
151 631
151 714
152 3
152 79
152 109
152 160
152 170
152 285
152 328
152 594
152 794
152 975
153 92
153 41
153 7
153 215
153 859
153 959
154 114
154 124
154 23
154 226
154 249
154 253
154 280
154 294
154 353
154 365
154 544
154 840
154 860
154 945
155 135
155 131
155 88
155 176
155 212
155 330
155 719
155 898
155 945
155 956
156 76
156 93
156 5
156 227
157 42
157 140
157 88
157 260
157 267
157 276
157 299
157 353
157 407
157 447
157 459
157 527
157 573
157 578
157 655
157 758
157 784
157 865
157 902
158 48
158 13
158 72
158 192
158 215
158 225
158 383
158 425
158 630
158 774
158 811
159 56
159 35
159 37
159 272
159 299
159 345
159 376
159 477
159 738
159 863
159 976
160 152
160 126
160 27
160 373
160 448
160 910
161 25
161 135
161 11
161 227
161 258
161 461
161 524
161 635
161 803
161 857
162 62
162 15
162 115
162 203
162 282
163 30
163 113
163 106
163 176
163 203
163 327
163 424
163 685
163 777
164 120
164 144
164 122
164 420
164 517
164 800
164 918
165 133
165 145
165 82
165 206
165 831
165 879
166 34
166 97
166 112
166 169
166 874
167 75
167 14
167 113
167 278
167 496
167 589
167 599
167 761
168 128
168 61
168 94
168 177
168 190
168 199
168 333
168 364
168 376
168 642
168 778
168 832
168 868
169 35
169 11
169 166
169 220
169 301
169 369
169 568
169 808
169 904
170 152
170 47
170 117
170 189
170 192
170 249
170 407
170 454
171 26
171 66
171 69
171 292
171 328
171 463
171 662
172 106
172 73
172 11
172 301
172 544
172 880
173 40
173 72
173 31
173 281
173 340
173 374
174 123
174 47
174 2
174 665
174 812
175 130
175 119
175 8
175 357
175 604
176 155
176 1
176 163
176 188
176 218
176 251
176 321
176 327
176 344
176 347
176 504
176 519
176 719
176 787
176 991
177 28
177 149
177 168
177 213
177 225
177 260
177 412
177 474
177 520
177 575
177 608
177 716
178 19
178 54
178 24
178 498
178 550
178 564
178 568
178 684
178 751
179 47
179 15
179 107
179 202
179 485
180 99
180 137
180 41
180 194
181 40
181 7
181 38
181 262
181 288
181 383
181 490
181 537
181 551
181 583
181 635
181 659
181 752
182 145
182 119
182 1
182 243
182 337
182 492
182 856
183 48
183 60
183 40
183 250
183 378
183 387
183 422
183 449
183 486
183 530
183 757
183 881
184 58
184 128
184 0
184 372
184 403
184 413
184 430
184 444
184 509
184 538
185 85
185 103
185 115
185 237
185 276
185 277
185 581
185 769
186 24
186 103
186 69
186 244
186 332
186 540
186 572
186 605
186 656
186 901
187 126
187 85
187 5
187 223
187 245
187 255
187 260
187 263
187 318
187 349
187 362
187 412
187 416
187 428
187 554
188 5
188 176
188 146
188 413
189 1
189 58
189 170
189 198
189 418
189 669
190 2
190 6
190 168
190 285
190 583
191 14
191 110
191 45
191 314
191 434
191 810
192 170
192 13
192 158
193 3
193 80
193 39
193 320
193 382
193 616
193 652
194 180
194 70
194 128
194 256
194 353
194 373
194 420
194 432
194 460
194 929
195 3
195 88
195 115
195 346
195 511
195 641
195 643
195 690
195 708
195 789
196 132
196 4
196 102
197 31
197 57
197 65
197 989
198 71
198 12
198 189
198 234
198 257
198 429
198 916
198 941
199 138
199 47
199 168
199 505
199 625
199 816
200 38
200 39
200 98
200 354
200 456
200 593
200 650
200 726
201 53
201 20
201 12
201 230
201 277
201 361
201 370
202 110
202 179
202 139
202 264
202 319
202 431
202 607
202 814
202 875
203 163
203 84
203 162
203 221
203 273
203 428
203 495
203 639
203 874
203 991
204 71
204 46
204 39
204 220
204 276
205 62
205 73
205 53
205 261
205 271
205 294
205 481
205 697
205 808
206 165
206 60
206 110
206 207
206 231
206 459
206 563
206 947
207 206
207 46
207 13
207 468
207 567
207 760
207 818
207 827
207 939
207 984
208 128
208 13
208 57
208 262
208 478
208 503
208 752
209 70
209 30
209 135
209 336
209 465
210 91
210 28
210 60
210 246
210 675
210 830
211 137
211 123
211 85
211 212
211 292
211 719
211 939
212 92
212 155
212 211
212 227
212 408
212 423
212 484
212 601
212 799
212 975
213 35
213 177
213 130
213 398
213 442
213 462
213 491
213 592
213 647
213 678
214 1
214 53
214 95
214 464
214 644
214 653
214 739
215 35
215 158
215 153
216 77
216 30
216 125
216 442
216 520
216 533
216 555
216 668
217 30
217 145
217 31
218 176
218 84
218 145
218 298
218 326
218 383
218 388
218 482
218 622
218 682
218 885
219 16
219 6
219 47
219 387
219 470
219 512
219 610
219 705
219 773
219 961
220 169
220 204
220 139
220 914
221 87
221 100
221 203
221 295
221 458
221 570
221 851
222 62
222 137
222 2
222 346
222 908
223 187
223 20
223 26
223 247
223 395
223 455
223 487
223 549
223 615
223 682
223 725
224 86
224 4
224 5
224 251
224 818
225 23
225 177
225 158
225 278
225 399
225 545
225 565
225 819
226 154
226 48
226 0
226 644
227 212
227 161
227 156
227 308
227 764
228 148
228 4
228 131
228 350
228 561
228 672
229 46
229 15
229 121
229 435
229 633
229 657
229 797
229 911
230 34
230 201
230 101
230 587
230 588
231 6
231 5
231 206
231 252
231 289
231 349
231 379
231 385
231 445
231 447
231 716
231 757
231 774
231 824
232 28
232 11
232 58
232 247
232 254
232 442
232 969
233 42
233 75
233 38
233 299
233 322
233 389
233 475
233 524
233 729
234 43
234 198
234 32
234 754
234 976
234 995
235 86
235 5
235 102
235 414
235 420
235 958
236 57
236 46
236 64
236 354
236 477
236 721
236 936
237 13
237 185
237 97
237 242
237 418
237 604
237 867
238 147
238 142
238 148
238 646
239 75
239 14
239 90
239 401
239 728
239 932
240 2
240 111
240 92
240 512
240 561
240 566
240 802
240 925
241 132
241 50
241 20
241 402
241 507
241 633
241 856
242 237
242 38
242 100
242 432
243 33
243 55
243 182
243 607
243 621
243 720
244 128
244 4
244 186
245 36
245 187
245 130
245 249
245 283
245 638
245 981
246 50
246 105
246 210
247 223
247 42
247 232
247 329
247 359
247 648
247 816
247 848
248 6
248 7
248 59
249 170
249 245
249 154
249 684
249 912
249 947
250 183
250 95
250 128
250 270
250 703
250 785
251 224
251 176
251 140
251 300
251 558
251 614
251 698
252 0
252 151
252 231
252 313
252 357
252 617
252 703
253 146
253 154
253 7
253 541
253 617
253 916
254 24
254 232
254 18
254 493
254 511
254 727
254 789
255 187
255 3
255 79
255 578
256 14
256 17
256 194
256 387
256 422
256 441
256 452
256 766
256 966
257 198
257 36
257 5
257 388
257 585
257 652
257 755
257 952
258 161
258 108
258 139
258 274
258 395
258 408
259 64
259 41
259 89
260 187
260 157
260 177
260 367
260 392
260 717
260 725
260 947
261 89
261 127
261 205
261 297
261 413
261 558
261 677
262 18
262 208
262 181
263 187
263 92
263 20
263 295
263 337
263 355
263 515
263 601
263 660
263 901
264 137
264 202
264 14
264 352
264 399
264 410
264 431
265 2
265 13
265 9
265 686
265 783
266 29
266 115
266 15
266 273
266 319
266 489
266 609
266 632
266 726
266 927
266 949
267 145
267 157
267 121
268 110
268 139
268 24
268 380
268 615
268 634
269 88
269 1
269 108
270 250
270 98
270 59
270 287
270 314
270 378
270 397
270 537
270 954
271 72
271 0
271 205
271 885
272 128
272 110
272 159
272 303
272 339
273 126
273 266
273 203
273 287
273 957
274 258
274 128
274 117
274 323
274 839
275 103
275 128
275 92
275 279
275 418
275 924
276 157
276 204
276 185
276 284
276 589
277 30
277 201
277 185
277 348
277 965
278 167
278 90
278 225
278 370
279 275
279 37
279 13
279 456
279 518
280 28
280 79
280 154
280 351
280 469
280 486
281 173
281 86
281 58
281 302
281 404
281 416
281 549
281 804
281 884
282 41
282 162
282 42
282 450
282 579
282 801
283 245
283 84
283 38
283 474
284 41
284 276
284 99
284 852
284 906
285 152
285 190
285 84
285 297
285 307
285 324
285 407
285 436
285 784
285 822
286 47
286 4
286 66
286 654
286 844
287 273
287 92
287 270
287 372
287 394
287 844
288 101
288 181
288 4
288 476
288 658
288 724
289 14
289 18
289 231
289 326
289 828
289 872
290 90
290 74
290 80
290 340
290 352
290 384
290 490
290 686
290 817
290 873
290 920
290 937
291 24
291 16
291 47
291 641
291 995
292 46
292 211
292 171
292 311
292 316
292 522
292 644
292 998
293 67
293 3
293 107
293 308
293 775
293 861
294 154
294 205
294 74
295 263
295 62
295 221
295 992
296 74
296 67
296 130
297 285
297 75
297 261
297 309
297 351
297 391
297 486
297 616
297 778
297 833
298 5
298 24
298 218
298 752
299 159
299 233
299 157
299 525
299 551
300 92
300 251
300 28
300 392
300 547
301 77
301 169
301 172
301 360
301 722
302 16
302 281
302 0
303 112
303 77
303 272
303 306
303 513
303 539
303 854
304 42
304 130
304 38
304 334
304 350
304 415
304 586
304 663
305 96
305 5
305 110
305 359
305 809
306 303
306 122
306 73
306 500
306 735
307 285
307 28
307 133
307 473
307 634
308 227
308 40
308 293
308 414
308 438
308 467
308 522
308 568
309 297
309 108
309 97
309 345
309 451
309 598
309 656
309 697
310 53
310 3
310 16
310 346
310 373
310 447
311 3
311 292
311 13
311 469
311 589
311 603
312 137
312 128
312 10
313 136
313 252
313 13
313 371
313 398
313 873
314 270
314 6
314 191
314 319
315 13
315 128
315 76
315 333
315 389
315 552
315 636
316 60
316 0
316 292
316 571
316 609
316 730
316 845
317 40
317 63
317 0
317 347
317 358
317 713
317 830
318 63
318 187
318 49
318 374
318 443
318 453
318 585
319 202
319 314
319 266
319 544
319 627
320 10
320 51
320 193
320 571
320 865
321 176
321 41
321 95
321 433
321 577
321 896
322 233
322 54
322 21
322 374
322 603
322 655
322 718
322 749
322 939
323 100
323 53
323 274
323 343
323 491
323 904
324 285
324 15
324 120
324 460
324 479
324 503
324 619
324 838
325 133
325 66
325 59
325 415
325 534
325 741
325 782
326 0
326 289
326 218
326 342
326 421
326 866
327 176
327 47
327 163
327 367
327 689
328 171
328 152
328 14
328 401
328 519
328 906
329 128
329 247
329 85
329 921
329 971
330 3
330 155
330 103
330 333
330 737
330 949
330 992
331 61
331 28
331 117
331 850
332 186
332 58
332 6
332 417
332 504
332 807
332 879
333 168
333 330
333 315
333 375
333 433
333 559
333 844
334 68
334 304
334 73
334 724
335 75
335 95
335 119
335 510
335 795
336 46
336 66
336 209
336 405
336 453
336 627
336 629
337 12
337 182
337 263
337 517
337 663
338 5
338 120
338 75
338 457
338 500
339 77
339 38
339 272
339 341
339 768
339 817
339 825
340 290
340 86
340 173
340 342
340 426
340 466
340 521
340 923
340 997
341 339
341 92
341 73
341 454
342 111
342 340
342 326
342 377
342 508
342 712
342 776
342 915
342 950
343 67
343 85
343 323
343 344
343 722
343 916
344 176
344 343
344 148
344 691
344 883
345 62
345 159
345 309
345 470
345 488
345 867
345 902
346 222
346 195
346 310
347 317
347 176
347 0
347 358
347 365
347 609
348 150
348 277
348 75
348 439
348 501
348 762
348 944
349 20
349 187
349 231
349 956
350 228
350 304
350 128
351 107
351 280
351 297
351 474
351 810
352 57
352 264
352 290
352 409
352 511
352 646
352 860
353 157
353 194
353 154
353 619
353 928
354 29
354 236
354 200
354 535
355 128
355 27
355 263
355 437
355 642
355 850
355 868
356 95
356 145
356 45
356 751
357 252
357 175
357 10
357 800
358 317
358 347
358 120
358 366
359 305
359 16
359 247
359 709
360 134
360 301
360 35
361 41
361 201
361 79
361 375
361 666
361 841
362 187
362 35
362 55
362 378
362 455
363 150
363 109
363 2
363 424
363 446
363 502
363 718
363 857
363 893
364 12
364 168
364 46
364 369
364 823
364 869
365 142
365 347
365 154
365 411
365 602
365 854
366 139
366 358
366 113
366 546
366 821
366 957
367 327
367 260
367 95
368 14
368 102
368 122
368 412
368 671
368 955
369 364
369 89
369 169
369 462
369 554
369 729
369 892
370 133
370 201
370 278
370 429
370 510
370 665
370 845
370 895
371 313
371 131
371 1
371 681
372 128
372 184
372 287
372 751
373 310
373 194
373 160
373 419
374 322
374 173
374 318
374 658
375 37
375 361
375 333
375 518
376 159
376 168
376 122
376 510
376 731
376 773
376 903
376 915
376 981
377 65
377 66
377 342
377 518
377 531
377 656
377 731
377 950
377 963
378 270
378 362
378 183
378 569
378 810
378 953
379 115
379 231
379 31
379 405
379 529
379 576
379 888
380 268
380 72
380 149
380 740
381 7
381 41
381 84
381 538
381 578
382 193
382 65
382 132
382 416
382 606
383 181
383 158
383 218
383 915
384 9
384 2
384 290
384 406
384 441
384 527
384 611
384 843
385 40
385 231
385 139
385 449
385 614
385 689
386 3
386 35
386 47
386 397
386 567
386 678
386 841
387 256
387 183
387 219
388 257
388 218
388 149
388 563
389 315
389 1
389 233
389 417
389 526
389 837
390 78
390 4
390 132
390 427
390 808
391 3
391 297
391 86
391 584
391 625
391 633
392 149
392 300
392 260
392 572
392 724
393 2
393 137
393 114
393 516
393 746
393 907
394 109
394 122
394 287
394 687
395 258
395 223
395 42
395 683
396 123
396 41
396 49
396 460
396 714
397 40
397 270
397 386
397 737
398 313
398 213
398 110
398 421
398 520
398 612
399 225
399 50
399 264
399 419
399 464
399 637
399 743
399 825
399 927
399 960
400 59
400 52
400 5
400 522
400 802
401 239
401 150
401 328
401 457
401 875
402 130
402 28
402 241
402 489
403 4
403 184
403 68
403 450
404 281
404 138
404 55
404 505
404 881
405 136
405 336
405 379
405 475
406 144
406 114
406 384
406 461
407 285
407 157
407 170
407 535
407 714
408 212
408 258
408 147
408 421
408 453
408 662
409 54
409 352
409 11
409 476
409 769
409 805
410 15
410 80
410 264
410 496
410 508
410 671
410 897
410 940
411 118
411 7
411 365
412 177
412 368
412 187
412 747
412 865
413 261
413 188
413 184
413 480
414 308
414 21
414 235
415 325
415 304
415 76
415 573
416 281
416 382
416 187
416 664
416 688
417 332
417 139
417 389
417 681
417 733
417 954
417 967
418 189
418 237
418 275
418 434
418 596
418 597
418 707
418 776
419 399
419 3
419 373
420 164
420 194
420 235
420 481
420 612
420 645
420 834
421 326
421 398
421 408
421 480
421 577
421 579
421 768
421 847
422 256
422 183
422 41
422 653
423 69
423 21
423 212
423 930
424 163
424 43
424 363
424 620
424 799
424 971
425 30
425 47
425 158
425 577
425 914
426 92
426 340
426 62
427 7
427 390
427 47
427 536
427 565
428 203
428 187
428 142
428 595
428 750
429 124
429 370
429 198
429 467
429 478
429 620
429 640
429 690
429 753
429 805
429 946
430 184
430 5
430 92
430 525
430 676
431 101
431 202
431 264
431 728
432 242
432 194
432 8
433 321
433 101
433 333
433 591
433 630
433 946
434 151
434 418
434 191
434 549
434 959
435 229
435 40
435 21
435 600
436 70
436 28
436 285
436 561
436 775
436 841
436 870
436 880
437 4
437 355
437 133
437 951
438 133
438 96
438 308
438 465
438 777
439 82
439 21
439 348
439 963
440 96
440 33
440 7
440 515
440 652
441 80
441 384
441 256
441 840
442 213
442 232
442 216
442 553
442 668
442 699
442 833
443 89
443 318
443 9
443 560
443 880
443 954
444 184
444 151
444 37
444 465
444 668
445 5
445 231
445 101
445 691
446 86
446 363
446 136
446 562
447 310
447 231
447 157
447 547
447 569
447 587
447 922
448 160
448 20
448 41
448 470
448 977
449 385
449 148
449 183
449 468
449 637
449 734
449 771
450 11
450 403
450 282
450 624
451 99
451 309
451 23
451 588
451 617
452 256
452 27
452 146
453 408
453 318
453 336
453 606
453 667
453 816
453 821
453 890
454 170
454 128
454 341
455 142
455 223
455 362
455 742
456 279
456 128
456 200
456 490
456 570
456 846
457 117
457 338
457 401
457 622
457 745
457 763
457 794
458 88
458 221
458 119
458 743
458 778
458 899
459 157
459 55
459 206
459 655
460 324
460 396
460 194
460 822
461 161
461 406
461 26
462 213
462 369
462 18
462 529
462 917
463 77
463 171
463 6
464 399
464 214
464 11
465 444
465 438
465 209
465 515
465 529
465 877
466 30
466 340
466 55
466 720
466 846
467 308
467 91
467 429
467 890
468 207
468 449
468 115
468 643
468 798
469 19
469 311
469 280
469 547
469 555
470 219
470 345
470 448
470 748
470 866
470 933
471 107
471 109
471 129
471 708
471 806
471 854
472 23
472 20
472 4
472 999
473 307
473 88
473 48
474 351
474 177
474 283
475 405
475 233
475 118
475 596
475 607
475 713
475 988
476 22
476 288
476 409
476 530
476 676
477 236
477 10
477 159
477 557
477 809
478 20
478 208
478 429
478 603
478 698
479 324
479 53
479 6
479 836
479 847
480 413
480 421
480 128
480 744
481 91
481 205
481 420
481 753
482 91
482 5
482 218
482 694
483 18
483 36
483 126
483 648
484 105
484 212
484 6
484 550
484 893
484 975
485 7
485 179
485 48
486 297
486 280
486 183
487 223
487 120
487 115
487 559
488 90
488 46
488 345
488 514
488 642
488 959
489 41
489 266
489 402
489 575
489 753
489 891
489 919
490 456
490 290
490 181
490 503
490 523
490 548
490 739
490 762
491 213
491 323
491 91
491 499
491 519
492 45
492 182
492 65
492 514
492 564
492 864
492 955
493 254
493 98
493 90
493 512
493 905
494 111
494 2
494 107
495 49
495 151
495 203
495 513
495 546
496 410
496 23
496 167
496 670
496 948
497 126
497 129
497 139
497 983
498 10
498 19
498 178
498 695
499 100
499 118
499 491
499 825
500 306
500 338
500 62
500 981
501 144
501 46
501 348
501 521
501 613
501 664
501 824
501 925
502 14
502 88
502 363
502 802
502 935
503 490
503 324
503 208
503 506
503 723
503 933
504 10
504 332
504 176
504 955
505 404
505 199
505 46
505 703
505 819
506 503
506 51
506 9
506 829
507 241
507 32
507 88
507 591
507 600
508 410
508 88
508 342
508 618
508 779
508 990
509 184
509 12
509 4
510 335
510 376
510 370
510 533
510 598
510 696
510 960
510 982
511 195
511 254
511 352
511 708
511 876
512 219
512 493
512 240
512 599
512 637
512 848
512 900
513 303
513 495
513 5
514 144
514 492
514 488
515 263
515 465
515 440
516 122
516 53
516 393
516 754
516 942
517 337
517 164
517 103
517 970
518 377
518 375
518 279
518 536
518 711
519 328
519 176
519 491
519 820
519 989
520 177
520 398
520 216
520 550
521 103
521 501
521 340
521 965
522 292
522 400
522 308
522 624
522 647
523 8
523 490
523 147
524 233
524 39
524 161
524 627
524 782
525 430
525 299
525 66
525 611
525 696
525 780
525 860
525 910
525 989
526 29
526 10
526 389
526 669
527 384
527 157
527 102
527 567
528 127
528 43
528 78
528 605
528 826
529 379
529 465
529 462
529 571
530 476
530 26
530 183
530 784
530 891
531 103
531 93
531 377
532 2
532 13
532 21
533 135
533 216
533 510
534 325
534 14
534 61
535 407
535 354
535 16
535 677
536 518
536 427
536 14
536 582
537 181
537 9
537 270
537 587
537 734
537 951
538 381
538 184
538 15
538 855
539 34
539 303
539 41
539 583
540 62
540 186
540 68
540 813
540 937
541 32
541 117
541 253
542 90
542 123
542 25
543 126
543 86
543 113
543 726
543 849
543 942
544 319
544 172
544 154
544 574
545 82
545 225
545 0
545 580
545 615
545 971
546 366
546 495
546 88
547 447
547 469
547 300
548 490
548 26
548 3
548 658
549 281
549 434
549 223
549 686
549 770
550 178
550 484
550 520
550 563
551 181
551 299
551 104
551 800
551 853
552 53
552 59
552 315
553 118
553 442
553 82
554 58
554 369
554 187
555 216
555 469
555 28
556 18
556 89
556 115
556 581
556 757
556 932
556 944
556 998
557 48
557 43
557 477
557 595
557 700
558 261
558 59
558 251
558 657
558 743
558 985
559 333
559 88
559 487
559 698
559 822
559 958
560 443
560 40
560 4
560 962
561 240
561 436
561 228
561 856
561 984
562 66
562 446
562 59
562 612
562 737
562 788
562 843
563 550
563 206
563 388
564 492
564 178
564 113
564 861
564 977
565 427
565 225
565 46
565 624
565 834
565 995
566 31
566 77
566 240
566 799
567 527
567 207
567 386
567 614
567 696
567 835
567 839
567 918
568 169
568 308
568 178
568 592
568 693
568 702
568 710
568 791
568 878
569 23
569 378
569 447
569 593
570 456
570 143
570 221
570 973
571 320
571 529
571 316
571 584
571 621
571 622
571 672
571 701
571 827
572 392
572 186
572 120
572 606
572 771
573 415
573 76
573 157
574 544
574 142
574 85
574 672
574 694
574 852
574 906
575 489
575 73
575 177
575 715
576 379
576 126
576 86
577 425
577 321
577 421
577 580
577 758
577 783
578 255
578 381
578 157
578 962
579 421
579 282
579 98
580 545
580 577
580 115
581 556
581 55
581 185
582 536
582 53
582 123
582 803
583 539
583 190
583 181
583 742
583 781
584 112
584 391
584 571
584 598
584 649
584 693
584 930
584 943
585 257
585 318
585 102
585 679
586 304
586 43
586 117
586 745
586 747
586 798
586 990
587 447
587 537
587 230
588 78
588 451
588 230
588 674
589 311
589 167
589 276
590 135
590 85
590 68
591 92
591 507
591 433
591 707
592 38
592 568
592 213
592 604
592 680
592 779
592 987
593 569
593 200
593 53
593 762
594 152
594 71
594 1
595 428
595 557
595 142
595 626
596 418
596 475
596 2
597 103
597 9
597 418
597 764
597 934
598 309
598 510
598 584
599 167
599 512
599 12
599 883
600 435
600 6
600 507
600 676
600 740
601 212
601 77
601 263
601 667
601 941
602 134
602 365
602 52
603 311
603 322
603 478
603 886
603 997
604 237
604 592
604 175
604 664
604 899
605 36
605 186
605 528
606 572
606 453
606 382
606 629
606 826
607 243
607 202
607 475
607 818
608 177
608 59
608 31
609 347
609 266
609 316
610 219
610 150
610 29
611 103
611 384
611 525
611 623
612 420
612 398
612 562
612 974
613 46
613 501
613 56
613 701
614 385
614 251
614 567
615 545
615 268
615 223
615 859
616 193
616 130
616 297
617 252
617 253
617 451
618 508
618 127
618 3
619 324
619 353
619 12
619 731
619 733
619 793
620 429
620 79
620 424
621 571
621 60
621 243
621 750
621 872
621 985
622 457
622 571
622 218
622 636
623 611
623 42
623 112
623 828
623 867
624 522
624 565
624 450
624 849
624 884
624 929
625 391
625 88
625 199
626 595
626 85
626 75
626 650
626 895
626 948
627 336
627 524
627 319
627 705
627 828
628 47
628 11
628 62
628 814
628 884
629 606
629 98
629 336
629 697
630 158
630 125
630 433
631 20
631 151
631 77
631 661
631 781
631 829
631 996
632 30
632 145
632 266
632 858
633 229
633 391
633 241
633 886
634 86
634 307
634 268
635 161
635 80
635 181
635 710
636 315
636 58
636 622
637 399
637 449
637 512
637 972
638 146
638 245
638 8
639 3
639 203
639 120
639 663
639 866
640 100
640 136
640 429
640 717
641 195
641 50
641 291
642 355
642 488
642 168
642 738
642 754
642 887
642 905
643 195
643 468
643 120
644 214
644 226
644 292
644 654
644 768
644 986
645 74
645 420
645 109
645 681
646 238
646 115
646 352
647 213
647 522
647 58
647 665
648 132
648 247
648 483
648 871
649 86
649 584
649 45
649 730
650 22
650 200
650 626
650 760
650 964
651 47
651 6
651 62
651 996
652 440
652 193
652 257
652 765
652 935
653 49
653 422
653 214
653 823
653 847
653 962
654 644
654 286
654 135
654 758
654 804
655 322
655 459
655 157
655 675
656 377
656 309
656 186
657 70
657 558
657 229
657 978
658 374
658 288
658 548
659 84
659 181
659 150
660 80
660 263
660 118
660 683
661 631
661 122
661 127
661 700
661 706
662 112
662 408
662 171
662 674
663 639
663 304
663 337
663 677
663 704
663 839
664 416
664 604
664 501
664 761
664 913
664 928
665 647
665 174
665 370
665 707
665 967
666 92
666 361
666 16
667 601
667 453
667 98
668 216
668 444
668 442
669 526
669 51
669 189
669 831
670 496
670 103
670 128
670 850
671 410
671 368
671 6
672 228
672 574
672 571
672 912
673 107
673 69
673 24
674 131
674 588
674 662
674 901
675 148
675 655
675 210
675 769
676 430
676 600
676 476
676 933
677 663
677 535
677 261
677 772
677 964
678 87
678 386
678 213
678 723
679 37
679 9
679 585
679 811
679 836
680 129
680 50
680 592
681 645
681 417
681 371
682 218
682 106
682 223
682 692
683 395
683 88
683 660
683 684
684 249
684 683
684 178
684 721
684 824
684 935
685 18
685 16
685 163
685 944
686 265
686 549
686 290
687 79
687 394
687 121
687 725
688 6
688 75
688 416
689 142
689 327
689 385
690 429
690 195
690 34
690 794
691 142
691 445
691 344
691 837
691 926
691 938
691 978
691 986
692 37
692 682
692 121
693 584
693 568
693 82
693 894
693 898
694 0
694 482
694 574
695 75
695 103
695 498
696 510
696 525
696 567
697 205
697 629
697 309
697 729
698 478
698 251
698 559
699 75
699 442
699 10
700 661
700 557
700 112
700 780
701 571
701 613
701 28
701 870
702 78
702 24
702 568
702 831
702 871
703 252
703 250
703 505
703 812
704 663
704 12
704 74
705 115
705 219
705 627
705 820
706 96
706 661
706 45
706 855
707 665
707 591
707 418
707 709
708 471
708 195
708 511
708 756
708 819
709 359
709 55
709 707
710 75
710 568
710 635
711 102
711 518
711 24
712 107
712 342
712 74
713 317
713 71
713 475
714 151
714 407
714 396
714 838
715 79
715 39
715 575
716 231
716 177
716 60
716 920
717 260
717 640
717 5
717 853
718 93
718 322
718 363
719 155
719 211
719 176
719 970
720 466
720 243
720 3
720 833
721 80
721 684
721 236
721 941
722 301
722 4
722 343
722 946
723 58
723 503
723 678
724 392
724 288
724 334
725 260
725 223
725 687
725 804
725 940
725 967
726 266
726 543
726 200
727 9
727 148
727 254
727 771
727 793
727 988
728 92
728 431
728 239
729 233
729 697
729 369
729 917
730 42
730 316
730 649
730 748
731 619
731 376
731 377
731 903
732 13
732 76
732 119
732 781
733 417
733 5
733 619
734 30
734 537
734 449
735 16
735 306
735 77
735 911
736 80
736 85
736 142
737 397
737 562
737 330
738 96
738 642
738 159
739 33
739 490
739 214
739 746
739 963
740 600
740 112
740 380
741 325
741 18
741 149
742 455
742 57
742 583
742 870
742 953
743 558
743 399
743 458
744 480
744 128
744 23
744 925
745 146
745 586
745 457
745 766
746 393
746 739
746 133
746 907
747 586
747 412
747 10
748 470
748 730
748 16
749 136
749 31
749 322
750 49
750 428
750 621
751 372
751 178
751 356
752 208
752 181
752 298
752 774
753 429
753 489
753 481
753 978
754 642
754 234
754 516
754 862
754 964
755 17
755 257
755 90
756 138
756 708
756 59
756 926
757 231
757 183
757 556
758 157
758 654
758 577
758 806
759 106
759 77
759 45
760 650
760 207
760 129
760 887
761 167
761 119
761 664
761 840
762 490
762 348
762 593
763 5
763 457
763 16
764 6
764 597
764 227
765 10
765 79
765 652
766 745
766 11
766 256
767 82
767 41
767 98
768 339
768 421
768 644
768 882
769 675
769 409
769 185
770 549
770 74
770 28
771 572
771 449
771 727
772 41
772 677
772 26
772 938
773 376
773 219
773 41
774 752
774 231
774 158
775 436
775 293
775 56
775 869
776 418
776 342
776 108
777 438
777 42
777 163
777 923
777 992
778 458
778 297
778 168
779 592
779 95
779 508
779 900
780 700
780 525
780 93
780 877
781 732
781 583
781 631
782 524
782 325
782 76
783 5
783 265
783 577
784 285
784 157
784 530
785 110
785 107
785 250
785 940
786 137
786 150
786 119
787 24
787 176
787 11
787 813
787 888
788 7
788 54
788 562
788 853
789 195
789 254
789 85
789 813
790 23
790 69
790 26
791 101
791 568
791 11
792 137
792 133
792 40
792 980
793 103
793 727
793 619
794 690
794 457
794 152
795 335
795 148
795 71
795 892
795 993
796 112
796 89
796 21
797 60
797 229
797 48
797 943
797 957
798 586
798 468
798 45
799 424
799 566
799 212
800 164
800 357
800 551
800 983
801 29
801 128
801 282
802 240
802 502
802 400
803 582
803 161
803 10
803 952
804 654
804 281
804 725
804 807
804 973
805 429
805 409
805 100
806 471
806 95
806 758
806 812
806 882
807 332
807 804
807 115
808 205
808 390
808 169
809 477
809 305
809 1
810 191
810 378
810 351
811 679
811 158
811 122
812 174
812 703
812 806
812 879
813 540
813 789
813 787
814 628
814 148
814 202
814 909
815 85
815 127
815 3
816 247
816 453
816 199
817 115
817 290
817 339
818 224
818 207
818 607
819 225
819 708
819 505
820 519
820 71
820 705
820 827
820 997
821 366
821 17
821 453
822 285
822 559
822 460
823 653
823 364
823 9
823 908
824 501
824 684
824 231
825 499
825 339
825 399
826 528
826 606
826 3
827 820
827 207
827 571
827 931
828 627
828 289
828 623
828 889
829 98
829 631
829 506
830 31
830 317
830 210
831 165
831 702
831 669
831 887
831 994
832 168
832 46
832 2
833 442
833 297
833 720
834 565
834 420
834 28
835 567
835 74
835 100
836 479
836 77
836 679
837 691
837 389
837 82
838 714
838 141
838 324
838 920
839 274
839 663
839 567
840 441
840 154
840 761
841 386
841 436
841 361
842 30
842 129
842 10
843 55
843 562
843 384
844 333
844 286
844 287
844 919
845 370
845 76
845 316
846 466
846 456
846 1
847 421
847 479
847 653
848 247
848 512
848 43
849 119
849 624
849 543
850 355
850 670
850 331
851 66
851 221
851 127
852 284
852 574
852 21
853 788
853 717
853 551
853 982
854 365
854 471
854 303
855 95
855 538
855 706
856 241
856 182
856 561
857 363
857 100
857 161
857 924
858 24
858 632
858 61
859 615
859 9
859 153
859 922
860 352
860 525
860 154
861 132
861 293
861 564
861 898
862 89
862 754
862 70
863 43
863 159
863 7
864 492
864 46
864 29
864 881
865 157
865 412
865 320
866 470
866 639
866 326
867 237
867 345
867 623
868 168
868 355
868 3
869 364
869 775
869 112
870 742
870 436
870 701
870 919
871 648
871 702
871 13
872 289
872 15
872 621
873 313
873 290
873 107
873 927
874 203
874 11
874 166
875 401
875 202
875 98
875 911
876 24
876 115
876 511
877 62
877 465
877 780
878 24
878 568
878 9
879 812
879 332
879 165
880 172
880 443
880 436
881 183
881 864
881 404
882 806
882 16
882 768
883 40
883 599
883 344
884 628
884 624
884 281
884 994
885 271
885 63
885 218
886 46
886 633
886 603
887 642
887 760
887 831
887 902
888 379
888 73
888 787
889 828
889 48
889 102
889 968
890 467
890 453
890 18
890 961
891 95
891 530
891 489
891 965
892 369
892 75
892 795
892 950
893 147
893 484
893 363
894 29
894 82
894 693
895 626
895 58
895 370
896 50
896 321
896 98
897 10
897 410
897 0
898 861
898 155
898 693
899 604
899 458
899 14
899 904
900 49
900 512
900 779
901 674
901 263
901 186
901 980
902 887
902 345
902 157
902 908
903 376
903 28
903 731
904 323
904 169
904 899
905 642
905 139
905 493
906 328
906 574
906 284
907 393
907 746
907 10
908 823
908 902
908 222
909 814
909 97
909 23
910 525
910 160
910 46
911 735
911 875
911 229
912 672
912 98
912 249
913 664
913 30
913 95
914 220
914 425
914 135
914 999
915 376
915 342
915 383
916 343
916 198
916 253
917 23
917 462
917 729
918 164
918 2
918 567
919 489
919 870
919 844
920 290
920 716
920 838
921 117
921 329
921 18
922 447
922 96
922 859
923 340
923 777
923 134
924 275
924 857
924 16
925 744
925 240
925 501
926 756
926 58
926 691
926 994
927 266
927 399
927 873
928 664
928 353
928 4
929 624
929 194
929 14
929 983
930 32
930 423
930 584
931 142
931 827
931 84
932 556
932 15
932 239
933 470
933 503
933 676
934 97
934 132
934 597
935 502
935 652
935 684
936 144
936 236
936 126
937 290
937 540
937 68
938 86
938 691
938 772
939 207
939 211
939 322
940 725
940 410
940 785
941 198
941 601
941 721
942 41
942 516
942 543
943 584
943 797
943 79
944 556
944 348
944 685
945 75
945 155
945 154
946 429
946 433
946 722
947 249
947 260
947 206
948 626
948 117
948 496
948 976
949 330
949 81
949 266
950 377
950 892
950 342
951 437
951 79
951 537
951 991
952 60
952 803
952 257
953 378
953 742
953 40
954 270
954 417
954 443
955 492
955 368
955 504
956 84
956 349
956 155
957 366
957 273
957 797
958 14
958 235
958 559
959 153
959 488
959 434
959 966
960 399
960 28
960 510
960 969
961 219
961 14
961 890
962 653
962 578
962 560
963 377
963 439
963 739
964 754
964 677
964 650
965 891
965 521
965 277
965 974
966 256
966 959
966 136
967 417
967 665
967 725
968 96
968 38
968 889
968 969
969 968
969 232
969 960
970 517
970 719
970 20
971 329
971 424
971 545
972 66
972 33
972 637
972 980
973 10
973 804
973 570
974 40
974 965
974 612
975 152
975 212
975 484
976 234
976 948
976 159
977 448
977 89
977 564
978 657
978 691
978 753
979 63
979 84
979 91
980 972
980 792
980 901
981 245
981 376
981 500
982 510
982 853
982 148
983 497
983 929
983 800
984 561
984 207
984 33
985 621
985 558
985 34
986 57
986 644
986 691
987 82
987 46
987 592
988 727
988 475
988 145
989 525
989 197
989 519
990 586
990 7
990 508
991 203
991 951
991 176
992 330
992 295
992 777
993 5
993 795
993 68
994 926
994 831
994 884
995 565
995 234
995 291
996 73
996 651
996 631
997 340
997 603
997 820
998 115
998 292
998 556
999 914
999 4
999 472
