0 1
0 2
0 3
0 5
1 0
1 2
1 3
1 4
2 1
2 0
2 3
2 4
3 0
3 2
3 1
3 4
4 1
4 3
4 2
4 5
5 0
5 4
5 2
5 7
6 1
6 0
6 4
6 20
7 5
7 2
7 4
7 9
8 3
8 1
8 0
8 14
9 7
9 3
9 2
9 17
10 2
10 0
10 5
10 13
11 5
11 1
11 3
11 12
12 7
12 0
12 11
12 16
13 5
13 10
13 7
13 38
14 0
14 8
14 3
14 21
15 0
15 10
15 8
15 69
16 7
16 0
16 12
16 32
17 10
17 7
17 9
17 20
18 0
18 2
18 3
18 25
19 1
19 2
19 7
19 65
20 4
20 17
20 6
20 30
21 4
21 14
21 6
21 49
22 2
22 4
22 0
22 53
23 7
23 12
23 2
23 30
24 17
24 3
24 2
24 27
25 18
25 4
25 2
25 48
26 0
26 5
26 9
26 440
27 5
27 17
27 24
27 38
28 24
28 17
28 4
28 31
29 18
29 6
29 9
29 51
30 23
30 20
30 2
30 36
31 23
31 5
31 28
31 37
32 4
32 18
32 16
32 34
33 8
33 1
33 23
33 207
34 6
34 1
34 32
34 52
35 18
35 2
35 4
35 108
36 2
36 10
36 30
36 91
37 23
37 31
37 1
37 46
38 30
38 13
38 27
38 41
39 13
39 4
39 5
39 724
40 4
40 17
40 32
40 394
41 38
41 10
41 5
41 44
42 23
42 18
42 5
42 166
43 3
43 12
43 9
43 61
44 41
44 11
44 14
44 81
45 38
45 2
45 30
45 61
46 17
46 37
46 2
46 67
47 30
47 5
47 20
47 56
48 23
48 16
48 25
48 101
49 21
49 31
49 2
49 76
50 12
50 18
50 16
50 75
51 41
51 16
51 29
51 125
52 34
52 30
52 2
52 273
53 31
53 22
53 11
53 58
54 13
54 3
54 32
54 74
55 25
55 30
55 24
55 68
56 34
56 47
56 20
56 93
57 23
57 20
57 7
57 117
58 30
58 53
58 27
58 80
59 9
59 31
59 27
59 373
60 24
60 30
60 11
60 71
61 2
61 45
61 43
61 82
62 23
62 4
62 1
62 130
63 45
63 23
63 28
63 93
64 10
64 16
64 0
64 774
65 19
65 16
65 9
65 100
66 25
66 0
66 17
66 290
67 0
67 16
67 46
67 95
68 2
68 10
68 55
68 86
69 1
69 15
69 30
69 147
70 17
70 18
70 0
70 83
71 60
71 6
71 0
71 87
72 43
72 31
72 5
72 142
73 9
73 8
73 6
73 102
74 4
74 54
74 2
74 189
75 8
75 50
75 7
75 76
76 49
76 75
76 30
76 143
77 2
77 19
77 12
77 86
78 2
78 23
78 31
78 94
79 31
79 24
79 12
79 169
80 58
80 75
80 3
80 226
81 44
81 17
81 50
81 89
82 43
82 4
82 61
82 127
83 55
83 34
83 70
83 146
84 18
84 1
84 34
84 98
85 19
85 12
85 70
85 123
86 68
86 30
86 77
86 135
87 71
87 47
87 2
87 95
88 10
88 53
88 17
88 174
89 11
89 81
89 70
89 137
90 2
90 10
90 13
90 122
91 68
91 36
91 19
91 115
92 81
92 4
92 12
92 140
93 56
93 24
93 63
93 119
94 4
94 78
94 3
94 103
95 67
95 87
95 9
95 97
96 17
96 47
96 3
96 141
97 3
97 38
97 95
97 446
98 84
98 10
98 6
98 104
99 16
99 2
99 4
99 135
100 34
100 56
100 65
100 120
101 2
101 23
101 48
101 128
102 73
102 3
102 2
102 113
103 34
103 48
103 94
103 462
104 71
104 98
104 53
104 317
105 31
105 61
105 87
105 216
106 23
106 1
106 20
106 199
107 45
107 12
107 78
107 655
108 1
108 35
108 3
108 153
109 27
109 11
109 29
109 208
110 12
110 25
110 22
110 207
111 77
111 48
111 43
111 263
112 2
112 16
112 87
112 248
113 102
113 31
113 98
113 139
114 6
114 20
114 65
114 132
115 0
115 50
115 91
115 170
116 7
116 43
116 21
116 150
117 57
117 5
117 9
117 171
118 16
118 21
118 55
118 184
119 93
119 68
119 17
119 152
120 100
120 60
120 78
120 604
121 3
121 48
121 0
121 132
122 38
122 7
122 90
122 303
123 54
123 41
123 85
123 259
124 36
124 93
124 95
124 139
125 1
125 53
125 51
125 210
126 3
126 11
126 75
126 148
127 7
127 82
127 24
127 147
128 18
128 14
128 101
128 130
129 20
129 5
129 24
129 467
130 128
130 62
130 2
130 145
131 53
131 45
131 93
131 173
132 114
132 121
132 84
132 250
133 16
133 2
133 5
133 847
134 2
134 37
134 48
135 10
135 99
135 86
135 166
136 75
136 58
136 5
137 95
137 128
137 89
137 215
138 93
138 43
138 17
138 178
139 124
139 113
139 7
139 196
140 128
140 98
140 92
141 113
141 19
141 96
141 294
142 6
142 28
142 72
142 187
143 4
143 36
143 76
143 225
144 96
144 51
144 45
144 168
145 24
145 130
145 95
145 161
146 0
146 27
146 83
146 198
147 69
147 23
147 127
147 287
148 72
148 20
148 126
148 404
149 45
149 46
149 20
149 211
150 29
150 16
150 116
150 201
151 53
151 90
151 130
151 225
152 119
152 67
152 24
152 177
153 71
153 19
153 108
153 526
154 46
154 127
154 76
154 160
155 90
155 7
155 17
155 280
156 31
156 36
156 2
156 175
157 53
157 2
157 113
157 219
158 27
158 1
158 48
158 187
159 30
159 16
159 32
159 217
160 20
160 154
160 15
160 189
161 1
161 48
161 145
161 383
162 72
162 49
162 96
162 200
163 54
163 98
163 7
163 278
164 10
164 4
164 124
164 197
165 89
165 53
165 93
165 204
166 113
166 135
166 42
166 225
167 91
167 100
167 31
167 336
168 144
168 31
168 11
168 180
169 79
169 43
169 48
169 249
170 83
170 18
170 115
170 765
171 117
171 30
171 90
171 180
172 4
172 121
172 70
172 203
173 4
173 0
173 131
173 188
174 1
174 88
174 27
174 178
175 17
175 1
175 156
175 260
176 55
176 32
176 2
176 302
177 117
177 54
177 152
177 275
178 31
178 174
178 138
178 601
179 6
179 0
179 3
179 241
180 171
180 168
180 20
180 199
181 5
181 12
181 0
181 553
182 77
182 49
182 0
182 202
183 6
183 4
183 128
183 309
184 63
184 118
184 37
184 200
185 30
185 135
185 24
185 188
186 27
186 53
186 0
186 393
187 7
187 142
187 158
187 300
188 185
188 95
188 173
188 308
189 160
189 7
189 74
189 214
190 20
190 16
190 49
190 601
191 46
191 9
191 17
191 301
192 48
192 0
192 71
192 366
193 20
193 19
193 3
193 492
194 43
194 68
194 37
194 251
195 85
195 158
195 48
195 962
196 139
196 2
196 126
196 404
197 69
197 67
197 164
197 300
198 30
198 146
198 48
198 210
199 71
199 180
199 106
199 487
200 184
200 162
200 46
200 229
201 23
201 60
201 150
201 524
202 182
202 2
202 16
202 246
203 61
203 55
203 172
203 285
204 128
204 102
204 165
204 222
205 160
205 68
205 45
205 296
206 0
206 24
206 30
207 33
207 36
207 110
207 315
208 128
208 109
208 18
208 238
209 11
209 41
209 94
209 217
210 14
210 125
210 198
210 236
211 162
211 149
211 138
211 334
212 78
212 9
212 0
212 464
213 130
213 69
213 3
213 218
214 1
214 189
214 100
214 399
215 137
215 131
215 77
215 283
216 105
216 180
216 156
216 607
217 189
217 209
217 159
217 378
218 4
218 72
218 213
218 530
219 88
219 157
219 30
219 281
220 44
220 11
220 38
220 552
221 74
221 145
221 94
221 233
222 96
222 204
222 30
222 295
223 44
223 32
223 27
223 476
224 25
224 53
224 30
224 838
225 166
225 151
225 143
225 267
226 168
226 80
226 45
226 340
227 20
227 29
227 30
227 311
228 2
228 71
228 90
228 306
229 127
229 24
229 200
229 287
230 6
230 30
230 135
230 360
231 0
231 23
231 62
231 487
232 82
232 209
232 47
232 901
233 221
233 146
233 2
233 815
234 106
234 58
234 171
234 449
235 0
235 41
235 15
235 483
236 69
236 210
236 115
236 484
237 151
237 2
237 0
237 616
238 208
238 145
238 99
238 341
239 95
239 82
239 90
239 309
240 14
240 19
240 60
241 179
241 137
241 145
241 521
242 4
242 46
242 96
242 257
243 1
243 3
243 16
243 890
244 20
244 54
244 89
244 545
245 90
245 65
245 5
245 481
246 202
246 121
246 53
247 21
247 149
247 58
248 17
248 41
248 112
248 898
249 124
249 154
249 169
249 523
250 132
250 117
250 31
250 474
251 135
251 2
251 194
251 292
252 139
252 2
252 0
252 270
253 92
253 145
253 69
253 960
254 2
254 173
254 202
254 507
255 14
255 47
255 11
255 291
256 96
256 34
256 17
256 279
257 27
257 11
257 242
257 269
258 158
258 8
258 16
259 143
259 123
259 93
259 445
260 9
260 3
260 175
260 763
261 169
261 41
261 116
261 392
262 154
262 175
262 20
262 290
263 32
263 119
263 111
263 274
264 90
264 27
264 42
264 677
265 9
265 25
265 14
265 346
266 53
266 84
266 61
267 85
267 175
267 225
267 456
268 18
268 9
268 95
268 297
269 18
269 70
269 257
269 828
270 121
270 252
270 21
270 525
271 80
271 85
271 8
271 282
272 53
272 115
272 257
272 349
273 110
273 52
273 169
273 288
274 144
274 263
274 14
274 401
275 10
275 159
275 177
276 27
276 143
276 162
276 332
277 55
277 127
277 23
277 542
278 84
278 24
278 163
278 842
279 256
279 0
279 75
279 326
280 155
280 105
280 78
280 386
281 30
281 82
281 219
281 801
282 154
282 5
282 271
282 333
283 169
283 37
283 215
283 407
284 34
284 145
284 179
284 455
285 4
285 48
285 203
285 308
286 5
286 21
286 117
287 87
287 229
287 147
287 439
288 44
288 273
288 47
289 63
289 4
289 18
289 391
290 262
290 2
290 66
290 339
291 255
291 4
291 44
292 0
292 251
292 210
292 317
293 1
293 80
293 77
293 542
294 141
294 177
294 115
295 2
295 222
295 95
295 466
296 90
296 205
296 5
296 453
297 11
297 268
297 3
297 352
298 19
298 128
298 9
299 10
299 87
299 65
299 635
300 197
300 12
300 187
300 768
301 191
301 63
301 162
301 424
302 2
302 176
302 6
302 565
303 17
303 0
303 122
303 503
304 34
304 10
304 13
305 30
305 36
305 48
305 905
306 228
306 65
306 189
306 353
307 51
307 45
307 67
307 397
308 188
308 2
308 285
308 324
309 98
309 239
309 183
309 678
310 61
310 210
310 25
310 389
311 48
311 227
311 209
311 376
312 95
312 252
312 4
312 654
313 27
313 180
313 44
313 647
314 131
314 36
314 3
314 768
315 101
315 185
315 207
315 389
316 34
316 16
316 146
316 354
317 75
317 104
317 292
317 479
318 79
318 61
318 146
318 323
319 30
319 114
319 81
319 350
320 16
320 93
320 242
320 950
321 45
321 219
321 80
321 749
322 207
322 1
322 0
323 177
323 239
323 318
323 326
324 35
324 308
324 20
324 406
325 19
325 204
325 43
326 323
326 279
326 132
326 780
327 16
327 5
327 143
327 345
328 132
328 30
328 117
328 447
329 10
329 2
329 111
330 17
330 1
330 124
330 509
331 65
331 143
331 23
331 633
332 147
332 16
332 276
333 282
333 12
333 16
333 420
334 147
334 211
334 49
335 154
335 208
335 197
336 10
336 87
336 167
336 522
337 9
337 5
337 31
337 694
338 92
338 85
338 31
339 290
339 213
339 75
339 363
340 29
340 5
340 226
341 238
341 200
341 122
341 657
342 62
342 95
342 53
342 495
343 76
343 83
343 6
343 619
344 3
344 154
344 174
344 370
345 327
345 3
345 238
345 927
346 36
346 265
346 18
347 31
347 124
347 171
347 596
348 0
348 3
348 318
348 715
349 272
349 93
349 150
349 938
350 319
350 3
350 157
350 423
351 15
351 16
351 8
351 414
352 297
352 65
352 173
352 488
353 306
353 127
353 215
353 936
354 172
354 99
354 316
354 359
355 47
355 268
355 12
355 564
356 164
356 210
356 123
356 676
357 55
357 219
357 239
357 364
358 3
358 122
358 176
358 380
359 30
359 354
359 35
360 128
360 251
360 230
360 500
361 203
361 28
361 24
361 437
362 89
362 46
362 45
362 555
363 339
363 56
363 318
363 453
364 56
364 357
364 105
365 53
365 8
365 265
365 518
366 27
366 95
366 192
366 575
367 200
367 203
367 125
367 493
368 77
368 96
368 86
368 757
369 9
369 252
369 35
369 375
370 227
370 344
370 209
370 611
371 121
371 36
371 3
371 778
372 0
372 126
372 251
372 699
373 130
373 94
373 59
374 65
374 257
374 60
374 389
375 369
375 87
375 225
375 657
376 30
376 311
376 110
376 410
377 29
377 67
377 169
377 531
378 11
378 175
378 217
378 437
379 45
379 1
379 306
379 413
380 358
380 86
380 3
380 515
381 252
381 25
381 43
381 450
382 135
382 16
382 66
382 506
383 271
383 161
383 19
383 501
384 84
384 194
384 94
384 477
385 68
385 63
385 219
385 473
386 280
386 49
386 111
386 503
387 192
387 17
387 3
387 405
388 152
388 308
388 210
389 315
389 310
389 374
389 433
390 149
390 100
390 60
390 438
391 30
391 289
391 172
392 261
392 5
392 27
393 71
393 186
393 9
393 900
394 14
394 6
394 40
395 35
395 180
395 174
395 766
396 188
396 44
396 48
397 38
397 307
397 5
397 527
398 100
398 22
398 94
398 680
399 43
399 24
399 214
399 880
400 0
400 45
400 192
400 463
401 274
401 4
401 1
401 610
402 84
402 142
402 3
403 160
403 255
403 276
404 148
404 196
404 25
404 595
405 74
405 387
405 36
405 483
406 238
406 324
406 196
406 475
407 283
407 115
407 10
407 480
408 184
408 242
408 7
409 89
409 92
409 145
409 953
410 10
410 130
410 376
410 893
411 186
411 16
411 5
411 486
412 37
412 177
412 279
412 865
413 379
413 87
413 214
413 489
414 351
414 43
414 128
414 669
415 35
415 192
415 162
416 297
416 141
416 68
416 598
417 31
417 3
417 369
417 573
418 6
418 124
418 88
418 866
419 323
419 3
419 54
419 534
420 121
420 333
420 37
420 449
421 221
421 87
421 10
421 751
422 56
422 239
422 62
422 709
423 350
423 182
423 257
423 772
424 301
424 28
424 42
425 3
425 179
425 27
425 489
426 31
426 40
426 14
426 457
427 156
427 0
427 7
427 442
428 24
428 101
428 121
428 723
429 65
429 48
429 31
429 726
430 144
430 169
430 29
430 576
431 31
431 33
431 10
431 461
432 0
432 221
432 344
432 441
433 389
433 4
433 333
433 672
434 3
434 90
434 131
435 145
435 186
435 276
435 887
436 145
436 12
436 126
436 491
437 60
437 378
437 361
437 650
438 27
438 390
438 101
438 594
439 171
439 287
439 185
440 26
440 173
440 169
440 980
441 52
441 276
441 432
441 587
442 427
442 273
442 315
442 443
443 3
443 442
443 84
443 607
444 100
444 51
444 1
445 77
445 259
445 166
446 97
446 5
446 54
446 803
447 328
447 138
447 36
447 717
448 207
448 30
448 27
449 378
449 234
449 420
449 949
450 381
450 143
450 37
450 553
451 257
451 36
451 63
451 599
452 189
452 26
452 211
453 363
453 296
453 9
453 528
454 16
454 117
454 168
455 284
455 58
455 78
455 599
456 177
456 267
456 2
456 499
457 426
457 12
457 358
457 631
458 2
458 5
458 92
458 824
459 311
459 99
459 25
459 499
460 285
460 210
460 24
460 797
461 4
461 431
461 15
461 921
462 41
462 103
462 126
462 684
463 176
463 287
463 400
464 212
464 10
464 3
464 513
465 55
465 297
465 90
466 295
466 48
466 99
466 849
467 3
467 55
467 129
467 943
468 2
468 16
468 187
468 817
469 252
469 225
469 78
469 815
470 200
470 128
470 271
470 602
471 94
471 9
471 176
471 497
472 88
472 53
472 46
472 525
473 385
473 23
473 268
473 866
474 198
474 250
474 426
474 904
475 406
475 3
475 63
475 613
476 68
476 139
476 223
477 147
477 384
477 158
477 646
478 1
478 152
478 324
478 548
479 319
479 45
479 317
479 850
480 208
480 407
480 189
480 999
481 105
481 245
481 42
481 485
482 138
482 132
482 228
483 105
483 405
483 235
483 978
484 36
484 236
484 378
484 738
485 24
485 37
485 481
485 535
486 208
486 18
486 411
486 583
487 199
487 5
487 231
487 606
488 352
488 38
488 339
488 625
489 151
489 413
489 425
489 787
490 80
490 8
490 16
490 562
491 436
491 276
491 210
491 944
492 169
492 193
492 17
493 20
493 367
493 1
494 61
494 30
494 111
494 581
495 342
495 420
495 202
495 598
496 6
496 145
496 3
497 45
497 225
497 471
497 600
498 139
498 19
498 105
498 978
499 456
499 459
499 22
499 540
500 65
500 360
500 251
500 551
501 7
501 383
501 90
501 650
502 383
502 174
502 108
502 717
503 386
503 22
503 303
503 561
504 147
504 1
504 4
505 274
505 17
505 285
505 660
506 382
506 115
506 117
506 632
507 363
507 254
507 148
508 105
508 31
508 0
509 111
509 330
509 12
509 709
510 165
510 1
510 208
511 219
511 274
511 160
511 732
512 123
512 147
512 0
513 464
513 130
513 121
513 608
514 1
514 407
514 316
514 679
515 215
515 380
515 225
515 659
516 307
516 384
516 95
516 944
517 23
517 261
517 53
517 630
518 73
518 16
518 365
518 625
519 90
519 413
519 184
519 734
520 197
520 30
520 2
520 541
521 1
521 241
521 55
522 94
522 77
522 336
522 857
523 249
523 222
523 390
523 987
524 15
524 201
524 95
524 876
525 472
525 270
525 177
525 684
526 30
526 153
526 143
526 549
527 241
527 397
527 342
527 653
528 453
528 2
528 118
528 995
529 36
529 200
529 0
529 836
530 16
530 285
530 218
531 292
531 377
531 63
531 704
532 324
532 23
532 142
532 678
533 197
533 121
533 42
534 481
534 419
534 145
535 72
535 485
535 203
535 571
536 287
536 21
536 282
536 852
537 37
537 122
537 4
537 750
538 231
538 87
538 193
539 163
539 69
539 16
539 986
540 499
540 210
540 51
540 642
541 18
541 109
541 520
542 139
542 293
542 277
542 837
543 10
543 103
543 307
544 59
544 95
544 225
545 44
545 244
545 163
545 629
546 45
546 128
546 3
546 569
547 3
547 0
547 265
548 23
548 367
548 478
548 577
549 526
549 34
549 14
549 592
550 11
550 87
550 83
551 0
551 229
551 500
552 220
552 5
552 12
553 450
553 1
553 181
553 835
554 161
554 92
554 219
554 633
555 68
555 362
555 181
556 25
556 274
556 46
556 785
557 285
557 384
557 152
557 875
558 67
558 2
558 8
558 689
559 65
559 135
559 127
560 5
560 125
560 30
560 786
561 95
561 503
561 17
562 490
562 144
562 4
563 307
563 236
563 7
564 378
564 355
564 6
565 302
565 3
565 384
566 56
566 254
566 90
566 683
567 242
567 23
567 274
568 380
568 481
568 93
569 546
569 274
569 113
569 860
570 49
570 32
570 389
570 760
571 535
571 3
571 58
572 126
572 68
572 48
572 577
573 36
573 86
573 417
573 574
574 4
574 573
574 168
574 685
575 152
575 366
575 6
575 706
576 69
576 36
576 430
577 572
577 548
577 57
578 30
578 44
578 211
578 591
579 5
579 13
579 160
580 150
580 80
580 263
580 685
581 432
581 494
581 478
582 204
582 127
582 173
582 649
583 486
583 287
583 20
584 180
584 41
584 0
584 899
585 93
585 37
585 16
585 611
586 390
586 257
586 145
586 865
587 441
587 147
587 234
588 148
588 273
588 1
588 697
589 263
589 302
589 182
589 847
590 1
590 68
590 109
591 161
591 578
591 88
592 549
592 90
592 109
592 638
593 231
593 290
593 75
594 438
594 276
594 13
595 35
595 49
595 404
595 693
596 8
596 68
596 347
597 81
597 114
597 218
598 416
598 495
598 31
598 731
599 47
599 451
599 455
599 958
600 497
600 148
600 0
600 682
601 284
601 178
601 190
601 629
602 470
602 280
602 87
602 698
603 36
603 93
603 44
604 120
604 280
604 7
604 711
605 390
605 139
605 123
605 927
606 487
606 405
606 162
606 758
607 443
607 193
607 216
607 917
608 165
608 122
608 513
609 1
609 109
609 110
610 30
610 401
610 74
610 807
611 370
611 585
611 27
612 36
612 12
612 4
613 475
613 214
613 407
613 618
614 67
614 3
614 9
614 842
615 122
615 276
615 1
615 769
616 237
616 147
616 23
616 773
617 0
617 152
617 5
618 613
618 108
618 173
618 719
619 105
619 76
619 343
619 638
620 374
620 252
620 30
621 32
621 56
621 244
621 635
622 212
622 63
622 236
623 115
623 131
623 259
623 997
624 152
624 115
624 105
624 826
625 48
625 518
625 488
626 61
626 180
626 327
626 769
627 30
627 95
627 47
628 177
628 58
628 29
629 97
629 601
629 545
629 644
630 441
630 125
630 517
631 51
631 457
631 464
631 864
632 7
632 506
632 99
632 967
633 331
633 554
633 261
634 24
634 23
634 94
635 7
635 299
635 621
635 645
636 131
636 360
636 488
637 377
637 147
637 111
637 916
638 619
638 592
638 19
639 192
639 113
639 41
640 385
640 225
640 283
641 112
641 151
641 417
642 540
642 328
642 255
642 937
643 109
643 137
643 72
644 159
644 629
644 144
644 715
645 20
645 635
645 21
646 477
646 200
646 342
647 313
647 31
647 407
648 29
648 390
648 55
649 582
649 56
649 150
650 437
650 501
650 48
650 698
651 5
651 221
651 17
651 673
652 303
652 132
652 146
653 121
653 20
653 527
653 697
654 520
654 214
654 312
654 695
655 107
655 129
655 29
655 729
656 14
656 378
656 49
656 834
657 151
657 375
657 341
658 369
658 503
658 84
659 19
659 515
659 160
659 965
660 505
660 6
660 113
660 972
661 417
661 280
661 128
661 920
662 222
662 32
662 420
663 405
663 573
663 375
664 53
664 72
664 350
665 220
665 115
665 450
665 698
666 34
666 239
666 95
667 62
667 32
667 16
668 125
668 124
668 173
669 2
669 414
669 383
670 57
670 280
670 21
670 896
671 68
671 265
671 262
672 433
672 160
672 14
673 651
673 503
673 58
674 115
674 18
674 0
674 762
675 4
675 100
675 438
676 16
676 356
676 241
677 17
677 413
677 264
678 32
678 532
678 309
678 766
679 204
679 486
679 514
680 398
680 22
680 147
681 105
681 481
681 257
681 756
682 63
682 600
682 38
683 19
683 20
683 566
684 229
684 462
684 525
684 795
685 18
685 580
685 574
685 879
686 237
686 129
686 132
687 342
687 91
687 187
687 689
688 363
688 118
688 12
688 763
689 558
689 687
689 78
689 993
690 289
690 49
690 324
690 789
691 38
691 177
691 5
692 31
692 118
692 520
693 417
693 42
693 595
694 307
694 337
694 95
694 765
695 4
695 654
695 2
695 703
696 53
696 16
696 15
697 588
697 41
697 653
697 996
698 650
698 602
698 665
698 729
699 2
699 0
699 372
699 884
700 2
700 310
700 126
701 31
701 108
701 34
702 23
702 117
702 358
703 263
703 203
703 695
704 152
704 531
704 279
705 163
705 548
705 211
706 575
706 96
706 311
707 413
707 490
707 7
707 824
708 35
708 443
708 261
708 718
709 509
709 422
709 308
709 739
710 48
710 31
710 426
710 780
711 604
711 219
711 267
711 903
712 120
712 211
712 121
712 814
713 109
713 503
713 226
713 915
714 297
714 654
714 113
715 644
715 348
715 6
716 51
716 177
716 213
717 447
717 502
717 139
717 855
718 32
718 708
718 17
718 720
719 618
719 92
719 127
719 859
720 71
720 718
720 407
720 976
721 111
721 575
721 438
722 2
722 471
722 453
722 776
723 455
723 87
723 428
723 767
724 488
724 214
724 39
724 738
725 525
725 100
725 205
725 964
726 429
726 105
726 76
727 37
727 191
727 74
728 380
728 592
728 2
728 913
729 31
729 698
729 655
730 316
730 497
730 67
730 962
731 109
731 598
731 118
732 511
732 486
732 475
732 945
733 244
733 32
733 124
734 221
734 65
734 519
734 739
735 414
735 26
735 61
735 784
736 105
736 137
736 284
736 844
737 142
737 621
737 29
737 848
738 166
738 724
738 484
738 755
739 734
739 312
739 709
740 526
740 532
740 4
741 31
741 19
741 99
742 472
742 59
742 21
742 907
743 376
743 654
743 53
743 808
744 5
744 38
744 14
745 127
745 41
745 20
745 889
746 5
746 284
746 386
747 128
747 239
747 333
748 588
748 30
748 105
749 598
749 126
749 321
750 537
750 51
750 271
751 421
751 43
751 422
752 27
752 350
752 2
753 29
753 125
753 48
754 145
754 69
754 264
755 738
755 311
755 61
755 840
756 165
756 127
756 681
756 801
757 681
757 390
757 368
757 932
758 573
758 261
758 606
759 358
759 506
759 130
760 570
760 490
760 149
761 218
761 487
761 126
762 674
762 327
762 17
763 3
763 688
763 260
763 786
764 56
764 27
764 245
764 788
765 219
765 694
765 170
765 943
766 678
766 60
766 395
767 257
767 61
767 723
767 974
768 490
768 300
768 314
769 268
769 615
769 626
770 259
770 175
770 30
771 31
771 179
771 200
771 908
772 202
772 20
772 423
773 53
773 616
773 505
774 386
774 64
774 317
774 906
775 142
775 192
775 11
776 722
776 225
776 36
777 29
777 157
777 65
778 169
778 303
778 371
779 210
779 3
779 228
779 971
780 710
780 326
780 74
780 817
781 326
781 207
781 185
781 823
782 621
782 145
782 307
783 85
783 152
783 2
784 37
784 735
784 181
785 580
785 2
785 556
785 947
786 267
786 763
786 560
786 828
787 326
787 96
787 489
787 841
788 16
788 764
788 438
788 981
789 309
789 1
789 690
790 146
790 548
790 372
791 3
791 144
791 442
791 800
792 368
792 186
792 6
793 644
793 22
793 54
793 813
794 105
794 191
794 38
795 231
795 47
795 684
796 80
796 7
796 231
797 535
797 460
797 215
798 629
798 168
798 433
799 18
799 2
799 450
799 998
800 244
800 157
800 791
800 869
801 756
801 281
801 698
801 977
802 45
802 37
802 167
803 471
803 446
803 116
803 941
804 360
804 26
804 18
805 486
805 180
805 16
805 878
806 94
806 164
806 264
807 27
807 610
807 5
808 238
808 326
808 743
809 687
809 460
809 271
810 441
810 273
810 241
811 11
811 146
811 687
812 302
812 4
812 644
813 2
813 793
813 254
813 886
814 65
814 712
814 3
814 954
815 233
815 395
815 469
815 909
816 94
816 489
816 135
817 30
817 780
817 468
818 210
818 0
818 33
819 518
819 68
819 30
820 478
820 708
820 227
821 330
821 365
821 318
822 23
822 226
822 14
823 781
823 147
823 203
823 990
824 380
824 458
824 707
824 846
825 495
825 20
825 3
826 117
826 216
826 624
827 3
827 31
827 211
828 269
828 7
828 786
828 986
829 46
829 119
829 84
830 107
830 330
830 1
830 894
831 79
831 164
831 19
832 292
832 135
832 20
832 838
833 295
833 24
833 216
833 870
834 3
834 656
834 283
834 890
835 75
835 132
835 553
836 168
836 495
836 529
837 542
837 188
837 94
837 876
838 224
838 832
838 257
839 95
839 199
839 0
840 2
840 755
840 145
841 787
841 495
841 116
842 468
842 614
842 278
843 268
843 764
843 681
844 16
844 549
844 736
844 868
845 4
845 395
845 311
845 981
846 284
846 824
846 413
846 956
847 197
847 133
847 589
848 54
848 381
848 737
848 867
849 309
849 466
849 397
850 407
850 147
850 479
851 592
851 173
851 502
852 49
852 92
852 536
853 16
853 29
853 109
854 106
854 438
854 678
854 865
855 560
855 184
855 717
856 656
856 487
856 58
857 522
857 225
857 400
858 44
858 265
858 383
858 985
859 5
859 719
859 86
860 14
860 569
860 490
861 21
861 1
861 619
862 604
862 629
862 570
863 16
863 197
863 352
864 4
864 139
864 631
864 875
865 412
865 586
865 854
866 12
866 418
866 473
867 115
867 848
867 619
868 31
868 161
868 844
868 885
869 99
869 800
869 31
870 833
870 401
870 84
870 973
871 160
871 91
871 0
872 61
872 419
872 25
873 76
873 36
873 37
874 317
874 74
874 56
875 864
875 557
875 222
876 524
876 525
876 837
877 614
877 0
877 67
878 31
878 121
878 805
879 685
879 601
879 473
880 208
880 586
880 399
881 9
881 755
881 68
882 36
882 330
882 208
883 309
883 37
883 316
884 200
884 699
884 342
885 505
885 868
885 296
885 942
886 112
886 367
886 813
887 90
887 613
887 435
888 200
888 5
888 70
889 472
889 745
889 71
890 243
890 834
890 91
891 87
891 60
891 306
891 912
892 484
892 631
892 110
893 410
893 66
893 473
893 960
894 98
894 830
894 151
894 945
895 433
895 527
895 554
896 670
896 34
896 61
897 613
897 310
897 120
898 248
898 106
898 300
899 264
899 584
899 113
900 60
900 393
900 4
901 229
901 764
901 232
902 38
902 436
902 549
903 0
903 211
903 711
903 983
904 722
904 474
904 126
904 979
905 305
905 537
905 52
906 204
906 774
906 131
907 742
907 208
907 228
908 771
908 99
908 171
909 76
909 815
909 48
910 868
910 160
910 379
911 61
911 203
911 81
912 173
912 143
912 891
913 25
913 728
913 618
914 314
914 728
914 575
915 115
915 713
915 174
916 1
916 637
916 95
917 607
917 261
917 262
917 971
918 249
918 16
918 4
919 277
919 268
919 401
920 661
920 7
920 39
921 738
921 461
921 210
922 800
922 19
922 176
923 52
923 110
923 30
924 0
924 393
924 41
925 27
925 708
925 68
926 189
926 363
926 425
927 605
927 345
927 48
928 486
928 39
928 610
929 262
929 69
929 94
930 264
930 245
930 109
931 269
931 211
931 12
932 327
932 757
932 362
932 959
933 220
933 441
933 333
934 163
934 4
934 356
934 982
935 145
935 309
935 489
936 7
936 353
936 79
937 48
937 642
937 455
938 401
938 349
938 719
939 486
939 48
939 85
940 585
940 602
940 55
941 1
941 110
941 803
942 885
942 201
942 200
943 467
943 27
943 765
944 516
944 78
944 491
945 732
945 94
945 894
946 361
946 390
946 595
947 580
947 785
947 637
948 462
948 578
948 126
949 88
949 7
949 449
950 256
950 320
950 116
951 0
951 326
951 88
952 545
952 29
952 432
953 409
953 95
953 20
954 215
954 814
954 135
955 58
955 644
955 1
956 462
956 846
956 605
957 7
957 207
957 598
958 53
958 618
958 599
959 932
959 4
959 793
960 253
960 30
960 893
961 127
961 425
961 317
962 158
962 195
962 730
963 814
963 554
963 610
964 725
964 123
964 780
965 413
965 399
965 659
966 143
966 171
966 629
967 632
967 5
967 385
968 468
968 143
968 300
969 17
969 685
969 441
970 401
970 1
970 280
971 779
971 917
971 1
972 660
972 891
972 602
973 615
973 757
973 870
974 242
974 143
974 767
975 254
975 450
975 40
976 152
976 426
976 720
977 418
977 370
977 801
978 498
978 483
978 3
979 63
979 904
979 31
980 362
980 440
980 17
981 483
981 788
981 845
982 934
982 152
982 8
983 464
983 903
983 520
984 2
984 123
984 124
985 199
985 413
985 858
986 473
986 828
986 539
986 996
987 616
987 523
987 165
988 500
988 519
988 471
989 30
989 585
989 598
990 229
990 823
990 84
991 0
991 361
991 87
992 138
992 37
992 191
993 689
993 426
993 259
994 655
994 378
994 660
995 30
995 528
995 147
996 697
996 986
996 515
997 31
997 623
997 644
998 600
998 124
998 799
999 48
999 98
999 480
