0 1
0 2
0 3
0 6
1 0
1 2
1 3
1 4
2 0
2 1
2 3
2 4
3 0
3 1
3 2
3 4
4 1
4 3
4 2
4 7
5 2
5 3
5 1
5 9
6 1
6 2
6 0
6 8
7 2
7 0
7 4
7 8
8 7
8 3
8 6
8 11
9 6
9 4
9 5
9 10
10 9
10 7
10 1
10 13
11 8
11 7
11 1
11 15
12 6
12 1
12 2
12 13
13 12
13 10
13 9
13 14
14 13
14 1
14 7
14 17
15 4
15 11
15 13
15 26
16 12
16 2
16 6
16 19
17 13
17 14
17 6
17 29
18 0
18 9
18 11
18 102
19 1
19 10
19 16
19 39
20 4
20 14
20 7
20 37
21 12
21 2
21 8
21 48
22 10
22 2
22 12
22 33
23 2
23 11
23 6
23 137
24 6
24 1
24 10
24 47
25 10
25 3
25 9
25 33
26 13
26 7
26 15
26 29
27 10
27 4
27 11
27 28
28 27
28 11
28 3
28 31
29 17
29 8
29 26
29 50
30 0
30 13
30 1
30 141
31 28
31 2
31 4
31 94
32 26
32 11
32 6
32 44
33 25
33 22
33 6
33 36
34 2
34 27
34 9
34 74
35 7
35 15
35 12
35 65
36 33
36 15
36 4
36 42
37 12
37 7
37 20
37 82
38 11
38 6
38 9
38 60
39 19
39 26
39 1
39 59
40 9
40 20
40 3
40 41
41 3
41 40
41 7
41 59
42 7
42 2
42 36
42 70
43 10
43 33
43 19
43 62
44 20
44 32
44 2
44 66
45 33
45 4
45 20
45 102
46 20
46 8
46 10
46 91
47 24
47 12
47 17
47 49
48 21
48 19
48 33
48 110
49 9
49 28
49 47
49 61
50 29
50 1
50 11
50 56
51 20
51 28
51 13
51 64
52 11
52 27
52 14
52 138
53 47
53 3
53 33
53 68
54 1
54 12
54 8
54 59
55 4
55 1
55 17
55 153
56 19
56 13
56 50
57 24
57 2
57 11
57 142
58 13
58 8
58 9
58 154
59 41
59 39
59 54
59 79
60 6
60 16
60 38
60 72
61 8
61 49
61 11
61 170
62 43
62 7
62 2
62 80
63 11
63 9
63 47
63 71
64 51
64 2
64 12
64 66
65 1
65 36
65 35
65 75
66 64
66 8
66 44
66 131
67 4
67 11
67 41
67 210
68 2
68 12
68 53
68 124
69 29
69 19
69 49
69 119
70 21
70 12
70 42
70 81
71 12
71 63
71 0
71 133
72 60
72 47
72 0
72 90
73 1
73 7
73 4
74 24
74 34
74 12
74 84
75 11
75 50
75 65
75 99
76 5
76 6
76 47
76 173
77 29
77 7
77 6
78 10
78 1
78 29
78 85
79 59
79 16
79 11
79 82
80 62
80 6
80 0
80 122
81 4
81 21
81 70
81 202
82 37
82 79
82 11
82 91
83 27
83 2
83 11
83 157
84 37
84 2
84 74
84 113
85 38
85 78
85 41
85 178
86 7
86 70
86 49
86 134
87 8
87 9
87 65
87 88
88 12
88 60
88 87
88 291
89 43
89 49
89 79
89 288
90 9
90 72
90 12
90 356
91 82
91 10
91 46
91 171
92 47
92 11
92 6
92 158
93 43
93 39
93 2
93 156
94 31
94 28
94 8
94 128
95 11
95 1
95 50
95 179
96 6
96 2
96 47
96 245
97 0
97 11
97 29
98 50
98 33
98 31
98 155
99 75
99 3
99 10
99 127
100 63
100 0
100 4
100 145
101 79
101 8
101 35
101 252
102 7
102 18
102 45
102 129
103 0
103 47
103 1
103 106
104 38
104 50
104 11
104 170
105 15
105 25
105 13
106 45
106 62
106 103
106 189
107 7
107 1
107 35
107 121
108 18
108 2
108 44
108 153
109 1
109 74
109 42
109 120
110 65
110 48
110 11
110 333
111 27
111 74
111 13
111 199
112 17
112 13
112 82
112 163
113 6
113 84
113 12
113 138
114 8
114 11
114 64
114 132
115 16
115 49
115 62
115 116
116 21
116 19
116 115
116 309
117 29
117 13
117 70
117 196
118 16
118 4
118 27
118 138
119 1
119 69
119 41
119 120
120 109
120 119
120 87
120 122
121 46
121 107
121 82
121 147
122 1
122 80
122 120
122 135
123 10
123 54
123 2
123 197
124 1
124 20
124 68
124 304
125 72
125 3
125 29
125 250
126 34
126 59
126 20
126 158
127 99
127 12
127 5
127 192
128 94
128 1
128 120
128 382
129 47
129 7
129 102
129 226
130 42
130 28
130 19
131 24
131 10
131 66
131 143
132 82
132 114
132 16
133 71
133 0
133 36
133 204
134 11
134 14
134 86
134 150
135 1
135 51
135 122
135 174
136 94
136 46
136 65
136 150
137 11
137 23
137 38
137 180
138 52
138 118
138 113
138 162
139 62
139 14
139 7
139 208
140 27
140 78
140 4
140 217
141 72
141 30
141 62
141 271
142 57
142 14
142 4
142 228
143 20
143 131
143 16
143 184
144 103
144 53
144 32
144 292
145 7
145 100
145 34
145 230
146 15
146 115
146 12
146 220
147 121
147 46
147 14
147 481
148 4
148 9
148 33
148 385
149 33
149 19
149 3
150 54
150 136
150 134
150 184
151 7
151 33
151 57
152 102
152 30
152 12
152 330
153 55
153 46
153 108
153 178
154 62
154 49
154 58
155 87
155 20
155 98
155 216
156 93
156 35
156 18
157 83
157 16
157 62
157 233
158 80
158 126
158 92
158 186
159 7
159 113
159 75
160 3
160 13
160 12
160 213
161 136
161 41
161 16
161 168
162 138
162 42
162 18
163 109
163 112
163 12
163 342
164 28
164 131
164 19
164 353
165 4
165 134
165 63
165 329
166 109
166 70
166 112
166 223
167 11
167 47
167 13
167 238
168 75
168 4
168 161
168 317
169 72
169 10
169 2
169 221
170 61
170 33
170 104
170 305
171 91
171 12
171 2
171 194
172 52
172 161
172 70
172 278
173 76
173 36
173 131
173 198
174 33
174 135
174 11
174 335
175 1
175 2
175 100
175 210
176 20
176 2
176 10
176 284
177 26
177 134
177 3
177 188
178 153
178 118
178 85
178 423
179 80
179 95
179 12
179 231
180 71
180 11
180 137
180 365
181 17
181 19
181 102
181 232
182 28
182 12
182 109
182 479
183 2
183 11
183 7
183 188
184 143
184 85
184 150
184 458
185 150
185 50
185 10
185 345
186 86
186 50
186 158
186 481
187 23
187 75
187 120
187 433
188 36
188 183
188 177
188 412
189 106
189 37
189 62
189 440
190 21
190 4
190 24
191 60
191 13
191 143
191 215
192 42
192 7
192 127
192 271
193 127
193 3
193 27
193 200
194 19
194 171
194 47
194 200
195 119
195 4
195 14
196 131
196 117
196 1
196 400
197 123
197 122
197 33
197 240
198 7
198 173
198 117
199 111
199 37
199 51
200 65
200 193
200 194
200 309
201 48
201 106
201 15
202 78
202 41
202 81
202 255
203 15
203 100
203 138
204 4
204 47
204 133
204 263
205 23
205 2
205 36
206 6
206 121
206 83
206 329
207 43
207 91
207 80
207 327
208 7
208 139
208 4
209 2
209 12
209 71
209 235
210 175
210 25
210 67
210 487
211 75
211 17
211 112
211 264
212 50
212 76
212 46
212 270
213 160
213 70
213 44
213 288
214 1
214 39
214 33
214 301
215 191
215 1
215 83
215 257
216 177
216 28
216 155
216 323
217 13
217 140
217 65
217 237
218 48
218 9
218 79
219 0
219 45
219 177
219 232
220 7
220 146
220 2
220 328
221 1
221 169
221 6
221 305
222 20
222 137
222 6
222 246
223 30
223 166
223 2
223 338
224 4
224 104
224 111
225 66
225 47
225 194
226 173
226 14
226 129
226 244
227 12
227 4
227 16
228 95
228 142
228 143
228 289
229 41
229 36
229 183
229 380
230 139
230 145
230 67
230 276
231 113
231 179
231 108
231 319
232 27
232 219
232 181
232 307
233 38
233 173
233 157
233 267
234 117
234 33
234 131
235 70
235 209
235 194
235 386
236 74
236 36
236 79
237 217
237 13
237 7
238 167
238 65
238 12
238 264
239 134
239 49
239 36
239 293
240 50
240 197
240 109
240 311
241 79
241 93
241 117
241 310
242 30
242 68
242 13
242 480
243 4
243 191
243 100
244 31
244 166
244 226
244 415
245 29
245 96
245 117
246 222
246 104
246 13
246 491
247 64
247 127
247 9
247 335
248 7
248 11
248 41
249 79
249 28
249 43
249 389
250 43
250 145
250 125
250 484
251 37
251 4
251 58
251 296
252 4
252 19
252 101
253 53
253 12
253 13
253 348
254 29
254 134
254 49
254 282
255 7
255 202
255 65
256 121
256 35
256 167
256 269
257 1
257 215
257 46
257 308
258 65
258 4
258 118
259 33
259 27
259 15
259 275
260 55
260 47
260 16
261 145
261 17
261 133
262 3
262 119
262 183
262 323
263 9
263 204
263 194
264 238
264 211
264 1
265 49
265 134
265 70
265 313
266 11
266 103
266 4
267 104
267 20
267 233
268 79
268 209
268 109
268 407
269 0
269 256
269 173
269 308
270 74
270 38
270 212
271 2
271 192
271 141
271 287
272 52
272 2
272 19
273 106
273 211
273 15
273 357
274 20
274 112
274 23
275 28
275 259
275 78
275 318
276 79
276 11
276 230
276 367
277 122
277 11
277 47
278 172
278 72
278 136
278 378
279 146
279 1
279 42
279 475
280 141
280 66
280 7
281 119
281 138
281 142
282 28
282 40
282 254
283 8
283 4
283 18
283 287
284 176
284 44
284 7
284 382
285 8
285 146
285 37
285 394
286 31
286 80
286 63
286 409
287 33
287 283
287 271
287 307
288 197
288 213
288 89
288 404
289 3
289 228
289 20
290 254
290 12
290 33
290 320
291 88
291 7
291 13
291 313
292 70
292 144
292 38
292 343
293 49
293 239
293 254
293 330
294 7
294 59
294 113
294 396
295 181
295 193
295 20
295 312
296 2
296 251
296 83
296 332
297 171
297 2
297 74
297 321
298 6
298 10
298 117
298 334
299 76
299 4
299 38
299 486
300 2
300 215
300 38
300 385
301 78
301 214
301 25
302 131
302 2
302 9
302 351
303 1
303 10
303 176
304 124
304 47
304 127
304 496
305 221
305 7
305 170
305 341
306 24
306 230
306 16
306 313
307 232
307 287
307 29
307 328
308 257
308 49
308 269
309 116
309 37
309 200
310 211
310 241
310 140
310 468
311 240
311 2
311 15
311 343
312 295
312 4
312 257
312 356
313 306
313 265
313 291
314 2
314 88
314 192
315 1
315 7
315 37
316 256
316 215
316 103
317 287
317 168
317 138
317 463
318 10
318 275
318 11
319 133
319 112
319 231
320 79
320 53
320 290
321 297
321 131
321 30
321 370
322 191
322 38
322 10
323 262
323 216
323 23
323 338
324 150
324 64
324 4
324 439
325 138
325 82
325 175
326 7
326 119
326 33
326 336
327 207
327 119
327 30
328 220
328 12
328 307
328 477
329 206
329 165
329 74
330 138
330 152
330 293
330 347
331 129
331 158
331 24
332 6
332 296
332 8
333 110
333 6
333 15
334 46
334 298
334 21
335 247
335 9
335 174
335 387
336 33
336 326
336 296
336 408
337 117
337 12
337 27
338 223
338 62
338 323
339 37
339 6
339 11
340 171
340 202
340 160
341 38
341 241
341 305
341 379
342 163
342 220
342 177
343 311
343 1
343 292
344 9
344 47
344 67
345 49
345 185
345 10
346 131
346 1
346 163
346 416
347 26
347 47
347 330
348 7
348 8
348 253
349 238
349 33
349 11
349 442
350 0
350 12
350 71
351 129
351 302
351 74
351 454
352 238
352 171
352 20
352 439
353 323
353 164
353 64
353 381
354 66
354 211
354 124
354 414
355 207
355 202
355 200
355 386
356 312
356 305
356 90
356 447
357 273
357 23
357 80
358 1
358 42
358 292
358 365
359 11
359 75
359 2
360 6
360 145
360 103
360 450
361 170
361 24
361 137
362 118
362 175
362 22
363 55
363 112
363 233
363 378
364 152
364 214
364 169
365 4
365 358
365 180
365 399
366 108
366 20
366 16
367 276
367 26
367 63
368 102
368 27
368 115
368 424
369 61
369 2
369 47
370 155
370 321
370 82
371 8
371 115
371 82
372 33
372 59
372 78
373 292
373 50
373 326
374 44
374 2
374 140
375 2
375 160
375 23
376 16
376 31
376 7
376 420
377 265
377 228
377 63
378 46
378 363
378 278
379 341
379 102
379 90
379 382
380 153
380 25
380 229
380 390
381 85
381 353
381 170
381 446
382 379
382 128
382 284
383 124
383 78
383 25
383 445
384 194
384 341
384 6
385 148
385 109
385 300
386 355
386 191
386 235
386 461
387 335
387 67
387 32
387 467
388 228
388 68
388 2
389 249
389 55
389 6
389 465
390 380
390 35
390 2
390 453
391 175
391 1
391 83
392 223
392 23
392 4
393 87
393 160
393 122
394 96
394 133
394 285
395 194
395 120
395 29
396 294
396 15
396 285
396 433
397 88
397 1
397 20
398 118
398 240
398 68
399 51
399 365
399 1
399 439
400 239
400 67
400 196
401 104
401 4
401 158
401 461
402 99
402 20
402 49
403 136
403 228
403 216
403 490
404 17
404 1
404 288
404 459
405 0
405 28
405 47
406 10
406 59
406 12
406 410
407 268
407 131
407 33
407 409
408 21
408 262
408 336
409 407
409 286
409 2
410 10
410 75
410 406
410 419
411 1
411 42
411 103
412 166
412 188
412 121
413 35
413 51
413 2
414 6
414 354
414 111
415 49
415 36
415 244
416 275
416 20
416 346
417 284
417 174
417 160
418 53
418 2
418 119
418 456
419 330
419 76
419 410
420 63
420 211
420 376
421 336
421 18
421 283
422 335
422 3
422 293
423 19
423 0
423 178
424 368
424 11
424 152
424 435
425 141
425 64
425 211
426 11
426 10
426 118
427 144
427 59
427 273
428 150
428 101
428 221
429 335
429 306
429 152
430 0
430 172
430 2
431 21
431 37
431 180
432 214
432 10
432 406
433 396
433 187
433 9
433 488
434 82
434 46
434 228
435 99
435 9
435 424
436 380
436 25
436 229
437 43
437 7
437 358
437 438
438 437
438 29
438 167
439 324
439 352
439 399
440 189
440 15
440 335
441 135
441 189
441 111
442 380
442 297
442 349
443 275
443 0
443 16
444 12
444 160
444 5
445 383
445 50
445 133
446 153
446 197
446 381
447 284
447 109
447 356
448 41
448 9
448 106
449 35
449 80
449 15
450 360
450 297
450 42
450 476
451 25
451 233
451 17
451 491
452 29
452 134
452 74
453 390
453 1
453 157
453 460
454 127
454 194
454 351
455 17
455 41
455 213
456 188
456 418
456 103
457 22
457 10
457 139
458 184
458 20
458 7
459 404
459 286
459 136
460 453
460 4
460 49
460 493
461 401
461 296
461 386
462 41
462 119
462 144
463 6
463 317
463 62
464 79
464 14
464 139
465 111
465 389
465 47
466 83
466 82
466 312
467 387
467 38
467 204
468 292
468 310
468 109
469 93
469 268
469 15
470 363
470 139
470 70
471 29
471 0
471 9
471 486
472 285
472 12
472 179
472 485
473 113
473 262
473 26
474 15
474 35
474 269
475 279
475 53
475 119
476 191
476 450
476 166
476 498
477 101
477 142
477 328
478 71
478 173
478 109
479 182
479 19
479 305
480 54
480 292
480 242
481 2
481 147
481 186
482 11
482 321
482 28
483 341
483 26
483 11
484 13
484 250
484 59
485 472
485 11
485 354
486 2
486 299
486 471
487 12
487 181
487 210
488 11
488 51
488 433
489 2
489 353
489 141
490 117
490 403
490 60
491 246
491 153
491 451
492 386
492 115
492 330
493 59
493 460
493 4
494 11
494 100
494 3
495 212
495 114
495 240
496 241
496 304
496 134
497 47
497 472
497 75
498 32
498 88
498 476
499 26
499 4
499 35
