0 1
0 2
0 3
0 8
0 10
0 11
0 15
0 18
0 19
0 20
0 21
0 23
0 27
0 30
0 41
1 0
1 2
1 3
1 4
1 5
1 7
1 8
1 9
1 13
1 16
1 17
1 24
1 25
1 28
1 30
1 33
1 34
1 45
2 0
2 1
2 3
2 4
2 5
2 6
2 11
2 13
2 15
2 16
2 23
2 28
2 34
2 35
2 44
3 1
3 0
3 2
3 4
3 5
3 8
3 11
3 16
3 18
3 25
3 39
4 3
4 2
4 1
4 6
4 7
4 12
4 14
4 15
4 17
4 20
4 22
4 31
4 40
4 49
5 3
5 1
5 2
5 6
5 35
5 36
5 37
6 5
6 4
6 2
6 7
6 10
6 22
7 4
7 6
7 1
7 9
7 10
7 12
7 18
7 36
7 45
7 48
7 49
8 3
8 1
8 0
8 9
8 17
8 20
8 32
9 8
9 1
9 7
9 12
9 13
9 27
9 29
9 36
9 40
10 6
10 0
10 7
10 14
10 21
10 42
11 3
11 2
11 0
11 14
11 43
12 9
12 7
12 4
12 24
12 40
12 43
13 2
13 1
13 9
13 38
14 10
14 4
14 11
14 19
14 25
14 26
14 33
15 0
15 2
15 4
15 21
15 38
15 48
16 2
16 3
16 1
16 22
16 38
16 44
17 4
17 8
17 1
17 19
17 26
17 30
17 47
18 7
18 3
18 0
18 27
19 0
19 14
19 17
20 0
20 8
20 4
21 10
21 15
21 0
21 24
22 16
22 4
22 6
22 23
22 32
22 39
23 2
23 0
23 22
23 29
23 33
24 12
24 21
24 1
24 26
24 29
24 31
24 46
25 3
25 14
25 1
26 17
26 14
26 24
26 28
26 39
26 49
27 0
27 18
27 9
27 31
27 32
27 35
27 41
27 44
28 26
28 2
28 1
28 34
28 37
29 23
29 9
29 24
29 42
30 17
30 1
30 0
31 24
31 27
31 4
31 45
32 8
32 27
32 22
32 46
33 1
33 23
33 14
33 37
33 46
34 2
34 28
34 1
35 5
35 27
35 2
36 5
36 9
36 7
37 33
37 28
37 5
37 41
37 42
38 16
38 15
38 13
39 26
39 22
39 3
39 43
40 4
40 9
40 12
41 0
41 37
41 27
41 47
42 10
42 29
42 37
42 47
42 48
43 12
43 11
43 39
44 27
44 16
44 2
45 1
45 31
45 7
46 24
46 32
46 33
47 17
47 42
47 41
48 15
48 42
48 7
49 26
49 7
49 4
