0 1
1 0
2 0
2 1
3 1
3 0
3 2
4 0
4 2
4 1
5 2
5 1
5 4
6 2
6 3
6 1
7 2
7 1
7 6
8 7
8 1
8 6
9 1
9 2
9 0
10 4
10 1
10 5
11 8
11 10
11 0
12 11
12 2
12 7
13 11
13 0
13 12
14 11
14 2
14 4
15 13
15 6
15 0
16 1
16 6
16 15
17 1
17 4
17 3
18 1
18 7
18 10
19 8
19 3
19 1
20 17
20 5
20 14
21 10
21 5
21 2
22 5
22 2
22 1
23 10
23 6
23 16
24 2
24 15
24 14
25 14
25 1
25 22
26 6
26 13
26 17
27 17
27 5
27 16
28 22
28 4
28 17
29 20
29 15
29 10
30 13
30 10
30 15
31 14
31 30
31 25
32 22
32 17
32 4
33 16
33 2
33 3
34 22
34 1
34 15
35 5
35 6
35 7
36 16
36 24
36 6
37 14
37 20
37 5
38 33
38 17
38 6
39 25
39 37
39 33
40 17
40 5
40 33
41 1
41 22
41 17
42 11
42 10
42 16
43 17
43 22
43 0
44 29
44 11
44 14
45 14
45 22
45 16
46 6
46 22
46 4
47 2
47 0
47 16
48 22
48 13
48 10
49 18
49 34
49 15
50 10
50 11
50 33
51 4
51 50
51 10
52 2
52 0
52 33
53 20
53 2
53 51
54 26
54 44
54 0
55 4
55 30
55 7
56 26
56 3
56 35
57 48
57 55
57 3
58 11
58 45
58 13
59 4
59 55
59 13
60 10
60 27
60 17
61 10
61 13
61 39
62 55
62 61
62 37
63 0
63 25
63 27
64 3
64 0
64 8
65 15
65 39
65 22
66 33
66 0
66 30
67 43
67 30
67 10
68 22
68 3
68 38
69 0
69 27
69 5
70 2
70 15
70 39
71 2
71 16
71 28
72 33
72 45
72 15
73 51
73 20
73 23
74 60
74 1
74 0
75 13
75 68
75 1
76 17
76 2
76 26
77 30
77 61
77 4
78 70
78 7
78 11
79 28
79 0
79 64
80 10
80 4
80 54
81 28
81 78
81 8
82 0
82 1
82 22
83 71
83 2
83 51
84 1
84 39
84 36
85 72
85 28
85 63
86 2
86 27
86 19
87 26
87 10
87 13
88 51
88 11
88 48
89 16
89 67
89 28
90 4
90 13
90 28
91 7
91 35
91 34
92 0
92 21
92 25
93 5
93 42
93 48
94 24
94 10
94 26
95 11
95 25
95 0
96 20
96 33
96 61
97 10
97 64
97 33
98 17
98 22
98 95
99 91
99 15
99 96
