0 1
1 0
2 1
2 0
3 0
3 1
3 2
4 0
4 1
4 2
5 1
5 2
5 0
6 1
6 2
6 0
7 2
7 1
7 6
8 2
8 0
8 3
9 0
9 2
9 1
10 0
10 5
10 4
11 9
11 2
11 4
12 2
12 3
12 0
13 10
13 1
13 8
14 2
14 0
14 3
15 2
15 7
15 1
16 5
16 2
16 0
17 1
17 2
17 6
18 2
18 3
18 5
19 3
19 1
19 5
20 11
20 14
20 10
21 9
21 0
21 1
22 20
22 1
22 4
23 3
23 9
23 0
24 13
24 0
24 2
25 0
25 2
25 21
26 2
26 1
26 6
27 23
27 15
27 10
28 22
28 2
28 1
29 20
29 15
29 2
30 2
30 1
30 7
31 2
31 21
31 1
32 1
32 23
32 30
33 12
33 2
33 5
34 2
34 1
34 15
35 15
35 20
35 1
36 7
36 3
36 0
37 1
37 2
37 24
38 1
38 2
38 31
39 37
39 27
39 0
40 26
40 10
40 5
41 14
41 2
41 3
42 3
42 21
42 11
43 23
43 21
43 3
44 30
44 1
44 17
45 21
45 0
45 4
46 3
46 21
46 18
47 14
47 18
47 15
48 23
48 1
48 14
49 46
49 2
49 1
