0 1
1 0
2 1
2 0
3 0
3 1
3 2
4 0
4 2
4 1
5 1
5 2
5 0
6 5
6 0
6 4
7 4
7 1
7 2
8 0
8 1
8 4
9 3
9 6
9 0
10 0
10 4
10 8
11 2
11 1
11 0
12 0
12 5
12 4
13 0
13 4
13 9
14 1
14 12
14 0
15 0
15 9
15 11
16 2
16 8
16 13
17 15
17 9
17 2
18 10
18 0
18 14
19 15
19 6
19 11
20 14
20 9
20 19
21 8
21 14
21 6
22 13
22 19
22 20
23 13
23 0
23 4
24 3
24 17
24 9
25 1
25 9
25 0
26 17
26 15
26 0
27 21
27 13
27 15
28 1
28 10
28 14
29 12
29 4
29 9
30 10
30 1
30 0
31 14
31 8
31 12
32 25
32 27
32 3
33 5
33 16
33 2
34 27
34 24
34 4
35 0
35 1
35 31
36 9
36 8
36 16
37 7
37 34
37 20
38 7
38 27
38 0
39 0
39 12
39 27
40 4
40 3
40 29
41 20
41 3
41 40
42 1
42 38
42 6
43 9
43 10
43 0
44 42
44 25
44 18
45 39
45 15
45 13
46 43
46 4
46 10
47 9
47 14
47 17
48 15
48 20
48 29
49 21
49 4
49 44
