0 1
0 2
1 0
1 2
2 0
2 1
3 1
3 0
3 2
4 0
4 2
4 1
5 2
5 0
5 1
6 5
6 2
6 0
7 2
7 3
7 5
8 2
8 4
8 0
9 6
9 3
9 8
10 0
10 1
10 3
11 6
11 0
11 2
12 0
12 2
12 8
13 4
13 3
13 2
14 1
14 6
14 0
15 2
15 0
15 9
16 4
16 14
16 0
17 7
17 1
17 9
18 3
18 15
18 0
19 4
19 2
19 9
20 0
20 4
20 7
21 2
21 1
21 0
22 18
22 12
22 2
23 1
23 2
23 0
24 20
24 0
24 14
25 13
25 0
25 2
26 7
26 12
26 0
27 21
27 1
27 5
28 6
28 0
28 12
29 3
29 6
29 12
30 29
30 4
30 2
31 30
31 1
31 0
32 1
32 5
32 9
33 26
33 30
33 2
34 2
34 13
34 11
35 17
35 2
35 13
36 30
36 0
36 6
37 23
37 1
37 29
38 23
38 4
38 5
39 1
39 4
39 27
40 19
40 3
40 1
41 1
41 38
41 30
42 11
42 6
42 13
43 12
43 5
43 0
44 2
44 23
44 9
45 2
45 36
45 0
46 15
46 19
46 25
47 34
47 12
47 25
48 3
48 6
48 26
49 12
49 30
49 8
