0 1
0 2
0 3
0 4
0 8
0 17
1 0
1 2
1 3
1 4
1 5
1 6
1 8
1 12
1 13
1 14
1 19
2 0
2 1
2 3
2 5
2 6
2 13
3 1
3 0
3 2
3 4
3 7
3 9
3 11
4 3
4 1
4 0
4 5
4 6
4 7
4 12
4 15
4 18
5 1
5 2
5 4
5 8
5 9
5 11
5 14
5 18
6 2
6 4
6 1
6 7
6 14
7 3
7 6
7 4
7 9
7 10
7 12
7 16
8 0
8 5
8 1
8 10
8 16
9 3
9 5
9 7
9 10
9 19
10 8
10 7
10 9
10 11
10 19
11 5
11 10
11 3
11 18
12 7
12 4
12 1
12 13
12 15
12 16
12 17
13 1
13 2
13 12
14 6
14 1
14 5
14 15
14 17
15 4
15 12
15 14
16 8
16 7
16 12
17 14
17 0
17 12
18 11
18 5
18 4
19 10
19 9
19 1
