0 1
0 2
0 3
0 4
1 0
1 2
1 3
1 4
2 1
2 0
2 3
2 4
3 2
3 1
3 0
3 5
4 1
4 0
4 2
4 8
5 2
5 1
5 3
5 7
6 1
6 3
6 0
6 7
7 5
7 6
7 1
7 12
8 3
8 2
8 4
8 10
9 2
9 5
9 3
10 8
10 3
10 2
10 19
11 8
11 2
11 3
11 16
12 5
12 7
12 2
12 19
13 3
13 1
13 7
13 14
14 13
14 2
14 7
14 21
15 1
15 3
15 5
16 11
16 13
16 0
16 17
17 2
17 1
17 16
17 25
18 7
18 3
18 2
18 20
19 5
19 10
19 12
19 23
20 0
20 18
20 16
20 47
21 3
21 1
21 14
21 42
22 11
22 12
22 2
22 24
23 19
23 5
23 16
23 35
24 22
24 12
24 1
25 2
25 5
25 17
25 37
26 2
26 19
26 7
26 67
27 2
27 6
27 5
27 31
28 16
28 11
28 14
28 55
29 19
29 6
29 7
29 42
30 17
30 3
30 0
30 31
31 27
31 19
31 30
31 34
32 3
32 5
32 7
32 54
33 22
33 4
33 19
33 60
34 31
34 14
34 2
34 39
35 10
35 8
35 23
36 2
36 6
36 0
37 4
37 2
37 25
37 40
38 17
38 23
38 6
38 44
39 5
39 34
39 2
39 43
40 37
40 0
40 27
40 43
41 25
41 1
41 14
41 87
42 17
42 29
42 21
43 39
43 40
43 17
43 63
44 2
44 21
44 38
44 52
45 5
45 14
45 7
45 76
46 12
46 22
46 4
47 8
47 3
47 20
47 81
48 6
48 12
48 8
49 29
49 1
49 14
49 53
50 10
50 16
50 19
50 56
51 5
51 13
51 3
51 85
52 22
52 17
52 44
52 74
53 19
53 49
53 1
53 80
54 5
54 49
54 32
54 55
55 1
55 28
55 54
55 68
56 50
56 23
56 6
56 57
57 56
57 31
57 23
58 13
58 31
58 0
59 27
59 8
59 7
59 94
60 25
60 1
60 33
61 11
61 39
61 3
61 63
62 0
62 23
62 29
63 43
63 61
63 34
63 94
64 2
64 3
64 10
64 71
65 27
65 20
65 4
65 76
66 4
66 17
66 54
67 23
67 21
67 26
67 93
68 55
68 1
68 31
69 26
69 14
69 1
70 2
70 7
70 43
70 74
71 2
71 64
71 33
72 2
72 7
72 8
72 77
73 12
73 3
73 31
74 70
74 52
74 31
75 34
75 23
75 37
76 3
76 45
76 65
77 17
77 1
77 72
77 82
78 64
78 3
78 17
78 92
79 49
79 34
79 55
80 34
80 53
80 11
81 3
81 54
81 47
82 18
82 49
82 77
83 31
83 2
83 3
84 28
84 2
84 29
85 51
85 19
85 7
85 88
86 2
86 10
86 61
86 87
87 22
87 41
87 86
88 29
88 85
88 3
88 89
89 32
89 88
89 17
89 90
90 89
90 18
90 7
91 34
91 19
91 31
92 2
92 50
92 78
93 56
93 0
93 67
94 29
94 59
94 63
95 47
95 30
95 61
96 64
96 39
96 33
97 28
97 23
97 51
98 2
98 13
98 27
99 0
99 7
99 13
