0 1
0 2
1 0
1 2
2 1
2 0
3 1
3 0
3 2
4 2
4 3
4 1
5 2
5 0
5 1
6 0
6 5
6 1
7 5
7 4
7 1
8 1
8 7
8 2
9 5
9 2
9 0
10 1
10 2
10 0
11 9
11 4
11 3
12 5
12 9
12 7
13 3
13 0
13 7
14 6
14 0
14 3
15 2
15 0
15 8
16 7
16 0
16 15
17 2
17 7
17 6
18 3
18 17
18 2
19 9
19 5
19 7
20 1
20 8
20 5
21 1
21 19
21 8
22 1
22 11
22 0
23 1
23 20
23 11
24 0
24 1
24 9
25 12
25 23
25 20
26 1
26 5
26 6
27 1
27 12
27 5
28 5
28 0
28 19
29 7
29 5
29 19
30 12
30 5
30 19
31 7
31 1
31 5
32 25
32 4
32 0
33 0
33 29
33 5
34 1
34 2
34 26
35 7
35 2
35 34
36 14
36 20
36 5
37 2
37 15
37 35
38 19
38 5
38 2
39 0
39 1
39 16
40 4
40 1
40 35
41 0
41 2
41 4
42 0
42 5
42 2
43 7
43 36
43 32
44 26
44 19
44 28
45 41
45 12
45 0
46 21
46 19
46 2
47 1
47 23
47 2
48 41
48 1
48 0
49 12
49 39
49 38
50 0
50 45
50 7
51 44
51 13
51 45
52 32
52 5
52 1
53 42
53 44
53 41
54 0
54 2
54 28
55 23
55 21
55 29
56 38
56 23
56 1
57 3
57 4
57 21
58 25
58 16
58 38
59 1
59 48
59 7
60 41
60 26
60 19
61 2
61 29
61 27
62 58
62 35
62 1
63 30
63 7
63 9
64 5
64 35
64 51
65 5
65 0
65 56
66 2
66 5
66 21
67 53
67 3
67 23
68 62
68 2
68 27
69 4
69 58
69 64
70 41
70 38
70 44
71 20
71 48
71 1
72 45
72 7
72 56
73 31
73 19
73 36
74 2
74 3
74 32
75 73
75 29
75 68
76 75
76 68
76 2
77 16
77 41
77 19
78 2
78 21
78 58
79 1
79 72
79 26
80 1
80 16
80 75
81 1
81 5
81 11
82 9
82 36
82 68
83 72
83 12
83 2
84 7
84 21
84 14
85 35
85 39
85 2
86 73
86 12
86 5
87 38
87 65
87 5
88 9
88 48
88 74
89 5
89 32
89 23
90 0
90 60
90 19
91 20
91 1
91 59
92 56
92 12
92 2
93 38
93 2
93 68
94 26
94 2
94 17
95 79
95 7
95 23
96 2
96 78
96 27
97 68
97 63
97 91
98 8
98 2
98 4
99 29
99 9
99 52
