0 1
1 0
2 0
2 1
3 0
3 2
3 1
4 0
4 1
4 2
5 1
5 0
5 2
6 1
6 2
6 3
7 6
7 3
7 0
8 0
8 2
8 1
9 0
9 4
9 8
10 0
10 1
10 6
11 0
11 1
11 4
12 8
12 0
12 4
13 0
13 1
13 7
14 0
14 1
14 6
15 1
15 8
15 3
16 0
16 1
16 5
17 15
17 0
17 11
18 6
18 1
18 3
19 13
19 1
19 0
20 1
20 2
20 0
21 4
21 3
21 1
22 5
22 0
22 13
23 8
23 2
23 14
24 14
24 0
24 3
25 1
25 22
25 0
26 2
26 7
26 14
27 1
27 0
27 5
28 2
28 9
28 1
29 1
29 2
29 18
30 28
30 3
30 20
31 1
31 27
31 3
32 1
32 28
32 27
33 15
33 0
33 11
34 15
34 3
34 23
35 0
35 1
35 23
36 2
36 7
36 1
37 7
37 21
37 0
38 33
38 30
38 1
39 1
39 3
39 24
40 32
40 26
40 2
41 0
41 5
41 38
42 26
42 9
42 0
43 27
43 1
43 0
44 6
44 0
44 43
45 1
45 38
45 0
46 1
46 0
46 16
47 1
47 0
47 3
48 0
48 22
48 7
49 46
49 8
49 18
50 27
50 46
50 1
51 46
51 8
51 25
52 0
52 14
52 5
53 11
53 3
53 34
54 11
54 45
54 1
55 0
55 1
55 6
56 40
56 1
56 0
57 0
57 35
57 1
58 5
58 55
58 1
59 4
59 1
59 32
60 3
60 21
60 13
61 39
61 12
61 32
62 55
62 3
62 22
63 0
63 46
63 1
64 45
64 51
64 46
65 7
65 18
65 39
66 22
66 1
66 25
67 51
67 39
67 7
68 0
68 20
68 1
69 46
69 0
69 10
70 27
70 34
70 3
71 1
71 2
71 0
72 3
72 0
72 1
73 67
73 0
73 26
74 39
74 1
74 51
75 42
75 3
75 1
76 46
76 1
76 54
77 3
77 32
77 62
78 1
78 4
78 26
79 55
79 36
79 67
80 23
80 34
80 7
81 62
81 11
81 6
82 67
82 1
82 40
83 1
83 0
83 3
84 24
84 0
84 20
85 26
85 64
85 82
86 0
86 39
86 2
87 28
87 40
87 60
88 0
88 66
88 29
89 77
89 1
89 3
90 0
90 34
90 22
91 62
91 46
91 36
92 0
92 83
92 60
93 61
93 24
93 6
94 22
94 58
94 36
95 6
95 86
95 72
96 84
96 22
96 0
97 0
97 87
97 1
98 2
98 51
98 1
99 28
99 33
99 83
100 24
100 0
100 1
101 28
101 0
101 8
102 52
102 83
102 0
103 64
103 59
103 31
104 2
104 58
104 3
105 1
105 82
105 67
106 103
106 6
106 31
107 91
107 30
107 18
108 0
108 22
108 3
109 5
109 40
109 32
110 0
110 99
110 22
111 97
111 46
111 11
112 33
112 6
112 11
113 32
113 13
113 1
114 2
114 1
114 6
115 39
115 8
115 2
116 1
116 2
116 10
117 20
117 90
117 66
118 43
118 21
118 2
119 0
119 1
119 8
120 33
120 40
120 1
121 0
121 34
121 115
122 40
122 106
122 49
123 22
123 7
123 24
124 7
124 99
124 46
125 42
125 86
125 51
126 52
126 102
126 1
127 68
127 15
127 3
128 55
128 1
128 44
129 7
129 17
129 0
130 40
130 43
130 32
131 24
131 2
131 27
132 0
132 6
132 32
133 29
133 0
133 50
134 51
134 28
134 27
135 99
135 13
135 2
136 44
136 9
136 52
137 39
137 85
137 23
138 86
138 28
138 20
139 10
139 44
139 54
140 33
140 25
140 0
141 0
141 46
141 3
142 21
142 2
142 5
143 40
143 18
143 5
144 40
144 39
144 0
145 41
145 1
145 34
146 13
146 102
146 21
147 101
147 79
147 6
148 30
148 18
148 20
149 0
149 1
149 100
150 32
150 43
150 3
151 3
151 130
151 94
152 32
152 129
152 3
153 0
153 125
153 99
154 46
154 121
154 58
155 11
155 38
155 49
156 9
156 121
156 2
157 15
157 1
157 149
158 127
158 4
158 29
159 84
159 24
159 102
160 12
160 1
160 19
161 8
161 1
161 0
162 40
162 65
162 1
163 128
163 0
163 125
164 13
164 1
164 36
165 46
165 126
165 3
166 96
166 1
166 82
167 147
167 1
167 40
168 75
168 165
168 1
169 0
169 45
169 145
170 12
170 6
170 46
171 85
171 8
171 100
172 6
172 50
172 77
173 1
173 55
173 40
174 80
174 7
174 0
175 1
175 0
175 16
176 8
176 40
176 127
177 107
177 103
177 46
178 97
178 28
178 36
179 93
179 18
179 12
180 0
180 51
180 102
181 155
181 58
181 65
182 17
182 40
182 15
183 89
183 126
183 32
184 66
184 165
184 148
185 1
185 39
185 179
186 0
186 27
186 93
187 1
187 158
187 67
188 127
188 94
188 7
189 98
189 34
189 66
190 0
190 51
190 69
191 3
191 1
191 0
192 0
192 153
192 118
193 95
193 0
193 5
194 60
194 91
194 22
195 26
195 8
195 77
196 4
196 2
196 31
197 44
197 25
197 1
198 63
198 16
198 85
199 114
199 2
199 0
200 15
200 81
200 1
201 172
201 24
201 141
202 156
202 74
202 161
203 28
203 193
203 16
204 1
204 130
204 131
205 86
205 160
205 113
206 22
206 109
206 28
207 3
207 18
207 22
208 40
208 49
208 11
209 147
209 22
209 100
210 17
210 0
210 39
211 18
211 0
211 142
212 135
212 7
212 31
213 157
213 1
213 206
214 80
214 0
214 77
215 23
215 1
215 55
216 6
216 95
216 46
217 18
217 46
217 96
218 131
218 24
218 144
219 13
219 10
219 33
220 4
220 154
220 0
221 18
221 80
221 22
222 217
222 102
222 40
223 152
223 161
223 11
224 157
224 77
224 183
225 219
225 9
225 129
226 188
226 213
226 7
227 46
227 130
227 9
228 26
228 206
228 226
229 69
229 150
229 0
230 33
230 21
230 23
231 25
231 3
231 14
232 18
232 20
232 156
233 111
233 127
233 183
234 0
234 50
234 24
235 148
235 60
235 24
236 72
236 3
236 227
237 3
237 98
237 76
238 18
238 64
238 0
239 26
239 28
239 55
240 3
240 112
240 82
241 101
241 141
241 145
242 167
242 26
242 11
243 2
243 1
243 23
244 115
244 166
244 57
245 163
245 147
245 1
246 6
246 225
246 67
247 38
247 169
247 3
248 175
248 183
248 121
249 141
249 7
249 139
250 131
250 3
250 31
251 168
251 90
251 209
252 117
252 240
252 147
253 183
253 95
253 40
254 49
254 22
254 36
255 5
255 85
255 39
256 55
256 157
256 30
257 127
257 222
257 85
258 146
258 84
258 0
259 68
259 50
259 86
260 11
260 18
260 208
261 257
261 216
261 156
262 134
262 1
262 28
263 35
263 185
263 71
264 145
264 22
264 46
265 88
265 137
265 34
266 78
266 38
266 218
267 44
267 0
267 78
268 0
268 5
268 200
269 86
269 179
269 208
270 3
270 26
270 0
271 188
271 236
271 77
272 171
272 46
272 56
273 110
273 199
273 217
274 53
274 115
274 0
275 0
275 213
275 175
276 175
276 154
276 79
277 7
277 116
277 55
278 77
278 239
278 0
279 0
279 185
279 83
280 35
280 14
280 54
281 273
281 40
281 266
282 213
282 151
282 160
283 0
283 153
283 34
284 178
284 11
284 0
285 284
285 35
285 168
286 215
286 139
286 32
287 266
287 217
287 238
288 212
288 19
288 0
289 82
289 169
289 177
290 132
290 2
290 7
291 0
291 216
291 64
292 48
292 107
292 22
293 2
293 185
293 3
294 283
294 1
294 216
295 93
295 159
295 156
296 7
296 62
296 75
297 7
297 1
297 260
298 69
298 103
298 121
299 192
299 3
299 0
300 23
300 0
300 27
301 282
301 0
301 300
302 0
302 102
302 150
303 147
303 275
303 31
304 176
304 25
304 0
305 179
305 46
305 2
306 130
306 158
306 0
307 1
307 2
307 14
308 276
308 120
308 125
309 74
309 161
309 84
310 18
310 38
310 55
311 244
311 1
311 76
312 2
312 58
312 133
313 12
313 39
313 272
314 2
314 170
314 94
315 17
315 10
315 240
316 48
316 46
316 178
317 107
317 0
317 74
318 0
318 21
318 78
319 159
319 214
319 7
320 26
320 8
320 193
321 112
321 39
321 262
322 28
322 302
322 155
323 1
323 46
323 107
324 0
324 23
324 156
325 80
325 246
325 32
326 134
326 301
326 130
327 78
327 11
327 242
328 228
328 313
328 69
329 25
329 313
329 291
330 0
330 18
330 262
331 7
331 139
331 21
332 1
332 297
332 0
333 46
333 47
333 20
334 88
334 204
334 86
335 52
335 97
335 225
336 14
336 176
336 284
337 10
337 12
337 60
338 13
338 301
338 240
339 52
339 0
339 111
340 6
340 135
340 19
341 32
341 2
341 10
342 276
342 204
342 0
343 3
343 46
343 49
344 139
344 126
344 28
345 187
345 210
345 62
346 36
346 290
346 120
347 28
347 205
347 158
348 278
348 55
348 217
349 202
349 32
349 40
350 279
350 152
350 34
351 58
351 36
351 194
352 3
352 46
352 13
353 78
353 312
353 268
354 32
354 15
354 191
355 0
355 165
355 275
356 2
356 218
356 3
357 308
357 74
357 115
358 1
358 6
358 42
359 8
359 1
359 115
360 78
360 6
360 163
361 157
361 99
361 308
362 69
362 29
362 192
363 87
363 161
363 293
364 118
364 29
364 298
365 90
365 146
365 77
366 26
366 202
366 91
367 2
367 42
367 352
368 137
368 0
368 274
369 242
369 210
369 227
370 41
370 307
370 93
371 46
371 252
371 102
372 122
372 70
372 246
373 303
373 355
373 28
374 4
374 132
374 94
375 88
375 237
375 0
376 10
376 1
376 292
377 23
377 91
377 244
378 367
378 181
378 329
379 81
379 49
379 213
380 78
380 48
380 1
381 34
381 39
381 332
382 114
382 331
382 19
383 83
383 0
383 179
384 52
384 1
384 14
385 121
385 0
385 112
386 253
386 1
386 150
387 0
387 359
387 320
388 14
388 12
388 134
389 2
389 88
389 6
390 8
390 357
390 272
391 0
391 115
391 5
392 8
392 0
392 388
393 202
393 59
393 26
394 110
394 65
394 0
395 1
395 76
395 147
396 122
396 7
396 39
397 40
397 275
397 359
398 0
398 335
398 9
399 346
399 200
399 104
400 354
400 111
400 0
401 308
401 245
401 172
402 165
402 94
402 209
403 120
403 139
403 257
404 203
404 310
404 159
405 220
405 56
405 0
406 134
406 295
406 310
407 23
407 55
407 0
408 204
408 170
408 46
409 76
409 110
409 124
410 3
410 49
410 68
411 34
411 32
411 205
412 4
412 225
412 27
413 21
413 38
413 116
414 86
414 252
414 240
415 72
415 1
415 309
416 6
416 185
416 191
417 177
417 66
417 219
418 209
418 39
418 152
419 418
419 94
419 69
420 306
420 268
420 341
421 3
421 99
421 193
422 191
422 1
422 22
423 163
423 131
423 336
424 12
424 287
424 139
425 8
425 256
425 19
426 136
426 72
426 254
427 206
427 1
427 185
428 23
428 202
428 184
429 11
429 281
429 30
430 140
430 24
430 0
431 38
431 96
431 302
432 276
432 115
432 208
433 10
433 45
433 14
434 147
434 198
434 0
435 175
435 24
435 11
436 46
436 312
436 425
437 0
437 1
437 3
438 4
438 0
438 25
439 29
439 394
439 32
440 216
440 52
440 182
441 221
441 175
441 122
442 46
442 409
442 245
443 83
443 1
443 227
444 401
444 183
444 286
445 410
445 288
445 152
446 406
446 1
446 217
447 18
447 1
447 51
448 279
448 332
448 91
449 447
449 206
449 127
450 323
450 55
450 33
451 45
451 166
451 305
452 369
452 416
452 177
453 142
453 188
453 109
454 202
454 0
454 342
455 0
455 47
455 381
456 128
456 0
456 290
457 170
457 145
457 406
458 243
458 84
458 54
459 122
459 412
459 452
460 32
460 3
460 456
461 319
461 30
461 351
462 126
462 260
462 131
463 193
463 188
463 236
464 242
464 348
464 61
465 54
465 107
465 73
466 1
466 47
466 207
467 68
467 94
467 244
468 18
468 26
468 284
469 361
469 92
469 52
470 315
470 216
470 100
471 367
471 262
471 15
472 0
472 304
472 126
473 202
473 385
473 468
474 32
474 316
474 355
475 141
475 408
475 114
476 80
476 171
476 217
477 18
477 2
477 70
478 44
478 1
478 14
479 189
479 272
479 0
480 46
480 437
480 10
481 184
481 147
481 22
482 145
482 336
482 166
483 11
483 410
483 247
484 209
484 64
484 34
485 80
485 46
485 362
486 21
486 156
486 18
487 1
487 77
487 0
488 20
488 18
488 11
489 388
489 315
489 157
490 238
490 85
490 24
491 245
491 266
491 98
492 34
492 402
492 14
493 22
493 336
493 15
494 231
494 81
494 0
495 369
495 14
495 15
496 26
496 84
496 2
497 62
497 215
497 128
498 386
498 7
498 350
499 409
499 23
499 465
500 198
500 80
500 184
501 103
501 33
501 337
502 10
502 415
502 217
503 289
503 159
503 2
504 2
504 416
504 409
505 39
505 0
505 100
506 188
506 51
506 77
507 35
507 302
507 439
508 86
508 18
508 163
509 474
509 161
509 362
510 71
510 33
510 425
511 148
511 21
511 103
512 6
512 0
512 22
513 415
513 95
513 275
514 121
514 1
514 160
515 17
515 120
515 51
516 16
516 278
516 26
517 316
517 3
517 28
518 139
518 11
518 14
519 175
519 47
519 0
520 367
520 28
520 435
521 489
521 210
521 137
522 237
522 485
522 137
523 192
523 118
523 137
524 3
524 16
524 20
525 70
525 449
525 0
526 1
526 84
526 6
527 190
527 154
527 412
528 212
528 338
528 1
529 308
529 456
529 7
530 419
530 428
530 242
531 8
531 14
531 170
532 93
532 499
532 202
533 86
533 154
533 51
534 212
534 59
534 31
535 272
535 134
535 107
536 282
536 0
536 400
537 330
537 237
537 3
538 499
538 109
538 167
539 326
539 20
539 236
540 1
540 303
540 448
541 1
541 46
541 231
542 230
542 91
542 388
543 396
543 7
543 1
544 191
544 27
544 6
545 459
545 257
545 177
546 324
546 494
546 1
547 48
547 130
547 39
548 81
548 27
548 59
549 18
549 14
549 226
550 1
550 158
550 305
551 402
551 331
551 35
552 1
552 82
552 455
553 266
553 0
553 3
554 262
554 217
554 111
555 33
555 6
555 438
556 36
556 122
556 57
557 520
557 353
557 134
558 56
558 217
558 170
559 276
559 205
559 229
560 395
560 215
560 377
561 200
561 427
561 405
562 339
562 0
562 259
563 130
563 185
563 51
564 341
564 326
564 433
565 39
565 21
565 175
566 495
566 330
566 148
567 40
567 1
567 169
568 284
568 483
568 510
569 51
569 205
569 3
570 1
570 300
570 0
571 107
571 474
571 272
572 0
572 169
572 549
573 121
573 148
573 224
574 0
574 450
574 169
575 212
575 248
575 120
576 178
576 298
576 112
577 0
577 226
577 5
578 426
578 19
578 134
579 46
579 33
579 126
580 35
580 114
580 1
581 134
581 315
581 383
582 291
582 189
582 271
583 28
583 456
583 145
584 123
584 25
584 395
585 3
585 519
585 6
586 194
586 496
586 11
587 345
587 80
587 1
588 22
588 243
588 357
589 318
589 42
589 25
590 7
590 39
590 0
591 380
591 319
591 577
592 182
592 0
592 279
593 85
593 130
593 14
594 156
594 46
594 44
595 183
595 114
595 1
596 394
596 583
596 0
597 35
597 189
597 595
598 105
598 46
598 511
599 2
599 366
599 79
600 32
600 18
600 221
601 481
601 159
601 546
602 75
602 314
602 1
603 407
603 587
603 187
604 21
604 469
604 484
605 122
605 349
605 131
606 1
606 145
606 18
607 377
607 545
607 27
608 480
608 414
608 366
609 20
609 400
609 331
610 151
610 409
610 0
611 147
611 433
611 6
612 71
612 139
612 589
613 601
613 421
613 14
614 251
614 3
614 113
615 172
615 406
615 459
616 355
616 0
616 262
617 101
617 22
617 40
618 209
618 543
618 39
619 106
619 499
619 99
620 130
620 40
620 243
621 309
621 229
621 94
622 153
622 540
622 58
623 81
623 246
623 606
624 258
624 230
624 26
625 38
625 529
625 341
626 425
626 449
626 38
627 83
627 22
627 38
628 319
628 574
628 432
629 7
629 207
629 318
630 40
630 269
630 114
631 68
631 425
631 225
632 310
632 245
632 531
633 212
633 7
633 0
634 8
634 102
634 165
635 0
635 86
635 450
636 455
636 75
636 433
637 276
637 152
637 1
638 297
638 43
638 259
639 32
639 11
639 513
640 597
640 565
640 71
641 579
641 586
641 185
642 558
642 101
642 2
643 333
643 68
643 2
644 133
644 202
644 362
645 643
645 79
645 60
646 13
646 14
646 1
647 3
647 0
647 643
648 5
648 62
648 215
649 480
649 546
649 543
650 135
650 510
650 327
651 131
651 191
651 594
652 86
652 427
652 18
653 29
653 56
653 401
654 168
654 6
654 609
655 18
655 6
655 307
656 122
656 68
656 220
657 18
657 198
657 614
658 14
658 18
658 122
659 21
659 0
659 279
660 299
660 206
660 379
661 94
661 337
661 0
662 0
662 83
662 596
663 1
663 362
663 95
664 0
664 183
664 95
665 595
665 16
665 69
666 14
666 41
666 334
667 1
667 106
667 578
668 209
668 610
668 33
669 163
669 205
669 1
670 156
670 530
670 262
671 384
671 95
671 184
672 212
672 475
672 158
673 539
673 548
673 186
674 3
674 477
674 130
675 291
675 233
675 15
676 241
676 361
676 13
677 18
677 486
677 628
678 609
678 224
678 60
679 166
679 179
679 46
680 193
680 5
680 542
681 285
681 0
681 406
682 369
682 474
682 0
683 315
683 134
683 155
684 285
684 116
684 0
685 292
685 134
685 39
686 147
686 3
686 79
687 39
687 6
687 388
688 149
688 579
688 388
689 303
689 182
689 385
690 212
690 646
690 4
691 519
691 80
691 610
692 217
692 212
692 208
693 237
693 281
693 689
694 253
694 688
694 28
695 0
695 268
695 18
696 173
696 0
696 27
697 526
697 397
697 576
698 159
698 0
698 644
699 84
699 188
699 3
700 69
700 14
700 1
701 85
701 462
701 175
702 128
702 41
702 85
703 628
703 283
703 1
704 400
704 84
704 31
705 697
705 415
705 164
706 132
706 645
706 394
707 372
707 93
707 114
708 0
708 484
708 530
709 213
709 1
709 5
710 629
710 272
710 1
711 456
711 565
711 85
712 591
712 7
712 97
713 5
713 17
713 36
714 569
714 316
714 519
715 557
715 309
715 214
716 80
716 79
716 105
717 315
717 385
717 685
718 391
718 222
718 156
719 593
719 322
719 712
720 230
720 34
720 555
721 134
721 41
721 160
722 657
722 1
722 470
723 288
723 58
723 462
724 21
724 32
724 418
725 351
725 716
725 0
726 95
726 574
726 80
727 114
727 417
727 64
728 44
728 427
728 480
729 40
729 205
729 292
730 62
730 70
730 0
731 208
731 115
731 102
732 12
732 396
732 6
733 87
733 326
733 276
734 724
734 99
734 564
735 55
735 240
735 376
736 21
736 645
736 68
737 713
737 157
737 21
738 46
738 218
738 581
739 366
739 28
739 700
740 418
740 5
740 82
741 722
741 424
741 69
742 425
742 363
742 23
743 421
743 460
743 1
744 296
744 35
744 140
745 27
745 418
745 198
746 458
746 41
746 121
747 49
747 209
747 7
748 601
748 557
748 217
749 229
749 739
749 7
750 67
750 561
750 245
751 136
751 209
751 507
752 109
752 38
752 583
753 294
753 186
753 1
754 625
754 468
754 156
755 716
755 7
755 388
756 713
756 24
756 77
757 529
757 414
757 205
758 33
758 38
758 34
759 511
759 95
759 0
760 451
760 42
760 310
761 120
761 14
761 121
762 310
762 3
762 183
763 373
763 380
763 94
764 573
764 175
764 728
765 102
765 761
765 549
766 200
766 627
766 342
767 42
767 317
767 3
768 367
768 11
768 191
769 450
769 467
769 34
770 335
770 54
770 194
771 0
771 467
771 15
772 44
772 749
772 21
773 254
773 621
773 667
774 1
774 732
774 143
775 48
775 139
775 308
776 690
776 439
776 739
777 3
777 249
777 351
778 14
778 140
778 30
779 189
779 80
779 192
780 0
780 246
780 455
781 711
781 32
781 1
782 263
782 11
782 343
783 32
783 731
783 324
784 90
784 564
784 257
785 554
785 147
785 0
786 193
786 160
786 21
787 23
787 471
787 152
788 49
788 673
788 241
789 600
789 58
789 656
790 731
790 8
790 94
791 7
791 79
791 32
792 2
792 34
792 32
793 223
793 94
793 1
794 208
794 66
794 637
795 90
795 10
795 33
796 1
796 757
796 97
797 102
797 493
797 717
798 236
798 115
798 560
799 129
799 39
799 206
800 469
800 585
800 408
801 190
801 523
801 64
802 406
802 158
802 416
803 154
803 153
803 215
804 506
804 64
804 87
805 409
805 355
805 10
806 248
806 10
806 480
807 160
807 14
807 65
808 146
808 758
808 387
809 309
809 342
809 15
810 370
810 523
810 525
811 18
811 126
811 719
812 468
812 185
812 262
813 604
813 51
813 481
814 10
814 2
814 1
815 455
815 505
815 757
816 253
816 29
816 228
817 812
817 776
817 32
818 154
818 466
818 455
819 7
819 228
819 279
820 267
820 397
820 5
821 118
821 3
821 166
822 360
822 14
822 3
823 2
823 141
823 115
824 192
824 40
824 101
825 421
825 812
825 72
826 814
826 319
826 362
827 20
827 191
827 327
828 242
828 1
828 359
829 622
829 342
829 2
830 77
830 0
830 8
831 303
831 632
831 4
832 22
832 0
832 404
833 1
833 276
833 32
834 94
834 455
834 125
835 188
835 147
835 158
836 471
836 424
836 207
837 614
837 3
837 129
838 229
838 105
838 529
839 7
839 288
839 668
840 782
840 336
840 388
841 64
841 535
841 12
842 191
842 200
842 10
843 6
843 425
843 316
844 770
844 512
844 707
845 619
845 253
845 77
846 3
846 129
846 399
847 572
847 155
847 653
848 214
848 58
848 470
849 60
849 418
849 840
850 543
850 722
850 607
851 0
851 254
851 586
852 313
852 355
852 186
853 703
853 6
853 0
854 3
854 154
854 712
855 133
855 667
855 329
856 334
856 134
856 22
857 267
857 85
857 208
858 3
858 126
858 582
859 7
859 3
859 262
860 653
860 94
860 417
861 448
861 225
861 702
862 7
862 24
862 193
863 716
863 196
863 467
864 792
864 528
864 227
865 46
865 0
865 713
866 123
866 0
866 568
867 302
867 29
867 158
868 3
868 60
868 34
869 175
869 620
869 574
870 859
870 215
870 840
871 465
871 84
871 152
872 29
872 711
872 679
873 398
873 867
873 38
874 16
874 862
874 680
875 146
875 103
875 253
876 14
876 574
876 576
877 185
877 13
877 0
878 337
878 452
878 313
879 174
879 643
879 462
880 652
880 64
880 205
881 60
881 372
881 586
882 30
882 390
882 128
883 43
883 550
883 575
884 759
884 231
884 234
885 113
885 79
885 675
886 100
886 1
886 20
887 11
887 245
887 26
888 433
888 271
888 0
889 191
889 18
889 688
890 83
890 551
890 113
891 76
891 862
891 342
892 1
892 472
892 675
893 315
893 394
893 676
894 195
894 494
894 7
895 83
895 53
895 60
896 60
896 30
896 24
897 34
897 596
897 12
898 0
898 520
898 539
899 302
899 329
899 12
900 151
900 730
900 66
901 830
901 30
901 213
902 6
902 597
902 97
903 660
903 493
903 3
904 343
904 272
904 17
905 888
905 741
905 490
906 296
906 250
906 12
907 2
907 32
907 0
908 416
908 824
908 639
909 392
909 0
909 797
910 78
910 327
910 23
911 382
911 391
911 158
912 74
912 862
912 0
913 87
913 40
913 309
914 120
914 75
914 308
915 0
915 284
915 471
916 431
916 455
916 830
917 32
917 875
917 797
918 531
918 597
918 735
919 94
919 368
919 422
920 3
920 145
920 620
921 793
921 889
921 735
922 468
922 421
922 388
923 804
923 69
923 154
924 243
924 23
924 659
925 91
925 363
925 409
926 218
926 0
926 385
927 482
927 230
927 770
928 267
928 9
928 123
929 160
929 613
929 17
930 189
930 90
930 18
931 130
931 115
931 0
932 257
932 130
932 86
933 766
933 62
933 3
934 304
934 20
934 706
935 327
935 51
935 581
936 1
936 3
936 215
937 414
937 1
937 707
938 388
938 127
938 147
939 352
939 115
939 0
940 550
940 582
940 137
941 102
941 278
941 157
942 159
942 139
942 414
943 370
943 308
943 662
944 200
944 625
944 41
945 40
945 298
945 34
946 141
946 651
946 157
947 245
947 205
947 815
948 107
948 121
948 382
949 571
949 948
949 474
950 937
950 3
950 566
951 118
951 7
951 81
952 0
952 3
952 454
953 147
953 60
953 160
954 700
954 165
954 38
955 288
955 200
955 335
956 113
956 1
956 0
957 813
957 59
957 397
958 210
958 46
958 112
959 0
959 526
959 131
960 538
960 103
960 495
961 142
961 514
961 214
962 872
962 670
962 568
963 83
963 743
963 367
964 526
964 440
964 12
965 3
965 685
965 0
966 617
966 722
966 633
967 450
967 350
967 221
968 134
968 486
968 23
969 1
969 677
969 778
970 910
970 471
970 76
971 123
971 530
971 587
972 358
972 761
972 853
973 23
973 783
973 44
974 457
974 152
974 249
975 433
975 843
975 1
976 750
976 740
976 14
977 0
977 6
977 972
978 3
978 900
978 156
979 6
979 8
979 615
980 341
980 150
980 1
981 829
981 635
981 91
982 52
982 445
982 92
983 189
983 3
983 112
984 0
984 738
984 779
985 221
985 49
985 254
986 71
986 171
986 19
987 707
987 548
987 16
988 172
988 28
988 124
989 270
989 288
989 2
990 543
990 0
990 39
991 7
991 400
991 867
992 928
992 327
992 940
993 99
993 474
993 712
994 427
994 347
994 28
995 18
995 189
995 113
996 6
996 2
996 146
997 0
997 176
997 85
998 897
998 743
998 1
999 362
999 341
999 217
