0 1
1 0
2 0
2 1
3 1
3 0
3 2
4 0
4 1
4 3
5 1
5 0
5 4
6 4
6 5
6 1
7 6
7 0
7 5
8 1
8 4
8 3
9 8
9 3
9 7
10 1
10 5
10 2
11 3
11 5
11 0
12 2
12 0
12 4
13 11
13 10
13 6
14 0
14 8
14 3
15 8
15 0
15 14
16 9
16 4
16 2
17 5
17 12
17 0
18 1
18 14
18 9
19 4
19 1
19 10
20 1
20 11
20 2
21 0
21 15
21 3
22 1
22 8
22 9
23 4
23 14
23 21
24 16
24 7
24 19
25 3
25 8
25 6
26 11
26 15
26 12
27 0
27 5
27 18
28 19
28 18
28 3
29 8
29 22
29 0
30 0
30 18
30 11
31 13
31 24
31 1
32 2
32 0
32 4
33 24
33 30
33 15
34 7
34 15
34 5
35 10
35 13
35 33
36 19
36 14
36 2
37 2
37 1
37 13
38 10
38 8
38 0
39 31
39 0
39 38
40 7
40 8
40 37
41 0
41 35
41 2
42 4
42 7
42 18
43 16
43 0
43 3
44 13
44 12
44 14
45 0
45 15
45 1
46 6
46 0
46 1
47 44
47 0
47 14
48 3
48 6
48 1
49 3
49 36
49 11
50 29
50 46
50 5
51 3
51 22
51 25
52 38
52 0
52 9
53 5
53 12
53 38
54 4
54 44
54 19
55 11
55 15
55 9
56 11
56 34
56 17
57 11
57 26
57 6
58 48
58 12
58 3
59 5
59 3
59 38
60 10
60 8
60 0
61 7
61 14
61 45
62 60
62 38
62 42
63 8
63 48
63 14
64 12
64 27
64 0
65 0
65 30
65 15
66 58
66 51
66 19
67 54
67 65
67 55
68 3
68 13
68 11
69 34
69 18
69 47
70 0
70 44
70 62
71 59
71 3
71 52
72 25
72 45
72 12
73 2
73 58
73 36
74 12
74 70
74 32
75 3
75 5
75 9
76 2
76 16
76 26
77 0
77 28
77 53
78 74
78 9
78 4
79 34
79 14
79 19
80 12
80 25
80 36
81 5
81 0
81 9
82 18
82 4
82 14
83 76
83 14
83 12
84 21
84 33
84 6
85 13
85 2
85 54
86 66
86 38
86 28
87 47
87 45
87 15
88 15
88 9
88 66
89 12
89 55
89 83
90 19
90 1
90 6
91 2
91 3
91 34
92 18
92 23
92 29
93 19
93 14
93 77
94 27
94 24
94 3
95 1
95 39
95 22
96 73
96 11
96 47
97 1
97 46
97 76
98 31
98 61
98 2
99 51
99 15
99 0
100 89
100 87
100 9
101 3
101 34
101 36
102 12
102 28
102 17
103 65
103 98
103 0
104 14
104 18
104 48
105 10
105 32
105 9
106 57
106 88
106 69
107 1
107 57
107 106
108 35
108 91
108 4
109 91
109 105
109 12
110 93
110 101
110 11
111 53
111 48
111 9
112 63
112 71
112 9
113 42
113 27
113 109
114 18
114 19
114 45
115 4
115 77
115 70
116 14
116 21
116 76
117 34
117 98
117 4
118 38
118 114
118 86
119 14
119 11
119 83
120 14
120 26
120 37
121 48
121 109
121 23
122 34
122 113
122 106
123 49
123 121
123 15
124 36
124 71
124 1
125 103
125 62
125 15
126 14
126 55
126 4
127 39
127 106
127 18
128 52
128 89
128 101
129 47
129 106
129 32
130 96
130 28
130 105
131 88
131 45
131 37
132 7
132 26
132 106
133 14
133 98
133 61
134 18
134 0
134 15
135 2
135 129
135 58
136 3
136 2
136 26
137 52
137 2
137 47
138 57
138 4
138 118
139 66
139 0
139 109
140 108
140 11
140 4
141 98
141 116
141 78
142 21
142 84
142 42
143 13
143 96
143 110
144 62
144 3
144 30
145 52
145 27
145 34
146 35
146 90
146 29
147 93
147 26
147 6
148 21
148 24
148 38
149 37
149 8
149 38
150 0
150 27
150 89
151 1
151 26
151 23
152 5
152 125
152 8
153 128
153 54
153 34
154 7
154 37
154 113
155 143
155 114
155 83
156 18
156 57
156 129
157 13
157 6
157 112
158 11
158 131
158 1
159 14
159 37
159 3
160 1
160 84
160 109
161 11
161 98
161 81
162 104
162 3
162 100
163 103
163 7
163 106
164 64
164 38
164 11
165 72
165 3
165 26
166 37
166 9
166 57
167 48
167 138
167 166
168 9
168 15
168 64
169 4
169 57
169 51
170 0
170 10
170 3
171 8
171 4
171 0
172 2
172 156
172 15
173 4
173 160
173 9
174 1
174 6
174 45
175 57
175 20
175 3
176 158
176 32
176 19
177 2
177 106
177 28
178 4
178 15
178 8
179 104
179 111
179 74
180 19
180 36
180 128
181 5
181 75
181 27
182 14
182 0
182 19
183 55
183 41
183 118
184 37
184 183
184 47
185 14
185 11
185 142
186 5
186 34
186 3
187 1
187 156
187 157
188 1
188 3
188 18
189 33
189 5
189 34
190 84
190 26
190 46
191 21
191 116
191 4
192 73
192 169
192 145
193 64
193 176
193 158
194 6
194 38
194 13
195 6
195 84
195 11
196 103
196 160
196 24
197 174
197 143
197 3
198 79
198 2
198 43
199 73
199 30
199 112
200 178
200 38
200 39
201 182
201 61
201 53
202 176
202 13
202 11
203 190
203 103
203 183
204 73
204 0
204 116
205 28
205 93
205 57
206 9
206 15
206 191
207 23
207 3
207 0
208 34
208 13
208 104
209 3
209 183
209 141
210 165
210 11
210 176
211 180
211 20
211 55
212 12
212 66
212 207
213 36
213 62
213 1
214 202
214 45
214 126
215 44
215 71
215 23
216 115
216 7
216 1
217 1
217 7
217 2
218 2
218 9
218 37
219 0
219 11
219 6
220 3
220 47
220 103
221 10
221 1
221 145
222 3
222 121
222 62
223 9
223 14
223 30
224 84
224 148
224 191
225 11
225 149
225 125
226 9
226 18
226 83
227 1
227 86
227 10
228 60
228 4
228 37
229 61
229 34
229 96
230 22
230 52
230 4
231 13
231 3
231 122
232 103
232 1
232 112
233 4
233 174
233 74
234 0
234 11
234 136
235 37
235 3
235 14
236 44
236 191
236 47
237 5
237 96
237 175
238 27
238 1
238 157
239 45
239 153
239 178
240 47
240 60
240 214
241 217
241 184
241 106
242 91
242 66
242 103
243 149
243 8
243 35
244 83
244 10
244 242
245 149
245 2
245 239
246 9
246 142
246 241
247 8
247 90
247 83
248 63
248 1
248 182
249 63
249 74
249 188
250 9
250 125
250 222
251 38
251 240
251 13
252 122
252 5
252 196
253 7
253 38
253 169
254 55
254 76
254 18
255 174
255 129
255 47
256 200
256 14
256 169
257 151
257 117
257 11
258 39
258 57
258 55
259 84
259 34
259 149
260 226
260 258
260 27
261 176
261 86
261 138
262 117
262 259
262 207
263 91
263 86
263 89
264 183
264 5
264 14
265 13
265 26
265 156
266 178
266 4
266 129
267 7
267 245
267 28
268 121
268 165
268 102
269 134
269 39
269 180
270 59
270 84
270 0
271 218
271 154
271 25
272 244
272 26
272 0
273 134
273 12
273 114
274 117
274 88
274 23
275 94
275 193
275 87
276 90
276 188
276 257
277 265
277 3
277 64
278 15
278 36
278 0
279 14
279 72
279 3
280 149
280 36
280 209
281 266
281 3
281 9
282 15
282 80
282 0
283 64
283 244
283 5
284 10
284 77
284 214
285 82
285 259
285 187
286 91
286 244
286 3
287 111
287 3
287 15
288 25
288 179
288 120
289 101
289 34
289 253
290 39
290 114
290 151
291 13
291 86
291 66
292 96
292 238
292 72
293 1
293 241
293 186
294 21
294 13
294 90
295 103
295 0
295 182
296 0
296 122
296 5
297 7
297 146
297 63
298 19
298 168
298 270
299 207
299 87
299 105
300 14
300 221
300 149
301 1
301 60
301 283
302 207
302 38
302 83
303 228
303 73
303 2
304 204
304 15
304 270
305 19
305 118
305 54
306 14
306 11
306 8
307 2
307 133
307 184
308 34
308 55
308 201
309 129
309 4
309 182
310 230
310 216
310 33
311 32
311 77
311 3
312 115
312 0
312 15
313 6
313 236
313 36
314 10
314 30
314 87
315 107
315 15
315 4
316 2
316 98
316 0
317 238
317 6
317 3
318 254
318 23
318 36
319 18
319 136
319 103
320 39
320 311
320 47
321 178
321 10
321 5
322 73
322 47
322 50
323 266
323 0
323 278
324 218
324 134
324 207
325 73
325 65
325 107
326 47
326 268
326 1
327 149
327 237
327 33
328 30
328 0
328 147
329 183
329 76
329 180
330 26
330 110
330 133
331 0
331 149
331 83
332 240
332 105
332 22
333 97
333 70
333 4
334 128
334 1
334 38
335 170
335 3
335 7
336 78
336 103
336 73
337 15
337 9
337 48
338 85
338 157
338 13
339 102
339 3
339 5
340 4
340 178
340 8
341 320
341 43
341 238
342 3
342 52
342 91
343 123
343 12
343 11
344 148
344 305
344 1
345 165
345 18
345 145
346 40
346 119
346 14
347 39
347 329
347 299
348 39
348 204
348 127
349 11
349 45
349 33
350 327
350 92
350 255
351 301
351 122
351 26
352 1
352 240
352 161
353 149
353 79
353 3
354 317
354 149
354 174
355 178
355 38
355 11
356 7
356 120
356 181
357 292
357 54
357 76
358 185
358 0
358 241
359 21
359 297
359 103
360 6
360 109
360 7
361 19
361 158
361 60
362 214
362 167
362 176
363 62
363 2
363 0
364 98
364 11
364 153
365 186
365 147
365 3
366 214
366 156
366 53
367 29
367 171
367 120
368 44
368 155
368 239
369 0
369 241
369 116
370 105
370 114
370 297
371 4
371 14
371 12
372 174
372 66
372 189
373 78
373 265
373 13
374 90
374 28
374 60
375 11
375 176
375 287
376 292
376 144
376 207
377 1
377 270
377 15
378 18
378 44
378 27
379 22
379 76
379 15
380 310
380 11
380 177
381 118
381 21
381 211
382 0
382 79
382 103
383 79
383 8
383 186
384 50
384 4
384 11
385 3
385 218
385 253
386 44
386 204
386 230
387 12
387 364
387 186
388 145
388 148
388 160
389 19
389 332
389 104
390 57
390 266
390 39
391 367
391 122
391 275
392 385
392 90
392 243
393 386
393 196
393 1
394 29
394 9
394 8
395 299
395 363
395 3
396 4
396 141
396 152
397 3
397 63
397 149
398 232
398 218
398 3
399 11
399 251
399 3
400 38
400 191
400 316
401 160
401 15
401 54
402 11
402 225
402 49
403 235
403 0
403 125
404 375
404 153
404 302
405 388
405 338
405 90
406 383
406 171
406 4
407 13
407 8
407 320
408 106
408 14
408 293
409 89
409 386
409 30
410 84
410 34
410 57
411 44
411 171
411 148
412 60
412 149
412 47
413 99
413 15
413 159
414 0
414 127
414 80
415 279
415 213
415 212
416 154
416 369
416 366
417 127
417 10
417 400
418 369
418 344
418 57
419 1
419 332
419 153
420 0
420 310
420 413
421 270
421 341
421 231
422 39
422 15
422 304
423 330
423 155
423 166
424 113
424 121
424 26
425 80
425 379
425 72
426 207
426 154
426 104
427 0
427 280
427 191
428 118
428 66
428 84
429 377
429 16
429 87
430 3
430 2
430 54
431 301
431 60
431 166
432 31
432 19
432 3
433 40
433 3
433 186
434 39
434 162
434 52
435 177
435 116
435 8
436 25
436 30
436 332
437 186
437 170
437 50
438 23
438 159
438 418
439 272
439 29
439 28
440 293
440 0
440 76
441 38
441 10
441 9
442 393
442 272
442 107
443 149
443 247
443 160
444 13
444 436
444 63
445 1
445 5
445 8
446 149
446 21
446 216
447 421
447 102
447 386
448 6
448 400
448 13
449 260
449 6
449 382
450 22
450 11
450 118
451 57
451 207
451 101
452 192
452 3
452 182
453 261
453 251
453 86
454 1
454 412
454 6
455 245
455 185
455 75
456 279
456 11
456 315
457 90
457 47
457 129
458 19
458 33
458 3
459 129
459 125
459 178
460 284
460 155
460 136
461 207
461 29
461 3
462 39
462 259
462 211
463 186
463 210
463 270
464 57
464 340
464 107
465 314
465 12
465 129
466 157
466 450
466 111
467 153
467 191
467 410
468 43
468 168
468 24
469 207
469 15
469 392
470 176
470 86
470 4
471 258
471 346
471 352
472 252
472 13
472 179
473 460
473 298
473 105
474 15
474 220
474 250
475 77
475 465
475 303
476 184
476 89
476 157
477 34
477 230
477 71
478 73
478 200
478 115
479 91
479 223
479 469
480 64
480 180
480 316
481 103
481 28
481 218
482 10
482 91
482 14
483 0
483 11
483 116
484 65
484 107
484 18
485 438
485 26
485 364
486 381
486 44
486 98
487 369
487 2
487 8
488 143
488 66
488 12
489 133
489 329
489 9
490 127
490 8
490 5
491 18
491 363
491 0
492 176
492 103
492 0
493 0
493 463
493 31
494 232
494 35
494 186
495 160
495 0
495 159
496 87
496 6
496 10
497 465
497 403
497 4
498 52
498 75
498 270
499 340
499 87
499 128
500 136
500 385
500 359
501 375
501 408
501 360
502 261
502 317
502 232
503 186
503 14
503 0
504 192
504 221
504 219
505 66
505 126
505 496
506 3
506 11
506 337
507 296
507 0
507 12
508 304
508 84
508 18
509 132
509 395
509 147
510 387
510 0
510 57
511 38
511 36
511 11
512 354
512 249
512 33
513 62
513 463
513 15
514 408
514 135
514 45
515 398
515 168
515 250
516 60
516 26
516 159
517 496
517 297
517 480
518 2
518 4
518 25
519 386
519 22
519 371
520 257
520 39
520 152
521 160
521 9
521 53
522 191
522 381
522 368
523 296
523 34
523 8
524 1
524 149
524 177
525 112
525 272
525 3
526 2
526 38
526 315
527 107
527 196
527 5
528 143
528 443
528 3
529 12
529 89
529 49
530 234
530 198
530 256
531 130
531 1
531 15
532 71
532 266
532 420
533 347
533 450
533 77
534 158
534 403
534 0
535 359
535 17
535 0
536 463
536 285
536 238
537 365
537 158
537 306
538 250
538 65
538 21
539 258
539 468
539 371
540 393
540 521
540 444
541 316
541 31
541 0
542 419
542 513
542 316
543 2
543 270
543 76
544 59
544 268
544 112
545 0
545 4
545 84
546 38
546 33
546 34
547 11
547 104
547 54
548 5
548 53
548 541
549 129
549 148
549 5
550 164
550 203
550 491
551 39
551 3
551 6
552 101
552 15
552 377
553 270
553 21
553 4
554 149
554 20
554 377
555 270
555 152
555 107
556 143
556 550
556 8
557 236
557 168
557 297
558 1
558 237
558 36
559 471
559 5
559 187
560 39
560 274
560 340
561 145
561 478
561 477
562 404
562 8
562 11
563 274
563 105
563 149
564 400
564 22
564 365
565 513
565 72
565 178
566 520
566 505
566 174
567 0
567 466
567 19
568 113
568 557
568 408
569 35
569 159
569 16
570 63
570 385
570 513
571 413
571 63
571 388
572 378
572 148
572 96
573 253
573 357
573 28
574 42
574 321
574 253
575 123
575 167
575 13
576 542
576 470
576 26
577 518
577 263
577 330
578 101
578 26
578 212
579 1
579 58
579 5
580 354
580 10
580 8
581 364
581 22
581 262
582 522
582 18
582 411
583 159
583 145
583 312
584 157
584 282
584 3
585 450
585 172
585 484
586 14
586 0
586 89
587 0
587 35
587 250
588 21
588 0
588 28
589 0
589 9
589 46
590 385
590 447
590 188
591 9
591 345
591 541
592 332
592 183
592 448
593 473
593 83
593 21
594 12
594 62
594 38
595 101
595 495
595 13
596 47
596 27
596 105
597 244
597 443
597 155
598 11
598 0
598 7
599 378
599 11
599 241
600 3
600 6
600 375
601 244
601 60
601 221
602 239
602 107
602 12
603 14
603 405
603 135
604 147
604 10
604 0
605 371
605 290
605 113
606 471
606 536
606 14
607 519
607 5
607 47
608 467
608 87
608 515
609 101
609 286
609 606
610 562
610 26
610 207
611 216
611 3
611 107
612 47
612 369
612 108
613 31
613 147
613 578
614 605
614 43
614 547
615 550
615 4
615 107
616 118
616 13
616 46
617 339
617 210
617 356
618 21
618 405
618 332
619 492
619 260
619 317
620 8
620 612
620 132
621 14
621 57
621 69
622 5
622 375
622 103
623 0
623 8
623 258
624 19
624 28
624 33
625 52
625 5
625 12
626 103
626 266
626 194
627 75
627 166
627 387
628 217
628 421
628 343
629 103
629 338
629 559
630 10
630 159
630 97
631 67
631 107
631 319
632 573
632 222
632 501
633 136
633 197
633 346
634 528
634 130
634 587
635 224
635 159
635 214
636 113
636 9
636 275
637 1
637 33
637 296
638 50
638 502
638 140
639 263
639 340
639 196
640 74
640 79
640 283
641 523
641 368
641 158
642 125
642 0
642 51
643 265
643 178
643 9
644 10
644 469
644 53
645 228
645 142
645 582
646 240
646 21
646 25
647 28
647 385
647 2
648 85
648 9
648 46
649 511
649 6
649 12
650 563
650 39
650 85
651 638
651 113
651 238
652 0
652 84
652 40
653 128
653 291
653 281
654 32
654 186
654 4
655 185
655 409
655 472
656 9
656 474
656 25
657 103
657 38
657 437
658 187
658 186
658 103
659 1
659 421
659 304
660 356
660 44
660 90
661 518
661 71
661 3
662 36
662 90
662 38
663 526
663 518
663 87
664 143
664 72
664 356
665 0
665 563
665 233
666 397
666 566
666 10
667 9
667 261
667 48
668 629
668 149
668 84
669 404
669 630
669 648
670 3
670 29
670 12
671 526
671 557
671 8
672 540
672 1
672 211
673 597
673 9
673 385
674 584
674 463
674 628
675 465
675 521
675 10
676 449
676 160
676 120
677 304
677 84
677 112
678 269
678 30
678 625
679 19
679 416
679 161
680 2
680 9
680 83
681 329
681 160
681 33
682 177
682 2
682 237
683 94
683 526
683 228
684 324
684 71
684 587
685 378
685 1
685 4
686 324
686 85
686 451
687 181
687 374
687 183
688 509
688 13
688 137
689 54
689 261
689 188
690 0
690 47
690 15
691 200
691 113
691 90
692 230
692 401
692 523
693 19
693 25
693 168
694 58
694 97
694 14
695 584
695 12
695 3
696 592
696 84
696 82
697 149
697 19
697 160
698 37
698 229
698 316
699 418
699 305
699 112
700 6
700 3
700 34
701 666
701 429
701 154
702 660
702 89
702 415
703 76
703 51
703 362
704 69
704 134
704 653
705 521
705 11
705 56
706 22
706 189
706 440
707 476
707 100
707 87
708 4
708 52
708 182
709 1
709 353
709 581
710 148
710 320
710 3
711 570
711 33
711 14
712 203
712 317
712 239
713 140
713 56
713 163
714 149
714 399
714 142
715 8
715 642
715 327
716 379
716 710
716 311
717 0
717 8
717 421
718 64
718 572
718 25
719 539
719 182
719 0
720 44
720 171
720 320
721 612
721 373
721 534
722 560
722 103
722 615
723 389
723 337
723 25
724 62
724 8
724 63
725 353
725 88
725 120
726 116
726 372
726 270
727 281
727 120
727 20
728 385
728 363
728 35
729 11
729 236
729 160
730 515
730 178
730 708
731 635
731 562
731 627
732 562
732 488
732 380
733 66
733 404
733 457
734 327
734 9
734 103
735 356
735 619
735 459
736 380
736 590
736 649
737 202
737 89
737 398
738 156
738 10
738 69
739 250
739 19
739 660
740 547
740 321
740 46
741 241
741 317
741 462
742 11
742 70
742 645
743 7
743 281
743 83
744 391
744 24
744 11
745 13
745 437
745 640
746 550
746 321
746 36
747 368
747 175
747 111
748 636
748 607
748 0
749 141
749 15
749 263
750 118
750 526
750 125
751 86
751 296
751 234
752 133
752 582
752 36
753 580
753 34
753 215
754 44
754 47
754 209
755 121
755 240
755 36
756 84
756 700
756 15
757 54
757 69
757 27
758 436
758 185
758 160
759 606
759 105
759 196
760 179
760 245
760 25
761 101
761 0
761 1
762 687
762 526
762 19
763 178
763 11
763 435
764 419
764 94
764 383
765 535
765 441
765 443
766 285
766 719
766 107
767 564
767 9
767 691
768 747
768 548
768 673
769 3
769 471
769 145
770 259
770 9
770 36
771 551
771 623
771 318
772 443
772 316
772 83
773 226
773 155
773 268
774 267
774 45
774 9
775 8
775 0
775 103
776 196
776 431
776 317
777 3
777 201
777 357
778 147
778 4
778 564
779 24
779 720
779 292
780 5
780 92
780 684
781 466
781 160
781 296
782 26
782 13
782 413
783 252
783 546
783 623
784 103
784 774
784 86
785 587
785 373
785 713
786 299
786 581
786 177
787 11
787 363
787 167
788 280
788 14
788 8
789 319
789 304
789 159
790 399
790 172
790 1
791 395
791 17
791 459
792 222
792 47
792 386
793 1
793 52
793 15
794 687
794 351
794 11
795 598
795 103
795 187
796 105
796 114
796 387
797 24
797 368
797 587
798 682
798 639
798 509
799 30
799 332
799 346
800 554
800 128
800 480
801 679
801 96
801 89
802 47
802 114
802 34
803 93
803 356
803 86
804 77
804 274
804 587
805 278
805 13
805 798
806 8
806 70
806 185
807 11
807 514
807 53
808 279
808 45
808 101
809 0
809 570
809 407
810 153
810 125
810 369
811 104
811 257
811 136
812 538
812 83
812 297
813 805
813 130
813 394
814 615
814 327
814 90
815 277
815 2
815 287
816 3
816 354
816 90
817 0
817 531
817 542
818 258
818 36
818 411
819 554
819 18
819 720
820 3
820 782
820 11
821 209
821 0
821 559
822 126
822 9
822 416
823 76
823 257
823 73
824 66
824 18
824 0
825 217
825 742
825 427
826 145
826 302
826 257
827 422
827 250
827 662
828 90
828 88
828 44
829 57
829 11
829 253
830 159
830 36
830 101
831 9
831 2
831 296
832 349
832 598
832 76
833 676
833 760
833 138
834 215
834 0
834 317
835 796
835 15
835 227
836 349
836 376
836 653
837 38
837 570
837 91
838 38
838 3
838 157
839 460
839 787
839 710
840 147
840 746
840 38
841 3
841 366
841 39
842 528
842 125
842 30
843 28
843 12
843 550
844 467
844 612
844 54
845 253
845 423
845 240
846 185
846 89
846 183
847 183
847 386
847 101
848 75
848 36
848 15
849 412
849 131
849 149
850 5
850 372
850 91
851 39
851 572
851 0
852 187
852 435
852 196
853 83
853 21
853 180
854 479
854 106
854 141
855 226
855 838
855 212
856 52
856 225
856 11
857 486
857 11
857 62
858 86
858 233
858 15
859 103
859 295
859 495
860 83
860 841
860 356
861 839
861 375
861 435
862 11
862 66
862 70
863 183
863 566
863 149
864 814
864 357
864 767
865 832
865 504
865 143
866 19
866 747
866 16
867 149
867 557
867 387
868 36
868 256
868 607
869 3
869 259
869 461
870 227
870 149
870 814
871 705
871 471
871 523
872 726
872 405
872 166
873 16
873 130
873 19
874 14
874 674
874 7
875 244
875 149
875 101
876 774
876 10
876 12
877 269
877 181
877 40
878 2
878 476
878 7
879 37
879 87
879 270
880 16
880 285
880 121
881 174
881 530
881 406
882 94
882 573
882 586
883 7
883 336
883 663
884 7
884 9
884 197
885 42
885 1
885 25
886 122
886 159
886 264
887 29
887 160
887 143
888 1
888 819
888 130
889 54
889 320
889 538
890 866
890 274
890 230
891 713
891 8
891 84
892 204
892 148
892 615
893 486
893 54
893 97
894 11
894 521
894 319
895 240
895 15
895 13
896 274
896 47
896 422
897 145
897 503
897 18
898 470
898 4
898 1
899 280
899 14
899 339
900 787
900 478
900 356
901 105
901 174
901 214
902 74
902 331
902 439
903 854
903 13
903 143
904 38
904 310
904 78
905 608
905 189
905 296
906 347
906 476
906 183
907 48
907 256
907 4
908 4
908 7
908 120
909 108
909 240
909 316
910 238
910 61
910 604
911 89
911 365
911 149
912 831
912 160
912 11
913 186
913 3
913 269
914 884
914 691
914 380
915 47
915 831
915 21
916 166
916 56
916 343
917 0
917 740
917 97
918 297
918 676
918 8
919 491
919 26
919 9
920 38
920 46
920 23
921 14
921 48
921 435
922 400
922 7
922 714
923 274
923 63
923 2
924 585
924 385
924 55
925 39
925 462
925 642
926 850
926 803
926 49
927 480
927 600
927 781
928 155
928 850
928 869
929 245
929 713
929 3
930 90
930 168
930 766
931 639
931 267
931 48
932 8
932 907
932 76
933 185
933 108
933 475
934 820
934 76
934 637
935 526
935 287
935 2
936 241
936 13
936 95
937 346
937 774
937 96
938 625
938 843
938 56
939 119
939 317
939 21
940 329
940 30
940 28
941 518
941 89
941 11
942 10
942 675
942 326
943 280
943 8
943 681
944 411
944 145
944 7
945 226
945 850
945 149
946 656
946 849
946 842
947 739
947 115
947 571
948 457
948 248
948 3
949 683
949 423
949 530
950 504
950 423
950 518
951 393
951 612
951 235
952 93
952 83
952 728
953 5
953 566
953 1
954 716
954 400
954 3
955 177
955 124
955 329
956 329
956 584
956 332
957 198
957 49
957 365
958 504
958 471
958 255
959 72
959 180
959 253
960 578
960 673
960 160
961 91
961 265
961 786
962 730
962 4
962 7
963 463
963 39
963 89
964 4
964 528
964 612
965 133
965 148
965 424
966 532
966 397
966 42
967 84
967 666
967 85
968 14
968 463
968 0
969 33
969 158
969 102
970 585
970 9
970 641
971 159
971 486
971 121
972 160
972 259
972 647
973 675
973 815
973 235
974 744
974 410
974 492
975 6
975 898
975 7
976 215
976 559
976 532
977 14
977 259
977 3
978 31
978 80
978 2
979 23
979 533
979 60
980 120
980 147
980 611
981 942
981 15
981 480
982 160
982 763
982 552
983 34
983 3
983 479
984 14
984 764
984 566
985 934
985 261
985 652
986 317
986 111
986 385
987 4
987 317
987 5
988 423
988 74
988 317
989 4
989 67
989 448
990 758
990 31
990 848
991 30
991 672
991 15
992 254
992 942
992 912
993 478
993 641
993 152
994 297
994 301
994 584
995 270
995 671
995 492
996 519
996 280
996 296
997 636
997 624
997 924
998 4
998 81
998 3
999 505
999 183
999 182
