0 1
1 0
2 1
2 0
3 1
3 0
3 2
4 1
4 3
4 0
5 0
5 1
5 2
6 1
6 0
6 4
7 1
7 4
7 0
8 0
8 2
8 6
9 0
9 1
9 6
10 6
10 0
10 3
11 0
11 7
11 5
12 0
12 1
12 4
13 6
13 5
13 0
14 2
14 0
14 6
15 8
15 14
15 0
16 4
16 13
16 7
17 2
17 6
17 14
18 12
18 2
18 0
19 0
19 5
19 14
20 0
20 11
20 4
21 8
21 0
21 14
22 19
22 0
22 5
23 7
23 10
23 4
24 6
24 21
24 2
25 4
25 20
25 1
26 4
26 0
26 2
27 10
27 0
27 19
28 12
28 6
28 7
29 21
29 20
29 0
30 1
30 23
30 11
31 24
31 10
31 15
32 0
32 29
32 18
33 7
33 10
33 18
34 29
34 27
34 28
35 10
35 0
35 1
36 1
36 23
36 0
37 1
37 10
37 0
38 31
38 0
38 10
39 20
39 34
39 12
40 19
40 26
40 5
41 28
41 7
41 5
42 1
42 4
42 7
43 24
43 7
43 14
44 35
44 15
44 5
45 15
45 4
45 10
46 42
46 10
46 21
47 1
47 21
47 0
48 36
48 17
48 12
49 46
49 15
49 8
50 22
50 0
50 8
51 0
51 30
51 46
52 6
52 26
52 5
53 14
53 21
53 41
54 6
54 23
54 30
55 23
55 35
55 15
56 27
56 44
56 0
57 44
57 15
57 2
58 6
58 18
58 31
59 4
59 8
59 45
60 29
60 8
60 10
61 6
61 4
61 59
62 3
62 39
62 21
63 6
63 4
63 45
64 2
64 54
64 12
65 2
65 18
65 38
66 36
66 10
66 1
67 36
67 5
67 0
68 9
68 21
68 1
69 29
69 8
69 1
70 12
70 29
70 26
71 28
71 44
71 16
72 14
72 11
72 0
73 71
73 4
73 2
74 38
74 23
74 31
75 36
75 47
75 59
76 29
76 12
76 5
77 19
77 59
77 44
78 44
78 5
78 10
79 6
79 10
79 44
80 7
80 15
80 1
81 66
81 0
81 38
82 48
82 20
82 12
83 7
83 10
83 1
84 21
84 1
84 2
85 30
85 10
85 43
86 1
86 30
86 27
87 75
87 61
87 4
88 0
88 86
88 47
89 57
89 69
89 1
90 85
90 84
90 79
91 54
91 8
91 6
92 27
92 69
92 0
93 29
93 6
93 11
94 28
94 15
94 86
95 28
95 9
95 44
96 8
96 82
96 21
97 7
97 34
97 88
98 0
98 45
98 69
99 40
99 77
99 93
100 26
100 3
100 0
101 15
101 1
101 76
102 32
102 41
102 15
103 23
103 83
103 0
104 57
104 58
104 75
105 36
105 0
105 83
106 27
106 102
106 23
107 52
107 102
107 30
108 56
108 0
108 16
109 15
109 64
109 41
110 71
110 70
110 6
111 0
111 1
111 97
112 15
112 59
112 71
113 28
113 20
113 31
114 0
114 8
114 71
115 0
115 30
115 96
116 109
116 78
116 80
117 76
117 90
117 93
118 113
118 69
118 20
119 1
119 28
119 21
120 0
120 110
120 24
121 28
121 47
121 59
122 28
122 47
122 13
123 115
123 10
123 107
124 106
124 4
124 43
125 34
125 26
125 42
126 13
126 56
126 1
127 72
127 108
127 106
128 61
128 104
128 9
129 2
129 26
129 19
130 33
130 6
130 44
131 107
131 29
131 42
132 61
132 2
132 7
133 65
133 111
133 34
134 44
134 29
134 6
135 130
135 58
135 44
136 133
136 124
136 12
137 83
137 45
137 16
138 59
138 80
138 91
139 0
139 21
139 6
140 99
140 38
140 53
141 1
141 83
141 19
142 13
142 3
142 91
143 88
143 40
143 47
144 0
144 93
144 118
145 33
145 40
145 83
146 135
146 61
146 12
147 1
147 12
147 79
148 9
148 5
148 97
149 15
149 56
149 107
150 15
150 125
150 20
151 58
151 143
151 30
152 0
152 68
152 28
153 2
153 119
153 10
154 149
154 31
154 140
155 3
155 108
155 5
156 44
156 99
156 95
157 44
157 14
157 123
158 5
158 136
158 138
159 1
159 23
159 25
160 7
160 14
160 95
161 70
161 107
161 61
162 45
162 89
162 154
163 20
163 0
163 118
164 80
164 76
164 56
165 70
165 6
165 18
166 105
166 45
166 17
167 9
167 1
167 54
168 69
168 139
168 31
169 77
169 68
169 153
170 5
170 125
170 20
171 152
171 44
171 43
172 47
172 38
172 42
173 33
173 107
173 23
174 1
174 82
174 154
175 146
175 42
175 78
176 140
176 30
176 4
177 48
177 79
177 40
178 0
178 8
178 21
179 28
179 20
179 162
180 34
180 121
180 18
181 160
181 57
181 174
182 21
182 2
182 140
183 146
183 6
183 19
184 107
184 43
184 137
185 9
185 162
185 118
186 7
186 44
186 23
187 19
187 7
187 132
188 114
188 11
188 4
189 14
189 8
189 150
190 29
190 4
190 1
191 133
191 44
191 29
192 46
192 67
192 14
193 15
193 68
193 44
194 0
194 49
194 180
195 7
195 95
195 4
196 129
196 145
196 97
197 5
197 25
197 169
198 123
198 15
198 41
199 115
199 40
199 59
200 18
200 7
200 10
201 7
201 34
201 1
202 9
202 2
202 12
203 169
203 0
203 40
204 166
204 0
204 42
205 0
205 49
205 1
206 17
206 7
206 9
207 19
207 1
207 20
208 11
208 171
208 15
209 152
209 42
209 12
210 12
210 5
210 190
211 105
211 141
211 24
212 127
212 1
212 5
213 106
213 29
213 18
214 49
214 19
214 0
215 115
215 0
215 10
216 0
216 10
216 162
217 37
217 133
217 83
218 119
218 0
218 199
219 140
219 187
219 120
220 101
220 14
220 140
221 68
221 10
221 76
222 15
222 178
222 123
223 196
223 190
223 193
224 146
224 191
224 98
225 36
225 83
225 157
226 23
226 54
226 164
227 152
227 14
227 146
228 41
228 171
228 221
229 203
229 10
229 54
230 85
230 0
230 126
231 0
231 107
231 172
232 227
232 7
232 126
233 68
233 152
233 100
234 132
234 0
234 68
235 139
235 75
235 132
236 93
236 1
236 179
237 93
237 174
237 210
238 20
238 40
238 107
239 7
239 2
239 139
240 0
240 217
240 64
241 113
241 210
241 92
242 9
242 12
242 65
243 156
243 7
243 20
244 162
244 156
244 85
245 40
245 31
245 172
246 26
246 14
246 0
247 23
247 4
247 210
248 211
248 0
248 31
249 225
249 42
249 18
250 0
250 3
250 176
251 215
251 139
251 56
252 1
252 180
252 57
253 0
253 69
253 99
254 5
254 171
254 1
255 16
255 0
255 169
256 33
256 125
256 41
257 91
257 28
257 3
258 137
258 203
258 93
259 66
259 154
259 10
260 130
260 93
260 6
261 245
261 190
261 246
262 4
262 44
262 88
263 116
263 12
263 8
264 246
264 126
264 24
265 6
265 23
265 0
266 1
266 88
266 23
267 4
267 195
267 245
268 162
268 1
268 45
269 54
269 113
269 119
270 21
270 126
270 68
271 83
271 19
271 188
272 80
272 114
272 0
273 195
273 12
273 152
274 154
274 31
274 194
275 44
275 69
275 10
276 130
276 6
276 154
277 0
277 217
277 143
278 93
278 200
278 9
279 123
279 12
279 43
280 81
280 261
280 262
281 35
281 0
281 156
282 105
282 153
282 249
283 173
283 0
283 93
284 77
284 104
284 266
285 53
285 55
285 27
286 33
286 49
286 94
287 5
287 41
287 12
288 111
288 218
288 134
289 76
289 10
289 70
290 6
290 10
290 34
291 34
291 154
291 42
292 117
292 261
292 171
293 171
293 88
293 3
294 172
294 19
294 56
295 257
295 199
295 21
296 245
296 160
296 182
297 46
297 231
297 3
298 24
298 0
298 275
299 6
299 4
299 208
300 0
300 126
300 18
301 157
301 1
301 36
302 92
302 64
302 107
303 208
303 69
303 7
304 47
304 131
304 93
305 171
305 41
305 81
306 0
306 97
306 10
307 146
307 265
307 1
308 210
308 158
308 88
309 19
309 256
309 15
310 6
310 44
310 19
311 2
311 268
311 227
312 102
312 57
312 88
313 91
313 19
313 152
314 126
314 6
314 68
315 208
315 148
315 301
316 147
316 45
316 4
317 101
317 77
317 64
318 110
318 199
318 246
319 105
319 91
319 172
320 6
320 225
320 30
321 6
321 210
321 254
322 11
322 4
322 2
323 5
323 108
323 143
324 258
324 45
324 24
325 70
325 86
325 298
326 107
326 101
326 7
327 151
327 59
327 39
328 30
328 3
328 96
329 21
329 45
329 64
330 126
330 125
330 246
331 88
331 320
331 258
332 15
332 80
332 13
333 3
333 45
333 57
334 212
334 288
334 162
335 1
335 102
335 237
336 196
336 11
336 154
337 327
337 217
337 131
338 21
338 93
338 270
339 326
339 109
339 10
340 155
340 8
340 0
341 146
341 297
341 29
342 265
342 226
342 273
343 1
343 104
343 0
344 107
344 110
344 231
345 113
345 301
345 6
346 8
346 85
346 247
347 276
347 38
347 333
348 1
348 245
348 107
349 25
349 2
349 125
350 54
350 155
350 130
351 293
351 92
351 0
352 49
352 232
352 158
353 126
353 172
353 322
354 219
354 1
354 7
355 71
355 48
355 15
356 314
356 28
356 2
357 291
357 0
357 6
358 356
358 59
358 129
359 7
359 151
359 169
360 282
360 272
360 161
361 66
361 36
361 233
362 77
362 88
362 349
363 15
363 208
363 93
364 328
364 151
364 210
365 8
365 1
365 101
366 19
366 88
366 23
367 192
367 9
367 139
368 41
368 261
368 286
369 1
369 156
369 171
370 1
370 34
370 354
371 12
371 171
371 93
372 42
372 211
372 256
373 146
373 121
373 168
374 292
374 0
374 1
375 280
375 89
375 98
376 8
376 46
376 42
377 18
377 34
377 87
378 338
378 287
378 305
379 6
379 278
379 344
380 0
380 46
380 328
381 345
381 20
381 350
382 5
382 59
382 0
383 21
383 141
383 44
384 352
384 61
384 106
385 104
385 209
385 47
386 249
386 139
386 280
387 43
387 15
387 274
388 44
388 143
388 2
389 0
389 86
389 31
390 377
390 81
390 7
391 13
391 202
391 127
392 134
392 4
392 256
393 1
393 102
393 0
394 157
394 285
394 348
395 230
395 40
395 59
396 329
396 204
396 21
397 129
397 23
397 7
398 239
398 318
398 142
399 127
399 249
399 0
400 176
400 44
400 332
401 44
401 5
401 132
402 4
402 0
402 134
403 0
403 184
403 257
404 164
404 76
404 28
405 101
405 2
405 4
406 235
406 2
406 364
407 31
407 180
407 143
408 27
408 206
408 182
409 370
409 83
409 119
410 318
410 61
410 0
411 66
411 12
411 0
412 44
412 109
412 27
413 45
413 293
413 151
414 0
414 108
414 219
415 80
415 64
415 361
416 373
416 117
416 152
417 0
417 27
417 189
418 10
418 0
418 47
419 93
419 48
419 10
420 31
420 2
420 92
421 147
421 188
421 308
422 289
422 68
422 21
423 7
423 19
423 322
424 96
424 61
424 127
425 0
425 55
425 280
426 253
426 0
426 41
427 323
427 387
427 88
428 59
428 193
428 54
429 321
429 258
429 6
430 388
430 133
430 4
431 133
431 245
431 298
432 176
432 279
432 329
433 41
433 102
433 88
434 357
434 338
434 104
435 108
435 66
435 335
436 93
436 227
436 169
437 0
437 108
437 12
438 30
438 368
438 12
439 364
439 168
439 2
440 116
440 69
440 0
441 383
441 346
441 234
442 259
442 64
442 0
443 383
443 168
443 18
444 14
444 1
444 4
445 285
445 46
445 222
446 64
446 0
446 244
447 404
447 5
447 33
448 0
448 22
448 57
449 187
449 436
449 15
450 84
450 23
450 209
451 106
451 1
451 133
452 28
452 365
452 242
453 2
453 41
453 370
454 44
454 1
454 365
455 370
455 247
455 152
456 188
456 111
456 312
457 261
457 214
457 386
458 153
458 355
458 68
459 1
459 81
459 382
460 8
460 275
460 20
461 170
461 21
461 66
462 374
462 164
462 36
463 360
463 12
463 92
464 49
464 6
464 17
465 117
465 4
465 61
466 192
466 256
466 206
467 146
467 29
467 36
468 111
468 334
468 109
469 19
469 57
469 8
470 182
470 208
470 26
471 46
471 20
471 207
472 0
472 154
472 16
473 276
473 40
473 57
474 59
474 384
474 89
475 40
475 12
475 5
476 163
476 21
476 387
477 372
477 314
477 375
478 17
478 95
478 421
479 23
479 80
479 71
480 33
480 43
480 342
481 301
481 349
481 91
482 455
482 468
482 321
483 305
483 34
483 413
484 445
484 127
484 64
485 190
485 365
485 170
486 209
486 176
486 54
487 232
487 1
487 108
488 308
488 2
488 442
489 123
489 169
489 330
490 257
490 45
490 180
491 14
491 169
491 95
492 296
492 20
492 14
493 86
493 0
493 140
494 238
494 322
494 66
495 289
495 359
495 425
496 57
496 12
496 421
497 8
497 433
497 392
498 201
498 283
498 88
499 348
499 108
499 308
500 10
500 82
500 137
501 26
501 89
501 384
502 226
502 27
502 177
503 266
503 161
503 4
504 440
504 4
504 139
505 475
505 61
505 230
506 14
506 451
506 18
507 115
507 0
507 5
508 190
508 373
508 484
509 356
509 126
509 307
510 133
510 5
510 9
511 496
511 139
511 24
512 159
512 44
512 7
513 314
513 198
513 17
514 46
514 162
514 265
515 348
515 280
515 1
516 8
516 0
516 24
517 308
517 67
517 25
518 18
518 325
518 463
519 171
519 69
519 44
520 2
520 473
520 464
521 458
521 24
521 240
522 425
522 0
522 457
523 367
523 11
523 225
524 383
524 44
524 246
525 342
525 435
525 477
526 86
526 370
526 234
527 101
527 107
527 461
528 196
528 495
528 152
529 415
529 44
529 28
530 192
530 65
530 64
531 214
531 222
531 106
532 68
532 56
532 157
533 86
533 350
533 458
534 129
534 293
534 52
535 277
535 199
535 481
536 83
536 143
536 297
537 191
537 133
537 12
538 23
538 115
538 240
539 343
539 4
539 314
540 77
540 399
540 484
541 211
541 174
541 4
542 6
542 66
542 19
543 132
543 456
543 0
544 475
544 12
544 173
545 524
545 336
545 149
546 136
546 197
546 225
547 95
547 372
547 104
548 81
548 1
548 274
549 64
549 14
549 294
550 253
550 487
550 21
551 490
551 45
551 157
552 45
552 151
552 361
553 38
553 20
553 0
554 292
554 475
554 21
555 95
555 44
555 181
556 246
556 280
556 451
557 9
557 4
557 405
558 506
558 5
558 329
559 280
559 0
559 139
560 325
560 453
560 108
561 16
561 61
561 99
562 519
562 501
562 30
563 34
563 364
563 15
564 5
564 408
564 45
565 7
565 12
565 169
566 13
566 440
566 71
567 464
567 92
567 326
568 214
568 10
568 157
569 349
569 148
569 104
570 150
570 26
570 428
571 17
571 369
571 109
572 129
572 559
572 460
573 280
573 292
573 45
574 46
574 382
574 165
575 2
575 354
575 8
576 522
576 28
576 377
577 0
577 50
577 26
578 78
578 174
578 432
579 558
579 33
579 196
580 476
580 350
580 169
581 148
581 151
581 431
582 186
582 147
582 204
583 117
583 503
583 559
584 481
584 172
584 93
585 0
585 134
585 192
586 0
586 319
586 526
587 479
587 15
587 18
588 14
588 104
588 380
589 292
589 322
589 293
590 305
590 27
590 111
591 226
591 83
591 363
592 68
592 11
592 235
593 81
593 69
593 1
594 246
594 237
594 81
595 576
595 209
595 284
596 124
596 424
596 469
597 118
597 86
597 361
598 219
598 572
598 88
599 186
599 152
599 132
600 414
600 129
600 367
601 324
601 77
601 4
602 468
602 475
602 427
603 587
603 13
603 36
604 132
604 383
604 312
605 190
605 340
605 343
606 527
606 173
606 71
607 531
607 34
607 20
608 413
608 57
608 416
609 383
609 40
609 21
610 206
610 526
610 209
611 495
611 146
611 418
612 152
612 323
612 28
613 394
613 56
613 124
614 184
614 271
614 4
615 7
615 85
615 98
616 6
616 163
616 461
617 70
617 507
617 392
618 495
618 361
618 559
619 412
619 6
619 280
620 8
620 0
620 118
621 287
621 476
621 42
622 44
622 549
622 609
623 367
623 0
623 169
624 202
624 57
624 3
625 295
625 11
625 268
626 340
626 356
626 7
627 512
627 7
627 0
628 198
628 48
628 28
629 24
629 21
629 114
630 273
630 23
630 257
631 288
631 626
631 0
632 106
632 10
632 376
633 169
633 2
633 596
634 21
634 446
634 528
635 469
635 60
635 573
636 107
636 469
636 280
637 17
637 227
637 121
638 64
638 139
638 285
639 493
639 44
639 414
640 184
640 187
640 29
641 139
641 425
641 6
642 31
642 411
642 283
643 6
643 319
643 59
644 31
644 308
644 16
645 151
645 0
645 159
646 148
646 493
646 232
647 367
647 614
647 133
648 495
648 371
648 62
649 190
649 308
649 462
650 376
650 266
650 346
651 54
651 247
651 221
652 0
652 563
652 451
653 581
653 10
653 361
654 455
654 102
654 257
655 33
655 31
655 143
656 92
656 328
656 287
657 133
657 48
657 572
658 497
658 469
658 257
659 70
659 19
659 324
660 0
660 1
660 133
661 126
661 10
661 77
662 367
662 297
662 149
663 51
663 64
663 151
664 135
664 88
664 436
665 146
665 621
665 28
666 524
666 51
666 350
667 284
667 597
667 501
668 458
668 177
668 0
669 491
669 45
669 386
670 508
670 623
670 2
671 23
671 314
671 0
672 55
672 270
672 10
673 372
673 147
673 108
674 224
674 1
674 539
675 44
675 83
675 40
676 250
676 12
676 328
677 515
677 133
677 0
678 15
678 573
678 506
679 469
679 548
679 370
680 15
680 479
680 460
681 458
681 0
681 603
682 307
682 208
682 433
683 107
683 361
683 604
684 2
684 445
684 15
685 224
685 143
685 201
686 475
686 68
686 484
687 5
687 97
687 37
688 120
688 621
688 95
689 537
689 61
689 118
690 1
690 142
690 435
691 31
691 40
691 8
692 198
692 522
692 428
693 388
693 275
693 574
694 200
694 92
694 88
695 105
695 29
695 2
696 686
696 2
696 35
697 144
697 75
697 17
698 187
698 35
698 262
699 307
699 384
699 201
700 613
700 227
700 454
701 10
701 601
701 62
702 12
702 52
702 172
703 8
703 399
703 6
704 64
704 361
704 266
705 126
705 156
705 255
706 53
706 114
706 365
707 365
707 279
707 0
708 314
708 317
708 86
709 621
709 97
709 0
710 20
710 9
710 302
711 50
711 532
711 569
712 214
712 137
712 41
713 327
713 382
713 125
714 439
714 1
714 30
715 30
715 177
715 359
716 4
716 20
716 382
717 205
717 29
717 588
718 157
718 167
718 11
719 65
719 146
719 472
720 457
720 58
720 429
721 144
721 73
721 163
722 464
722 4
722 196
723 0
723 178
723 8
724 78
724 302
724 548
725 261
725 27
725 174
726 142
726 57
726 26
727 656
727 490
727 523
728 0
728 255
728 210
729 610
729 126
729 200
730 4
730 665
730 678
731 196
731 703
731 723
732 539
732 21
732 547
733 667
733 7
733 113
734 667
734 604
734 280
735 199
735 132
735 4
736 1
736 321
736 380
737 208
737 27
737 0
738 631
738 59
738 446
739 391
739 189
739 503
740 0
740 477
740 517
741 527
741 372
741 47
742 83
742 608
742 0
743 127
743 722
743 0
744 55
744 266
744 530
745 426
745 75
745 123
746 101
746 98
746 0
747 737
747 10
747 304
748 9
748 281
748 729
749 127
749 44
749 21
750 26
750 495
750 157
751 491
751 176
751 561
752 207
752 49
752 111
753 343
753 234
753 189
754 109
754 555
754 298
755 276
755 736
755 132
756 570
756 91
756 433
757 2
757 1
757 44
758 48
758 0
758 107
759 59
759 6
759 13
760 17
760 0
760 231
761 629
761 139
761 178
762 159
762 560
762 519
763 559
763 151
763 246
764 1
764 15
764 446
765 68
765 355
765 453
766 106
766 18
766 406
767 6
767 88
767 2
768 136
768 45
768 698
769 1
769 367
769 64
770 157
770 604
770 404
771 35
771 31
771 112
772 712
772 35
772 466
773 766
773 126
773 354
774 69
774 202
774 477
775 393
775 148
775 19
776 34
776 256
776 772
777 5
777 370
777 551
778 153
778 29
778 55
779 120
779 289
779 608
780 178
780 361
780 538
781 319
781 97
781 36
782 496
782 115
782 633
783 579
783 578
783 425
784 184
784 31
784 6
785 567
785 126
785 6
786 539
786 0
786 126
787 154
787 0
787 64
788 115
788 1
788 5
789 141
789 24
789 156
790 608
790 32
790 586
791 9
791 600
791 199
792 724
792 728
792 264
793 531
793 528
793 4
794 4
794 559
794 10
795 372
795 239
795 575
796 44
796 108
796 297
797 5
797 330
797 614
798 140
798 147
798 113
799 261
799 29
799 638
800 108
800 779
800 53
801 107
801 786
801 154
802 620
802 115
802 35
803 11
803 143
803 193
804 255
804 318
804 678
805 765
805 408
805 67
806 136
806 12
806 76
807 606
807 0
807 279
808 582
808 278
808 183
809 721
809 202
809 127
810 76
810 781
810 333
811 303
811 729
811 806
812 572
812 90
812 46
813 186
813 44
813 189
814 16
814 527
814 59
815 40
815 101
815 187
816 515
816 9
816 228
817 386
817 133
817 786
818 655
818 511
818 108
819 15
819 19
819 502
820 323
820 270
820 1
821 19
821 98
821 712
822 3
822 107
822 504
823 235
823 143
823 642
824 44
824 138
824 447
825 1
825 45
825 12
826 54
826 257
826 46
827 665
827 491
827 349
828 803
828 350
828 436
829 43
829 28
829 101
830 354
830 1
830 299
831 412
831 90
831 414
832 59
832 264
832 563
833 298
833 770
833 475
834 348
834 219
834 23
835 14
835 118
835 6
836 15
836 648
836 683
837 736
837 26
837 21
838 649
838 808
838 445
839 10
839 21
839 256
840 231
840 837
840 235
841 527
841 6
841 743
842 107
842 315
842 360
843 540
843 80
843 155
844 275
844 201
844 67
845 690
845 834
845 36
846 126
846 793
846 219
847 250
847 18
847 495
848 544
848 18
848 148
849 0
849 46
849 32
850 849
850 323
850 227
851 757
851 371
851 36
852 265
852 151
852 836
853 178
853 486
853 359
854 653
854 576
854 36
855 67
855 495
855 246
856 426
856 301
856 818
857 586
857 1
857 10
858 414
858 558
858 696
859 25
859 1
859 721
860 187
860 189
860 102
861 719
861 7
861 86
862 319
862 98
862 119
863 185
863 487
863 748
864 6
864 13
864 37
865 703
865 721
865 87
866 697
866 97
866 372
867 8
867 638
867 279
868 723
868 1
868 526
869 400
869 12
869 46
870 372
870 570
870 720
871 158
871 712
871 315
872 10
872 17
872 582
873 114
873 2
873 486
874 192
874 3
874 86
875 127
875 433
875 669
876 6
876 281
876 874
877 873
877 683
877 621
878 613
878 140
878 182
879 501
879 446
879 819
880 871
880 5
880 705
881 4
881 553
881 757
882 20
882 31
882 273
883 146
883 32
883 794
884 753
884 102
884 45
885 15
885 4
885 575
886 270
886 4
886 635
887 6
887 764
887 10
888 29
888 504
888 162
889 751
889 246
889 66
890 519
890 627
890 159
891 209
891 781
891 1
892 7
892 18
892 325
893 444
893 19
893 113
894 738
894 11
894 801
895 54
895 397
895 795
896 708
896 8
896 155
897 498
897 12
897 683
898 251
898 363
898 211
899 121
899 412
899 575
900 493
900 61
900 424
901 271
901 146
901 44
902 110
902 97
902 1
903 215
903 0
903 436
904 211
904 293
904 243
905 699
905 198
905 12
906 44
906 109
906 286
907 300
907 750
907 56
908 524
908 0
908 43
909 18
909 1
909 340
910 476
910 7
910 331
911 114
911 32
911 409
912 47
912 0
912 5
913 79
913 723
913 741
914 817
914 234
914 240
915 503
915 667
915 770
916 8
916 31
916 4
917 856
917 350
917 28
918 133
918 279
918 467
919 786
919 324
919 359
920 620
920 96
920 7
921 189
921 4
921 854
922 493
922 398
922 81
923 786
923 890
923 184
924 899
924 7
924 585
925 10
925 199
925 699
926 168
926 110
926 573
927 860
927 0
927 391
928 394
928 40
928 388
929 6
929 70
929 40
930 47
930 140
930 14
931 59
931 29
931 593
932 772
932 164
932 77
933 399
933 140
933 333
934 728
934 25
934 27
935 440
935 541
935 1
936 194
936 585
936 44
937 1
937 332
937 73
938 420
938 708
938 268
939 242
939 699
939 616
940 244
940 85
940 114
941 248
941 636
941 36
942 121
942 490
942 96
943 119
943 3
943 132
944 59
944 45
944 716
945 8
945 2
945 148
946 244
946 24
946 1
947 10
947 608
947 139
948 211
948 442
948 15
949 579
949 256
949 67
950 685
950 285
950 0
951 61
951 1
951 79
952 866
952 8
952 176
953 29
953 399
953 86
954 2
954 242
954 85
955 95
955 770
955 129
956 152
956 614
956 23
957 3
957 544
957 501
958 3
958 0
958 796
959 102
959 381
959 48
960 434
960 127
960 636
961 727
961 489
961 750
962 25
962 3
962 398
963 477
963 585
963 455
964 609
964 309
964 299
965 663
965 390
965 0
966 171
966 409
966 884
967 70
967 299
967 69
968 466
968 683
968 29
969 781
969 361
969 107
970 596
970 29
970 137
971 770
971 11
971 348
972 2
972 617
972 80
973 225
973 487
973 66
974 199
974 56
974 676
975 361
975 2
975 7
976 246
976 312
976 40
977 15
977 354
977 11
978 6
978 482
978 448
979 10
979 686
979 36
980 1
980 0
980 54
981 438
981 923
981 839
982 15
982 88
982 329
983 831
983 190
983 447
984 436
984 115
984 24
985 960
985 3
985 48
986 463
986 36
986 89
987 108
987 340
987 716
988 158
988 69
988 36
989 19
989 64
989 315
990 469
990 429
990 227
991 304
991 780
991 76
992 264
992 56
992 498
993 650
993 125
993 766
994 854
994 596
994 1
995 961
995 114
995 26
996 435
996 654
996 101
997 178
997 249
997 578
998 359
998 621
998 614
999 129
999 344
999 978
