0 1
1 0
2 0
2 1
3 1
3 0
3 2
4 1
4 2
4 0
5 0
5 4
5 1
6 0
6 4
6 1
7 5
7 1
7 6
8 1
8 2
8 6
9 1
9 0
9 2
10 1
10 0
10 2
11 10
11 6
11 0
12 4
12 5
12 0
13 4
13 12
13 10
14 4
14 1
14 13
15 0
15 1
15 14
16 8
16 0
16 12
17 11
17 0
17 7
18 17
18 0
18 1
19 6
19 1
19 2
20 3
20 0
20 15
21 6
21 12
21 2
22 17
22 21
22 5
23 15
23 18
23 1
24 15
24 0
24 2
25 4
25 6
25 9
26 4
26 24
26 2
27 9
27 0
27 17
28 21
28 14
28 20
29 0
29 5
29 1
30 4
30 15
30 29
31 2
31 4
31 14
32 0
32 12
32 17
33 0
33 24
33 15
34 11
34 24
34 5
35 1
35 5
35 33
36 0
36 11
36 6
37 6
37 12
37 0
38 0
38 21
38 22
39 33
39 30
39 1
40 6
40 4
40 24
41 2
41 0
41 17
42 12
42 11
42 13
43 30
43 14
43 9
44 5
44 17
44 12
45 40
45 1
45 5
46 2
46 1
46 41
47 8
47 33
47 14
48 6
48 15
48 32
49 24
49 16
49 25
50 4
50 3
50 46
51 10
51 1
51 4
52 9
52 7
52 19
53 0
53 2
53 17
54 0
54 39
54 31
55 4
55 42
55 19
56 0
56 1
56 14
57 0
57 4
57 10
58 31
58 4
58 23
59 7
59 3
59 2
60 0
60 47
60 59
61 41
61 56
61 0
62 40
62 24
62 8
63 57
63 45
63 17
64 6
64 10
64 33
65 41
65 0
65 63
66 8
66 9
66 35
67 31
67 12
67 57
68 2
68 14
68 5
69 10
69 24
69 4
70 4
70 9
70 1
71 37
71 47
71 29
72 14
72 33
72 4
73 17
73 42
73 14
74 62
74 60
74 4
75 0
75 18
75 10
76 21
76 4
76 11
77 4
77 8
77 18
78 64
78 8
78 16
79 22
79 40
79 37
80 42
80 17
80 4
81 28
81 50
81 1
82 14
82 46
82 23
83 12
83 82
83 50
84 75
84 12
84 1
85 82
85 1
85 0
86 11
86 41
86 57
87 71
87 54
87 1
88 43
88 8
88 0
89 53
89 21
89 75
90 0
90 11
90 13
91 49
91 5
91 33
92 60
92 42
92 0
93 0
93 37
93 68
94 51
94 4
94 89
95 94
95 12
95 0
96 37
96 4
96 10
97 37
97 1
97 0
98 62
98 81
98 94
99 52
99 60
99 4
100 85
100 35
100 0
101 15
101 39
101 38
102 80
102 7
102 39
103 80
103 62
103 22
104 0
104 3
104 51
105 22
105 74
105 97
106 84
106 4
106 1
107 90
107 91
107 0
108 91
108 21
108 63
109 2
109 7
109 6
110 84
110 57
110 26
111 4
111 47
111 5
112 84
112 111
112 24
113 15
113 69
113 30
114 26
114 9
114 88
115 4
115 87
115 51
116 9
116 82
116 69
117 1
117 73
117 23
118 35
118 53
118 85
119 47
119 38
119 2
120 14
120 108
120 84
121 43
121 5
121 75
122 6
122 115
122 62
123 57
123 80
123 105
124 41
124 66
124 47
125 0
125 66
125 4
126 113
126 9
126 41
127 4
127 33
127 2
128 49
128 99
128 1
129 0
129 17
129 2
130 96
130 4
130 93
131 100
131 14
131 93
132 30
132 35
132 6
133 22
133 25
133 99
134 1
134 33
134 107
135 14
135 115
135 1
136 66
136 0
136 123
137 1
137 14
137 53
138 9
138 2
138 1
139 90
139 137
139 6
140 117
140 24
140 9
141 98
141 108
141 99
142 0
142 15
142 4
143 38
143 74
143 140
144 0
144 8
144 49
145 0
145 14
145 17
146 8
146 10
146 35
147 0
147 90
147 13
148 4
148 41
148 17
149 51
149 15
149 135
150 32
150 36
150 7
151 57
151 1
151 13
152 62
152 72
152 55
153 150
153 57
153 23
154 97
154 33
154 38
155 25
155 92
155 91
156 103
156 27
156 137
157 3
157 18
157 142
158 99
158 0
158 64
159 4
159 57
159 99
160 108
160 159
160 0
161 59
161 150
161 103
162 0
162 2
162 14
163 4
163 47
163 27
164 0
164 4
164 106
165 11
165 2
165 158
166 81
166 51
166 21
167 1
167 85
167 89
168 153
168 71
168 0
169 17
169 30
169 75
170 59
170 93
170 15
171 86
171 8
171 0
172 22
172 162
172 98
173 151
173 38
173 17
174 99
174 0
174 19
175 119
175 1
175 27
176 131
176 17
176 13
177 14
177 101
177 132
178 8
178 95
178 26
179 12
179 8
179 111
180 79
180 19
180 0
181 79
181 68
181 6
182 105
182 5
182 86
183 93
183 14
183 156
184 24
184 17
184 73
185 67
185 0
185 166
186 1
186 34
186 9
187 2
187 142
187 7
188 111
188 22
188 92
189 1
189 41
189 152
190 108
190 116
190 6
191 21
191 133
191 35
192 2
192 99
192 1
193 21
193 1
193 11
194 100
194 77
194 62
195 33
195 1
195 6
196 0
196 36
196 61
197 18
197 10
197 32
198 174
198 0
198 17
199 8
199 22
199 9
200 8
200 76
200 114
201 195
201 44
201 116
202 18
202 16
202 156
203 38
203 26
203 21
204 183
204 21
204 99
205 78
205 74
205 89
206 43
206 24
206 12
207 94
207 33
207 43
208 62
208 204
208 31
209 12
209 194
209 156
210 34
210 6
210 157
211 150
211 41
211 65
212 4
212 2
212 56
213 17
213 13
213 159
214 9
214 91
214 159
215 3
215 51
215 0
216 160
216 80
216 2
217 30
217 62
217 51
218 183
218 150
218 10
219 13
219 8
219 114
220 153
220 4
220 3
221 55
221 204
221 47
222 219
222 128
222 151
223 203
223 8
223 68
224 193
224 94
224 31
225 166
225 220
225 2
226 94
226 137
226 172
227 4
227 62
227 18
228 35
228 9
228 23
229 93
229 24
229 26
230 37
230 142
230 48
231 110
231 53
231 0
232 8
232 118
232 63
233 89
233 207
233 0
234 53
234 80
234 32
235 1
235 190
235 92
236 36
236 187
236 52
237 159
237 66
237 206
238 31
238 74
238 35
239 181
239 209
239 57
240 18
240 219
240 209
241 21
241 1
241 4
242 33
242 159
242 18
243 160
243 22
243 59
244 0
244 17
244 44
245 41
245 241
245 23
246 4
246 98
246 88
247 4
247 119
247 37
248 53
248 9
248 210
249 35
249 63
249 36
250 171
250 93
250 89
251 54
251 6
251 192
252 24
252 107
252 15
253 85
253 1
253 2
254 82
254 42
254 0
255 226
255 0
255 6
256 172
256 1
256 131
257 150
257 205
257 2
258 21
258 39
258 244
259 118
259 10
259 0
260 146
260 4
260 221
261 194
261 2
261 9
262 189
262 104
262 4
263 0
263 78
263 15
264 24
264 30
264 28
265 3
265 191
265 30
266 37
266 148
266 262
267 31
267 203
267 0
268 214
268 101
268 204
269 135
269 36
269 188
270 142
270 187
270 80
271 13
271 91
271 89
272 271
272 0
272 95
273 9
273 245
273 98
274 81
274 187
274 80
275 9
275 8
275 136
276 37
276 99
276 128
277 239
277 137
277 150
278 108
278 81
278 4
279 195
279 17
279 66
280 10
280 82
280 18
281 68
281 188
281 80
282 200
282 72
282 239
283 7
283 77
283 45
284 14
284 226
284 15
285 278
285 177
285 113
286 41
286 0
286 130
287 133
287 113
287 7
288 1
288 113
288 0
289 186
289 191
289 56
290 230
290 61
290 34
291 78
291 82
291 276
292 256
292 82
292 31
293 0
293 208
293 12
294 35
294 31
294 208
295 208
295 77
295 103
296 222
296 14
296 200
297 251
297 115
297 59
298 265
298 30
298 103
299 4
299 33
299 35
300 150
300 115
300 263
301 239
301 4
301 290
302 276
302 67
302 74
303 195
303 266
303 203
304 0
304 1
304 85
305 2
305 174
305 30
306 21
306 9
306 143
307 162
307 153
307 293
308 256
308 290
308 13
309 0
309 127
309 22
310 202
310 62
310 217
311 156
311 193
311 6
312 136
312 1
312 118
313 35
313 1
313 104
314 9
314 187
314 1
315 34
315 74
315 56
316 132
316 229
316 41
317 19
317 26
317 3
318 116
318 4
318 61
319 57
319 71
319 27
320 5
320 246
320 173
321 59
321 99
321 10
322 95
322 241
322 51
323 45
323 78
323 151
324 186
324 278
324 284
325 31
325 54
325 23
326 142
326 5
326 12
327 7
327 14
327 144
328 31
328 2
328 67
329 145
329 117
329 147
330 4
330 1
330 206
331 11
331 62
331 41
332 158
332 37
332 103
333 36
333 14
333 25
334 6
334 107
334 10
335 328
335 17
335 26
336 85
336 44
336 263
337 206
337 7
337 176
338 2
338 94
338 333
339 217
339 153
339 0
340 0
340 276
340 3
341 302
341 319
341 95
342 186
342 80
342 8
343 135
343 7
343 332
344 275
344 57
344 0
345 0
345 62
345 2
346 121
346 24
346 219
347 34
347 172
347 79
348 9
348 282
348 77
349 37
349 64
349 57
350 113
350 23
350 49
351 320
351 23
351 168
352 33
352 163
352 54
353 66
353 153
353 352
354 0
354 1
354 107
355 105
355 1
355 11
356 7
356 78
356 12
357 344
357 47
357 194
358 331
358 215
358 318
359 67
359 54
359 52
360 315
360 136
360 344
361 251
361 5
361 263
362 157
362 26
362 0
363 0
363 84
363 42
364 243
364 129
364 64
365 100
365 75
365 142
366 14
366 80
366 62
367 309
367 36
367 53
368 21
368 239
368 357
369 2
369 305
369 98
370 0
370 88
370 211
371 31
371 367
371 274
372 114
372 21
372 10
373 0
373 132
373 118
374 39
374 4
374 51
375 47
375 27
375 55
376 33
376 107
376 84
377 360
377 33
377 272
378 17
378 0
378 27
379 9
379 162
379 6
380 0
380 14
380 41
381 32
381 24
381 111
382 98
382 21
382 287
383 209
383 57
383 0
384 335
384 4
384 207
385 13
385 160
385 103
386 120
386 290
386 381
387 231
387 9
387 173
388 67
388 88
388 369
389 23
389 85
389 33
390 194
390 23
390 303
391 137
391 0
391 150
392 120
392 0
392 290
393 271
393 14
393 142
394 178
394 1
394 55
395 42
395 267
395 129
396 298
396 77
396 4
397 316
397 25
397 50
398 63
398 17
398 91
399 113
399 325
399 70
400 369
400 387
400 11
401 16
401 12
401 346
402 350
402 75
402 142
403 53
403 54
403 9
404 331
404 11
404 111
405 0
405 26
405 15
406 98
406 0
406 99
407 270
407 116
407 47
408 0
408 313
408 37
409 23
409 26
409 6
410 0
410 84
410 73
411 34
411 326
411 35
412 287
412 1
412 285
413 62
413 107
413 1
414 113
414 42
414 51
415 4
415 174
415 14
416 26
416 206
416 208
417 14
417 199
417 235
418 7
418 26
418 22
419 18
419 62
419 86
420 19
420 9
420 152
421 0
421 1
421 243
422 420
422 334
422 111
423 59
423 18
423 2
424 18
424 0
424 385
425 336
425 9
425 420
426 192
426 0
426 37
427 350
427 148
427 77
428 416
428 89
428 0
429 187
429 61
429 90
430 12
430 166
430 253
431 32
431 1
431 17
432 62
432 256
432 240
433 252
433 159
433 33
434 75
434 12
434 284
435 142
435 14
435 91
436 5
436 55
436 95
437 301
437 346
437 2
438 143
438 40
438 87
439 157
439 275
439 86
440 149
440 269
440 59
441 4
441 381
441 175
442 109
442 325
442 14
443 35
443 384
443 302
444 114
444 175
444 404
445 74
445 84
445 8
446 12
446 1
446 37
447 1
447 52
447 176
448 159
448 59
448 20
449 307
449 39
449 404
450 25
450 99
450 78
451 130
451 361
451 181
452 247
452 214
452 166
453 6
453 26
453 284
454 352
454 86
454 65
455 204
455 10
455 0
456 0
456 80
456 2
457 37
457 49
457 323
458 134
458 15
458 59
459 394
459 77
459 94
460 8
460 439
460 18
461 8
461 256
461 0
462 39
462 77
462 0
463 13
463 436
463 31
464 0
464 24
464 36
465 58
465 41
465 266
466 117
466 235
466 325
467 453
467 90
467 274
468 245
468 279
468 8
469 1
469 63
469 51
470 0
470 263
470 15
471 85
471 348
471 108
472 190
472 272
472 295
473 116
473 148
473 1
474 8
474 4
474 114
475 148
475 59
475 2
476 395
476 148
476 28
477 24
477 55
477 350
478 6
478 222
478 20
479 52
479 209
479 31
480 177
480 130
480 411
481 38
481 89
481 35
482 351
482 8
482 79
483 22
483 1
483 170
484 20
484 3
484 0
485 217
485 8
485 15
486 3
486 20
486 78
487 5
487 3
487 277
488 277
488 56
488 354
489 51
489 17
489 33
490 361
490 26
490 64
491 31
491 178
491 12
492 229
492 94
492 170
493 266
493 55
493 65
494 2
494 480
494 3
495 423
495 386
495 11
496 69
496 480
496 256
497 0
497 6
497 159
498 0
498 265
498 398
499 330
499 373
499 148
500 97
500 8
500 17
501 329
501 38
501 487
502 48
502 324
502 426
503 151
503 255
503 1
504 206
504 0
504 316
505 311
505 231
505 144
506 228
506 25
506 52
507 344
507 368
507 4
508 99
508 88
508 285
509 450
509 0
509 94
510 56
510 101
510 361
511 63
511 138
511 58
512 460
512 43
512 97
513 55
513 10
513 246
514 68
514 127
514 302
515 37
515 213
515 62
516 406
516 4
516 25
517 211
517 1
517 5
518 383
518 14
518 203
519 305
519 7
519 150
520 84
520 113
520 0
521 73
521 361
521 435
522 90
522 14
522 430
523 0
523 31
523 53
524 61
524 509
524 15
525 22
525 385
525 158
526 409
526 54
526 56
527 99
527 175
527 177
528 455
528 217
528 189
529 308
529 18
529 116
530 436
530 13
530 524
531 0
531 10
531 29
532 174
532 33
532 397
533 275
533 49
533 1
534 84
534 36
534 503
535 18
535 4
535 236
536 0
536 53
536 148
537 5
537 0
537 54
538 384
538 213
538 14
539 435
539 203
539 436
540 34
540 1
540 14
541 26
541 117
541 248
542 9
542 468
542 77
543 330
543 152
543 151
544 27
544 195
544 163
545 221
545 10
545 197
546 5
546 231
546 506
547 22
547 147
547 1
548 253
548 411
548 15
549 275
549 125
549 401
550 431
550 243
550 386
551 17
551 173
551 342
552 161
552 426
552 439
553 90
553 6
553 114
554 84
554 42
554 129
555 78
555 251
555 35
556 7
556 64
556 26
557 31
557 1
557 402
558 27
558 278
558 8
559 139
559 114
559 95
560 38
560 369
560 419
561 4
561 69
561 351
562 341
562 240
562 376
563 66
563 290
563 51
564 513
564 82
564 237
565 123
565 354
565 430
566 516
566 351
566 170
567 431
567 563
567 8
568 57
568 455
568 19
569 436
569 277
569 78
570 287
570 69
570 84
571 0
571 344
571 101
572 509
572 2
572 4
573 152
573 54
573 211
574 381
574 13
574 1
575 399
575 272
575 400
576 198
576 8
576 0
577 163
577 140
577 206
578 2
578 33
578 57
579 75
579 242
579 8
580 12
580 496
580 317
581 203
581 236
581 148
582 172
582 63
582 76
583 328
583 78
583 420
584 195
584 98
584 53
585 577
585 11
585 0
586 36
586 203
586 436
587 329
587 22
587 51
588 44
588 334
588 7
589 547
589 102
589 415
590 400
590 499
590 306
591 150
591 53
591 583
592 522
592 82
592 396
593 0
593 451
593 494
594 58
594 1
594 151
595 204
595 228
595 512
596 133
596 5
596 333
597 0
597 17
597 62
598 259
598 93
598 27
599 589
599 321
599 33
600 503
600 75
600 33
601 208
601 199
601 313
602 80
602 249
602 54
603 280
603 538
603 117
604 57
604 0
604 519
605 203
605 274
605 158
606 37
606 149
606 326
607 50
607 191
607 164
608 8
608 151
608 35
609 363
609 203
609 213
610 8
610 128
610 140
611 450
611 12
611 110
612 313
612 214
612 352
613 0
613 10
613 344
614 14
614 397
614 127
615 5
615 404
615 9
616 156
616 67
616 62
617 272
617 136
617 574
618 24
618 594
618 207
619 51
619 41
619 46
620 94
620 112
620 142
621 182
621 113
621 501
622 14
622 380
622 203
623 21
623 192
623 235
624 406
624 343
624 21
625 466
625 340
625 213
626 378
626 0
626 306
627 314
627 221
627 114
628 606
628 97
628 433
629 523
629 15
629 547
630 201
630 295
630 0
631 177
631 257
631 501
632 60
632 11
632 15
633 177
633 71
633 0
634 13
634 401
634 133
635 401
635 437
635 243
636 595
636 41
636 3
637 50
637 6
637 216
638 588
638 2
638 117
639 2
639 67
639 215
640 35
640 27
640 392
641 67
641 272
641 91
642 16
642 137
642 266
643 563
643 54
643 532
644 33
644 360
644 164
645 577
645 394
645 216
646 93
646 175
646 0
647 25
647 545
647 123
648 33
648 453
648 174
649 0
649 7
649 57
650 252
650 43
650 15
651 51
651 175
651 24
652 313
652 236
652 12
653 113
653 50
653 0
654 128
654 6
654 66
655 5
655 278
655 325
656 177
656 8
656 130
657 609
657 371
657 0
658 330
658 239
658 552
659 117
659 611
659 180
660 22
660 226
660 256
661 534
661 80
661 353
662 25
662 596
662 554
663 1
663 23
663 93
664 405
664 269
664 8
665 2
665 56
665 435
666 595
666 103
666 353
667 340
667 11
667 467
668 313
668 21
668 33
669 22
669 138
669 465
670 271
670 0
670 348
671 33
671 2
671 181
672 203
672 62
672 34
673 360
673 150
673 30
674 89
674 577
674 37
675 31
675 152
675 384
676 8
676 14
676 36
677 3
677 0
677 166
678 7
678 114
678 40
679 503
679 113
679 300
680 485
680 436
680 555
681 94
681 164
681 3
682 144
682 0
682 214
683 123
683 463
683 0
684 0
684 82
684 33
685 422
685 0
685 218
686 166
686 174
686 4
687 246
687 261
687 173
688 11
688 243
688 173
689 641
689 62
689 156
690 1
690 439
690 302
691 4
691 177
691 80
692 99
692 291
692 19
693 328
693 547
693 71
694 42
694 36
694 0
695 439
695 166
695 226
696 20
696 303
696 278
697 340
697 173
697 549
698 203
698 46
698 12
699 1
699 615
699 266
700 0
700 136
700 400
701 415
701 325
701 206
702 467
702 268
702 100
703 168
703 381
703 394
704 238
704 570
704 462
705 276
705 69
705 53
706 0
706 41
706 207
707 12
707 41
707 4
708 264
708 150
708 206
709 442
709 264
709 225
710 672
710 346
710 4
711 359
711 568
711 411
712 48
712 74
712 558
713 653
713 127
713 151
714 39
714 79
714 264
715 360
715 160
715 404
716 208
716 2
716 191
717 139
717 149
717 21
718 62
718 24
718 543
719 307
719 2
719 535
720 284
720 12
720 7
721 5
721 159
721 489
722 4
722 518
722 365
723 18
723 620
723 592
724 1
724 91
724 277
725 195
725 294
725 215
726 204
726 15
726 394
727 1
727 4
727 188
728 469
728 245
728 14
729 33
729 177
729 148
730 186
730 670
730 592
731 592
731 406
731 38
732 431
732 57
732 399
733 351
733 1
733 530
734 657
734 142
734 424
735 357
735 54
735 691
736 592
736 219
736 36
737 453
737 227
737 33
738 2
738 32
738 644
739 226
739 290
739 691
740 3
740 4
740 302
741 34
741 351
741 13
742 103
742 264
742 362
743 484
743 581
743 28
744 0
744 33
744 458
745 62
745 187
745 315
746 560
746 280
746 493
747 2
747 15
747 186
748 200
748 150
748 116
749 15
749 20
749 4
750 243
750 150
750 175
751 38
751 483
751 268
752 530
752 82
752 214
753 5
753 17
753 97
754 57
754 513
754 24
755 245
755 630
755 317
756 404
756 563
756 192
757 538
757 8
757 4
758 3
758 151
758 738
759 235
759 199
759 455
760 345
760 453
760 10
761 4
761 2
761 31
762 28
762 17
762 35
763 299
763 0
763 14
764 84
764 165
764 301
765 336
765 17
765 260
766 669
766 26
766 739
767 426
767 402
767 754
768 113
768 166
768 6
769 55
769 0
769 404
770 341
770 0
770 12
771 99
771 0
771 1
772 49
772 317
772 417
773 598
773 4
773 218
774 75
774 101
774 0
775 158
775 712
775 1
776 42
776 242
776 63
777 105
777 8
777 192
778 194
778 22
778 166
779 202
779 78
779 10
780 357
780 584
780 383
781 231
781 488
781 150
782 20
782 316
782 452
783 2
783 95
783 8
784 109
784 160
784 99
785 206
785 13
785 2
786 720
786 276
786 213
787 84
787 6
787 51
788 4
788 17
788 459
789 297
789 194
789 37
790 330
790 0
790 383
791 13
791 771
791 145
792 325
792 343
792 142
793 214
793 33
793 774
794 750
794 711
794 175
795 164
795 57
795 618
796 181
796 794
796 47
797 159
797 538
797 130
798 0
798 55
798 737
799 38
799 165
799 413
800 107
800 24
800 710
801 290
801 166
801 1
802 0
802 52
802 170
803 103
803 33
803 19
804 511
804 358
804 19
805 100
805 659
805 216
806 385
806 105
806 720
807 530
807 436
807 163
808 10
808 62
808 4
809 519
809 47
809 265
810 728
810 177
810 0
811 74
811 6
811 61
812 596
812 13
812 183
813 768
813 485
813 21
814 492
814 86
814 73
815 735
815 17
815 720
816 585
816 222
816 183
817 7
817 24
817 66
818 754
818 274
818 493
819 392
819 6
819 14
820 712
820 151
820 186
821 308
821 804
821 604
822 7
822 719
822 241
823 56
823 141
823 45
824 321
824 32
824 12
825 4
825 129
825 1
826 14
826 529
826 68
827 278
827 2
827 226
828 180
828 790
828 113
829 54
829 687
829 732
830 64
830 269
830 447
831 318
831 27
831 535
832 17
832 65
832 232
833 140
833 161
833 234
834 233
834 13
834 0
835 1
835 94
835 257
836 750
836 330
836 555
837 493
837 42
837 360
838 87
838 727
838 57
839 691
839 18
839 572
840 80
840 107
840 594
841 5
841 256
841 441
842 337
842 8
842 92
843 98
843 428
843 277
844 86
844 360
844 808
845 400
845 9
845 37
846 722
846 340
846 411
847 692
847 841
847 713
848 432
848 23
848 265
849 467
849 321
849 598
850 565
850 54
850 826
851 408
851 314
851 568
852 103
852 504
852 32
853 2
853 51
853 114
854 86
854 317
854 166
855 30
855 33
855 351
856 229
856 90
856 441
857 51
857 4
857 10
858 0
858 39
858 60
859 1
859 67
859 258
860 214
860 776
860 37
861 588
861 768
861 826
862 80
862 411
862 679
863 55
863 174
863 733
864 574
864 218
864 614
865 26
865 596
865 98
866 401
866 751
866 191
867 4
867 7
867 684
868 35
868 2
868 558
869 8
869 404
869 62
870 193
870 447
870 204
871 851
871 519
871 693
872 755
872 689
872 117
873 217
873 774
873 0
874 4
874 730
874 755
875 177
875 723
875 6
876 399
876 545
876 567
877 301
877 0
877 7
878 15
878 147
878 94
879 84
879 748
879 175
880 72
880 793
880 8
881 104
881 81
881 604
882 565
882 1
882 297
883 108
883 55
883 697
884 680
884 614
884 186
885 0
885 39
885 4
886 14
886 306
886 259
887 37
887 39
887 133
888 52
888 420
888 333
889 1
889 178
889 529
890 169
890 668
890 136
891 87
891 105
891 600
892 310
892 636
892 480
893 545
893 14
893 130
894 158
894 41
894 28
895 177
895 111
895 187
896 773
896 113
896 829
897 101
897 175
897 24
898 365
898 187
898 578
899 878
899 114
899 278
900 753
900 173
900 534
901 143
901 798
901 568
902 626
902 459
902 636
903 781
903 13
903 364
904 4
904 571
904 0
905 166
905 772
905 21
906 353
906 84
906 313
907 376
907 345
907 386
908 801
908 567
908 162
909 614
909 41
909 266
910 89
910 36
910 174
911 354
911 58
911 43
912 23
912 173
912 133
913 455
913 316
913 626
914 47
914 12
914 1
915 830
915 278
915 377
916 46
916 33
916 568
917 62
917 325
917 340
918 50
918 84
918 745
919 353
919 18
919 828
920 489
920 429
920 463
921 36
921 13
921 717
922 91
922 6
922 178
923 1
923 191
923 268
924 393
924 778
924 8
925 35
925 79
925 45
926 41
926 72
926 50
927 718
927 780
927 3
928 100
928 174
928 36
929 212
929 57
929 177
930 3
930 8
930 1
931 846
931 313
931 232
932 25
932 161
932 536
933 1
933 99
933 844
934 135
934 24
934 209
935 343
935 130
935 6
936 130
936 2
936 32
937 21
937 230
937 192
938 638
938 420
938 37
939 4
939 398
939 783
940 232
940 780
940 174
941 360
941 732
941 451
942 370
942 439
942 175
943 410
943 742
943 6
944 9
944 776
944 385
945 679
945 2
945 905
946 219
946 601
946 465
947 892
947 492
947 314
948 736
948 134
948 241
949 272
949 129
949 0
950 231
950 474
950 315
951 553
951 758
951 739
952 57
952 8
952 243
953 303
953 35
953 436
954 581
954 632
954 523
955 37
955 554
955 73
956 787
956 99
956 10
957 72
957 566
957 154
958 168
958 629
958 6
959 616
959 35
959 301
960 118
960 563
960 282
961 468
961 773
961 411
962 395
962 84
962 745
963 410
963 144
963 718
964 565
964 83
964 37
965 56
965 1
965 61
966 313
966 45
966 385
967 628
967 346
967 348
968 4
968 179
968 37
969 404
969 834
969 233
970 50
970 725
970 160
971 44
971 636
971 62
972 62
972 162
972 130
973 845
973 154
973 394
974 711
974 96
974 706
975 32
975 16
975 934
976 5
976 62
976 962
977 156
977 14
977 77
978 62
978 84
978 8
979 280
979 938
979 114
980 911
980 161
980 360
981 854
981 214
981 326
982 78
982 0
982 594
983 78
983 314
983 953
984 428
984 575
984 626
985 52
985 130
985 26
986 137
986 920
986 547
987 117
987 194
987 473
988 41
988 638
988 4
989 739
989 727
989 639
990 17
990 55
990 280
991 158
991 17
991 536
992 905
992 112
992 713
993 35
993 335
993 750
994 588
994 44
994 983
995 4
995 13
995 323
996 596
996 1
996 33
997 759
997 405
997 340
998 68
998 226
998 639
999 739
999 641
999 260
