0 1
1 0
2 1
2 0
3 1
3 0
3 2
4 0
4 1
4 2
5 0
5 1
5 2
6 0
6 1
6 5
7 5
7 2
7 3
8 2
8 1
8 7
9 3
9 7
9 6
10 1
10 3
10 8
11 1
11 3
11 0
12 1
12 8
12 0
13 8
13 1
13 12
14 2
14 3
14 1
15 1
15 2
15 5
16 3
16 12
16 2
17 8
17 2
17 10
18 2
18 1
18 9
19 15
19 17
19 9
20 2
20 0
20 10
21 1
21 10
21 20
22 0
22 4
22 10
23 0
23 1
23 9
24 1
24 21
24 15
25 12
25 20
25 21
26 8
26 14
26 25
27 9
27 22
27 14
28 5
28 8
28 19
29 7
29 5
29 27
30 2
30 8
30 14
31 0
31 5
31 28
32 4
32 28
32 0
33 25
33 30
33 15
34 28
34 8
34 20
35 4
35 2
35 1
36 15
36 28
36 18
37 3
37 35
37 15
38 21
38 7
38 27
39 18
39 1
39 14
40 10
40 19
40 14
41 5
41 4
41 2
42 0
42 39
42 6
43 36
43 12
43 3
44 2
44 35
44 4
45 30
45 9
45 1
46 44
46 42
46 27
47 5
47 3
47 36
48 44
48 14
48 3
49 10
49 22
49 31
50 6
50 19
50 0
51 5
51 45
51 12
52 2
52 40
52 6
53 26
53 2
53 50
54 21
54 37
54 17
55 4
55 6
55 16
56 11
56 14
56 2
57 1
57 22
57 14
58 10
58 44
58 39
59 33
59 0
59 10
60 27
60 51
60 4
61 26
61 51
61 42
62 19
62 9
62 12
63 19
63 30
63 2
64 43
64 57
64 8
65 43
65 1
65 11
66 33
66 27
66 30
67 1
67 51
67 18
68 51
68 3
68 1
69 46
69 33
69 51
70 3
70 1
70 12
71 8
71 28
71 9
72 10
72 8
72 38
73 21
73 44
73 48
74 3
74 1
74 37
75 0
75 40
75 8
76 27
76 2
76 50
77 11
77 39
77 1
78 28
78 54
78 76
79 9
79 12
79 8
80 7
80 10
80 0
81 2
81 23
81 47
82 63
82 40
82 3
83 6
83 39
83 21
84 72
84 17
84 9
85 77
85 45
85 66
86 76
86 15
86 22
87 8
87 22
87 54
88 0
88 67
88 2
89 15
89 1
89 3
90 15
90 3
90 83
91 10
91 45
91 2
92 43
92 83
92 73
93 0
93 1
93 75
94 33
94 76
94 14
95 1
95 37
95 67
96 10
96 67
96 81
97 10
97 2
97 67
98 51
98 0
98 44
99 59
99 14
99 10
100 94
100 28
100 34
101 97
101 73
101 28
102 31
102 14
102 19
103 0
103 1
103 14
104 54
104 37
104 9
105 28
105 8
105 42
106 25
106 18
106 52
107 94
107 10
107 0
108 15
108 14
108 100
109 25
109 28
109 12
110 99
110 0
110 9
111 3
111 41
111 63
112 10
112 67
112 0
113 100
113 57
113 11
114 109
114 0
114 2
115 45
115 8
115 94
116 65
116 39
116 5
117 98
117 51
117 10
118 1
118 7
118 40
119 12
119 93
119 107
120 9
120 8
120 49
121 0
121 95
121 49
122 49
122 116
122 4
123 120
123 65
123 80
124 12
124 1
124 121
125 28
125 3
125 10
126 31
126 20
126 29
127 4
127 124
127 100
128 27
128 7
128 17
129 28
129 97
129 6
130 94
130 11
130 91
131 63
131 22
131 86
132 28
132 106
132 77
133 2
133 22
133 24
134 23
134 81
134 2
135 94
135 51
135 61
136 34
136 80
136 90
137 66
137 133
137 43
138 72
138 117
138 100
139 1
139 50
139 132
140 76
140 66
140 2
141 15
141 14
141 117
142 0
142 86
142 17
143 14
143 33
143 2
144 48
144 1
144 8
145 67
145 1
145 60
146 29
146 27
146 7
147 80
147 21
147 14
148 42
148 126
148 97
149 26
149 25
149 135
150 5
150 28
150 4
151 101
151 7
151 10
152 145
152 143
152 133
153 45
153 7
153 103
154 2
154 46
154 0
155 148
155 48
155 63
156 21
156 18
156 15
157 93
157 12
157 152
158 37
158 113
158 48
159 9
159 70
159 157
160 93
160 91
160 27
161 30
161 15
161 33
162 145
162 4
162 19
163 48
163 91
163 12
164 10
164 109
164 39
165 18
165 23
165 21
166 46
166 0
166 50
167 1
167 22
167 134
168 10
168 20
168 0
169 13
169 14
169 54
170 71
170 82
170 154
171 62
171 12
171 15
172 147
172 6
172 134
173 148
173 116
173 2
174 12
174 0
174 136
175 94
175 28
175 140
176 89
176 103
176 15
177 76
177 61
177 172
178 177
178 8
178 67
179 147
179 33
179 23
180 10
180 50
180 103
181 86
181 25
181 9
182 93
182 23
182 3
183 39
183 84
183 33
184 39
184 5
184 150
185 115
185 8
185 166
186 119
186 14
186 95
187 42
187 129
187 119
188 1
188 64
188 30
189 23
189 154
189 107
190 111
190 5
190 144
191 38
191 5
191 21
192 109
192 12
192 73
193 82
193 31
193 154
194 2
194 26
194 101
195 166
195 116
195 1
196 10
196 174
196 195
197 30
197 15
197 35
198 8
198 39
198 6
199 10
199 37
199 190
200 115
200 53
200 95
201 2
201 3
201 20
202 39
202 197
202 15
203 135
203 109
203 10
204 109
204 15
204 74
205 144
205 131
205 95
206 22
206 77
206 184
207 26
207 76
207 103
208 8
208 70
208 100
209 207
209 157
209 8
210 40
210 3
210 127
211 62
211 8
211 11
212 154
212 59
212 70
213 118
213 28
213 31
214 53
214 103
214 87
215 12
215 106
215 155
216 95
216 103
216 36
217 29
217 184
217 211
218 14
218 63
218 161
219 31
219 8
219 13
220 99
220 94
220 1
221 94
221 85
221 27
222 182
222 71
222 191
223 1
223 51
223 27
224 9
224 8
224 17
225 2
225 47
225 4
226 117
226 49
226 1
227 10
227 34
227 28
228 15
228 119
228 18
229 13
229 15
229 48
230 37
230 97
230 28
231 21
231 6
231 178
232 9
232 92
232 31
233 1
233 12
233 79
234 119
234 45
234 134
235 123
235 3
235 82
236 55
236 230
236 115
237 8
237 14
237 12
238 42
238 178
238 2
239 84
239 19
239 51
240 127
240 217
240 67
241 10
241 79
241 81
242 27
242 99
242 129
243 114
243 21
243 197
244 4
244 28
244 123
245 14
245 180
245 147
246 21
246 196
246 184
247 93
247 0
247 182
248 186
248 119
248 85
249 184
249 226
249 118
250 154
250 227
250 47
251 206
251 127
251 87
252 217
252 3
252 21
253 191
253 9
253 1
254 81
254 12
254 40
255 27
255 120
255 180
256 94
256 4
256 18
257 45
257 140
257 232
258 1
258 256
258 33
259 32
259 211
259 0
260 39
260 13
260 226
261 3
261 2
261 14
262 2
262 260
262 61
263 95
263 63
263 5
264 70
264 0
264 21
265 180
265 140
265 12
266 250
266 67
266 53
267 36
267 91
267 48
268 12
268 217
268 140
269 182
269 212
269 91
270 2
270 135
270 95
271 15
271 2
271 238
272 140
272 148
272 63
273 10
273 154
273 91
274 224
274 130
274 2
275 235
275 1
275 62
276 45
276 0
276 253
277 227
277 184
277 244
278 2
278 190
278 84
279 40
279 104
279 190
280 109
280 161
280 16
281 20
281 2
281 218
282 21
282 28
282 94
283 109
283 157
283 22
284 67
284 3
284 84
285 81
285 182
285 147
286 55
286 40
286 251
287 44
287 133
287 98
288 217
288 194
288 1
289 40
289 42
289 4
290 0
290 159
290 277
291 112
291 48
291 15
292 119
292 190
292 180
293 139
293 51
293 120
294 219
294 24
294 76
295 68
295 5
295 14
296 44
296 172
296 10
297 101
297 213
297 3
298 13
298 40
298 83
299 240
299 26
299 83
300 8
300 24
300 1
301 8
301 166
301 256
302 217
302 82
302 262
303 12
303 288
303 14
304 105
304 294
304 173
305 0
305 155
305 8
306 0
306 81
306 22
307 25
307 0
307 6
308 30
308 17
308 249
309 26
309 4
309 2
310 19
310 247
310 92
311 202
311 283
311 1
312 38
312 39
312 116
313 272
313 81
313 19
314 256
314 12
314 28
315 313
315 14
315 248
316 13
316 0
316 20
317 202
317 201
317 220
318 191
318 2
318 172
319 94
319 6
319 51
320 262
320 95
320 39
321 186
321 14
321 248
322 1
322 136
322 277
323 62
323 127
323 268
324 107
324 21
324 8
325 40
325 236
325 294
326 98
326 10
326 147
327 6
327 109
327 282
328 24
328 243
328 40
329 234
329 189
329 82
330 254
330 222
330 28
331 10
331 206
331 44
332 71
332 326
332 11
333 8
333 44
333 110
334 260
334 80
334 145
335 126
335 37
335 18
336 264
336 2
336 47
337 227
337 2
337 12
338 306
338 10
338 240
339 51
339 1
339 330
340 289
340 42
340 29
341 49
341 12
341 180
342 13
342 17
342 198
343 1
343 12
343 82
344 312
344 178
344 278
345 12
345 8
345 16
346 174
346 46
346 226
347 28
347 226
347 276
348 181
348 154
348 0
349 44
349 49
349 95
350 188
350 218
350 304
351 181
351 93
351 16
352 2
352 199
352 256
353 333
353 14
353 12
354 16
354 114
354 79
355 40
355 296
355 12
356 109
356 144
356 252
357 208
357 3
357 120
358 8
358 186
358 21
359 103
359 26
359 8
360 0
360 3
360 135
361 88
361 223
361 75
362 2
362 307
362 10
363 154
363 7
363 178
364 234
364 197
364 8
365 3
365 50
365 245
366 2
366 22
366 71
367 99
367 0
367 121
368 286
368 205
368 73
369 295
369 8
369 135
370 1
370 110
370 145
371 329
371 27
371 40
372 0
372 2
372 148
373 182
373 39
373 140
374 16
374 91
374 75
375 8
375 0
375 150
376 12
376 14
376 94
377 19
377 115
377 182
378 8
378 108
378 87
379 298
379 49
379 3
380 1
380 194
380 14
381 2
381 45
381 166
382 12
382 22
382 105
383 15
383 191
383 10
384 35
384 67
384 36
385 51
385 97
385 126
386 48
386 359
386 6
387 256
387 4
387 336
388 134
388 216
388 3
389 5
389 351
389 69
390 188
390 99
390 1
391 140
391 313
391 25
392 1
392 63
392 366
393 25
393 82
393 119
394 14
394 1
394 344
395 3
395 0
395 10
396 124
396 5
396 33
397 324
397 28
397 191
398 93
398 116
398 11
399 51
399 270
399 185
400 37
400 119
400 310
401 28
401 7
401 67
402 14
402 333
402 184
403 389
403 43
403 6
404 258
404 194
404 390
405 10
405 73
405 85
406 153
406 31
406 12
407 14
407 394
407 0
408 105
408 21
408 179
409 324
409 154
409 38
410 27
410 1
410 69
411 1
411 20
411 89
412 91
412 136
412 118
413 6
413 1
413 49
414 18
414 186
414 333
415 3
415 202
415 9
416 9
416 393
416 4
417 23
417 209
417 194
418 100
418 44
418 0
419 53
419 5
419 1
420 58
420 234
420 80
421 65
421 9
421 90
422 0
422 3
422 82
423 66
423 202
423 22
424 409
424 225
424 63
425 141
425 191
425 181
426 23
426 141
426 286
427 68
427 423
427 182
428 26
428 62
428 83
429 226
429 3
429 53
430 414
430 408
430 161
431 96
431 227
431 178
432 23
432 237
432 61
433 8
433 256
433 290
434 267
434 94
434 1
435 401
435 16
435 89
436 115
436 292
436 138
437 409
437 226
437 166
438 183
438 10
438 3
439 425
439 329
439 262
440 207
440 140
440 71
441 365
441 301
441 30
442 30
442 0
442 94
443 15
443 25
443 6
444 20
444 208
444 439
445 74
445 413
445 8
446 141
446 288
446 32
447 8
447 37
447 160
448 223
448 382
448 70
449 423
449 2
449 408
450 259
450 264
450 2
451 272
451 9
451 202
452 387
452 430
452 370
453 107
453 141
453 385
454 260
454 180
454 33
455 292
455 48
455 15
456 37
456 31
456 338
457 62
457 435
457 27
458 240
458 454
458 245
459 105
459 6
459 204
460 304
460 22
460 78
461 169
461 80
461 424
462 437
462 326
462 246
463 51
463 52
463 20
464 6
464 47
464 139
465 157
465 2
465 411
466 461
466 6
466 123
467 392
467 233
467 178
468 10
468 1
468 275
469 217
469 1
469 94
470 186
470 8
470 0
471 460
471 79
471 147
472 63
472 311
472 246
473 156
473 180
473 471
474 132
474 404
474 370
475 53
475 339
475 213
476 15
476 23
476 355
477 1
477 14
477 102
478 71
478 400
478 206
479 52
479 198
479 0
480 18
480 148
480 80
481 442
481 135
481 184
482 6
482 10
482 14
483 267
483 15
483 270
484 21
484 80
484 42
485 176
485 346
485 25
486 323
486 190
486 304
487 185
487 35
487 63
488 17
488 283
488 116
489 21
489 117
489 394
490 335
490 199
490 150
491 16
491 86
491 41
492 330
492 103
492 169
493 21
493 456
493 165
494 10
494 336
494 131
495 92
495 26
495 20
496 460
496 257
496 369
497 190
497 10
497 291
498 25
498 464
498 368
499 5
499 237
499 26
