0 1
0 2
1 0
1 2
2 1
2 0
3 0
3 1
3 2
4 2
4 0
4 1
5 2
5 1
5 3
6 1
6 3
6 0
7 0
7 3
7 1
8 1
8 5
8 3
9 0
9 5
9 1
10 1
10 4
10 9
11 5
11 1
11 3
12 5
12 2
12 9
13 3
13 2
13 6
14 5
14 3
14 1
15 7
15 9
15 12
16 10
16 2
16 12
17 0
17 3
17 8
18 5
18 0
18 6
19 4
19 16
19 1
20 5
20 19
20 14
21 19
21 12
21 2
22 18
22 0
22 3
23 9
23 4
23 14
24 0
24 1
24 17
25 7
25 5
25 6
26 6
26 18
26 1
27 10
27 2
27 13
28 17
28 20
28 12
29 23
29 1
29 9
30 1
30 3
30 9
31 4
31 1
31 9
32 11
32 23
32 25
33 8
33 22
33 26
34 32
34 22
34 23
35 19
35 1
35 12
36 28
36 0
36 16
37 28
37 27
37 36
38 23
38 12
38 8
39 8
39 28
39 15
40 5
40 12
40 9
41 1
41 31
41 3
42 8
42 9
42 39
43 9
43 0
43 17
44 21
44 30
44 6
45 18
45 13
45 35
46 26
46 5
46 12
47 32
47 6
47 17
48 36
48 14
48 4
49 2
49 6
49 24
