0 1
1 0
2 1
2 0
3 2
3 0
3 1
4 0
4 1
4 2
5 1
5 2
5 0
6 0
6 1
6 3
7 0
7 1
7 2
8 0
8 2
8 1
9 0
9 1
9 6
10 1
10 2
10 9
11 3
11 1
11 0
12 1
12 2
12 5
13 2
13 0
13 7
14 1
14 10
14 5
15 1
15 6
15 0
16 9
16 0
16 1
17 2
17 5
17 11
18 14
18 1
18 6
19 18
19 15
19 2
20 9
20 0
20 18
21 1
21 6
21 0
22 13
22 5
22 1
23 1
23 9
23 18
24 4
24 15
24 9
25 0
25 1
25 18
26 0
26 1
26 18
27 10
27 4
27 0
28 1
28 9
28 0
29 1
29 6
29 11
30 0
30 14
30 11
31 11
31 14
31 6
32 13
32 16
32 0
33 16
33 9
33 8
34 17
34 27
34 2
35 24
35 1
35 0
36 13
36 18
36 1
37 10
37 21
37 0
38 1
38 0
38 2
39 9
39 30
39 2
40 6
40 19
40 31
41 14
41 1
41 11
42 28
42 21
42 41
43 17
43 1
43 9
44 40
44 1
44 9
45 10
45 5
45 11
46 31
46 18
46 13
47 18
47 1
47 0
48 27
48 18
48 40
49 27
49 1
49 14
50 40
50 2
50 18
51 0
51 29
51 5
52 2
52 1
52 16
53 14
53 24
53 16
54 27
54 7
54 16
55 1
55 11
55 33
56 1
56 12
56 36
57 5
57 46
57 14
58 52
58 31
58 5
59 7
59 0
59 27
60 11
60 1
60 40
61 1
61 34
61 9
62 7
62 18
62 14
63 0
63 50
63 11
64 5
64 10
64 11
65 50
65 14
65 30
66 49
66 28
66 2
67 35
67 19
67 5
68 13
68 9
68 1
69 14
69 7
69 8
70 49
70 12
70 21
71 1
71 67
71 60
72 23
72 5
72 11
73 10
73 0
73 15
74 7
74 19
74 16
75 6
75 9
75 7
76 21
76 18
76 7
77 5
77 56
77 1
78 0
78 49
78 32
79 4
79 11
79 0
80 7
80 0
80 12
81 5
81 8
81 1
82 14
82 81
82 28
83 17
83 70
83 0
84 31
84 14
84 9
85 9
85 1
85 24
86 14
86 23
86 11
87 1
87 8
87 18
88 27
88 10
88 5
89 31
89 0
89 39
90 81
90 86
90 17
91 8
91 18
91 29
92 0
92 5
92 20
93 1
93 77
93 46
94 6
94 7
94 24
95 2
95 67
95 3
96 6
96 66
96 31
97 6
97 1
97 14
98 17
98 40
98 18
99 57
99 86
99 0
