1 0
2 0
2 1
3 0
3 2
3 1
4 0
4 3
4 1
5 1
5 0
5 2
6 4
6 2
6 3
7 2
7 6
7 4
8 1
8 2
8 6
9 2
9 4
9 5
10 0
10 8
10 6
11 2
11 0
11 4
12 8
12 10
12 3
13 7
13 4
13 1
14 2
14 0
14 8
15 2
15 1
15 0
16 1
16 0
16 3
17 6
17 4
17 1
18 15
18 1
18 2
19 2
19 18
19 0
20 10
20 13
20 8
21 20
21 5
21 1
22 20
22 3
22 0
23 1
23 18
23 2
24 0
24 4
24 2
25 19
25 0
25 9
26 24
26 7
26 6
27 23
27 11
27 2
28 0
28 6
28 21
29 9
29 0
29 8
30 11
30 20
30 10
31 8
31 2
31 0
32 0
32 8
32 3
33 29
33 2
33 12
34 16
34 6
34 4
35 28
35 0
35 5
36 9
36 1
36 3
37 3
37 16
37 12
38 29
38 5
38 1
39 5
39 0
39 4
40 21
40 31
40 16
41 12
41 19
41 8
42 5
42 29
42 1
43 9
43 4
43 2
44 39
44 0
44 9
45 0
45 5
45 9
46 12
46 16
46 2
47 0
47 7
47 2
48 1
48 0
48 4
49 18
49 3
49 42
