0 1
0 2
1 0
1 2
2 0
2 1
3 1
3 2
3 0
4 2
4 0
4 1
5 2
5 3
5 1
6 1
6 2
6 0
7 0
7 3
7 5
8 3
8 1
8 2
9 2
9 1
9 0
10 1
10 2
10 3
11 4
11 9
11 1
12 9
12 3
12 4
13 0
13 2
13 8
14 11
14 0
14 1
15 2
15 0
15 10
16 4
16 0
16 8
17 2
17 0
17 1
18 5
18 3
18 15
19 9
19 0
19 4
20 8
20 2
20 19
21 0
21 1
21 3
22 11
22 2
22 1
23 1
23 4
23 14
24 0
24 10
24 11
25 0
25 12
25 16
26 2
26 20
26 4
27 21
27 0
27 1
28 2
28 7
28 8
29 23
29 28
29 12
30 2
30 22
30 3
31 9
31 7
31 20
32 14
32 2
32 0
33 26
33 23
33 28
34 3
34 25
34 1
35 1
35 3
35 2
36 1
36 31
36 21
37 11
37 1
37 0
38 28
38 5
38 1
39 0
39 10
39 3
40 0
40 8
40 2
41 28
41 35
41 23
42 8
42 39
42 28
43 0
43 16
43 2
44 30
44 11
44 2
45 1
45 28
45 17
46 30
46 39
46 2
47 3
47 8
47 25
48 10
48 41
48 30
49 11
49 26
49 0
50 28
50 0
50 2
51 2
51 1
51 22
52 37
52 39
52 2
53 6
53 30
53 3
54 4
54 19
54 31
55 8
55 0
55 3
56 2
56 1
56 36
57 26
57 54
57 13
58 13
58 10
58 1
59 23
59 41
59 15
60 2
60 17
60 3
61 38
61 22
61 1
62 1
62 29
62 18
63 21
63 56
63 0
64 0
64 20
64 11
65 5
65 18
65 28
66 30
66 19
66 52
67 50
67 61
67 11
68 15
68 9
68 1
69 36
69 2
69 9
70 35
70 17
70 28
71 12
71 28
71 30
72 26
72 50
72 1
73 19
73 0
73 11
74 21
74 53
74 32
75 13
75 71
75 1
76 4
76 3
76 0
77 13
77 1
77 0
78 11
78 0
78 64
79 20
79 17
79 67
80 3
80 29
80 52
81 11
81 7
81 17
82 20
82 2
82 54
83 3
83 12
83 27
84 16
84 35
84 1
85 2
85 17
85 71
86 10
86 20
86 15
87 0
87 79
87 21
88 2
88 1
88 30
89 30
89 18
89 0
90 39
90 1
90 2
91 19
91 90
91 40
92 34
92 57
92 16
93 39
93 67
93 76
94 43
94 83
94 10
95 63
95 58
95 52
96 1
96 58
96 20
97 91
97 8
97 1
98 38
98 34
98 15
99 30
99 28
99 22
100 73
100 70
100 2
101 41
101 80
101 35
102 81
102 89
102 10
103 94
103 0
103 77
104 7
104 20
104 2
105 83
105 37
105 39
106 1
106 21
106 10
107 10
107 103
107 88
108 59
108 38
108 39
109 89
109 107
109 36
110 17
110 104
110 3
111 30
111 107
111 19
112 35
112 20
112 54
113 53
113 57
113 88
114 48
114 0
114 2
115 92
115 88
115 11
116 73
116 63
116 96
117 72
117 28
117 23
118 78
118 63
118 28
119 18
119 26
119 10
120 42
120 97
120 28
121 112
121 107
121 95
122 1
122 39
122 0
123 28
123 0
123 118
124 104
124 39
124 115
125 9
125 112
125 34
126 26
126 76
126 41
127 74
127 30
127 0
128 50
128 69
128 96
129 59
129 58
129 91
130 66
130 81
130 107
131 30
131 59
131 2
132 20
132 26
132 43
133 2
133 91
133 115
134 84
134 74
134 2
135 113
135 2
135 116
136 126
136 16
136 37
137 83
137 4
137 74
138 44
138 19
138 0
139 32
139 121
139 4
140 30
140 45
140 74
141 20
141 128
141 25
142 30
142 85
142 83
143 11
143 106
143 94
144 3
144 28
144 79
145 2
145 1
145 7
146 123
146 23
146 0
147 137
147 39
147 17
148 45
148 19
148 5
149 94
149 97
149 77
150 13
150 39
150 30
151 95
151 27
151 7
152 22
152 3
152 58
153 42
153 43
153 98
154 8
154 95
154 66
155 4
155 23
155 2
156 10
156 153
156 9
157 2
157 26
157 5
158 5
158 74
158 18
159 5
159 26
159 23
160 89
160 5
160 6
161 59
161 14
161 9
162 121
162 11
162 41
163 8
163 79
163 19
164 76
164 19
164 114
165 138
165 73
165 0
166 161
166 15
166 108
167 26
167 20
167 0
168 41
168 5
168 7
169 46
169 1
169 30
170 10
170 57
170 2
171 13
171 113
171 8
172 36
172 72
172 5
173 139
173 140
173 28
174 28
174 22
174 8
175 17
175 165
175 18
176 122
176 27
176 65
177 14
177 28
177 73
178 85
178 56
178 39
179 149
179 58
179 45
180 28
180 125
180 26
181 6
181 30
181 43
182 1
182 17
182 74
183 66
183 41
183 25
184 77
184 102
184 0
185 146
185 177
185 2
186 170
186 95
186 159
187 39
187 112
187 163
188 103
188 39
188 115
189 2
189 89
189 14
190 28
190 2
190 117
191 8
191 112
191 109
192 123
192 89
192 66
193 0
193 1
193 14
194 115
194 76
194 54
195 107
195 179
195 106
196 155
196 26
196 50
197 58
197 150
197 3
198 0
198 14
198 1
199 181
199 128
199 121
200 25
200 174
200 2
201 32
201 14
201 80
202 10
202 23
202 16
203 14
203 5
203 55
204 53
204 36
204 108
205 105
205 15
205 34
206 96
206 86
206 31
207 26
207 98
207 2
208 72
208 3
208 8
209 94
209 76
209 192
210 31
210 17
210 0
211 141
211 183
211 153
212 38
212 20
212 76
213 46
213 41
213 2
214 0
214 6
214 46
215 202
215 30
215 157
216 4
216 1
216 0
217 89
217 40
217 172
218 15
218 58
218 5
219 59
219 187
219 38
220 79
220 217
220 91
221 36
221 3
221 2
222 10
222 30
222 93
223 75
223 39
223 52
224 149
224 8
224 63
225 171
225 2
225 146
226 1
226 155
226 77
227 1
227 37
227 160
228 1
228 9
228 53
229 12
229 41
229 82
230 161
230 22
230 208
231 207
231 99
231 50
232 127
232 59
232 11
233 26
233 14
233 189
234 163
234 79
234 39
235 156
235 72
235 41
236 38
236 19
236 11
237 60
237 205
237 170
238 120
238 132
238 73
239 30
239 10
239 60
240 11
240 202
240 170
241 57
241 134
241 196
242 23
242 3
242 187
243 0
243 76
243 75
244 67
244 110
244 78
245 238
245 202
245 26
246 193
246 1
246 180
247 115
247 109
247 193
248 153
248 44
248 56
249 15
249 171
249 238
250 1
250 131
250 157
251 217
251 131
251 82
252 207
252 89
252 30
253 14
253 211
253 21
254 11
254 157
254 0
255 103
255 201
255 43
256 169
256 233
256 238
257 3
257 21
257 63
258 87
258 54
258 39
259 39
259 95
259 250
260 37
260 64
260 28
261 14
261 207
261 217
262 113
262 94
262 90
263 2
263 38
263 186
264 189
264 36
264 147
265 74
265 72
265 187
266 256
266 34
266 15
267 39
267 41
267 141
268 14
268 86
268 236
269 0
269 171
269 46
270 241
270 177
270 2
271 159
271 2
271 194
272 36
272 11
272 35
273 77
273 80
273 3
274 91
274 46
274 142
275 226
275 158
275 58
276 9
276 16
276 163
277 86
277 138
277 2
278 95
278 79
278 269
279 11
279 1
279 61
280 54
280 105
280 76
281 95
281 69
281 116
282 269
282 168
282 41
283 58
283 112
283 95
284 8
284 119
284 72
285 8
285 3
285 46
286 207
286 0
286 216
287 108
287 85
287 103
288 213
288 9
288 21
289 81
289 61
289 285
290 25
290 12
290 128
291 11
291 95
291 16
292 74
292 239
292 228
293 250
293 229
293 38
294 152
294 3
294 113
295 115
295 65
295 2
296 136
296 114
296 11
297 2
297 79
297 34
298 8
298 27
298 2
299 187
299 93
299 2
300 5
300 281
300 63
301 1
301 32
301 197
302 8
302 128
302 257
303 77
303 58
303 273
304 30
304 284
304 34
305 79
305 165
305 2
306 23
306 190
306 180
307 39
307 29
307 0
308 59
308 37
308 275
309 217
309 17
309 72
310 256
310 130
310 245
311 121
311 8
311 117
312 21
312 57
312 268
313 1
313 113
313 79
314 94
314 31
314 228
315 72
315 50
315 96
316 271
316 0
316 293
317 204
317 30
317 97
318 288
318 303
318 44
319 58
319 202
319 8
320 14
320 20
320 17
321 20
321 57
321 73
322 9
322 86
322 206
323 7
323 305
323 110
324 320
324 0
324 45
325 230
325 2
325 11
326 0
326 122
326 277
327 22
327 165
327 30
328 242
328 10
328 26
329 25
329 238
329 11
330 5
330 91
330 267
331 126
331 7
331 18
332 103
332 61
332 306
333 77
333 31
333 262
334 63
334 46
334 167
335 27
335 18
335 151
336 6
336 140
336 0
337 332
337 11
337 60
338 319
338 115
338 311
339 126
339 26
339 3
340 33
340 0
340 2
341 9
341 171
341 1
342 21
342 207
342 270
343 8
343 64
343 115
344 32
344 128
344 16
345 222
345 1
345 41
346 20
346 3
346 312
347 286
347 290
347 74
348 224
348 15
348 59
349 2
349 1
349 332
350 263
350 230
350 195
351 135
351 0
351 80
352 125
352 74
352 215
353 238
353 340
353 323
354 2
354 72
354 17
355 289
355 188
355 0
356 187
356 95
356 89
357 30
357 170
357 94
358 5
358 48
358 265
359 263
359 52
359 233
360 46
360 337
360 0
361 35
361 207
361 54
362 14
362 65
362 2
363 320
363 108
363 77
364 312
364 81
364 30
365 286
365 59
365 0
366 320
366 171
366 89
367 11
367 88
367 40
368 2
368 97
368 310
369 12
369 1
369 194
370 161
370 91
370 59
371 348
371 312
371 2
372 1
372 0
372 21
373 172
373 39
373 109
374 89
374 14
374 11
375 350
375 165
375 8
376 256
376 14
376 132
377 44
377 194
377 189
378 16
378 106
378 14
379 2
379 229
379 72
380 144
380 125
380 285
381 370
381 105
381 52
382 180
382 183
382 63
383 311
383 318
383 107
384 141
384 14
384 255
385 0
385 72
385 312
386 208
386 89
386 117
387 356
387 139
387 167
388 234
388 216
388 0
389 229
389 244
389 9
390 73
390 5
390 25
391 72
391 280
391 205
392 1
392 80
392 2
393 165
393 1
393 390
394 265
394 296
394 11
395 246
395 77
395 2
396 125
396 138
396 10
397 145
397 34
397 280
398 30
398 14
398 146
399 290
399 206
399 103
400 187
400 18
400 26
401 131
401 192
401 27
402 366
402 105
402 9
403 108
403 117
403 37
404 338
404 23
404 19
405 245
405 52
405 35
406 111
406 202
406 0
407 27
407 83
407 76
408 1
408 76
408 264
409 216
409 14
409 137
410 67
410 187
410 19
411 80
411 261
411 130
412 90
412 288
412 7
413 284
413 339
413 239
414 10
414 299
414 309
415 39
415 42
415 205
416 273
416 406
416 17
417 227
417 236
417 245
418 74
418 329
418 250
419 28
419 131
419 366
420 20
420 135
420 353
421 80
421 78
421 0
422 17
422 125
422 30
423 77
423 22
423 55
424 418
424 414
424 10
425 37
425 408
425 39
426 9
426 14
426 1
427 333
427 319
427 10
428 36
428 357
428 385
429 326
429 89
429 373
430 341
430 39
430 67
431 36
431 89
431 309
432 395
432 86
432 85
433 150
433 0
433 66
434 15
434 202
434 26
435 57
435 135
435 305
436 417
436 22
436 284
437 298
437 72
437 135
438 416
438 422
438 268
439 231
439 12
439 0
440 196
440 244
440 412
441 38
441 55
441 275
442 1
442 7
442 95
443 151
443 7
443 318
444 200
444 0
444 276
445 315
445 328
445 36
446 4
446 184
446 0
447 96
447 1
447 89
448 384
448 293
448 1
449 190
449 256
449 194
450 1
450 446
450 77
451 345
451 69
451 389
452 312
452 208
452 54
453 87
453 309
453 0
454 315
454 79
454 2
455 59
455 192
455 25
456 346
456 74
456 284
457 320
457 103
457 169
458 0
458 74
458 168
459 310
459 14
459 19
460 208
460 333
460 40
461 371
461 430
461 249
462 244
462 43
462 400
463 238
463 38
463 121
464 193
464 89
464 159
465 13
465 23
465 445
466 318
466 356
466 51
467 274
467 305
467 168
468 129
468 116
468 434
469 103
469 358
469 221
470 126
470 30
470 98
471 128
471 449
471 0
472 458
472 431
472 114
473 350
473 383
473 118
474 84
474 341
474 260
475 164
475 352
475 2
476 168
476 91
476 299
477 113
477 124
477 196
478 103
478 155
478 301
479 9
479 22
479 123
480 12
480 307
480 43
481 1
481 112
481 131
482 36
482 284
482 158
483 382
483 16
483 141
484 413
484 91
484 60
485 1
485 7
485 72
486 34
486 356
486 467
487 2
487 58
487 352
488 117
488 18
488 3
489 34
489 18
489 311
490 400
490 256
490 365
491 13
491 110
491 473
492 331
492 26
492 76
493 154
493 8
493 423
494 13
494 256
494 306
495 143
495 184
495 88
496 432
496 1
496 307
497 94
497 184
497 75
498 0
498 89
498 50
499 301
499 72
499 170
500 126
500 59
500 17
501 284
501 59
501 262
502 297
502 95
502 46
503 54
503 389
503 7
504 13
504 244
504 9
505 497
505 54
505 38
506 26
506 116
506 475
507 19
507 85
507 89
508 250
508 276
508 433
509 287
509 0
509 7
510 72
510 41
510 91
511 5
511 7
511 359
512 136
512 459
512 20
513 456
513 250
513 495
514 281
514 54
514 35
515 108
515 477
515 99
516 262
516 25
516 403
517 131
517 41
517 0
518 235
518 426
518 177
519 50
519 175
519 70
520 425
520 428
520 446
521 161
521 144
521 480
522 501
522 18
522 7
523 64
523 332
523 147
524 161
524 434
524 301
525 89
525 106
525 217
526 4
526 403
526 410
527 18
527 310
527 114
528 117
528 210
528 273
529 147
529 520
529 396
530 2
530 34
530 157
531 31
531 245
531 379
532 9
532 2
532 499
533 2
533 22
533 113
534 358
534 22
534 34
535 297
535 496
535 155
536 145
536 128
536 256
537 5
537 477
537 1
538 13
538 56
538 261
539 52
539 72
539 343
540 304
540 162
540 3
541 144
541 186
541 66
542 417
542 187
542 88
543 145
543 178
543 534
544 80
544 2
544 86
545 473
545 57
545 123
546 19
546 3
546 181
547 206
547 381
547 207
548 47
548 103
548 69
549 298
549 183
549 285
550 217
550 10
550 147
551 23
551 273
551 0
552 131
552 10
552 58
553 157
553 165
553 280
554 23
554 269
554 153
555 243
555 110
555 74
556 343
556 12
556 307
557 39
557 89
557 2
558 32
558 232
558 280
559 234
559 21
559 22
560 284
560 136
560 30
561 128
561 0
561 106
562 13
562 7
562 449
563 72
563 139
563 303
564 515
564 66
564 223
565 157
565 149
565 401
566 368
566 474
566 54
567 79
567 96
567 390
568 467
568 3
568 38
569 452
569 379
569 37
570 257
570 0
570 49
571 0
571 265
571 8
572 177
572 52
572 273
573 19
573 171
573 78
574 194
574 432
574 268
575 181
575 41
575 10
576 65
576 155
576 383
577 374
577 19
577 53
578 89
578 286
578 437
579 128
579 258
579 511
580 302
580 62
580 513
581 224
581 257
581 34
582 470
582 5
582 6
583 520
583 333
583 8
584 57
584 439
584 273
585 238
585 71
585 108
586 474
586 188
586 374
587 271
587 150
587 22
588 208
588 32
588 419
589 10
589 39
589 406
590 9
590 433
590 94
591 559
591 369
591 8
592 82
592 85
592 279
593 235
593 363
593 555
594 96
594 0
594 1
595 581
595 2
595 111
596 445
596 469
596 2
597 94
597 7
597 45
598 303
598 194
598 9
599 2
599 72
599 353
600 158
600 365
600 181
601 76
601 442
601 208
602 507
602 209
602 320
603 54
603 110
603 17
604 93
604 3
604 14
605 305
605 395
605 39
606 43
606 453
606 456
607 376
607 161
607 3
608 27
608 603
608 328
609 216
609 443
609 356
610 14
610 180
610 0
611 1
611 181
611 184
612 206
612 550
612 216
613 18
613 276
613 8
614 19
614 186
614 1
615 165
615 38
615 256
616 28
616 2
616 335
617 362
617 0
617 250
618 553
618 43
618 440
619 405
619 22
619 145
620 2
620 10
620 30
621 48
621 587
621 237
622 516
622 250
622 41
623 128
623 131
623 303
624 284
624 59
624 1
625 440
625 284
625 374
626 41
626 220
626 184
627 568
627 165
627 17
628 23
628 194
628 37
629 565
629 67
629 0
630 39
630 9
630 338
631 139
631 208
631 579
632 45
632 107
632 118
633 533
633 341
633 91
634 192
634 53
634 54
635 0
635 35
635 20
636 560
636 179
636 397
637 22
637 276
637 311
638 475
638 34
638 5
639 458
639 482
639 9
640 275
640 114
640 14
641 534
641 320
641 2
642 554
642 492
642 18
643 381
643 127
643 247
644 80
644 578
644 594
645 6
645 98
645 644
646 566
646 405
646 288
647 445
647 25
647 2
648 18
648 14
648 172
649 1
649 312
649 76
650 151
650 470
650 32
651 4
651 19
651 223
652 396
652 573
652 93
653 524
653 363
653 59
654 0
654 342
654 374
655 22
655 281
655 208
656 89
656 9
656 337
657 341
657 30
657 41
658 1
658 298
658 277
659 28
659 58
659 600
660 76
660 239
660 509
661 11
661 316
661 190
662 0
662 38
662 34
663 534
663 190
663 250
664 363
664 556
664 11
665 129
665 381
665 551
666 26
666 95
666 612
667 223
667 0
667 36
668 632
668 10
668 79
669 249
669 480
669 537
670 0
670 329
670 28
671 8
671 2
671 0
672 389
672 1
672 56
673 21
673 404
673 382
674 64
674 53
674 3
675 12
675 147
675 6
676 72
676 485
676 22
677 101
677 35
677 121
678 44
678 587
678 559
679 501
679 205
679 589
680 514
680 126
680 337
681 1
681 0
681 109
682 0
682 260
682 428
683 252
683 345
683 134
684 33
684 18
684 89
685 507
685 195
685 254
686 14
686 35
686 222
687 3
687 439
687 329
688 40
688 198
688 91
689 0
689 442
689 650
690 21
690 573
690 622
691 132
691 461
691 211
692 22
692 58
692 179
693 552
693 254
693 421
694 3
694 485
694 66
695 0
695 30
695 492
696 368
696 209
696 54
697 89
697 39
697 470
698 47
698 400
698 67
699 2
699 449
699 243
700 514
700 442
700 7
701 386
701 80
701 2
702 51
702 27
702 213
703 368
703 438
703 22
704 21
704 144
704 0
705 641
705 466
705 362
706 93
706 705
706 695
707 54
707 2
707 59
708 664
708 138
708 250
709 136
709 402
709 31
710 0
710 12
710 8
711 32
711 52
711 94
712 175
712 110
712 114
713 229
713 250
713 378
714 512
714 149
714 126
715 4
715 72
715 44
716 458
716 139
716 30
717 1
717 38
717 25
718 320
718 1
718 569
719 646
719 229
719 11
720 251
720 19
720 67
721 87
721 5
721 375
722 628
722 82
722 355
723 554
723 129
723 223
724 299
724 94
724 424
725 319
725 131
725 78
726 134
726 148
726 377
727 326
727 9
727 370
728 129
728 533
728 115
729 274
729 3
729 18
730 311
730 1
730 78
731 235
731 438
731 663
732 223
732 149
732 2
733 72
733 615
733 41
734 639
734 85
734 467
735 18
735 114
735 46
736 378
736 303
736 304
737 28
737 281
737 613
738 129
738 66
738 442
739 14
739 11
739 430
740 499
740 85
740 585
741 1
741 142
741 147
742 256
742 655
742 78
743 113
743 168
743 613
744 7
744 693
744 322
745 678
745 601
745 1
746 18
746 472
746 440
747 127
747 2
747 39
748 476
748 289
748 637
749 345
749 38
749 584
750 28
750 201
750 1
751 308
751 208
751 9
752 135
752 8
752 744
753 158
753 2
753 89
754 508
754 434
754 734
755 170
755 321
755 106
756 0
756 745
756 381
757 21
757 541
757 474
758 378
758 30
758 107
759 38
759 153
759 190
760 39
760 708
760 558
761 705
761 67
761 729
762 85
762 70
762 461
763 621
763 648
763 92
764 136
764 643
764 1
765 679
765 502
765 186
766 91
766 695
766 156
767 356
767 44
767 490
768 449
768 1
768 392
769 729
769 422
769 28
770 205
770 89
770 95
771 384
771 158
771 43
772 0
772 14
772 67
773 320
773 633
773 344
774 462
774 135
774 48
775 609
775 137
775 637
776 773
776 55
776 378
777 121
777 2
777 208
778 358
778 708
778 3
779 121
779 2
779 15
780 124
780 78
780 516
781 403
781 484
781 243
782 41
782 64
782 21
783 770
783 636
783 263
784 93
784 488
784 362
785 256
785 28
785 39
786 207
786 88
786 256
787 7
787 256
787 54
788 114
788 12
788 72
789 703
789 27
789 504
790 4
790 20
790 672
791 238
791 668
791 49
792 776
792 2
792 3
793 641
793 311
793 4
794 471
794 223
794 574
795 322
795 465
795 179
796 273
796 381
796 65
797 23
797 708
797 504
798 7
798 58
798 496
799 425
799 545
799 30
800 330
800 362
800 149
801 9
801 393
801 358
802 176
802 631
802 207
803 550
803 514
803 184
804 332
804 328
804 256
805 15
805 352
805 1
806 38
806 449
806 795
807 23
807 35
807 19
808 59
808 76
808 205
809 275
809 0
809 580
810 235
810 158
810 17
811 636
811 368
811 381
812 221
812 17
812 512
813 573
813 89
813 311
814 30
814 179
814 89
815 216
815 40
815 327
816 244
816 155
816 17
817 35
817 0
817 106
818 499
818 108
818 585
819 378
819 164
819 104
820 582
820 555
820 8
821 137
821 793
821 743
822 30
822 245
822 1
823 19
823 499
823 389
824 469
824 89
824 11
825 467
825 168
825 52
826 143
826 288
826 18
827 114
827 429
827 544
828 276
828 207
828 3
829 369
829 28
829 223
830 459
830 2
830 286
831 280
831 96
831 339
832 19
832 634
832 96
833 111
833 19
833 581
834 59
834 7
834 702
835 2
835 574
835 501
836 4
836 606
836 641
837 2
837 1
837 499
838 155
838 85
838 89
839 9
839 40
839 30
840 0
840 112
840 245
841 734
841 709
841 3
842 132
842 813
842 60
843 5
843 10
843 91
844 761
844 33
844 137
845 127
845 373
845 397
846 610
846 50
846 197
847 2
847 452
847 486
848 208
848 12
848 10
849 474
849 94
849 404
850 405
850 15
850 2
851 389
851 657
851 363
852 15
852 2
852 582
853 395
853 325
853 244
854 271
854 186
854 95
855 35
855 102
855 627
856 743
856 738
856 32
857 25
857 373
857 420
858 96
858 210
858 111
859 151
859 63
859 134
860 556
860 75
860 244
861 155
861 416
861 525
862 448
862 407
862 661
863 16
863 356
863 303
864 348
864 1
864 27
865 522
865 563
865 19
866 115
866 3
866 50
867 422
867 364
867 76
868 184
868 17
868 8
869 14
869 28
869 21
870 473
870 534
870 53
871 85
871 53
871 124
872 4
872 218
872 1
873 188
873 65
873 245
874 252
874 256
874 19
875 131
875 109
875 7
876 104
876 4
876 831
877 83
877 497
877 150
878 607
878 374
878 17
879 238
879 14
879 18
880 843
880 216
880 6
881 674
881 634
881 22
882 85
882 125
882 550
883 610
883 647
883 168
884 77
884 102
884 359
885 852
885 7
885 57
886 0
886 1
886 685
887 11
887 81
887 466
888 389
888 187
888 89
889 477
889 17
889 572
890 63
890 0
890 662
891 273
891 359
891 164
892 113
892 288
892 557
893 664
893 186
893 58
894 514
894 13
894 192
895 235
895 181
895 542
896 250
896 74
896 7
897 72
897 201
897 30
898 10
898 401
898 52
899 492
899 664
899 1
900 460
900 308
900 423
901 735
901 89
901 2
902 131
902 90
902 228
903 311
903 411
903 211
904 269
904 367
904 267
905 1
905 28
905 497
906 114
906 433
906 615
907 28
907 770
907 357
908 339
908 525
908 95
909 704
909 160
909 863
910 573
910 16
910 4
911 2
911 202
911 72
912 14
912 59
912 605
913 9
913 549
913 8
914 25
914 429
914 15
915 409
915 41
915 12
916 38
916 590
916 11
917 32
917 241
917 375
918 740
918 111
918 30
919 38
919 130
919 27
920 10
920 22
920 162
921 912
921 461
921 74
922 556
922 16
922 192
923 120
923 188
923 738
924 42
924 196
924 473
925 247
925 1
925 3
926 3
926 89
926 1
927 820
927 290
927 134
928 642
928 45
928 719
929 6
929 425
929 52
930 245
930 347
930 280
931 230
931 434
931 498
932 845
932 359
932 0
933 11
933 114
933 84
934 203
934 501
934 895
935 12
935 52
935 252
936 8
936 81
936 603
937 72
937 779
937 895
938 910
938 578
938 21
939 642
939 30
939 439
940 22
940 296
940 668
941 585
941 11
941 528
942 697
942 17
942 820
943 80
943 19
943 700
944 14
944 601
944 3
945 70
945 18
945 35
946 19
946 281
946 234
947 297
947 851
947 3
948 791
948 536
948 570
949 345
949 875
949 515
950 0
950 279
950 750
951 156
951 480
951 361
952 831
952 722
952 223
953 7
953 353
953 461
954 243
954 786
954 22
955 952
955 355
955 200
956 276
956 266
956 945
957 7
957 901
957 105
958 44
958 400
958 0
959 717
959 709
959 736
960 51
960 186
960 1
961 18
961 747
961 2
962 13
962 447
962 155
963 308
963 243
963 49
964 73
964 137
964 115
965 85
965 113
965 186
966 109
966 126
966 161
967 461
967 320
967 1
968 115
968 17
968 384
969 229
969 256
969 28
970 229
970 246
970 393
971 682
971 492
971 243
972 912
972 0
972 137
973 162
973 0
973 81
974 365
974 85
974 65
975 66
975 766
975 1
976 258
976 18
976 395
977 69
977 28
977 468
978 5
978 30
978 424
979 381
979 15
979 716
980 160
980 31
980 3
981 18
981 513
981 38
982 520
982 829
982 275
983 487
983 304
983 250
984 62
984 8
984 356
985 26
985 303
985 58
986 23
986 793
986 1
987 63
987 956
987 854
988 901
988 613
988 19
989 31
989 633
989 110
990 305
990 780
990 0
991 504
991 6
991 574
992 42
992 30
992 54
993 375
993 297
993 588
994 171
994 3
994 89
995 966
995 47
995 459
996 30
996 0
996 91
997 672
997 581
997 397
998 4
998 514
998 366
999 89
999 1
999 932
