0 1
1 0
2 0
2 1
3 1
3 0
3 2
4 1
4 3
4 0
5 0
5 3
5 1
6 0
6 4
6 2
7 0
7 5
7 3
8 6
8 0
8 1
9 3
9 6
9 0
10 1
10 0
10 5
11 3
11 2
11 8
12 10
12 9
12 6
13 1
13 5
13 7
14 5
14 10
14 4
15 1
15 6
15 3
16 2
16 0
16 5
17 0
17 15
17 1
18 1
18 7
18 17
19 5
19 7
19 6
20 1
20 12
20 2
21 4
21 6
21 9
22 21
22 11
22 1
23 16
23 1
23 2
24 11
24 3
24 15
25 7
25 8
25 10
26 0
26 7
26 5
27 4
27 26
27 7
28 24
28 1
28 5
29 8
29 23
29 11
30 14
30 10
30 7
31 9
31 1
31 0
32 26
32 6
32 7
33 31
33 8
33 1
34 26
34 2
34 14
35 8
35 6
35 4
36 22
36 25
36 0
37 9
37 34
37 3
38 1
38 0
38 27
39 1
39 23
39 11
40 21
40 6
40 26
41 5
41 12
41 35
42 23
42 3
42 6
43 14
43 29
43 15
44 18
44 13
44 12
45 22
45 1
45 2
46 20
46 3
46 21
47 26
47 43
47 1
48 4
48 30
48 43
49 6
49 0
49 2
50 41
50 7
50 42
51 34
51 12
51 1
52 35
52 48
52 1
53 10
53 1
53 8
54 33
54 4
54 2
55 46
55 13
55 2
56 6
56 18
56 2
57 6
57 0
57 11
58 1
58 37
58 11
59 3
59 16
59 49
60 45
60 46
60 14
61 0
61 39
61 12
62 10
62 25
62 41
63 22
63 1
63 41
64 3
64 24
64 0
65 3
65 45
65 7
66 49
66 2
66 16
67 13
67 29
67 16
68 4
68 0
68 46
69 7
69 24
69 0
70 14
70 7
70 24
71 60
71 65
71 1
72 1
72 45
72 11
73 32
73 37
73 17
74 64
74 57
74 7
75 5
75 13
75 36
76 20
76 0
76 4
77 34
77 61
77 9
78 67
78 22
78 2
79 26
79 73
79 38
80 59
80 0
80 30
81 35
81 17
81 10
82 8
82 5
82 28
83 27
83 2
83 6
84 7
84 18
84 33
85 20
85 8
85 13
86 29
86 36
86 74
87 33
87 6
87 11
88 11
88 74
88 4
89 0
89 45
89 21
90 57
90 14
90 0
91 5
91 74
91 2
92 1
92 65
92 12
93 60
93 65
93 79
94 25
94 3
94 0
95 11
95 0
95 74
96 43
96 56
96 31
97 52
97 42
97 96
98 4
98 40
98 43
99 1
99 22
99 31
100 11
100 5
100 28
101 15
101 80
101 22
102 31
102 1
102 0
103 6
103 76
103 99
104 8
104 1
104 28
105 1
105 28
105 2
106 101
106 29
106 0
107 22
107 83
107 75
108 1
108 103
108 2
109 7
109 103
109 42
110 11
110 41
110 67
111 12
111 17
111 66
112 58
112 9
112 3
113 10
113 109
113 52
114 18
114 108
114 16
115 32
115 2
115 5
116 2
116 3
116 19
117 21
117 110
117 1
118 3
118 7
118 64
119 27
119 0
119 9
120 0
120 104
120 113
121 0
121 7
121 56
122 3
122 118
122 46
123 100
123 73
123 63
124 0
124 25
124 89
125 4
125 1
125 89
126 115
126 3
126 26
127 34
127 84
127 99
128 46
128 12
128 41
129 28
129 92
129 93
130 23
130 1
130 120
131 69
131 123
131 34
132 30
132 110
132 108
133 128
133 83
133 3
134 114
134 35
134 73
135 107
135 9
135 116
136 11
136 2
136 13
137 15
137 63
137 115
138 132
138 0
138 131
139 30
139 1
139 15
140 10
140 102
140 129
141 100
141 45
141 39
142 57
142 2
142 84
143 8
143 46
143 2
144 5
144 98
144 143
145 128
145 82
145 69
146 10
146 142
146 53
147 1
147 74
147 28
148 51
148 28
148 5
149 67
149 1
149 11
150 0
150 78
150 144
151 128
151 51
151 106
152 80
152 4
152 82
153 9
153 40
153 82
154 41
154 128
154 14
155 9
155 27
155 23
156 10
156 120
156 11
157 29
157 9
157 10
158 3
158 26
158 7
159 68
159 1
159 92
160 73
160 8
160 64
161 48
161 57
161 115
162 12
162 56
162 7
163 2
163 74
163 6
164 61
164 83
164 23
165 19
165 60
165 30
166 92
166 41
166 131
167 0
167 25
167 101
168 6
168 59
168 65
169 33
169 18
169 5
170 1
170 42
170 142
171 74
171 168
171 36
172 8
172 2
172 105
173 41
173 34
173 8
174 36
174 155
174 160
175 8
175 49
175 158
176 2
176 24
176 23
177 137
177 97
177 44
178 92
178 137
178 1
179 22
179 117
179 26
180 173
180 50
180 158
181 124
181 70
181 92
182 12
182 172
182 3
183 125
183 73
183 18
184 141
184 111
184 69
185 1
185 61
185 41
186 26
186 18
186 11
187 175
187 151
187 152
188 131
188 90
188 122
189 73
189 30
189 123
190 36
190 66
190 0
191 65
191 60
191 21
192 141
192 31
192 6
193 28
193 57
193 161
194 41
194 4
194 126
195 35
195 30
195 53
196 127
196 14
196 73
197 5
197 160
197 103
198 120
198 128
198 75
199 5
199 164
199 12
200 30
200 31
200 7
201 95
201 170
201 0
202 92
202 74
202 198
203 19
203 17
203 175
204 22
204 142
204 69
205 7
205 161
205 124
206 151
206 84
206 138
207 114
207 70
207 45
208 43
208 146
208 207
209 1
209 61
209 0
210 43
210 72
210 189
211 62
211 3
211 43
212 84
212 129
212 55
213 168
213 0
213 120
214 26
214 204
214 14
215 74
215 208
215 115
216 13
216 104
216 38
217 164
217 14
217 6
218 1
218 5
218 95
219 110
219 217
219 104
220 77
220 169
220 4
221 42
221 115
221 7
222 41
222 26
222 107
223 64
223 198
223 7
224 214
224 10
224 192
225 115
225 138
225 87
226 0
226 138
226 32
227 3
227 23
227 67
228 153
228 114
228 169
229 158
229 8
229 138
230 0
230 34
230 216
231 139
231 28
231 15
232 67
232 57
232 43
233 56
233 60
233 28
234 138
234 75
234 114
235 7
235 152
235 10
236 94
236 16
236 44
237 51
237 123
237 214
238 25
238 34
238 1
239 0
239 36
239 204
240 176
240 225
240 93
241 55
241 74
241 0
242 104
242 78
242 128
243 115
243 0
243 31
244 16
244 239
244 110
245 242
245 13
245 1
246 216
246 7
246 126
247 92
247 10
247 114
248 212
248 98
248 153
249 128
249 198
249 30
250 208
250 1
250 233
251 241
251 1
251 124
252 198
252 166
252 222
253 48
253 22
253 3
254 213
254 90
254 43
255 50
255 106
255 16
256 205
256 0
256 100
257 6
257 180
257 118
258 1
258 193
258 131
259 1
259 121
259 41
260 16
260 14
260 102
261 21
261 16
261 80
262 10
262 79
262 180
263 240
263 9
263 223
264 66
264 247
264 180
265 48
265 7
265 158
266 253
266 1
266 220
267 155
267 264
267 15
268 24
268 7
268 21
269 236
269 45
269 267
270 98
270 162
270 9
271 113
271 16
271 6
272 2
272 65
272 9
273 186
273 179
273 37
274 0
274 30
274 271
275 220
275 1
275 222
276 5
276 173
276 260
277 10
277 32
277 216
278 1
278 142
278 108
279 143
279 273
279 5
280 222
280 10
280 265
281 233
281 27
281 76
282 209
282 100
282 1
283 111
283 2
283 224
284 2
284 138
284 11
285 275
285 14
285 31
286 60
286 21
286 273
287 0
287 2
287 266
288 39
288 201
288 40
289 36
289 15
289 180
290 133
290 61
290 22
291 1
291 9
291 275
292 23
292 195
292 138
293 223
293 100
293 252
294 121
294 28
294 289
295 148
295 16
295 37
296 121
296 34
296 21
297 8
297 5
297 264
298 92
298 115
298 121
299 19
299 49
299 135
300 2
300 79
300 4
301 153
301 26
301 40
302 238
302 131
302 281
303 0
303 2
303 46
304 40
304 160
304 57
305 4
305 138
305 251
306 89
306 57
306 0
307 71
307 131
307 103
308 22
308 8
308 67
309 102
309 233
309 270
310 137
310 2
310 139
311 305
311 116
311 138
312 92
312 230
312 156
313 81
313 177
313 169
314 1
314 16
314 6
315 77
315 9
315 198
316 110
316 244
316 6
317 103
317 1
317 33
318 141
318 176
318 128
319 176
319 69
319 107
320 7
320 184
320 123
321 0
321 6
321 100
322 140
322 46
322 103
323 78
323 104
323 295
324 63
324 116
324 204
325 30
325 219
325 183
326 9
326 7
326 105
327 227
327 123
327 129
328 14
328 319
328 70
329 277
329 304
329 317
330 295
330 95
330 166
331 55
331 24
331 98
332 31
332 144
332 1
333 44
333 153
333 328
334 29
334 22
334 96
335 0
335 199
335 8
336 250
336 248
336 7
337 7
337 111
337 129
338 74
338 288
338 110
339 53
339 1
339 76
340 17
340 176
340 98
341 5
341 65
341 128
342 12
342 19
342 174
343 70
343 23
343 104
344 12
344 287
344 77
345 223
345 2
345 269
346 100
346 24
346 242
347 224
347 252
347 41
348 14
348 324
348 250
349 2
349 151
349 76
350 69
350 118
350 1
351 312
351 97
351 331
352 110
352 83
352 156
353 45
353 286
353 101
354 134
354 0
354 26
355 265
355 80
355 34
356 107
356 170
356 5
357 91
357 227
357 68
358 152
358 292
358 24
359 0
359 347
359 42
360 10
360 83
360 337
361 28
361 110
361 9
362 40
362 7
362 92
363 103
363 114
363 149
364 46
364 333
364 216
365 45
365 169
365 80
366 288
366 4
366 1
367 288
367 18
367 223
368 169
368 107
368 142
369 242
369 0
369 39
370 191
370 233
370 83
371 128
371 247
371 34
372 74
372 207
372 153
373 14
373 42
373 297
374 221
374 208
374 37
375 4
375 210
375 15
376 80
376 61
376 97
377 118
377 170
377 30
378 136
378 307
378 113
379 273
379 131
379 55
380 59
380 67
380 106
381 6
381 77
381 43
382 233
382 136
382 151
383 9
383 92
383 326
384 45
384 360
384 213
385 91
385 168
385 70
386 70
386 319
386 11
387 325
387 370
387 127
388 7
388 0
388 69
389 12
389 341
389 11
390 42
390 260
390 0
391 4
391 15
391 262
392 67
392 288
392 198
393 358
393 334
393 306
394 344
394 201
394 40
395 5
395 342
395 15
396 367
396 9
396 56
397 381
397 279
397 252
398 10
398 109
398 35
399 0
399 332
399 370
400 2
400 115
400 130
401 275
401 18
401 84
402 389
402 9
402 286
403 297
403 106
403 76
404 395
404 178
404 264
405 84
405 389
405 40
406 63
406 95
406 386
407 311
407 336
407 6
408 164
408 67
408 36
409 193
409 240
409 115
410 297
410 344
410 1
411 318
411 157
411 1
412 277
412 30
412 46
413 391
413 42
413 69
414 31
414 45
414 136
415 10
415 373
415 40
416 136
416 285
416 1
417 170
417 180
417 224
418 33
418 351
418 6
419 88
419 7
419 226
420 319
420 23
420 380
421 272
421 157
421 31
422 172
422 206
422 404
423 21
423 89
423 333
424 0
424 42
424 215
425 358
425 207
425 307
426 44
426 417
426 119
427 45
427 44
427 396
428 134
428 326
428 269
429 359
429 262
429 234
430 103
430 48
430 299
431 87
431 98
431 304
432 28
432 299
432 0
433 40
433 390
433 7
434 21
434 35
434 305
435 111
435 391
435 248
436 13
436 130
436 7
437 158
437 298
437 248
438 31
438 258
438 215
439 18
439 2
439 42
440 84
440 22
440 405
441 29
441 321
441 219
442 42
442 29
442 233
443 30
443 103
443 180
444 7
444 74
444 26
445 321
445 89
445 187
446 0
446 80
446 242
447 269
447 177
447 260
448 410
448 11
448 264
449 141
449 323
449 139
450 27
450 437
450 324
451 334
451 22
451 65
452 70
452 448
452 74
453 99
453 124
453 287
454 9
454 178
454 270
455 95
455 292
455 317
456 74
456 93
456 15
457 111
457 19
457 6
458 26
458 110
458 325
459 29
459 60
459 19
460 91
460 232
460 242
461 76
461 35
461 169
462 120
462 311
462 4
463 150
463 285
463 52
464 310
464 113
464 350
465 58
465 273
465 283
466 82
466 100
466 142
467 293
467 164
467 78
468 12
468 242
468 372
469 213
469 7
469 42
470 120
470 3
470 383
471 33
471 312
471 394
472 351
472 11
472 19
473 18
473 68
473 347
474 123
474 296
474 96
475 12
475 277
475 54
476 32
476 43
476 192
477 7
477 1
477 254
478 52
478 122
478 257
479 158
479 37
479 253
480 33
480 2
480 130
481 59
481 83
481 287
482 75
482 306
482 30
483 30
483 45
483 9
484 15
484 371
484 407
485 368
485 7
485 169
486 293
486 365
486 480
487 235
487 377
487 45
488 279
488 164
488 4
489 0
489 104
489 253
490 217
490 73
490 138
491 4
491 177
491 0
492 1
492 286
492 2
493 52
493 198
493 211
494 18
494 362
494 1
495 435
495 82
495 60
496 416
496 6
496 1
497 163
497 332
497 135
498 10
498 265
498 51
499 56
499 287
499 343
