0 1
1 0
2 0
2 1
3 1
3 0
3 2
4 0
4 1
4 3
5 0
5 1
5 4
6 0
6 4
6 1
7 0
7 1
7 4
8 1
8 2
8 5
9 1
9 2
9 6
10 4
10 0
10 7
11 4
11 7
11 1
12 0
12 7
12 1
13 5
13 8
13 9
14 5
14 6
14 2
15 2
15 7
15 10
16 0
16 5
16 3
17 1
17 2
17 7
18 7
18 5
18 0
19 5
19 18
19 0
20 3
20 0
20 5
21 19
21 1
21 20
22 10
22 6
22 14
23 7
23 0
23 4
24 22
24 17
24 5
25 0
25 6
25 7
26 10
26 2
26 12
27 7
27 23
27 0
28 24
28 8
28 5
29 1
29 2
29 3
30 12
30 14
30 18
31 21
31 15
31 10
32 29
32 7
32 26
33 22
33 11
33 1
34 4
34 23
34 24
35 30
35 21
35 2
36 24
36 26
36 1
37 14
37 10
37 12
38 25
38 5
38 1
39 1
39 2
39 21
40 19
40 1
40 22
41 33
41 3
41 22
42 3
42 11
42 1
43 0
43 1
43 10
44 36
44 2
44 1
45 33
45 1
45 24
46 5
46 9
46 36
47 5
47 23
47 25
48 3
48 42
48 4
49 21
49 5
49 1
