0 1
1 0
2 1
2 0
3 1
3 0
3 2
4 1
4 2
4 0
5 1
5 3
5 0
6 0
6 1
6 2
7 1
7 3
7 0
8 4
8 1
8 3
9 2
9 0
9 1
10 8
10 9
10 3
11 2
11 5
11 10
12 1
12 2
12 10
13 3
13 1
13 10
14 2
14 9
14 1
15 1
15 8
15 7
16 2
16 1
16 7
17 14
17 1
17 7
18 4
18 10
18 16
19 0
19 12
19 1
20 10
20 7
20 2
21 0
21 1
21 4
22 10
22 12
22 8
23 2
23 22
23 0
24 18
24 6
24 11
25 22
25 2
25 12
26 22
26 7
26 20
27 0
27 1
27 2
28 1
28 14
28 26
29 3
29 27
29 2
30 1
30 7
30 4
31 13
31 10
31 1
32 4
32 23
32 1
33 9
33 21
33 14
34 18
34 30
34 4
35 2
35 8
35 1
36 1
36 29
36 21
37 8
37 22
37 18
38 26
38 14
38 1
39 4
39 7
39 5
40 1
40 18
40 14
41 4
41 21
41 27
42 4
42 28
42 3
43 8
43 24
43 20
44 28
44 41
44 19
45 2
45 4
45 18
46 30
46 2
46 14
47 16
47 2
47 1
48 7
48 22
48 43
49 8
49 2
49 26
50 22
50 8
50 7
51 4
51 3
51 15
52 12
52 4
52 25
53 7
53 11
53 14
54 8
54 0
54 5
55 0
55 15
55 2
56 4
56 19
56 8
57 19
57 4
57 1
58 2
58 41
58 19
59 0
59 15
59 10
60 22
60 14
60 26
61 7
61 1
61 4
62 54
62 14
62 26
63 18
63 1
63 0
64 14
64 1
64 52
65 61
65 48
65 11
66 34
66 43
66 4
67 14
67 24
67 0
68 0
68 6
68 14
69 14
69 50
69 49
70 8
70 22
70 12
71 1
71 24
71 19
72 69
72 2
72 27
73 8
73 12
73 0
74 7
74 31
74 11
75 22
75 35
75 7
76 1
76 47
76 72
77 51
77 18
77 69
78 25
78 0
78 57
79 19
79 62
79 45
80 66
80 49
80 24
81 0
81 28
81 40
82 4
82 7
82 45
83 4
83 32
83 10
84 1
84 25
84 24
85 83
85 3
85 5
86 49
86 7
86 15
87 68
87 18
87 27
88 1
88 33
88 53
89 28
89 24
89 7
90 8
90 81
90 64
91 4
91 87
91 30
92 30
92 23
92 67
93 79
93 87
93 46
94 2
94 79
94 86
95 93
95 1
95 61
96 4
96 24
96 13
97 9
97 71
97 83
98 11
98 17
98 96
99 2
99 1
99 4
