0 1
0 2
0 3
1 0
1 2
1 3
2 0
2 1
2 3
3 1
3 0
3 2
4 2
4 0
4 1
5 0
5 1
5 2
6 0
6 2
6 5
7 2
7 3
7 0
8 6
8 1
8 0
9 1
9 7
9 0
10 1
10 3
10 2
11 6
11 1
11 10
12 8
12 2
12 5
13 10
13 1
13 0
14 1
14 3
14 11
15 6
15 1
15 9
16 13
16 12
16 1
17 10
17 0
17 2
18 0
18 5
18 2
19 10
19 2
19 1
20 7
20 11
20 0
21 1
21 6
21 18
22 21
22 3
22 1
23 8
23 0
23 9
24 7
24 14
24 2
25 19
25 11
25 7
26 0
26 1
26 16
27 13
27 2
27 26
28 22
28 0
28 2
29 1
29 25
29 0
30 2
30 1
30 26
31 11
31 9
31 1
32 7
32 0
32 3
33 11
33 1
33 14
34 14
34 2
34 23
35 0
35 21
35 6
36 7
36 16
36 29
37 35
37 0
37 24
38 5
38 3
38 24
39 1
39 21
39 22
40 23
40 4
40 3
41 0
41 7
41 38
42 2
42 26
42 3
43 35
43 33
43 2
44 33
44 19
44 14
45 16
45 0
45 38
46 2
46 14
46 5
47 2
47 3
47 14
48 0
48 6
48 2
49 17
49 0
49 35
50 19
50 9
50 39
51 1
51 6
51 9
52 15
52 0
52 14
53 50
53 21
53 1
54 48
54 11
54 41
55 51
55 9
55 48
56 48
56 54
56 1
57 53
57 11
57 27
58 55
58 6
58 7
59 19
59 51
59 35
60 41
60 50
60 19
61 9
61 3
61 2
62 11
62 0
62 26
63 47
63 54
63 2
64 19
64 5
64 51
65 25
65 14
65 16
66 18
66 10
66 21
67 3
67 53
67 27
68 5
68 14
68 34
69 1
69 32
69 29
70 7
70 17
70 2
71 31
71 10
71 33
72 5
72 3
72 34
73 1
73 24
73 18
74 0
74 72
74 36
75 73
75 23
75 34
76 7
76 62
76 59
77 68
77 46
77 0
78 68
78 18
78 50
79 8
79 32
79 19
80 23
80 11
80 32
81 0
81 7
81 9
82 10
82 0
82 75
83 15
83 79
83 7
84 7
84 81
84 4
85 6
85 78
85 55
86 55
86 18
86 2
87 60
87 1
87 23
88 22
88 36
88 7
89 0
89 38
89 54
90 20
90 1
90 59
91 5
91 0
91 73
92 9
92 0
92 87
93 91
93 18
93 46
94 21
94 12
94 89
95 18
95 10
95 32
96 35
96 3
96 29
97 55
97 7
97 54
98 44
98 2
98 43
99 90
99 11
99 3
