0 1
1 0
2 1
2 0
3 0
3 1
3 2
4 3
4 1
4 0
5 0
5 1
5 3
6 1
6 0
6 5
7 1
7 3
7 0
8 6
8 3
8 1
9 5
9 3
9 0
10 8
10 2
10 1
11 8
11 0
11 1
12 4
12 1
12 0
13 6
13 0
13 7
14 0
14 1
14 7
15 6
15 5
15 2
16 10
16 4
16 5
17 0
17 1
17 3
18 3
18 6
18 11
19 1
19 15
19 13
20 4
20 0
20 1
21 9
21 15
21 3
22 14
22 3
22 16
23 13
23 3
23 19
24 0
24 1
24 18
25 3
25 19
25 0
26 6
26 7
26 4
27 5
27 1
27 11
28 19
28 3
28 10
29 8
29 14
29 22
30 19
30 25
30 0
31 23
31 6
31 0
32 15
32 30
32 5
33 1
33 10
33 28
34 3
34 25
34 20
35 16
35 29
35 22
36 4
36 1
36 20
37 1
37 22
37 36
38 1
38 10
38 35
39 26
39 1
39 21
40 3
40 0
40 36
41 17
41 9
41 5
42 11
42 4
42 39
43 19
43 39
43 9
44 33
44 14
44 17
45 44
45 33
45 29
46 1
46 38
46 2
47 18
47 20
47 17
48 18
48 3
48 15
49 22
49 11
49 0
50 46
50 23
50 4
51 7
51 3
51 33
52 0
52 3
52 10
53 1
53 27
53 45
54 6
54 18
54 31
55 18
55 20
55 7
56 44
56 6
56 10
57 21
57 41
57 3
58 43
58 1
58 15
59 7
59 25
59 40
60 14
60 39
60 22
61 3
61 45
61 6
62 30
62 11
62 5
63 27
63 57
63 22
64 25
64 2
64 6
65 51
65 7
65 46
66 56
66 27
66 45
67 43
67 22
67 4
68 3
68 38
68 0
69 33
69 0
69 28
70 29
70 43
70 26
71 29
71 46
71 0
72 2
72 0
72 4
73 36
73 23
73 20
74 2
74 6
74 33
75 42
75 64
75 13
76 41
76 14
76 56
77 62
77 27
77 15
78 73
78 58
78 11
79 3
79 15
79 1
80 13
80 58
80 30
81 41
81 44
81 27
82 14
82 80
82 25
83 27
83 22
83 0
84 11
84 43
84 2
85 4
85 77
85 3
86 49
86 1
86 43
87 55
87 6
87 73
88 6
88 30
88 52
89 64
89 59
89 40
90 1
90 45
90 47
91 44
91 56
91 12
92 14
92 55
92 57
93 20
93 0
93 51
94 14
94 81
94 44
95 40
95 31
95 2
96 0
96 91
96 30
97 0
97 44
97 20
98 5
98 0
98 3
99 7
99 74
99 6
