0 1
1 0
2 0
2 1
3 1
3 2
3 0
4 2
4 1
4 0
5 0
5 2
5 4
6 0
6 1
6 4
7 0
7 3
7 1
8 1
8 0
8 6
9 4
9 3
9 0
10 0
10 8
10 4
11 10
11 3
11 7
12 4
12 2
12 10
13 7
13 8
13 11
14 4
14 8
14 0
15 1
15 4
15 2
16 12
16 4
16 1
17 11
17 7
17 2
18 1
18 9
18 2
19 16
19 6
19 11
20 15
20 1
20 4
21 18
21 4
21 16
22 7
22 0
22 1
23 19
23 13
23 17
24 18
24 3
24 5
25 20
25 16
25 2
26 0
26 10
26 4
27 1
27 3
27 2
28 0
28 11
28 3
29 2
29 6
29 15
30 7
30 24
30 3
31 0
31 1
31 4
32 18
32 1
32 0
33 11
33 3
33 1
34 31
34 11
34 23
35 19
35 4
35 15
36 2
36 35
36 32
37 28
37 6
37 0
38 0
38 7
38 9
39 29
39 14
39 2
40 4
40 8
40 0
41 0
41 2
41 28
42 26
42 17
42 4
43 4
43 23
43 20
44 0
44 3
44 23
45 26
45 0
45 9
46 2
46 18
46 13
47 25
47 1
47 29
48 1
48 35
48 4
49 2
49 26
49 6
