0 1
0 2
0 3
0 5
0 6
0 7
0 9
0 10
0 12
0 16
0 18
0 33
0 63
0 64
0 65
0 75
0 81
0 126
0 143
0 155
0 167
0 293
0 301
0 343
0 363
0 386
0 457
0 508
0 571
0 573
0 645
0 676
0 692
0 735
0 814
1 0
1 2
1 3
1 4
1 5
1 9
1 10
1 12
1 25
1 71
1 83
1 114
1 221
1 484
1 891
1 936
2 1
2 0
2 3
2 4
2 5
2 6
2 8
2 11
2 13
2 14
2 16
2 19
2 27
2 29
2 44
2 65
2 93
2 100
2 106
2 138
2 162
2 208
2 325
2 352
2 408
2 431
2 460
2 555
2 567
2 699
2 722
2 725
2 809
2 866
2 871
3 2
3 1
3 0
3 4
3 8
3 9
3 14
3 16
3 18
3 20
3 23
3 27
3 49
3 50
3 116
3 132
3 140
3 170
3 197
3 252
3 410
3 441
3 470
3 604
3 615
3 694
3 727
3 824
3 870
3 967
4 3
4 1
4 2
4 7
4 22
4 40
4 43
4 283
4 293
4 475
4 493
4 640
4 739
4 751
5 0
5 1
5 2
5 6
5 7
5 8
5 10
5 25
5 46
5 61
5 62
5 75
5 82
5 109
5 113
5 115
5 121
5 137
5 195
5 236
5 275
5 289
5 296
5 360
5 362
5 607
5 959
6 0
6 2
6 5
6 13
6 14
6 15
6 17
6 19
6 31
6 50
6 60
6 71
6 76
6 84
6 90
6 128
6 133
6 142
6 176
6 203
6 217
6 237
6 248
6 292
6 294
6 319
6 441
6 451
6 573
6 635
6 693
6 741
6 851
6 943
6 964
7 4
7 0
7 5
7 12
7 13
7 17
7 26
7 37
7 81
7 82
7 89
7 95
7 143
7 151
7 153
7 188
7 226
7 326
7 438
7 451
7 733
7 773
7 810
8 5
8 3
8 2
8 11
8 22
8 26
8 36
8 62
8 67
8 73
8 86
8 97
8 107
8 110
8 133
8 211
8 238
8 294
8 327
8 330
8 342
8 348
8 435
8 445
8 447
8 520
8 526
8 569
8 601
8 701
8 766
8 772
8 778
8 833
8 882
9 1
9 0
9 3
9 11
9 34
9 45
9 68
9 99
9 138
9 252
9 312
9 374
9 471
9 523
9 714
9 827
10 0
10 5
10 1
10 30
10 44
10 46
10 53
10 55
10 60
10 101
10 103
10 111
10 128
10 177
10 234
10 476
10 489
10 606
10 645
10 676
10 821
10 840
10 842
11 8
11 9
11 2
11 15
11 32
11 37
11 41
11 67
11 70
11 82
11 104
11 117
11 146
11 174
11 220
11 286
11 351
11 354
11 359
11 375
11 377
11 396
11 427
11 517
11 642
11 643
11 890
11 894
11 908
11 922
12 0
12 1
12 7
12 15
12 20
12 21
12 23
12 30
12 45
12 48
12 52
12 70
12 123
12 156
12 178
12 212
12 287
12 341
12 361
12 547
12 567
12 754
12 779
12 829
12 945
13 6
13 2
13 7
13 22
13 24
13 25
13 28
13 74
13 77
13 83
13 117
13 158
13 272
13 370
13 377
13 411
13 420
13 561
13 859
13 956
14 2
14 6
14 3
14 30
14 52
14 122
14 126
14 127
14 139
14 194
14 313
14 318
14 444
14 589
14 630
14 631
15 11
15 12
15 6
15 17
15 19
15 21
15 29
15 41
15 47
15 106
15 170
15 175
15 229
15 242
15 250
15 251
15 303
15 361
15 383
15 450
15 943
16 2
16 0
16 3
16 18
16 20
16 21
16 28
16 31
16 51
16 100
16 127
16 157
16 181
16 248
16 408
16 434
16 641
16 813
16 823
17 7
17 6
17 15
17 23
17 41
17 65
17 83
17 84
17 111
17 147
17 216
17 230
17 242
17 305
17 392
17 747
17 940
18 3
18 0
18 16
18 33
18 37
18 38
18 40
18 51
18 54
18 57
18 71
18 73
18 75
18 85
18 91
18 102
18 114
18 119
18 146
18 204
18 417
18 440
18 489
18 513
18 520
18 549
18 656
18 669
18 725
18 774
18 841
18 905
19 6
19 2
19 15
19 24
19 34
19 36
19 39
19 129
19 146
19 152
19 205
19 246
19 247
19 360
19 494
19 558
19 858
19 938
20 16
20 12
20 3
20 24
20 26
20 35
20 43
20 47
20 106
20 201
20 316
20 323
20 332
20 352
20 371
20 404
20 422
20 524
20 537
20 574
20 638
20 760
20 766
20 777
20 881
20 948
20 992
21 15
21 16
21 12
21 36
21 42
21 49
21 56
21 61
21 107
21 113
21 122
21 134
21 136
21 156
21 182
21 223
21 237
21 281
21 320
21 424
21 466
21 609
21 624
21 813
21 856
22 8
22 4
22 13
22 27
22 28
22 31
22 32
22 56
22 66
22 69
22 86
22 94
22 185
22 186
22 258
22 259
22 370
22 603
22 786
22 897
23 12
23 3
23 17
23 34
23 35
23 42
23 155
23 214
23 293
23 442
23 507
23 536
23 652
23 700
23 738
23 785
23 858
24 13
24 20
24 19
24 33
24 39
24 48
24 102
24 169
24 439
24 491
25 1
25 5
25 13
25 29
25 38
25 43
25 50
25 52
25 160
25 322
25 369
25 397
25 437
25 444
25 575
25 583
25 652
25 849
26 8
26 7
26 20
26 42
26 51
26 57
26 90
26 163
26 213
26 382
26 599
26 883
26 932
27 2
27 22
27 3
27 136
27 192
27 250
27 251
27 380
27 433
27 484
27 534
27 587
27 599
27 641
27 987
28 16
28 22
28 13
28 58
28 80
28 99
28 121
28 141
28 148
28 181
28 319
28 423
29 25
29 15
29 2
29 48
29 59
29 76
29 187
29 239
29 242
29 313
29 314
29 349
29 392
29 438
29 610
29 626
29 857
29 965
30 14
30 12
30 10
30 32
30 35
30 76
30 79
30 107
30 128
30 171
30 229
30 271
30 304
30 423
30 440
30 514
30 593
30 642
30 670
30 707
30 792
30 822
30 886
31 6
31 16
31 22
31 38
31 39
31 40
31 98
31 108
31 125
31 203
31 230
31 233
31 240
31 279
31 357
31 391
31 422
31 440
31 448
31 607
31 668
31 712
31 719
31 768
31 807
31 843
32 11
32 30
32 22
32 255
32 372
32 471
33 0
33 24
33 18
33 278
33 909
34 9
34 19
34 23
34 53
34 78
34 79
34 88
34 115
34 458
34 797
35 23
35 30
35 20
35 57
35 73
35 88
35 222
35 232
35 423
35 611
36 19
36 21
36 8
36 53
36 55
36 74
36 92
36 94
36 104
36 119
36 132
36 144
36 169
36 184
36 208
36 218
36 261
36 383
36 405
36 764
36 780
36 800
36 828
36 997
37 7
37 11
37 18
37 46
37 54
37 56
37 67
37 68
37 111
37 201
37 259
37 332
37 356
37 357
37 367
37 448
37 458
37 500
37 525
37 620
37 833
38 31
38 18
38 25
38 55
38 155
38 173
38 179
38 191
38 258
38 344
38 349
38 591
38 713
38 756
38 771
39 19
39 31
39 24
39 44
39 95
39 109
39 390
40 31
40 18
40 4
40 45
40 131
40 195
40 269
40 280
40 288
40 304
40 629
41 11
41 17
41 15
41 68
41 92
41 98
41 110
41 183
41 189
41 190
41 198
41 218
41 408
41 600
41 628
41 905
42 26
42 21
42 23
42 47
42 80
42 97
42 99
42 112
42 120
42 129
42 147
42 161
42 167
42 219
42 303
42 309
42 462
42 523
42 592
43 20
43 25
43 4
43 58
43 80
43 154
43 290
43 311
43 409
43 662
43 868
44 10
44 39
44 2
44 60
44 112
44 202
44 207
44 370
44 513
44 562
44 868
45 9
45 12
45 40
45 49
45 66
45 70
45 96
45 123
45 172
45 270
45 546
45 564
45 581
45 671
46 5
46 37
46 10
46 69
46 135
46 366
46 533
46 817
46 869
47 20
47 42
47 15
47 58
47 85
47 98
47 164
47 388
47 403
47 578
48 29
48 24
48 12
48 54
48 66
48 180
48 256
48 384
48 464
48 618
49 21
49 45
49 3
49 64
49 72
49 126
49 162
49 164
49 244
49 459
49 506
49 672
49 718
49 995
50 25
50 3
50 6
50 87
50 91
50 105
50 145
50 315
50 453
50 468
50 602
50 665
50 952
51 26
51 18
51 16
51 84
51 97
51 100
51 103
51 148
51 183
51 185
51 268
51 381
51 479
51 508
51 751
52 25
52 12
52 14
52 72
52 134
52 150
52 354
52 610
53 34
53 10
53 36
53 62
53 74
53 118
53 136
53 166
53 195
53 259
53 290
53 380
53 512
53 538
53 617
53 902
54 37
54 18
54 48
54 69
54 326
54 337
55 38
55 36
55 10
55 77
55 135
55 142
55 163
55 236
55 308
55 467
56 37
56 21
56 22
56 59
56 81
56 91
56 104
56 120
56 124
56 150
56 216
56 231
56 250
56 328
56 402
56 590
56 694
56 702
56 817
57 26
57 35
57 18
57 63
57 77
57 268
57 288
57 321
57 327
57 344
57 402
57 732
57 997
58 47
58 28
58 43
58 59
58 86
58 186
58 343
58 409
58 577
58 915
59 56
59 29
59 58
59 61
59 453
59 457
59 541
59 656
60 10
60 6
60 44
60 63
60 176
60 407
60 659
61 21
61 59
61 5
61 78
61 122
61 152
61 190
61 232
61 325
61 456
61 482
61 487
61 682
61 747
61 958
61 969
62 5
62 53
62 8
62 64
62 78
62 200
62 227
62 237
62 572
62 730
62 963
63 57
63 60
63 0
63 94
63 105
63 124
63 139
63 140
63 174
63 212
63 223
63 295
63 331
63 390
63 411
63 538
63 551
63 755
63 820
63 909
64 62
64 49
64 0
64 147
64 151
64 153
64 184
64 187
64 196
64 255
64 357
64 371
64 388
64 400
65 17
65 0
65 2
65 108
65 112
65 170
65 171
65 178
65 281
65 307
65 436
65 551
65 815
66 45
66 48
66 22
66 87
66 96
66 132
66 179
66 192
66 194
66 234
66 461
67 37
67 8
67 11
67 92
67 93
67 102
67 161
67 247
67 285
67 322
67 394
67 505
67 672
67 789
68 9
68 41
68 37
68 116
68 201
68 215
68 270
68 285
68 635
68 978
69 46
69 54
69 22
69 85
69 215
69 224
69 323
69 476
69 608
69 616
69 675
70 12
70 45
70 11
70 131
70 149
70 285
71 18
71 6
71 1
71 72
71 163
71 306
71 367
71 396
71 471
71 594
71 862
71 874
71 962
72 71
72 52
72 49
72 165
72 365
72 437
72 682
72 883
73 35
73 8
73 18
73 180
73 254
73 289
73 295
73 421
73 514
73 927
74 13
74 36
74 53
74 93
74 131
74 203
74 274
74 282
74 490
74 540
74 559
74 570
74 664
74 966
74 980
75 5
75 18
75 0
75 110
75 180
75 262
75 311
75 373
75 501
75 512
75 568
75 865
75 926
75 993
76 6
76 30
76 29
76 225
76 251
76 425
76 684
76 760
77 55
77 13
77 57
77 89
77 105
77 125
77 149
77 213
77 241
77 302
77 738
78 61
78 34
78 62
78 79
78 245
78 429
78 666
78 729
78 734
79 34
79 78
79 30
79 87
79 103
79 120
79 134
79 138
79 174
79 229
79 232
79 246
79 325
79 473
79 530
79 775
79 990
80 28
80 42
80 43
80 228
80 283
80 632
81 0
81 56
81 7
81 154
81 183
81 334
82 7
82 11
82 5
82 115
82 215
82 230
82 231
82 243
82 277
82 347
82 376
82 395
82 418
82 578
82 670
82 955
83 17
83 1
83 13
83 88
83 109
83 114
83 157
83 158
83 199
83 204
83 264
83 301
83 368
83 445
83 505
83 622
83 682
83 745
83 956
84 6
84 17
84 51
84 125
84 167
84 503
85 18
85 69
85 47
85 124
85 198
85 264
85 276
85 477
85 531
85 805
86 8
86 22
86 58
86 121
86 130
86 156
86 412
86 426
86 655
86 697
87 66
87 79
87 50
87 108
87 137
87 165
87 181
87 333
87 339
87 360
87 509
87 762
87 867
87 930
88 34
88 83
88 35
88 89
88 116
88 130
88 206
88 211
88 224
88 266
88 303
88 305
88 342
88 349
88 389
88 456
88 497
88 597
88 612
88 683
88 911
88 919
89 88
89 77
89 7
89 90
89 324
89 338
89 463
89 874
89 941
89 959
90 89
90 6
90 26
90 206
90 216
90 435
90 458
91 56
91 18
91 50
91 228
91 356
91 444
91 605
91 666
91 736
91 828
91 998
92 41
92 67
92 36
92 95
92 96
92 101
92 226
92 257
92 338
92 375
92 379
92 417
92 674
92 691
92 692
93 74
93 2
93 67
93 117
93 256
93 301
93 316
93 454
93 536
93 884
94 22
94 63
94 36
94 141
94 190
94 529
94 559
95 7
95 39
95 92
95 137
95 152
95 188
95 363
95 405
95 595
95 728
95 833
95 885
96 66
96 45
96 92
96 101
96 113
96 200
96 267
96 289
96 322
96 347
96 367
96 382
96 616
96 634
96 706
96 903
97 51
97 8
97 42
97 144
97 197
97 284
97 300
97 375
97 644
97 687
98 47
98 41
98 31
98 145
98 214
98 252
98 253
98 262
98 271
98 283
98 481
99 9
99 42
99 28
99 212
99 307
99 358
99 382
99 658
99 872
100 51
100 16
100 2
100 149
100 205
100 211
100 219
100 315
100 326
100 586
101 92
101 96
101 10
101 161
101 266
101 329
101 519
101 669
101 740
101 755
101 924
101 995
102 24
102 67
102 18
102 168
102 372
102 413
102 442
102 449
102 467
102 502
102 511
102 596
102 604
102 605
102 610
102 959
102 979
103 51
103 79
103 10
103 118
103 172
103 196
103 353
104 36
104 56
104 11
104 166
104 231
104 369
104 722
104 863
104 971
105 77
105 50
105 63
105 154
105 157
105 225
105 678
105 686
105 880
106 15
106 20
106 2
106 119
106 139
106 253
106 313
106 321
106 452
106 611
106 901
106 945
106 982
107 8
107 21
107 30
107 418
107 759
108 31
108 87
108 65
108 127
108 166
108 186
108 329
108 425
108 435
108 463
108 599
108 637
108 740
108 961
109 39
109 5
109 83
109 123
109 135
109 279
109 391
109 430
109 441
109 467
109 604
109 836
109 921
110 75
110 8
110 41
110 193
110 296
110 401
110 546
110 750
110 754
110 830
111 37
111 17
111 10
111 245
111 317
111 436
111 747
111 748
111 876
111 877
111 967
112 65
112 42
112 44
112 178
112 185
112 258
112 485
112 586
112 705
112 792
113 21
113 96
113 5
113 455
113 714
114 83
114 1
114 18
114 118
114 148
114 401
114 460
114 671
114 687
114 954
115 5
115 34
115 82
115 129
115 187
115 368
115 474
115 509
115 557
115 647
115 899
116 68
116 88
116 3
116 142
116 159
116 209
116 210
116 247
116 263
116 638
117 93
117 13
117 11
117 162
117 249
117 432
117 484
118 53
118 114
118 103
118 492
118 540
118 691
118 888
118 950
119 18
119 36
119 106
119 189
119 220
119 290
119 373
119 855
120 56
120 42
120 79
120 133
120 164
120 254
120 291
120 783
120 795
120 962
121 5
121 28
121 86
121 140
121 330
121 507
121 621
121 822
122 14
122 61
122 21
122 393
122 413
122 925
122 987
123 45
123 12
123 109
123 143
123 191
123 273
123 298
123 379
123 380
123 390
123 415
123 426
123 710
123 863
123 938
124 63
124 85
124 56
124 150
124 168
124 811
124 832
124 946
125 77
125 84
125 31
125 160
125 254
125 398
125 510
125 577
125 659
125 892
125 935
126 49
126 14
126 0
126 130
126 141
126 151
126 198
126 340
126 355
126 482
126 729
126 759
126 765
126 846
126 895
127 14
127 108
127 16
127 175
127 266
127 318
127 364
127 581
127 623
127 674
128 30
128 6
128 10
128 210
128 222
128 286
128 454
128 575
128 706
129 42
129 115
129 19
129 320
129 466
129 468
129 616
129 844
130 86
130 88
130 126
130 160
130 173
130 220
130 221
130 631
130 771
130 789
130 884
130 918
131 74
131 40
131 70
131 145
131 277
131 345
131 414
131 461
132 3
132 66
132 36
132 184
132 226
132 311
132 345
132 365
132 388
132 532
132 750
132 977
133 6
133 8
133 120
133 171
133 366
133 385
133 404
133 784
133 847
133 908
134 21
134 52
134 79
134 144
134 205
134 577
134 755
135 55
135 46
135 109
135 332
135 627
136 53
136 21
136 27
136 427
137 5
137 87
137 95
137 173
137 200
137 240
137 316
137 321
137 643
137 737
137 893
137 944
138 79
138 9
138 2
138 153
138 248
138 268
138 312
138 341
138 377
138 410
138 584
138 598
138 629
138 733
138 947
138 988
139 14
139 106
139 63
139 336
139 539
139 667
139 734
139 875
140 63
140 3
140 121
140 159
140 191
140 284
140 695
140 897
141 126
141 28
141 94
141 358
141 447
141 457
141 548
141 721
142 55
142 6
142 116
142 297
142 984
143 123
143 0
143 7
143 189
143 257
143 274
143 305
143 551
143 658
143 660
143 740
143 910
143 916
144 134
144 36
144 97
144 165
144 168
144 217
144 275
144 309
144 314
144 351
144 389
144 678
145 98
145 50
145 131
145 158
145 280
145 394
145 552
145 661
145 662
146 18
146 11
146 19
146 314
146 502
146 532
146 715
146 943
147 64
147 42
147 17
147 334
148 114
148 51
148 28
148 182
148 328
148 904
149 100
149 70
149 77
149 222
149 284
149 852
149 893
149 954
150 124
150 56
150 52
150 159
150 207
150 234
150 265
150 673
151 7
151 126
151 64
151 482
151 763
152 19
152 61
152 95
152 175
152 256
152 403
152 479
152 487
152 811
152 871
153 138
153 7
153 64
153 352
154 81
154 43
154 105
154 244
154 381
154 679
154 776
154 794
154 886
154 935
155 23
155 0
155 38
155 169
155 219
155 363
155 864
155 976
155 989
156 12
156 86
156 21
156 240
156 588
156 797
156 821
157 83
157 105
157 16
157 177
157 199
157 260
157 272
157 310
157 369
157 486
157 526
157 544
157 655
157 835
158 83
158 145
158 13
158 210
158 233
158 409
158 613
158 726
158 779
158 889
158 935
159 116
159 140
159 150
159 188
159 193
159 202
159 204
159 277
159 291
159 296
159 302
159 346
159 522
159 918
160 125
160 130
160 25
160 968
161 67
161 101
161 42
161 194
161 490
161 916
162 49
162 117
162 2
162 298
162 331
162 773
163 71
163 26
163 55
163 399
163 480
163 957
164 47
164 120
164 49
164 558
165 144
165 72
165 87
165 243
165 257
165 295
165 371
165 417
165 501
165 776
165 987
165 996
166 53
166 104
166 108
166 172
166 202
166 424
166 585
167 42
167 84
167 0
167 196
167 329
167 710
167 966
167 980
168 124
168 102
168 144
168 197
168 280
169 36
169 24
169 155
169 235
169 297
169 675
169 974
169 998
170 15
170 65
170 3
170 176
170 269
170 612
170 727
170 916
171 133
171 30
171 65
171 406
171 541
171 754
172 45
172 103
172 166
172 177
172 209
172 227
172 307
172 337
172 525
172 649
173 137
173 38
173 130
173 192
173 233
173 241
173 364
173 425
173 880
174 79
174 11
174 63
174 261
174 338
174 362
174 494
174 758
175 15
175 127
175 152
175 300
175 376
175 443
176 6
176 170
176 60
176 613
176 677
176 891
177 157
177 10
177 172
177 249
177 397
177 498
177 939
178 12
178 65
178 112
178 179
178 335
178 501
178 648
178 823
179 178
179 38
179 66
179 298
179 483
180 75
180 73
180 48
180 260
180 449
180 591
180 592
180 957
181 87
181 16
181 28
181 182
181 238
181 291
181 343
181 601
181 723
181 793
181 801
181 829
181 834
181 874
182 148
182 21
182 181
182 335
182 511
182 938
183 51
183 41
183 81
183 310
183 420
183 424
183 583
183 683
183 864
184 36
184 64
184 132
184 225
184 459
184 469
184 708
185 112
185 22
185 51
185 227
185 278
185 690
186 58
186 108
186 22
186 554
186 794
187 64
187 115
187 29
187 208
187 347
187 445
187 515
187 887
188 95
188 159
188 7
188 217
188 235
188 639
188 661
188 674
188 780
189 143
189 41
189 119
189 193
189 209
189 244
189 271
189 540
189 595
189 608
189 619
189 809
190 61
190 41
190 94
190 228
190 384
190 583
190 602
190 630
190 640
190 681
190 800
191 38
191 123
191 140
191 497
192 66
192 173
192 27
192 274
192 651
192 912
192 968
193 159
193 110
193 189
193 236
193 239
193 276
193 400
193 412
193 511
193 514
193 721
194 66
194 161
194 14
194 223
194 394
194 414
194 416
194 567
195 5
195 40
195 53
195 292
195 547
195 572
195 614
196 103
196 64
196 167
196 224
196 255
196 263
196 299
196 391
196 473
196 746
196 857
196 890
197 97
197 168
197 3
197 199
197 213
197 466
197 543
197 734
197 743
198 85
198 41
198 126
198 235
198 304
199 197
199 157
199 83
199 206
199 207
199 262
199 508
199 560
199 651
200 62
200 96
200 137
200 563
201 68
201 20
201 37
201 214
201 253
201 318
201 460
201 568
201 686
201 839
202 44
202 159
202 166
202 550
203 31
203 6
203 74
203 218
203 239
203 433
204 18
204 159
204 83
204 238
204 246
204 282
204 594
204 762
205 100
205 134
205 19
205 315
205 655
205 854
206 88
206 90
206 199
206 288
206 353
206 650
206 688
207 199
207 150
207 44
207 348
207 992
208 36
208 187
208 2
208 434
208 494
208 791
208 953
209 189
209 172
209 116
209 272
209 306
209 496
209 528
209 695
210 128
210 158
210 116
210 267
210 269
210 273
210 727
211 88
211 8
211 100
211 418
211 617
212 12
212 63
212 99
212 335
212 395
212 443
212 498
213 26
213 77
213 197
213 241
213 565
213 566
213 634
214 201
214 98
214 23
214 596
214 742
214 846
215 69
215 68
215 82
215 398
215 413
215 428
215 431
216 17
216 56
216 90
216 278
216 578
216 720
216 746
217 6
217 188
217 144
217 260
217 287
217 450
217 553
218 41
218 203
218 36
218 221
218 249
218 265
218 488
218 721
219 100
219 42
219 155
219 267
219 273
219 281
219 294
219 399
219 415
219 564
219 596
219 601
219 626
219 739
219 863
219 930
220 11
220 130
220 119
220 978
221 130
221 1
221 218
221 323
221 419
221 920
222 35
222 149
222 128
222 265
222 319
222 430
222 554
223 21
223 194
223 63
223 245
223 955
224 196
224 69
224 88
224 553
225 76
225 184
225 105
225 691
225 906
226 132
226 7
226 92
226 339
226 400
226 621
227 185
227 172
227 62
227 365
228 190
228 80
228 91
228 263
228 299
228 459
228 518
228 522
228 559
228 677
228 864
229 15
229 30
229 79
230 17
230 82
230 31
231 104
231 82
231 56
231 340
231 633
231 713
231 771
231 880
232 61
232 79
232 35
232 603
232 913
233 31
233 173
233 158
233 708
234 66
234 150
234 10
234 292
234 481
234 497
234 807
234 944
234 962
235 198
235 188
235 169
235 433
235 712
235 731
235 898
235 999
236 55
236 193
236 5
236 306
236 310
236 366
236 485
236 752
237 62
237 21
237 6
237 243
237 393
237 529
237 973
238 181
238 204
238 8
238 276
238 320
238 429
238 469
238 470
238 493
238 584
239 203
239 29
239 193
239 261
239 287
239 378
239 815
239 898
240 137
240 31
240 156
240 490
241 213
241 77
241 173
241 279
241 342
241 419
241 520
241 569
242 17
242 29
242 15
242 608
242 695
242 765
243 165
243 237
243 82
243 438
244 49
244 189
244 154
244 636
244 887
245 111
245 223
245 78
246 79
246 204
246 19
246 464
246 543
246 720
246 738
247 67
247 19
247 116
247 535
248 16
248 6
248 138
248 397
249 218
249 117
249 177
249 308
249 350
249 446
249 624
249 716
249 800
249 871
250 15
250 27
250 56
250 264
250 515
250 557
250 678
250 902
251 76
251 15
251 27
251 297
252 9
252 98
252 3
252 327
252 387
252 562
252 611
252 757
252 791
252 875
252 922
253 98
253 201
253 106
253 412
253 681
253 834
254 120
254 125
254 73
254 351
254 703
254 805
254 889
255 196
255 64
255 32
255 475
256 152
256 48
256 93
256 330
256 337
256 446
256 535
256 934
257 143
257 92
257 165
257 495
257 565
257 947
257 996
258 22
258 112
258 38
258 336
258 748
258 784
259 22
259 53
259 37
259 623
259 635
260 157
260 217
260 180
260 270
260 282
260 300
260 308
260 487
260 512
260 518
260 564
260 665
261 239
261 174
261 36
261 428
261 972
262 98
262 75
262 199
262 333
262 588
262 919
263 196
263 116
263 228
263 383
263 406
263 446
263 447
263 474
263 495
263 500
264 250
264 85
264 83
264 452
265 218
265 222
265 150
265 299
265 452
265 478
265 548
265 574
265 624
265 772
265 873
266 101
266 127
266 88
266 358
266 465
266 556
267 96
267 219
267 210
267 395
267 927
268 138
268 57
268 51
268 275
269 170
269 210
269 40
269 302
269 331
270 260
270 45
270 68
270 355
270 430
270 507
270 683
270 953
271 30
271 98
271 189
271 761
272 157
272 13
272 209
272 359
272 393
272 521
272 609
272 932
273 210
273 219
273 123
273 620
273 756
273 760
273 772
274 192
274 74
274 143
274 374
274 407
274 437
274 477
274 528
274 630
274 759
275 5
275 144
275 268
275 661
275 774
275 814
275 951
275 971
276 238
276 193
276 85
276 386
276 387
276 402
277 82
277 131
277 159
277 348
277 405
277 786
277 951
278 216
278 185
278 33
278 317
278 789
279 31
279 241
279 109
279 434
279 454
279 820
280 40
280 145
280 168
280 286
280 516
280 668
280 743
280 939
281 21
281 65
281 219
281 585
282 260
282 74
282 204
282 346
282 900
283 4
283 80
283 98
283 415
284 97
284 149
284 140
284 600
284 912
285 67
285 68
285 70
286 128
286 280
286 11
286 362
286 517
286 563
287 217
287 12
287 239
287 354
287 431
287 469
287 522
287 557
287 617
287 648
287 673
287 852
288 40
288 206
288 57
288 689
288 753
289 73
289 5
289 96
289 309
289 524
289 580
289 595
290 53
290 119
290 43
290 506
290 623
291 181
291 120
291 159
291 510
291 921
292 234
292 195
292 6
292 312
292 613
292 724
292 816
293 23
293 0
293 4
293 341
293 477
293 481
293 521
293 679
293 806
293 997
294 6
294 219
294 8
294 317
294 505
294 813
295 63
295 73
295 165
295 334
295 350
295 385
295 619
295 782
295 829
296 110
296 5
296 159
296 340
296 384
296 416
296 499
296 543
296 558
296 607
296 650
296 668
296 881
297 251
297 169
297 142
297 333
297 464
297 718
298 162
298 123
298 179
298 356
298 510
298 737
298 951
299 196
299 228
299 265
299 478
299 586
300 260
300 97
300 175
300 565
300 983
301 93
301 83
301 0
301 643
301 696
302 77
302 269
302 159
302 451
302 788
303 88
303 42
303 15
303 324
303 398
303 475
303 778
304 198
304 30
304 40
304 364
304 478
304 545
304 594
304 704
304 977
305 88
305 143
305 17
305 672
306 209
306 71
306 236
307 172
307 99
307 65
307 368
307 422
307 542
307 976
308 249
308 55
308 260
308 834
309 144
309 289
309 42
309 491
310 157
310 236
310 183
310 492
310 499
310 527
310 566
310 657
310 801
310 936
311 75
311 43
311 132
312 292
312 138
312 9
312 324
312 336
312 974
312 998
313 106
313 29
313 14
314 144
314 146
314 29
314 353
314 385
314 719
315 100
315 50
315 205
315 328
315 378
315 591
315 991
316 20
316 93
316 137
316 421
316 628
317 111
317 294
317 278
317 536
318 14
318 127
318 201
318 500
318 881
318 936
319 28
319 222
319 6
319 632
319 677
319 812
319 885
320 21
320 129
320 238
320 346
320 426
320 528
320 918
321 57
321 137
321 106
321 421
321 485
321 575
321 618
321 783
322 67
322 25
322 96
322 372
322 513
323 20
323 69
323 221
323 462
323 831
324 89
324 312
324 303
324 634
324 788
324 806
325 2
325 79
325 61
325 779
326 7
326 100
326 54
326 403
326 483
327 252
327 8
327 57
327 639
328 148
328 315
328 56
328 344
328 359
328 381
328 411
328 502
328 647
329 101
329 108
329 167
329 339
329 442
329 649
329 737
330 8
330 256
330 121
330 576
330 948
331 63
331 269
331 162
331 696
332 135
332 37
332 20
332 407
332 646
332 700
332 786
332 839
332 939
332 940
332 975
333 262
333 87
333 297
333 345
333 387
334 147
334 81
334 295
334 742
334 804
335 178
335 212
335 182
335 373
335 847
335 850
336 258
336 312
336 139
336 416
336 746
337 256
337 172
337 54
338 174
338 89
338 92
338 389
338 769
339 329
339 226
339 87
339 783
339 802
340 231
340 296
340 126
340 495
341 12
341 293
341 138
342 8
342 241
342 88
342 355
342 376
342 590
342 644
342 649
342 653
342 838
342 984
343 181
343 0
343 58
344 328
344 57
344 38
344 534
344 946
345 333
345 131
345 132
345 350
345 646
345 866
345 933
346 320
346 282
346 159
347 82
347 187
347 96
347 432
347 704
348 207
348 277
348 8
348 448
348 461
348 533
348 625
348 901
349 88
349 29
349 38
349 429
349 598
349 615
350 295
350 249
350 345
350 379
350 820
351 254
351 144
351 11
352 153
352 2
352 20
352 386
352 582
352 657
352 663
352 924
353 314
353 206
353 103
353 420
353 492
353 728
354 11
354 287
354 52
354 361
354 590
355 270
355 126
355 342
355 378
355 401
355 432
355 642
355 698
355 790
356 91
356 298
356 37
356 493
356 537
356 632
356 906
357 64
357 37
357 31
357 580
357 974
358 141
358 266
358 99
358 549
358 960
358 980
359 11
359 272
359 328
359 741
359 928
360 87
360 19
360 5
360 579
360 581
360 723
360 724
360 891
361 15
361 354
361 12
361 374
361 399
361 529
362 286
362 5
362 174
362 427
362 453
362 917
363 95
363 0
363 155
363 711
364 127
364 304
364 173
364 545
364 636
365 132
365 72
365 227
366 236
366 46
366 133
367 37
367 71
367 96
367 658
368 307
368 83
368 115
368 948
369 157
369 104
369 25
369 614
369 758
370 22
370 44
370 13
370 614
370 705
370 851
371 20
371 165
371 64
371 414
371 462
372 32
372 322
372 102
373 335
373 75
373 119
373 576
373 882
374 9
374 361
374 274
375 92
375 97
375 11
376 342
376 175
376 82
376 476
376 516
376 803
377 11
377 13
377 138
377 439
378 355
378 239
378 315
378 455
378 646
379 123
379 350
379 92
379 470
379 498
379 518
379 519
379 523
380 123
380 27
380 53
380 638
380 698
381 154
381 51
381 328
382 26
382 99
382 96
382 515
382 702
382 812
382 836
383 15
383 263
383 36
383 436
383 488
383 664
383 699
383 701
384 48
384 190
384 296
385 314
385 133
385 295
385 491
385 524
386 0
386 276
386 352
386 396
386 480
386 574
386 587
387 252
387 276
387 333
387 539
387 600
387 732
388 64
388 132
388 47
389 338
389 144
389 88
389 419
389 449
389 554
390 123
390 63
390 39
390 392
390 744
391 196
391 109
391 31
391 549
391 593
391 719
391 781
392 390
392 17
392 29
392 472
392 538
393 237
393 122
393 272
393 612
394 145
394 67
394 194
394 535
394 712
395 267
395 82
395 212
395 593
396 71
396 386
396 11
397 177
397 248
397 25
397 406
397 410
397 472
397 572
397 810
398 125
398 303
398 215
398 404
398 456
398 730
399 163
399 361
399 219
400 64
400 193
400 226
400 619
400 903
401 114
401 355
401 110
401 717
401 928
402 57
402 276
402 56
402 764
403 47
403 326
403 152
403 465
403 703
403 879
404 133
404 398
404 20
404 465
404 597
404 853
405 277
405 36
405 95
405 556
405 707
405 777
405 803
405 836
406 171
406 263
406 397
406 750
407 60
407 274
407 332
407 757
408 2
408 16
408 41
408 645
408 856
409 43
409 158
409 58
409 714
410 138
410 397
410 3
410 711
411 328
411 63
411 13
412 193
412 86
412 253
412 739
412 926
413 122
413 102
413 215
413 428
413 544
413 553
414 371
414 194
414 131
415 123
415 283
415 219
415 562
416 296
416 336
416 194
416 530
416 670
417 92
417 165
417 18
417 626
417 680
418 107
418 211
418 82
418 597
418 878
418 964
419 221
419 241
419 389
419 472
419 679
419 792
420 13
420 183
420 353
420 970
421 321
421 316
421 73
422 307
422 20
422 31
422 568
422 730
422 798
422 810
423 28
423 35
423 30
423 488
423 532
423 769
423 861
424 183
424 21
424 166
424 509
424 521
424 824
424 882
424 941
425 173
425 108
425 76
425 439
425 443
425 618
425 622
425 742
425 982
425 993
426 320
426 123
426 86
426 527
426 731
426 811
426 937
427 136
427 11
427 362
427 455
427 463
427 541
427 893
428 413
428 261
428 215
428 830
429 349
429 238
429 78
429 717
430 222
430 109
430 270
430 986
431 287
431 2
431 215
431 450
431 486
432 117
432 347
432 355
432 605
432 636
432 667
432 855
432 873
433 235
433 27
433 203
433 654
433 857
433 905
433 911
434 208
434 279
434 16
434 781
434 972
435 8
435 108
435 90
435 474
435 530
435 798
436 383
436 111
436 65
437 25
437 72
437 274
438 29
438 243
438 7
438 883
439 24
439 425
439 377
439 850
440 30
440 31
440 18
440 805
441 3
441 6
441 109
441 862
442 329
442 23
442 102
443 425
443 175
443 212
443 516
443 585
443 685
443 798
443 937
444 14
444 91
444 25
444 480
444 688
444 877
444 958
445 83
445 8
445 187
445 483
446 263
446 256
446 249
446 627
446 819
447 263
447 141
447 8
447 869
448 348
448 37
448 31
448 657
448 716
449 102
449 180
449 389
449 468
449 756
450 431
450 15
450 217
450 552
450 699
451 7
451 6
451 302
451 486
451 542
452 106
452 265
452 264
452 794
452 831
453 362
453 59
453 50
453 556
453 872
454 279
454 128
454 93
454 504
454 797
454 934
455 378
455 113
455 427
455 561
455 770
455 840
456 61
456 88
456 398
456 537
456 870
457 0
457 59
457 141
457 947
458 37
458 90
458 34
458 504
458 654
458 907
458 932
459 49
459 184
459 228
459 473
459 496
459 907
460 114
460 2
460 201
460 499
460 506
460 839
461 131
461 66
461 348
461 479
461 571
462 42
462 323
462 371
462 709
462 726
462 914
463 108
463 427
463 89
463 647
463 866
464 48
464 297
464 246
464 861
465 403
465 266
465 404
465 563
466 197
466 21
466 129
467 55
467 102
467 109
467 700
467 933
467 937
468 129
468 449
468 50
468 579
469 184
469 287
469 238
470 379
470 238
470 3
471 71
471 9
471 32
471 561
471 663
471 736
471 752
472 397
472 392
472 419
472 550
473 79
473 196
473 459
473 525
473 589
473 680
473 713
473 867
473 872
474 115
474 435
474 263
475 4
475 303
475 255
476 10
476 69
476 376
476 576
477 293
477 274
477 85
477 496
477 758
477 835
478 265
478 299
478 304
478 544
478 878
479 461
479 152
479 51
479 566
479 796
479 845
479 977
480 444
480 386
480 163
480 598
480 751
480 944
481 234
481 98
481 293
481 560
481 904
482 61
482 126
482 151
482 489
482 542
482 592
482 656
482 773
482 826
483 326
483 179
483 445
483 534
483 555
483 808
483 964
484 117
484 1
484 27
484 582
484 819
485 236
485 321
485 112
486 451
486 157
486 431
486 928
487 260
487 152
487 61
487 741
487 825
488 383
488 423
488 218
488 587
488 606
488 973
489 482
489 18
489 10
489 504
489 547
489 552
489 641
489 715
490 74
490 240
490 161
490 517
490 533
490 580
490 680
490 690
490 841
490 852
491 309
491 24
491 385
491 620
491 749
492 310
492 118
492 353
492 548
493 356
493 238
493 4
493 899
494 208
494 174
494 19
494 526
494 825
494 950
495 340
495 257
495 263
495 589
495 621
495 637
495 675
496 459
496 209
496 477
496 701
497 88
497 191
497 234
497 503
497 669
497 826
498 177
498 379
498 212
498 503
498 531
498 584
498 875
499 296
499 460
499 310
499 582
500 37
500 318
500 263
500 531
500 652
500 842
501 178
501 165
501 75
501 667
502 328
502 102
502 146
503 497
503 84
503 498
503 842
504 489
504 458
504 454
504 837
504 934
505 67
505 294
505 83
505 979
506 49
506 460
506 290
506 637
506 763
507 270
507 23
507 121
507 764
507 816
508 51
508 0
508 199
508 519
509 87
509 115
509 424
509 527
509 588
509 606
509 690
509 931
510 298
510 291
510 125
510 640
510 728
510 827
510 851
510 859
511 182
511 102
511 193
512 260
512 53
512 75
512 906
513 18
513 44
513 322
513 603
513 684
514 73
514 30
514 193
514 615
515 187
515 250
515 382
515 952
516 280
516 443
516 376
517 490
517 286
517 11
517 571
518 260
518 379
518 228
518 720
519 379
519 508
519 101
519 768
519 954
520 241
520 18
520 8
520 570
520 579
520 602
520 665
520 692
520 862
521 424
521 272
521 293
521 639
521 694
521 896
521 923
522 228
522 287
522 159
522 709
522 726
523 379
523 42
523 9
523 555
523 685
524 385
524 289
524 20
525 473
525 172
525 37
525 689
525 716
525 812
525 899
526 494
526 157
526 8
526 884
526 888
527 310
527 426
527 509
528 209
528 274
528 320
528 952
528 963
528 981
529 94
529 361
529 237
530 416
530 435
530 79
530 687
530 775
531 498
531 500
531 85
531 744
532 132
532 146
532 423
533 348
533 46
533 490
533 570
534 27
534 483
534 344
535 256
535 247
535 394
536 93
536 23
536 317
536 625
536 745
537 456
537 20
537 356
537 949
538 63
538 53
538 392
538 539
538 550
538 724
538 736
539 139
539 538
539 387
539 777
540 189
540 118
540 74
541 171
541 59
541 427
541 545
541 560
541 573
541 808
541 930
541 942
542 482
542 307
542 451
542 546
542 978
543 296
543 246
543 197
543 890
544 413
544 478
544 157
544 633
544 650
544 787
544 929
545 364
545 304
545 541
545 854
545 892
546 45
546 542
546 110
547 489
547 12
547 195
548 492
548 141
548 265
548 832
548 986
549 18
549 391
549 358
550 472
550 538
550 202
550 791
551 65
551 63
551 143
551 722
551 763
552 489
552 450
552 145
553 413
553 217
553 224
553 711
553 955
554 222
554 186
554 389
554 628
554 818
554 915
555 483
555 523
555 2
555 940
556 453
556 266
556 405
556 629
557 115
557 250
557 287
557 753
557 844
558 19
558 164
558 296
558 660
558 819
558 953
559 74
559 94
559 228
559 569
560 199
560 541
560 481
560 843
561 455
561 471
561 13
561 781
561 838
561 849
561 923
561 996
562 415
562 44
562 252
562 796
562 849
563 465
563 286
563 200
563 662
563 837
564 260
564 219
564 45
564 698
565 213
565 257
565 300
566 310
566 213
566 479
566 666
567 12
567 2
567 194
568 422
568 201
568 75
568 796
569 8
569 559
569 241
570 520
570 74
570 533
570 894
571 517
571 461
571 0
571 671
571 785
572 195
572 62
572 397
572 651
572 795
572 982
573 541
573 0
573 6
573 809
574 265
574 20
574 386
575 128
575 25
575 321
575 749
576 476
576 373
576 330
576 625
576 743
577 58
577 125
577 134
577 976
578 47
578 216
578 82
578 802
578 888
578 995
579 360
579 468
579 520
579 710
579 767
579 848
580 490
580 289
580 357
580 949
581 360
581 127
581 45
581 644
581 975
582 499
582 352
582 484
583 190
583 25
583 183
583 688
584 138
584 498
584 238
584 653
584 778
584 827
585 281
585 443
585 166
585 659
585 799
585 958
586 299
586 112
586 100
587 27
587 488
587 386
587 693
587 752
588 156
588 262
588 509
588 686
588 708
589 495
589 14
589 473
589 622
589 673
590 56
590 342
590 354
590 693
590 769
590 817
590 994
591 38
591 180
591 315
592 482
592 180
592 42
592 808
592 945
592 985
593 30
593 395
593 391
593 654
594 304
594 71
594 204
595 95
595 189
595 289
596 102
596 214
596 219
596 653
597 88
597 404
597 418
597 732
597 818
597 989
598 480
598 138
598 349
598 717
599 27
599 108
599 26
600 284
600 387
600 41
600 861
601 8
601 219
601 181
601 702
602 520
602 190
602 50
603 232
603 22
603 513
603 889
604 102
604 3
604 109
605 91
605 432
605 102
606 509
606 10
606 488
607 31
607 296
607 5
607 684
607 828
608 69
608 242
608 189
608 609
609 21
609 272
609 608
609 631
609 814
610 102
610 29
610 52
611 106
611 35
611 252
611 790
611 802
611 867
611 970
612 393
612 88
612 170
612 648
612 663
613 158
613 176
613 292
614 195
614 369
614 370
614 627
614 767
614 795
614 804
615 514
615 349
615 3
615 878
616 69
616 129
616 96
616 733
616 850
617 53
617 287
617 211
617 818
618 425
618 321
618 48
618 847
619 295
619 400
619 189
619 837
619 860
620 491
620 37
620 273
620 696
620 877
620 967
620 969
621 495
621 121
621 226
622 425
622 589
622 83
622 770
623 127
623 259
623 290
624 249
624 265
624 21
624 753
625 536
625 576
625 348
625 770
626 29
626 219
626 417
626 949
627 135
627 614
627 446
627 633
627 831
628 41
628 554
628 316
628 704
628 894
629 40
629 138
629 556
629 853
630 190
630 274
630 14
631 609
631 14
631 130
631 988
632 356
632 319
632 80
633 544
633 231
633 627
633 735
633 748
634 213
634 324
634 96
634 689
635 6
635 68
635 259
635 729
636 244
636 364
636 432
636 681
637 506
637 108
637 495
638 116
638 20
638 380
639 327
639 188
639 521
639 706
639 868
640 4
640 190
640 510
641 27
641 16
641 489
642 30
642 11
642 355
642 950
643 137
643 301
643 11
644 342
644 581
644 97
644 660
644 921
645 408
645 10
645 0
645 735
646 332
646 378
646 345
646 870
646 886
647 328
647 115
647 463
647 685
647 697
648 178
648 287
648 612
648 664
648 705
649 172
649 342
649 329
649 885
649 999
650 206
650 296
650 544
650 917
651 192
651 199
651 572
652 23
652 500
652 25
652 841
652 972
653 596
653 342
653 584
653 924
654 593
654 458
654 433
655 157
655 86
655 205
655 718
655 775
655 848
655 902
656 18
656 482
656 59
657 310
657 448
657 352
657 782
658 367
658 143
658 99
658 697
658 848
659 585
659 125
659 60
659 908
660 143
660 644
660 558
660 803
661 188
661 275
661 145
661 913
662 563
662 145
662 43
663 612
663 352
663 471
664 383
664 74
664 648
664 766
664 840
665 520
665 260
665 50
665 744
666 78
666 91
666 566
666 957
667 432
667 501
667 139
668 280
668 31
668 296
668 676
668 845
668 983
669 497
669 101
669 18
669 801
670 82
670 30
670 416
670 824
671 45
671 114
671 571
672 305
672 49
672 67
673 150
673 287
673 589
674 92
674 188
674 127
675 495
675 169
675 69
676 668
676 10
676 0
677 228
677 319
677 176
677 988
678 250
678 144
678 105
678 799
679 293
679 154
679 419
680 473
680 417
680 490
681 190
681 253
681 636
681 709
682 83
682 72
682 61
682 965
683 270
683 88
683 183
684 607
684 513
684 76
684 707
684 806
685 523
685 443
685 647
685 859
685 931
686 201
686 588
686 105
686 703
686 745
687 530
687 114
687 97
688 444
688 206
688 583
689 525
689 288
689 634
689 879
690 509
690 490
690 185
690 761
691 92
691 225
691 118
692 520
692 0
692 92
693 6
693 587
693 590
694 521
694 3
694 56
694 723
694 838
694 913
695 242
695 140
695 209
696 620
696 331
696 301
697 647
697 658
697 86
697 909
698 380
698 564
698 355
698 901
699 450
699 383
699 2
699 761
699 823
700 467
700 23
700 332
701 496
701 383
701 8
702 382
702 56
702 601
703 686
703 403
703 254
703 715
704 628
704 347
704 304
704 765
705 370
705 112
705 648
706 128
706 639
706 96
706 725
706 767
706 804
706 854
706 941
707 684
707 405
707 30
708 588
708 184
708 233
709 522
709 462
709 681
709 926
710 123
710 579
710 167
711 363
711 553
711 410
711 865
712 394
712 31
712 235
713 38
713 231
713 473
713 844
714 113
714 409
714 9
714 855
714 898
715 489
715 703
715 146
716 249
716 525
716 448
716 979
717 429
717 598
717 401
717 785
717 873
718 655
718 297
718 49
719 391
719 314
719 31
719 807
719 856
720 518
720 216
720 246
720 731
720 768
720 986
721 218
721 141
721 193
721 790
721 973
722 551
722 104
722 2
722 907
723 360
723 694
723 181
723 835
723 956
724 538
724 292
724 360
725 18
725 706
725 2
725 762
726 522
726 158
726 462
726 981
727 170
727 210
727 3
727 749
728 510
728 353
728 95
728 757
728 919
729 635
729 78
729 126
730 398
730 62
730 422
730 825
730 983
731 235
731 426
731 720
732 387
732 57
732 597
733 7
733 616
733 138
734 139
734 78
734 197
735 633
735 645
735 0
735 782
736 538
736 91
736 471
737 298
737 137
737 329
738 23
738 246
738 77
738 946
739 219
739 4
739 412
740 108
740 143
740 101
741 6
741 487
741 359
741 896
742 214
742 334
742 425
742 774
743 197
743 576
743 280
743 787
743 900
744 531
744 390
744 665
745 83
745 536
745 686
745 923
746 336
746 196
746 216
746 826
746 896
747 17
747 111
747 61
747 925
748 258
748 633
748 111
749 575
749 491
749 727
749 822
750 132
750 406
750 110
750 904
751 4
751 480
751 51
751 776
751 975
752 236
752 471
752 587
753 624
753 557
753 288
754 110
754 171
754 12
754 830
754 853
754 869
755 101
755 134
755 63
755 832
756 273
756 38
756 449
757 252
757 728
757 407
758 477
758 369
758 174
759 126
759 274
759 107
760 20
760 76
760 273
761 690
761 271
761 699
761 784
762 87
762 725
762 204
762 858
763 506
763 151
763 551
764 402
764 507
764 36
765 126
765 704
765 242
766 8
766 664
766 20
767 706
767 579
767 614
768 31
768 720
768 519
768 780
768 887
768 914
769 338
769 423
769 590
769 900
769 912
770 625
770 622
770 455
770 787
770 927
771 231
771 38
771 130
771 965
772 8
772 273
772 265
772 793
773 162
773 482
773 7
773 793
773 914
774 18
774 742
774 275
774 845
774 915
774 989
775 530
775 79
775 655
776 154
776 165
776 751
776 991
777 405
777 539
777 20
778 8
778 303
778 584
779 325
779 12
779 158
780 36
780 188
780 768
780 816
781 391
781 434
781 561
781 788
781 876
782 295
782 735
782 657
783 321
783 120
783 339
784 133
784 258
784 761
785 717
785 571
785 23
785 799
785 920
785 966
786 277
786 332
786 22
787 743
787 770
787 544
788 302
788 781
788 324
788 860
789 278
789 130
789 67
790 611
790 721
790 355
791 208
791 252
791 550
791 815
792 30
792 112
792 419
793 773
793 772
793 181
794 154
794 452
794 186
794 984
795 614
795 120
795 572
796 479
796 568
796 562
797 156
797 454
797 34
797 922
798 435
798 443
798 422
799 585
799 785
799 678
800 36
800 249
800 190
801 669
801 310
801 181
801 895
802 339
802 578
802 611
803 405
803 660
803 376
804 706
804 614
804 334
804 860
805 85
805 440
805 254
806 324
806 293
806 684
806 991
807 719
807 31
807 234
808 592
808 483
808 541
809 2
809 573
809 189
810 7
810 422
810 397
811 124
811 152
811 426
812 382
812 525
812 319
812 876
812 910
813 21
813 16
813 294
813 821
814 275
814 0
814 609
815 239
815 65
815 791
815 895
816 292
816 780
816 507
817 590
817 56
817 46
818 554
818 597
818 617
818 960
819 484
819 558
819 446
820 279
820 63
820 350
820 929
821 10
821 813
821 156
822 749
822 30
822 121
823 178
823 16
823 699
823 925
824 670
824 3
824 424
825 487
825 494
825 730
825 879
826 746
826 482
826 497
826 990
827 510
827 9
827 584
828 91
828 607
828 36
829 181
829 295
829 12
830 110
830 754
830 428
831 452
831 627
831 323
831 843
831 929
832 755
832 124
832 548
833 95
833 37
833 8
834 181
834 308
834 253
835 477
835 723
835 157
836 109
836 382
836 405
836 910
837 504
837 563
837 619
838 342
838 694
838 561
839 460
839 201
839 332
840 664
840 455
840 10
840 933
840 961
841 652
841 490
841 18
841 846
842 10
842 500
842 503
843 560
843 31
843 831
844 713
844 129
844 557
845 774
845 479
845 668
845 903
846 841
846 126
846 214
846 911
847 335
847 133
847 618
847 969
848 658
848 579
848 655
849 25
849 562
849 561
850 616
850 439
850 335
851 6
851 510
851 370
852 287
852 149
852 490
852 931
853 629
853 404
853 754
854 706
854 205
854 545
855 714
855 432
855 119
856 21
856 408
856 719
857 196
857 29
857 433
858 762
858 19
858 23
858 917
858 981
859 685
859 510
859 13
860 804
860 788
860 619
861 464
861 423
861 600
862 520
862 71
862 441
863 104
863 123
863 219
864 155
864 228
864 183
864 865
865 75
865 864
865 711
866 2
866 345
866 463
867 611
867 87
867 473
868 44
868 639
868 43
869 447
869 754
869 46
870 646
870 456
870 3
871 152
871 2
871 249
872 473
872 99
872 453
873 265
873 717
873 432
874 71
874 181
874 89
875 498
875 252
875 139
876 111
876 781
876 812
877 111
877 444
877 620
878 478
878 615
878 418
879 689
879 403
879 825
880 231
880 173
880 105
881 296
881 20
881 318
881 892
882 373
882 424
882 8
882 963
883 72
883 26
883 438
884 130
884 526
884 93
885 649
885 95
885 319
886 646
886 154
886 30
887 244
887 768
887 187
888 578
888 526
888 118
888 968
889 603
889 254
889 158
890 196
890 11
890 543
891 360
891 176
891 1
891 897
892 125
892 881
892 545
893 427
893 137
893 149
893 920
894 11
894 628
894 570
895 801
895 126
895 815
896 746
896 741
896 521
897 22
897 891
897 140
898 239
898 235
898 714
899 493
899 115
899 525
900 282
900 769
900 743
900 961
901 698
901 106
901 348
901 970
902 655
902 53
902 250
903 845
903 96
903 400
904 481
904 750
904 148
905 433
905 18
905 41
905 942
906 512
906 225
906 356
907 722
907 458
907 459
908 659
908 133
908 11
908 985
909 63
909 33
909 697
910 143
910 836
910 812
911 846
911 88
911 433
912 284
912 769
912 192
913 232
913 661
913 694
914 773
914 768
914 462
915 554
915 58
915 774
916 161
916 170
916 143
917 362
917 650
917 858
917 985
918 159
918 130
918 320
919 728
919 88
919 262
920 785
920 221
920 893
921 644
921 291
921 109
921 960
922 11
922 797
922 252
923 561
923 745
923 521
924 352
924 101
924 653
925 747
925 122
925 823
926 709
926 412
926 75
926 942
927 267
927 73
927 770
928 359
928 401
928 486
929 544
929 820
929 831
930 541
930 87
930 219
930 971
931 685
931 852
931 509
932 272
932 26
932 458
933 840
933 345
933 467
934 256
934 504
934 454
935 154
935 125
935 158
936 310
936 1
936 318
937 443
937 426
937 467
938 19
938 123
938 182
939 332
939 177
939 280
939 994
940 555
940 17
940 332
941 424
941 89
941 706
942 541
942 926
942 905
943 6
943 15
943 146
944 234
944 137
944 480
945 592
945 106
945 12
946 124
946 738
946 344
946 992
947 138
947 457
947 257
948 20
948 330
948 368
949 626
949 537
949 580
950 494
950 642
950 118
951 277
951 275
951 298
952 50
952 528
952 515
953 558
953 270
953 208
954 114
954 519
954 149
955 82
955 553
955 223
956 83
956 13
956 723
957 163
957 666
957 180
957 994
958 61
958 444
958 585
959 102
959 89
959 5
960 818
960 358
960 921
961 900
961 840
961 108
962 234
962 71
962 120
963 62
963 882
963 528
964 6
964 483
964 418
965 771
965 682
965 29
966 74
966 167
966 785
967 3
967 111
967 620
968 192
968 160
968 888
969 847
969 61
969 620
970 901
970 420
970 611
971 275
971 104
971 930
972 652
972 434
972 261
973 488
973 237
973 721
973 993
974 357
974 312
974 169
974 990
975 581
975 332
975 751
976 577
976 307
976 155
977 479
977 132
977 304
978 68
978 542
978 220
978 999
979 102
979 716
979 505
980 358
980 74
980 167
981 858
981 726
981 528
982 425
982 106
982 572
983 730
983 300
983 668
984 342
984 794
984 142
985 908
985 917
985 592
986 430
986 720
986 548
987 165
987 27
987 122
988 631
988 138
988 677
989 774
989 597
989 155
990 826
990 974
990 79
991 315
991 806
991 776
992 946
992 207
992 20
993 973
993 425
993 75
994 939
994 957
994 590
995 101
995 49
995 578
996 165
996 561
996 257
997 293
997 57
997 36
998 169
998 91
998 312
999 978
999 649
999 235
