0 1
0 2
0 3
0 5
0 6
0 13
0 14
1 0
1 2
1 3
1 4
1 5
1 6
1 7
2 0
2 1
2 3
2 4
2 5
2 6
2 10
3 2
3 0
3 1
3 4
3 12
3 16
3 22
4 3
4 1
4 2
4 23
4 31
4 47
4 49
5 0
5 2
5 1
5 7
5 11
5 13
5 14
6 1
6 0
6 2
6 7
6 8
6 9
6 11
7 1
7 6
7 5
7 8
7 9
7 10
7 22
8 1
8 6
8 7
8 9
8 10
8 12
8 23
9 8
9 6
9 7
9 17
9 25
9 61
9 69
10 8
10 2
10 7
10 11
10 36
10 42
10 45
11 5
11 6
11 10
11 21
11 45
11 54
11 64
12 3
12 2
12 8
12 15
12 20
12 25
12 35
13 0
13 2
13 5
13 15
13 20
13 32
13 33
14 0
14 5
14 2
14 15
14 17
14 27
14 28
15 13
15 14
15 12
15 16
15 19
15 32
15 36
16 15
16 3
16 1
16 63
16 70
17 14
17 2
17 9
17 24
17 27
17 28
17 30
18 0
18 6
18 2
18 21
18 32
18 57
18 84
19 5
19 0
19 15
19 20
19 23
19 27
19 43
20 12
20 19
20 13
20 34
20 47
20 49
20 83
21 6
21 11
21 18
21 22
21 41
21 52
22 3
22 7
22 21
22 66
23 8
23 4
23 19
23 26
23 34
23 73
23 93
24 17
24 0
24 7
24 28
24 30
24 35
24 41
25 8
25 12
25 9
25 26
25 40
25 51
25 71
26 25
26 0
26 23
26 44
26 53
26 61
26 65
27 19
27 17
27 14
27 33
27 37
27 39
28 17
28 14
28 24
28 31
28 44
28 59
28 68
29 7
29 2
29 6
29 55
29 86
30 24
30 17
30 6
30 94
31 28
31 4
31 14
31 48
32 13
32 18
32 15
32 43
32 51
32 62
32 64
33 7
33 27
33 13
34 20
34 2
34 23
34 95
35 24
35 12
35 17
35 53
36 15
36 10
36 1
36 50
36 58
36 82
36 91
37 2
37 7
37 27
38 6
38 2
38 7
38 76
39 15
39 7
39 27
39 83
40 2
40 25
40 1
40 59
40 64
40 94
41 24
41 1
41 21
41 48
41 56
41 58
41 96
42 14
42 10
42 3
42 50
42 52
42 67
42 68
43 19
43 3
43 32
43 74
44 2
44 26
44 28
45 15
45 10
45 11
45 46
45 78
45 80
45 85
46 10
46 5
46 45
46 55
46 62
46 67
46 69
47 4
47 8
47 20
48 41
48 5
48 31
48 80
49 20
49 4
49 2
50 42
50 12
50 36
50 54
50 56
50 63
50 81
51 25
51 1
51 32
51 59
51 69
51 75
52 42
52 8
52 21
53 35
53 26
53 17
53 67
53 72
53 76
53 88
54 3
54 50
54 11
54 60
54 61
54 90
55 29
55 46
55 10
56 12
56 50
56 41
56 57
57 56
57 18
57 6
58 41
58 5
58 36
58 65
58 71
59 40
59 28
59 51
60 2
60 54
60 10
60 79
60 81
61 9
61 26
61 54
61 92
62 14
62 32
62 46
63 50
63 2
63 16
63 76
64 32
64 40
64 11
65 26
65 58
65 4
65 81
66 22
66 2
66 17
67 46
67 53
67 42
67 87
68 28
68 42
68 3
69 46
69 9
69 51
70 6
70 1
70 16
71 58
71 25
71 28
71 98
72 53
72 6
72 9
73 3
73 23
73 28
74 9
74 43
74 26
74 79
74 95
75 4
75 19
75 51
76 38
76 53
76 63
77 4
77 3
77 6
78 45
78 7
78 3
78 90
79 60
79 74
79 25
79 95
80 48
80 45
80 3
80 90
81 65
81 50
81 60
82 3
82 36
82 28
83 20
83 39
83 14
84 18
84 14
84 2
85 28
85 2
85 45
86 29
86 8
86 26
86 87
86 88
87 67
87 50
87 86
88 86
88 53
88 5
89 45
89 50
89 17
90 78
90 80
90 54
91 36
91 9
91 10
92 61
92 3
92 25
93 23
93 9
93 36
94 30
94 23
94 40
95 34
95 79
95 74
96 41
96 24
96 9
97 19
97 42
97 26
98 71
98 5
98 8
99 4
99 18
99 7
