0 1
1 0
2 0
2 1
3 2
3 0
3 1
4 0
4 2
4 1
5 1
5 0
5 3
6 5
6 3
6 2
7 1
7 0
7 4
8 2
8 0
8 5
9 1
9 3
9 2
10 1
10 3
10 0
11 0
11 1
11 10
12 1
12 0
12 7
13 2
13 0
13 1
14 0
14 2
14 5
15 0
15 2
15 5
16 2
16 0
16 3
17 3
17 10
17 2
18 2
18 15
18 3
19 0
19 1
19 3
20 4
20 15
20 3
21 2
21 14
21 1
22 8
22 3
22 0
23 13
23 2
23 1
24 20
24 2
24 7
25 1
25 7
25 9
26 23
26 2
26 14
27 1
27 11
27 22
28 7
28 20
28 1
29 0
29 11
29 3
30 3
30 25
30 2
31 15
31 30
31 0
32 2
32 7
32 3
33 28
33 0
33 9
34 13
34 2
34 5
35 13
35 15
35 0
36 7
36 1
36 20
37 2
37 7
37 1
38 28
38 32
38 0
39 33
39 1
39 20
40 6
40 1
40 3
41 0
41 2
41 1
42 29
42 20
42 3
43 0
43 2
43 21
44 2
44 7
44 8
45 38
45 11
45 43
46 7
46 21
46 9
47 43
47 28
47 41
48 17
48 2
48 22
49 37
49 1
49 2
50 42
50 43
50 31
51 28
51 33
51 1
52 3
52 19
52 2
53 20
53 2
53 35
54 11
54 3
54 38
55 41
55 1
55 4
56 1
56 39
56 49
57 1
57 38
57 14
58 1
58 2
58 38
59 29
59 35
59 19
60 1
60 7
60 47
61 16
61 12
61 43
62 32
62 45
62 53
63 33
63 1
63 7
64 39
64 0
64 1
65 3
65 1
65 10
66 44
66 54
66 15
67 15
67 0
67 11
68 14
68 50
68 2
69 50
69 28
69 5
70 29
70 47
70 16
71 57
71 15
71 2
72 63
72 45
72 11
73 22
73 43
73 38
74 1
74 11
74 58
75 22
75 7
75 42
76 39
76 3
76 22
77 57
77 39
77 73
78 1
78 0
78 9
79 35
79 51
79 39
80 21
80 1
80 70
81 3
81 28
81 48
82 58
82 10
82 3
83 0
83 31
83 17
84 15
84 22
84 52
85 63
85 58
85 26
86 75
86 77
86 2
87 28
87 32
87 2
88 70
88 7
88 5
89 31
89 69
89 2
90 39
90 14
90 8
91 4
91 76
91 62
92 74
92 65
92 15
93 13
93 4
93 43
94 20
94 1
94 41
95 47
95 2
95 4
96 17
96 44
96 19
97 34
97 5
97 28
98 1
98 39
98 20
99 43
99 72
99 0
