0 1
1 0
2 1
2 0
3 0
3 1
3 2
4 0
4 1
4 3
5 0
5 1
5 3
6 1
6 0
6 2
7 2
7 1
7 3
8 1
8 6
8 3
9 1
9 2
9 0
10 3
10 0
10 1
11 1
11 3
11 6
12 11
12 1
12 2
13 12
13 4
13 11
14 2
14 9
14 3
15 5
15 0
15 1
16 3
16 1
16 7
17 6
17 2
17 1
18 16
18 4
18 15
19 11
19 1
19 15
20 12
20 4
20 18
21 0
21 19
21 9
22 20
22 3
22 1
23 20
23 12
23 8
24 6
24 0
24 3
25 1
25 0
25 4
26 7
26 2
26 12
27 26
27 22
27 4
28 26
28 6
28 16
29 16
29 6
29 0
30 4
30 13
30 0
31 4
31 14
31 15
32 6
32 5
32 30
33 12
33 4
33 29
34 6
34 12
34 3
35 7
35 3
35 9
36 5
36 12
36 1
37 15
37 3
37 29
38 4
38 3
38 9
39 1
39 34
39 6
40 0
40 14
40 15
41 3
41 16
41 1
42 38
42 7
42 6
43 26
43 0
43 7
44 3
44 18
44 24
45 1
45 8
45 0
46 43
46 21
46 1
47 37
47 34
47 38
48 29
48 16
48 45
49 1
49 15
49 9
