0 1
1 0
2 1
2 0
3 2
3 1
3 0
4 0
4 1
4 2
5 1
5 4
5 3
6 0
6 4
6 2
7 3
7 2
7 1
8 0
8 2
8 6
9 5
9 2
9 1
10 1
10 2
10 5
11 2
11 4
11 8
12 1
12 0
12 10
13 0
13 5
13 4
14 1
14 0
14 2
15 0
15 4
15 2
16 5
16 4
16 2
17 2
17 5
17 16
18 4
18 0
18 17
19 4
19 3
19 15
20 3
20 12
20 18
21 15
21 18
21 1
22 1
22 21
22 4
23 19
23 13
23 10
24 17
24 6
24 4
25 15
25 3
25 2
26 24
26 6
26 14
27 10
27 0
27 25
28 0
28 6
28 14
29 13
29 4
29 21
30 29
30 0
30 6
31 11
31 0
31 21
32 15
32 23
32 2
33 2
33 21
33 18
34 1
34 5
34 19
35 16
35 19
35 2
36 0
36 34
36 6
37 0
37 23
37 2
38 0
38 1
38 5
39 14
39 1
39 16
40 27
40 2
40 29
41 1
41 6
41 21
42 13
42 2
42 26
43 1
43 36
43 21
44 30
44 41
44 21
45 6
45 13
45 1
46 45
46 21
46 29
47 2
47 9
47 1
48 6
48 17
48 18
49 19
49 16
49 10
50 49
50 21
50 16
51 1
51 20
51 15
52 2
52 19
52 43
53 46
53 21
53 14
54 11
54 5
54 0
55 0
55 53
55 10
56 51
56 8
56 6
57 17
57 11
57 1
58 10
58 19
58 3
59 4
59 2
59 39
60 6
60 4
60 19
61 7
61 28
61 1
62 3
62 42
62 5
63 1
63 33
63 5
64 41
64 1
64 3
65 59
65 30
65 54
66 1
66 2
66 25
67 53
67 11
67 4
68 29
68 0
68 2
69 51
69 0
69 39
70 10
70 1
70 30
71 42
71 4
71 1
72 1
72 39
72 14
73 4
73 29
73 3
74 2
74 60
74 46
75 55
75 43
75 7
76 29
76 0
76 1
77 4
77 27
77 19
78 1
78 6
78 59
79 4
79 51
79 52
80 62
80 24
80 0
81 17
81 2
81 5
82 65
82 10
82 63
83 3
83 15
83 6
84 18
84 13
84 3
85 60
85 20
85 23
86 60
86 27
86 4
87 31
87 6
87 7
88 0
88 25
88 5
89 76
89 4
89 3
90 1
90 6
90 50
91 23
91 26
91 67
92 62
92 2
92 1
93 10
93 1
93 49
94 35
94 1
94 46
95 0
95 43
95 34
96 69
96 39
96 7
97 59
97 42
97 32
98 81
98 12
98 41
99 51
99 9
99 84
100 27
100 1
100 67
101 33
101 2
101 42
102 32
102 10
102 5
103 1
103 53
103 102
104 1
104 18
104 2
105 4
105 81
105 39
106 25
106 40
106 68
107 27
107 0
107 100
108 29
108 4
108 1
109 15
109 29
109 1
110 2
110 31
110 10
111 33
111 38
111 84
112 1
112 0
112 107
113 16
113 26
113 24
114 2
114 41
114 34
115 50
115 63
115 40
116 15
116 27
116 7
117 1
117 44
117 49
118 10
118 1
118 15
119 31
119 106
119 41
120 35
120 2
120 37
121 91
121 23
121 56
122 28
122 60
122 86
123 24
123 40
123 16
124 114
124 34
124 18
125 116
125 1
125 109
126 45
126 121
126 6
127 86
127 89
127 4
128 113
128 25
128 87
129 118
129 24
129 23
130 45
130 88
130 37
131 40
131 89
131 1
132 2
132 76
132 42
133 76
133 94
133 6
134 132
134 76
134 63
135 76
135 11
135 24
136 3
136 132
136 1
137 71
137 102
137 54
138 15
138 42
138 84
139 54
139 137
139 69
140 79
140 47
140 114
141 4
141 120
141 106
142 6
142 104
142 3
143 33
143 4
143 135
144 51
144 0
144 135
145 114
145 2
145 94
146 41
146 4
146 28
147 73
147 0
147 91
148 91
148 19
148 21
149 13
149 47
149 116
150 93
150 133
150 116
151 97
151 19
151 22
152 9
152 39
152 0
153 44
153 116
153 17
154 72
154 105
154 27
155 6
155 40
155 77
156 31
156 27
156 111
157 145
157 81
157 91
158 113
158 3
158 124
159 31
159 134
159 69
160 6
160 40
160 4
161 3
161 2
161 0
162 51
162 5
162 30
163 63
163 1
163 157
164 17
164 74
164 26
165 95
165 54
165 2
166 127
166 0
166 16
167 2
167 29
167 23
168 101
168 43
168 124
169 85
169 21
169 124
170 116
170 6
170 28
171 12
171 4
171 43
172 1
172 128
172 41
173 2
173 4
173 149
174 48
174 122
174 32
175 1
175 120
175 74
176 50
176 135
176 18
177 1
177 145
177 3
178 62
178 1
178 65
179 89
179 90
179 1
180 6
180 51
180 103
181 15
181 77
181 6
182 27
182 1
182 23
183 47
183 65
183 149
184 75
184 124
184 2
185 148
185 1
185 28
186 66
186 128
186 93
187 56
187 2
187 155
188 5
188 186
188 48
189 137
189 7
189 9
190 64
190 3
190 28
191 19
191 57
191 139
192 30
192 6
192 188
193 187
193 17
193 91
194 91
194 65
194 144
195 44
195 192
195 2
196 138
196 29
196 4
197 81
197 2
197 4
198 34
198 65
198 3
199 91
199 11
199 26
200 86
200 9
200 33
201 48
201 6
201 65
202 10
202 14
202 26
203 160
203 158
203 59
204 122
204 17
204 47
205 42
205 26
205 198
206 87
206 90
206 89
207 66
207 12
207 168
208 15
208 83
208 113
209 106
209 16
209 65
210 6
210 5
210 158
211 5
211 64
211 4
212 7
212 11
212 4
213 181
213 49
213 70
214 22
214 65
214 31
215 64
215 4
215 71
216 46
216 6
216 1
217 56
217 14
217 15
218 14
218 20
218 47
219 201
219 101
219 132
220 1
220 107
220 170
221 153
221 120
221 1
222 114
222 173
222 98
223 107
223 0
223 73
224 160
224 2
224 158
225 88
225 13
225 101
226 10
226 146
226 200
227 6
227 195
227 4
228 0
228 76
228 49
229 224
229 155
229 49
230 54
230 63
230 15
231 187
231 44
231 79
232 1
232 102
232 109
233 89
233 19
233 0
234 5
234 33
234 65
235 1
235 2
235 81
236 22
236 15
236 4
237 128
237 3
237 227
238 97
238 49
238 1
239 118
239 23
239 2
240 0
240 6
240 37
241 1
241 4
241 174
242 108
242 18
242 15
243 219
243 2
243 26
244 112
244 24
244 131
245 4
245 197
245 1
246 76
246 1
246 83
247 188
247 26
247 1
248 4
248 54
248 49
249 2
249 5
249 109
250 173
250 99
250 3
251 142
251 51
251 89
252 152
252 28
252 0
253 19
253 34
253 176
254 250
254 43
254 100
255 54
255 21
255 141
256 176
256 28
256 64
257 44
257 1
257 98
258 233
258 1
258 229
259 202
259 34
259 209
260 163
260 14
260 4
261 96
261 2
261 27
262 149
262 152
262 106
263 93
263 229
263 53
264 32
264 0
264 37
265 0
265 46
265 232
266 0
266 248
266 1
267 168
267 145
267 178
268 122
268 3
268 224
269 227
269 7
269 204
270 13
270 144
270 4
271 1
271 24
271 63
272 84
272 1
272 218
273 118
273 0
273 45
274 0
274 150
274 157
275 1
275 34
275 42
276 236
276 28
276 238
277 2
277 238
277 93
278 54
278 2
278 149
279 23
279 28
279 122
280 161
280 2
280 176
281 81
281 26
281 0
282 1
282 182
282 257
283 254
283 122
283 19
284 74
284 46
284 0
285 41
285 179
285 213
286 270
286 67
286 19
287 232
287 1
287 28
288 120
288 3
288 14
289 250
289 179
289 53
290 1
290 11
290 12
291 1
291 87
291 3
292 242
292 276
292 10
293 4
293 40
293 6
294 259
294 83
294 138
295 8
295 258
295 242
296 250
296 4
296 17
297 0
297 81
297 83
298 253
298 34
298 1
299 230
299 134
299 18
300 1
300 108
300 3
301 49
301 24
301 3
302 51
302 129
302 70
303 114
303 275
303 5
304 87
304 45
304 28
305 91
305 2
305 246
306 13
306 69
306 256
307 172
307 93
307 1
308 1
308 141
308 90
309 266
309 7
309 205
310 0
310 91
310 23
311 141
311 29
311 5
312 176
312 250
312 76
313 132
313 26
313 73
314 87
314 229
314 119
315 207
315 5
315 80
316 1
316 11
316 209
317 137
317 59
317 15
318 104
318 4
318 1
319 237
319 2
319 80
320 12
320 119
320 2
321 63
321 4
321 145
322 245
322 1
322 287
323 111
323 34
323 83
324 3
324 22
324 112
325 147
325 58
325 18
326 227
326 50
326 1
327 29
327 17
327 97
328 2
328 0
328 140
329 0
329 177
329 300
330 276
330 51
330 199
331 215
331 5
331 13
332 143
332 1
332 138
333 26
333 242
333 114
334 319
334 18
334 227
335 215
335 21
335 310
336 1
336 285
336 2
337 51
337 18
337 28
338 40
338 65
338 0
339 280
339 277
339 181
340 255
340 69
340 117
341 228
341 268
341 161
342 1
342 139
342 63
343 3
343 112
343 66
344 11
344 121
344 33
345 2
345 81
345 86
346 51
346 273
346 338
347 13
347 5
347 345
348 238
348 87
348 3
349 3
349 2
349 1
350 3
350 1
350 348
351 135
351 181
351 161
352 65
352 325
352 174
353 21
353 2
353 30
354 4
354 315
354 6
355 197
355 259
355 34
356 4
356 50
356 1
357 136
357 256
357 330
358 282
358 15
358 47
359 28
359 82
359 4
360 99
360 237
360 69
361 50
361 31
361 79
362 243
362 33
362 24
363 5
363 1
363 4
364 2
364 353
364 144
365 50
365 79
365 107
366 269
366 116
366 4
367 21
367 127
367 139
368 245
368 264
368 33
369 195
369 187
369 335
370 283
370 0
370 260
371 17
371 218
371 121
372 163
372 199
372 108
373 201
373 150
373 10
374 9
374 288
374 208
375 1
375 133
375 10
376 157
376 65
376 6
377 50
377 367
377 76
378 44
378 296
378 201
379 369
379 31
379 32
380 348
380 196
380 347
381 362
381 77
381 316
382 145
382 6
382 31
383 42
383 366
383 6
384 19
384 268
384 195
385 1
385 236
385 114
386 302
386 81
386 89
387 19
387 5
387 209
388 331
388 259
388 197
389 77
389 270
389 134
390 320
390 10
390 43
391 116
391 53
391 28
392 50
392 11
392 7
393 324
393 0
393 27
394 207
394 222
394 29
395 4
395 33
395 215
396 58
396 150
396 171
397 138
397 97
397 208
398 0
398 266
398 214
399 295
399 23
399 2
400 390
400 117
400 319
401 23
401 36
401 235
402 24
402 255
402 14
403 312
403 42
403 267
404 34
404 2
404 1
405 233
405 207
405 76
406 4
406 378
406 395
407 1
407 17
407 27
408 150
408 96
408 18
409 53
409 2
409 24
410 251
410 149
410 314
411 286
411 28
411 15
412 41
412 244
412 2
413 3
413 363
413 0
414 2
414 271
414 264
415 50
415 40
415 10
416 220
416 81
416 287
417 116
417 327
417 26
418 102
418 153
418 208
419 70
419 192
419 276
420 403
420 218
420 21
421 4
421 2
421 91
422 227
422 17
422 4
423 93
423 73
423 393
424 375
424 128
424 151
425 1
425 152
425 388
426 3
426 47
426 326
427 79
427 207
427 43
428 321
428 381
428 13
429 320
429 229
429 252
430 220
430 381
430 278
431 241
431 86
431 49
432 23
432 19
432 215
433 389
433 1
433 308
434 249
434 116
434 425
435 97
435 2
435 297
436 64
436 346
436 65
437 4
437 251
437 61
438 29
438 183
438 33
439 383
439 251
439 55
440 6
440 425
440 28
441 1
441 161
441 350
442 1
442 29
442 122
443 354
443 4
443 45
444 118
444 49
444 302
445 359
445 196
445 80
446 13
446 1
446 92
447 361
447 230
447 79
448 23
448 242
448 309
449 246
449 217
449 24
450 176
450 158
450 14
451 106
451 185
451 29
452 109
452 98
452 4
453 203
453 3
453 50
454 244
454 243
454 238
455 26
455 405
455 157
456 60
456 345
456 254
457 300
457 42
457 19
458 192
458 169
458 218
459 150
459 10
459 363
460 266
460 17
460 4
461 391
461 170
461 133
462 422
462 9
462 58
463 1
463 0
463 14
464 6
464 458
464 391
465 332
465 13
465 6
466 241
466 200
466 18
467 74
467 13
467 21
468 207
468 23
468 444
469 264
469 196
469 21
470 227
470 373
470 113
471 13
471 28
471 332
472 154
472 170
472 152
473 208
473 27
473 127
474 221
474 165
474 55
475 306
475 97
475 167
476 15
476 89
476 1
477 34
477 6
477 78
478 465
478 309
478 19
479 65
479 15
479 79
480 297
480 10
480 192
481 51
481 24
481 10
482 14
482 3
482 5
483 144
483 319
483 62
484 197
484 0
484 116
485 1
485 138
485 438
486 199
486 345
486 303
487 2
487 229
487 295
488 49
488 10
488 14
489 93
489 116
489 91
490 4
490 465
490 324
491 344
491 316
491 367
492 152
492 15
492 348
493 4
493 273
493 191
494 29
494 88
494 4
495 26
495 2
495 256
496 214
496 330
496 1
497 334
497 6
497 140
498 270
498 27
498 29
499 487
499 293
499 2
