0 1
1 0
2 0
2 1
3 1
3 0
3 2
4 1
4 0
4 2
5 1
5 0
5 4
6 1
6 2
6 0
7 1
7 0
7 4
8 0
8 7
8 2
9 1
9 2
9 5
10 1
10 2
10 7
11 2
11 1
11 8
12 2
12 4
12 0
13 4
13 7
13 0
14 6
14 0
14 1
15 3
15 14
15 7
16 6
16 3
16 1
17 7
17 2
17 15
18 12
18 2
18 5
19 2
19 13
19 10
20 0
20 15
20 1
21 2
21 20
21 1
22 7
22 1
22 18
23 17
23 12
23 0
24 12
24 0
24 6
25 2
25 7
25 1
26 2
26 1
26 16
27 16
27 8
27 10
28 1
28 10
28 6
29 2
29 25
29 16
30 25
30 0
30 28
31 3
31 15
31 11
32 2
32 6
32 4
33 25
33 0
33 16
34 2
34 23
34 28
35 20
35 16
35 23
36 35
36 11
36 33
37 2
37 25
37 4
38 26
38 19
38 1
39 3
39 11
39 7
40 6
40 13
40 12
41 32
41 25
41 0
42 2
42 37
42 10
43 8
43 15
43 2
44 34
44 8
44 2
45 4
45 1
45 42
46 1
46 12
46 41
47 33
47 13
47 25
48 15
48 5
48 28
49 8
49 1
49 22
50 21
50 2
50 28
51 0
51 4
51 36
52 43
52 5
52 23
53 41
53 7
53 2
54 13
54 4
54 29
55 34
55 1
55 0
56 15
56 1
56 36
57 32
57 34
57 0
58 43
58 23
58 1
59 19
59 2
59 53
60 48
60 51
60 12
61 34
61 43
61 1
62 13
62 10
62 34
63 19
63 34
63 13
64 53
64 13
64 1
65 28
65 0
65 19
66 64
66 0
66 36
67 3
67 8
67 64
68 43
68 24
68 36
69 14
69 13
69 8
70 28
70 38
70 44
71 3
71 0
71 54
72 1
72 0
72 16
73 65
73 19
73 51
74 0
74 15
74 10
75 39
75 66
75 51
76 53
76 10
76 16
77 19
77 2
77 71
78 0
78 26
78 21
79 70
79 51
79 47
80 41
80 6
80 14
81 5
81 21
81 3
82 36
82 25
82 39
83 76
83 82
83 1
84 18
84 0
84 46
85 36
85 19
85 2
86 28
86 19
86 2
87 15
87 36
87 17
88 3
88 2
88 11
89 55
89 48
89 40
90 29
90 2
90 3
91 43
91 55
91 18
92 31
92 1
92 38
93 15
93 14
93 65
94 24
94 40
94 82
95 7
95 84
95 69
96 82
96 7
96 3
97 34
97 7
97 61
98 70
98 19
98 65
99 49
99 54
99 23
100 73
100 36
100 78
101 11
101 18
101 80
102 72
102 53
102 6
103 10
103 17
103 7
104 78
104 8
104 6
105 1
105 35
105 18
106 18
106 16
106 0
107 7
107 15
107 78
108 2
108 46
108 34
109 2
109 13
109 15
110 62
110 91
110 26
111 109
111 19
111 24
112 106
112 24
112 10
113 106
113 0
113 37
114 43
114 6
114 77
115 1
115 10
115 21
116 77
116 22
116 6
117 82
117 11
117 36
118 32
118 1
118 78
119 13
119 43
119 18
120 7
120 22
120 38
121 4
121 13
121 37
122 41
122 1
122 109
123 12
123 2
123 17
124 26
124 19
124 4
125 1
125 51
125 81
126 12
126 33
126 91
127 78
127 114
127 1
128 19
128 53
128 78
129 36
129 10
129 1
130 125
130 89
130 2
131 79
131 36
131 14
132 84
132 43
132 76
133 13
133 86
133 3
134 1
134 36
134 124
135 25
135 91
135 43
136 0
136 102
136 21
137 70
137 125
137 25
138 1
138 19
138 5
139 70
139 81
139 100
140 1
140 81
140 109
141 124
141 70
141 72
142 19
142 1
142 97
143 1
143 13
143 2
144 70
144 79
144 0
145 1
145 28
145 25
146 111
146 12
146 0
147 19
147 34
147 2
148 146
148 125
148 35
149 12
149 33
149 125
150 121
150 51
150 16
151 19
151 70
151 13
152 66
152 1
152 22
153 10
153 1
153 132
154 10
154 12
154 2
155 134
155 98
155 106
156 32
156 44
156 65
157 9
157 59
157 43
158 11
158 146
158 34
159 2
159 53
159 89
160 70
160 12
160 76
161 2
161 12
161 90
162 63
162 114
162 7
163 23
163 25
163 22
164 90
164 1
164 18
165 71
165 19
165 66
166 74
166 12
166 158
167 92
167 72
167 13
168 7
168 106
168 71
169 1
169 43
169 50
170 80
170 136
170 27
171 7
171 62
171 125
172 165
172 6
172 147
173 4
173 25
173 38
174 1
174 70
174 102
175 37
175 38
175 49
176 24
176 73
176 25
177 70
177 10
177 1
178 139
178 7
178 26
179 2
179 1
179 79
180 7
180 1
180 14
181 106
181 43
181 50
182 171
182 6
182 109
183 0
183 66
183 156
184 3
184 114
184 131
185 156
185 5
185 0
186 96
186 18
186 53
187 132
187 126
187 43
188 129
188 2
188 25
189 7
189 4
189 10
190 3
190 136
190 19
191 53
191 75
191 2
192 150
192 2
192 37
193 3
193 130
193 51
194 152
194 0
194 117
195 6
195 115
195 188
196 138
196 15
196 80
197 106
197 68
197 90
198 62
198 20
198 18
199 18
199 134
199 122
200 62
200 145
200 109
201 50
201 147
201 72
202 51
202 40
202 15
203 54
203 62
203 22
204 6
204 147
204 169
205 18
205 97
205 82
206 103
206 2
206 50
207 26
207 89
207 178
208 109
208 112
208 118
209 78
209 43
209 164
210 106
210 100
210 0
211 135
211 83
211 43
212 115
212 2
212 152
213 53
213 70
213 0
214 82
214 36
214 144
215 185
215 29
215 2
216 78
216 205
216 100
217 157
217 125
217 38
218 84
218 208
218 6
219 72
219 210
219 91
220 6
220 135
220 70
221 7
221 109
221 1
222 113
222 43
222 64
223 31
223 118
223 66
224 82
224 140
224 28
225 6
225 1
225 0
226 1
226 139
226 10
227 196
227 9
227 79
228 173
228 1
228 152
229 15
229 14
229 97
230 36
230 96
230 151
231 113
231 37
231 56
232 22
232 86
232 158
233 24
233 188
233 102
234 76
234 13
234 3
235 51
235 38
235 0
236 214
236 14
236 69
237 15
237 157
237 13
238 48
238 29
238 41
239 14
239 50
239 64
240 139
240 69
240 122
241 53
241 70
241 51
242 43
242 185
242 14
243 17
243 42
243 1
244 158
244 28
244 31
245 1
245 203
245 114
246 90
246 145
246 8
247 129
247 64
247 11
248 111
248 10
248 51
249 242
249 113
249 26
250 19
250 198
250 28
251 2
251 6
251 90
252 79
252 12
252 22
253 12
253 38
253 224
254 28
254 162
254 5
255 52
255 115
255 23
256 76
256 140
256 199
257 130
257 173
257 0
258 224
258 152
258 178
259 232
259 201
259 152
260 79
260 23
260 135
261 32
261 236
261 1
262 38
262 92
262 10
263 178
263 251
263 26
264 65
264 66
264 140
265 199
265 2
265 3
266 1
266 102
266 114
267 223
267 165
267 33
268 146
268 21
268 44
269 73
269 249
269 72
270 106
270 2
270 28
271 63
271 1
271 163
272 148
272 223
272 156
273 43
273 1
273 55
274 114
274 7
274 13
275 8
275 1
275 138
276 82
276 34
276 272
277 80
277 159
277 237
278 141
278 59
278 0
279 44
279 202
279 130
280 68
280 261
280 33
281 82
281 215
281 48
282 110
282 208
282 50
283 77
283 19
283 164
284 17
284 201
284 13
285 28
285 62
285 6
286 7
286 227
286 187
287 25
287 72
287 76
288 2
288 277
288 213
289 103
289 13
289 33
290 4
290 236
290 15
291 134
291 97
291 172
292 7
292 87
292 0
293 22
293 249
293 16
294 22
294 66
294 130
295 128
295 234
295 173
296 113
296 215
296 180
297 36
297 127
297 1
298 65
298 218
298 28
299 70
299 178
299 5
300 146
300 70
300 33
301 1
301 257
301 297
302 106
302 233
302 13
303 134
303 99
303 152
304 5
304 159
304 247
305 108
305 100
305 216
306 8
306 142
306 138
307 115
307 3
307 147
308 96
308 216
308 150
309 1
309 176
309 101
310 239
310 113
310 98
311 26
311 18
311 203
312 111
312 77
312 130
313 0
313 227
313 234
314 99
314 312
314 36
315 148
315 2
315 1
316 83
316 1
316 76
317 65
317 143
317 198
318 178
318 105
318 25
319 83
319 61
319 23
320 1
320 72
320 174
321 16
321 51
321 71
322 65
322 221
322 284
323 298
323 6
323 169
324 205
324 188
324 25
325 71
325 33
325 263
326 59
326 18
326 10
327 3
327 52
327 128
328 23
328 6
328 0
329 132
329 0
329 105
330 145
330 126
330 248
331 10
331 85
331 30
332 125
332 0
332 275
333 173
333 31
333 5
334 8
334 169
334 224
335 110
335 260
335 217
336 253
336 0
336 274
337 288
337 23
337 100
338 109
338 102
338 282
339 11
339 25
339 6
340 19
340 84
340 109
341 170
341 84
341 118
342 108
342 140
342 78
343 69
343 282
343 53
344 193
344 79
344 216
345 72
345 0
345 45
346 39
346 185
346 245
347 198
347 256
347 184
348 169
348 78
348 137
349 3
349 76
349 64
350 6
350 139
350 68
351 19
351 1
351 147
352 33
352 203
352 106
353 352
353 62
353 141
354 221
354 304
354 21
355 16
355 291
355 167
356 8
356 6
356 1
357 281
357 88
357 293
358 13
358 33
358 321
359 54
359 2
359 130
360 13
360 71
360 107
361 145
361 146
361 19
362 269
362 257
362 262
363 259
363 0
363 169
364 249
364 5
364 239
365 13
365 263
365 3
366 204
366 33
366 2
367 11
367 236
367 279
368 3
368 150
368 39
369 2
369 349
369 61
370 170
370 130
370 320
371 28
371 251
371 2
372 0
372 129
372 302
373 299
373 78
373 66
374 19
374 148
374 13
375 160
375 22
375 349
376 137
376 6
376 221
377 350
377 105
377 36
378 298
378 23
378 361
379 101
379 205
379 159
380 340
380 1
380 195
381 299
381 2
381 125
382 36
382 222
382 169
383 23
383 44
383 96
384 224
384 105
384 364
385 295
385 31
385 152
386 19
386 257
386 199
387 71
387 33
387 2
388 247
388 15
388 306
389 15
389 2
389 188
390 353
390 7
390 225
391 150
391 273
391 322
392 242
392 324
392 118
393 2
393 105
393 168
394 109
394 76
394 254
395 2
395 375
395 348
396 49
396 1
396 201
397 23
397 265
397 25
398 82
398 350
398 2
399 170
399 19
399 3
400 208
400 139
400 144
401 1
401 7
401 223
402 154
402 1
402 377
403 78
403 246
403 130
404 259
404 326
404 242
405 4
405 2
405 238
406 9
406 131
406 22
407 251
407 204
407 276
408 19
408 109
408 255
409 21
409 141
409 67
410 299
410 28
410 399
411 168
411 72
411 20
412 319
412 11
412 320
413 20
413 111
413 323
414 87
414 74
414 2
415 140
415 171
415 310
416 411
416 7
416 97
417 36
417 43
417 216
418 316
418 278
418 2
419 51
419 17
419 47
420 79
420 223
420 27
421 18
421 78
421 114
422 40
422 31
422 51
423 12
423 31
423 122
424 0
424 202
424 193
425 176
425 78
425 13
426 10
426 0
426 70
427 4
427 303
427 166
428 12
428 44
428 18
429 114
429 326
429 25
430 280
430 344
430 28
431 265
431 306
431 90
432 382
432 5
432 18
433 2
433 13
433 38
434 251
434 305
434 147
435 125
435 296
435 356
436 93
436 70
436 2
437 28
437 102
437 2
438 403
438 185
438 177
439 406
439 134
439 2
440 25
440 0
440 121
441 170
441 77
441 310
442 131
442 350
442 130
443 2
443 270
443 56
444 89
444 156
444 43
445 391
445 19
445 205
446 115
446 136
446 0
447 211
447 188
447 48
448 169
448 217
448 277
449 32
449 101
449 370
450 419
450 157
450 41
451 148
451 6
451 1
452 101
452 122
452 300
453 7
453 226
453 0
454 325
454 148
454 0
455 86
455 2
455 130
456 240
456 268
456 90
457 38
457 18
457 104
458 182
458 147
458 29
459 122
459 94
459 72
460 51
460 197
460 343
461 4
461 89
461 70
462 82
462 195
462 70
463 166
463 25
463 334
464 262
464 36
464 13
465 16
465 112
465 32
466 331
466 25
466 203
467 177
467 284
467 8
468 153
468 1
468 184
469 152
469 35
469 237
470 36
470 176
470 11
471 189
471 19
471 257
472 442
472 53
472 282
473 53
473 187
473 32
474 258
474 70
474 141
475 240
475 433
475 19
476 335
476 325
476 171
477 66
477 254
477 456
478 258
478 23
478 112
479 251
479 98
479 288
480 53
480 215
480 72
481 91
481 140
481 74
482 11
482 448
482 344
483 16
483 7
483 475
484 1
484 68
484 305
485 464
485 304
485 15
486 164
486 258
486 227
487 226
487 309
487 124
488 417
488 1
488 361
489 71
489 16
489 304
490 15
490 36
490 301
491 408
491 72
491 9
492 66
492 138
492 2
493 362
493 79
493 221
494 388
494 111
494 7
495 171
495 305
495 12
496 281
496 179
496 326
497 9
497 21
497 442
498 246
498 162
498 24
499 97
499 262
499 267
500 376
500 1
500 251
501 94
501 144
501 489
502 289
502 39
502 449
503 47
503 15
503 70
504 105
504 449
504 114
505 166
505 73
505 131
506 86
506 262
506 78
507 216
507 43
507 192
508 38
508 200
508 373
509 197
509 198
509 452
510 119
510 51
510 389
511 6
511 12
511 238
512 1
512 52
512 474
513 6
513 149
513 346
514 8
514 372
514 436
515 259
515 29
515 238
516 10
516 466
516 125
517 3
517 475
517 226
518 78
518 75
518 3
519 3
519 372
519 53
520 53
520 110
520 365
521 8
521 155
521 151
522 23
522 260
522 232
523 156
523 141
523 392
524 153
524 478
524 0
525 424
525 184
525 75
526 317
526 492
526 283
527 2
527 169
527 216
528 111
528 3
528 71
529 77
529 396
529 34
530 418
530 204
530 231
531 304
531 216
531 13
532 385
532 445
532 285
533 265
533 51
533 1
534 512
534 124
534 125
535 11
535 359
535 378
536 83
536 36
536 125
537 191
537 66
537 169
538 326
538 464
538 169
539 0
539 70
539 54
540 8
540 77
540 13
541 257
541 353
541 25
542 100
542 152
542 358
543 211
543 92
543 43
544 310
544 213
544 19
545 124
545 111
545 46
546 21
546 43
546 82
547 396
547 276
547 370
548 127
548 416
548 150
549 16
549 260
549 374
550 268
550 6
550 13
551 65
551 379
551 513
552 418
552 496
552 453
553 42
553 277
553 55
554 324
554 59
554 237
555 49
555 51
555 509
556 143
556 110
556 51
557 46
557 243
557 16
558 487
558 453
558 451
559 124
559 98
559 151
560 539
560 34
560 233
561 53
561 265
561 1
562 325
562 340
562 70
563 130
563 70
563 27
564 296
564 361
564 2
565 62
565 26
565 110
566 51
566 345
566 340
567 278
567 454
567 43
568 219
568 387
568 86
569 197
569 523
569 98
570 0
570 1
570 148
571 8
571 1
571 21
572 451
572 109
572 357
573 552
573 18
573 467
574 329
574 37
574 519
575 429
575 6
575 8
576 149
576 575
576 48
577 7
577 446
577 140
578 82
578 227
578 442
579 23
579 9
579 339
580 62
580 145
580 19
581 318
581 109
581 38
582 315
582 167
582 349
583 203
583 198
583 161
584 289
584 25
584 378
585 34
585 108
585 64
586 16
586 7
586 405
587 478
587 90
587 1
588 1
588 131
588 362
589 404
589 162
589 360
590 148
590 8
590 6
591 500
591 441
591 59
592 0
592 188
592 19
593 502
593 0
593 220
594 212
594 60
594 299
595 297
595 8
595 462
596 54
596 141
596 2
597 456
597 265
597 113
598 151
598 2
598 269
599 76
599 0
599 152
600 481
600 42
600 62
601 41
601 587
601 0
602 140
602 128
602 377
603 185
603 22
603 4
604 477
604 345
604 9
605 192
605 314
605 211
606 366
606 14
606 115
607 73
607 44
607 443
608 311
608 21
608 244
609 242
609 142
609 53
610 3
610 306
610 234
611 53
611 435
611 2
612 535
612 243
612 173
613 418
613 468
613 16
614 90
614 167
614 116
615 6
615 50
615 2
616 105
616 249
616 425
617 147
617 594
617 205
618 52
618 450
618 251
619 193
619 2
619 156
620 10
620 25
620 296
621 8
621 607
621 128
622 390
622 259
622 6
623 0
623 229
623 12
624 434
624 37
624 1
625 0
625 277
625 365
626 563
626 205
626 2
627 409
627 51
627 335
628 470
628 601
628 110
629 149
629 2
629 205
630 509
630 47
630 188
631 258
631 142
631 112
632 20
632 71
632 114
633 354
633 36
633 474
634 0
634 13
634 18
635 323
635 575
635 215
636 105
636 22
636 28
637 366
637 0
637 1
638 456
638 36
638 155
639 242
639 345
639 27
640 330
640 114
640 81
641 255
641 297
641 70
642 349
642 366
642 572
643 51
643 333
643 102
644 60
644 270
644 297
645 70
645 99
645 131
646 245
646 1
646 21
647 621
647 126
647 8
648 8
648 9
648 17
649 2
649 593
649 1
650 399
650 3
650 132
651 496
651 517
651 448
652 362
652 279
652 114
653 304
653 42
653 0
654 302
654 82
654 156
655 6
655 459
655 573
656 7
656 100
656 321
657 82
657 282
657 317
658 300
658 275
658 94
659 627
659 175
659 59
660 106
660 620
660 335
661 6
661 310
661 3
662 16
662 3
662 84
663 313
663 302
663 19
664 653
664 39
664 397
665 265
665 246
665 302
666 25
666 117
666 325
667 114
667 130
667 2
668 18
668 304
668 577
669 1
669 389
669 224
670 283
670 2
670 632
671 16
671 580
671 578
672 7
672 71
672 121
673 7
673 16
673 287
674 418
674 484
674 13
675 634
675 72
675 0
676 219
676 2
676 553
677 310
677 249
677 2
678 198
678 18
678 110
679 278
679 99
679 432
680 40
680 665
680 84
681 547
681 314
681 38
682 569
682 1
682 344
683 43
683 144
683 249
684 70
684 36
684 0
685 249
685 7
685 378
686 596
686 179
686 152
687 48
687 373
687 294
688 5
688 130
688 7
689 41
689 496
689 226
690 67
690 8
690 408
691 9
691 43
691 13
692 2
692 79
692 329
693 2
693 140
693 214
694 0
694 18
694 6
695 582
695 87
695 237
696 72
696 359
696 80
697 193
697 312
697 71
698 475
698 158
698 101
699 2
699 560
699 8
700 39
700 41
700 2
701 64
701 334
701 451
702 79
702 516
702 231
703 234
703 563
703 321
704 263
704 162
704 186
705 200
705 542
705 83
706 9
706 8
706 247
707 501
707 660
707 238
708 50
708 257
708 106
709 9
709 681
709 315
710 70
710 264
710 118
711 54
711 526
711 56
712 28
712 195
712 477
713 587
713 682
713 1
714 234
714 226
714 169
715 110
715 149
715 26
716 120
716 42
716 11
717 554
717 686
717 204
718 310
718 81
718 167
719 372
719 144
719 486
720 549
720 389
720 248
721 46
721 305
721 561
722 185
722 347
722 337
723 244
723 496
723 517
724 497
724 406
724 9
725 140
725 334
725 190
726 699
726 494
726 263
727 130
727 213
727 7
728 314
728 76
728 505
729 312
729 182
729 181
730 593
730 409
730 350
731 623
731 299
731 91
732 490
732 101
732 466
733 310
733 632
733 642
734 22
734 216
734 66
735 344
735 444
735 75
736 57
736 551
736 176
737 275
737 381
737 456
738 421
738 686
738 192
739 529
739 587
739 43
740 91
740 304
740 550
741 67
741 10
741 75
742 36
742 536
742 64
743 314
743 235
743 347
744 379
744 547
744 230
745 124
745 618
745 38
746 365
746 413
746 171
747 443
747 54
747 10
748 105
748 353
748 119
749 69
749 30
749 440
750 2
750 223
750 6
751 426
751 50
751 370
752 173
752 474
752 169
753 27
753 562
753 28
754 211
754 288
754 422
755 156
755 19
755 114
756 195
756 65
756 114
757 70
757 16
757 744
758 302
758 34
758 270
759 31
759 544
759 21
760 494
760 544
760 36
761 530
761 301
761 1
762 499
762 10
762 49
763 550
763 43
763 702
764 2
764 122
764 36
765 642
765 2
765 100
766 705
766 106
766 177
767 475
767 82
767 265
768 91
768 185
768 77
769 315
769 40
769 71
770 13
770 10
770 512
771 352
771 294
771 111
772 618
772 665
772 72
773 130
773 1
773 12
774 5
774 397
774 7
775 92
775 43
775 695
776 329
776 637
776 60
777 78
777 601
777 14
778 143
778 171
778 97
779 288
779 19
779 615
780 13
780 324
780 97
781 394
781 355
781 10
782 27
782 13
782 114
783 16
783 323
783 8
784 34
784 362
784 425
785 39
785 78
785 127
786 16
786 23
786 259
787 7
787 459
787 641
788 462
788 43
788 466
789 350
789 169
789 382
790 183
790 238
790 390
791 198
791 32
791 475
792 0
792 418
792 673
793 171
793 505
793 788
794 1
794 572
794 299
795 10
795 274
795 70
796 70
796 50
796 337
797 152
797 53
797 121
798 60
798 215
798 2
799 667
799 49
799 779
800 788
800 28
800 2
801 195
801 128
801 399
802 262
802 673
802 2
803 35
803 227
803 18
804 374
804 572
804 206
805 2
805 6
805 376
806 156
806 292
806 439
807 674
807 111
807 618
808 420
808 60
808 418
809 306
809 299
809 1
810 26
810 49
810 61
811 366
811 248
811 5
812 158
812 135
812 748
813 49
813 19
813 34
814 632
814 72
814 24
815 606
815 54
815 0
816 345
816 772
816 113
817 7
817 358
817 201
818 783
818 607
818 194
819 378
819 23
819 70
820 291
820 479
820 698
821 22
821 18
821 391
822 38
822 241
822 85
823 256
823 596
823 459
824 127
824 270
824 730
825 66
825 86
825 617
826 65
826 232
826 77
827 788
827 771
827 634
828 471
828 25
828 156
829 599
829 144
829 169
830 110
830 6
830 495
831 669
831 621
831 113
832 0
832 2
832 50
833 302
833 50
833 344
834 585
834 181
834 43
835 2
835 737
835 12
836 819
836 249
836 28
837 43
837 783
837 215
838 169
838 295
838 756
839 53
839 2
839 6
840 28
840 13
840 1
841 738
841 34
841 363
842 175
842 0
842 2
843 36
843 264
843 28
844 17
844 6
844 56
845 14
845 324
845 652
846 470
846 182
846 338
847 152
847 65
847 134
848 800
848 641
848 110
849 17
849 371
849 807
850 462
850 242
850 54
851 756
851 815
851 467
852 188
852 386
852 24
853 633
853 245
853 125
854 350
854 43
854 603
855 429
855 212
855 1
856 105
856 117
856 853
857 197
857 9
857 828
858 1
858 6
858 534
859 234
859 274
859 28
860 73
860 630
860 261
861 9
861 51
861 265
862 361
862 413
862 28
863 115
863 281
863 16
864 550
864 9
864 264
865 767
865 361
865 661
866 591
866 150
866 171
867 152
867 16
867 149
868 42
868 789
868 55
869 109
869 364
869 118
870 0
870 207
870 156
871 694
871 495
871 122
872 28
872 7
872 1
873 477
873 325
873 274
874 131
874 43
874 51
875 287
875 861
875 126
876 96
876 44
876 2
877 0
877 48
877 167
878 280
878 308
878 138
879 565
879 332
879 6
880 0
880 479
880 632
881 512
881 1
881 49
882 704
882 90
882 707
883 766
883 732
883 626
884 741
884 19
884 772
885 70
885 152
885 748
886 152
886 4
886 240
887 550
887 748
887 382
888 211
888 265
888 399
889 40
889 51
889 1
890 169
890 28
890 739
891 839
891 113
891 613
892 130
892 694
892 889
893 32
893 429
893 2
894 346
894 114
894 2
895 103
895 203
895 202
896 310
896 660
896 203
897 163
897 312
897 66
898 859
898 760
898 310
899 804
899 65
899 561
900 784
900 843
900 70
901 56
901 146
901 154
902 550
902 664
902 349
903 2
903 553
903 801
904 481
904 467
904 156
905 385
905 412
905 219
906 641
906 67
906 387
907 741
907 70
907 173
908 183
908 28
908 12
909 818
909 340
909 19
910 754
910 19
910 388
911 646
911 36
911 22
912 40
912 19
912 602
913 648
913 353
913 314
914 699
914 46
914 607
915 603
915 2
915 833
916 307
916 256
916 739
917 65
917 42
917 67
918 0
918 614
918 152
919 42
919 525
919 98
920 35
920 93
920 0
921 138
921 302
921 110
922 19
922 883
922 43
923 394
923 470
923 450
924 188
924 21
924 831
925 38
925 200
925 0
926 147
926 372
926 673
927 420
927 105
927 394
928 741
928 819
928 853
929 282
929 28
929 16
930 435
930 103
930 894
931 226
931 903
931 574
932 288
932 36
932 646
933 137
933 854
933 130
934 79
934 33
934 116
935 518
935 552
935 103
936 614
936 233
936 257
937 171
937 0
937 193
938 243
938 765
938 28
939 298
939 932
939 235
940 801
940 640
940 474
941 381
941 391
941 269
942 347
942 131
942 0
943 19
943 72
943 156
944 822
944 6
944 225
945 0
945 830
945 118
946 260
946 549
946 198
947 150
947 70
947 113
948 7
948 92
948 79
949 23
949 918
949 21
950 76
950 59
950 14
951 808
951 210
951 1
952 136
952 6
952 22
953 6
953 361
953 13
954 1
954 78
954 895
955 938
955 114
955 125
956 2
956 648
956 176
957 82
957 872
957 534
958 162
958 296
958 816
959 8
959 12
959 697
960 63
960 800
960 76
961 495
961 598
961 584
962 839
962 64
962 72
963 1
963 183
963 282
964 20
964 43
964 2
965 849
965 953
965 7
966 78
966 936
966 192
967 256
967 25
967 40
968 650
968 111
968 43
969 54
969 719
969 15
970 49
970 692
970 0
971 117
971 6
971 784
972 263
972 211
972 936
973 278
973 60
973 782
974 492
974 24
974 1
975 2
975 230
975 33
976 9
976 2
976 19
977 50
977 19
977 22
978 782
978 37
978 283
979 908
979 37
979 106
980 112
980 109
980 140
981 97
981 830
981 2
982 144
982 601
982 115
983 858
983 559
983 222
984 637
984 1
984 49
985 111
985 658
985 873
986 773
986 643
986 608
987 407
987 667
987 792
988 190
988 243
988 283
989 821
989 131
989 465
990 806
990 3
990 9
991 521
991 23
991 175
992 869
992 203
992 19
993 3
993 15
993 17
994 108
994 25
994 150
995 152
995 10
995 170
996 258
996 18
996 182
997 322
997 851
997 140
998 495
998 146
998 89
999 110
999 927
999 374
