0 1
1 0
2 1
2 0
3 2
3 0
3 1
4 2
4 3
4 1
5 3
5 0
5 4
6 2
6 0
6 3
7 2
7 3
7 0
8 1
8 2
8 3
9 7
9 3
9 1
10 1
10 3
10 2
11 9
11 0
11 5
12 2
12 1
12 10
13 1
13 12
13 0
14 3
14 0
14 2
15 1
15 8
15 13
16 1
16 8
16 13
17 14
17 2
17 9
18 1
18 2
18 3
19 6
19 13
19 0
20 7
20 0
20 8
21 13
21 0
21 17
22 6
22 13
22 0
23 2
23 0
23 9
24 21
24 3
24 22
25 2
25 18
25 3
26 24
26 1
26 7
27 11
27 9
27 5
28 1
28 11
28 8
29 9
29 6
29 19
30 13
30 19
30 7
31 12
31 0
31 24
32 8
32 24
32 13
33 22
33 28
33 24
34 17
34 7
34 1
35 26
35 7
35 0
36 3
36 31
36 6
37 18
37 8
37 29
38 8
38 0
38 2
39 3
39 33
39 24
40 4
40 33
40 0
41 20
41 34
41 0
42 39
42 3
42 8
43 7
43 30
43 10
44 2
44 17
44 25
45 12
45 36
45 30
46 37
46 1
46 31
47 0
47 13
47 11
48 1
48 0
48 12
49 2
49 25
49 14
50 25
50 19
50 23
51 4
51 11
51 38
52 28
52 1
52 12
53 1
53 52
53 11
54 12
54 23
54 38
55 0
55 1
55 4
56 49
56 35
56 10
57 5
57 21
57 0
58 36
58 13
58 0
59 58
59 5
59 7
60 23
60 4
60 56
61 0
61 36
61 1
62 13
62 25
62 1
63 1
63 0
63 38
64 60
64 19
64 28
65 55
65 0
65 7
66 0
66 12
66 28
67 9
67 0
67 48
68 8
68 9
68 27
69 21
69 2
69 1
70 30
70 3
70 14
71 2
71 64
71 14
72 31
72 4
72 9
73 2
73 3
73 43
74 0
74 39
74 25
75 56
75 24
75 71
76 51
76 34
76 14
77 1
77 4
77 12
78 8
78 0
78 31
79 9
79 0
79 2
80 43
80 38
80 19
81 12
81 0
81 28
82 19
82 51
82 61
83 23
83 10
83 26
84 2
84 3
84 24
85 56
85 34
85 26
86 49
86 2
86 1
87 1
87 13
87 38
88 41
88 80
88 78
89 0
89 38
89 3
90 54
90 80
90 43
91 52
91 56
91 83
92 22
92 60
92 3
93 50
93 0
93 24
94 52
94 4
94 68
95 65
95 90
95 37
96 83
96 62
96 85
97 56
97 53
97 23
98 0
98 27
98 34
99 56
99 6
99 35
100 20
100 95
100 6
101 99
101 3
101 20
102 6
102 45
102 1
103 37
103 57
103 7
104 7
104 70
104 19
105 67
105 30
105 12
106 2
106 94
106 38
107 28
107 33
107 70
108 95
108 43
108 51
109 108
109 3
109 24
110 9
110 2
110 87
111 3
111 100
111 8
112 3
112 71
112 67
113 110
113 23
113 13
114 34
114 14
114 33
115 45
115 67
115 39
116 7
116 94
116 107
117 3
117 21
117 0
118 24
118 0
118 19
119 3
119 1
119 38
120 86
120 42
120 21
121 89
121 6
121 3
122 30
122 87
122 81
123 25
123 74
123 12
124 100
124 9
124 30
125 79
125 92
125 30
126 0
126 100
126 38
127 71
127 84
127 3
128 3
128 1
128 2
129 22
129 77
129 25
130 72
130 40
130 3
131 55
131 109
131 8
132 14
132 39
132 3
133 103
133 35
133 28
134 85
134 67
134 69
135 25
135 3
135 99
136 45
136 71
136 58
137 107
137 80
137 110
138 0
138 39
138 30
139 8
139 0
139 31
140 58
140 9
140 3
141 3
141 27
141 64
142 99
142 90
142 1
143 2
143 11
143 86
144 100
144 7
144 25
145 9
145 25
145 1
146 96
146 29
146 30
147 0
147 19
147 86
148 1
148 31
148 23
149 2
149 132
149 8
150 3
150 31
150 81
151 7
151 62
151 127
152 87
152 38
152 86
153 14
153 24
153 132
154 144
154 18
154 7
155 77
155 3
155 72
156 99
156 28
156 0
157 56
157 104
157 94
158 7
158 12
158 74
159 69
159 13
159 31
160 55
160 4
160 158
161 9
161 4
161 132
162 95
162 38
162 1
163 65
163 30
163 10
164 20
164 30
164 128
165 146
165 44
165 156
166 30
166 6
166 63
167 166
167 95
167 75
168 155
168 164
168 24
169 83
169 55
169 75
170 79
170 95
170 1
171 143
171 137
171 2
172 9
172 1
172 77
173 51
173 27
173 116
174 127
174 38
174 164
175 12
175 109
175 34
176 173
176 140
176 159
177 139
177 7
177 165
178 47
178 107
178 3
179 0
179 178
179 109
180 84
180 60
180 92
181 2
181 63
181 107
182 38
182 18
182 146
183 23
183 34
183 69
184 31
184 86
184 56
185 45
185 162
185 30
186 77
186 9
186 85
187 4
187 140
187 8
188 56
188 34
188 36
189 147
189 45
189 165
190 7
190 1
190 156
191 132
191 81
191 52
192 10
192 4
192 103
193 93
193 11
193 103
194 120
194 7
194 32
195 132
195 114
195 42
196 22
196 0
196 123
197 135
197 89
197 179
198 29
198 100
198 6
199 2
199 0
199 14
200 182
200 120
200 58
201 30
201 1
201 100
202 99
202 147
202 77
203 57
203 93
203 6
204 185
204 165
204 74
205 69
205 107
205 81
206 80
206 99
206 103
207 37
207 38
207 153
208 28
208 92
208 93
209 57
209 114
209 30
210 60
210 95
210 145
211 85
211 28
211 156
212 64
212 2
212 182
213 92
213 38
213 2
214 101
214 208
214 14
215 139
215 0
215 129
216 38
216 114
216 40
217 2
217 160
217 1
218 165
218 117
218 143
219 14
219 118
219 38
220 0
220 66
220 156
221 83
221 7
221 79
222 109
222 178
222 58
223 10
223 106
223 44
224 210
224 7
224 143
225 3
225 7
225 84
226 2
226 217
226 10
227 22
227 102
227 156
228 12
228 203
228 138
229 3
229 8
229 109
230 30
230 47
230 25
231 3
231 99
231 157
232 69
232 224
232 81
233 0
233 68
233 28
234 0
234 1
234 65
235 30
235 187
235 9
236 103
236 126
236 44
237 193
237 30
237 212
238 26
238 198
238 84
239 100
239 20
239 29
240 50
240 14
240 5
241 191
241 99
241 112
242 206
242 76
242 21
243 119
243 34
243 2
244 13
244 7
244 72
245 181
245 24
245 164
246 103
246 27
246 148
247 193
247 14
247 31
248 143
248 68
248 0
249 101
249 183
249 99
250 231
250 43
250 56
251 30
251 1
251 95
252 21
252 251
252 83
253 244
253 100
253 114
254 184
254 31
254 118
255 112
255 30
255 24
256 198
256 69
256 1
257 86
257 111
257 3
258 100
258 4
258 34
259 81
259 2
259 43
260 59
260 16
260 3
261 259
261 63
261 41
262 190
262 23
262 255
263 164
263 83
263 2
264 139
264 51
264 3
265 13
265 2
265 25
266 37
266 202
266 24
267 30
267 43
267 173
268 7
268 208
268 19
269 233
269 74
269 22
270 196
270 165
270 90
271 71
271 14
271 24
272 130
272 56
272 63
273 182
273 7
273 12
274 146
274 28
274 256
275 239
275 1
275 227
276 225
276 31
276 8
277 193
277 115
277 6
278 3
278 12
278 193
279 199
279 95
279 187
280 24
280 178
280 139
281 201
281 246
281 196
282 37
282 208
282 175
283 0
283 138
283 27
284 5
284 236
284 6
285 31
285 61
285 8
286 109
286 31
286 182
287 5
287 42
287 7
288 2
288 274
288 39
289 54
289 200
289 94
290 29
290 30
290 155
291 289
291 184
291 6
292 249
292 280
292 42
293 292
293 210
293 1
294 188
294 30
294 129
295 0
295 145
295 93
296 43
296 1
296 3
297 280
297 239
297 56
298 30
298 56
298 233
299 181
299 118
299 234
300 9
300 11
300 30
301 95
301 5
301 23
302 31
302 1
302 178
303 34
303 24
303 132
304 119
304 193
304 83
305 277
305 187
305 25
306 85
306 97
306 93
307 8
307 88
307 63
308 135
308 9
308 64
309 122
309 97
309 85
310 259
310 205
310 24
311 72
311 309
311 43
312 84
312 68
312 308
313 12
313 30
313 9
314 252
314 210
314 25
315 23
315 25
315 167
316 197
316 193
316 49
317 0
317 60
317 3
318 26
318 0
318 72
319 1
319 29
319 162
320 275
320 158
320 30
321 1
321 86
321 75
322 25
322 5
322 80
323 108
323 92
323 110
324 2
324 12
324 299
325 158
325 35
325 75
326 239
326 28
326 208
327 60
327 154
327 95
328 63
328 30
328 175
329 45
329 24
329 26
330 33
330 7
330 79
331 0
331 10
331 155
332 111
332 103
332 296
333 145
333 199
333 259
334 239
334 117
334 130
335 139
335 272
335 187
336 175
336 14
336 38
337 90
337 116
337 39
338 162
338 129
338 108
339 3
339 289
339 80
340 48
340 19
340 114
341 1
341 333
341 194
342 197
342 226
342 181
343 118
343 63
343 231
344 19
344 3
344 2
345 197
345 3
345 296
346 75
346 96
346 17
347 8
347 70
347 197
348 197
348 264
348 43
349 283
349 300
349 118
350 144
350 178
350 158
351 7
351 261
351 322
352 7
352 175
352 11
353 1
353 313
353 3
354 83
354 6
354 249
355 109
355 6
355 30
356 165
356 38
356 197
357 117
357 39
357 345
358 222
358 79
358 135
359 4
359 12
359 70
360 68
360 267
360 91
361 11
361 86
361 221
362 7
362 135
362 146
363 4
363 283
363 233
364 233
364 23
364 38
365 118
365 349
365 155
366 68
366 92
366 3
367 202
367 353
367 89
368 132
368 278
368 239
369 70
369 12
369 257
370 255
370 71
370 185
371 99
371 241
371 360
372 23
372 274
372 95
373 30
373 5
373 117
374 195
374 199
374 81
375 3
375 292
375 77
376 313
376 141
376 355
377 247
377 117
377 54
378 103
378 153
378 36
379 237
379 77
379 7
380 96
380 50
380 19
381 173
381 99
381 25
382 23
382 42
382 7
383 7
383 190
383 8
384 30
384 97
384 0
385 45
385 326
385 60
386 147
386 0
386 63
387 258
387 2
387 33
388 204
388 188
388 214
389 137
389 381
389 221
390 45
390 318
390 100
391 56
391 253
391 94
392 37
392 369
392 1
393 168
393 137
393 34
394 178
394 144
394 196
395 26
395 30
395 305
396 89
396 283
396 38
397 313
397 89
397 37
398 255
398 20
398 86
399 332
399 239
399 3
400 3
400 7
400 244
401 55
401 56
401 281
402 178
402 264
402 121
403 187
403 356
403 360
404 3
404 114
404 347
405 103
405 138
405 193
406 116
406 28
406 181
407 2
407 3
407 359
408 2
408 51
408 92
409 215
409 407
409 339
410 0
410 404
410 367
411 249
411 296
411 308
412 2
412 393
412 257
413 7
413 137
413 317
414 328
414 264
414 387
415 34
415 278
415 285
416 38
416 99
416 151
417 382
417 349
417 29
418 23
418 10
418 254
419 43
419 29
419 132
420 60
420 352
420 14
421 174
421 79
421 275
422 65
422 62
422 12
423 86
423 3
423 219
424 93
424 1
424 24
425 0
425 3
425 139
426 170
426 349
426 320
427 164
427 119
427 141
428 349
428 34
428 95
429 100
429 270
429 376
430 106
430 33
430 1
431 393
431 208
431 55
432 7
432 403
432 40
433 103
433 0
433 24
434 7
434 6
434 118
435 87
435 24
435 381
436 99
436 261
436 20
437 314
437 254
437 163
438 206
438 170
438 4
439 1
439 8
439 45
440 270
440 77
440 221
441 23
441 155
441 12
442 1
442 86
442 297
443 372
443 352
443 103
444 112
444 7
444 76
445 197
445 30
445 284
446 103
446 7
446 276
447 236
447 34
447 63
448 337
448 109
448 37
449 25
449 118
449 297
450 278
450 14
450 370
451 113
451 225
451 129
452 173
452 31
452 6
453 133
453 30
453 92
454 0
454 195
454 1
455 425
455 156
455 42
456 38
456 150
456 358
457 3
457 132
457 30
458 13
458 244
458 124
459 373
459 367
459 56
460 108
460 2
460 81
461 28
461 39
461 111
462 416
462 23
462 29
463 136
463 347
463 245
464 75
464 126
464 162
465 1
465 178
465 176
466 13
466 0
466 52
467 4
467 24
467 108
468 283
468 459
468 14
469 297
469 41
469 1
470 2
470 69
470 292
471 401
471 58
471 418
472 306
472 288
472 233
473 7
473 207
473 265
474 72
474 36
474 445
475 22
475 0
475 68
476 2
476 76
476 62
477 401
477 92
477 175
478 1
478 10
478 213
479 60
479 30
479 14
480 156
480 144
480 74
481 38
481 223
481 116
482 365
482 37
482 173
483 190
483 99
483 36
484 40
484 25
484 280
485 0
485 69
485 20
486 115
486 182
486 193
487 202
487 1
487 379
488 398
488 263
488 430
489 86
489 103
489 292
490 140
490 54
490 258
491 158
491 176
491 7
492 22
492 88
492 0
493 443
493 38
493 159
494 43
494 73
494 157
495 175
495 411
495 450
496 208
496 186
496 264
497 356
497 449
497 400
498 350
498 84
498 258
499 334
499 21
499 366
