0 1
1 0
2 1
2 0
3 1
3 2
3 0
4 2
4 3
4 1
5 0
5 3
5 1
6 0
6 3
6 2
7 0
7 6
7 2
8 3
8 2
8 1
9 2
9 0
9 3
10 4
10 0
10 2
11 1
11 2
11 0
12 9
12 6
12 7
13 6
13 3
13 7
14 2
14 0
14 8
15 9
15 5
15 8
16 4
16 0
16 6
17 0
17 8
17 3
18 3
18 2
18 4
19 18
19 14
19 9
20 19
20 6
20 5
21 14
21 15
21 2
22 6
22 2
22 3
23 8
23 14
23 2
24 5
24 11
24 14
25 2
25 20
25 0
26 13
26 3
26 11
27 9
27 2
27 12
28 24
28 0
28 6
29 0
29 13
29 3
30 17
30 2
30 21
31 27
31 8
31 23
32 9
32 6
32 7
33 2
33 8
33 16
34 1
34 0
34 19
35 24
35 10
35 16
36 16
36 18
36 32
37 0
37 28
37 32
38 14
38 2
38 29
39 2
39 0
39 8
40 39
40 28
40 14
41 16
41 15
41 18
42 32
42 14
42 4
43 33
43 18
43 5
44 8
44 14
44 38
45 24
45 8
45 36
46 20
46 25
46 27
47 1
47 11
47 2
48 40
48 14
48 18
49 0
49 5
49 17
