0 1
1 0
2 0
2 1
3 0
3 1
3 2
4 2
4 3
4 0
5 3
5 1
5 4
6 0
6 3
6 2
7 2
7 1
7 4
8 5
8 0
8 3
9 8
9 1
9 0
10 5
10 0
10 2
11 2
11 9
11 4
12 8
12 0
12 3
13 9
13 0
13 6
14 0
14 7
14 2
15 7
15 9
15 14
16 10
16 2
16 6
17 4
17 0
17 2
18 9
18 17
18 5
19 1
19 8
19 9
20 1
20 4
20 0
21 9
21 4
21 0
22 14
22 1
22 13
23 10
23 9
23 21
24 3
24 10
24 9
25 4
25 2
25 13
26 4
26 9
26 7
27 2
27 0
27 12
28 4
28 10
28 2
29 4
29 9
29 1
30 10
30 0
30 9
31 27
31 2
31 9
32 9
32 30
32 7
33 7
33 12
33 2
34 3
34 8
34 9
35 9
35 31
35 27
36 4
36 1
36 0
37 12
37 0
37 15
38 10
38 8
38 1
39 4
39 8
39 2
40 9
40 15
40 2
41 34
41 39
41 0
42 17
42 27
42 4
43 40
43 20
43 4
44 26
44 2
44 21
45 18
45 17
45 10
46 27
46 32
46 12
47 31
47 2
47 21
48 17
48 3
48 6
49 21
49 32
49 6
50 30
50 31
50 15
51 7
51 3
51 15
52 31
52 34
52 2
53 8
53 52
53 13
54 11
54 15
54 5
55 9
55 13
55 12
56 4
56 31
56 32
57 25
57 19
57 6
58 5
58 0
58 9
59 2
59 57
59 9
60 56
60 36
60 1
61 31
61 32
61 1
62 2
62 30
62 12
63 21
63 13
63 16
64 14
64 63
64 10
65 48
65 15
65 4
66 11
66 9
66 2
67 4
67 0
67 58
68 22
68 6
68 39
69 48
69 2
69 21
70 45
70 69
70 2
71 26
71 12
71 4
72 10
72 60
72 21
73 49
73 67
73 4
74 58
74 1
74 12
75 13
75 10
75 6
76 59
76 1
76 65
77 2
77 42
77 8
78 1
78 5
78 0
79 73
79 4
79 66
80 2
80 61
80 12
81 2
81 32
81 34
82 77
82 49
82 65
83 8
83 58
83 15
84 3
84 34
84 2
85 60
85 14
85 4
86 58
86 17
86 9
87 1
87 67
87 37
88 34
88 57
88 16
89 4
89 70
89 48
90 35
90 5
90 2
91 57
91 65
91 12
92 86
92 45
92 4
93 75
93 78
93 46
94 48
94 1
94 5
95 40
95 90
95 4
96 13
96 95
96 39
97 2
97 49
97 67
98 15
98 90
98 4
99 48
99 95
99 36
