0 1
0 2
0 3
0 4
0 5
0 8
0 23
0 24
0 25
0 32
0 34
0 36
0 49
1 0
1 2
1 3
1 4
1 5
1 8
1 13
1 15
1 16
1 17
1 20
1 29
1 34
1 48
2 0
2 1
2 3
2 4
2 5
2 6
2 7
2 8
2 9
2 10
2 11
2 13
2 28
2 31
2 33
2 39
2 45
2 46
3 2
3 1
3 0
3 6
3 17
3 19
3 22
3 35
3 44
3 48
4 1
4 2
4 0
4 6
4 7
4 14
4 15
4 32
4 38
4 43
5 2
5 1
5 0
5 7
5 9
5 12
5 14
5 26
5 28
6 4
6 2
6 3
6 16
6 18
6 36
6 37
6 40
7 4
7 2
7 5
7 9
7 10
7 12
7 18
7 23
7 27
7 28
7 45
7 46
8 2
8 0
8 1
8 19
8 29
8 32
8 33
9 5
9 2
9 7
9 10
9 11
9 13
9 24
9 30
9 35
9 37
9 46
9 47
10 9
10 7
10 2
10 11
10 12
10 19
10 21
10 27
10 33
10 40
10 42
10 44
11 2
11 9
11 10
11 14
11 15
11 17
11 24
11 27
11 35
12 10
12 7
12 5
12 39
13 2
13 1
13 9
13 18
13 20
13 22
13 25
14 11
14 4
14 5
14 16
14 20
14 21
14 25
15 4
15 11
15 1
15 41
15 43
16 14
16 6
16 1
16 22
16 30
16 31
16 43
17 3
17 1
17 11
17 47
18 7
18 13
18 6
18 21
18 23
18 29
18 42
19 8
19 10
19 3
20 14
20 13
20 1
20 26
21 10
21 14
21 18
22 16
22 3
22 13
23 7
23 18
23 0
23 26
24 11
24 9
24 0
24 38
24 41
25 14
25 13
25 0
25 37
25 40
26 20
26 5
26 23
26 34
27 7
27 11
27 10
28 2
28 5
28 7
28 30
28 39
29 8
29 18
29 1
30 9
30 28
30 16
30 31
31 2
31 30
31 16
31 44
32 8
32 0
32 4
33 10
33 2
33 8
34 1
34 26
34 0
34 36
35 9
35 11
35 3
35 41
35 42
36 34
36 6
36 0
36 38
37 9
37 25
37 6
38 4
38 36
38 24
38 47
38 49
39 2
39 28
39 12
40 6
40 25
40 10
41 24
41 15
41 35
41 48
41 49
42 18
42 10
42 35
42 45
43 16
43 4
43 15
44 3
44 31
44 10
45 7
45 42
45 2
46 2
46 9
46 7
47 9
47 17
47 38
48 3
48 41
48 1
49 0
49 41
49 38
