0 1
1 0
2 0
2 1
3 1
3 0
3 2
4 1
4 2
4 0
5 3
5 4
5 1
6 4
6 1
6 3
7 1
7 3
7 4
8 1
8 0
8 7
9 8
9 0
9 5
10 1
10 0
10 6
11 6
11 9
11 4
12 0
12 1
12 2
13 1
13 9
13 10
14 1
14 8
14 2
15 4
15 0
15 9
16 0
16 14
16 2
17 7
17 1
17 13
18 12
18 14
18 2
19 7
19 3
19 8
20 1
20 2
20 14
21 9
21 14
21 1
22 4
22 6
22 3
23 8
23 1
23 22
24 11
24 18
24 22
25 19
25 9
25 18
26 10
26 22
26 19
27 15
27 0
27 2
28 8
28 24
28 1
29 1
29 2
29 11
30 13
30 9
30 10
31 0
31 22
31 3
32 18
32 2
32 1
33 18
33 1
33 0
34 22
34 9
34 25
35 7
35 19
35 1
36 7
36 12
36 24
37 9
37 3
37 36
38 8
38 9
38 7
39 6
39 9
39 17
40 9
40 39
40 3
41 26
41 7
41 30
42 4
42 5
42 34
43 14
43 2
43 7
44 13
44 0
44 2
45 25
45 41
45 14
46 31
46 44
46 45
47 14
47 9
47 8
48 8
48 40
48 14
49 40
49 38
49 44
50 19
50 38
50 1
51 2
51 26
51 9
52 17
52 1
52 6
53 25
53 17
53 1
54 15
54 20
54 14
55 21
55 53
55 4
56 7
56 3
56 19
57 51
57 3
57 0
58 19
58 29
58 1
59 30
59 3
59 9
60 19
60 9
60 11
61 10
61 60
61 5
62 34
62 26
62 0
63 6
63 29
63 2
64 51
64 60
64 20
65 36
65 44
65 50
66 20
66 14
66 1
67 32
67 1
67 3
68 7
68 8
68 22
69 29
69 9
69 0
70 0
70 54
70 43
71 7
71 23
71 3
72 21
72 1
72 40
73 25
73 67
73 36
74 64
74 66
74 30
75 23
75 41
75 10
76 20
76 32
76 22
77 45
77 19
77 39
78 23
78 40
78 2
79 30
79 34
79 3
80 25
80 22
80 2
81 49
81 25
81 7
82 6
82 8
82 10
83 29
83 0
83 4
84 59
84 73
84 6
85 23
85 75
85 0
86 55
86 42
86 40
87 9
87 29
87 25
88 0
88 12
88 68
89 2
89 30
89 33
90 11
90 8
90 5
91 7
91 17
91 14
92 0
92 13
92 81
93 5
93 7
93 68
94 63
94 81
94 16
95 18
95 70
95 14
96 8
96 49
96 7
97 40
97 45
97 78
98 5
98 41
98 0
99 9
99 65
99 2
100 74
100 2
100 71
101 41
101 3
101 32
102 53
102 1
102 38
103 7
103 6
103 31
104 10
104 12
104 25
105 1
105 8
105 71
106 9
106 49
106 67
107 25
107 5
107 66
108 100
108 50
108 1
109 101
109 32
109 53
110 57
110 56
110 5
111 31
111 4
111 39
112 43
112 85
112 11
113 75
113 14
113 2
114 19
114 13
114 1
115 51
115 67
115 40
116 21
116 70
116 71
117 3
117 64
117 102
118 16
118 22
118 24
119 9
119 8
119 30
120 2
120 72
120 0
121 104
121 9
121 8
122 103
122 7
122 38
123 1
123 97
123 0
124 19
124 1
124 119
125 93
125 88
125 68
126 3
126 6
126 73
127 87
127 24
127 0
128 1
128 16
128 51
129 18
129 34
129 51
130 20
130 58
130 4
131 105
131 89
131 0
132 114
132 115
132 41
133 14
133 2
133 7
134 12
134 59
134 14
135 19
135 12
135 24
136 60
136 1
136 101
137 25
137 70
137 102
138 4
138 9
138 7
139 130
139 1
139 49
140 75
140 84
140 22
141 12
141 1
141 40
142 22
142 89
142 73
143 2
143 124
143 132
144 1
144 51
144 40
145 12
145 115
145 44
146 23
146 9
146 8
147 34
147 1
147 7
148 24
148 21
148 7
149 122
149 1
149 0
150 126
150 51
150 128
151 6
151 2
151 42
152 92
152 41
152 33
153 1
153 70
153 150
154 11
154 43
154 50
155 30
155 126
155 41
156 51
156 0
156 16
157 101
157 13
157 155
158 126
158 18
158 1
159 6
159 123
159 136
160 65
160 107
160 81
161 28
161 47
161 19
162 18
162 47
162 113
163 40
163 11
163 14
164 2
164 9
164 27
165 9
165 0
165 45
166 8
166 72
166 0
167 22
167 147
167 74
168 22
168 108
168 136
169 17
169 7
169 102
170 9
170 13
170 68
171 32
171 39
171 1
172 155
172 92
172 125
173 7
173 0
173 1
174 34
174 133
174 70
175 7
175 145
175 6
176 150
176 37
176 29
177 79
177 150
177 83
178 51
178 9
178 8
179 0
179 22
179 34
180 14
180 1
180 68
181 2
181 25
181 31
182 32
182 153
182 8
183 3
183 95
183 17
184 99
184 61
184 37
185 8
185 41
185 35
186 161
186 7
186 179
187 95
187 74
187 102
188 30
188 35
188 67
189 53
189 62
189 161
190 128
190 13
190 1
191 174
191 18
191 116
192 79
192 19
192 161
193 68
193 1
193 88
194 19
194 54
194 24
195 49
195 4
195 99
196 22
196 14
196 2
197 9
197 29
197 19
198 34
198 3
198 101
199 14
199 25
199 94
200 83
200 40
200 41
201 1
201 100
201 112
202 177
202 179
202 103
203 124
203 6
203 115
204 28
204 1
204 184
205 25
205 12
205 117
206 90
206 25
206 202
207 50
207 4
207 95
208 64
208 124
208 59
209 173
209 26
209 7
210 133
210 12
210 3
211 29
211 47
211 3
212 9
212 58
212 10
213 176
213 89
213 183
214 25
214 94
214 21
215 182
215 2
215 180
216 107
216 196
216 17
217 68
217 14
217 7
218 11
218 142
218 19
219 2
219 102
219 42
220 81
220 51
220 25
221 59
221 12
221 67
222 161
222 79
222 22
223 79
223 6
223 197
224 1
224 2
224 51
225 108
225 72
225 166
226 150
226 139
226 31
227 3
227 7
227 15
228 132
228 9
228 35
229 9
229 29
229 2
230 225
230 14
230 104
231 148
231 53
231 83
232 213
232 34
232 153
233 58
233 130
233 30
234 77
234 68
234 40
235 91
235 9
235 25
236 90
236 26
236 95
237 119
237 68
237 35
238 4
238 12
238 82
239 1
239 114
239 37
240 160
240 10
240 72
241 33
241 129
241 65
242 209
242 26
242 167
243 136
243 44
243 9
244 73
244 95
244 232
245 17
245 1
245 88
246 2
246 102
246 69
247 12
247 20
247 18
248 20
248 178
248 95
249 71
249 3
249 18
250 29
250 25
250 139
251 34
251 231
251 39
252 45
252 2
252 68
253 162
253 6
253 18
254 24
254 0
254 159
255 232
255 19
255 157
256 83
256 47
256 177
257 188
257 3
257 137
258 188
258 5
258 51
259 51
259 186
259 119
260 128
260 142
260 7
261 207
261 37
261 2
262 7
262 104
262 21
263 34
263 19
263 139
264 143
264 259
264 49
265 215
265 14
265 9
266 100
266 1
266 99
267 142
267 29
267 107
268 20
268 33
268 14
269 182
269 75
269 184
270 231
270 1
270 35
271 0
271 38
271 7
272 76
272 9
272 32
273 155
273 5
273 68
274 12
274 33
274 250
275 0
275 188
275 114
276 8
276 1
276 94
277 8
277 93
277 76
278 132
278 1
278 62
279 40
279 175
279 101
280 84
280 186
280 20
281 9
281 141
281 148
282 173
282 267
282 12
283 51
283 0
283 85
284 133
284 5
284 51
285 75
285 21
285 227
286 84
286 92
286 102
287 94
287 4
287 279
288 74
288 157
288 1
289 183
289 44
289 150
290 20
290 40
290 9
291 289
291 208
291 5
292 8
292 1
292 166
293 199
293 83
293 9
294 2
294 133
294 269
295 134
295 3
295 179
296 9
296 156
296 249
297 115
297 7
297 199
298 279
298 16
298 88
299 97
299 14
299 189
300 207
300 165
300 26
301 265
301 39
301 14
302 171
302 12
302 107
303 41
303 245
303 277
304 103
304 121
304 47
305 1
305 115
305 105
306 12
306 47
306 51
307 164
307 44
307 51
308 25
308 164
308 72
309 233
309 54
309 112
310 19
310 101
310 231
311 2
311 270
311 221
312 83
312 33
312 25
313 35
313 215
313 165
314 200
314 22
314 287
315 45
315 255
315 165
316 132
316 7
316 245
317 26
317 1
317 88
318 81
318 42
318 0
319 66
319 1
319 295
320 220
320 260
320 25
321 4
321 167
321 221
322 64
322 228
322 316
323 94
323 225
323 271
324 20
324 207
324 33
325 12
325 110
325 79
326 1
326 12
326 210
327 107
327 114
327 88
328 111
328 312
328 60
329 194
329 83
329 177
330 273
330 310
330 22
331 25
331 18
331 133
332 119
332 210
332 112
333 320
333 64
333 1
334 301
334 6
334 30
335 31
335 180
335 279
336 226
336 106
336 300
337 167
337 20
337 249
338 3
338 67
338 18
339 94
339 37
339 274
340 1
340 22
340 178
341 13
341 1
341 331
342 14
342 0
342 114
343 318
343 39
343 40
344 102
344 321
344 97
345 258
345 14
345 44
346 232
346 145
346 33
347 297
347 86
347 37
348 153
348 118
348 4
349 92
349 19
349 18
350 0
350 22
350 2
351 143
351 347
351 231
352 35
352 7
352 226
353 9
353 19
353 304
354 124
354 94
354 36
355 225
355 316
355 16
356 137
356 115
356 40
357 266
357 7
357 10
358 244
358 83
358 30
359 16
359 84
359 6
360 2
360 296
360 22
361 26
361 125
361 1
362 113
362 6
362 40
363 208
363 8
363 107
364 51
364 360
364 272
365 316
365 26
365 158
366 75
366 12
366 103
367 21
367 67
367 17
368 195
368 20
368 215
369 1
369 258
369 265
370 152
370 14
370 93
371 67
371 6
371 310
372 27
372 351
372 33
373 33
373 3
373 74
374 194
374 199
374 74
375 81
375 301
375 274
376 340
376 208
376 2
377 226
377 340
377 0
378 1
378 0
378 210
379 58
379 23
379 110
380 12
380 75
380 120
381 328
381 377
381 75
382 110
382 18
382 94
383 235
383 1
383 25
384 12
384 68
384 66
385 7
385 5
385 361
386 11
386 87
386 292
387 45
387 42
387 6
388 209
388 245
388 25
389 26
389 4
389 34
390 66
390 67
390 10
391 203
391 71
391 180
392 325
392 41
392 1
393 35
393 9
393 24
394 316
394 12
394 24
395 264
395 314
395 142
396 0
396 7
396 297
397 74
397 200
397 134
398 350
398 193
398 148
399 114
399 106
399 44
400 62
400 6
400 3
401 0
401 209
401 17
402 24
402 320
402 50
403 142
403 5
403 19
404 321
404 399
404 308
405 1
405 40
405 4
406 274
406 182
406 377
407 4
407 265
407 105
408 73
408 260
408 178
409 360
409 183
409 284
410 37
410 0
410 208
411 14
411 155
411 194
412 1
412 5
412 124
413 320
413 71
413 178
414 8
414 39
414 359
415 51
415 356
415 41
416 207
416 364
416 209
417 314
417 413
417 347
418 328
418 93
418 200
419 25
419 173
419 314
420 101
420 194
420 1
421 198
421 225
421 143
422 370
422 208
422 12
423 7
423 208
423 290
424 163
424 24
424 325
425 94
425 167
425 281
426 124
426 134
426 182
427 0
427 267
427 155
428 9
428 263
428 109
429 17
429 414
429 3
430 156
430 220
430 88
431 77
431 1
431 53
432 40
432 41
432 86
433 70
433 419
433 18
434 67
434 74
434 63
435 301
435 17
435 14
436 177
436 101
436 86
437 220
437 22
437 1
438 288
438 101
438 1
439 65
439 156
439 383
440 314
440 221
440 124
441 272
441 413
441 131
442 29
442 7
442 30
443 255
443 404
443 156
444 328
444 41
444 26
445 12
445 2
445 0
446 294
446 305
446 23
447 95
447 434
447 220
448 1
448 18
448 116
449 12
449 226
449 263
450 168
450 18
450 412
451 9
451 1
451 404
452 77
452 226
452 102
453 208
453 183
453 58
454 317
454 12
454 284
455 221
455 321
455 53
456 230
456 202
456 435
457 75
457 325
457 2
458 362
458 41
458 367
459 6
459 367
459 20
460 34
460 53
460 46
461 25
461 2
461 441
462 8
462 404
462 74
463 199
463 188
463 46
464 20
464 133
464 360
465 3
465 25
465 226
466 24
466 303
466 88
467 8
467 23
467 205
468 313
468 58
468 387
469 188
469 47
469 1
470 298
470 314
470 24
471 18
471 8
471 317
472 297
472 25
472 359
473 287
473 263
473 243
474 1
474 395
474 5
475 235
475 377
475 12
476 6
476 1
476 19
477 1
477 289
477 12
478 45
478 270
478 39
479 10
479 226
479 64
480 176
480 85
480 4
481 131
481 8
481 19
482 403
482 328
482 450
483 471
483 350
483 415
484 220
484 4
484 449
485 248
485 276
485 130
486 194
486 114
486 139
487 0
487 7
487 15
488 391
488 92
488 7
489 81
489 46
489 21
490 0
490 39
490 148
491 134
491 288
491 396
492 425
492 40
492 376
493 291
493 412
493 70
494 192
494 14
494 6
495 68
495 72
495 48
496 264
496 244
496 137
497 438
497 40
497 59
498 305
498 224
498 440
499 462
499 1
499 182
500 328
500 10
500 74
501 3
501 396
501 184
502 348
502 25
502 79
503 7
503 43
503 35
504 20
504 451
504 3
505 68
505 113
505 25
506 45
506 428
506 25
507 11
507 209
507 23
508 467
508 53
508 23
509 12
509 224
509 159
510 4
510 133
510 12
511 446
511 19
511 282
512 245
512 18
512 85
513 200
513 2
513 9
514 194
514 218
514 269
515 4
515 395
515 391
516 416
516 1
516 47
517 422
517 427
517 278
518 443
518 18
518 425
519 420
519 220
519 411
520 81
520 457
520 76
521 0
521 182
521 40
522 75
522 267
522 182
523 7
523 347
523 363
524 37
524 68
524 468
525 6
525 439
525 8
526 238
526 120
526 202
527 347
527 355
527 104
528 7
528 2
528 83
529 237
529 416
529 208
530 142
530 525
530 223
531 355
531 264
531 527
532 7
532 0
532 107
533 0
533 188
533 12
534 33
534 359
534 264
535 163
535 293
535 82
536 396
536 101
536 4
537 79
537 14
537 77
538 25
538 376
538 14
539 277
539 49
539 7
540 513
540 412
540 14
541 45
541 279
541 532
542 60
542 152
542 47
543 435
543 56
543 14
544 194
544 361
544 519
545 259
545 2
545 77
546 73
546 25
546 50
547 104
547 415
547 282
548 210
548 81
548 3
549 68
549 17
549 203
550 245
550 151
550 18
551 107
551 87
551 481
552 357
552 362
552 182
553 0
553 355
553 433
554 60
554 220
554 33
555 112
555 314
555 48
556 8
556 208
556 105
557 67
557 31
557 350
558 204
558 155
558 23
559 321
559 96
559 33
560 183
560 18
560 334
561 282
561 220
561 267
562 14
562 15
562 343
563 12
563 0
563 373
564 258
564 45
564 172
565 267
565 128
565 142
566 447
566 251
566 6
567 444
567 103
567 0
568 428
568 18
568 36
569 95
569 340
569 525
570 214
570 274
570 59
571 54
571 486
571 305
572 50
572 4
572 223
573 68
573 320
573 184
574 184
574 177
574 90
575 377
575 2
575 97
576 25
576 401
576 92
577 92
577 169
577 205
578 205
578 70
578 49
579 456
579 51
579 25
580 140
580 12
580 332
581 105
581 48
581 577
582 170
582 307
582 185
583 236
583 30
583 300
584 53
584 395
584 220
585 343
585 14
585 242
586 8
586 12
586 362
587 25
587 214
587 250
588 575
588 50
588 24
589 519
589 12
589 20
590 49
590 1
590 70
591 8
591 449
591 274
592 588
592 526
592 446
593 6
593 80
593 13
594 343
594 214
594 47
595 424
595 485
595 96
596 106
596 208
596 123
597 266
597 254
597 121
598 85
598 207
598 407
599 590
599 350
599 40
600 3
600 9
600 267
601 103
601 56
601 456
602 12
602 485
602 570
603 8
603 67
603 4
604 443
604 94
604 192
605 101
605 520
605 313
606 605
606 25
606 534
607 304
607 513
607 37
608 220
608 215
608 19
609 13
609 557
609 9
610 440
610 166
610 417
611 602
611 40
611 103
612 579
612 59
612 3
613 127
613 35
613 92
614 101
614 40
614 18
615 274
615 65
615 87
616 43
616 495
616 493
617 75
617 297
617 542
618 611
618 405
618 190
619 512
619 7
619 133
620 9
620 478
620 93
621 348
621 274
621 52
622 74
622 585
622 81
623 26
623 53
623 582
624 41
624 555
624 559
625 497
625 8
625 204
626 214
626 357
626 183
627 0
627 400
627 178
628 33
628 68
628 351
629 102
629 1
629 28
630 8
630 321
630 3
631 396
631 0
631 2
632 115
632 482
632 225
633 151
633 161
633 255
634 136
634 201
634 178
635 143
635 323
635 606
636 314
636 74
636 7
637 483
637 1
637 237
638 45
638 148
638 8
639 534
639 583
639 323
640 465
640 484
640 404
641 10
641 155
641 321
642 19
642 120
642 84
643 67
643 53
643 12
644 188
644 26
644 56
645 3
645 58
645 360
646 120
646 245
646 104
647 9
647 1
647 209
648 103
648 497
648 33
649 9
649 476
649 355
650 2
650 35
650 452
651 24
651 539
651 140
652 11
652 56
652 630
653 220
653 411
653 37
654 26
654 8
654 19
655 50
655 34
655 407
656 412
656 423
656 5
657 400
657 300
657 90
658 107
658 440
658 3
659 256
659 249
659 35
660 12
660 625
660 10
661 13
661 41
661 183
662 292
662 646
662 25
663 8
663 65
663 83
664 191
664 627
664 303
665 120
665 434
665 523
666 116
666 190
666 362
667 261
667 148
667 504
668 68
668 24
668 450
669 569
669 2
669 12
670 657
670 575
670 53
671 68
671 7
671 3
672 1
672 167
672 470
673 9
673 200
673 208
674 39
674 241
674 418
675 569
675 77
675 60
676 2
676 148
676 12
677 53
677 152
677 3
678 20
678 12
678 586
679 568
679 486
679 163
680 245
680 483
680 287
681 114
681 185
681 147
682 216
682 28
682 171
683 551
683 205
683 46
684 348
684 320
684 391
685 319
685 534
685 6
686 12
686 236
686 313
687 561
687 255
687 108
688 448
688 300
688 326
689 591
689 10
689 77
690 585
690 33
690 23
691 65
691 178
691 4
692 550
692 204
692 449
693 26
693 18
693 79
694 116
694 188
694 507
695 98
695 297
695 185
696 25
696 201
696 150
697 317
697 506
697 292
698 8
698 411
698 597
699 73
699 128
699 81
700 602
700 497
700 50
701 532
701 12
701 147
702 14
702 26
702 35
703 360
703 428
703 137
704 322
704 176
704 9
705 449
705 22
705 391
706 35
706 97
706 185
707 0
707 176
707 148
708 5
708 8
708 639
709 633
709 70
709 277
710 217
710 145
710 0
711 35
711 103
711 506
712 385
712 381
712 190
713 258
713 325
713 81
714 144
714 88
714 6
715 465
715 570
715 94
716 343
716 141
716 639
717 667
717 322
717 212
718 1
718 147
718 511
719 245
719 2
719 359
720 471
720 621
720 199
721 455
721 8
721 140
722 496
722 515
722 631
723 707
723 548
723 678
724 339
724 1
724 117
725 336
725 708
725 701
726 464
726 320
726 279
727 121
727 22
727 274
728 77
728 280
728 328
729 299
729 0
729 374
730 22
730 167
730 574
731 74
731 700
731 8
732 460
732 404
732 279
733 141
733 458
733 664
734 1
734 3
734 692
735 722
735 599
735 568
736 492
736 30
736 6
737 209
737 10
737 24
738 137
738 528
738 735
739 735
739 144
739 707
740 263
740 81
740 178
741 695
741 102
741 731
742 1
742 482
742 252
743 220
743 170
743 367
744 427
744 558
744 68
745 12
745 81
745 142
746 682
746 68
746 90
747 599
747 572
747 51
748 17
748 14
748 355
749 180
749 320
749 591
750 297
750 602
750 378
751 457
751 22
751 664
752 311
752 0
752 80
753 139
753 440
753 188
754 747
754 497
754 19
755 522
755 34
755 751
756 427
756 27
756 178
757 221
757 471
757 97
758 67
758 664
758 296
759 467
759 123
759 314
760 302
760 450
760 243
761 667
761 1
761 101
762 23
762 208
762 42
763 619
763 172
763 70
764 37
764 68
764 125
765 20
765 43
765 15
766 39
766 9
766 114
767 494
767 24
767 373
768 38
768 728
768 422
769 704
769 67
769 33
770 9
770 648
770 519
771 58
771 406
771 37
772 376
772 464
772 686
773 132
773 180
773 8
774 19
774 225
774 316
775 74
775 128
775 277
776 590
776 770
776 94
777 106
777 253
777 29
778 83
778 320
778 257
779 114
779 14
779 473
780 151
780 181
780 528
781 349
781 119
781 297
782 100
782 2
782 225
783 0
783 565
783 6
784 4
784 218
784 586
785 578
785 138
785 12
786 752
786 26
786 318
787 341
787 224
787 634
788 738
788 60
788 166
789 571
789 171
789 472
790 178
790 8
790 1
791 62
791 151
791 77
792 464
792 571
792 313
793 167
793 24
793 9
794 383
794 243
794 759
795 18
795 148
795 770
796 51
796 119
796 49
797 40
797 577
797 665
798 81
798 68
798 483
799 281
799 33
799 4
800 140
800 58
800 4
801 322
801 215
801 294
802 782
802 75
802 92
803 34
803 79
803 393
804 1
804 41
804 6
805 188
805 288
805 569
806 68
806 458
806 118
807 139
807 76
807 43
808 617
808 749
808 565
809 334
809 361
809 1
810 12
810 273
810 579
811 318
811 81
811 317
812 8
812 64
812 232
813 350
813 586
813 142
814 340
814 516
814 16
815 33
815 9
815 6
816 448
816 30
816 215
817 416
817 253
817 266
818 570
818 14
818 1
819 8
819 79
819 166
820 1
820 743
820 459
821 2
821 22
821 64
822 84
822 10
822 590
823 413
823 239
823 109
824 621
824 3
824 226
825 19
825 39
825 101
826 465
826 316
826 3
827 51
827 517
827 297
828 535
828 282
828 232
829 167
829 341
829 618
830 217
830 554
830 29
831 820
831 9
831 220
832 270
832 17
832 9
833 33
833 39
833 506
834 647
834 673
834 112
835 20
835 19
835 580
836 8
836 139
836 823
837 29
837 793
837 40
838 35
838 148
838 82
839 134
839 227
839 656
840 516
840 244
840 470
841 244
841 2
841 25
842 119
842 9
842 304
843 316
843 515
843 184
844 458
844 506
844 162
845 176
845 536
845 89
846 50
846 4
846 25
847 665
847 644
847 398
848 531
848 454
848 31
849 547
849 73
849 0
850 1
850 34
850 56
851 171
851 445
851 475
852 267
852 443
852 177
853 124
853 811
853 37
854 116
854 797
854 88
855 306
855 256
855 103
856 113
856 220
856 9
857 438
857 386
857 318
858 454
858 38
858 12
859 218
859 440
859 755
860 17
860 424
860 5
861 11
861 7
861 842
862 9
862 188
862 802
863 34
863 350
863 125
864 124
864 33
864 60
865 7
865 178
865 762
866 216
866 5
866 319
867 267
867 313
867 133
868 4
868 1
868 182
869 482
869 454
869 100
870 110
870 787
870 846
871 483
871 1
871 665
872 33
872 685
872 617
873 160
873 6
873 2
874 25
874 21
874 782
875 662
875 364
875 602
876 63
876 53
876 768
877 44
877 25
877 749
878 1
878 35
878 711
879 1
879 681
879 302
880 69
880 708
880 22
881 255
881 4
881 162
882 52
882 12
882 275
883 227
883 273
883 801
884 56
884 391
884 418
885 104
885 329
885 641
886 85
886 71
886 291
887 24
887 1
887 254
888 255
888 415
888 589
889 2
889 306
889 38
890 16
890 9
890 49
891 256
891 9
891 292
892 656
892 2
892 202
893 72
893 171
893 505
894 18
894 285
894 515
895 9
895 520
895 58
896 716
896 24
896 764
897 134
897 519
897 8
898 472
898 439
898 202
899 111
899 502
899 65
900 18
900 467
900 1
901 68
901 754
901 780
902 821
902 83
902 644
903 101
903 515
903 81
904 34
904 285
904 577
905 22
905 21
905 316
906 253
906 115
906 889
907 240
907 18
907 483
908 409
908 417
908 432
909 561
909 729
909 840
910 188
910 870
910 730
911 61
911 1
911 583
912 221
912 20
912 23
913 274
913 416
913 656
914 745
914 297
914 602
915 433
915 232
915 673
916 4
916 340
916 286
917 1
917 591
917 26
918 516
918 155
918 810
919 600
919 776
919 2
920 569
920 40
920 443
921 25
921 183
921 688
922 498
922 19
922 279
923 440
923 792
923 843
924 2
924 9
924 335
925 571
925 162
925 130
926 74
926 7
926 40
927 14
927 733
927 2
928 316
928 8
928 0
929 914
929 658
929 720
930 658
930 357
930 784
931 879
931 41
931 396
932 46
932 382
932 392
933 272
933 283
933 647
934 110
934 34
934 802
935 256
935 479
935 599
936 367
936 338
936 658
937 909
937 2
937 861
938 362
938 7
938 151
939 6
939 448
939 677
940 71
940 249
940 171
941 487
941 126
941 602
942 125
942 820
942 497
943 535
943 820
943 226
944 217
944 503
944 382
945 434
945 372
945 351
946 81
946 427
946 75
947 314
947 24
947 58
948 168
948 526
948 142
949 150
949 274
949 497
950 755
950 66
950 627
951 790
951 548
951 402
952 673
952 20
952 433
953 265
953 147
953 160
954 940
954 7
954 4
955 204
955 914
955 263
956 179
956 196
956 19
957 274
957 1
957 142
958 188
958 786
958 862
959 580
959 265
959 155
960 614
960 77
960 11
961 549
961 449
961 45
962 520
962 7
962 102
963 166
963 320
963 582
964 155
964 242
964 41
965 653
965 12
965 33
966 3
966 296
966 483
967 68
967 753
967 734
968 215
968 519
968 0
969 644
969 171
969 165
970 3
970 946
970 49
971 175
971 342
971 33
972 628
972 30
972 65
973 56
973 347
973 684
974 935
974 70
974 22
975 688
975 19
975 34
976 502
976 686
976 99
977 41
977 334
977 463
978 928
978 223
978 6
979 908
979 219
979 792
980 417
980 158
980 18
981 1
981 124
981 79
982 41
982 460
982 263
983 327
983 809
983 588
984 328
984 211
984 4
985 225
985 759
985 22
986 22
986 331
986 811
987 19
987 66
987 860
988 315
988 773
988 353
989 28
989 932
989 4
990 843
990 143
990 796
991 610
991 96
991 738
992 87
992 28
992 410
993 702
993 289
993 989
994 358
994 400
994 597
995 150
995 403
995 915
996 345
996 7
996 0
997 179
997 631
997 6
998 446
998 624
998 384
999 865
999 688
999 9
