0 1
0 2
1 0
1 2
2 0
2 1
3 0
3 1
3 2
4 0
4 2
4 3
5 2
5 1
5 0
6 5
6 1
6 2
7 0
7 2
7 5
8 2
8 5
8 7
9 2
9 0
9 5
10 2
10 0
10 3
11 3
11 1
11 2
12 2
12 5
12 7
13 9
13 11
13 3
14 6
14 8
14 5
15 2
15 3
15 9
16 2
16 14
16 0
17 0
17 3
17 2
18 5
18 7
18 2
19 1
19 11
19 2
20 9
20 2
20 17
21 2
21 19
21 7
22 2
22 10
22 17
23 20
23 6
23 5
24 0
24 21
24 1
25 1
25 9
25 17
26 4
26 9
26 21
27 9
27 17
27 2
28 15
28 13
28 22
29 5
29 14
29 19
30 7
30 5
30 18
31 7
31 17
31 2
32 5
32 9
32 1
33 1
33 18
33 5
34 0
34 2
34 20
35 17
35 14
35 2
36 2
36 29
36 12
37 21
37 2
37 7
38 4
38 8
38 9
39 3
39 9
39 11
40 15
40 14
40 5
41 8
41 40
41 2
42 3
42 21
42 19
43 9
43 2
43 21
44 2
44 19
44 22
45 15
45 13
45 2
46 0
46 14
46 22
47 0
47 32
47 2
48 14
48 24
48 31
49 17
49 2
49 21
50 2
50 11
50 0
51 30
51 14
51 0
52 7
52 3
52 38
53 6
53 49
53 7
54 45
54 47
54 0
55 35
55 10
55 53
56 55
56 2
56 54
57 5
57 16
57 19
58 38
58 2
58 22
59 5
59 29
59 21
60 23
60 47
60 3
61 17
61 14
61 7
62 39
62 33
62 1
63 11
63 17
63 5
64 38
64 7
64 14
65 16
65 9
65 2
66 37
66 14
66 51
67 51
67 1
67 7
68 55
68 22
68 2
69 14
69 31
69 5
70 17
70 1
70 39
71 31
71 3
71 2
72 2
72 4
72 7
73 2
73 1
73 38
74 35
74 40
74 0
75 71
75 17
75 33
76 44
76 4
76 12
77 17
77 1
77 60
78 1
78 22
78 0
79 23
79 68
79 52
80 2
80 3
80 49
81 28
81 69
81 17
82 24
82 68
82 4
83 75
83 17
83 70
84 12
84 21
84 29
85 7
85 37
85 2
86 0
86 38
86 84
87 20
87 38
87 79
88 2
88 86
88 71
89 2
89 30
89 28
90 73
90 12
90 42
91 0
91 40
91 42
92 9
92 3
92 2
93 50
93 5
93 2
94 29
94 7
94 17
95 52
95 12
95 28
96 38
96 46
96 8
97 22
97 24
97 86
98 95
98 18
98 20
99 5
99 69
99 1
100 31
100 0
100 3
101 36
101 69
101 65
102 12
102 0
102 44
103 3
103 2
103 46
104 2
104 93
104 5
105 72
105 32
105 0
106 22
106 5
106 23
107 106
107 20
107 77
108 12
108 92
108 49
109 2
109 17
109 8
110 21
110 79
110 14
111 35
111 99
111 9
112 2
112 0
112 9
113 22
113 32
113 12
114 4
114 17
114 9
115 72
115 38
115 21
116 2
116 70
116 106
117 2
117 3
117 69
118 11
118 33
118 2
119 5
119 11
119 76
120 39
120 30
120 2
121 14
121 2
121 7
122 14
122 64
122 81
123 79
123 10
123 47
124 17
124 52
124 40
125 16
125 53
125 79
126 94
126 57
126 0
127 1
127 110
127 22
128 21
128 109
128 115
129 37
129 1
129 101
130 30
130 0
130 107
131 18
131 38
131 48
132 10
132 94
132 8
133 2
133 5
133 47
134 20
134 16
134 26
135 86
135 2
135 132
136 5
136 119
136 1
137 20
137 25
137 14
138 22
138 2
138 77
139 49
139 21
139 30
140 123
140 117
140 114
141 84
141 40
141 101
142 30
142 3
142 21
143 7
143 137
143 68
144 137
144 22
144 24
145 2
145 51
145 56
146 137
146 10
146 26
147 32
147 39
147 2
148 126
148 22
148 77
149 14
149 77
149 44
150 7
150 34
150 13
151 51
151 93
151 133
152 1
152 89
152 46
153 93
153 2
153 112
154 20
154 112
154 81
155 1
155 110
155 112
156 22
156 11
156 67
157 2
157 113
157 25
158 64
158 49
158 16
159 104
159 38
159 97
160 0
160 2
160 20
161 134
161 99
161 6
162 30
162 130
162 21
163 90
163 5
163 2
164 75
164 26
164 113
165 129
165 18
165 35
166 2
166 38
166 44
167 7
167 12
167 42
168 114
168 123
168 7
169 86
169 153
169 1
170 165
170 76
170 30
171 7
171 134
171 82
172 139
172 113
172 5
173 74
173 77
173 129
174 9
174 13
174 6
175 109
175 90
175 136
176 84
176 1
176 162
177 133
177 3
177 0
178 2
178 12
178 151
179 61
179 2
179 15
180 0
180 47
180 12
181 5
181 7
181 10
182 128
182 2
182 29
183 126
183 15
183 22
184 81
184 48
184 14
185 84
185 4
185 77
186 122
186 30
186 75
187 77
187 64
187 149
188 0
188 1
188 181
189 158
189 14
189 97
190 41
190 157
190 12
191 44
191 21
191 24
192 5
192 177
192 77
193 5
193 44
193 113
194 5
194 173
194 106
195 93
195 146
195 23
196 2
196 71
196 172
197 106
197 5
197 38
198 0
198 123
198 9
199 69
199 65
199 1
200 149
200 39
200 6
201 98
201 121
201 6
202 5
202 25
202 67
203 19
203 22
203 9
204 161
204 141
204 13
205 54
205 110
205 22
206 122
206 3
206 142
207 89
207 9
207 81
208 0
208 44
208 113
209 65
209 14
209 114
210 30
210 38
210 135
211 58
211 111
211 68
212 37
212 14
212 42
213 17
213 89
213 110
214 152
214 1
214 9
215 7
215 197
215 114
216 61
216 206
216 107
217 110
217 23
217 121
218 130
218 3
218 29
219 5
219 128
219 10
220 150
220 79
220 109
221 154
221 191
221 51
222 145
222 2
222 133
223 2
223 164
223 89
224 194
224 22
224 39
225 183
225 154
225 63
226 13
226 75
226 86
227 20
227 30
227 181
228 14
228 19
228 2
229 12
229 42
229 22
230 103
230 129
230 2
231 5
231 9
231 198
232 81
232 169
232 94
233 186
233 19
233 8
234 11
234 0
234 170
235 9
235 30
235 115
236 70
236 93
236 10
237 2
237 23
237 81
238 3
238 123
238 111
239 10
239 28
239 0
240 13
240 214
240 2
241 54
241 29
241 2
242 165
242 10
242 37
243 235
243 3
243 52
244 186
244 31
244 97
245 36
245 38
245 109
246 63
246 116
246 122
247 186
247 0
247 107
248 167
248 35
248 147
249 1
249 3
249 4
250 2
250 64
250 215
251 20
251 126
251 41
252 11
252 2
252 64
253 73
253 2
253 102
254 50
254 44
254 136
255 2
255 210
255 31
256 68
256 240
256 130
257 65
257 22
257 11
258 22
258 214
258 33
259 2
259 161
259 38
260 36
260 7
260 102
261 213
261 2
261 96
262 131
262 127
262 2
263 29
263 6
263 202
264 215
264 52
264 64
265 262
265 86
265 66
266 146
266 8
266 21
267 2
267 5
267 12
268 43
268 5
268 50
269 39
269 94
269 11
270 104
270 46
270 22
271 0
271 4
271 174
272 38
272 44
272 114
273 20
273 165
273 17
274 231
274 81
274 118
275 1
275 132
275 153
276 2
276 186
276 17
277 118
277 216
277 207
278 173
278 152
278 68
279 75
279 277
279 72
280 13
280 2
280 161
281 31
281 50
281 40
282 21
282 116
282 130
283 2
283 12
283 94
284 1
284 7
284 138
285 4
285 199
285 14
286 120
286 139
286 217
287 214
287 2
287 16
288 16
288 259
288 43
289 170
289 12
289 114
290 81
290 0
290 70
291 29
291 13
291 2
292 38
292 9
292 110
293 227
293 180
293 52
294 19
294 110
294 236
295 148
295 48
295 260
296 45
296 91
296 14
297 63
297 2
297 187
298 9
298 214
298 37
299 106
299 38
299 240
300 2
300 196
300 204
301 152
301 10
301 65
302 205
302 5
302 276
303 9
303 282
303 104
304 14
304 227
304 134
305 60
305 7
305 293
306 133
306 30
306 208
307 109
307 126
307 157
308 10
308 7
308 13
309 37
309 174
309 9
310 223
310 45
310 98
311 11
311 98
311 1
312 165
312 129
312 69
313 20
313 124
313 14
314 287
314 74
314 86
315 2
315 298
315 312
316 180
316 83
316 38
317 241
317 118
317 123
318 7
318 166
318 164
319 291
319 0
319 38
320 265
320 52
320 120
321 38
321 29
321 97
322 79
322 117
322 90
323 244
323 127
323 17
324 14
324 111
324 153
325 91
325 148
325 201
326 165
326 4
326 22
327 282
327 123
327 124
328 97
328 15
328 325
329 69
329 4
329 2
330 2
330 106
330 153
331 71
331 4
331 143
332 78
332 180
332 7
333 208
333 137
333 234
334 65
334 310
334 60
335 205
335 0
335 128
336 91
336 224
336 9
337 189
337 174
337 205
338 23
338 2
338 7
339 115
339 263
339 129
340 4
340 201
340 90
341 5
341 189
341 81
342 74
342 64
342 1
343 2
343 212
343 198
344 5
344 235
344 131
345 132
345 118
345 40
346 336
346 11
346 93
347 154
347 219
347 81
348 271
348 81
348 7
349 165
349 334
349 20
350 317
350 187
350 18
351 175
351 38
351 15
352 351
352 120
352 50
353 91
353 202
353 161
354 12
354 242
354 2
355 123
355 41
355 2
356 286
356 290
356 14
357 104
357 214
357 317
358 5
358 148
358 3
359 9
359 26
359 77
360 128
360 21
360 39
361 110
361 125
361 63
362 341
362 85
362 15
363 2
363 222
363 292
364 242
364 6
364 35
365 318
365 89
365 90
366 189
366 162
366 7
367 75
367 173
367 32
368 345
368 170
368 306
369 76
369 91
369 328
370 4
370 8
370 234
371 174
371 2
371 114
372 251
372 278
372 208
373 263
373 47
373 130
374 14
374 4
374 308
375 94
375 186
375 96
376 172
376 42
376 38
377 116
377 160
377 63
378 14
378 86
378 277
379 203
379 259
379 37
380 52
380 38
380 300
381 19
381 134
381 146
382 113
382 52
382 94
383 104
383 357
383 63
384 263
384 180
384 199
385 38
385 90
385 287
386 47
386 258
386 1
387 142
387 199
387 0
388 247
388 64
388 19
389 2
389 305
389 255
390 114
390 266
390 1
391 2
391 3
391 39
392 228
392 165
392 33
393 5
393 386
393 208
394 101
394 96
394 130
395 5
395 80
395 154
396 144
396 39
396 28
397 30
397 196
397 361
398 22
398 83
398 2
399 11
399 110
399 52
400 138
400 25
400 21
401 18
401 89
401 123
402 36
402 174
402 48
403 18
403 129
403 1
404 119
404 18
404 12
405 61
405 30
405 162
406 403
406 6
406 5
407 406
407 208
407 75
408 38
408 262
408 287
409 5
409 38
409 99
410 384
410 269
410 30
411 21
411 12
411 166
412 205
412 3
412 183
413 50
413 18
413 312
414 71
414 185
414 325
415 150
415 214
415 38
416 402
416 3
416 228
417 247
417 223
417 148
418 31
418 99
418 14
419 94
419 404
419 0
420 255
420 14
420 39
421 23
421 123
421 16
422 57
422 6
422 122
423 64
423 168
423 38
424 2
424 93
424 75
425 143
425 19
425 231
426 41
426 107
426 5
427 92
427 321
427 24
428 50
428 343
428 9
429 287
429 410
429 223
430 31
430 93
430 2
431 150
431 114
431 77
432 14
432 395
432 189
433 221
433 275
433 1
434 395
434 2
434 33
435 23
435 327
435 205
436 2
436 7
436 0
437 434
437 134
437 74
438 110
438 235
438 381
439 431
439 65
439 167
440 240
440 143
440 8
441 2
441 340
441 316
442 4
442 273
442 240
443 30
443 189
443 2
444 165
444 106
444 271
445 91
445 38
445 134
446 208
446 165
446 81
447 92
447 355
447 183
448 238
448 11
448 2
449 21
449 443
449 223
450 318
450 207
450 338
451 310
451 1
451 186
452 114
452 139
452 98
453 63
453 328
453 213
454 205
454 125
454 249
455 136
455 40
455 213
456 28
456 26
456 4
457 250
457 93
457 1
458 339
458 120
458 408
459 13
459 201
459 128
460 17
460 187
460 21
461 98
461 7
461 1
462 96
462 4
462 310
463 129
463 38
463 446
464 165
464 385
464 14
465 33
465 32
465 110
466 275
466 460
466 70
467 189
467 11
467 462
468 135
468 413
468 466
469 137
469 37
469 305
470 22
470 416
470 166
471 144
471 213
471 7
472 53
472 88
472 208
473 4
473 249
473 415
474 21
474 328
474 460
475 453
475 127
475 310
476 450
476 52
476 28
477 251
477 14
477 86
478 48
478 476
478 161
479 164
479 74
479 10
480 2
480 249
480 97
481 60
481 130
481 396
482 197
482 278
482 424
483 9
483 177
483 71
484 110
484 229
484 352
485 154
485 298
485 1
486 417
486 11
486 471
487 30
487 41
487 2
488 2
488 305
488 20
489 366
489 309
489 31
490 477
490 9
490 202
491 118
491 89
491 477
492 2
492 98
492 120
493 85
493 12
493 328
494 146
494 107
494 126
495 111
495 246
495 223
496 409
496 312
496 317
497 61
497 14
497 21
498 173
498 429
498 319
499 277
499 53
499 166
500 42
500 9
500 14
501 123
501 283
501 20
502 194
502 210
502 154
503 118
503 19
503 50
504 183
504 38
504 174
505 153
505 304
505 2
506 277
506 2
506 51
507 61
507 30
507 183
508 17
508 442
508 29
509 121
509 328
509 10
510 74
510 230
510 0
511 69
511 311
511 28
512 116
512 204
512 351
513 38
513 16
513 359
514 52
514 69
514 7
515 379
515 134
515 52
516 110
516 454
516 38
517 321
517 150
517 116
518 451
518 50
518 257
519 378
519 112
519 419
520 4
520 93
520 437
521 92
521 1
521 285
522 198
522 5
522 343
523 19
523 225
523 28
524 339
524 243
524 8
525 203
525 18
525 17
526 10
526 321
526 113
527 142
527 272
527 349
528 434
528 67
528 70
529 432
529 499
529 465
530 430
530 179
530 125
531 246
531 20
531 21
532 193
532 449
532 276
533 35
533 79
533 107
534 5
534 14
534 407
535 92
535 486
535 43
536 234
536 502
536 343
537 204
537 423
537 196
538 443
538 389
538 33
539 47
539 35
539 222
540 186
540 16
540 167
541 0
541 2
541 254
542 458
542 232
542 288
543 179
543 81
543 8
544 325
544 421
544 500
545 61
545 136
545 87
546 107
546 68
546 371
547 278
547 368
547 6
548 417
548 361
548 42
549 87
549 15
549 6
550 22
550 285
550 39
551 292
551 317
551 137
552 79
552 206
552 114
553 217
553 38
553 18
554 11
554 81
554 162
555 526
555 156
555 168
556 73
556 22
556 137
557 519
557 548
557 329
558 21
558 392
558 5
559 526
559 2
559 4
560 159
560 122
560 93
561 1
561 519
561 274
562 22
562 64
562 82
563 279
563 325
563 14
564 147
564 385
564 464
565 63
565 37
565 2
566 143
566 4
566 548
567 44
567 425
567 286
568 2
568 419
568 212
569 28
569 235
569 15
570 341
570 367
570 566
571 248
571 321
571 486
572 94
572 396
572 208
573 266
573 186
573 47
574 61
574 257
574 2
575 138
575 79
575 43
576 68
576 566
576 46
577 54
577 162
577 58
578 424
578 223
578 22
579 110
579 61
579 21
580 118
580 336
580 64
581 370
581 323
581 534
582 180
582 554
582 58
583 375
583 50
583 295
584 174
584 260
584 67
585 369
585 522
585 123
586 24
586 157
586 271
587 327
587 388
587 130
588 0
588 6
588 269
589 86
589 69
589 1
590 124
590 75
590 64
591 562
591 314
591 9
592 464
592 11
592 376
593 107
593 41
593 253
594 5
594 94
594 209
595 473
595 35
595 154
596 205
596 218
596 38
597 328
597 376
597 298
598 356
598 349
598 1
599 404
599 446
599 64
600 40
600 147
600 130
601 84
601 530
601 150
602 13
602 4
602 2
603 519
603 1
603 225
604 135
604 76
604 362
605 370
605 312
605 93
606 12
606 530
606 0
607 529
607 386
607 285
608 465
608 401
608 251
609 9
609 581
609 546
610 35
610 550
610 71
611 21
611 610
611 606
612 437
612 481
612 2
613 10
613 201
613 606
614 270
614 540
614 68
615 25
615 20
615 10
616 559
616 24
616 395
617 1
617 2
617 5
618 318
618 453
618 468
619 196
619 280
619 1
620 165
620 11
620 384
621 91
621 123
621 72
622 22
622 147
622 3
623 12
623 30
623 146
624 47
624 588
624 149
625 132
625 442
625 21
626 590
626 94
626 431
627 13
627 482
627 386
628 493
628 112
628 212
629 227
629 359
629 272
630 22
630 110
630 569
631 183
631 292
631 0
632 565
632 3
632 25
633 597
633 386
633 159
634 17
634 5
634 521
635 147
635 156
635 456
636 234
636 613
636 251
637 59
637 299
637 232
638 102
638 278
638 525
639 148
639 367
639 174
640 372
640 21
640 366
641 275
641 208
641 317
642 52
642 39
642 468
643 98
643 526
643 642
644 590
644 562
644 44
645 379
645 349
645 11
646 152
646 64
646 20
647 18
647 112
647 89
648 22
648 68
648 466
649 290
649 52
649 132
650 587
650 114
650 505
651 59
651 346
651 291
652 33
652 96
652 93
653 9
653 97
653 191
654 22
654 11
654 79
655 413
655 2
655 17
656 232
656 453
656 15
657 476
657 20
657 68
658 16
658 312
658 561
659 110
659 430
659 603
660 2
660 140
660 515
661 89
661 465
661 598
662 484
662 179
662 396
663 20
663 1
663 194
664 274
664 171
664 33
665 227
665 301
665 482
666 339
666 338
666 388
667 164
667 10
667 114
668 21
668 601
668 227
669 294
669 22
669 617
670 213
670 131
670 365
671 561
671 58
671 139
672 396
672 399
672 569
673 221
673 149
673 146
674 110
674 407
674 0
675 263
675 191
675 22
676 7
676 185
676 98
677 14
677 141
677 29
678 369
678 129
678 69
679 20
679 43
679 541
680 21
680 554
680 161
681 199
681 16
681 315
682 604
682 550
682 598
683 186
683 471
683 418
684 2
684 446
684 0
685 343
685 38
685 205
686 175
686 15
686 513
687 154
687 18
687 654
688 22
688 134
688 17
689 7
689 118
689 160
690 14
690 399
690 600
691 75
691 90
691 125
692 223
692 183
692 640
693 81
693 23
693 361
694 85
694 98
694 310
695 30
695 464
695 600
696 13
696 236
696 478
697 218
697 335
697 613
698 30
698 414
698 289
699 562
699 298
699 14
700 632
700 2
700 663
701 423
701 619
701 106
702 104
702 358
702 663
703 685
703 37
703 424
704 505
704 4
704 288
705 632
705 683
705 86
706 44
706 26
706 30
707 72
707 33
707 205
708 85
708 11
708 593
709 1
709 681
709 120
710 11
710 200
710 246
711 301
711 84
711 17
712 90
712 682
712 22
713 138
713 573
713 28
714 2
714 432
714 345
715 47
715 76
715 136
716 27
716 713
716 344
717 90
717 16
717 667
718 577
718 566
718 206
719 399
719 20
719 112
720 395
720 135
720 15
721 395
721 93
721 243
722 7
722 331
722 674
723 166
723 1
723 406
724 132
724 577
724 6
725 432
725 258
725 1
726 2
726 123
726 165
727 286
727 349
727 5
728 472
728 5
728 602
729 556
729 38
729 587
730 214
730 424
730 660
731 45
731 19
731 103
732 663
732 408
732 228
733 22
733 14
733 621
734 671
734 293
734 69
735 209
735 46
735 5
736 372
736 519
736 22
737 449
737 43
737 262
738 122
738 287
738 4
739 294
739 122
739 411
740 214
740 411
740 30
741 107
741 240
741 2
742 541
742 14
742 123
743 415
743 44
743 98
744 395
744 435
744 282
745 0
745 17
745 7
746 12
746 250
746 151
747 64
747 600
747 198
748 566
748 295
748 14
749 63
749 721
749 191
750 343
750 50
750 72
751 33
751 54
751 69
752 223
752 99
752 261
753 683
753 370
753 695
754 597
754 449
754 270
755 399
755 179
755 530
756 683
756 54
756 0
757 155
757 340
757 738
758 134
758 15
758 386
759 160
759 14
759 627
760 514
760 600
760 82
761 534
761 136
761 584
762 609
762 86
762 76
763 38
763 75
763 274
764 293
764 14
764 18
765 148
765 231
765 2
766 86
766 81
766 225
767 642
767 497
767 47
768 117
768 610
768 134
769 446
769 331
769 208
770 557
770 518
770 593
771 757
771 306
771 107
772 180
772 5
772 2
773 319
773 621
773 98
774 741
774 394
774 726
775 202
775 315
775 614
776 437
776 285
776 252
777 527
777 334
777 346
778 0
778 22
778 21
779 49
779 410
779 520
780 140
780 32
780 1
781 602
781 97
781 593
782 172
782 740
782 1
783 24
783 92
783 143
784 577
784 198
784 109
785 530
785 246
785 196
786 361
786 100
786 187
787 486
787 24
787 451
788 511
788 58
788 13
789 710
789 79
789 574
790 457
790 453
790 404
791 410
791 128
791 271
792 341
792 518
792 731
793 124
793 94
793 399
794 253
794 746
794 654
795 38
795 135
795 518
796 65
796 552
796 28
797 22
797 591
797 702
798 171
798 292
798 69
799 530
799 554
799 405
800 187
800 5
800 7
801 45
801 709
801 312
802 622
802 45
802 582
803 289
803 32
803 101
804 554
804 14
804 79
805 306
805 127
805 400
806 3
806 780
806 52
807 94
807 212
807 626
808 535
808 111
808 21
809 756
809 528
809 141
810 806
810 4
810 383
811 185
811 260
811 217
812 482
812 766
812 96
813 81
813 257
813 276
814 597
814 141
814 484
815 358
815 5
815 120
816 491
816 600
816 584
817 548
817 387
817 809
818 407
818 666
818 627
819 114
819 2
819 812
820 225
820 710
820 5
821 172
821 205
821 28
822 402
822 212
822 532
823 39
823 40
823 298
824 300
824 12
824 214
825 214
825 344
825 52
826 82
826 61
826 399
827 370
827 584
827 93
828 602
828 129
828 16
829 773
829 15
829 14
830 826
830 639
830 459
831 603
831 246
831 123
832 662
832 137
832 464
833 368
833 38
833 2
834 30
834 526
834 231
835 561
835 217
835 422
836 3
836 91
836 29
837 588
837 344
837 392
838 22
838 44
838 143
839 395
839 112
839 559
840 788
840 670
840 554
841 617
841 110
841 3
842 20
842 234
842 386
843 2
843 18
843 7
844 138
844 27
844 97
845 84
845 371
845 321
846 46
846 329
846 797
847 342
847 69
847 674
848 162
848 301
848 512
849 662
849 259
849 65
850 764
850 225
850 168
851 471
851 329
851 22
852 51
852 0
852 513
853 11
853 710
853 600
854 162
854 618
854 365
855 30
855 728
855 305
856 343
856 89
856 344
857 137
857 130
857 408
858 696
858 697
858 154
859 344
859 279
859 711
860 69
860 285
860 714
861 165
861 271
861 21
862 262
862 199
862 189
863 531
863 42
863 459
864 99
864 477
864 86
865 453
865 2
865 289
866 52
866 1
866 238
867 129
867 177
867 445
868 259
868 137
868 556
869 791
869 112
869 588
870 211
870 17
870 39
871 14
871 107
871 94
872 33
872 724
872 5
873 570
873 162
873 101
874 168
874 573
874 605
875 339
875 43
875 27
876 530
876 352
876 807
877 652
877 128
877 277
878 664
878 20
878 129
879 10
879 813
879 94
880 5
880 359
880 385
881 9
881 47
881 285
882 700
882 2
882 43
883 431
883 166
883 50
884 615
884 690
884 792
885 851
885 9
885 3
886 236
886 336
886 15
887 284
887 515
887 276
888 598
888 784
888 114
889 881
889 885
889 366
890 273
890 24
890 113
891 33
891 28
891 837
892 637
892 3
892 824
893 886
893 19
893 848
894 880
894 379
894 2
895 300
895 34
895 114
896 864
896 29
896 461
897 2
897 333
897 161
898 100
898 600
898 489
899 25
899 21
899 343
900 11
900 96
900 142
901 563
901 2
901 84
902 272
902 38
902 192
903 810
903 221
903 837
904 580
904 530
904 20
905 536
905 478
905 71
906 81
906 647
906 11
907 471
907 8
907 562
908 358
908 192
908 710
909 503
909 2
909 4
910 773
910 278
910 262
911 884
911 583
911 373
912 877
912 208
912 344
913 610
913 548
913 44
914 671
914 596
914 30
915 29
915 208
915 81
916 141
916 298
916 344
917 14
917 406
917 15
918 4
918 8
918 370
919 341
919 75
919 794
920 28
920 793
920 278
921 589
921 451
921 38
922 450
922 203
922 132
923 132
923 620
923 103
924 438
924 191
924 501
925 118
925 35
925 427
926 277
926 494
926 273
927 89
927 197
927 305
928 213
928 900
928 38
929 117
929 75
929 4
930 206
930 97
930 20
931 606
931 881
931 94
932 399
932 14
932 60
933 423
933 18
933 28
934 196
934 395
934 468
935 5
935 391
935 695
936 487
936 887
936 373
937 530
937 481
937 69
938 121
938 197
938 46
939 196
939 686
939 20
940 2
940 903
940 1
941 117
941 2
941 754
942 102
942 9
942 562
943 674
943 203
943 18
944 904
944 179
944 125
945 143
945 645
945 9
946 30
946 809
946 293
947 331
947 103
947 462
948 173
948 307
948 339
949 249
949 625
949 99
950 5
950 142
950 47
951 84
951 116
951 34
952 230
952 22
952 289
953 871
953 550
953 395
954 7
954 403
954 468
955 310
955 706
955 325
956 24
956 770
956 799
957 115
957 63
957 141
958 372
958 899
958 699
959 817
959 736
959 2
960 222
960 404
960 481
961 117
961 92
961 292
962 81
962 224
962 904
963 795
963 360
963 710
964 84
964 16
964 52
965 354
965 456
965 113
966 35
966 640
966 870
967 7
967 117
967 21
968 15
968 114
968 624
969 104
969 548
969 67
970 598
970 120
970 358
971 815
971 698
971 233
972 5
972 553
972 4
973 7
973 640
973 5
974 225
974 337
974 619
975 520
975 33
975 31
976 275
976 29
976 683
977 9
977 741
977 129
978 294
978 755
978 189
979 763
979 770
979 530
980 617
980 580
980 14
981 554
981 186
981 12
982 91
982 347
982 21
983 2
983 240
983 813
984 43
984 861
984 111
985 654
985 270
985 107
986 658
986 902
986 305
987 14
987 824
987 39
988 201
988 129
988 230
989 119
989 790
989 287
990 291
990 958
990 7
991 275
991 366
991 49
992 644
992 554
992 123
993 99
993 262
993 339
994 212
994 620
994 275
995 173
995 772
995 81
996 48
996 274
996 734
997 22
997 376
997 931
998 2
998 134
998 22
999 258
999 586
999 331
