0 1
1 0
2 1
2 0
3 1
3 0
3 2
4 1
4 2
4 0
5 1
5 0
5 4
6 1
6 3
6 0
7 3
7 0
7 6
8 4
8 3
8 2
9 6
9 1
9 4
10 4
10 0
10 1
11 3
11 8
11 2
12 1
12 0
12 3
13 4
13 0
13 1
14 1
14 7
14 11
15 2
15 6
15 8
16 2
16 4
16 6
17 1
17 10
17 13
18 12
18 1
18 15
19 3
19 0
19 9
20 1
20 8
20 7
21 12
21 0
21 13
22 4
22 2
22 10
23 1
23 10
23 0
24 11
24 5
24 1
25 1
25 14
25 7
26 0
26 1
26 4
27 0
27 22
27 23
28 11
28 0
28 13
29 7
29 26
29 19
30 0
30 11
30 1
31 15
31 1
31 21
32 1
32 8
32 9
33 27
33 1
33 10
34 33
34 25
34 1
35 0
35 1
35 11
36 21
36 33
36 1
37 33
37 8
37 15
38 28
38 8
38 23
39 23
39 33
39 17
40 38
40 8
40 23
41 1
41 37
41 24
42 16
42 31
42 23
43 3
43 21
43 30
44 40
44 0
44 23
45 29
45 1
45 38
46 35
46 38
46 15
47 46
47 8
47 30
48 3
48 38
48 7
49 1
49 6
49 8
50 25
50 1
50 13
51 4
51 27
51 17
52 16
52 18
52 0
53 46
53 8
53 0
54 19
54 23
54 3
55 49
55 8
55 35
56 54
56 40
56 12
57 12
57 56
57 46
58 37
58 1
58 21
59 20
59 0
59 8
60 3
60 8
60 26
61 49
61 6
61 18
62 26
62 31
62 60
63 51
63 50
63 19
64 14
64 53
64 46
65 12
65 38
65 59
66 48
66 65
66 63
67 63
67 19
67 2
68 31
68 13
68 29
69 51
69 0
69 37
70 46
70 40
70 18
71 63
71 30
71 49
72 52
72 18
72 69
73 46
73 6
73 70
74 69
74 8
74 13
75 8
75 3
75 43
76 18
76 13
76 0
77 26
77 39
77 46
78 0
78 35
78 37
79 11
79 7
79 25
80 8
80 5
80 16
81 19
81 63
81 70
82 33
82 37
82 10
83 59
83 1
83 81
84 19
84 0
84 66
85 68
85 1
85 55
86 56
86 72
86 22
87 3
87 32
87 47
88 50
88 15
88 33
89 60
89 16
89 1
90 0
90 80
90 15
91 69
91 33
91 35
92 2
92 19
92 16
93 1
93 67
93 53
94 70
94 7
94 13
95 7
95 4
95 3
96 27
96 12
96 59
97 15
97 60
97 33
98 71
98 16
98 92
99 13
99 8
99 21
