0 1
0 2
0 3
0 4
0 5
0 7
0 8
0 10
0 13
0 14
1 0
1 2
1 3
1 4
1 5
2 0
2 1
2 3
2 5
2 6
2 7
2 8
2 11
2 16
2 19
3 2
3 1
3 0
3 4
3 6
3 10
3 14
3 15
3 16
4 3
4 1
4 0
4 7
4 9
4 14
4 17
4 18
4 19
5 2
5 0
5 1
5 6
5 11
5 13
6 2
6 3
6 5
6 8
7 4
7 2
7 0
7 9
7 12
8 2
8 6
8 0
8 9
8 10
8 11
8 12
8 16
8 17
9 7
9 4
9 8
10 3
10 8
10 0
10 15
11 2
11 5
11 8
11 12
11 13
12 8
12 11
12 7
13 0
13 11
13 5
13 15
13 17
13 18
14 3
14 4
14 0
15 13
15 3
15 10
16 8
16 2
16 3
16 18
17 8
17 13
17 4
17 19
18 4
18 16
18 13
19 17
19 2
19 4
