0 1
1 0
2 0
2 1
3 1
3 0
3 2
4 0
4 1
4 3
5 3
5 1
5 4
6 5
6 3
6 0
7 3
7 1
7 6
8 6
8 0
8 5
9 3
9 5
9 6
10 1
10 5
10 0
11 3
11 1
11 6
12 3
12 1
12 6
13 2
13 12
13 0
14 3
14 11
14 4
15 12
15 5
15 1
16 9
16 1
16 15
17 0
17 5
17 4
18 16
18 1
18 10
19 0
19 10
19 1
20 5
20 1
20 4
21 6
21 1
21 0
22 3
22 15
22 14
23 2
23 1
23 5
24 1
24 5
24 14
25 1
25 7
25 3
26 17
26 10
26 13
27 6
27 4
27 1
28 3
28 23
28 6
29 6
29 9
29 3
30 2
30 11
30 29
31 4
31 5
31 6
32 5
32 16
32 15
33 6
33 29
33 22
34 3
34 1
34 0
35 12
35 1
35 6
36 6
36 4
36 13
37 7
37 1
37 20
38 3
38 12
38 22
39 3
39 33
39 1
40 2
40 3
40 38
41 1
41 7
41 21
42 12
42 2
42 6
43 40
43 1
43 3
44 33
44 16
44 4
45 29
45 10
45 5
46 1
46 37
46 44
47 3
47 32
47 28
48 15
48 33
48 5
49 3
49 43
49 5
50 48
50 2
50 12
51 46
51 44
51 1
52 2
52 35
52 42
53 30
53 3
53 37
54 10
54 4
54 32
55 39
55 4
55 7
56 29
56 1
56 32
57 42
57 0
57 5
58 0
58 37
58 17
59 46
59 32
59 0
60 5
60 26
60 33
61 58
61 4
61 38
62 44
62 48
62 3
63 50
63 6
63 22
64 7
64 29
64 38
65 11
65 3
65 6
66 21
66 39
66 3
67 44
67 22
67 2
68 25
68 3
68 46
69 46
69 43
69 1
70 18
70 49
70 69
71 43
71 63
71 7
72 56
72 35
72 53
73 0
73 30
73 16
74 46
74 44
74 55
75 66
75 0
75 17
76 3
76 1
76 16
77 3
77 12
77 5
78 1
78 6
78 30
79 29
79 3
79 56
80 37
80 46
80 5
81 9
81 64
81 33
82 60
82 43
82 71
83 33
83 7
83 3
84 47
84 29
84 71
85 82
85 14
85 68
86 67
86 62
86 37
87 60
87 12
87 8
88 33
88 3
88 67
89 20
89 12
89 80
90 49
90 73
90 12
91 88
91 35
91 0
92 5
92 43
92 2
93 12
93 91
93 3
94 20
94 48
94 23
95 29
95 1
95 2
96 41
96 60
96 74
97 1
97 90
97 13
98 47
98 74
98 6
99 12
99 3
99 88
100 67
100 74
100 53
101 20
101 1
101 44
102 66
102 44
102 72
103 70
103 18
103 67
104 3
104 54
104 88
105 6
105 97
105 78
106 58
106 29
106 85
107 74
107 0
107 43
108 88
108 1
108 55
109 66
109 13
109 0
110 68
110 6
110 94
111 102
111 68
111 12
112 12
112 108
112 30
113 12
113 44
113 13
114 6
114 4
114 25
115 82
115 1
115 113
116 22
116 87
116 6
117 50
117 0
117 2
118 1
118 25
118 86
119 109
119 3
119 0
120 61
120 11
120 2
121 98
121 25
121 44
122 92
122 31
122 5
123 0
123 47
123 29
124 1
124 4
124 29
125 0
125 74
125 25
126 36
126 125
126 104
127 76
127 12
127 33
128 2
128 3
128 100
129 4
129 24
129 111
130 5
130 38
130 50
131 7
131 73
131 1
132 2
132 29
132 43
133 0
133 132
133 61
134 17
134 0
134 29
135 88
135 33
135 3
136 124
136 6
136 97
137 74
137 102
137 126
138 22
138 10
138 4
139 11
139 5
139 0
140 22
140 93
140 37
141 108
141 1
141 16
142 5
142 49
142 12
143 25
143 26
143 53
144 129
144 3
144 24
145 10
145 94
145 83
146 90
146 1
146 3
147 2
147 134
147 4
148 3
148 66
148 1
149 3
149 26
149 10
150 84
150 15
150 52
151 16
151 43
151 41
152 73
152 10
152 46
153 5
153 1
153 143
154 92
154 10
154 108
155 9
155 46
155 63
156 97
156 22
156 32
157 7
157 22
157 103
158 54
158 15
158 13
159 72
159 71
159 52
160 49
160 122
160 12
161 14
161 0
161 73
162 71
162 12
162 5
163 46
163 1
163 138
164 74
164 148
164 37
165 157
165 107
165 102
166 74
166 43
166 95
167 13
167 4
167 3
168 88
168 11
168 27
169 168
169 24
169 56
170 130
170 1
170 3
171 6
171 11
171 129
172 43
172 102
172 91
173 10
173 113
173 1
174 3
174 73
174 49
175 10
175 0
175 1
176 1
176 97
176 174
177 102
177 16
177 17
178 1
178 74
178 62
179 5
179 9
179 50
180 13
180 66
180 30
181 33
181 60
181 107
182 7
182 25
182 88
183 63
183 30
183 32
184 24
184 64
184 99
185 15
185 64
185 12
186 5
186 43
186 52
187 1
187 29
187 14
188 29
188 5
188 72
189 143
189 53
189 6
190 6
190 15
190 60
191 123
191 118
191 0
192 1
192 5
192 41
193 75
193 106
193 82
194 58
194 0
194 2
195 5
195 137
195 33
196 15
196 159
196 13
197 43
197 7
197 143
198 73
198 50
198 74
199 2
199 7
199 104
200 142
200 160
200 10
201 68
201 115
201 0
202 6
202 76
202 97
203 2
203 5
203 15
204 82
204 46
204 92
205 6
205 0
205 61
206 49
206 106
206 6
207 206
207 137
207 29
208 73
208 18
208 5
209 2
209 19
209 37
210 113
210 149
210 91
211 18
211 3
211 10
212 35
212 185
212 5
213 12
213 7
213 108
214 6
214 14
214 89
215 1
215 145
215 115
216 93
216 44
216 97
217 204
217 109
217 46
218 2
218 30
218 136
219 15
219 58
219 14
220 13
220 28
220 158
221 82
221 202
221 214
222 147
222 133
222 13
223 127
223 169
223 107
224 35
224 135
224 3
225 16
225 10
225 109
226 134
226 188
226 6
227 32
227 111
227 0
228 204
228 100
228 166
229 199
229 4
229 33
230 0
230 128
230 106
231 3
231 33
231 66
232 30
232 10
232 5
233 6
233 1
233 159
234 130
234 29
234 60
235 129
235 211
235 1
236 87
236 3
236 211
237 143
237 119
237 54
238 5
238 152
238 213
239 53
239 97
239 5
240 6
240 35
240 236
241 179
241 5
241 240
242 44
242 222
242 55
243 6
243 171
243 74
244 66
244 2
244 29
245 37
245 13
245 134
246 29
246 33
246 14
247 87
247 241
247 231
248 245
248 24
248 0
249 175
249 104
249 60
250 3
250 53
250 161
251 235
251 35
251 213
252 4
252 3
252 0
253 6
253 134
253 126
254 139
254 172
254 20
255 5
255 124
255 27
256 169
256 17
256 0
257 41
257 162
257 12
258 6
258 133
258 3
259 6
259 16
259 10
260 1
260 69
260 81
261 29
261 43
261 120
262 213
262 134
262 230
263 0
263 15
263 120
264 175
264 252
264 209
265 33
265 166
265 71
266 2
266 3
266 29
267 199
267 7
267 166
268 10
268 242
268 50
269 13
269 33
269 1
270 198
270 13
270 7
271 137
271 41
271 106
272 4
272 137
272 36
273 127
273 87
273 227
274 74
274 257
274 112
275 206
275 231
275 267
276 211
276 208
276 236
277 3
277 22
277 87
278 134
278 0
278 32
279 211
279 33
279 36
280 1
280 162
280 93
281 158
281 1
281 126
282 211
282 236
282 6
283 1
283 124
283 246
284 185
284 180
284 19
285 246
285 175
285 29
286 223
286 156
286 110
287 35
287 103
287 97
288 15
288 2
288 25
289 97
289 4
289 275
290 29
290 277
290 138
291 129
291 97
291 1
292 110
292 197
292 29
293 286
293 37
293 73
294 1
294 191
294 0
295 47
295 114
295 274
296 40
296 7
296 11
297 10
297 30
297 288
298 264
298 223
298 72
299 33
299 41
299 115
300 173
300 254
300 129
301 6
301 91
301 140
302 73
302 84
302 26
303 204
303 13
303 7
304 238
304 204
304 1
305 107
305 4
305 41
306 40
306 33
306 39
307 33
307 21
307 16
308 53
308 14
308 135
309 3
309 4
309 244
310 28
310 12
310 110
311 63
311 5
311 227
312 93
312 43
312 134
313 44
313 90
313 143
314 276
314 35
314 230
315 73
315 29
315 53
316 100
316 44
316 72
317 43
317 46
317 290
318 15
318 30
318 119
319 136
319 43
319 33
320 43
320 5
320 1
321 241
321 1
321 229
322 43
322 170
322 202
323 11
323 213
323 209
324 33
324 0
324 185
325 143
325 1
325 160
326 124
326 279
326 33
327 30
327 108
327 3
328 114
328 29
328 2
329 1
329 316
329 127
330 0
330 74
330 296
331 184
331 88
331 44
332 2
332 130
332 218
333 240
333 74
333 3
334 160
334 165
334 189
335 20
335 52
335 63
336 56
336 152
336 69
337 40
337 158
337 267
338 85
338 135
338 242
339 37
339 236
339 57
340 22
340 82
340 165
341 62
341 145
341 126
342 24
342 88
342 244
343 247
343 161
343 241
344 254
344 298
344 176
345 204
345 242
345 71
346 86
346 304
346 204
347 175
347 88
347 145
348 6
348 330
348 310
349 78
349 137
349 274
350 188
350 225
350 102
351 302
351 5
351 129
352 185
352 158
352 183
353 43
353 230
353 100
354 1
354 317
354 233
355 25
355 310
355 86
356 117
356 246
356 32
357 191
357 18
357 223
358 33
358 1
358 199
359 12
359 22
359 159
360 170
360 336
360 1
361 360
361 298
361 55
362 73
362 75
362 178
363 256
363 192
363 209
364 34
364 353
364 219
365 189
365 15
365 82
366 246
366 5
366 340
367 162
367 133
367 6
368 163
368 76
368 15
369 62
369 195
369 4
370 53
370 15
370 357
371 23
371 1
371 3
372 162
372 0
372 331
373 3
373 62
373 2
374 211
374 33
374 5
375 0
375 60
375 179
376 66
376 334
376 43
377 21
377 23
377 33
378 246
378 150
378 12
379 263
379 292
379 81
380 14
380 377
380 146
381 225
381 246
381 166
382 232
382 90
382 99
383 86
383 0
383 35
384 49
384 0
384 19
385 18
385 261
385 307
386 62
386 119
386 233
387 88
387 128
387 187
388 3
388 67
388 158
389 30
389 173
389 66
390 283
390 337
390 234
391 1
391 108
391 168
392 314
392 0
392 1
393 4
393 293
393 72
394 98
394 3
394 296
395 40
395 243
395 128
396 1
396 213
396 310
397 75
397 13
397 134
398 209
398 30
398 346
399 35
399 3
399 13
400 143
400 5
400 396
401 354
401 29
401 91
402 13
402 246
402 33
403 113
403 191
403 93
404 39
404 199
404 145
405 396
405 55
405 106
406 197
406 35
406 242
407 231
407 5
407 22
408 44
408 158
408 0
409 185
409 149
409 19
410 5
410 259
410 333
411 344
411 1
411 48
412 43
412 203
412 40
413 56
413 68
413 269
414 119
414 29
414 54
415 133
415 62
415 238
416 242
416 161
416 10
417 292
417 325
417 229
418 6
418 230
418 110
419 174
419 333
419 388
420 102
420 376
420 178
421 5
421 323
421 333
422 388
422 233
422 128
423 416
423 185
423 105
424 5
424 200
424 58
425 44
425 258
425 30
426 178
426 304
426 127
427 133
427 54
427 5
428 187
428 58
428 168
429 100
429 143
429 370
430 24
430 72
430 91
431 370
431 169
431 321
432 3
432 40
432 11
433 28
433 429
433 177
434 387
434 9
434 10
435 112
435 165
435 73
436 157
436 0
436 9
437 429
437 104
437 115
438 85
438 372
438 79
439 79
439 159
439 41
440 33
440 40
440 190
441 173
441 276
441 128
442 333
442 93
442 242
443 414
443 221
443 265
444 149
444 130
444 185
445 21
445 115
445 5
446 144
446 303
446 140
447 172
447 230
447 144
448 149
448 361
448 181
449 57
449 207
449 405
450 14
450 44
450 339
451 152
451 395
451 3
452 329
452 448
452 56
453 33
453 443
453 403
454 24
454 300
454 144
455 32
455 327
455 121
456 5
456 15
456 251
457 34
457 48
457 15
458 97
458 17
458 208
459 29
459 233
459 376
460 114
460 154
460 139
461 44
461 402
461 314
462 66
462 77
462 231
463 2
463 381
463 401
464 2
464 208
464 6
465 23
465 353
465 174
466 28
466 275
466 33
467 58
467 44
467 174
468 60
468 169
468 134
469 465
469 5
469 113
470 237
470 74
470 291
471 54
471 191
471 22
472 39
472 0
472 44
473 115
473 33
473 1
474 139
474 33
474 145
475 4
475 295
475 73
476 46
476 37
476 3
477 123
477 291
477 15
478 198
478 458
478 37
479 133
479 29
479 13
480 276
480 29
480 3
481 203
481 175
481 66
482 388
482 128
482 6
483 1
483 114
483 445
484 13
484 22
484 66
485 3
485 158
485 193
486 244
486 441
486 230
487 1
487 126
487 308
488 1
488 374
488 60
489 25
489 313
489 0
490 6
490 2
490 99
491 55
491 10
491 355
492 256
492 110
492 242
493 265
493 333
493 152
494 449
494 467
494 123
495 401
495 37
495 366
496 1
496 334
496 481
497 427
497 409
497 424
498 366
498 167
498 52
499 23
499 21
499 5
500 43
500 6
500 1
501 23
501 40
501 3
502 136
502 93
502 416
503 66
503 243
503 396
504 4
504 3
504 9
505 15
505 271
505 5
506 257
506 351
506 241
507 6
507 293
507 288
508 1
508 212
508 104
509 351
509 25
509 481
510 74
510 147
510 425
511 477
511 5
511 483
512 441
512 149
512 220
513 151
513 213
513 184
514 284
514 145
514 122
515 12
515 277
515 467
516 344
516 90
516 82
517 16
517 172
517 294
518 144
518 223
518 300
519 454
519 419
519 86
520 375
520 15
520 74
521 73
521 518
521 423
522 55
522 328
522 42
523 0
523 160
523 499
524 75
524 191
524 431
525 4
525 114
525 16
526 102
526 346
526 88
527 375
527 175
527 2
528 239
528 12
528 66
529 371
529 140
529 225
530 67
530 432
530 1
531 229
531 232
531 7
532 164
532 168
532 491
533 35
533 31
533 367
534 60
534 23
534 89
535 5
535 124
535 25
536 310
536 1
536 0
537 297
537 58
537 164
538 363
538 303
538 235
539 458
539 202
539 251
540 29
540 12
540 497
541 53
541 355
541 57
542 45
542 13
542 0
543 91
543 445
543 12
544 66
544 147
544 157
545 20
545 510
545 1
546 354
546 73
546 63
547 23
547 141
547 274
548 2
548 313
548 112
549 13
549 199
549 340
550 517
550 128
550 143
551 10
551 75
551 63
552 317
552 240
552 241
553 54
553 546
553 335
554 1
554 97
554 105
555 233
555 3
555 175
556 500
556 230
556 429
557 424
557 102
557 404
558 252
558 1
558 267
559 17
559 474
559 167
560 244
560 385
560 233
561 1
561 43
561 52
562 298
562 81
562 94
563 546
563 26
563 313
564 189
564 287
564 544
565 529
565 492
565 11
566 318
566 76
566 532
567 53
567 270
567 145
568 10
568 1
568 290
569 5
569 113
569 224
570 491
570 115
570 445
571 43
571 149
571 532
572 1
572 5
572 29
573 63
573 291
573 490
574 21
574 22
574 60
575 401
575 33
575 544
576 192
576 395
576 18
577 180
577 395
577 313
578 251
578 67
578 353
579 538
579 0
579 23
580 331
580 483
580 72
581 37
581 180
581 33
582 388
582 317
582 242
583 339
583 523
583 447
584 10
584 328
584 480
585 189
585 3
585 331
586 63
586 1
586 5
587 259
587 119
587 63
588 326
588 113
588 573
589 574
589 143
589 9
590 335
590 63
590 2
591 388
591 3
591 2
592 104
592 22
592 258
593 54
593 3
593 209
594 157
594 542
594 566
595 185
595 582
595 27
596 395
596 0
596 225
597 143
597 46
597 12
598 262
598 284
598 150
599 60
599 194
599 38
600 338
600 377
600 127
601 5
601 335
601 56
602 235
602 400
602 539
603 358
603 339
603 408
604 217
604 524
604 24
605 11
605 303
605 476
606 208
606 258
606 97
607 512
607 169
607 306
608 384
608 189
608 29
609 330
609 198
609 74
610 353
610 246
610 206
611 161
611 464
611 425
612 29
612 323
612 158
613 53
613 391
613 226
614 506
614 304
614 98
615 18
615 49
615 30
616 119
616 33
616 310
617 4
617 12
617 6
618 0
618 57
618 6
619 100
619 1
619 13
620 32
620 289
620 367
621 313
621 400
621 175
622 525
622 583
622 534
623 37
623 4
623 128
624 130
624 1
624 137
625 7
625 466
625 29
626 381
626 176
626 184
627 357
627 410
627 92
628 222
628 466
628 102
629 210
629 313
629 18
630 99
630 19
630 231
631 33
631 71
631 3
632 170
632 95
632 80
633 2
633 423
633 597
634 6
634 2
634 260
635 481
635 63
635 278
636 395
636 27
636 160
637 5
637 538
637 566
638 377
638 12
638 170
639 41
639 362
639 249
640 33
640 380
640 52
641 6
641 29
641 91
642 3
642 616
642 626
643 514
643 66
643 506
644 1
644 6
644 52
645 13
645 29
645 246
646 355
646 184
646 180
647 304
647 61
647 477
648 1
648 14
648 126
649 288
649 71
649 40
650 195
650 24
650 5
651 22
651 94
651 213
652 11
652 52
652 176
653 175
653 176
653 61
654 1
654 354
654 66
655 44
655 37
655 199
656 106
656 351
656 33
657 314
657 491
657 12
658 66
658 29
658 16
659 53
659 311
659 6
660 6
660 3
660 25
661 49
661 246
661 142
662 531
662 0
662 418
663 373
663 124
663 453
664 74
664 26
664 655
665 195
665 10
665 254
666 0
666 82
666 227
667 185
667 482
667 58
668 43
668 105
668 46
669 88
669 152
669 407
670 591
670 289
670 342
671 43
671 32
671 651
672 311
672 578
672 33
673 3
673 396
673 11
674 53
674 154
674 213
675 126
675 74
675 1
676 368
676 134
676 483
677 86
677 37
677 519
678 144
678 12
678 15
679 517
679 287
679 29
680 10
680 482
680 637
681 56
681 229
681 503
682 407
682 227
682 21
683 118
683 149
683 3
684 345
684 652
684 680
685 11
685 22
685 632
686 635
686 3
686 177
687 189
687 493
687 1
688 86
688 17
688 187
689 557
689 630
689 158
690 29
690 121
690 584
691 58
691 669
691 338
692 158
692 207
692 206
693 143
693 17
693 427
694 58
694 143
694 144
695 21
695 357
695 335
696 144
696 56
696 22
697 67
697 597
697 114
698 0
698 23
698 3
699 246
699 308
699 1
700 246
700 630
700 95
701 582
701 4
701 26
702 589
702 49
702 20
703 111
703 253
703 49
704 52
704 86
704 51
705 270
705 36
705 121
706 333
706 6
706 212
707 703
707 193
707 71
708 236
708 229
708 271
709 43
709 47
709 11
710 264
710 193
710 688
711 7
711 455
711 1
712 185
712 277
712 324
713 6
713 156
713 175
714 242
714 77
714 64
715 605
715 246
715 610
716 22
716 310
716 653
717 624
717 87
717 161
718 123
718 393
718 29
719 7
719 2
719 126
720 555
720 11
720 33
721 661
721 12
721 376
722 93
722 126
722 91
723 35
723 53
723 18
724 674
724 474
724 64
725 319
725 389
725 247
726 437
726 244
726 46
727 114
727 46
727 43
728 140
728 404
728 410
729 156
729 43
729 13
730 478
730 524
730 6
731 491
731 448
731 562
732 160
732 1
732 229
733 173
733 3
733 253
734 699
734 729
734 30
735 33
735 118
735 726
736 4
736 50
736 491
737 117
737 52
737 156
738 81
738 211
738 2
739 270
739 415
739 177
740 471
740 578
740 195
741 331
741 17
741 320
742 426
742 74
742 363
743 587
743 208
743 582
744 392
744 630
744 557
745 514
745 1
745 67
746 2
746 385
746 113
747 175
747 72
747 212
748 104
748 127
748 30
749 545
749 12
749 25
750 151
750 333
750 35
751 211
751 545
751 57
752 674
752 33
752 345
753 35
753 119
753 4
754 152
754 27
754 514
755 720
755 401
755 0
756 395
756 663
756 643
757 524
757 385
757 150
758 416
758 142
758 30
759 211
759 0
759 157
760 442
760 32
760 64
761 97
761 233
761 108
762 210
762 6
762 719
763 105
763 600
763 127
764 533
764 149
764 79
765 30
765 395
765 152
766 27
766 69
766 754
767 0
767 555
767 51
768 645
768 696
768 97
769 264
769 185
769 593
770 669
770 169
770 605
771 467
771 73
771 549
772 416
772 4
772 123
773 186
773 6
773 501
774 194
774 65
774 507
775 523
775 554
775 53
776 93
776 718
776 0
777 102
777 425
777 246
778 129
778 234
778 439
779 230
779 498
779 134
780 766
780 714
780 250
781 340
781 63
781 3
782 156
782 24
782 9
783 419
783 7
783 516
784 488
784 581
784 15
785 156
785 739
785 66
786 348
786 246
786 66
787 3
787 253
787 243
788 109
788 318
788 40
789 582
789 67
789 77
790 254
790 26
790 465
791 313
791 114
791 180
792 632
792 589
792 436
793 136
793 676
793 176
794 128
794 65
794 150
795 660
795 88
795 73
796 624
796 128
796 256
797 391
797 781
797 669
798 11
798 306
798 519
799 230
799 778
799 248
800 662
800 257
800 335
801 13
801 485
801 5
802 345
802 523
802 564
803 265
803 211
803 15
804 254
804 787
804 3
805 385
805 471
805 229
806 149
806 329
806 93
807 52
807 27
807 211
808 61
808 572
808 143
809 454
809 6
809 7
810 778
810 339
810 156
811 630
811 34
811 211
812 160
812 338
812 680
813 783
813 6
813 237
814 293
814 49
814 104
815 492
815 424
815 13
816 523
816 778
816 26
817 48
817 324
817 157
818 721
818 13
818 31
819 112
819 87
819 640
820 56
820 88
820 44
821 497
821 209
821 435
822 256
822 43
822 452
823 158
823 71
823 29
824 261
824 360
824 490
825 77
825 134
825 593
826 333
826 210
826 811
827 210
827 723
827 722
828 416
828 66
828 9
829 507
829 201
829 452
830 246
830 452
830 140
831 29
831 74
831 711
832 630
832 521
832 0
833 762
833 81
833 73
834 211
834 149
834 82
835 95
835 18
835 544
836 94
836 314
836 339
837 46
837 37
837 745
838 3
838 325
838 6
839 72
839 653
839 776
840 0
840 540
840 312
841 453
841 592
841 646
842 191
842 436
842 16
843 188
843 578
843 483
844 29
844 128
844 41
845 271
845 30
845 462
846 187
846 517
846 795
847 781
847 12
847 334
848 584
848 155
848 351
849 743
849 644
849 47
850 241
850 126
850 828
851 216
851 324
851 66
852 204
852 6
852 44
853 346
853 53
853 671
854 2
854 14
854 6
855 464
855 37
855 317
856 338
856 574
856 340
857 0
857 795
857 466
858 277
858 45
858 770
859 252
859 849
859 6
860 95
860 501
860 58
861 306
861 1
861 56
862 95
862 415
862 706
863 196
863 80
863 121
864 9
864 79
864 479
865 781
865 30
865 530
866 384
866 746
866 737
867 328
867 306
867 307
868 196
868 254
868 2
869 2
869 835
869 16
870 150
870 29
870 33
871 254
871 281
871 50
872 429
872 539
872 1
873 608
873 43
873 849
874 44
874 58
874 13
875 20
875 649
875 500
876 13
876 566
876 829
877 634
877 14
877 99
878 139
878 33
878 52
879 425
879 476
879 52
880 151
880 115
880 813
881 582
881 84
881 310
882 33
882 13
882 450
883 87
883 37
883 539
884 494
884 35
884 592
885 804
885 559
885 761
886 173
886 269
886 485
887 24
887 9
887 531
888 503
888 126
888 209
889 217
889 370
889 97
890 237
890 276
890 726
891 141
891 69
891 506
892 82
892 630
892 830
893 782
893 2
893 607
894 786
894 732
894 162
895 632
895 817
895 337
896 304
896 201
896 574
897 58
897 40
897 43
898 808
898 3
898 244
899 733
899 46
899 151
900 684
900 128
900 180
901 17
901 443
901 4
902 564
902 357
902 50
903 3
903 527
903 704
904 697
904 152
904 293
905 305
905 147
905 215
906 29
906 188
906 254
907 650
907 872
907 225
908 121
908 424
908 477
909 74
909 396
909 732
910 674
910 246
910 214
911 844
911 102
911 158
912 185
912 244
912 53
913 1
913 95
913 97
914 5
914 106
914 565
915 653
915 298
915 143
916 102
916 386
916 165
917 216
917 191
917 426
918 5
918 74
918 15
919 55
919 433
919 674
920 191
920 69
920 5
921 5
921 634
921 355
922 410
922 2
922 75
923 212
923 475
923 177
924 124
924 143
924 41
925 404
925 0
925 589
926 0
926 455
926 199
927 133
927 363
927 112
928 865
928 411
928 150
929 467
929 723
929 153
930 1
930 43
930 400
931 669
931 272
931 104
932 811
932 146
932 175
933 0
933 386
933 10
934 83
934 385
934 308
935 510
935 735
935 128
936 21
936 460
936 338
937 467
937 82
937 189
938 2
938 524
938 67
939 165
939 602
939 41
940 836
940 1
940 632
941 332
941 778
941 1
942 0
942 679
942 209
943 208
943 0
943 885
944 48
944 28
944 682
945 442
945 20
945 598
946 115
946 340
946 491
947 941
947 38
947 351
948 6
948 3
948 137
949 778
949 11
949 341
950 868
950 500
950 10
951 517
951 277
951 466
952 56
952 718
952 75
953 34
953 272
953 211
954 901
954 177
954 333
955 363
955 12
955 449
956 122
956 255
956 482
957 1
957 46
957 66
958 467
958 55
958 145
959 542
959 89
959 791
960 74
960 14
960 563
961 82
961 29
961 25
962 173
962 123
962 505
963 96
963 375
963 102
964 66
964 742
964 211
965 204
965 74
965 675
966 884
966 115
966 253
967 0
967 62
967 305
968 221
968 1
968 28
969 718
969 1
969 93
970 743
970 553
970 1
971 191
971 607
971 647
972 261
972 244
972 76
973 151
973 867
973 878
974 493
974 826
974 12
975 302
975 624
975 11
976 920
976 174
976 35
977 865
977 27
977 1
978 766
978 398
978 400
979 663
979 242
979 91
980 29
980 405
980 661
981 0
981 244
981 513
982 100
982 192
982 541
983 190
983 475
983 370
984 810
984 3
984 687
985 935
985 467
985 187
986 149
986 888
986 242
987 966
987 646
987 956
988 788
988 313
988 752
989 65
989 44
989 925
990 44
990 970
990 73
991 701
991 242
991 36
992 91
992 75
992 879
993 3
993 474
993 849
994 958
994 314
994 794
995 17
995 47
995 63
996 13
996 363
996 5
997 353
997 214
997 42
998 215
998 128
998 4
999 22
999 67
999 913
