0 1
0 2
1 0
1 2
2 0
2 1
3 0
3 1
3 2
4 1
4 0
4 3
5 4
5 2
5 1
6 4
6 2
6 1
7 2
7 3
7 6
8 2
8 1
8 0
9 0
9 6
9 2
10 0
10 2
10 1
11 8
11 1
11 0
12 1
12 6
12 2
13 0
13 11
13 2
14 5
14 0
14 12
15 2
15 4
15 3
16 0
16 1
16 6
17 6
17 2
17 1
18 6
18 13
18 4
19 12
19 10
19 2
20 19
20 9
20 11
21 16
21 4
21 1
22 1
22 2
22 5
23 2
23 8
23 6
24 8
24 1
24 2
25 4
25 1
25 6
26 11
26 22
26 2
27 26
27 1
27 8
28 26
28 14
28 6
29 1
29 6
29 12
30 20
30 29
30 21
31 19
31 2
31 29
32 1
32 10
32 6
33 29
33 21
33 2
34 16
34 19
34 0
35 4
35 14
35 26
36 21
36 33
36 9
37 0
37 9
37 32
38 12
38 35
38 2
39 6
39 12
39 25
40 36
40 21
40 4
41 13
41 21
41 17
42 1
42 19
42 21
43 6
43 19
43 25
44 4
44 3
44 2
45 2
45 11
45 37
46 2
46 8
46 14
47 36
47 34
47 1
48 12
48 6
48 16
49 19
49 8
49 7
50 39
50 16
50 45
51 21
51 9
51 2
52 1
52 37
52 11
53 11
53 42
53 3
54 2
54 1
54 4
55 11
55 47
55 19
56 10
56 33
56 4
57 1
57 3
57 19
58 47
58 40
58 30
59 15
59 26
59 4
60 2
60 29
60 34
61 8
61 17
61 57
62 51
62 19
62 14
63 2
63 16
63 14
64 2
64 1
64 17
65 6
65 1
65 10
66 47
66 2
66 61
67 12
67 31
67 47
68 1
68 48
68 9
69 33
69 36
69 50
70 2
70 16
70 59
71 9
71 0
71 37
72 2
72 9
72 45
73 29
73 2
73 4
74 0
74 19
74 6
75 6
75 23
75 45
76 16
76 36
76 6
77 17
77 1
77 35
78 11
78 19
78 21
79 3
79 16
79 26
80 46
80 19
80 3
81 2
81 58
81 9
82 18
82 12
82 26
83 14
83 17
83 2
84 21
84 10
84 3
85 34
85 2
85 63
86 69
86 42
86 21
87 25
87 3
87 43
88 29
88 2
88 15
89 50
89 19
89 53
90 2
90 1
90 4
91 2
91 58
91 87
92 19
92 1
92 79
93 83
93 32
93 2
94 26
94 12
94 74
95 70
95 5
95 25
96 2
96 23
96 35
97 11
97 54
97 77
98 14
98 33
98 19
99 10
99 2
99 11
