0 1
1 0
2 1
2 0
3 2
3 0
3 1
4 1
4 0
4 2
5 2
5 1
5 0
6 2
6 1
6 0
7 0
7 1
7 2
8 1
8 3
8 2
9 1
9 3
9 8
10 3
10 2
10 9
11 0
11 2
11 1
12 0
12 10
12 1
13 2
13 1
13 11
14 0
14 2
14 11
15 6
15 0
15 1
16 1
16 2
16 0
17 0
17 9
17 7
18 17
18 1
18 5
19 1
19 5
19 8
20 15
20 1
20 2
21 2
21 5
21 20
22 0
22 1
22 11
23 18
23 1
23 0
24 22
24 0
24 18
25 0
25 1
25 13
26 8
26 0
26 11
27 0
27 1
27 3
28 12
28 10
28 6
29 16
29 11
29 5
30 2
30 0
30 22
31 2
31 22
31 16
32 8
32 5
32 17
33 5
33 0
33 23
34 0
34 1
34 13
35 32
35 22
35 1
36 14
36 2
36 1
37 27
37 9
37 28
38 8
38 21
38 11
39 0
39 23
39 3
40 0
40 1
40 12
41 16
41 30
41 33
42 5
42 0
42 6
43 7
43 32
43 27
44 2
44 5
44 1
45 2
45 9
45 26
46 23
46 5
46 0
47 27
47 5
47 29
48 3
48 19
48 11
49 2
49 34
49 5
50 18
50 7
50 28
51 1
51 0
51 33
52 5
52 24
52 1
53 2
53 44
53 28
54 2
54 28
54 53
55 2
55 1
55 10
56 2
56 0
56 21
57 32
57 23
57 3
58 27
58 12
58 22
59 0
59 51
59 1
60 0
60 55
60 9
61 29
61 23
61 34
62 56
62 16
62 59
63 61
63 0
63 60
64 38
64 1
64 5
65 29
65 49
65 14
66 29
66 17
66 8
67 40
67 0
67 6
68 39
68 2
68 52
69 26
69 31
69 20
70 60
70 16
70 36
71 29
71 8
71 18
72 21
72 0
72 49
73 11
73 33
73 1
74 1
74 41
74 16
75 3
75 17
75 26
76 1
76 50
76 7
77 21
77 2
77 18
78 18
78 1
78 67
79 51
79 2
79 35
80 48
80 27
80 10
81 3
81 5
81 0
82 2
82 3
82 62
83 55
83 2
83 1
84 2
84 3
84 0
85 16
85 56
85 78
86 62
86 31
86 17
87 26
87 0
87 1
88 1
88 59
88 35
89 16
89 1
89 3
90 82
90 3
90 33
91 2
91 56
91 20
92 73
92 67
92 1
93 15
93 5
93 39
94 11
94 14
94 17
95 0
95 50
95 80
96 82
96 88
96 0
97 46
97 1
97 17
98 23
98 84
98 0
99 8
99 33
99 5
100 11
100 2
100 8
101 23
101 2
101 0
102 0
102 1
102 14
103 48
103 98
103 23
104 56
104 5
104 2
105 2
105 21
105 0
106 8
106 39
106 0
107 92
107 18
107 0
108 44
108 1
108 98
109 6
109 17
109 0
110 48
110 102
110 8
111 0
111 27
111 2
112 58
112 21
112 46
113 33
113 26
113 0
114 21
114 6
114 1
115 99
115 2
115 1
116 67
116 72
116 0
117 3
117 53
117 90
118 2
118 109
118 88
119 14
119 106
119 105
120 25
120 64
120 1
121 29
121 52
121 31
122 0
122 67
122 85
123 8
123 86
123 122
124 31
124 1
124 98
125 70
125 81
125 72
126 18
126 113
126 81
127 28
127 3
127 82
128 7
128 102
128 46
129 103
129 1
129 28
130 67
130 2
130 91
131 17
131 1
131 130
132 5
132 2
132 77
133 85
133 0
133 1
134 18
134 3
134 119
135 29
135 17
135 0
136 31
136 5
136 2
137 99
137 95
137 17
138 0
138 14
138 91
139 31
139 86
139 0
140 41
140 65
140 17
141 72
141 0
141 66
142 3
142 13
142 56
143 30
143 0
143 20
144 56
144 66
144 0
145 67
145 1
145 11
146 104
146 13
146 33
147 80
147 25
147 125
148 14
148 27
148 13
149 121
149 115
149 39
150 2
150 0
150 125
151 16
151 97
151 123
152 40
152 22
152 120
153 48
153 50
153 131
154 44
154 87
154 7
155 118
155 30
155 29
156 44
156 17
156 19
157 1
157 9
157 38
158 155
158 78
158 82
159 15
159 12
159 3
160 152
160 28
160 10
161 1
161 20
161 0
162 125
162 34
162 67
163 72
163 39
163 118
164 3
164 146
164 39
165 39
165 92
165 146
166 101
166 36
166 119
167 73
167 13
167 120
168 115
168 22
168 73
169 41
169 0
169 23
170 1
170 46
170 126
171 23
171 80
171 67
172 106
172 125
172 152
173 1
173 2
173 61
174 1
174 10
174 126
175 98
175 36
175 70
176 40
176 81
176 5
177 13
177 44
177 104
178 75
178 23
178 42
179 0
179 141
179 40
180 157
180 3
180 128
181 75
181 33
181 15
182 101
182 73
182 22
183 146
183 53
183 91
184 1
184 48
184 34
185 0
185 3
185 52
186 5
186 108
186 18
187 25
187 36
187 2
188 26
188 55
188 180
189 0
189 52
189 3
190 3
190 83
190 154
191 167
191 12
191 16
192 1
192 4
192 48
193 33
193 2
193 40
194 52
194 139
194 17
195 75
195 6
195 53
196 30
196 167
196 55
197 51
197 23
197 5
198 188
198 38
198 147
199 179
199 10
199 84
200 0
200 5
200 73
201 13
201 180
201 75
202 82
202 168
202 159
203 18
203 82
203 106
204 73
204 118
204 60
205 18
205 44
205 35
206 29
206 77
206 50
207 0
207 33
207 71
208 14
208 75
208 7
209 2
209 1
209 124
210 156
210 62
210 6
211 40
211 153
211 96
212 120
212 55
212 53
213 2
213 1
213 46
214 3
214 130
214 140
215 2
215 26
215 44
216 62
216 46
216 157
217 167
217 44
217 17
218 110
218 194
218 30
219 80
219 41
219 0
220 65
220 120
220 18
221 127
221 39
221 59
222 7
222 27
222 46
223 135
223 108
223 81
224 154
224 51
224 72
225 3
225 29
225 82
226 52
226 1
226 48
227 5
227 3
227 0
228 53
228 6
228 89
229 98
229 128
229 148
230 197
230 1
230 81
231 25
231 185
231 2
232 207
232 20
232 50
233 72
233 48
233 108
234 125
234 17
234 1
235 23
235 113
235 155
236 232
236 23
236 206
237 192
237 214
237 1
238 17
238 4
238 21
239 114
239 202
239 28
240 115
240 150
240 23
241 2
241 213
241 40
242 19
242 227
242 84
243 62
243 141
243 3
244 1
244 164
244 50
245 52
245 131
245 127
246 1
246 2
246 8
247 26
247 195
247 21
248 114
248 53
248 78
249 166
249 1
249 30
250 171
250 108
250 190
251 28
251 29
251 0
252 3
252 2
252 8
253 5
253 53
253 65
254 194
254 147
254 105
255 12
255 85
255 20
256 40
256 5
256 118
257 0
257 1
257 152
258 13
258 90
258 163
259 127
259 236
259 61
260 120
260 2
260 203
261 4
261 224
261 134
262 2
262 67
262 148
263 13
263 53
263 48
264 118
264 32
264 9
265 2
265 204
265 5
266 164
266 215
266 197
267 75
267 157
267 18
268 189
268 3
268 110
269 8
269 2
269 146
270 102
270 213
270 162
271 5
271 183
271 199
272 33
272 201
272 120
273 5
273 109
273 48
274 0
274 44
274 255
275 250
275 246
275 185
276 3
276 89
276 39
277 126
277 122
277 167
278 30
278 0
278 146
279 171
279 164
279 72
280 111
280 104
280 194
281 6
281 250
281 0
282 240
282 214
282 232
283 1
283 194
283 8
284 266
284 5
284 4
285 155
285 178
285 13
286 184
286 2
286 84
287 0
287 72
287 11
288 163
288 33
288 222
289 128
289 57
289 11
290 53
290 245
290 113
291 142
291 5
291 48
292 0
292 34
292 194
293 17
293 89
293 101
294 190
294 113
294 23
295 158
295 105
295 252
296 1
296 18
296 48
297 135
297 134
297 28
298 103
298 0
298 152
299 47
299 51
299 3
300 1
300 4
300 47
301 157
301 0
301 5
302 50
302 135
302 8
303 167
303 24
303 275
304 2
304 82
304 299
305 23
305 248
305 110
306 31
306 94
306 139
307 53
307 162
307 55
308 171
308 18
308 156
309 295
309 187
309 29
310 101
310 1
310 7
311 78
311 28
311 1
312 38
312 13
312 241
313 47
313 138
313 171
314 0
314 3
314 244
315 18
315 75
315 26
316 142
316 17
316 225
317 15
317 79
317 83
318 51
318 11
318 40
319 232
319 1
319 125
320 7
320 231
320 162
321 7
321 105
321 49
322 237
322 2
322 310
323 130
323 44
323 166
324 6
324 94
324 3
325 274
325 229
325 14
326 39
326 183
326 3
327 2
327 125
327 58
328 108
328 289
328 26
329 257
329 56
329 5
330 29
330 1
330 9
331 78
331 33
331 103
332 131
332 50
332 1
333 0
333 1
333 53
334 331
334 18
334 278
335 151
335 16
335 2
336 89
336 118
336 1
337 107
337 14
337 22
338 40
338 33
338 152
339 75
339 27
339 43
340 8
340 109
340 262
341 1
341 52
341 259
342 56
342 30
342 323
343 105
343 304
343 76
344 29
344 320
344 304
345 108
345 48
345 1
346 94
346 75
346 249
347 282
347 244
347 82
348 78
348 238
348 217
349 62
349 109
349 81
350 217
350 35
350 48
351 48
351 176
351 115
352 103
352 8
352 50
353 201
353 0
353 82
354 136
354 126
354 127
355 27
355 275
355 49
356 31
356 197
356 131
357 184
357 301
357 211
358 190
358 225
358 181
359 36
359 245
359 25
360 186
360 152
360 286
361 358
361 106
361 338
362 215
362 279
362 0
363 213
363 22
363 5
364 1
364 52
364 7
365 348
365 212
365 82
366 182
366 51
366 40
367 1
367 91
367 182
368 325
368 56
368 318
369 58
369 354
369 1
370 6
370 5
370 335
371 2
371 0
371 338
372 71
372 338
372 109
373 53
373 221
373 2
374 29
374 8
374 51
375 199
375 13
375 30
376 213
376 106
376 202
377 5
377 98
377 107
378 73
378 95
378 37
379 155
379 324
379 1
380 299
380 106
380 352
381 2
381 169
381 315
382 18
382 278
382 114
383 272
383 1
383 111
384 190
384 255
384 346
385 118
385 3
385 274
386 272
386 1
386 57
387 314
387 261
387 310
388 1
388 22
388 55
389 1
389 366
389 324
390 339
390 36
390 344
391 132
391 6
391 390
392 115
392 1
392 105
393 246
393 89
393 44
394 1
394 230
394 0
395 180
395 34
395 26
396 204
396 0
396 50
397 259
397 73
397 106
398 60
398 42
398 0
399 225
399 325
399 31
400 326
400 206
400 219
401 299
401 171
401 320
402 289
402 22
402 9
403 55
403 154
403 356
404 254
404 394
404 217
405 35
405 160
405 119
406 27
406 49
406 231
407 44
407 2
407 82
408 327
408 47
408 1
409 61
409 325
409 0
410 401
410 107
410 1
411 0
411 329
411 55
412 236
412 207
412 82
413 403
413 36
413 351
414 25
414 1
414 36
415 304
415 2
415 210
416 113
416 61
416 111
417 394
417 220
417 11
418 364
418 10
418 147
419 55
419 2
419 115
420 156
420 202
420 357
421 163
421 285
421 0
422 12
422 34
422 1
423 6
423 298
423 104
424 57
424 314
424 118
425 42
425 113
425 324
426 137
426 1
426 192
427 411
427 2
427 1
428 17
428 265
428 167
429 114
429 91
429 152
430 5
430 56
430 11
431 11
431 2
431 12
432 250
432 190
432 252
433 95
433 26
433 407
434 220
434 262
434 167
435 26
435 235
435 13
436 410
436 5
436 314
437 225
437 29
437 18
438 1
438 75
438 357
439 156
439 176
439 26
440 6
440 361
440 26
441 419
441 27
441 297
442 9
442 257
442 0
443 304
443 53
443 1
444 113
444 410
444 231
445 244
445 185
445 18
446 80
446 376
446 2
447 418
447 193
447 35
448 27
448 425
448 220
449 73
449 69
449 0
450 1
450 165
450 78
451 435
451 1
451 103
452 394
452 18
452 364
453 39
453 1
453 240
454 67
454 0
454 5
455 453
455 0
455 123
456 82
456 5
456 277
457 67
457 274
457 84
458 27
458 56
458 360
459 5
459 383
459 1
460 206
460 314
460 82
461 22
461 194
461 2
462 324
462 136
462 122
463 310
463 72
463 365
464 442
464 456
464 444
465 103
465 14
465 115
466 13
466 53
466 292
467 324
467 214
467 2
468 28
468 414
468 214
469 2
469 448
469 26
470 63
470 2
470 5
471 47
471 108
471 199
472 459
472 169
472 207
473 437
473 55
473 225
474 0
474 98
474 191
475 328
475 374
475 127
476 2
476 370
476 314
477 106
477 1
477 17
478 62
478 190
478 76
479 106
479 2
479 215
480 426
480 156
480 65
481 55
481 402
481 205
482 20
482 472
482 163
483 27
483 55
483 125
484 277
484 174
484 158
485 409
485 13
485 73
486 84
486 109
486 19
487 469
487 352
487 75
488 401
488 355
488 3
489 314
489 9
489 131
490 50
490 448
490 174
491 401
491 152
491 417
492 165
492 269
492 1
493 98
493 22
493 346
494 327
494 320
494 196
495 119
495 120
495 151
496 303
496 353
496 80
497 8
497 396
497 186
498 364
498 201
498 258
499 77
499 107
499 310
500 182
500 88
500 485
501 259
501 97
501 15
502 3
502 0
502 186
503 257
503 38
503 28
504 17
504 324
504 1
505 0
505 450
505 165
506 225
506 437
506 0
507 212
507 303
507 2
508 187
508 112
508 174
509 327
509 0
509 23
510 32
510 82
510 98
511 34
511 215
511 118
512 0
512 269
512 44
513 0
513 440
513 107
514 3
514 11
514 46
515 295
515 136
515 359
516 103
516 114
516 112
517 23
517 55
517 47
518 295
518 23
518 483
519 140
519 367
519 198
520 342
520 49
520 185
521 52
521 243
521 87
522 1
522 137
522 44
523 82
523 425
523 2
524 374
524 275
524 386
525 135
525 358
525 475
526 2
526 187
526 1
527 253
527 198
527 433
528 185
528 466
528 15
529 288
529 216
529 82
530 89
530 39
530 515
531 365
531 491
531 31
532 37
532 293
532 2
533 120
533 128
533 296
534 155
534 10
534 412
535 33
535 8
535 71
536 72
536 201
536 156
537 23
537 180
537 5
538 333
538 430
538 5
539 1
539 281
539 381
540 69
540 0
540 3
541 191
541 0
541 3
542 108
542 50
542 2
543 522
543 349
543 88
544 13
544 14
544 369
545 182
545 111
545 194
546 258
546 319
546 435
547 72
547 35
547 0
548 403
548 233
548 1
549 33
549 9
549 5
550 3
550 490
550 39
551 422
551 239
551 386
552 337
552 409
552 21
553 56
553 128
553 33
554 203
554 306
554 50
555 35
555 137
555 8
556 15
556 1
556 61
557 265
557 82
557 30
558 446
558 222
558 104
559 153
559 14
559 32
560 517
560 544
560 2
561 217
561 54
561 3
562 224
562 5
562 531
563 559
563 249
563 131
564 529
564 206
564 35
565 61
565 360
565 58
566 86
566 5
566 12
567 353
567 404
567 187
568 368
568 551
568 349
569 349
569 16
569 109
570 219
570 341
570 2
571 197
571 115
571 336
572 260
572 3
572 23
573 71
573 98
573 154
574 188
574 0
574 32
575 242
575 284
575 213
576 0
576 340
576 155
577 524
577 147
577 255
578 164
578 533
578 87
579 120
579 1
579 25
580 531
580 358
580 417
581 392
581 111
581 215
582 390
582 572
582 207
583 312
583 100
583 73
584 485
584 46
584 304
585 269
585 23
585 3
586 171
586 563
586 2
587 333
587 357
587 50
588 176
588 0
588 164
589 417
589 468
589 111
590 21
590 1
590 197
591 317
591 155
591 55
592 396
592 94
592 514
593 383
593 118
593 23
594 0
594 14
594 277
595 455
595 180
595 192
596 190
596 156
596 140
597 394
597 146
597 32
598 131
598 40
598 164
599 516
599 497
599 256
600 167
600 570
600 0
601 359
601 22
601 442
602 2
602 7
602 369
603 47
603 134
603 0
604 36
604 57
604 120
605 68
605 315
605 47
606 2
606 371
606 326
607 256
607 360
607 605
608 2
608 520
608 107
609 27
609 581
609 466
610 282
610 132
610 1
611 539
611 22
611 201
612 0
612 216
612 112
613 66
613 250
613 149
614 33
614 509
614 6
615 470
615 552
615 125
616 530
616 241
616 80
617 2
617 120
617 6
618 120
618 553
618 5
619 536
619 25
619 112
620 535
620 463
620 244
621 57
621 5
621 508
622 219
622 259
622 286
623 380
623 322
623 224
624 164
624 205
624 408
625 6
625 163
625 306
626 10
626 129
626 281
627 101
627 30
627 176
628 52
628 356
628 523
629 5
629 493
629 196
630 354
630 29
630 347
631 78
631 479
631 1
632 58
632 495
632 22
633 33
633 456
633 357
634 82
634 187
634 46
635 356
635 0
635 3
636 400
636 390
636 277
637 142
637 0
637 376
638 54
638 357
638 202
639 67
639 191
639 195
640 25
640 166
640 11
641 473
641 149
641 17
642 202
642 62
642 381
643 505
643 575
643 359
644 257
644 499
644 514
645 160
645 1
645 435
646 240
646 409
646 306
647 539
647 257
647 156
648 105
648 453
648 207
649 73
649 575
649 536
650 20
650 1
650 599
651 0
651 118
651 108
652 171
652 271
652 583
653 115
653 132
653 18
654 285
654 225
654 31
655 127
655 56
655 413
656 110
656 596
656 466
657 642
657 152
657 9
658 390
658 241
658 55
659 197
659 48
659 75
660 101
660 401
660 1
661 52
661 0
661 403
662 206
662 196
662 2
663 433
663 25
663 278
664 50
664 249
664 331
665 15
665 127
665 173
666 50
666 171
666 151
667 50
667 66
667 655
668 94
668 36
668 82
669 127
669 323
669 465
670 390
670 454
670 92
671 87
671 259
671 226
672 103
672 653
672 77
673 135
673 618
673 197
674 380
674 67
674 98
675 8
675 201
675 578
676 17
676 329
676 439
677 607
677 15
677 456
678 1
678 372
678 164
679 60
679 1
679 485
680 43
680 75
680 559
681 16
681 0
681 22
682 1
682 259
682 129
683 157
683 392
683 626
684 205
684 142
684 3
685 435
685 671
685 187
686 634
686 99
686 241
687 308
687 151
687 513
688 2
688 55
688 357
689 201
689 2
689 18
690 558
690 18
690 416
691 644
691 678
691 2
692 87
692 82
692 84
693 118
693 338
693 532
694 144
694 27
694 248
695 434
695 630
695 451
696 296
696 257
696 279
697 11
697 5
697 34
698 108
698 53
698 537
699 277
699 41
699 138
700 458
700 106
700 598
701 399
701 231
701 475
702 35
702 393
702 303
703 0
703 279
703 349
704 0
704 31
704 12
705 608
705 514
705 447
706 162
706 596
706 151
707 188
707 341
707 23
708 624
708 524
708 59
709 324
709 73
709 125
710 356
710 549
710 86
711 66
711 50
711 16
712 671
712 365
712 179
713 35
713 59
713 587
714 244
714 578
714 673
715 22
715 119
715 475
716 21
716 374
716 313
717 112
717 77
717 487
718 522
718 115
718 532
719 284
719 437
719 31
720 394
720 101
720 0
721 356
721 661
721 250
722 0
722 351
722 365
723 445
723 271
723 5
724 663
724 31
724 386
725 46
725 615
725 82
726 209
726 655
726 558
727 0
727 626
727 110
728 2
728 520
728 53
729 2
729 0
729 651
730 559
730 0
730 473
731 319
731 652
731 524
732 54
732 5
732 239
733 23
733 264
733 293
734 331
734 387
734 524
735 105
735 0
735 167
736 114
736 11
736 4
737 188
737 1
737 641
738 580
738 191
738 115
739 14
739 346
739 0
740 35
740 1
740 49
741 620
741 717
741 539
742 253
742 538
742 37
743 282
743 72
743 522
744 225
744 194
744 3
745 352
745 310
745 272
746 573
746 62
746 41
747 18
747 2
747 636
748 450
748 120
748 39
749 649
749 245
749 707
750 7
750 413
750 610
751 191
751 3
751 97
752 418
752 739
752 0
753 462
753 450
753 200
754 634
754 0
754 272
755 197
755 514
755 535
756 6
756 0
756 115
757 43
757 55
757 231
758 409
758 156
758 213
759 606
759 150
759 23
760 142
760 1
760 87
761 72
761 558
761 0
762 492
762 509
762 630
763 138
763 0
763 88
764 18
764 111
764 26
765 597
765 389
765 338
766 358
766 576
766 43
767 349
767 9
767 464
768 8
768 155
768 682
769 417
769 328
769 39
770 400
770 9
770 657
771 332
771 702
771 271
772 425
772 125
772 141
773 190
773 202
773 244
774 770
774 134
774 703
775 1
775 378
775 607
776 118
776 12
776 56
777 540
777 548
777 205
778 246
778 331
778 166
779 53
779 201
779 97
780 343
780 300
780 0
781 119
781 160
781 62
782 0
782 106
782 162
783 346
783 761
783 5
784 61
784 491
784 57
785 48
785 141
785 767
786 5
786 479
786 361
787 130
787 53
787 156
788 28
788 249
788 269
789 94
789 167
789 587
790 33
790 205
790 723
791 694
791 523
791 113
792 358
792 77
792 204
793 111
793 154
793 106
794 414
794 118
794 0
795 91
795 97
795 27
796 588
796 44
796 224
797 203
797 146
797 177
798 71
798 608
798 46
799 13
799 53
799 303
800 16
800 223
800 44
801 26
801 338
801 667
802 718
802 698
802 485
803 630
803 535
803 193
804 310
804 368
804 417
805 663
805 360
805 428
806 0
806 594
806 288
807 16
807 90
807 603
808 25
808 649
808 52
809 171
809 505
809 649
810 1
810 656
810 38
811 777
811 636
811 773
812 13
812 310
812 509
813 2
813 428
813 107
814 657
814 5
814 56
815 487
815 19
815 668
816 208
816 130
816 50
817 174
817 375
817 219
818 50
818 731
818 51
819 16
819 22
819 36
820 1
820 77
820 532
821 451
821 255
821 20
822 420
822 725
822 541
823 90
823 628
823 24
824 623
824 537
824 409
825 426
825 449
825 53
826 25
826 748
826 136
827 14
827 343
827 621
828 3
828 146
828 8
829 615
829 2
829 269
830 239
830 553
830 89
831 523
831 525
831 351
832 82
832 1
832 299
833 3
833 16
833 477
834 219
834 333
834 681
835 275
835 78
835 111
836 457
836 5
836 201
837 407
837 5
837 370
838 135
838 1
838 224
839 105
839 258
839 477
840 237
840 11
840 92
841 0
841 536
841 484
842 571
842 254
842 204
843 608
843 253
843 794
844 44
844 678
844 560
845 125
845 630
845 201
846 572
846 423
846 773
847 229
847 564
847 36
848 0
848 14
848 284
849 27
849 793
849 17
850 71
850 613
850 82
851 77
851 162
851 541
852 90
852 107
852 505
853 667
853 406
853 716
854 196
854 381
854 469
855 1
855 53
855 113
856 2
856 269
856 628
857 19
857 207
857 5
858 2
858 846
858 0
859 103
859 446
859 437
860 27
860 59
860 284
861 105
861 162
861 858
862 324
862 206
862 190
863 350
863 599
863 274
864 307
864 270
864 121
865 17
865 5
865 474
866 64
866 687
866 156
867 125
867 837
867 552
868 107
868 76
868 8
869 16
869 118
869 808
870 157
870 203
870 50
871 524
871 201
871 1
872 484
872 866
872 521
873 321
873 67
873 637
874 3
874 429
874 205
875 0
875 2
875 485
876 225
876 551
876 431
877 53
877 162
877 254
878 466
878 46
878 61
879 680
879 39
879 505
880 372
880 277
880 75
881 596
881 681
881 528
882 793
882 483
882 8
883 572
883 118
883 44
884 120
884 875
884 78
885 792
885 271
885 625
886 299
886 76
886 258
887 298
887 557
887 487
888 636
888 166
888 7
889 417
889 685
889 3
890 319
890 239
890 465
891 618
891 196
891 18
892 554
892 565
892 404
893 1
893 41
893 514
894 5
894 18
894 55
895 18
895 126
895 207
896 154
896 479
896 225
897 572
897 446
897 376
898 618
898 78
898 3
899 349
899 87
899 738
900 44
900 753
900 276
901 264
901 50
901 136
902 246
902 9
902 5
903 119
903 583
903 87
904 3
904 605
904 505
905 484
905 1
905 48
906 327
906 285
906 39
907 53
907 570
907 254
908 738
908 188
908 745
909 28
909 75
909 445
910 717
910 572
910 132
911 84
911 349
911 8
912 48
912 433
912 164
913 119
913 870
913 555
914 749
914 224
914 56
915 246
915 180
915 494
916 634
916 282
916 353
917 324
917 8
917 215
918 105
918 174
918 206
919 587
919 5
919 463
920 2
920 18
920 326
921 201
921 429
921 667
922 125
922 110
922 594
923 638
923 459
923 214
924 197
924 40
924 369
925 413
925 338
925 477
926 790
926 754
926 446
927 374
927 589
927 119
928 376
928 795
928 623
929 0
929 575
929 56
930 530
930 604
930 522
931 357
931 139
931 19
932 82
932 876
932 196
933 35
933 162
933 5
934 440
934 246
934 6
935 393
935 396
935 185
936 253
936 361
936 310
937 671
937 2
937 756
938 40
938 11
938 331
939 456
939 2
939 25
940 360
940 893
940 540
941 566
941 633
941 604
942 167
942 367
942 50
943 401
943 0
943 103
944 407
944 12
944 258
945 157
945 47
945 23
946 365
946 848
946 7
947 3
947 1
947 793
948 29
948 310
948 761
949 726
949 811
949 56
950 390
950 648
950 630
951 13
951 47
951 241
952 114
952 76
952 197
953 784
953 30
953 5
954 51
954 115
954 197
955 119
955 82
955 667
956 73
956 808
956 406
957 115
957 286
957 601
958 465
958 17
958 643
959 326
959 690
959 83
960 246
960 119
960 598
961 71
961 2
961 891
962 359
962 248
962 682
963 438
963 87
963 702
964 246
964 106
964 621
965 921
965 76
965 2
966 413
966 171
966 20
967 48
967 358
967 300
968 491
968 680
968 649
969 0
969 197
969 82
970 282
970 0
970 324
971 213
971 871
971 234
972 46
972 806
972 385
973 364
973 39
973 101
974 590
974 592
974 195
975 302
975 98
975 717
976 523
976 2
976 394
977 662
977 290
977 1
978 359
978 138
978 71
979 81
979 112
979 207
980 964
980 869
980 184
981 510
981 188
981 467
982 5
982 15
982 167
983 33
983 165
983 0
984 50
984 19
984 576
985 30
985 274
985 169
986 199
986 717
986 1
987 3
987 0
987 255
988 704
988 23
988 649
989 284
989 553
989 196
990 141
990 929
990 678
991 180
991 982
991 719
992 398
992 110
992 0
993 69
993 781
993 162
994 2
994 231
994 282
995 186
995 337
995 2
996 159
996 105
996 60
997 781
997 241
997 626
998 88
998 706
998 689
999 804
999 59
999 758
