0 1
1 0
2 0
2 1
3 1
3 0
3 2
4 1
4 3
4 0
5 0
5 1
5 2
6 3
6 2
6 0
7 5
7 1
7 4
8 2
8 0
8 3
9 8
9 1
9 7
10 7
10 3
10 5
11 7
11 5
11 4
12 1
12 3
12 5
13 1
13 7
13 2
14 1
14 7
14 0
15 1
15 2
15 7
16 6
16 0
16 12
17 5
17 1
17 15
18 0
18 1
18 2
19 12
19 0
19 16
20 0
20 2
20 5
21 3
21 1
21 8
22 1
22 0
22 2
23 19
23 5
23 0
24 0
24 11
24 1
25 9
25 1
25 4
26 2
26 5
26 25
27 24
27 12
27 5
28 3
28 1
28 22
29 3
29 1
29 10
30 1
30 2
30 7
31 3
31 4
31 1
32 3
32 1
32 14
33 2
33 24
33 3
34 1
34 16
34 6
35 12
35 2
35 1
36 1
36 26
36 4
37 0
37 32
37 2
38 12
38 16
38 23
39 3
39 6
39 22
40 1
40 2
40 23
41 1
41 27
41 32
42 31
42 5
42 2
43 0
43 38
43 4
44 41
44 3
44 40
45 7
45 1
45 5
46 0
46 5
46 12
47 12
47 31
47 2
48 43
48 12
48 2
49 1
49 3
49 2
