0 1
0 2
0 3
1 0
1 2
1 3
2 0
2 1
2 3
3 2
3 0
3 1
4 1
4 3
4 0
5 1
5 3
5 2
6 1
6 2
6 3
7 1
7 2
7 0
8 1
8 2
8 6
9 7
9 5
9 1
10 0
10 3
10 2
11 6
11 2
11 8
12 2
12 10
12 8
13 2
13 8
13 0
14 0
14 2
14 1
15 0
15 8
15 2
16 8
16 0
16 3
17 2
17 3
17 11
18 1
18 14
18 0
19 0
19 11
19 2
20 14
20 3
20 2
21 3
21 8
21 15
22 1
22 4
22 11
23 8
23 15
23 0
24 3
24 8
24 9
25 24
25 18
25 11
26 15
26 25
26 2
27 11
27 3
27 0
28 8
28 2
28 3
29 15
29 10
29 8
30 23
30 2
30 11
31 0
31 3
31 11
32 0
32 14
32 2
33 29
33 8
33 18
34 13
34 12
34 11
35 11
35 20
35 23
36 34
36 20
36 28
37 1
37 21
37 7
38 19
38 6
38 8
39 30
39 1
39 0
40 15
40 0
40 8
41 17
41 0
41 3
42 24
42 6
42 11
43 0
43 11
43 29
44 23
44 3
44 17
45 35
45 43
45 38
46 1
46 3
46 12
47 17
47 31
47 3
48 1
48 23
48 8
49 0
49 10
49 20
50 11
50 42
50 22
51 2
51 20
51 3
52 11
52 44
52 8
53 9
53 16
53 2
54 8
54 31
54 21
55 3
55 50
55 0
56 18
56 25
56 8
57 40
57 8
57 1
58 3
58 0
58 41
59 7
59 8
59 0
60 38
60 0
60 8
61 2
61 25
61 3
62 0
62 14
62 3
63 54
63 8
63 14
64 47
64 29
64 13
65 36
65 64
65 48
66 0
66 11
66 3
67 28
67 63
67 25
68 43
68 47
68 48
69 10
69 11
69 34
70 10
70 1
70 67
71 3
71 23
71 6
72 39
72 59
72 13
73 4
73 57
73 13
74 3
74 47
74 4
75 11
75 39
75 70
76 1
76 12
76 8
77 28
77 49
77 65
78 6
78 0
78 70
79 40
79 20
79 67
80 29
80 1
80 3
81 26
81 3
81 60
82 19
82 70
82 54
83 43
83 44
83 3
84 3
84 6
84 11
85 16
85 2
85 66
86 55
86 24
86 25
87 8
87 57
87 66
88 62
88 3
88 2
89 24
89 47
89 1
90 8
90 57
90 34
91 8
91 1
91 0
92 1
92 5
92 52
93 30
93 3
93 59
94 2
94 11
94 6
95 1
95 92
95 39
96 47
96 2
96 60
97 77
97 31
97 86
98 93
98 3
98 35
99 7
99 51
99 60
100 0
100 2
100 40
101 80
101 1
101 3
102 1
102 11
102 95
103 8
103 3
103 60
104 16
104 26
104 67
105 9
105 5
105 6
106 3
106 59
106 35
107 66
107 67
107 57
108 101
108 0
108 31
109 8
109 25
109 73
110 23
110 53
110 41
111 8
111 66
111 11
112 0
112 10
112 98
113 73
113 62
113 23
114 79
114 58
114 38
115 11
115 112
115 106
116 19
116 97
116 68
117 68
117 20
117 38
118 8
118 17
118 91
119 20
119 19
119 104
120 2
120 16
120 34
121 2
121 96
121 66
122 26
122 70
122 31
123 84
123 43
123 58
124 22
124 73
124 1
125 22
125 3
125 102
126 115
126 24
126 65
127 115
127 72
127 55
128 24
128 22
128 38
129 68
129 47
129 99
130 100
130 23
130 1
131 2
131 54
131 109
132 95
132 55
132 0
133 41
133 60
133 99
134 24
134 93
134 20
135 18
135 4
135 35
136 2
136 11
136 93
137 32
137 0
137 47
138 0
138 54
138 26
139 116
139 32
139 111
140 59
140 2
140 40
141 60
141 0
141 16
142 57
142 40
142 107
143 38
143 0
143 101
144 0
144 95
144 26
145 24
145 66
145 11
146 1
146 35
146 48
147 71
147 33
147 47
148 44
148 109
148 134
149 0
149 144
149 47
150 23
150 0
150 41
151 0
151 101
151 24
152 21
152 38
152 2
153 22
153 1
153 11
154 43
154 145
154 57
155 13
155 94
155 1
156 99
156 41
156 145
157 11
157 94
157 23
158 45
158 93
158 0
159 29
159 52
159 63
160 0
160 3
160 89
161 14
161 5
161 38
162 2
162 18
162 5
163 138
163 116
163 43
164 51
164 0
164 19
165 64
165 0
165 76
166 38
166 15
166 147
167 27
167 28
167 1
168 8
168 2
168 66
169 3
169 59
169 67
170 30
170 24
170 168
171 51
171 3
171 144
172 8
172 97
172 101
173 3
173 38
173 20
174 38
174 10
174 3
175 144
175 58
175 8
176 65
176 24
176 72
177 6
177 105
177 11
178 23
178 36
178 49
179 131
179 8
179 145
180 33
180 6
180 3
181 56
181 72
181 18
182 76
182 83
182 128
183 3
183 0
183 124
184 145
184 57
184 8
185 72
185 35
185 181
186 116
186 0
186 29
187 32
187 40
187 147
188 0
188 121
188 159
189 124
189 24
189 138
190 0
190 25
190 98
191 159
191 8
191 179
192 5
192 169
192 24
193 92
193 19
193 188
194 192
194 70
194 14
195 189
195 29
195 42
196 62
196 24
196 0
197 18
197 5
197 3
198 178
198 1
198 14
199 59
199 148
199 121
200 20
200 180
200 188
201 41
201 121
201 3
202 112
202 14
202 23
203 131
203 193
203 2
204 18
204 38
204 80
205 8
205 0
205 80
206 32
206 38
206 77
207 11
207 65
207 159
208 11
208 122
208 24
209 57
209 10
209 193
210 7
210 18
210 2
211 3
211 38
211 23
212 87
212 114
212 0
213 113
213 3
213 6
214 89
214 18
214 31
215 207
215 2
215 134
216 66
216 3
216 157
217 66
217 58
217 186
218 24
218 72
218 32
219 29
219 92
219 47
220 127
220 145
220 20
221 142
221 29
221 54
222 8
222 115
222 138
223 145
223 0
223 211
224 5
224 47
224 145
225 89
225 17
225 22
226 49
226 87
226 104
227 214
227 14
227 39
228 44
228 76
228 41
229 137
229 173
229 24
230 55
230 0
230 29
231 24
231 38
231 11
232 178
232 208
232 71
233 66
233 207
233 135
234 21
234 8
234 67
235 29
235 0
235 92
236 112
236 190
236 55
237 234
237 96
237 59
238 216
238 70
238 11
239 13
239 62
239 137
240 0
240 10
240 1
241 11
241 220
241 1
242 86
242 13
242 91
243 1
243 138
243 0
244 11
244 167
244 8
245 154
245 92
245 175
246 110
246 172
246 40
247 66
247 170
247 245
248 34
248 122
248 54
249 11
249 110
249 214
250 245
250 173
250 241
251 11
251 0
251 197
252 1
252 53
252 44
253 41
253 204
253 6
254 43
254 231
254 2
255 16
255 20
255 38
256 107
256 2
256 71
257 118
257 200
257 212
258 254
258 230
258 23
259 8
259 7
259 3
260 35
260 49
260 131
261 1
261 182
261 0
262 5
262 41
262 61
263 2
263 231
263 41
264 41
264 138
264 3
265 151
265 52
265 122
266 133
266 11
266 215
267 253
267 0
267 1
268 76
268 220
268 238
269 99
269 121
269 43
270 124
270 87
270 66
271 8
271 197
271 7
272 104
272 106
272 6
273 29
273 11
273 0
274 1
274 86
274 35
275 69
275 229
275 31
276 4
276 181
276 186
277 80
277 17
277 0
278 113
278 31
278 190
279 122
279 125
279 158
280 53
280 12
280 44
281 66
281 63
281 58
282 197
282 33
282 190
283 7
283 47
283 0
284 11
284 60
284 86
285 3
285 62
285 1
286 257
286 223
286 11
287 23
287 40
287 241
288 105
288 2
288 60
289 62
289 72
289 146
290 102
290 89
290 0
291 1
291 172
291 2
292 0
292 154
292 59
293 113
293 238
293 206
294 49
294 89
294 277
295 3
295 184
295 24
296 105
296 87
296 8
297 3
297 1
297 249
298 10
298 52
298 2
299 252
299 3
299 120
300 76
300 267
300 207
301 23
301 230
301 215
302 13
302 15
302 288
303 102
303 62
303 15
304 29
304 105
304 68
305 83
305 107
305 116
306 118
306 130
306 127
307 45
307 290
307 96
308 11
308 4
308 51
309 133
309 3
309 11
310 164
310 130
310 101
311 132
311 4
311 244
312 162
312 43
312 145
313 245
313 171
313 230
314 234
314 0
314 57
315 47
315 0
315 9
316 254
316 57
316 28
317 23
317 3
317 62
318 117
318 109
318 34
319 275
319 11
319 52
320 1
320 235
320 230
321 43
321 112
321 94
322 34
322 225
322 43
323 24
323 43
323 4
324 0
324 194
324 104
325 3
325 146
325 32
326 29
326 149
326 8
327 5
327 151
327 163
328 2
328 156
328 138
329 24
329 3
329 35
330 0
330 313
330 2
331 174
331 257
331 58
332 41
332 144
332 197
333 286
333 238
333 165
334 129
334 3
334 173
335 91
335 301
335 327
336 23
336 4
336 182
337 331
337 143
337 162
338 109
338 111
338 291
339 8
339 218
339 17
340 244
340 209
340 18
341 221
341 230
341 327
342 22
342 189
342 105
343 157
343 89
343 280
344 20
344 223
344 152
345 86
345 151
345 108
346 195
346 45
346 3
347 89
347 3
347 234
348 45
348 125
348 52
349 38
349 24
349 230
350 83
350 14
350 57
351 77
351 275
351 282
352 47
352 8
352 70
353 184
353 329
353 157
354 211
354 58
354 74
355 351
355 41
355 7
356 50
356 87
356 175
357 1
357 141
357 356
358 154
358 2
358 11
359 101
359 327
359 131
360 31
360 46
360 212
361 188
361 182
361 8
362 291
362 225
362 29
363 157
363 139
363 70
364 5
364 33
364 30
365 299
365 163
365 109
366 13
366 11
366 215
367 1
367 349
367 114
368 177
368 225
368 0
369 158
369 281
369 62
370 200
370 163
370 268
371 124
371 15
371 107
372 1
372 26
372 0
373 263
373 169
373 298
374 327
374 51
374 16
375 89
375 327
375 8
376 2
376 1
376 64
377 372
377 355
377 329
378 332
378 224
378 275
379 252
379 26
379 141
380 216
380 0
380 4
381 99
381 98
381 128
382 8
382 372
382 0
383 171
383 0
383 95
384 226
384 1
384 12
385 70
385 1
385 311
386 11
386 66
386 115
387 332
387 242
387 0
388 1
388 289
388 35
389 274
389 226
389 318
390 207
390 5
390 98
391 14
391 3
391 25
392 44
392 217
392 113
393 110
393 73
393 306
394 1
394 41
394 29
395 38
395 18
395 57
396 234
396 132
396 97
397 3
397 76
397 20
398 59
398 15
398 76
399 38
399 66
399 100
400 156
400 134
400 362
401 62
401 186
401 0
402 1
402 387
402 241
403 275
403 17
403 212
404 92
404 57
404 128
405 80
405 303
405 3
406 371
406 92
406 164
407 232
407 3
407 184
408 1
408 57
408 259
409 81
409 254
409 216
410 3
410 365
410 8
411 87
411 1
411 219
412 174
412 320
412 383
413 9
413 55
413 40
414 221
414 14
414 144
415 86
415 70
415 57
416 133
416 155
416 3
417 64
417 17
417 26
418 11
418 141
418 77
419 2
419 8
419 78
420 262
420 35
420 12
421 152
421 193
421 291
422 419
422 184
422 14
423 327
423 117
423 45
424 25
424 1
424 295
425 41
425 333
425 151
426 288
426 358
426 76
427 127
427 295
427 278
428 335
428 378
428 149
429 232
429 158
429 5
430 119
430 3
430 225
431 4
431 172
431 258
432 7
432 43
432 403
433 0
433 15
433 16
434 60
434 17
434 26
435 0
435 191
435 8
436 113
436 333
436 186
437 92
437 124
437 23
438 142
438 263
438 122
439 76
439 264
439 8
440 26
440 23
440 110
441 1
441 26
441 172
442 57
442 3
442 247
443 195
443 3
443 47
444 414
444 376
444 266
445 162
445 47
445 2
446 17
446 146
446 179
447 1
447 332
447 199
448 70
448 372
448 335
449 1
449 132
449 431
450 448
450 274
450 29
451 251
451 231
451 0
452 449
452 17
452 294
453 341
453 68
453 180
454 387
454 430
454 249
455 139
455 285
455 327
456 23
456 41
456 265
457 11
457 6
457 35
458 72
458 103
458 11
459 24
459 0
459 312
460 448
460 401
460 402
461 47
461 0
461 314
462 24
462 47
462 298
463 443
463 177
463 141
464 34
464 121
464 270
465 299
465 370
465 448
466 8
466 34
466 144
467 52
467 18
467 7
468 212
468 160
468 23
469 104
469 204
469 10
470 24
470 18
470 160
471 0
471 86
471 152
472 265
472 425
472 11
473 8
473 89
473 2
474 125
474 386
474 231
475 231
475 277
475 225
476 2
476 60
476 231
477 375
477 143
477 230
478 112
478 199
478 86
479 2
479 230
479 157
480 24
480 3
480 223
481 3
481 376
481 0
482 32
482 3
482 410
483 232
483 154
483 11
484 392
484 18
484 111
485 31
485 8
485 116
486 6
486 230
486 207
487 123
487 43
487 3
488 37
488 253
488 89
489 286
489 441
489 238
490 169
490 152
490 3
491 331
491 354
491 408
492 207
492 465
492 96
493 1
493 17
493 147
494 188
494 174
494 325
495 158
495 131
495 119
496 3
496 1
496 24
497 396
497 161
497 2
498 50
498 190
498 184
499 109
499 333
499 144
500 131
500 220
500 403
501 31
501 430
501 275
502 0
502 54
502 1
503 74
503 22
503 5
504 258
504 3
504 92
505 165
505 134
505 7
506 358
506 44
506 52
507 501
507 230
507 482
508 244
508 154
508 218
509 0
509 49
509 118
510 136
510 334
510 0
511 58
511 2
511 47
512 152
512 342
512 197
513 416
513 20
513 313
514 501
514 442
514 132
515 223
515 509
515 414
516 165
516 104
516 208
517 6
517 338
517 22
518 238
518 72
518 62
519 3
519 11
519 419
520 3
520 327
520 1
521 138
521 509
521 382
522 383
522 41
522 486
523 423
523 67
523 54
524 231
524 17
524 287
525 4
525 475
525 346
526 229
526 212
526 104
527 1
527 120
527 34
528 396
528 240
528 3
529 8
529 101
529 480
530 174
530 289
530 43
531 0
531 4
531 77
532 209
532 248
532 17
533 48
533 439
533 10
534 124
534 482
534 43
535 499
535 57
535 26
536 131
536 438
536 371
537 357
537 66
537 64
538 525
538 484
538 376
539 13
539 216
539 537
540 4
540 47
540 78
541 452
541 358
541 3
542 82
542 66
542 190
543 141
543 3
543 41
544 29
544 225
544 92
545 519
545 60
545 514
546 162
546 269
546 2
547 89
547 313
547 0
548 8
548 252
548 157
549 98
549 94
549 0
550 158
550 327
550 146
551 341
551 414
551 197
552 432
552 512
552 116
553 449
553 124
553 20
554 459
554 553
554 25
555 13
555 87
555 264
556 180
556 3
556 59
557 66
557 41
557 199
558 389
558 18
558 216
559 30
559 71
559 452
560 16
560 44
560 175
561 451
561 151
561 135
562 96
562 209
562 221
563 438
563 17
563 23
564 536
564 535
564 439
565 26
565 62
565 29
566 2
566 456
566 64
567 3
567 126
567 541
568 341
568 11
568 247
569 15
569 0
569 259
570 69
570 11
570 535
571 342
571 465
571 33
572 239
572 174
572 430
573 4
573 23
573 306
574 500
574 441
574 317
575 16
575 333
575 152
576 190
576 63
576 531
577 52
577 98
577 63
578 118
578 460
578 152
579 295
579 373
579 132
580 252
580 577
580 2
581 22
581 58
581 2
582 138
582 44
582 80
583 21
583 196
583 92
584 210
584 44
584 319
585 518
585 28
585 1
586 197
586 208
586 468
587 204
587 169
587 90
588 262
588 165
588 91
589 48
589 57
589 13
590 113
590 48
590 179
591 336
591 471
591 225
592 3
592 8
592 82
593 343
593 0
593 2
594 531
594 28
594 412
595 500
595 332
595 181
596 223
596 553
596 464
597 66
597 26
597 529
598 275
598 12
598 3
599 31
599 170
599 64
600 122
600 336
600 1
601 533
601 31
601 1
602 141
602 100
602 14
603 71
603 117
603 145
604 181
604 2
604 5
605 94
605 190
605 3
606 245
606 50
606 109
607 288
607 65
607 448
608 161
608 72
608 5
609 215
609 165
609 28
610 245
610 420
610 182
611 166
611 199
611 186
612 34
612 26
612 29
613 364
613 29
613 596
614 438
614 588
614 1
615 143
615 2
615 232
616 567
616 72
616 43
617 3
617 69
617 339
618 147
618 3
618 193
619 1
619 482
619 143
620 10
620 586
620 204
621 41
621 0
621 552
622 371
622 449
622 541
623 207
623 3
623 518
624 611
624 8
624 77
625 2
625 517
625 223
626 398
626 8
626 7
627 149
627 165
627 23
628 408
628 332
628 60
629 1
629 230
629 511
630 590
630 190
630 273
631 3
631 430
631 471
632 476
632 17
632 57
633 52
633 53
633 389
634 154
634 92
634 180
635 381
635 517
635 73
636 618
636 52
636 44
637 115
637 24
637 3
638 13
638 80
638 221
639 177
639 246
639 67
640 51
640 396
640 542
641 554
641 70
641 290
642 119
642 1
642 70
643 63
643 37
643 142
644 323
644 258
644 1
645 61
645 66
645 182
646 172
646 3
646 187
647 60
647 38
647 136
648 442
648 55
648 88
649 113
649 11
649 164
650 264
650 15
650 274
651 41
651 522
651 1
652 11
652 90
652 276
653 171
653 158
653 38
654 294
654 230
654 476
655 59
655 86
655 154
656 373
656 81
656 245
657 342
657 134
657 330
658 523
658 444
658 43
659 576
659 99
659 51
660 92
660 613
660 31
661 134
661 50
661 242
662 34
662 138
662 35
663 161
663 429
663 13
664 154
664 291
664 50
665 536
665 145
665 11
666 40
666 511
666 11
667 442
667 289
667 570
668 259
668 476
668 17
669 5
669 638
669 286
670 463
670 607
670 524
671 265
671 91
671 276
672 206
672 8
672 310
673 189
673 7
673 57
674 54
674 518
674 398
675 345
675 294
675 241
676 106
676 11
676 132
677 207
677 194
677 364
678 1
678 152
678 215
679 10
679 3
679 523
680 666
680 8
680 3
681 312
681 47
681 195
682 568
682 0
682 138
683 213
683 5
683 297
684 180
684 123
684 189
685 238
685 101
685 31
686 562
686 38
686 47
687 273
687 35
687 528
688 644
688 63
688 134
689 262
689 247
689 323
690 639
690 348
690 134
691 33
691 367
691 116
692 24
692 49
692 347
693 0
693 472
693 382
694 158
694 273
694 611
695 89
695 55
695 43
696 340
696 28
696 47
697 263
697 12
697 240
698 387
698 227
698 125
699 361
699 441
699 47
700 697
700 219
700 589
701 584
701 227
701 57
702 237
702 60
702 31
703 423
703 442
703 464
704 378
704 1
704 212
705 14
705 60
705 358
706 2
706 3
706 1
707 112
707 27
707 46
708 531
708 382
708 0
709 403
709 8
709 170
710 267
710 53
710 656
711 311
711 23
711 659
712 138
712 2
712 638
713 627
713 110
713 63
714 258
714 3
714 167
715 43
715 219
715 529
716 57
716 241
716 87
717 0
717 666
717 2
718 45
718 362
718 407
719 152
719 0
719 61
720 467
720 135
720 19
721 249
721 21
721 58
722 18
722 675
722 576
723 47
723 54
723 460
724 3
724 541
724 483
725 675
725 601
725 230
726 25
726 94
726 62
727 49
727 168
727 371
728 94
728 1
728 2
729 1
729 585
729 5
730 151
730 476
730 463
731 320
731 56
731 525
732 14
732 282
732 314
733 44
733 441
733 22
734 66
734 70
734 7
735 109
735 96
735 71
736 41
736 235
736 11
737 62
737 474
737 291
738 89
738 517
738 129
739 460
739 53
739 17
740 70
740 322
740 702
741 378
741 38
741 73
742 738
742 295
742 35
743 31
743 3
743 546
744 106
744 200
744 580
745 423
745 693
745 73
746 225
746 391
746 43
747 294
747 57
747 681
748 725
748 39
748 377
749 338
749 2
749 739
750 29
750 106
750 740
751 2
751 138
751 3
752 0
752 620
752 449
753 148
753 70
753 582
754 32
754 22
754 2
755 38
755 116
755 25
756 436
756 143
756 247
757 194
757 306
757 614
758 3
758 349
758 199
759 646
759 700
759 293
760 41
760 405
760 709
761 674
761 0
761 307
762 16
762 402
762 24
763 31
763 38
763 196
764 24
764 0
764 104
765 646
765 47
765 68
766 430
766 98
766 582
767 212
767 136
767 386
768 8
768 408
768 53
769 539
769 168
769 113
770 1
770 598
770 589
771 207
771 24
771 554
772 369
772 66
772 136
773 2
773 3
773 212
774 58
774 212
774 758
775 286
775 547
775 383
776 457
776 167
776 148
777 742
777 4
777 483
778 763
778 161
778 8
779 44
779 572
779 744
780 123
780 37
780 3
781 415
781 654
781 2
782 2
782 15
782 766
783 152
783 312
783 451
784 45
784 760
784 618
785 172
785 11
785 154
786 535
786 40
786 44
787 615
787 19
787 123
788 653
788 386
788 298
789 13
789 362
789 101
790 106
790 242
790 11
791 582
791 207
791 294
792 220
792 49
792 324
793 499
793 181
793 225
794 380
794 262
794 439
795 133
795 141
795 685
796 45
796 3
796 264
797 2
797 361
797 549
798 116
798 249
798 426
799 367
799 584
799 23
800 479
800 217
800 29
801 479
801 616
801 18
802 93
802 19
802 389
803 149
803 177
803 3
804 659
804 63
804 154
805 439
805 134
805 43
806 500
806 188
806 6
807 142
807 618
807 169
808 26
808 0
808 3
809 381
809 73
809 204
810 187
810 646
810 604
811 773
811 542
811 325
812 79
812 236
812 513
813 260
813 560
813 675
814 87
814 131
814 562
815 5
815 653
815 253
816 109
816 242
816 212
817 0
817 215
817 646
818 22
818 513
818 199
819 775
819 300
819 8
820 199
820 76
820 237
821 327
821 0
821 54
822 25
822 11
822 574
823 149
823 407
823 529
824 819
824 563
824 122
825 589
825 53
825 349
826 41
826 558
826 141
827 320
827 23
827 253
828 627
828 49
828 615
829 3
829 342
829 11
830 246
830 160
830 163
831 58
831 244
831 0
832 0
832 502
832 801
833 556
833 63
833 601
834 72
834 513
834 26
835 425
835 167
835 807
836 60
836 221
836 817
837 68
837 214
837 493
838 151
838 22
838 517
839 670
839 289
839 495
840 26
840 113
840 163
841 77
841 666
841 496
842 504
842 13
842 717
843 243
843 8
843 487
844 71
844 184
844 204
845 730
845 1
845 17
846 65
846 148
846 780
847 467
847 636
847 215
848 267
848 841
848 2
849 6
849 625
849 556
850 1
850 306
850 357
851 30
851 390
851 1
852 730
852 0
852 396
853 77
853 190
853 95
854 263
854 258
854 634
855 753
855 1
855 24
856 3
856 207
856 35
857 21
857 169
857 451
858 21
858 50
858 176
859 6
859 617
859 28
860 483
860 364
860 819
861 469
861 685
861 0
862 780
862 262
862 716
863 388
863 654
863 275
864 681
864 747
864 253
865 18
865 355
865 216
866 221
866 50
866 23
867 195
867 358
867 627
868 500
868 312
868 546
869 288
869 846
869 29
870 588
870 24
870 840
871 593
871 836
871 89
872 230
872 607
872 706
873 3
873 479
873 198
874 471
874 277
874 658
875 494
875 277
875 41
876 1
876 246
876 212
877 141
877 852
877 644
878 31
878 547
878 390
879 213
879 242
879 698
880 38
880 15
880 133
881 22
881 379
881 116
882 448
882 186
882 138
883 11
883 375
883 153
884 7
884 1
884 30
885 8
885 165
885 235
886 77
886 15
886 0
887 612
887 264
887 41
888 135
888 265
888 138
889 247
889 70
889 745
890 76
890 8
890 1
891 69
891 3
891 54
892 23
892 519
892 16
893 12
893 224
893 604
894 145
894 163
894 866
895 3
895 521
895 609
896 666
896 856
896 72
897 147
897 2
897 804
898 346
898 323
898 363
899 136
899 24
899 582
900 3
900 767
900 125
901 272
901 124
901 65
902 238
902 438
902 1
903 495
903 8
903 132
904 674
904 442
904 621
905 785
905 362
905 225
906 678
906 89
906 555
907 221
907 301
907 487
908 412
908 1
908 524
909 118
909 7
909 597
910 0
910 3
910 458
911 624
911 242
911 182
912 3
912 562
912 403
913 223
913 128
913 228
914 773
914 698
914 540
915 469
915 47
915 378
916 444
916 157
916 104
917 735
917 675
917 254
918 833
918 541
918 35
919 259
919 329
919 560
920 3
920 17
920 339
921 175
921 698
921 70
922 11
922 206
922 576
923 343
923 41
923 104
924 206
924 53
924 95
925 358
925 485
925 29
926 70
926 3
926 8
927 95
927 896
927 187
928 471
928 52
928 659
929 138
929 336
929 294
930 24
930 252
930 212
931 148
931 507
931 77
932 141
932 28
932 235
933 341
933 62
933 277
934 16
934 715
934 454
935 273
935 4
935 128
936 773
936 273
936 659
937 60
937 627
937 122
938 539
938 38
938 192
939 879
939 491
939 813
940 47
940 568
940 197
941 65
941 725
941 6
942 329
942 103
942 61
943 270
943 500
943 18
944 31
944 11
944 372
945 659
945 154
945 776
946 441
946 154
946 808
947 38
947 113
947 559
948 246
948 8
948 41
949 200
949 412
949 636
950 377
950 701
950 451
951 719
951 186
951 171
952 716
952 181
952 210
953 116
953 638
953 329
954 39
954 218
954 161
955 168
955 518
955 339
956 203
956 586
956 2
957 4
957 92
957 31
958 396
958 177
958 792
959 765
959 915
959 69
960 397
960 560
960 18
961 73
961 63
961 425
962 20
962 0
962 11
963 432
963 634
963 1
964 779
964 179
964 70
965 2
965 25
965 23
966 78
966 594
966 0
967 123
967 8
967 264
968 332
968 267
968 249
969 337
969 792
969 18
970 688
970 11
970 299
971 546
971 461
971 1
972 200
972 433
972 109
973 1
973 364
973 14
974 436
974 780
974 531
975 245
975 665
975 161
976 547
976 34
976 108
977 855
977 24
977 670
978 174
978 94
978 675
979 3
979 169
979 24
980 884
980 856
980 174
981 766
981 489
981 235
982 208
982 568
982 900
983 255
983 606
983 15
984 168
984 119
984 246
985 3
985 157
985 569
986 224
986 431
986 706
987 654
987 152
987 107
988 495
988 278
988 1
989 141
989 328
989 41
990 12
990 0
990 43
991 370
991 438
991 43
992 329
992 714
992 23
993 553
993 605
993 47
994 627
994 778
994 924
995 16
995 34
995 59
996 8
996 633
996 42
997 766
997 376
997 907
998 585
998 359
998 319
999 131
999 433
999 22
