0 1
0 2
0 3
1 0
1 2
1 3
2 0
2 1
2 3
3 1
3 2
3 0
4 0
4 1
4 3
5 3
5 0
5 2
6 2
6 4
6 0
7 1
7 3
7 6
8 2
8 6
8 3
9 0
9 4
9 5
10 6
10 4
10 2
11 3
11 0
11 6
12 1
12 4
12 3
13 3
13 5
13 0
14 0
14 3
14 5
15 7
15 3
15 2
16 12
16 10
16 1
17 5
17 3
17 11
18 4
18 14
18 5
19 5
19 4
19 18
20 9
20 6
20 4
21 15
21 9
21 3
22 3
22 1
22 2
23 1
23 11
23 21
24 10
24 2
24 0
25 6
25 4
25 3
26 2
26 5
26 6
27 12
27 11
27 2
28 3
28 2
28 19
29 10
29 4
29 2
30 27
30 6
30 2
31 2
31 15
31 19
32 1
32 9
32 0
33 7
33 0
33 3
34 16
34 10
34 32
35 18
35 1
35 21
36 10
36 11
36 4
37 14
37 6
37 19
38 33
38 21
38 3
39 1
39 11
39 6
40 4
40 2
40 31
41 10
41 4
41 14
42 2
42 3
42 39
43 41
43 27
43 4
44 40
44 37
44 11
45 4
45 3
45 6
46 2
46 14
46 39
47 30
47 4
47 6
48 18
48 14
48 43
49 2
49 41
49 0
