1 0
2 0
2 1
3 2
3 0
3 1
4 2
4 0
4 3
5 1
5 0
5 2
6 5
6 0
6 1
7 2
7 1
7 0
8 5
8 7
8 2
9 0
9 1
9 6
10 5
10 1
10 0
11 0
11 5
11 10
12 0
12 10
12 1
13 0
13 5
13 10
14 12
14 2
14 9
15 6
15 3
15 0
16 1
16 0
16 10
17 16
17 1
17 5
18 1
18 9
18 2
19 1
19 5
19 8
20 5
20 1
20 3
21 5
21 17
21 1
22 21
22 2
22 4
23 5
23 1
23 10
24 19
24 12
24 3
25 0
25 10
25 7
26 3
26 9
26 13
27 9
27 0
27 3
28 2
28 1
28 0
29 9
29 3
29 1
30 10
30 17
30 8
31 17
31 1
31 0
32 9
32 22
32 5
33 4
33 32
33 0
34 32
34 0
34 3
35 2
35 4
35 21
36 0
36 5
36 9
37 2
37 14
37 1
38 18
38 3
38 28
39 35
39 12
39 14
40 34
40 1
40 0
41 7
41 2
41 28
42 12
42 13
42 1
43 1
43 34
43 14
44 1
44 32
44 13
45 27
45 3
45 41
46 3
46 9
46 14
47 0
47 24
47 4
48 2
48 0
48 33
49 1
49 29
49 16
50 9
50 8
50 40
51 3
51 32
51 1
52 4
52 43
52 51
53 9
53 3
53 22
54 32
54 15
54 34
55 4
55 45
55 16
56 22
56 1
56 7
57 22
57 7
57 51
58 12
58 40
58 27
59 26
59 29
59 1
60 3
60 40
60 0
61 13
61 48
61 2
62 5
62 35
62 34
63 41
63 8
63 12
64 19
64 27
64 16
65 46
65 1
65 9
66 2
66 0
66 46
67 10
67 21
67 7
68 57
68 32
68 29
69 5
69 46
69 0
70 56
70 22
70 34
71 40
71 20
71 32
72 53
72 14
72 5
73 55
73 57
73 1
74 2
74 28
74 3
75 61
75 19
75 9
76 14
76 56
76 30
77 21
77 31
77 48
78 25
78 8
78 9
79 65
79 0
79 75
80 1
80 19
80 21
81 56
81 21
81 1
82 21
82 51
82 57
83 53
83 63
83 21
84 9
84 29
84 68
85 14
85 21
85 9
86 3
86 0
86 17
87 0
87 32
87 19
88 0
88 8
88 1
89 48
89 14
89 32
90 1
90 3
90 14
91 9
91 69
91 0
92 1
92 2
92 49
93 41
93 25
93 5
94 45
94 18
94 48
95 0
95 4
95 48
96 89
96 35
96 19
97 3
97 17
97 93
98 43
98 1
98 5
99 18
99 97
99 90
