0 1
1 0
2 1
2 0
3 2
3 0
3 1
4 0
4 2
4 1
5 0
5 1
5 4
6 0
6 4
6 5
7 2
7 1
7 0
8 0
8 1
8 4
9 8
9 4
9 5
10 3
10 4
10 0
11 4
11 8
11 5
12 4
12 3
12 1
13 5
13 8
13 9
14 0
14 8
14 12
15 14
15 4
15 8
16 15
16 13
16 14
17 9
17 5
17 3
18 1
18 5
18 12
19 3
19 9
19 10
20 8
20 9
20 1
21 4
21 0
21 5
22 2
22 0
22 5
23 10
23 9
23 1
24 1
24 2
24 19
25 4
25 18
25 7
26 8
26 6
26 5
27 5
27 13
27 0
28 11
28 0
28 5
29 25
29 18
29 20
30 20
30 25
30 9
31 5
31 20
31 0
32 3
32 14
32 19
33 30
33 1
33 10
34 2
34 0
34 1
35 11
35 19
35 5
36 33
36 26
36 29
37 1
37 11
37 8
38 30
38 0
38 25
39 6
39 0
39 1
40 6
40 7
40 4
41 11
41 32
41 22
42 4
42 5
42 8
43 6
43 33
43 8
44 1
44 0
44 39
45 39
45 11
45 5
46 33
46 28
46 1
47 5
47 2
47 19
48 32
48 2
48 31
49 18
49 3
49 11
