0 1
0 2
1 0
1 2
2 1
2 0
3 1
3 2
3 0
4 1
4 0
4 2
5 0
5 2
5 1
6 5
6 3
6 1
7 1
7 2
7 0
8 5
8 0
8 1
9 0
9 1
9 7
10 1
10 5
10 0
11 6
11 5
11 2
12 2
12 1
12 5
13 1
13 5
13 0
14 3
14 5
14 2
15 1
15 7
15 6
16 0
16 12
16 5
17 11
17 16
17 2
18 6
18 2
18 5
19 0
19 15
19 2
20 13
20 7
20 16
21 11
21 19
21 5
22 5
22 7
22 1
23 2
23 1
23 19
24 1
24 3
24 14
25 22
25 17
25 5
26 1
26 22
26 19
27 0
27 11
27 1
28 6
28 10
28 3
29 8
29 6
29 2
30 2
30 1
30 13
31 17
31 5
31 21
32 1
32 0
32 5
33 3
33 19
33 1
34 17
34 33
34 21
35 12
35 5
35 10
36 18
36 17
36 22
37 22
37 34
37 18
38 5
38 1
38 18
39 20
39 37
39 22
40 2
40 0
40 35
41 1
41 0
41 27
42 1
42 18
42 34
43 26
43 20
43 7
44 30
44 1
44 5
45 0
45 5
45 19
46 37
46 1
46 21
47 5
47 33
47 2
48 0
48 34
48 4
49 2
49 28
49 42
