0 1
1 0
2 0
2 1
3 0
3 2
3 1
4 2
4 0
4 1
5 1
5 2
5 0
6 1
6 5
6 2
7 0
7 5
7 4
8 5
8 2
8 1
9 2
9 1
9 4
10 4
10 2
10 1
11 1
11 9
11 2
12 5
12 2
12 9
13 11
13 4
13 5
14 12
14 11
14 9
15 13
15 2
15 7
16 4
16 7
16 9
17 3
17 8
17 10
18 4
18 3
18 8
19 11
19 7
19 2
20 2
20 9
20 7
21 18
21 15
21 9
22 0
22 1
22 4
23 1
23 7
23 4
24 16
24 1
24 5
25 7
25 22
25 0
26 4
26 0
26 19
27 22
27 7
27 2
28 0
28 24
28 27
29 1
29 3
29 0
30 22
30 3
30 0
31 15
31 24
31 29
32 3
32 14
32 1
33 0
33 3
33 9
34 30
34 13
34 8
35 34
35 2
35 3
36 2
36 22
36 1
37 22
37 24
37 14
38 19
38 3
38 29
39 32
39 10
39 14
40 1
40 0
40 39
41 32
41 22
41 5
42 19
42 12
42 5
43 32
43 22
43 7
44 35
44 2
44 39
45 24
45 2
45 11
46 24
46 2
46 0
47 3
47 2
47 10
48 24
48 1
48 0
49 41
49 0
49 25
