0 1
0 2
0 3
0 4
0 5
0 6
0 8
1 0
1 2
1 3
1 4
1 7
1 9
1 10
2 0
2 1
2 3
2 5
2 6
2 28
2 49
3 1
3 2
3 0
3 4
3 5
3 6
3 7
4 3
4 1
4 0
4 13
4 14
4 23
4 30
5 3
5 0
5 2
5 8
5 15
5 17
5 22
6 3
6 0
6 2
6 7
6 21
6 24
6 30
7 3
7 6
7 1
7 8
7 10
7 16
7 28
8 5
8 0
8 7
8 9
8 12
8 14
8 17
9 1
9 3
9 8
9 12
9 13
9 25
9 26
10 0
10 1
10 7
10 11
10 16
10 20
10 21
11 0
11 3
11 10
11 27
11 90
12 8
12 9
12 1
12 25
12 29
12 31
12 35
13 0
13 9
13 4
13 14
13 22
13 50
13 52
14 13
14 4
14 8
14 16
14 18
14 55
14 66
15 0
15 3
15 5
15 29
16 10
16 14
16 7
16 19
16 20
16 24
16 34
17 8
17 5
17 3
17 23
17 27
17 41
18 8
18 0
18 14
18 24
18 26
18 38
18 55
19 16
19 8
19 3
19 57
19 95
20 16
20 10
20 8
20 70
20 84
20 87
20 99
21 6
21 10
21 0
21 25
21 50
21 65
22 3
22 5
22 13
22 39
22 81
23 5
23 17
23 4
23 33
23 45
23 61
23 74
24 6
24 18
24 16
24 74
25 21
25 12
25 9
25 28
26 0
26 18
26 9
26 45
26 71
26 79
27 11
27 5
27 17
27 31
27 51
27 57
28 2
28 25
28 7
28 35
28 73
28 86
28 87
29 15
29 5
29 12
29 30
29 36
29 46
29 56
30 29
30 4
30 6
30 37
30 44
30 48
30 53
31 12
31 0
31 27
31 75
31 88
31 89
32 8
32 9
32 3
32 33
33 1
33 23
33 32
33 41
33 42
33 96
34 0
34 16
34 5
34 54
35 28
35 10
35 12
35 48
36 0
36 8
36 29
36 38
36 52
36 59
36 70
37 9
37 30
37 0
37 42
37 72
37 84
38 1
38 18
38 36
38 40
38 64
39 1
39 4
39 22
39 58
40 6
40 38
40 0
40 47
40 49
40 80
41 17
41 16
41 33
42 37
42 0
42 33
42 78
42 84
42 98
43 0
43 6
43 9
43 49
43 54
43 61
43 66
44 0
44 16
44 30
44 47
44 59
45 26
45 4
45 23
45 54
46 0
46 8
46 29
46 69
47 40
47 44
47 0
48 0
48 30
48 35
48 57
48 60
48 65
48 69
49 2
49 43
49 40
49 60
50 3
50 21
50 13
50 58
51 27
51 3
51 5
52 13
52 9
52 36
52 89
53 30
53 9
53 2
53 66
53 96
54 45
54 34
54 43
54 63
55 18
55 14
55 4
55 62
55 85
55 93
55 98
56 29
56 18
56 5
56 94
57 27
57 48
57 19
58 50
58 9
58 39
58 83
59 36
59 44
59 9
59 83
60 48
60 49
60 0
61 23
61 16
61 43
62 55
62 6
62 12
62 83
62 90
62 96
63 0
63 6
63 54
63 95
64 2
64 0
64 38
64 81
65 1
65 48
65 21
66 43
66 53
66 14
67 0
67 14
67 18
68 9
68 12
68 16
69 46
69 6
69 48
69 78
70 36
70 20
70 2
70 88
71 29
71 26
71 36
71 79
72 48
72 37
72 13
73 5
73 10
73 28
73 77
74 1
74 24
74 23
75 36
75 31
75 5
76 30
76 0
76 7
76 87
76 97
76 98
77 73
77 16
77 14
78 12
78 42
78 69
79 26
79 71
79 13
79 94
80 36
80 29
80 40
80 97
81 22
81 64
81 0
82 30
82 6
82 0
83 62
83 59
83 58
84 20
84 37
84 42
85 48
85 55
85 23
85 99
86 28
86 5
86 0
87 76
87 20
87 28
87 92
88 31
88 0
88 70
88 92
89 31
89 14
89 52
90 62
90 11
90 2
91 5
91 14
91 13
92 4
92 88
92 87
93 2
93 0
93 55
94 56
94 79
94 0
95 18
95 19
95 63
96 62
96 53
96 33
97 76
97 16
97 80
98 42
98 55
98 76
99 7
99 85
99 20
