0 1
1 0
2 0
2 1
3 0
3 2
3 1
4 0
4 2
4 3
5 1
5 2
5 0
6 2
6 1
6 4
7 1
7 2
7 0
8 2
8 0
8 1
9 3
9 2
9 6
10 0
10 9
10 3
11 1
11 0
11 10
12 0
12 1
12 2
13 0
13 11
13 9
14 3
14 5
14 2
15 3
15 2
15 6
16 2
16 1
16 6
17 1
17 0
17 5
18 3
18 2
18 1
19 13
19 2
19 1
20 1
20 2
20 0
21 15
21 16
21 0
22 18
22 0
22 13
23 17
23 6
23 1
24 21
24 17
24 11
25 2
25 0
25 17
26 15
26 0
26 1
27 6
27 1
27 2
28 11
28 0
28 23
29 1
29 0
29 15
30 18
30 2
30 13
31 1
31 12
31 20
32 10
32 17
32 3
33 31
33 24
33 6
34 1
34 0
34 6
35 0
35 13
35 15
36 0
36 25
36 30
37 35
37 33
37 0
38 34
38 25
38 24
39 25
39 30
39 9
40 11
40 13
40 6
41 30
41 36
41 5
42 17
42 27
42 13
43 21
43 22
43 2
44 29
44 18
44 11
45 3
45 33
45 23
46 2
46 14
46 0
47 11
47 1
47 9
48 0
48 9
48 3
49 16
49 23
49 11
50 45
50 36
50 17
51 35
51 27
51 14
52 0
52 40
52 37
53 0
53 13
53 52
54 15
54 0
54 3
55 16
55 41
55 22
56 51
56 26
56 10
57 9
57 15
57 10
58 8
58 37
58 36
59 13
59 0
59 1
60 9
60 32
60 20
61 4
61 24
61 57
62 25
62 51
62 6
63 13
63 11
63 35
64 30
64 52
64 36
65 20
65 51
65 22
66 1
66 57
66 31
67 27
67 8
67 49
68 38
68 17
68 64
69 0
69 6
69 50
70 13
70 16
70 66
71 64
71 25
71 61
72 9
72 18
72 6
73 1
73 33
73 4
74 23
74 63
74 0
75 52
75 16
75 14
76 66
76 46
76 17
77 11
77 67
77 27
78 29
78 3
78 5
79 34
79 29
79 23
80 2
80 14
80 40
81 6
81 34
81 29
82 44
82 2
82 3
83 61
83 62
83 72
84 4
84 36
84 74
85 1
85 6
85 0
86 83
86 6
86 85
87 6
87 25
87 14
88 16
88 13
88 9
89 2
89 6
89 8
90 27
90 3
90 0
91 26
91 52
91 1
92 40
92 80
92 31
93 40
93 0
93 16
94 78
94 76
94 58
95 0
95 23
95 85
96 1
96 13
96 51
97 22
97 29
97 45
98 2
98 9
98 25
99 17
99 34
99 82
100 76
100 88
100 50
101 83
101 33
101 17
102 74
102 51
102 0
103 50
103 40
103 14
104 54
104 32
104 24
105 60
105 3
105 31
106 22
106 33
106 3
107 96
107 100
107 97
108 0
108 29
108 1
109 70
109 57
109 4
110 75
110 70
110 22
111 74
111 15
111 13
112 35
112 44
112 95
113 59
113 17
113 70
114 1
114 99
114 2
115 1
115 3
115 25
116 109
116 53
116 51
117 17
117 16
117 96
118 0
118 31
118 1
119 2
119 16
119 82
120 48
120 8
120 0
121 73
121 85
121 101
122 13
122 116
122 20
123 21
123 11
123 81
124 57
124 38
124 119
125 33
125 90
125 0
126 44
126 9
126 120
127 23
127 30
127 24
128 8
128 68
128 0
129 94
129 109
129 50
130 22
130 67
130 0
131 44
131 78
131 6
132 31
132 124
132 56
133 11
133 4
133 98
134 2
134 68
134 35
135 25
135 31
135 30
136 27
136 6
136 47
137 134
137 125
137 127
138 27
138 88
138 0
139 102
139 8
139 123
140 18
140 4
140 35
141 68
141 36
141 20
142 8
142 74
142 10
143 117
143 11
143 45
144 35
144 0
144 4
145 58
145 0
145 2
146 16
146 56
146 25
147 82
147 60
147 104
148 25
148 11
148 134
149 3
149 9
149 5
150 72
150 14
150 15
151 34
151 10
151 1
152 41
152 53
152 16
153 136
153 62
153 48
154 124
154 3
154 0
155 0
155 134
155 138
156 119
156 112
156 152
157 109
157 26
157 11
158 2
158 141
158 143
159 0
159 8
159 143
160 2
160 41
160 11
161 17
161 79
161 10
162 145
162 148
162 72
163 83
163 131
163 116
164 59
164 1
164 96
165 51
165 129
165 115
166 8
166 74
166 134
167 126
167 33
167 55
168 10
168 24
168 31
169 1
169 39
169 20
170 144
170 160
170 1
171 22
171 13
171 15
172 77
172 10
172 15
173 10
173 156
173 26
174 147
174 96
174 153
175 25
175 6
175 14
176 125
176 27
176 44
177 15
177 14
177 11
178 31
178 119
178 50
179 29
179 121
179 175
180 24
180 0
180 56
181 23
181 84
181 0
182 68
182 0
182 4
183 0
183 51
183 9
184 6
184 168
184 22
185 33
185 164
185 21
186 30
186 135
186 23
187 9
187 148
187 60
188 68
188 123
188 25
189 3
189 116
189 74
190 24
190 2
190 0
191 3
191 6
191 121
192 26
192 68
192 29
193 159
193 0
193 158
194 8
194 67
194 52
195 66
195 38
195 14
196 0
196 25
196 86
197 44
197 122
197 10
198 125
198 134
198 145
199 77
199 69
199 55
200 165
200 99
200 196
201 46
201 77
201 139
202 178
202 46
202 82
203 85
203 8
203 68
204 18
204 51
204 23
205 51
205 2
205 58
206 96
206 15
206 33
207 17
207 121
207 73
208 17
208 16
208 81
209 192
209 96
209 25
210 77
210 7
210 25
211 67
211 123
211 50
212 87
212 176
212 85
213 10
213 8
213 93
214 17
214 133
214 61
215 25
215 14
215 4
216 20
216 128
216 44
217 7
217 50
217 86
218 101
218 30
218 121
219 51
219 43
219 72
220 85
220 1
220 129
221 2
221 23
221 90
222 154
222 52
222 11
223 37
223 0
223 43
224 0
224 44
224 10
225 52
225 105
225 33
226 104
226 191
226 99
227 2
227 196
227 190
228 16
228 121
228 17
229 6
229 25
229 52
230 27
230 1
230 14
231 139
231 8
231 51
232 174
232 70
232 219
233 174
233 210
233 11
234 36
234 14
234 124
235 158
235 33
235 108
236 167
236 9
236 124
237 100
237 73
237 118
238 69
238 90
238 65
239 190
239 33
239 46
240 2
240 4
240 12
241 44
241 72
241 150
242 32
242 8
242 52
243 191
243 18
243 2
244 2
244 109
244 124
245 44
245 33
245 200
246 11
246 27
246 96
247 2
247 179
247 0
248 3
248 247
248 14
249 40
249 69
249 5
250 144
250 110
250 35
251 158
251 230
251 55
252 195
252 183
252 20
253 3
253 188
253 126
254 67
254 74
254 38
255 215
255 129
255 176
256 134
256 109
256 48
257 108
257 129
257 25
258 246
258 41
258 18
259 174
259 30
259 28
260 51
260 109
260 1
261 6
261 147
261 32
262 33
262 36
262 134
263 2
263 14
263 185
264 2
264 214
264 159
265 18
265 112
265 72
266 10
266 48
266 9
267 1
267 141
267 0
268 115
268 239
268 5
269 12
269 25
269 213
270 1
270 82
270 123
271 157
271 141
271 155
272 3
272 28
272 76
273 15
273 74
273 13
274 27
274 174
274 88
275 141
275 147
275 154
276 185
276 11
276 177
277 237
277 129
277 62
278 88
278 57
278 3
279 83
279 45
279 163
280 17
280 0
280 44
281 140
281 102
281 65
282 257
282 132
282 8
283 11
283 173
283 15
284 51
284 136
284 56
285 22
285 11
285 90
286 119
286 76
286 2
287 157
287 70
287 25
288 72
288 110
288 25
289 9
289 3
289 83
290 9
290 96
290 119
291 31
291 81
291 255
292 1
292 136
292 285
293 1
293 167
293 35
294 57
294 33
294 118
295 10
295 167
295 290
296 35
296 213
296 55
297 136
297 283
297 95
298 22
298 119
298 32
299 94
299 298
299 155
300 109
300 174
300 11
301 271
301 114
301 123
302 84
302 63
302 40
303 1
303 290
303 174
304 290
304 0
304 33
305 98
305 72
305 301
306 182
306 62
306 50
307 177
307 9
307 40
308 30
308 172
308 25
309 23
309 262
309 105
310 137
310 153
310 84
311 15
311 166
311 0
312 154
312 182
312 45
313 283
313 185
313 157
314 124
314 5
314 3
315 81
315 27
315 224
316 45
316 102
316 234
317 152
317 211
317 302
318 17
318 10
318 129
319 190
319 8
319 207
320 290
320 22
320 220
321 40
321 52
321 3
322 0
322 124
322 2
323 23
323 91
323 5
324 2
324 291
324 17
325 292
325 174
325 1
326 66
326 26
326 0
327 57
327 129
327 165
328 123
328 68
328 162
329 222
329 8
329 195
330 311
330 151
330 176
331 304
331 29
331 196
332 25
332 17
332 164
333 113
333 199
333 0
334 6
334 17
334 251
335 205
335 11
335 94
336 154
336 51
336 23
337 119
337 195
337 223
338 22
338 139
338 27
339 219
339 297
339 14
340 234
340 0
340 56
341 22
341 206
341 46
342 11
342 251
342 333
343 332
343 57
343 283
344 191
344 9
344 39
345 50
345 27
345 296
346 3
346 91
346 214
347 2
347 57
347 81
348 85
348 307
348 304
349 174
349 52
349 306
350 14
350 213
350 1
351 332
351 132
351 180
352 65
352 11
352 13
353 0
353 1
353 303
354 126
354 31
354 14
355 6
355 27
355 76
356 40
356 290
356 90
357 339
357 167
357 134
358 341
358 2
358 25
359 277
359 3
359 80
360 54
360 127
360 53
361 309
361 154
361 22
362 318
362 2
362 12
363 331
363 267
363 14
364 47
364 57
364 164
365 145
365 258
365 129
366 27
366 112
366 10
367 51
367 221
367 8
368 280
368 105
368 248
369 318
369 173
369 17
370 0
370 321
370 360
371 41
371 7
371 173
372 368
372 81
372 0
373 6
373 144
373 55
374 261
374 283
374 0
375 150
375 327
375 99
376 1
376 39
376 294
377 276
377 116
377 21
378 261
378 18
378 154
379 68
379 17
379 234
380 17
380 134
380 123
381 258
381 308
381 85
382 312
382 124
382 349
383 120
383 236
383 110
384 47
384 104
384 305
385 284
385 33
385 135
386 27
386 196
386 24
387 301
387 259
387 3
388 337
388 17
388 139
389 290
389 387
389 57
390 368
390 2
390 3
391 119
391 116
391 286
392 17
392 234
392 1
393 315
393 381
393 134
394 159
394 239
394 146
395 70
395 149
395 196
396 14
396 234
396 134
397 17
397 290
397 21
398 232
398 9
398 3
399 197
399 24
399 332
400 1
400 0
400 45
401 2
401 174
401 318
402 386
402 16
402 31
403 84
403 143
403 400
404 384
404 17
404 104
405 101
405 123
405 69
406 157
406 24
406 127
407 18
407 368
407 290
408 83
408 74
408 33
409 33
409 6
409 306
410 42
410 129
410 36
411 57
411 92
411 162
412 112
412 30
412 368
413 344
413 389
413 283
414 386
414 37
414 2
415 40
415 1
415 38
416 9
416 333
416 358
417 345
417 236
417 17
418 73
418 64
418 6
419 1
419 384
419 323
420 399
420 33
420 146
421 70
421 283
421 16
422 363
422 294
422 8
423 143
423 23
423 17
424 51
424 404
424 221
425 177
425 320
425 15
426 15
426 0
426 84
427 11
427 403
427 0
428 70
428 18
428 219
429 54
429 371
429 268
430 126
430 344
430 28
431 116
431 430
431 107
432 98
432 27
432 11
433 400
433 0
433 65
434 134
434 338
434 6
435 198
435 0
435 322
436 371
436 6
436 2
437 0
437 120
437 46
438 52
438 4
438 373
439 278
439 51
439 83
440 91
440 371
440 297
441 418
441 83
441 16
442 171
442 173
442 431
443 164
443 3
443 290
444 232
444 420
444 375
445 28
445 251
445 335
446 123
446 1
446 263
447 49
447 275
447 330
448 184
448 174
448 160
449 50
449 16
449 261
450 17
450 55
450 50
451 372
451 57
451 26
452 36
452 45
452 179
453 150
453 3
453 238
454 1
454 150
454 24
455 66
455 34
455 68
456 251
456 155
456 59
457 251
457 29
457 360
458 418
458 134
458 237
459 243
459 396
459 24
460 23
460 29
460 158
461 15
461 48
461 319
462 381
462 412
462 4
463 226
463 11
463 251
464 368
464 23
464 342
465 9
465 1
465 27
466 7
466 131
466 290
467 348
467 331
467 1
468 461
468 404
468 417
469 75
469 251
469 3
470 461
470 126
470 228
471 55
471 155
471 122
472 222
472 119
472 102
473 6
473 238
473 92
474 264
474 210
474 45
475 1
475 12
475 177
476 226
476 1
476 440
477 332
477 25
477 284
478 0
478 348
478 364
479 124
479 17
479 50
480 414
480 450
480 302
481 194
481 2
481 227
482 246
482 255
482 191
483 11
483 351
483 409
484 282
484 0
484 60
485 473
485 121
485 22
486 116
486 227
486 247
487 1
487 116
487 483
488 63
488 30
488 33
489 74
489 177
489 195
490 36
490 193
490 51
491 28
491 34
491 235
492 408
492 263
492 27
493 123
493 68
493 64
494 1
494 82
494 30
495 236
495 444
495 104
496 281
496 8
496 0
497 109
497 299
497 274
498 272
498 439
498 45
499 52
499 378
499 18
500 321
500 51
500 267
501 282
501 134
501 240
502 134
502 9
502 63
503 37
503 91
503 81
504 0
504 306
504 73
505 141
505 13
505 217
506 108
506 3
506 463
507 110
507 212
507 17
508 216
508 396
508 51
509 427
509 289
509 87
510 304
510 6
510 173
511 200
511 72
511 14
512 203
512 362
512 118
513 157
513 2
513 256
514 9
514 0
514 1
515 330
515 15
515 68
516 33
516 56
516 264
517 409
517 226
517 72
518 304
518 290
518 321
519 3
519 337
519 99
520 298
520 13
520 69
521 62
521 26
521 6
522 28
522 514
522 3
523 291
523 52
523 478
524 34
524 104
524 489
525 88
525 148
525 114
526 56
526 307
526 24
527 6
527 232
527 226
528 187
528 8
528 491
529 329
529 295
529 252
530 54
530 0
530 83
531 16
531 332
531 2
532 166
532 482
532 412
533 50
533 11
533 104
534 234
534 46
534 304
535 104
535 10
535 326
536 320
536 220
536 444
537 249
537 23
537 522
538 534
538 93
538 290
539 505
539 52
539 218
540 208
540 34
540 306
541 534
541 88
541 77
542 418
542 190
542 11
543 10
543 347
543 0
544 474
544 184
544 1
545 283
545 3
545 1
546 306
546 0
546 117
547 467
547 25
547 1
548 34
548 174
548 15
549 17
549 81
549 528
550 245
550 155
550 176
551 1
551 310
551 123
552 462
552 362
552 529
553 0
553 16
553 1
554 9
554 136
554 441
555 174
555 117
555 74
556 22
556 482
556 292
557 244
557 96
557 112
558 144
558 486
558 165
559 11
559 319
559 485
560 52
560 213
560 108
561 243
561 2
561 78
562 43
562 85
562 258
563 1
563 2
563 348
564 367
564 308
564 61
565 310
565 10
565 48
566 23
566 525
566 532
567 428
567 239
567 134
568 422
568 96
568 44
569 105
569 226
569 72
570 342
570 74
570 37
571 43
571 425
571 0
572 213
572 14
572 23
573 82
573 234
573 335
574 10
574 36
574 52
575 2
575 206
575 121
576 100
576 46
576 534
577 34
577 12
577 53
578 139
578 138
578 99
579 467
579 262
579 27
580 11
580 22
580 134
581 135
581 54
581 2
582 533
582 0
582 20
583 554
583 352
583 419
584 134
584 3
584 569
585 238
585 11
585 154
586 381
586 1
586 91
587 72
587 54
587 17
588 121
588 186
588 108
589 253
589 5
589 246
590 18
590 184
590 257
591 260
591 420
591 314
592 528
592 21
592 294
593 299
593 261
593 186
594 540
594 84
594 198
595 35
595 226
595 48
596 535
596 35
596 40
597 533
597 474
597 3
598 21
598 85
598 227
599 11
599 85
599 136
600 582
600 27
600 223
601 119
601 32
601 490
602 106
602 76
602 160
603 327
603 25
603 2
604 52
604 5
604 99
605 474
605 359
605 371
606 44
606 466
606 145
607 5
607 295
607 332
608 154
608 20
608 99
609 277
609 492
609 462
610 125
610 3
610 180
611 35
611 134
611 124
612 549
612 22
612 15
613 549
613 381
613 0
614 418
614 37
614 561
615 25
615 411
615 528
616 386
616 41
616 45
617 452
617 55
617 134
618 455
618 33
618 90
619 24
619 22
619 0
620 105
620 125
620 558
621 10
621 6
621 382
622 559
622 492
622 72
623 11
623 303
623 8
624 500
624 190
624 47
625 288
625 183
625 54
626 331
626 393
626 568
627 260
627 342
627 0
628 587
628 285
628 17
629 310
629 2
629 457
630 358
630 0
630 9
631 559
631 239
631 212
632 6
632 0
632 437
633 484
633 0
633 138
634 452
634 96
634 116
635 124
635 51
635 389
636 117
636 70
636 127
637 12
637 167
637 168
638 23
638 223
638 283
639 418
639 23
639 4
640 11
640 69
640 319
641 139
641 199
641 338
642 2
642 171
642 250
643 134
643 24
643 25
644 464
644 339
644 295
645 539
645 83
645 134
646 439
646 51
646 470
647 222
647 14
647 9
648 109
648 634
648 265
649 561
649 249
649 563
650 505
650 501
650 13
651 81
651 632
651 314
652 22
652 62
652 117
653 26
653 51
653 226
654 134
654 25
654 589
655 6
655 488
655 64
656 134
656 205
656 303
657 581
657 99
657 565
658 337
658 312
658 2
659 166
659 14
659 107
660 482
660 517
660 232
661 190
661 109
661 657
662 568
662 384
662 575
663 290
663 239
663 129
664 481
664 493
664 138
665 354
665 67
665 142
666 107
666 384
666 23
667 109
667 17
667 213
668 307
668 74
668 210
669 457
669 617
669 14
670 599
670 327
670 580
671 2
671 228
671 52
672 1
672 26
672 191
673 172
673 327
673 586
674 289
674 40
674 599
675 23
675 443
675 501
676 268
676 492
676 193
677 62
677 256
677 2
678 554
678 184
678 625
679 13
679 134
679 368
680 117
680 304
680 439
681 117
681 337
681 512
682 630
682 526
682 102
683 50
683 144
683 634
684 27
684 72
684 677
685 551
685 26
685 413
686 3
686 57
686 68
687 195
687 124
687 652
688 135
688 61
688 58
689 218
689 628
689 1
690 28
690 51
690 486
691 217
691 2
691 405
692 391
692 571
692 23
693 608
693 411
693 291
694 396
694 670
694 447
695 134
695 549
695 429
696 582
696 119
696 446
697 384
697 685
697 1
698 434
698 82
698 105
699 106
699 191
699 136
700 114
700 33
700 134
701 25
701 248
701 162
702 33
702 522
702 697
703 481
703 0
703 43
704 326
704 75
704 529
705 545
705 220
705 27
706 332
706 70
706 134
707 143
707 139
707 463
708 27
708 481
708 10
709 105
709 3
709 157
710 569
710 11
710 596
711 81
711 282
711 344
712 69
712 11
712 195
713 505
713 48
713 475
714 667
714 401
714 5
715 124
715 105
715 154
716 25
716 23
716 472
717 15
717 56
717 0
718 160
718 148
718 27
719 102
719 190
719 392
720 381
720 673
720 10
721 639
721 569
721 143
722 558
722 306
722 51
723 3
723 177
723 72
724 20
724 15
724 302
725 571
725 651
725 312
726 216
726 559
726 85
727 425
727 634
727 158
728 35
728 36
728 84
729 476
729 583
729 404
730 683
730 517
730 694
731 475
731 119
731 693
732 36
732 131
732 108
733 277
733 208
733 632
734 167
734 56
734 17
735 51
735 295
735 91
736 167
736 173
736 477
737 170
737 141
737 3
738 66
738 174
738 136
739 44
739 367
739 317
740 148
740 376
740 56
741 391
741 142
741 304
742 515
742 66
742 358
743 50
743 51
743 2
744 46
744 492
744 446
745 415
745 469
745 51
746 304
746 93
746 258
747 0
747 554
747 523
748 87
748 153
748 40
749 105
749 45
749 129
750 244
750 736
750 593
751 9
751 404
751 52
752 154
752 55
752 402
753 349
753 67
753 70
754 416
754 298
754 575
755 0
755 271
755 52
756 16
756 141
756 2
757 419
757 173
757 23
758 1
758 733
758 753
759 499
759 108
759 21
760 364
760 212
760 222
761 15
761 384
761 461
762 1
762 17
762 221
763 688
763 52
763 532
764 30
764 136
764 1
765 467
765 138
765 512
766 196
766 573
766 2
767 418
767 29
767 51
768 44
768 398
768 141
769 692
769 13
769 322
770 139
770 249
770 415
771 11
771 141
771 224
772 180
772 196
772 228
773 675
773 78
773 668
774 706
774 28
774 560
775 510
775 154
775 129
776 192
776 537
776 358
777 138
777 332
777 692
778 707
778 322
778 255
779 78
779 339
779 174
780 17
780 554
780 110
781 770
781 154
781 117
782 44
782 536
782 265
783 11
783 546
783 585
784 184
784 17
784 658
785 34
785 306
785 27
786 6
786 235
786 560
787 541
787 335
787 1
788 75
788 688
788 34
789 318
789 728
789 120
790 17
790 513
790 234
791 376
791 533
791 333
792 727
792 669
792 610
793 375
793 527
793 25
794 109
794 375
794 24
795 359
795 228
795 173
796 764
796 329
796 366
797 206
797 55
797 50
798 428
798 594
798 125
799 388
799 25
799 40
800 330
800 35
800 542
801 361
801 3
801 227
802 51
802 293
802 590
803 594
803 122
803 311
804 257
804 503
804 602
805 17
805 53
805 110
806 16
806 174
806 743
807 560
807 562
807 290
808 643
808 50
808 360
809 504
809 464
809 1
810 52
810 245
810 283
811 256
811 129
811 117
812 456
812 511
812 771
813 589
813 368
813 88
814 116
814 51
814 11
815 767
815 246
815 37
816 375
816 498
816 96
817 208
817 283
817 22
818 579
818 588
818 0
819 45
819 530
819 473
820 458
820 283
820 255
821 243
821 493
821 248
822 0
822 567
822 11
823 56
823 114
823 687
824 0
824 557
824 686
825 349
825 226
825 697
826 743
826 314
826 596
827 492
827 771
827 501
828 52
828 416
828 37
829 453
829 546
829 190
830 65
830 302
830 662
831 332
831 16
831 27
832 765
832 282
832 495
833 16
833 91
833 311
834 415
834 356
834 486
835 16
835 44
835 231
836 599
836 23
836 809
837 790
837 18
837 53
838 480
838 75
838 129
839 587
839 29
839 124
840 741
840 190
840 670
841 70
841 78
841 522
842 36
842 1
842 108
843 378
843 158
843 77
844 11
844 629
844 456
845 2
845 53
845 0
846 2
846 524
846 101
847 143
847 88
847 83
848 721
848 370
848 557
849 597
849 0
849 196
850 848
850 2
850 170
851 54
851 433
851 410
852 245
852 73
852 96
853 18
853 459
853 161
854 47
854 539
854 822
855 39
855 847
855 548
856 246
856 636
856 146
857 2
857 524
857 17
858 548
858 432
858 118
859 273
859 122
859 3
860 836
860 109
860 398
861 0
861 462
861 474
862 154
862 642
862 24
863 694
863 174
863 150
864 78
864 10
864 788
865 5
865 29
865 75
866 11
866 461
866 18
867 504
867 282
867 291
868 756
868 391
868 465
869 124
869 3
869 569
870 157
870 713
870 196
871 501
871 171
871 346
872 11
872 290
872 294
873 722
873 37
873 50
874 442
874 659
874 430
875 602
875 350
875 246
876 282
876 447
876 290
877 83
877 253
877 31
878 57
878 358
878 136
879 1
879 647
879 250
880 840
880 51
880 103
881 415
881 516
881 538
882 158
882 572
882 5
883 14
883 442
883 48
884 416
884 628
884 368
885 602
885 51
885 826
886 774
886 25
886 3
887 86
887 489
887 271
888 266
888 0
888 54
889 116
889 723
889 801
890 368
890 166
890 867
891 279
891 34
891 47
892 791
892 3
892 660
893 538
893 80
893 103
894 281
894 420
894 11
895 159
895 696
895 142
896 242
896 505
896 368
897 856
897 16
897 191
898 65
898 453
898 866
899 254
899 358
899 615
900 151
900 6
900 173
901 1
901 27
901 523
902 3
902 571
902 195
903 262
903 388
903 676
904 290
904 646
904 15
905 248
905 189
905 800
906 14
906 38
906 629
907 843
907 358
907 190
908 655
908 12
908 555
909 131
909 332
909 808
910 329
910 660
910 63
911 473
911 419
911 310
912 22
912 792
912 179
913 881
913 226
913 573
914 228
914 831
914 302
915 701
915 34
915 94
916 9
916 118
916 326
917 3
917 0
917 1
918 595
918 33
918 575
919 31
919 910
919 17
920 196
920 288
920 32
921 8
921 294
921 191
922 407
922 296
922 816
923 517
923 878
923 26
924 692
924 90
924 293
925 413
925 325
925 208
926 26
926 304
926 389
927 643
927 864
927 844
928 27
928 562
928 536
929 218
929 45
929 10
930 178
930 121
930 836
931 20
931 340
931 72
932 639
932 924
932 18
933 223
933 840
933 349
934 84
934 119
934 344
935 13
935 57
935 516
936 48
936 300
936 319
937 17
937 748
937 136
938 154
938 119
938 327
939 11
939 171
939 2
940 27
940 308
940 719
941 72
941 222
941 346
942 96
942 9
942 1
943 4
943 649
943 240
944 388
944 45
944 311
945 14
945 78
945 16
946 935
946 638
946 881
947 0
947 126
947 587
948 22
948 80
948 661
949 381
949 223
949 258
950 51
950 164
950 25
951 6
951 599
951 81
952 74
952 9
952 875
953 745
953 9
953 821
954 118
954 521
954 96
955 619
955 559
955 598
956 141
956 534
956 53
957 8
957 371
957 124
958 33
958 392
958 937
959 647
959 167
959 884
960 67
960 312
960 448
961 174
961 190
961 176
962 462
962 674
962 405
963 352
963 607
963 20
964 104
964 2
964 4
965 33
965 513
965 127
966 266
966 358
966 640
967 23
967 368
967 561
968 887
968 120
968 10
969 155
969 33
969 56
970 537
970 31
970 906
971 33
971 28
971 615
972 15
972 551
972 11
973 339
973 643
973 88
974 523
974 41
974 262
975 936
975 704
975 20
976 602
976 11
976 342
977 17
977 451
977 918
978 11
978 46
978 57
979 85
979 350
979 437
980 46
980 87
980 35
981 290
981 241
981 603
982 494
982 2
982 67
983 270
983 220
983 17
984 930
984 117
984 329
985 671
985 387
985 385
986 554
986 310
986 28
987 285
987 405
987 903
988 536
988 31
988 11
989 17
989 179
989 513
990 287
990 96
990 432
991 80
991 11
991 459
992 881
992 272
992 45
993 12
993 530
993 372
994 187
994 978
994 21
995 70
995 257
995 862
996 165
996 287
996 234
997 334
997 173
997 329
998 16
998 93
998 261
999 690
999 990
999 282
