0 1
0 2
0 3
0 4
1 0
1 2
1 3
1 4
2 1
2 0
2 3
2 5
3 1
3 2
3 0
3 4
4 0
4 3
4 1
4 5
5 2
5 0
5 4
5 7
6 3
6 0
6 4
6 9
7 5
7 4
7 2
7 22
8 3
8 0
8 4
9 6
9 5
9 3
9 18
10 3
10 4
10 2
10 71
11 4
11 0
11 3
11 17
12 3
12 5
12 0
12 19
13 4
13 1
13 3
13 15
14 5
14 4
14 3
14 24
15 3
15 13
15 4
15 30
16 5
16 3
16 13
16 21
17 11
17 6
17 1
17 24
18 4
18 9
18 6
18 20
19 11
19 12
19 5
19 31
20 0
20 1
20 18
20 70
21 16
21 9
21 3
21 46
22 9
22 7
22 1
22 31
23 3
23 0
23 7
23 26
24 14
24 5
24 17
24 29
25 0
25 4
25 13
25 28
26 1
26 23
26 5
26 37
27 4
27 5
27 3
27 44
28 4
28 25
28 13
28 76
29 24
29 6
29 17
29 35
30 15
30 5
30 4
30 86
31 19
31 22
31 1
31 81
32 19
32 25
32 18
32 54
33 5
33 18
33 0
33 37
34 7
34 3
34 14
34 101
35 3
35 1
35 29
35 165
36 22
36 7
36 1
36 116
37 1
37 33
37 26
37 39
38 26
38 4
38 0
38 47
39 37
39 23
39 0
39 44
40 1
40 0
40 4
40 67
41 19
41 4
41 6
41 175
42 25
42 14
42 4
42 44
43 26
43 4
43 22
43 181
44 27
44 39
44 42
44 45
45 25
45 44
45 12
45 67
46 29
46 5
46 21
46 50
47 38
47 0
47 17
47 98
48 9
48 17
48 4
49 9
49 2
49 37
49 61
50 46
50 0
50 29
50 124
51 15
51 1
51 23
51 56
52 12
52 19
52 27
52 103
53 23
53 4
53 26
53 150
54 32
54 2
54 23
54 62
55 5
55 15
55 42
55 57
56 37
56 51
56 23
56 106
57 19
57 55
57 0
57 95
58 33
58 15
58 51
58 70
59 11
59 26
59 14
59 64
60 7
60 0
60 1
60 89
61 1
61 4
61 49
61 79
62 6
62 54
62 39
62 183
63 51
63 13
63 6
63 296
64 15
64 16
64 59
64 73
65 19
65 13
65 26
65 279
66 38
66 1
66 2
66 134
67 5
67 45
67 40
67 81
68 1
68 11
68 29
68 122
69 3
69 42
69 32
69 71
70 14
70 58
70 20
70 104
71 69
71 22
71 10
71 242
72 1
72 40
72 54
72 99
73 45
73 46
73 64
73 79
74 27
74 7
74 46
74 85
75 0
75 25
75 27
75 814
76 4
76 28
76 3
76 78
77 33
77 12
77 2
77 93
78 42
78 76
78 1
78 83
79 61
79 23
79 73
79 109
80 9
80 6
80 54
80 84
81 31
81 3
81 67
81 119
82 18
82 0
82 1
82 83
83 82
83 78
83 5
83 96
84 80
84 1
84 0
84 85
85 84
85 74
85 82
85 148
86 30
86 5
86 13
86 223
87 42
87 23
87 58
87 273
88 30
88 13
88 6
89 60
89 76
89 1
89 294
90 38
90 39
90 4
91 33
91 67
91 25
91 126
92 15
92 3
92 12
92 245
93 25
93 17
93 77
93 195
94 11
94 2
94 26
94 305
95 32
95 57
95 23
95 255
96 83
96 23
96 61
96 378
97 40
97 27
97 5
97 508
98 21
98 67
98 47
98 130
99 19
99 72
99 46
99 110
100 21
100 67
100 17
100 133
101 5
101 67
101 34
101 107
102 42
102 58
102 61
102 431
103 60
103 3
103 52
103 173
104 70
104 73
104 39
104 385
105 0
105 42
105 54
105 109
106 0
106 56
106 22
106 178
107 3
107 101
107 23
107 154
108 51
108 40
108 4
108 265
109 79
109 34
109 105
109 208
110 6
110 99
110 1
110 170
111 3
111 21
111 34
111 296
112 23
112 67
112 21
112 735
113 7
113 33
113 0
114 29
114 32
114 78
114 118
115 7
115 2
115 38
115 146
116 47
116 9
116 36
116 207
117 3
117 1
117 2
117 338
118 11
118 114
118 34
118 136
119 10
119 21
119 81
119 478
120 80
120 64
120 7
120 134
121 67
121 79
121 52
121 168
122 68
122 44
122 20
122 190
123 54
123 39
123 5
123 160
124 1
124 33
124 50
124 230
125 46
125 6
125 67
125 167
126 34
126 76
126 91
126 182
127 12
127 47
127 6
127 304
128 46
128 0
128 52
128 153
129 58
129 33
129 84
129 158
130 98
130 19
130 9
130 144
131 4
131 114
131 68
131 139
132 0
132 56
132 5
132 188
133 31
133 100
133 45
133 135
134 66
134 120
134 23
134 142
135 66
135 133
135 46
135 456
136 39
136 33
136 118
136 139
137 4
137 22
137 33
137 206
138 38
138 0
138 4
138 498
139 6
139 131
139 136
139 579
140 54
140 25
140 0
140 142
141 49
141 77
141 2
141 182
142 140
142 134
142 3
142 154
143 101
143 47
143 1
143 249
144 133
144 130
144 91
144 286
145 7
145 26
145 47
145 849
146 57
146 115
146 47
146 248
147 15
147 140
147 30
147 156
148 85
148 134
148 13
148 176
149 30
149 3
149 44
149 221
150 53
150 4
150 54
150 158
151 4
151 3
151 45
151 177
152 23
152 3
152 49
152 205
153 91
153 128
153 47
154 142
154 107
154 69
154 308
155 3
155 0
155 2
155 163
156 33
156 147
156 22
156 550
157 147
157 68
157 142
158 46
158 129
158 150
158 227
159 84
159 9
159 32
159 171
160 123
160 24
160 10
160 557
161 38
161 74
161 22
162 14
162 47
162 42
162 194
163 134
163 155
163 23
163 205
164 34
164 26
164 40
164 211
165 35
165 24
165 61
166 26
166 19
166 33
167 73
167 125
167 67
167 643
168 121
168 5
168 134
168 176
169 123
169 23
169 1
169 267
170 54
170 110
170 10
170 522
171 159
171 74
171 0
171 173
172 0
172 134
172 99
172 344
173 103
173 128
173 171
173 180
174 0
174 125
174 100
174 218
175 41
175 101
175 129
175 274
176 37
176 148
176 168
176 180
177 151
177 103
177 41
177 349
178 106
178 33
178 101
178 311
179 22
179 31
179 9
179 238
180 173
180 176
180 4
180 200
181 176
181 43
181 2
181 193
182 141
182 101
182 126
182 229
183 55
183 23
183 62
183 260
184 1
184 26
184 3
184 186
185 17
185 18
185 60
185 757
186 184
186 60
186 40
186 315
187 52
187 0
187 125
187 235
188 42
188 132
188 58
188 230
189 32
189 23
189 1
189 506
190 3
190 122
190 17
190 319
191 31
191 142
191 1
191 226
192 10
192 21
192 47
192 335
193 181
193 40
193 1
194 14
194 18
194 162
194 199
195 93
195 23
195 24
195 268
196 110
196 150
196 128
197 5
197 4
197 129
198 5
198 168
198 25
198 219
199 0
199 194
199 82
199 215
200 4
200 93
200 180
200 770
201 10
201 134
201 54
201 360
202 173
202 45
202 3
202 448
203 5
203 150
203 148
203 210
204 18
204 15
204 173
204 208
205 163
205 101
205 152
205 221
206 137
206 58
206 42
207 116
207 4
207 6
207 269
208 109
208 106
208 204
208 487
209 2
209 116
209 1
209 367
210 203
210 58
210 7
210 294
211 164
211 173
211 19
211 580
212 44
212 9
212 13
212 480
213 26
213 123
213 9
213 835
214 0
214 30
214 3
214 494
215 199
215 0
215 6
215 373
216 80
216 93
216 110
216 274
217 173
217 128
217 4
218 174
218 6
218 25
218 714
219 66
219 198
219 123
219 259
220 5
220 125
220 64
220 466
221 205
221 163
221 149
221 278
222 38
222 123
222 34
222 612
223 103
223 25
223 86
223 270
224 5
224 12
224 129
224 328
225 168
225 83
225 150
225 291
226 4
226 80
226 191
226 416
227 199
227 173
227 158
227 295
228 35
228 79
228 83
228 616
229 91
229 182
229 72
229 270
230 0
230 188
230 124
230 252
231 4
231 32
231 34
231 387
232 134
232 68
232 46
232 947
233 10
233 194
233 21
233 594
234 168
234 99
234 109
234 252
235 0
235 187
235 22
236 164
236 38
236 28
236 259
237 152
237 51
237 2
237 271
238 179
238 4
238 152
238 828
239 103
239 203
239 46
239 421
240 134
240 137
240 85
240 314
241 129
241 18
241 4
241 394
242 62
242 107
242 71
242 303
243 31
243 39
243 136
243 260
244 129
244 35
244 23
244 333
245 92
245 0
245 17
245 313
246 4
246 109
246 122
246 369
247 3
247 24
247 114
247 585
248 146
248 46
248 70
248 268
249 162
249 38
249 143
249 856
250 6
250 181
250 151
250 329
251 39
251 3
251 147
251 322
252 234
252 1
252 230
252 266
253 45
253 230
253 187
253 453
254 126
254 6
254 31
254 360
255 194
255 6
255 95
255 447
256 83
256 56
256 64
256 457
257 82
257 18
257 24
257 301
258 28
258 64
258 39
258 572
259 236
259 103
259 219
259 330
260 243
260 183
260 33
260 394
261 0
261 58
261 22
261 334
262 126
262 51
262 26
262 668
263 136
263 73
263 28
263 647
264 25
264 29
264 67
264 417
265 129
265 108
265 95
265 365
266 252
266 72
266 234
266 354
267 169
267 10
267 26
267 287
268 248
268 195
268 17
268 285
269 207
269 101
269 44
269 380
270 46
270 223
270 229
271 68
271 237
271 148
271 283
272 230
272 26
272 199
273 142
273 87
273 54
273 504
274 175
274 243
274 216
274 285
275 5
275 2
275 16
275 684
276 40
276 4
276 12
276 537
277 1
277 31
277 58
277 475
278 0
278 54
278 221
278 431
279 1
279 195
279 65
279 340
280 61
280 20
280 65
280 306
281 38
281 173
281 31
282 12
282 38
282 129
282 283
283 282
283 22
283 271
283 334
284 9
284 58
284 31
284 514
285 274
285 268
285 116
285 287
286 14
286 140
286 144
286 530
287 110
287 285
287 267
287 440
288 2
288 229
288 230
288 291
289 252
289 17
289 9
289 295
290 23
290 155
290 92
290 316
291 27
291 225
291 288
291 322
292 37
292 116
292 4
292 503
293 69
293 101
293 271
293 294
294 89
294 210
294 293
294 611
295 68
295 227
295 289
295 445
296 12
296 111
296 63
296 385
297 23
297 5
297 18
297 328
298 3
298 0
298 173
298 368
299 39
299 136
299 195
299 317
300 68
300 26
300 47
300 308
301 248
301 20
301 257
301 508
302 118
302 207
302 28
303 242
303 23
303 17
303 334
304 127
304 191
304 198
304 829
305 94
305 198
305 174
305 489
306 23
306 4
306 280
306 330
307 86
307 39
307 12
307 337
308 118
308 300
308 154
308 560
309 37
309 230
309 4
309 587
310 68
310 2
310 30
311 178
311 4
311 100
311 485
312 127
312 163
312 72
313 245
313 4
313 86
313 456
314 128
314 240
314 35
314 687
315 186
315 42
315 154
315 582
316 44
316 25
316 290
317 60
317 50
317 299
317 713
318 73
318 225
318 4
318 625
319 1
319 171
319 190
319 817
320 76
320 168
320 41
320 370
321 32
321 110
321 84
321 361
322 130
322 291
322 251
322 412
323 7
323 140
323 240
323 345
324 68
324 168
324 4
324 423
325 56
325 69
325 72
325 787
326 51
326 173
326 22
326 760
327 5
327 17
327 43
327 414
328 224
328 3
328 297
329 250
329 101
329 62
329 388
330 259
330 150
330 306
330 375
331 25
331 3
331 227
331 333
332 5
332 132
332 84
332 565
333 31
333 244
333 331
333 406
334 303
334 283
334 261
334 380
335 194
335 192
335 163
335 502
336 240
336 285
336 34
337 182
337 307
337 3
337 402
338 117
338 131
338 5
338 447
339 1
339 91
339 73
339 677
340 58
340 307
340 279
340 511
341 5
341 224
341 18
341 349
342 282
342 37
342 194
342 370
343 40
343 47
343 271
344 73
344 34
344 172
344 785
345 323
345 76
345 92
345 504
346 243
346 148
346 5
346 360
347 86
347 9
347 66
348 38
348 47
348 42
348 373
349 52
349 177
349 341
349 428
350 1
350 84
350 65
351 163
351 39
351 20
351 913
352 70
352 3
352 122
352 403
353 87
353 38
353 17
353 491
354 266
354 11
354 47
354 467
355 124
355 0
355 282
355 404
356 3
356 110
356 45
356 532
357 18
357 22
357 42
357 435
358 205
358 46
358 3
358 667
359 91
359 44
359 289
359 414
360 201
360 346
360 254
360 397
361 5
361 28
361 321
361 421
362 94
362 4
362 198
363 68
363 41
363 147
363 370
364 35
364 110
364 3
364 616
365 77
365 265
365 40
366 21
366 162
366 106
366 482
367 79
367 209
367 80
367 814
368 261
368 298
368 164
368 420
369 246
369 101
369 6
369 401
370 320
370 363
370 342
370 446
371 46
371 3
371 207
371 386
372 60
372 40
372 87
372 420
373 2
373 348
373 215
373 932
374 158
374 205
374 4
374 429
375 25
375 178
375 330
375 911
376 47
376 69
376 140
376 410
377 331
377 99
377 173
377 838
378 4
378 21
378 96
378 752
379 32
379 106
379 61
379 515
380 269
380 23
380 334
380 398
381 225
381 38
381 168
381 531
382 1
382 13
382 21
382 673
383 1
383 67
383 291
383 401
384 124
384 43
384 323
384 810
385 296
385 104
385 134
385 470
386 271
386 371
386 25
386 680
387 231
387 194
387 69
388 329
388 73
388 134
388 558
389 32
389 67
389 68
389 390
390 23
390 134
390 389
390 418
391 116
391 334
391 128
391 443
392 26
392 92
392 103
392 460
393 0
393 38
393 69
393 520
394 241
394 38
394 260
394 512
395 61
395 67
395 219
395 977
396 63
396 298
396 0
396 794
397 360
397 346
397 173
397 492
398 169
398 380
398 80
398 550
399 56
399 17
399 16
400 54
400 69
400 27
400 477
401 383
401 369
401 243
402 159
402 337
402 62
403 68
403 352
403 38
403 616
404 92
404 355
404 300
404 511
405 109
405 186
405 80
405 497
406 230
406 333
406 37
406 584
407 79
407 221
407 268
408 123
408 69
408 0
408 878
409 43
409 68
409 52
409 426
410 28
410 4
410 376
410 658
411 389
411 291
411 35
412 322
412 3
412 6
412 523
413 117
413 52
413 223
413 738
414 5
414 327
414 359
414 536
415 376
415 186
415 24
415 703
416 204
416 226
416 151
416 533
417 72
417 3
417 264
417 418
418 40
418 390
418 417
419 290
419 140
419 234
419 476
420 368
420 372
420 300
420 448
421 123
421 239
421 361
421 783
422 268
422 7
422 13
422 496
423 18
423 324
423 352
423 460
424 259
424 89
424 18
424 665
425 3
425 23
425 25
426 409
426 173
426 300
426 538
427 5
427 82
427 123
428 349
428 1
428 78
428 432
429 374
429 64
429 4
429 454
430 54
430 243
430 283
431 278
431 102
431 72
431 622
432 376
432 428
432 23
432 505
433 23
433 106
433 123
433 575
434 116
434 52
434 409
434 566
435 101
435 357
435 306
435 549
436 14
436 62
436 5
436 695
437 260
437 42
437 91
437 460
438 146
438 254
438 19
438 547
439 324
439 50
439 346
439 539
440 250
440 66
440 287
440 666
441 428
441 24
441 32
441 507
442 428
442 1
442 121
443 391
443 47
443 174
443 639
444 42
444 76
444 417
445 295
445 4
445 5
445 635
446 195
446 390
446 370
446 497
447 338
447 255
447 229
447 454
448 202
448 13
448 420
448 513
449 126
449 348
449 4
449 484
450 245
450 164
450 22
450 675
451 168
451 191
451 6
451 812
452 207
452 183
452 198
452 613
453 13
453 252
453 253
454 40
454 447
454 429
454 849
455 158
455 128
455 14
455 486
456 341
456 313
456 135
456 662
457 186
457 254
457 256
457 642
458 22
458 2
458 282
459 68
459 307
459 36
459 821
460 423
460 392
460 437
460 826
461 103
461 184
461 39
462 4
462 2
462 56
462 879
463 143
463 141
463 181
464 225
464 74
464 5
464 737
465 22
465 84
465 106
465 474
466 271
466 220
466 142
466 617
467 6
467 224
467 354
467 609
468 39
468 21
468 151
468 475
469 372
469 236
469 23
469 481
470 169
470 385
470 181
470 574
471 230
471 68
471 5
471 893
472 46
472 146
472 333
473 129
473 1
473 423
473 650
474 66
474 4
474 465
474 513
475 277
475 468
475 84
475 544
476 278
476 19
476 419
477 43
477 400
477 168
478 33
478 119
478 173
478 636
479 2
479 49
479 38
479 515
480 101
480 349
480 212
480 509
481 469
481 254
481 248
482 42
482 366
482 72
482 864
483 437
483 66
483 268
484 449
484 468
484 0
484 584
485 311
485 66
485 296
485 507
486 455
486 9
486 1
486 518
487 72
487 324
487 208
487 905
488 46
488 100
488 15
489 428
489 2
489 305
490 417
490 5
490 293
491 13
491 182
491 353
491 727
492 323
492 397
492 0
493 4
493 253
493 89
494 447
494 214
494 385
494 989
495 159
495 368
495 380
496 22
496 422
496 291
497 405
497 446
497 38
497 656
498 69
498 5
498 138
498 596
499 39
499 9
499 429
500 268
500 29
500 1
500 619
501 180
501 87
501 3
501 818
502 0
502 93
502 335
502 506
503 278
503 292
503 125
503 534
504 273
504 35
504 345
504 639
505 38
505 374
505 432
505 621
506 502
506 189
506 64
506 625
507 131
507 485
507 441
508 4
508 301
508 97
508 676
509 480
509 219
509 360
509 839
510 73
510 14
510 136
510 591
511 404
511 340
511 13
511 610
512 268
512 110
512 394
512 569
513 474
513 76
513 448
514 284
514 120
514 205
514 570
515 479
515 7
515 379
515 689
516 79
516 23
516 240
516 657
517 49
517 56
517 78
517 680
518 486
518 437
518 190
518 907
519 245
519 30
519 223
520 107
520 354
520 393
520 737
521 28
521 6
521 147
522 170
522 226
522 37
523 78
523 412
523 4
523 628
524 15
524 35
524 305
525 334
525 2
525 61
525 831
526 307
526 221
526 13
526 883
527 333
527 280
527 1
528 420
528 432
528 0
528 945
529 204
529 189
529 5
529 720
530 4
530 286
530 9
530 590
531 60
531 381
531 173
531 623
532 5
532 173
532 356
532 700
533 70
533 416
533 15
534 503
534 409
534 4
534 601
535 18
535 9
535 144
535 543
536 414
536 173
536 67
536 602
537 276
537 13
537 188
537 551
538 190
538 49
538 426
539 42
539 439
539 98
539 546
540 354
540 103
540 57
541 4
541 168
541 3
541 564
542 349
542 245
542 371
542 546
543 45
543 535
543 311
543 613
544 0
544 475
544 97
544 601
545 29
545 23
545 110
545 551
546 542
546 120
546 539
546 592
547 438
547 83
547 321
547 566
548 124
548 43
548 356
549 34
549 435
549 371
549 632
550 398
550 25
550 156
550 690
551 297
551 537
551 545
552 3
552 409
552 349
553 18
553 54
553 173
553 873
554 428
554 66
554 177
555 129
555 15
555 169
556 243
556 279
556 95
556 562
557 5
557 160
557 67
558 0
558 388
558 252
559 0
559 129
559 128
559 843
560 76
560 72
560 308
560 610
561 0
561 67
561 480
561 939
562 376
562 95
562 556
563 129
563 230
563 29
564 541
564 1
564 0
565 368
565 37
565 332
566 434
566 58
566 547
567 252
567 25
567 18
567 766
568 117
568 349
568 169
569 512
569 503
569 6
569 690
570 39
570 81
570 514
571 73
571 47
571 129
572 258
572 219
572 30
573 23
573 136
573 308
573 708
574 545
574 240
574 470
575 131
575 433
575 180
575 644
576 58
576 229
576 271
576 699
577 412
577 305
577 27
578 62
578 133
578 372
578 946
579 202
579 139
579 25
579 962
580 211
580 4
580 225
581 360
581 110
581 31
582 56
582 315
582 283
582 882
583 250
583 390
583 265
583 848
584 327
584 406
584 484
585 247
585 38
585 441
585 958
586 57
586 288
586 172
587 164
587 309
587 296
588 37
588 94
588 118
589 433
589 514
589 66
589 626
590 60
590 83
590 530
590 904
591 348
591 72
591 510
592 428
592 267
592 546
592 651
593 267
593 10
593 6
593 623
594 125
594 56
594 233
595 17
595 25
595 155
595 610
596 498
596 19
596 353
596 709
597 143
597 46
597 3
597 875
598 1
598 61
598 441
598 866
599 215
599 480
599 46
600 17
600 116
600 82
600 772
601 534
601 544
601 81
601 638
602 536
602 27
602 230
602 738
603 140
603 6
603 226
603 722
604 388
604 370
604 107
605 37
605 128
605 210
605 754
606 32
606 1
606 132
606 972
607 285
607 256
607 271
607 892
608 0
608 221
608 25
608 930
609 100
609 467
609 419
610 595
610 511
610 560
610 720
611 294
611 279
611 381
611 639
612 222
612 2
612 188
612 736
613 543
613 452
613 39
613 958
614 284
614 27
614 437
614 890
615 81
615 5
615 441
616 403
616 228
616 364
617 486
617 466
617 21
617 858
618 285
618 21
618 267
619 500
619 4
619 172
619 672
620 255
620 511
620 151
621 250
621 505
621 423
621 974
622 431
622 118
622 152
623 593
623 0
623 531
624 0
624 104
624 21
625 337
625 506
625 318
625 920
626 352
626 589
626 409
627 468
627 111
627 134
628 523
628 23
628 426
629 52
629 173
629 406
629 935
630 252
630 82
630 39
630 993
631 452
631 33
631 99
632 245
632 549
632 86
633 4
633 485
633 470
633 688
634 297
634 106
634 47
635 32
635 445
635 409
635 845
636 478
636 10
636 26
637 131
637 103
637 484
637 691
638 221
638 601
638 12
638 846
639 443
639 611
639 504
640 9
640 45
640 142
640 827
641 19
641 116
641 73
642 32
642 457
642 512
643 432
643 167
643 67
644 417
644 154
644 575
645 261
645 359
645 51
645 945
646 187
646 4
646 52
646 916
647 298
647 263
647 0
647 696
648 541
648 34
648 60
649 40
649 541
649 38
649 674
650 473
650 42
650 5
650 748
651 260
651 141
651 592
651 924
652 42
652 294
652 154
652 864
653 26
653 7
653 144
654 123
654 376
654 14
655 39
655 414
655 575
656 15
656 497
656 394
656 670
657 223
657 516
657 292
658 410
658 41
658 21
658 734
659 45
659 15
659 60
660 41
660 203
660 441
660 719
661 333
661 64
661 174
662 456
662 26
662 457
662 826
663 106
663 467
663 505
663 671
664 27
664 428
664 31
665 57
665 424
665 124
665 951
666 440
666 457
666 43
667 80
667 43
667 358
667 771
668 262
668 211
668 385
668 699
669 0
669 205
669 505
669 718
670 5
670 656
670 334
670 885
671 663
671 433
671 484
671 836
672 138
672 534
672 619
673 382
673 15
673 151
673 903
674 324
674 649
674 120
674 942
675 28
675 54
675 450
675 842
676 508
676 18
676 7
676 709
677 188
677 339
677 404
678 79
678 158
678 114
678 996
679 116
679 537
679 322
679 893
680 517
680 479
680 386
680 717
681 15
681 36
681 23
682 531
682 4
682 260
682 821
683 283
683 82
683 23
683 787
684 56
684 275
684 23
685 72
685 531
685 535
686 295
686 404
686 93
687 144
687 280
687 314
687 698
688 92
688 633
688 368
688 834
689 34
689 0
689 515
689 711
690 569
690 550
690 24
691 393
691 637
691 234
692 160
692 282
692 508
693 434
693 70
693 260
693 768
694 37
694 611
694 26
695 436
695 5
695 66
696 431
696 647
696 535
696 715
697 220
697 144
697 226
697 739
698 203
698 376
698 687
699 576
699 374
699 668
700 78
700 532
700 60
700 702
701 181
701 37
701 4
701 995
702 241
702 428
702 700
703 101
703 415
703 92
704 290
704 253
704 295
705 10
705 72
705 19
706 0
706 334
706 27
707 129
707 46
707 420
708 573
708 124
708 118
709 448
709 596
709 676
709 982
710 1
710 388
710 140
711 124
711 689
711 89
711 959
712 129
712 420
712 426
713 317
713 358
713 299
714 97
714 218
714 404
715 253
715 696
715 2
716 400
716 99
716 1
716 804
717 680
717 89
717 309
718 669
718 247
718 262
719 660
719 72
719 447
720 610
720 529
720 324
721 669
721 92
721 34
722 283
722 295
722 603
723 7
723 68
723 700
723 906
724 376
724 60
724 508
725 447
725 186
725 419
726 163
726 324
726 438
726 981
727 170
727 116
727 491
728 14
728 268
728 252
728 940
729 6
729 205
729 218
729 748
730 290
730 156
730 158
731 9
731 237
731 229
732 51
732 64
732 5
732 743
733 6
733 23
733 273
734 137
734 21
734 658
735 309
735 112
735 209
736 612
736 308
736 123
737 464
737 637
737 520
737 753
738 413
738 602
738 83
738 778
739 0
739 438
739 697
739 819
740 67
740 159
740 116
741 1
741 596
741 133
742 142
742 299
742 168
742 911
743 732
743 46
743 154
744 510
744 1
744 364
745 3
745 279
745 199
746 12
746 123
746 244
747 225
747 23
747 34
747 997
748 729
748 4
748 650
748 764
749 465
749 283
749 105
749 809
750 68
750 136
750 172
751 505
751 25
751 52
752 95
752 378
752 342
752 903
753 737
753 17
753 57
753 774
754 13
754 605
754 305
755 66
755 23
755 57
756 13
756 72
756 307
757 438
757 35
757 185
757 826
758 33
758 123
758 49
758 808
759 345
759 15
759 64
759 955
760 0
760 326
760 371
761 333
761 160
761 60
761 841
762 163
762 303
762 491
763 37
763 514
763 596
764 285
764 748
764 9
765 23
765 596
765 167
766 567
766 87
766 426
767 4
767 455
767 77
768 693
768 1
768 333
768 861
769 221
769 201
769 439
770 200
770 202
770 353
771 31
771 668
771 667
771 800
772 405
772 600
772 136
772 878
773 3
773 222
773 357
774 60
774 550
774 753
775 394
775 560
775 83
776 282
776 82
776 448
776 820
777 306
777 188
777 74
778 569
778 546
778 738
779 101
779 182
779 29
780 70
780 139
780 176
781 3
781 0
781 357
781 918
782 0
782 12
782 123
783 474
783 39
783 421
784 3
784 291
784 433
784 791
785 344
785 194
785 49
785 846
786 550
786 207
786 282
786 876
787 19
787 683
787 325
787 813
788 355
788 282
788 383
788 814
789 95
789 212
789 700
789 843
790 123
790 52
790 61
791 0
791 784
791 144
792 5
792 263
792 406
792 797
793 352
793 183
793 54
793 829
794 396
794 512
794 106
795 5
795 240
795 37
796 379
796 59
796 784
796 929
797 792
797 332
797 611
797 990
798 146
798 511
798 498
798 856
799 294
799 174
799 60
799 869
800 5
800 470
800 771
801 55
801 546
801 267
802 0
802 224
802 93
803 159
803 107
803 163
804 305
804 716
804 128
804 860
805 268
805 219
805 49
806 3
806 428
806 592
807 311
807 258
807 109
808 758
808 303
808 283
808 971
809 168
809 4
809 749
809 953
810 384
810 117
810 433
810 892
811 182
811 28
811 50
812 451
812 3
812 24
813 13
813 787
813 233
814 367
814 75
814 788
815 227
815 42
815 5
815 989
816 447
816 180
816 14
817 264
817 612
817 319
818 6
818 327
818 501
819 230
819 18
819 739
820 776
820 1
820 123
821 508
821 682
821 459
821 870
822 369
822 649
822 370
823 155
823 403
823 188
824 198
824 497
824 108
824 863
825 1
825 367
825 56
826 662
826 757
826 460
826 837
827 687
827 640
827 40
828 83
828 202
828 238
828 936
829 793
829 45
829 304
830 182
830 35
830 360
831 22
831 525
831 182
832 758
832 168
832 445
833 394
833 260
833 491
834 688
834 100
834 72
835 213
835 140
835 128
836 671
836 7
836 1
837 388
837 826
837 132
838 169
838 377
838 455
839 438
839 67
839 509
840 6
840 133
840 243
841 761
841 180
841 12
842 675
842 549
842 308
843 789
843 559
843 52
843 947
844 680
844 1
844 663
845 247
845 635
845 1
846 638
846 785
846 22
847 71
847 110
847 182
848 583
848 99
848 136
849 454
849 656
849 145
850 512
850 237
850 396
851 9
851 128
851 14
851 865
852 118
852 359
852 354
852 994
853 294
853 355
853 146
854 126
854 23
854 441
855 550
855 596
855 190
856 798
856 249
856 167
856 863
857 3
857 396
857 87
858 155
858 403
858 617
858 956
859 159
859 79
859 56
860 804
860 60
860 205
861 605
861 768
861 502
862 0
862 129
862 99
862 975
863 856
863 824
863 405
864 482
864 378
864 652
865 76
865 70
865 851
866 598
866 700
866 5
867 21
867 9
867 229
867 999
868 429
868 222
868 154
869 484
869 186
869 799
870 821
870 181
870 25
871 158
871 448
871 99
871 980
872 125
872 123
872 376
872 943
873 4
873 553
873 103
874 361
874 331
874 147
875 83
875 597
875 72
876 786
876 45
876 168
877 771
877 101
877 156
878 0
878 772
878 408
879 432
879 3
879 462
880 4
880 787
880 130
881 361
881 412
881 32
881 967
882 14
882 129
882 582
883 25
883 49
883 526
884 151
884 421
884 89
885 670
885 132
885 449
886 47
886 4
886 5
887 619
887 269
887 13
888 569
888 128
888 60
889 5
889 149
889 355
890 482
890 614
890 525
891 68
891 28
891 374
892 607
892 810
892 680
892 970
893 219
893 679
893 471
894 340
894 78
894 187
895 66
895 757
895 79
896 441
896 84
896 419
897 76
897 298
897 168
898 247
898 87
898 122
899 597
899 132
899 230
900 482
900 550
900 596
900 961
901 321
901 180
901 136
902 156
902 60
902 787
902 966
903 208
903 752
903 673
904 147
904 590
904 359
905 487
905 383
905 360
905 932
906 17
906 723
906 83
907 298
907 189
907 518
907 936
908 173
908 149
908 412
908 996
909 676
909 9
909 1
910 419
910 15
910 75
910 935
911 375
911 784
911 742
911 930
912 530
912 34
912 267
913 46
913 351
913 315
914 169
914 12
914 589
915 670
915 296
915 132
916 98
916 646
916 456
917 5
917 689
917 227
918 9
918 25
918 781
918 994
919 255
919 1
919 4
919 943
920 348
920 86
920 625
921 236
921 13
921 233
922 338
922 219
922 154
923 789
923 379
923 190
924 409
924 223
924 651
925 245
925 560
925 320
926 10
926 426
926 518
927 459
927 531
927 575
928 352
928 87
928 68
929 42
929 213
929 796
930 280
930 911
930 608
930 978
931 31
931 405
931 250
932 905
932 373
932 423
933 253
933 169
933 388
934 400
934 204
934 525
934 948
935 629
935 910
935 7
936 98
936 907
936 828
937 253
937 295
937 0
938 47
938 72
938 205
939 84
939 561
939 21
940 728
940 31
940 35
941 43
941 436
941 37
942 266
942 674
942 408
943 919
943 872
943 757
944 77
944 390
944 149
945 645
945 111
945 528
946 578
946 423
946 237
947 843
947 232
947 171
947 949
948 934
948 443
948 651
949 947
949 361
949 169
950 379
950 689
950 253
951 665
951 1
951 394
952 146
952 4
952 260
953 809
953 0
953 23
954 233
954 237
954 799
955 128
955 170
955 759
956 858
956 226
956 53
957 332
957 68
957 1
958 12
958 585
958 613
959 133
959 711
959 447
959 969
960 43
960 39
960 561
961 660
961 900
961 80
962 133
962 39
962 579
963 547
963 789
963 443
964 32
964 556
964 467
965 25
965 64
965 130
966 902
966 10
966 403
967 385
967 881
967 408
968 313
968 82
968 177
969 138
969 959
969 136
970 892
970 112
970 280
971 484
971 808
971 1
972 497
972 135
972 606
973 512
973 510
973 257
974 61
974 881
974 621
975 154
975 742
975 862
976 78
976 15
976 147
977 395
977 335
977 34
978 440
978 930
978 676
979 178
979 449
979 172
980 256
980 871
980 53
981 907
981 726
981 123
982 123
982 709
982 359
983 675
983 324
983 93
984 131
984 390
984 42
985 159
985 959
985 2
986 118
986 278
986 376
987 451
987 550
987 383
988 386
988 2
988 51
989 535
989 494
989 815
990 61
990 510
990 797
991 147
991 440
991 53
992 116
992 759
992 486
993 208
993 612
993 630
994 918
994 15
994 852
995 701
995 700
995 784
996 678
996 908
996 205
997 250
997 747
997 81
998 39
998 221
998 4
999 220
999 177
999 867
