0 1
1 0
2 0
2 1
3 1
3 0
3 2
4 0
4 2
4 3
5 1
5 2
5 0
6 0
6 1
6 5
7 0
7 1
7 6
8 1
8 7
8 2
9 1
9 5
9 2
10 6
10 0
10 7
11 5
11 6
11 2
12 3
12 1
12 0
13 5
13 3
13 1
14 1
14 0
14 2
15 1
15 0
15 10
16 5
16 0
16 4
17 1
17 13
17 0
18 3
18 5
18 0
19 15
19 6
19 18
20 1
20 3
20 14
21 19
21 2
21 5
22 10
22 6
22 3
23 18
23 20
23 19
24 0
24 23
24 10
25 13
25 1
25 15
26 4
26 0
26 5
27 17
27 2
27 0
28 15
28 10
28 3
29 13
29 5
29 1
30 6
30 7
30 19
31 1
31 3
31 30
32 1
32 13
32 8
33 4
33 23
33 28
34 15
34 1
34 10
35 1
35 0
35 10
36 15
36 18
36 1
37 19
37 4
37 0
38 0
38 34
38 1
39 10
39 37
39 26
40 25
40 29
40 2
41 8
41 17
41 4
42 14
42 15
42 38
43 33
43 15
43 20
44 0
44 19
44 13
45 16
45 44
45 3
46 34
46 16
46 1
47 1
47 35
47 39
48 15
48 1
48 24
49 4
49 0
49 43
50 7
50 29
50 14
51 26
51 40
51 47
52 7
52 16
52 6
53 40
53 31
53 21
54 5
54 28
54 8
55 4
55 5
55 15
56 9
56 2
56 39
57 4
57 10
57 46
58 38
58 39
58 4
59 2
59 34
59 38
60 1
60 9
60 7
61 1
61 7
61 17
62 0
62 34
62 3
63 12
63 41
63 34
64 15
64 50
64 2
65 57
65 37
65 36
66 30
66 64
66 21
67 60
67 36
67 50
68 3
68 1
68 0
69 2
69 47
69 53
70 10
70 7
70 30
71 15
71 34
71 4
72 22
72 54
72 65
73 27
73 9
73 1
74 10
74 29
74 47
75 31
75 40
75 15
76 2
76 4
76 0
77 5
77 0
77 1
78 7
78 48
78 65
79 1
79 60
79 4
80 62
80 76
80 47
81 21
81 1
81 6
82 30
82 48
82 7
83 35
83 80
83 57
84 1
84 72
84 0
85 15
85 1
85 57
86 0
86 7
86 62
87 2
87 82
87 31
88 18
88 60
88 1
89 10
89 0
89 8
90 44
90 0
90 35
91 6
91 34
91 68
92 1
92 63
92 2
93 71
93 78
93 5
94 38
94 2
94 19
95 39
95 73
95 15
96 34
96 6
96 8
97 51
97 25
97 26
98 2
98 80
98 6
99 45
99 24
99 7
100 2
100 0
100 15
101 87
101 24
101 7
102 51
102 0
102 30
103 41
103 0
103 70
104 4
104 17
104 5
105 85
105 2
105 41
106 10
106 75
106 24
107 41
107 38
107 6
108 2
108 78
108 41
109 108
109 1
109 80
110 15
110 70
110 33
111 14
111 10
111 1
112 31
112 100
112 0
113 48
113 8
113 100
114 81
114 20
114 98
115 22
115 20
115 8
116 2
116 10
116 0
117 63
117 21
117 7
118 56
118 5
118 31
119 10
119 72
119 0
120 60
120 13
120 71
121 89
121 114
121 29
122 15
122 4
122 65
123 68
123 15
123 5
124 45
124 9
124 3
125 6
125 3
125 81
126 0
126 1
126 31
127 15
127 7
127 90
128 15
128 68
128 35
129 28
129 2
129 31
130 16
130 73
130 60
131 80
131 1
131 2
132 77
132 28
132 16
133 94
133 44
133 62
134 39
134 13
134 2
135 96
135 34
135 70
136 1
136 13
136 7
137 21
137 136
137 30
138 16
138 118
138 0
139 4
139 125
139 18
140 34
140 2
140 4
141 85
141 0
141 6
142 74
142 129
142 121
143 93
143 31
143 6
144 73
144 1
144 40
145 30
145 27
145 1
146 144
146 22
146 85
147 88
147 2
147 116
148 136
148 77
148 46
149 34
149 99
149 5
150 18
150 68
150 3
151 84
151 15
151 60
152 5
152 6
152 103
153 89
153 141
153 85
154 34
154 84
154 100
155 94
155 1
155 56
156 102
156 151
156 48
157 8
157 15
157 3
158 4
158 20
158 154
159 40
159 64
159 108
160 29
160 100
160 27
161 95
161 86
161 87
162 34
162 0
162 37
163 4
163 156
163 20
164 34
164 0
164 47
165 121
165 16
165 108
166 8
166 5
166 3
167 1
167 42
167 2
168 11
168 1
168 27
169 34
169 73
169 5
170 53
170 47
170 17
171 4
171 1
171 15
172 15
172 0
172 130
173 157
173 3
173 102
174 13
174 4
174 2
175 150
175 16
175 60
176 34
176 1
176 3
177 5
177 1
177 37
178 72
178 95
178 17
179 21
179 35
179 98
180 73
180 146
180 105
181 7
181 113
181 22
182 56
182 169
182 39
183 159
183 153
183 151
184 20
184 4
184 45
185 26
185 137
185 140
186 10
186 2
186 16
187 176
187 126
187 101
188 169
188 52
188 0
189 96
189 48
189 34
190 34
190 176
190 1
191 6
191 12
191 95
192 149
192 1
192 5
193 4
193 0
193 174
194 21
194 4
194 1
195 21
195 29
195 34
196 110
196 130
196 24
197 21
197 155
197 178
198 79
198 4
198 15
199 79
199 57
199 60
200 161
200 40
200 146
201 3
201 15
201 18
202 155
202 79
202 119
203 155
203 154
203 80
204 86
204 31
204 64
205 45
205 108
205 20
206 45
206 6
206 64
207 0
207 76
207 176
208 183
208 39
208 155
209 108
209 17
209 2
210 24
210 139
210 89
211 1
211 198
211 115
212 82
212 9
212 65
213 3
213 4
213 8
214 65
214 84
214 40
215 64
215 144
215 78
216 47
216 86
216 8
217 16
217 216
217 147
218 173
218 48
218 39
219 2
219 53
219 149
220 15
220 106
220 0
221 181
221 27
221 98
222 148
222 21
222 34
223 19
223 68
223 55
224 2
224 86
224 164
225 91
225 19
225 2
226 5
226 126
226 1
227 128
227 62
227 132
228 16
228 97
228 2
229 225
229 210
229 3
230 30
230 64
230 104
231 198
231 102
231 1
232 86
232 73
232 140
233 7
233 93
233 40
234 114
234 192
234 53
235 192
235 68
235 225
236 65
236 153
236 51
237 93
237 31
237 104
238 163
238 6
238 56
239 236
239 39
239 92
240 16
240 2
240 62
241 211
241 112
241 158
242 2
242 3
242 80
243 84
243 105
243 209
244 163
244 25
244 84
245 122
245 87
245 10
246 1
246 178
246 0
247 180
247 97
247 24
248 0
248 2
248 197
249 76
249 108
249 1
250 21
250 6
250 244
251 216
251 20
251 41
252 27
252 1
252 164
253 155
253 152
253 2
254 134
254 171
254 163
255 2
255 1
255 44
256 98
256 6
256 149
257 1
257 48
257 97
258 87
258 10
258 97
259 216
259 74
259 21
260 253
260 2
260 239
261 239
261 56
261 205
262 5
262 38
262 89
263 25
263 3
263 167
264 104
264 45
264 4
265 124
265 138
265 7
266 7
266 185
266 57
267 218
267 237
267 1
268 26
268 2
268 10
269 15
269 2
269 234
270 169
270 39
270 164
271 53
271 93
271 213
272 46
272 16
272 176
273 2
273 3
273 4
274 19
274 20
274 74
275 14
275 274
275 231
276 104
276 94
276 1
277 20
277 134
277 207
278 259
278 33
278 1
279 200
279 10
279 15
280 108
280 10
280 60
281 68
281 239
281 62
282 65
282 274
282 97
283 16
283 171
283 139
284 228
284 53
284 1
285 264
285 212
285 80
286 4
286 2
286 213
287 200
287 125
287 72
288 151
288 100
288 282
289 27
289 0
289 70
290 9
290 38
290 43
291 250
291 2
291 169
292 20
292 1
292 35
293 4
293 2
293 10
294 2
294 150
294 191
295 2
295 5
295 14
296 5
296 16
296 0
297 91
297 106
297 98
298 6
298 15
298 131
299 85
299 0
299 100
300 34
300 276
300 155
301 236
301 162
301 251
302 165
302 145
302 5
303 118
303 21
303 33
304 125
304 65
304 267
305 138
305 216
305 1
306 79
306 68
306 94
307 257
307 182
307 101
308 3
308 304
308 38
309 31
309 217
309 208
310 287
310 150
310 39
311 1
311 245
311 87
312 79
312 157
312 39
313 179
313 271
313 91
314 49
314 0
314 3
315 18
315 38
315 15
316 73
316 47
316 101
317 125
317 83
317 68
318 119
318 303
318 89
319 167
319 42
319 47
320 4
320 311
320 180
321 304
321 67
321 19
322 65
322 219
322 307
323 103
323 163
323 25
324 57
324 0
324 53
325 1
325 79
325 30
326 164
326 39
326 240
327 58
327 316
327 77
328 39
328 125
328 237
329 8
329 10
329 16
330 172
330 15
330 4
331 6
331 29
331 327
332 223
332 1
332 29
333 20
333 301
333 21
334 5
334 89
334 181
335 1
335 104
335 100
336 2
336 66
336 18
337 62
337 48
337 296
338 5
338 12
338 3
339 298
339 151
339 0
340 317
340 118
340 271
341 0
341 2
341 6
342 242
342 2
342 58
343 2
343 88
343 39
344 63
344 52
344 29
345 293
345 158
345 125
346 228
346 22
346 94
347 0
347 193
347 239
348 91
348 65
348 195
349 42
349 44
349 10
350 30
350 93
350 146
351 154
351 237
351 185
352 325
352 58
352 13
353 7
353 184
353 85
354 200
354 78
354 11
355 155
355 32
355 1
356 65
356 13
356 23
357 322
357 75
357 330
358 15
358 2
358 20
359 36
359 306
359 85
360 213
360 230
360 45
361 284
361 0
361 87
362 79
362 16
362 164
363 20
363 263
363 56
364 65
364 5
364 210
365 170
365 139
365 18
366 49
366 17
366 141
367 346
367 196
367 308
368 310
368 32
368 279
369 28
369 6
369 332
370 10
370 216
370 198
371 263
371 284
371 301
372 11
372 66
372 15
373 77
373 247
373 19
374 106
374 256
374 125
375 22
375 79
375 1
376 2
376 15
376 24
377 264
377 65
377 73
378 20
378 1
378 202
379 163
379 34
379 3
380 134
380 114
380 22
381 22
381 77
381 62
382 328
382 18
382 34
383 10
383 32
383 24
384 16
384 10
384 314
385 201
385 379
385 0
386 0
386 5
386 75
387 1
387 322
387 287
388 22
388 36
388 301
389 85
389 13
389 3
390 248
390 103
390 387
391 341
391 5
391 136
392 267
392 0
392 1
393 217
393 53
393 0
394 113
394 362
394 283
395 152
395 0
395 107
396 183
396 91
396 208
397 28
397 88
397 295
398 20
398 34
398 0
399 3
399 40
399 31
400 270
400 172
400 4
401 55
401 1
401 20
402 85
402 54
402 150
403 191
403 3
403 119
404 353
404 230
404 40
405 45
405 276
405 2
406 341
406 208
406 31
407 3
407 24
407 166
408 3
408 1
408 58
409 0
409 84
409 255
410 0
410 35
410 180
411 343
411 15
411 171
412 213
412 346
412 239
413 5
413 280
413 289
414 223
414 412
414 72
415 20
415 65
415 25
416 1
416 139
416 86
417 395
417 152
417 34
418 21
418 396
418 94
419 0
419 1
419 212
420 62
420 379
420 237
421 24
421 18
421 352
422 287
422 135
422 58
423 34
423 71
423 343
424 34
424 150
424 5
425 283
425 159
425 279
426 402
426 266
426 150
427 2
427 250
427 302
428 321
428 2
428 256
429 201
429 229
429 249
430 195
430 24
430 103
431 10
431 68
431 1
432 301
432 54
432 30
433 333
433 86
433 163
434 155
434 21
434 47
435 399
435 162
435 130
436 2
436 125
436 221
437 327
437 6
437 284
438 66
438 3
438 12
439 318
439 302
439 15
440 7
440 20
440 182
441 101
441 62
441 13
442 29
442 84
442 1
443 20
443 286
443 62
444 31
444 7
444 145
445 161
445 384
445 336
446 276
446 3
446 163
447 6
447 4
447 279
448 7
448 33
448 1
449 140
449 10
449 298
450 306
450 380
450 358
451 6
451 1
451 51
452 189
452 404
452 0
453 337
453 15
453 77
454 1
454 10
454 28
455 4
455 327
455 91
456 1
456 57
456 10
457 20
457 417
457 224
458 42
458 183
458 298
459 322
459 10
459 40
460 10
460 356
460 344
461 10
461 108
461 412
462 48
462 292
462 246
463 15
463 1
463 28
464 77
464 3
464 210
465 381
465 167
465 263
466 54
466 80
466 260
467 33
467 125
467 463
468 277
468 60
468 34
469 105
469 13
469 65
470 204
470 378
470 168
471 28
471 155
471 88
472 0
472 403
472 1
473 3
473 223
473 4
474 349
474 318
474 93
475 28
475 228
475 5
476 20
476 4
476 85
477 101
477 463
477 322
478 31
478 299
478 443
479 143
479 251
479 41
480 67
480 15
480 7
481 155
481 277
481 179
482 145
482 64
482 170
483 101
483 128
483 440
484 104
484 341
484 3
485 136
485 7
485 114
486 1
486 285
486 39
487 139
487 356
487 156
488 72
488 418
488 475
489 98
489 364
489 153
490 362
490 398
490 194
491 353
491 89
491 433
492 180
492 262
492 33
493 277
493 228
493 492
494 168
494 228
494 1
495 322
495 363
495 374
496 24
496 273
496 139
497 209
497 403
497 470
498 87
498 454
498 237
499 71
499 137
499 157
