0 1
0 2
0 3
0 4
0 5
0 6
0 9
0 13
0 16
0 17
0 19
1 0
1 2
1 3
1 5
1 7
1 10
1 11
1 18
2 1
2 0
2 3
2 4
2 9
2 14
2 17
3 0
3 1
3 2
3 4
3 5
3 6
3 7
3 10
3 18
4 2
4 3
4 0
4 6
4 8
4 11
4 12
4 19
5 3
5 1
5 0
5 7
5 8
5 10
6 0
6 3
6 4
6 8
6 9
6 11
6 13
6 17
6 18
7 3
7 5
7 1
8 5
8 4
8 6
8 14
9 6
9 2
9 0
9 12
9 15
10 3
10 5
10 1
10 12
10 15
11 1
11 4
11 6
11 13
11 14
12 4
12 10
12 9
13 11
13 0
13 6
14 8
14 11
14 2
14 15
14 16
15 9
15 10
15 14
15 16
16 0
16 14
16 15
17 2
17 6
17 0
18 3
18 6
18 1
18 19
19 0
19 4
19 18
