0 1
1 0
2 1
2 0
3 2
3 0
3 1
4 0
4 2
4 1
5 2
5 1
5 0
6 1
6 2
6 4
7 1
7 0
7 4
8 0
8 3
8 7
9 0
9 2
9 3
10 5
10 2
10 7
11 7
11 5
11 1
12 7
12 2
12 0
13 2
13 5
13 0
14 5
14 0
14 4
15 8
15 2
15 1
16 6
16 12
16 0
17 12
17 1
17 0
18 1
18 0
18 9
19 0
19 1
19 12
20 4
20 1
20 9
21 6
21 12
21 17
22 19
22 2
22 0
23 13
23 0
23 4
24 0
24 12
24 4
25 0
25 2
25 14
26 9
26 19
26 17
27 3
27 16
27 1
28 25
28 2
28 14
29 28
29 25
29 11
30 8
30 0
30 2
31 0
31 19
31 28
32 2
32 1
32 13
33 19
33 1
33 13
34 4
34 5
34 17
35 1
35 8
35 23
36 2
36 7
36 1
37 0
37 2
37 4
38 1
38 24
38 4
39 2
39 5
39 31
40 25
40 9
40 4
41 7
41 4
41 8
42 4
42 25
42 22
43 4
43 9
43 1
44 5
44 17
44 34
45 31
45 44
45 8
46 38
46 3
46 0
47 41
47 4
47 12
48 43
48 44
48 32
49 0
49 1
49 9
50 0
50 9
50 1
51 33
51 8
51 4
52 9
52 22
52 15
53 3
53 12
53 40
54 1
54 5
54 0
55 19
55 0
55 45
56 46
56 7
56 29
57 25
57 13
57 14
58 50
58 21
58 11
59 8
59 18
59 54
60 34
60 49
60 55
61 17
61 45
61 50
62 9
62 19
62 32
63 19
63 32
63 7
64 52
64 44
64 7
65 33
65 64
65 19
66 7
66 39
66 13
67 2
67 41
67 19
68 65
68 15
68 0
69 52
69 50
69 11
70 4
70 2
70 12
71 2
71 43
71 10
72 16
72 64
72 56
73 65
73 1
73 0
74 38
74 49
74 44
75 61
75 19
75 0
76 70
76 65
76 48
77 52
77 8
77 1
78 19
78 2
78 13
79 17
79 44
79 24
80 77
80 7
80 9
81 44
81 46
81 17
82 1
82 75
82 14
83 1
83 12
83 7
84 17
84 24
84 3
85 21
85 16
85 15
86 60
86 52
86 76
87 0
87 7
87 44
88 13
88 36
88 79
89 28
89 21
89 9
90 7
90 50
90 43
91 57
91 4
91 12
92 11
92 87
92 6
93 47
93 13
93 64
94 49
94 4
94 12
95 58
95 49
95 54
96 35
96 52
96 66
97 24
97 83
97 45
98 13
98 49
98 0
99 3
99 16
99 42
