0 1
0 2
1 0
1 2
2 0
2 1
3 1
3 0
3 2
4 3
4 0
4 1
5 3
5 0
5 2
6 0
6 2
6 4
7 2
7 0
7 1
8 0
8 1
8 5
9 0
9 1
9 4
10 8
10 6
10 5
11 7
11 2
11 1
12 1
12 2
12 11
13 1
13 5
13 7
14 8
14 1
14 6
15 6
15 1
15 8
16 14
16 2
16 6
17 1
17 3
17 8
18 14
18 2
18 3
19 3
19 12
19 0
20 15
20 3
20 14
21 3
21 19
21 12
22 17
22 8
22 13
23 6
23 1
23 2
24 14
24 9
24 2
25 1
25 24
25 11
26 1
26 2
26 22
27 1
27 14
27 0
28 8
28 1
28 16
29 6
29 0
29 5
30 14
30 2
30 1
31 8
31 5
31 13
32 6
32 8
32 1
33 27
33 9
33 3
34 32
34 14
34 2
35 15
35 1
35 13
36 22
36 26
36 31
37 14
37 17
37 13
38 0
38 6
38 1
39 15
39 2
39 11
40 28
40 15
40 1
41 6
41 2
41 0
42 28
42 5
42 14
43 0
43 6
43 35
44 1
44 28
44 8
45 1
45 29
45 8
46 12
46 45
46 2
47 7
47 34
47 4
48 13
48 1
48 0
49 14
49 46
49 28
50 2
50 1
50 17
51 17
51 29
51 37
52 38
52 35
52 21
53 0
53 1
53 6
54 32
54 6
54 50
55 0
55 33
55 17
56 0
56 26
56 17
57 47
57 2
57 4
58 4
58 10
58 6
59 51
59 8
59 19
60 14
60 6
60 0
61 13
61 2
61 29
62 19
62 2
62 8
63 26
63 13
63 2
64 57
64 11
64 1
65 57
65 0
65 64
66 29
66 56
66 60
67 15
67 23
67 49
68 41
68 32
68 37
69 28
69 64
69 11
70 54
70 3
70 7
71 20
71 41
71 60
72 51
72 34
72 21
73 15
73 59
73 0
74 6
74 15
74 61
75 13
75 42
75 15
76 28
76 58
76 0
77 69
77 1
77 63
78 45
78 11
78 69
79 73
79 68
79 45
80 0
80 29
80 45
81 2
81 37
81 0
82 6
82 48
82 37
83 13
83 14
83 15
84 26
84 30
84 6
85 82
85 11
85 47
86 64
86 45
86 8
87 13
87 18
87 25
88 9
88 2
88 87
89 31
89 47
89 83
90 72
90 13
90 70
91 73
91 15
91 17
92 75
92 57
92 14
93 49
93 0
93 85
94 1
94 38
94 61
95 54
95 38
95 5
96 31
96 2
96 55
97 87
97 64
97 35
98 15
98 13
98 41
99 11
99 69
99 25
