0 1
0 2
0 3
1 0
1 2
1 3
2 0
2 1
2 3
3 0
3 2
3 1
4 3
4 2
4 0
5 3
5 2
5 1
6 1
6 4
6 2
7 5
7 6
7 1
8 6
8 1
8 7
9 1
9 6
9 2
10 5
10 9
10 0
11 8
11 6
11 9
12 3
12 7
12 0
13 9
13 1
13 6
14 1
14 13
14 2
15 8
15 9
15 1
16 6
16 1
16 2
17 1
17 15
17 0
18 0
18 9
18 12
19 16
19 2
19 1
20 9
20 3
20 2
21 2
21 1
21 12
22 6
22 15
22 5
23 1
23 13
23 15
24 2
24 19
24 0
25 19
25 8
25 1
26 6
26 18
26 9
27 2
27 6
27 26
28 15
28 26
28 5
29 22
29 6
29 1
30 5
30 22
30 1
31 1
31 0
31 14
32 20
32 26
32 9
33 17
33 1
33 6
34 9
34 3
34 26
35 1
35 0
35 12
36 3
36 27
36 33
37 9
37 17
37 1
38 23
38 5
38 8
39 12
39 14
39 29
40 19
40 2
40 10
41 2
41 9
41 12
42 24
42 1
42 6
43 42
43 32
43 19
44 4
44 19
44 12
45 0
45 28
45 1
46 0
46 14
46 9
47 35
47 6
47 15
48 27
48 30
48 17
49 1
49 9
49 2
50 40
50 16
50 39
51 5
51 2
51 47
52 11
52 32
52 51
53 1
53 9
53 3
54 9
54 2
54 5
55 41
55 30
55 17
56 40
56 43
56 16
57 1
57 17
57 6
58 42
58 47
58 19
59 28
59 1
59 5
60 6
60 9
60 55
61 1
61 0
61 20
62 26
62 22
62 53
63 3
63 12
63 0
64 10
64 1
64 24
65 1
65 6
65 23
66 3
66 48
66 1
67 41
67 0
67 21
68 3
68 17
68 16
69 0
69 22
69 2
70 7
70 58
70 9
71 2
71 9
71 17
72 18
72 2
72 42
73 22
73 1
73 32
74 17
74 2
74 10
75 66
75 42
75 49
76 45
76 9
76 1
77 66
77 6
77 55
78 0
78 67
78 26
79 36
79 15
79 16
80 43
80 10
80 26
81 3
81 2
81 19
82 33
82 3
82 56
83 13
83 9
83 40
84 1
84 41
84 2
85 9
85 33
85 14
86 12
86 6
86 62
87 0
87 9
87 59
88 0
88 6
88 36
89 1
89 80
89 44
90 0
90 4
90 33
91 24
91 34
91 12
92 31
92 48
92 44
93 22
93 15
93 28
94 77
94 0
94 52
95 4
95 0
95 59
96 71
96 9
96 0
97 47
97 6
97 2
98 89
98 53
98 54
99 55
99 20
99 26
100 19
100 85
100 7
101 1
101 26
101 51
102 58
102 42
102 15
103 2
103 19
103 77
104 98
104 26
104 18
105 91
105 77
105 92
106 21
106 18
106 23
107 17
107 56
107 5
108 24
108 32
108 51
109 23
109 5
109 26
110 103
110 17
110 6
111 26
111 1
111 104
112 50
112 18
112 83
113 26
113 22
113 6
114 52
114 39
114 8
115 29
115 0
115 23
116 2
116 5
116 10
117 31
117 59
117 2
118 26
118 0
118 9
119 10
119 45
119 3
120 56
120 1
120 92
121 8
121 103
121 56
122 27
122 58
122 26
123 2
123 1
123 9
124 100
124 56
124 5
125 43
125 26
125 46
126 42
126 9
126 26
127 5
127 30
127 59
128 2
128 90
128 53
129 119
129 56
129 68
130 27
130 45
130 97
131 83
131 84
131 4
132 2
132 66
132 18
133 0
133 4
133 25
134 75
134 12
134 132
135 13
135 19
135 0
136 33
136 67
136 114
137 12
137 84
137 6
138 34
138 100
138 53
139 98
139 5
139 32
140 6
140 89
140 26
141 92
141 31
141 26
142 90
142 80
142 129
143 29
143 44
143 68
144 127
144 9
144 100
145 3
145 0
145 63
146 1
146 110
146 107
147 145
147 2
147 109
148 17
148 0
148 2
149 2
149 26
149 8
150 72
150 108
150 64
151 0
151 100
151 14
152 105
152 133
152 9
153 55
153 80
153 144
154 7
154 0
154 29
155 125
155 5
155 40
156 5
156 134
156 59
157 80
157 20
157 106
158 92
158 2
158 0
159 4
159 84
159 67
160 43
160 58
160 1
161 3
161 69
161 12
162 157
162 1
162 9
163 99
163 85
163 3
164 66
164 105
164 1
165 115
165 100
165 36
166 68
166 67
166 3
167 72
167 45
167 19
168 103
168 76
168 2
169 27
169 1
169 16
170 1
170 83
170 0
171 44
171 38
171 60
172 167
172 15
172 33
173 92
173 32
173 168
174 31
174 55
174 18
175 41
175 1
175 100
176 85
176 65
176 151
177 30
177 41
177 20
178 17
178 30
178 135
179 62
179 118
179 97
180 56
180 22
180 2
181 9
181 158
181 56
182 124
182 0
182 85
183 103
183 12
183 35
184 106
184 53
184 176
185 46
185 2
185 139
186 11
186 45
186 10
187 1
187 44
187 12
188 179
188 77
188 137
189 2
189 72
189 5
190 67
190 156
190 155
191 51
191 26
191 131
192 153
192 127
192 128
193 135
193 23
193 22
194 100
194 99
194 2
195 97
195 4
195 47
196 187
196 87
196 32
197 79
197 101
197 1
198 134
198 11
198 22
199 65
199 55
199 180
200 73
200 109
200 196
201 100
201 68
201 51
202 135
202 68
202 26
203 175
203 7
203 1
204 101
204 26
204 54
205 19
205 30
205 37
206 29
206 23
206 9
207 1
207 19
207 100
208 143
208 195
208 36
209 44
209 16
209 17
210 109
210 191
210 53
211 27
211 130
211 123
212 0
212 161
212 2
213 46
213 12
213 32
214 17
214 187
214 73
215 191
215 156
215 107
216 2
216 6
216 161
217 159
217 0
217 23
218 93
218 101
218 176
219 53
219 139
219 145
220 67
220 109
220 12
221 63
221 9
221 121
222 29
222 22
222 165
223 178
223 59
223 198
224 172
224 0
224 80
225 189
225 18
225 6
226 0
226 8
226 46
227 193
227 35
227 202
228 100
228 76
228 12
229 66
229 177
229 115
230 68
230 100
230 9
231 0
231 9
231 6
232 140
232 225
232 6
233 2
233 1
233 103
234 90
234 1
234 0
235 109
235 18
235 2
236 151
236 1
236 51
237 175
237 10
237 201
238 70
238 109
238 59
239 85
239 55
239 175
240 85
240 129
240 3
241 113
241 4
241 100
242 152
242 118
242 113
243 6
243 5
243 215
244 144
244 10
244 20
245 163
245 49
245 198
246 51
246 146
246 2
247 175
247 67
247 85
248 161
248 100
248 2
249 150
249 101
249 233
250 6
250 88
250 1
251 115
251 19
251 0
252 39
252 180
252 9
253 244
253 1
253 152
254 161
254 2
254 1
255 158
255 19
255 16
256 76
256 6
256 19
257 133
257 17
257 29
258 151
258 186
258 28
259 1
259 250
259 21
260 253
260 16
260 208
261 35
261 209
261 110
262 15
262 172
262 165
263 48
263 46
263 3
264 149
264 112
264 9
265 198
265 42
265 165
266 222
266 117
266 141
267 101
267 6
267 52
268 1
268 13
268 167
269 38
269 26
269 31
270 215
270 176
270 110
271 100
271 33
271 220
272 71
272 165
272 5
273 52
273 59
273 16
274 156
274 1
274 30
275 12
275 19
275 252
276 81
276 83
276 0
277 218
277 186
277 164
278 19
278 6
278 97
279 38
279 173
279 249
280 169
280 228
280 75
281 26
281 197
281 0
282 8
282 19
282 132
283 172
283 87
283 28
284 172
284 283
284 6
285 136
285 123
285 170
286 108
286 11
286 33
287 157
287 61
287 100
288 10
288 1
288 70
289 240
289 253
289 17
290 9
290 109
290 81
291 52
291 176
291 12
292 41
292 32
292 30
293 220
293 286
293 2
294 233
294 15
294 8
295 17
295 57
295 176
296 132
296 16
296 2
297 71
297 0
297 56
298 149
298 147
298 4
299 9
299 289
299 156
300 1
300 144
300 183
301 198
301 54
301 12
302 9
302 178
302 58
303 14
303 191
303 76
304 27
304 10
304 5
305 77
305 94
305 300
306 164
306 13
306 30
307 77
307 281
307 282
308 178
308 1
308 114
309 130
309 115
309 152
310 32
310 248
310 117
311 0
311 59
311 236
312 135
312 2
312 100
313 165
313 2
313 80
314 69
314 307
314 72
315 19
315 9
315 52
316 231
316 8
316 113
317 147
317 4
317 57
318 82
318 0
318 42
319 196
319 19
319 271
320 22
320 69
320 1
321 25
321 30
321 319
322 53
322 309
322 114
323 206
323 106
323 123
324 86
324 168
324 19
325 1
325 4
325 95
326 323
326 307
326 137
327 170
327 113
327 26
328 0
328 184
328 44
329 218
329 46
329 319
330 249
330 26
330 6
331 81
331 108
331 316
332 1
332 27
332 9
333 30
333 300
333 218
334 115
334 72
334 176
335 213
335 246
335 9
336 112
336 197
336 294
337 267
337 248
337 1
338 213
338 95
338 319
339 309
339 40
339 0
340 231
340 0
340 157
341 26
341 97
341 269
342 2
342 7
342 85
343 2
343 64
343 175
344 145
344 62
344 226
345 22
345 1
345 175
346 31
346 59
346 6
347 2
347 245
347 287
348 131
348 82
348 159
349 337
349 153
349 206
350 107
350 68
350 112
351 83
351 173
351 29
352 61
352 133
352 335
353 126
353 191
353 8
354 191
354 11
354 263
355 28
355 115
355 2
356 56
356 96
356 2
357 161
357 63
357 2
358 342
358 2
358 6
359 2
359 255
359 137
360 60
360 359
360 321
361 130
361 66
361 74
362 295
362 76
362 164
363 110
363 20
363 23
364 6
364 2
364 91
365 154
365 175
365 151
366 2
366 3
366 181
367 288
367 84
367 55
368 2
368 9
368 101
369 320
369 331
369 41
370 19
370 1
370 33
371 77
371 354
371 30
372 196
372 124
372 191
373 24
373 20
373 9
374 12
374 30
374 194
375 343
375 6
375 218
376 11
376 16
376 364
377 74
377 118
377 76
378 156
378 186
378 8
379 64
379 2
379 74
380 158
380 2
380 11
381 319
381 6
381 100
382 85
382 9
382 1
383 139
383 3
383 9
384 9
384 56
384 164
385 23
385 100
385 240
386 288
386 257
386 215
387 6
387 124
387 263
388 144
388 100
388 84
389 92
389 57
389 380
390 25
390 276
390 234
391 372
391 10
391 59
392 211
392 210
392 304
393 86
393 253
393 89
394 109
394 164
394 9
395 392
395 92
395 90
396 80
396 17
396 85
397 5
397 0
397 81
398 203
398 7
398 87
399 363
399 99
399 100
400 44
400 328
400 157
401 117
401 344
401 66
402 178
402 215
402 84
403 47
403 115
403 109
404 380
404 127
404 76
405 132
405 297
405 112
406 41
406 9
406 165
407 263
407 222
407 30
408 135
408 51
408 9
409 349
409 285
409 300
410 284
410 359
410 2
411 380
411 115
411 280
412 319
412 50
412 29
413 260
413 134
413 233
414 285
414 231
414 0
415 81
415 39
415 280
416 362
416 25
416 44
417 55
417 22
417 404
418 161
418 16
418 372
419 171
419 104
419 403
420 369
420 2
420 6
421 86
421 1
421 5
422 32
422 5
422 69
423 54
423 9
423 240
424 2
424 0
424 26
425 286
425 404
425 250
426 8
426 212
426 176
427 18
427 346
427 5
428 2
428 135
428 328
429 196
429 176
429 222
430 83
430 113
430 157
431 294
431 199
431 23
432 85
432 83
432 77
433 124
433 282
433 273
434 31
434 369
434 399
435 2
435 3
435 200
436 132
436 191
436 399
437 6
437 235
437 193
438 242
438 101
438 281
439 187
439 0
439 61
440 3
440 6
440 171
441 0
441 6
441 158
442 142
442 216
442 398
443 178
443 248
443 255
444 93
444 235
444 40
445 43
445 210
445 295
446 399
446 372
446 23
447 132
447 340
447 2
448 215
448 26
448 324
449 310
449 102
449 239
450 1
450 208
450 65
451 70
451 239
451 16
452 90
452 363
452 403
453 42
453 69
453 438
454 9
454 17
454 104
455 0
455 170
455 54
456 22
456 26
456 55
457 418
457 358
457 2
458 344
458 135
458 433
459 91
459 171
459 0
460 249
460 7
460 47
461 65
461 131
461 343
462 26
462 9
462 12
463 71
463 0
463 197
464 299
464 0
464 1
465 1
465 114
465 5
466 41
466 95
466 276
467 218
467 303
467 319
468 131
468 106
468 286
469 32
469 352
469 215
470 184
470 372
470 9
471 264
471 388
471 12
472 82
472 20
472 52
473 442
473 448
473 367
474 436
474 47
474 230
475 1
475 17
475 161
476 238
476 14
476 213
477 34
477 56
477 5
478 235
478 59
478 22
479 170
479 384
479 79
480 475
480 23
480 26
481 17
481 59
481 23
482 191
482 2
482 139
483 347
483 28
483 188
484 15
484 5
484 331
485 99
485 143
485 115
486 403
486 18
486 204
487 351
487 441
487 0
488 5
488 22
488 85
489 133
489 279
489 98
490 475
490 112
490 151
491 165
491 13
491 57
492 6
492 161
492 127
493 263
493 6
493 190
494 108
494 380
494 327
495 39
495 466
495 126
496 133
496 43
496 196
497 180
497 467
497 465
498 338
498 2
498 43
499 263
499 205
499 357
500 66
500 411
500 392
501 87
501 75
501 259
502 487
502 26
502 407
503 294
503 475
503 41
504 117
504 2
504 52
505 150
505 1
505 9
506 23
506 477
506 8
507 188
507 79
507 340
508 23
508 288
508 3
509 482
509 26
509 360
510 337
510 52
510 253
511 197
511 139
511 432
512 53
512 20
512 28
513 57
513 331
513 80
514 1
514 2
514 8
515 9
515 480
515 0
516 219
516 79
516 472
517 14
517 340
517 100
518 9
518 61
518 63
519 248
519 6
519 284
520 176
520 234
520 249
521 436
521 263
521 90
522 91
522 44
522 364
523 39
523 326
523 334
524 7
524 324
524 2
525 79
525 0
525 431
526 168
526 122
526 63
527 14
527 67
527 26
528 19
528 20
528 100
529 59
529 321
529 21
530 78
530 513
530 26
531 17
531 323
531 1
532 69
532 276
532 202
533 100
533 2
533 327
534 44
534 55
534 167
535 148
535 66
535 327
536 52
536 6
536 123
537 6
537 1
537 332
538 175
538 33
538 1
539 119
539 1
539 2
540 53
540 106
540 343
541 0
541 7
541 138
542 350
542 536
542 340
543 208
543 417
543 6
544 137
544 2
544 240
545 12
545 6
545 227
546 144
546 187
546 100
547 18
547 294
547 90
548 40
548 41
548 9
549 311
549 64
549 33
550 397
550 198
550 509
551 44
551 99
551 283
552 215
552 391
552 343
553 6
553 26
553 398
554 134
554 32
554 9
555 48
555 1
555 532
556 327
556 196
556 419
557 159
557 335
557 154
558 1
558 113
558 419
559 3
559 100
559 558
560 314
560 31
560 462
561 197
561 107
561 47
562 125
562 529
562 334
563 238
563 360
563 505
564 353
564 91
564 533
565 6
565 53
565 436
566 557
566 1
566 46
567 270
567 100
567 396
568 7
568 567
568 101
569 59
569 0
569 5
570 30
570 512
570 500
571 244
571 57
571 485
572 287
572 196
572 52
573 6
573 289
573 254
574 5
574 327
574 378
575 88
575 465
575 19
576 147
576 297
576 453
577 311
577 423
577 239
578 340
578 364
578 151
579 92
579 57
579 72
580 374
580 259
580 147
581 20
581 343
581 565
582 111
582 163
582 280
583 328
583 30
583 1
584 370
584 441
584 482
585 3
585 12
585 419
586 247
586 25
586 0
587 56
587 48
587 126
588 460
588 482
588 403
589 572
589 13
589 19
590 241
590 30
590 54
591 19
591 29
591 540
592 23
592 459
592 284
593 76
593 164
593 96
594 290
594 416
594 43
595 139
595 417
595 248
596 386
596 23
596 318
597 42
597 372
597 504
598 20
598 387
598 34
599 133
599 16
599 284
600 99
600 39
600 387
601 21
601 43
601 80
602 124
602 198
602 39
603 45
603 356
603 193
604 130
604 330
604 0
605 496
605 2
605 135
606 446
606 504
606 65
607 46
607 109
607 0
608 381
608 480
608 73
609 5
609 0
609 7
610 110
610 128
610 3
611 81
611 305
611 542
612 519
612 132
612 43
613 58
613 196
613 68
614 1
614 571
614 84
615 245
615 126
615 453
616 147
616 487
616 6
617 401
617 305
617 283
618 253
618 1
618 424
619 4
619 277
619 528
620 244
620 1
620 124
621 435
621 189
621 582
622 7
622 212
622 198
623 262
623 276
623 47
624 9
624 167
624 76
625 600
625 244
625 418
626 258
626 298
626 31
627 381
627 229
627 203
628 40
628 18
628 0
629 83
629 370
629 2
630 92
630 351
630 60
631 8
631 44
631 76
632 264
632 159
632 371
633 10
633 17
633 87
634 53
634 145
634 429
635 31
635 5
635 1
636 161
636 438
636 492
637 9
637 86
637 594
638 69
638 575
638 331
639 70
639 87
639 84
640 380
640 529
640 16
641 334
641 600
641 37
642 3
642 629
642 544
643 41
643 17
643 528
644 452
644 324
644 152
645 300
645 3
645 601
646 24
646 287
646 36
647 105
647 256
647 157
648 412
648 447
648 639
649 6
649 386
649 159
650 165
650 431
650 30
651 211
651 417
651 4
652 39
652 364
652 366
653 176
653 432
653 33
654 85
654 334
654 274
655 17
655 68
655 19
656 26
656 2
656 581
657 208
657 116
657 435
658 620
658 505
658 295
659 527
659 530
659 5
660 480
660 4
660 19
661 227
661 2
661 82
662 638
662 196
662 278
663 6
663 53
663 0
664 372
664 1
664 106
665 131
665 44
665 387
666 6
666 76
666 327
667 127
667 411
667 28
668 5
668 34
668 99
669 105
669 498
669 395
670 257
670 18
670 370
671 206
671 0
671 48
672 163
672 502
672 100
673 399
673 105
673 97
674 399
674 244
674 369
675 172
675 176
675 244
676 503
676 41
676 54
677 46
677 85
677 9
678 333
678 23
678 140
679 25
679 72
679 152
680 643
680 51
680 274
681 460
681 659
681 132
682 18
682 76
682 11
683 9
683 129
683 28
684 546
684 180
684 641
685 609
685 167
685 335
686 18
686 0
686 323
687 289
687 0
687 56
688 21
688 1
688 90
689 165
689 635
689 626
690 132
690 686
690 52
691 324
691 0
691 154
692 9
692 123
692 32
693 197
693 249
693 12
694 19
694 229
694 453
695 304
695 652
695 0
696 459
696 100
696 286
697 514
697 26
697 206
698 656
698 44
698 9
699 366
699 441
699 3
700 559
700 58
700 95
701 42
701 204
701 164
702 156
702 546
702 1
703 316
703 577
703 118
704 41
704 105
704 544
705 501
705 336
705 540
706 64
706 6
706 248
707 503
707 100
707 546
708 26
708 297
708 309
709 55
709 301
709 508
710 549
710 487
710 325
711 17
711 26
711 19
712 191
712 100
712 517
713 258
713 178
713 134
714 59
714 56
714 308
715 344
715 5
715 456
716 74
716 627
716 81
717 2
717 637
717 30
718 3
718 522
718 2
719 617
719 218
719 80
720 113
720 284
720 651
721 191
721 26
721 694
722 126
722 9
722 5
723 152
723 176
723 64
724 0
724 303
724 1
725 454
725 426
725 693
726 504
726 81
726 466
727 131
727 30
727 258
728 433
728 17
728 286
729 248
729 80
729 26
730 1
730 642
730 0
731 83
731 42
731 394
732 184
732 32
732 709
733 666
733 498
733 630
734 98
734 68
734 551
735 13
735 1
735 129
736 188
736 9
736 40
737 28
737 45
737 315
738 4
738 54
738 344
739 594
739 369
739 250
740 298
740 425
740 171
741 52
741 208
741 310
742 98
742 482
742 307
743 409
743 76
743 634
744 68
744 321
744 115
745 638
745 310
745 564
746 13
746 1
746 154
747 76
747 295
747 714
748 163
748 600
748 727
749 576
749 283
749 679
750 178
750 16
750 9
751 5
751 152
751 583
752 9
752 0
752 23
753 126
753 115
753 611
754 62
754 267
754 96
755 557
755 62
755 22
756 499
756 514
756 31
757 15
757 57
757 40
758 499
758 427
758 254
759 26
759 19
759 436
760 24
760 51
760 607
761 164
761 722
761 384
762 213
762 158
762 704
763 1
763 634
763 53
764 284
764 34
764 122
765 64
765 152
765 1
766 651
766 630
766 26
767 222
767 602
767 608
768 137
768 42
768 382
769 1
769 6
769 104
770 39
770 178
770 26
771 141
771 721
771 1
772 12
772 17
772 16
773 86
773 530
773 600
774 401
774 284
774 82
775 465
775 0
775 210
776 320
776 372
776 6
777 0
777 484
777 76
778 465
778 92
778 351
779 132
779 82
779 142
780 164
780 723
780 12
781 134
781 242
781 33
782 664
782 206
782 0
783 667
783 3
783 647
784 528
784 303
784 348
785 483
785 486
785 139
786 80
786 211
786 723
787 321
787 15
787 26
788 196
788 114
788 55
789 208
789 158
789 377
790 5
790 245
790 111
791 650
791 189
791 114
792 565
792 439
792 316
793 433
793 1
793 561
794 65
794 157
794 575
795 442
795 161
795 276
796 189
796 2
796 178
797 467
797 240
797 53
798 84
798 162
798 471
799 118
799 3
799 607
800 33
800 370
800 281
801 281
801 127
801 650
802 649
802 55
802 77
803 1
803 21
803 361
804 672
804 227
804 361
805 12
805 47
805 161
806 44
806 279
806 200
807 658
807 631
807 120
808 326
808 100
808 641
809 618
809 651
809 164
810 640
810 512
810 257
811 214
811 456
811 6
812 357
812 2
812 157
813 323
813 33
813 29
814 103
814 51
814 582
815 12
815 1
815 2
816 100
816 131
816 624
817 545
817 298
817 58
818 54
818 551
818 2
819 13
819 146
819 279
820 115
820 88
820 80
821 31
821 8
821 427
822 9
822 0
822 561
823 738
823 124
823 6
824 363
824 331
824 768
825 76
825 363
825 248
826 157
826 171
826 11
827 135
827 41
827 418
828 717
828 693
828 546
829 564
829 542
829 385
830 598
830 8
830 197
831 197
831 63
831 57
832 65
832 280
832 0
833 370
833 670
833 55
834 176
834 442
834 301
835 531
835 510
835 717
836 26
836 79
836 203
837 377
837 213
837 312
838 156
838 100
838 754
839 1
839 622
839 44
840 8
840 352
840 656
841 60
841 736
841 179
842 368
842 26
842 366
843 289
843 60
843 655
844 19
844 324
844 77
845 162
845 629
845 219
846 163
846 191
846 21
847 321
847 225
847 6
848 218
848 33
848 841
849 841
849 363
849 779
850 77
850 536
850 762
851 301
851 148
851 200
852 180
852 298
852 331
853 721
853 552
853 649
854 512
854 706
854 815
855 100
855 245
855 35
856 397
856 794
856 275
857 6
857 161
857 674
858 758
858 707
858 38
859 19
859 7
859 248
860 529
860 54
860 141
861 259
861 159
861 162
862 399
862 225
862 782
863 276
863 16
863 648
864 360
864 556
864 411
865 442
865 704
865 32
866 5
866 25
866 80
867 2
867 115
867 69
868 191
868 836
868 321
869 100
869 361
869 526
870 255
870 817
870 423
871 283
871 168
871 218
872 73
872 98
872 8
873 13
873 246
873 33
874 1
874 150
874 9
875 180
875 231
875 109
876 170
876 276
876 354
877 327
877 256
877 34
878 357
878 577
878 123
879 286
879 546
879 100
880 713
880 417
880 441
881 29
881 685
881 257
882 2
882 204
882 0
883 13
883 95
883 161
884 72
884 685
884 6
885 17
885 2
885 818
886 460
886 640
886 720
887 599
887 707
887 113
888 417
888 802
888 13
889 668
889 30
889 9
890 94
890 760
890 508
891 68
891 248
891 3
892 695
892 654
892 23
893 565
893 775
893 131
894 30
894 319
894 72
895 768
895 578
895 350
896 353
896 600
896 803
897 72
897 6
897 3
898 227
898 606
898 113
899 52
899 2
899 485
900 60
900 450
900 47
901 129
901 33
901 1
902 646
902 551
902 40
903 614
903 26
903 317
904 178
904 126
904 383
905 884
905 256
905 686
906 30
906 26
906 319
907 436
907 605
907 816
908 73
908 659
908 612
909 328
909 3
909 538
910 161
910 263
910 604
911 165
911 100
911 16
912 687
912 803
912 109
913 2
913 511
913 20
914 740
914 324
914 609
915 822
915 141
915 19
916 283
916 6
916 500
917 33
917 71
917 9
918 43
918 519
918 284
919 44
919 673
919 31
920 226
920 229
920 704
921 82
921 336
921 141
922 362
922 61
922 2
923 72
923 480
923 234
924 29
924 40
924 813
925 140
925 435
925 240
926 649
926 119
926 43
927 18
927 0
927 566
928 179
928 1
928 248
929 22
929 514
929 32
930 85
930 883
930 20
931 95
931 135
931 195
932 297
932 658
932 766
933 397
933 64
933 0
934 30
934 8
934 45
935 472
935 803
935 4
936 597
936 540
936 928
937 110
937 510
937 220
938 390
938 854
938 848
939 308
939 488
939 47
940 100
940 267
940 864
941 514
941 595
941 100
942 750
942 446
942 303
943 477
943 54
943 131
944 50
944 753
944 44
945 902
945 131
945 315
946 624
946 153
946 94
947 906
947 451
947 510
948 11
948 61
948 563
949 261
949 902
949 656
950 600
950 249
950 106
951 26
951 167
951 933
952 602
952 668
952 199
953 297
953 934
953 147
954 250
954 294
954 390
955 465
955 10
955 30
956 568
956 303
956 459
957 53
957 91
957 442
958 155
958 83
958 325
959 759
959 9
959 169
960 748
960 29
960 888
961 314
961 326
961 91
962 85
962 53
962 0
963 102
963 175
963 549
964 685
964 782
964 175
965 175
965 114
965 41
966 233
966 18
966 650
967 309
967 3
967 704
968 504
968 685
968 1
969 631
969 9
969 814
970 23
970 135
970 399
971 66
971 85
971 323
972 931
972 549
972 551
973 356
973 447
973 33
974 393
974 114
974 788
975 278
975 248
975 316
976 134
976 217
976 392
977 375
977 57
977 297
978 667
978 56
978 75
979 751
979 27
979 447
980 663
980 565
980 83
981 528
981 230
981 105
982 751
982 417
982 9
983 170
983 482
983 3
984 152
984 163
984 233
985 803
985 471
985 820
986 6
986 113
986 27
987 74
987 34
987 744
988 353
988 0
988 715
989 231
989 273
989 751
990 421
990 748
990 80
991 527
991 642
991 0
992 158
992 9
992 101
993 196
993 515
993 0
994 696
994 689
994 219
995 26
995 879
995 689
996 56
996 795
996 297
997 83
997 758
997 419
998 125
998 435
998 19
999 725
999 417
999 80
