0 1
1 0
2 1
2 0
3 0
3 1
3 2
4 1
4 2
4 0
5 2
5 3
5 1
6 4
6 1
6 2
7 6
7 5
7 1
8 2
8 0
8 1
9 1
9 2
9 7
10 2
10 0
10 3
11 3
11 8
11 2
12 1
12 2
12 6
13 8
13 2
13 6
14 4
14 2
14 11
15 4
15 3
15 5
16 13
16 6
16 2
17 8
17 14
17 1
18 3
18 2
18 1
19 8
19 6
19 17
20 8
20 1
20 2
21 18
21 2
21 8
22 21
22 19
22 3
23 16
23 21
23 13
24 17
24 21
24 2
25 2
25 1
25 6
26 2
26 15
26 11
27 3
27 2
27 26
28 18
28 0
28 20
29 6
29 5
29 24
30 19
30 2
30 0
31 28
31 2
31 15
32 2
32 10
32 28
33 9
33 6
33 29
34 1
34 3
34 29
35 26
35 2
35 19
36 24
36 2
36 21
37 27
37 17
37 21
38 14
38 26
38 28
39 2
39 14
39 13
40 21
40 1
40 3
41 37
41 2
41 1
42 2
42 0
42 21
43 2
43 21
43 20
44 43
44 21
44 24
45 10
45 2
45 1
46 6
46 18
46 0
47 29
47 0
47 40
48 3
48 34
48 43
49 18
49 3
49 39
