0 1
0 2
1 0
1 2
2 0
2 1
3 1
3 2
3 0
4 2
4 0
4 3
5 1
5 2
5 4
6 1
6 3
6 0
7 1
7 6
7 3
8 3
8 0
8 1
9 8
9 1
9 0
10 4
10 7
10 9
11 8
11 0
11 4
12 2
12 9
12 6
13 5
13 2
13 7
14 3
14 12
14 10
15 9
15 6
15 13
16 2
16 3
16 0
17 4
17 15
17 0
18 1
18 10
18 15
19 10
19 8
19 2
20 9
20 16
20 4
21 6
21 0
21 1
22 13
22 12
22 1
23 19
23 0
23 1
24 1
24 0
24 22
25 0
25 23
25 21
26 12
26 1
26 23
27 0
27 12
27 2
28 7
28 1
28 3
29 8
29 25
29 6
30 12
30 3
30 7
31 16
31 28
31 9
32 28
32 1
32 0
33 0
33 13
33 17
34 16
34 12
34 9
35 16
35 8
35 2
36 23
36 28
36 18
37 23
37 1
37 35
38 3
38 9
38 6
39 4
39 20
39 26
40 6
40 7
40 8
41 2
41 38
41 26
42 8
42 22
42 24
43 2
43 13
43 25
44 16
44 25
44 6
45 30
45 22
45 44
46 4
46 0
46 16
47 13
47 28
47 3
48 1
48 6
48 2
49 0
49 11
49 41
50 1
50 39
50 21
51 35
51 49
51 30
52 0
52 47
52 6
53 3
53 26
53 7
54 27
54 22
54 36
55 13
55 32
55 1
56 43
56 9
56 1
57 2
57 56
57 30
58 40
58 5
58 3
59 1
59 0
59 4
60 3
60 45
60 0
61 32
61 2
61 0
62 6
62 25
62 1
63 1
63 49
63 0
64 20
64 32
64 49
65 16
65 9
65 34
66 2
66 32
66 1
67 19
67 28
67 34
68 2
68 64
68 0
69 19
69 23
69 31
70 52
70 28
70 25
71 9
71 20
71 28
72 60
72 56
72 9
73 1
73 27
73 70
74 32
74 6
74 21
75 44
75 47
75 16
76 1
76 6
76 46
77 56
77 2
77 4
78 2
78 25
78 1
79 2
79 5
79 1
80 0
80 57
80 1
81 37
81 16
81 10
82 1
82 6
82 29
83 0
83 16
83 19
84 81
84 70
84 1
85 72
85 67
85 4
86 20
86 67
86 6
87 14
87 64
87 2
88 7
88 6
88 70
89 0
89 4
89 5
90 23
90 3
90 0
91 15
91 7
91 9
92 26
92 73
92 4
93 4
93 73
93 62
94 4
94 65
94 8
95 82
95 23
95 54
96 56
96 64
96 39
97 10
97 81
97 41
98 17
98 93
98 45
99 6
99 91
99 29
100 0
100 57
100 28
101 62
101 17
101 30
102 98
102 39
102 23
103 23
103 51
103 8
104 0
104 6
104 2
105 32
105 36
105 7
106 11
106 73
106 90
107 17
107 0
107 13
108 28
108 50
108 15
109 20
109 0
109 39
110 50
110 82
110 0
111 64
111 0
111 71
112 66
112 0
112 12
113 5
113 86
113 90
114 54
114 32
114 10
115 9
115 6
115 86
116 32
116 112
116 12
117 2
117 22
117 1
118 90
118 55
118 2
119 2
119 79
119 86
120 0
120 82
120 13
121 96
121 2
121 1
122 1
122 50
122 0
123 90
123 16
123 84
124 69
124 42
124 23
125 70
125 30
125 23
126 49
126 3
126 23
127 10
127 7
127 4
128 63
128 1
128 80
129 57
129 10
129 3
130 24
130 55
130 16
131 121
131 115
131 71
132 1
132 22
132 49
133 85
133 116
133 45
134 29
134 98
134 20
135 1
135 121
135 28
136 80
136 0
136 10
137 132
137 6
137 103
138 3
138 10
138 56
139 38
139 100
139 26
140 7
140 79
140 109
141 69
141 109
141 0
142 55
142 84
142 77
143 23
143 97
143 17
144 119
144 60
144 141
145 82
145 8
145 111
146 39
146 98
146 32
147 126
147 125
147 25
148 9
148 26
148 107
149 56
149 7
149 0
150 34
150 0
150 7
151 33
151 16
151 9
152 131
152 4
152 62
153 150
153 32
153 68
154 56
154 67
154 35
155 2
155 141
155 23
156 137
156 6
156 47
157 148
157 77
157 49
158 0
158 19
158 56
159 41
159 158
159 6
160 10
160 5
160 0
161 86
161 23
161 25
162 154
162 13
162 152
163 119
163 155
163 70
164 1
164 134
164 45
165 9
165 77
165 145
166 49
166 157
166 79
167 6
167 1
167 135
168 100
168 115
168 81
169 70
169 115
169 34
170 67
170 35
170 49
171 21
171 131
171 165
172 70
172 34
172 11
173 46
173 81
173 109
174 168
174 66
174 16
175 6
175 11
175 1
176 147
176 4
176 174
177 55
177 144
177 158
178 1
178 86
178 152
179 2
179 107
179 53
180 90
180 26
180 77
181 1
181 109
181 101
182 23
182 49
182 7
183 99
183 27
183 2
184 147
184 13
184 125
185 32
185 13
185 63
186 158
186 127
186 91
187 21
187 113
187 8
188 9
188 66
188 47
189 45
189 2
189 86
190 0
190 168
190 14
191 170
191 183
191 1
192 14
192 2
192 83
193 15
193 16
193 185
194 0
194 6
194 46
195 28
195 2
195 67
196 169
196 3
196 47
197 159
197 131
197 86
198 153
198 135
198 6
199 79
199 6
199 26
200 175
200 6
200 99
201 61
201 184
201 138
202 131
202 3
202 1
203 0
203 15
203 172
204 158
204 117
204 39
205 0
205 48
205 10
206 19
206 174
206 30
207 42
207 4
207 158
208 144
208 2
208 20
209 1
209 73
209 25
210 156
210 26
210 81
211 18
211 86
211 2
212 28
212 4
212 158
213 175
213 106
213 93
214 57
214 1
214 9
215 86
215 144
215 131
216 3
216 186
216 104
217 23
217 109
217 131
218 148
218 3
218 2
219 194
219 94
219 81
220 39
220 170
220 85
221 114
221 1
221 56
222 84
222 14
222 4
223 181
223 101
223 49
224 73
224 6
224 0
225 49
225 13
225 5
226 99
226 24
226 217
227 8
227 95
227 91
228 29
228 23
228 1
229 201
229 86
229 9
230 131
230 103
230 73
231 46
231 6
231 160
232 61
232 13
232 85
233 112
233 86
233 1
234 135
234 4
234 6
235 226
235 98
235 212
236 86
236 26
236 175
237 84
237 2
237 187
238 6
238 40
238 115
239 6
239 82
239 107
240 77
240 62
240 10
241 53
241 19
241 32
242 174
242 4
242 1
243 67
243 7
243 2
244 91
244 65
244 233
245 217
245 60
245 0
246 16
246 22
246 99
247 228
247 111
247 205
248 2
248 7
248 3
249 154
249 220
249 50
250 10
250 188
250 8
251 53
251 117
251 173
252 53
252 7
252 6
253 106
253 95
253 30
254 1
254 146
254 23
255 39
255 1
255 18
256 42
256 0
256 242
257 10
257 17
257 218
258 191
258 64
258 9
259 249
259 79
259 125
260 82
260 48
260 141
261 104
261 115
261 205
262 2
262 21
262 203
263 92
263 6
263 53
264 49
264 249
264 32
265 95
265 1
265 23
266 61
266 16
266 23
267 45
267 30
267 22
268 214
268 180
268 0
269 230
269 160
269 241
270 11
270 254
270 267
271 177
271 82
271 140
272 155
272 0
272 23
273 0
273 214
273 2
274 27
274 18
274 37
275 20
275 4
275 23
276 2
276 222
276 212
277 0
277 116
277 55
278 1
278 30
278 184
279 6
279 16
279 132
280 68
280 218
280 103
281 187
281 183
281 276
282 60
282 54
282 281
283 115
283 87
283 229
284 7
284 168
284 82
285 197
285 29
285 77
286 15
286 36
286 172
287 11
287 156
287 169
288 86
288 31
288 50
289 86
289 158
289 275
290 52
290 187
290 45
291 117
291 249
291 60
292 289
292 136
292 186
293 44
293 184
293 187
294 159
294 195
294 4
295 21
295 1
295 54
296 193
296 88
296 13
297 124
297 14
297 115
298 1
298 7
298 199
299 175
299 131
299 21
300 13
300 17
300 46
301 122
301 115
301 70
302 1
302 70
302 8
303 49
303 192
303 38
304 218
304 0
304 1
305 9
305 237
305 201
306 143
306 98
306 21
307 18
307 104
307 238
308 32
308 127
308 1
309 139
309 1
309 4
310 60
310 51
310 23
311 3
311 4
311 98
312 184
312 30
312 91
313 1
313 138
313 121
314 30
314 38
314 45
315 177
315 52
315 214
316 166
316 46
316 167
317 3
317 209
317 287
318 266
318 116
318 3
319 3
319 218
319 1
320 45
320 74
320 287
321 15
321 23
321 82
322 6
322 192
322 15
323 18
323 45
323 200
324 287
324 128
324 16
325 4
325 10
325 22
326 282
326 296
326 34
327 36
327 166
327 287
328 123
328 203
328 6
329 214
329 146
329 34
330 28
330 172
330 297
331 85
331 12
331 109
332 7
332 92
332 23
333 47
333 49
333 8
334 98
334 249
334 91
335 115
335 1
335 127
336 158
336 79
336 21
337 242
337 302
337 1
338 0
338 165
338 6
339 162
339 51
339 2
340 85
340 21
340 155
341 103
341 85
341 204
342 3
342 218
342 326
343 242
343 302
343 54
344 289
344 229
344 162
345 327
345 1
345 22
346 1
346 102
346 326
347 274
347 6
347 87
348 88
348 116
348 4
349 135
349 101
349 6
350 12
350 91
350 59
351 189
351 72
351 68
352 68
352 287
352 200
353 6
353 62
353 256
354 81
354 241
354 201
355 87
355 115
355 278
356 6
356 0
356 152
357 125
357 335
357 278
358 343
358 84
358 30
359 9
359 1
359 332
360 160
360 243
360 172
361 10
361 175
361 2
362 133
362 124
362 20
363 333
363 43
363 8
364 145
364 14
364 49
365 23
365 181
365 80
366 0
366 23
366 89
367 13
367 332
367 64
368 8
368 116
368 11
369 21
369 16
369 293
370 28
370 26
370 234
371 48
371 86
371 30
372 91
372 161
372 1
373 224
373 308
373 196
374 135
374 303
374 115
375 348
375 283
375 304
376 124
376 17
376 66
377 7
377 362
377 49
378 6
378 4
378 252
379 30
379 2
379 16
380 139
380 69
380 196
381 57
381 41
381 60
382 18
382 317
382 4
383 369
383 321
383 89
384 343
384 1
384 195
385 82
385 125
385 0
386 242
386 1
386 297
387 285
387 261
387 46
388 1
388 274
388 6
389 22
389 304
389 148
390 273
390 23
390 268
391 195
391 60
391 174
392 305
392 194
392 321
393 353
393 165
393 78
394 93
394 273
394 115
395 302
395 8
395 222
396 230
396 388
396 23
397 237
397 127
397 196
398 71
398 46
398 28
399 51
399 16
399 243
400 2
400 354
400 153
401 0
401 135
401 47
402 128
402 260
402 116
403 174
403 12
403 19
404 70
404 252
404 19
405 1
405 21
405 76
406 62
406 82
406 402
407 10
407 304
407 138
408 48
408 144
408 156
409 64
409 219
409 90
410 205
410 1
410 296
411 70
411 188
411 120
412 46
412 67
412 70
413 41
413 82
413 74
414 170
414 256
414 115
415 16
415 49
415 178
416 48
416 15
416 132
417 200
417 30
417 87
418 79
418 119
418 208
419 7
419 195
419 67
420 277
420 23
420 112
421 259
421 22
421 5
422 91
422 161
422 32
423 371
423 8
423 107
424 399
424 194
424 165
425 358
425 167
425 12
426 3
426 84
426 196
427 169
427 86
427 239
428 401
428 20
428 422
429 29
429 2
429 184
430 382
430 171
430 0
431 9
431 382
431 345
432 82
432 200
432 189
433 192
433 320
433 2
434 110
434 15
434 22
435 23
435 7
435 148
436 165
436 139
436 202
437 278
437 40
437 103
438 4
438 364
438 254
439 216
439 47
439 111
440 28
440 300
440 55
441 68
441 402
441 430
442 186
442 13
442 148
443 62
443 203
443 429
444 73
444 92
444 28
445 431
445 329
445 88
446 112
446 319
446 285
447 285
447 77
447 129
448 444
448 146
448 4
449 6
449 21
449 71
450 11
450 6
450 230
451 7
451 0
451 95
452 18
452 285
452 398
453 451
453 91
453 39
454 300
454 322
454 9
455 413
455 142
455 0
456 1
456 200
456 138
457 266
457 263
457 332
458 408
458 8
458 166
459 241
459 196
459 413
460 160
460 80
460 121
461 28
461 161
461 25
462 365
462 148
462 204
463 127
463 102
463 12
464 307
464 116
464 323
465 359
465 354
465 278
466 10
466 375
466 16
467 251
467 24
467 81
468 1
468 6
468 116
469 28
469 3
469 41
470 219
470 261
470 189
471 419
471 97
471 199
472 341
472 162
472 70
473 112
473 13
473 101
474 428
474 168
474 108
475 1
475 109
475 342
476 386
476 140
476 90
477 456
477 2
477 26
478 148
478 32
478 438
479 134
479 468
479 23
480 69
480 34
480 12
481 262
481 202
481 289
482 91
482 25
482 106
483 2
483 32
483 70
484 219
484 2
484 285
485 380
485 45
485 22
486 335
486 8
486 456
487 56
487 248
487 293
488 316
488 2
488 9
489 217
489 15
489 266
490 470
490 86
490 16
491 365
491 388
491 1
492 30
492 3
492 409
493 6
493 277
493 194
494 2
494 154
494 198
495 291
495 131
495 230
496 20
496 94
496 67
497 31
497 116
497 483
498 92
498 60
498 25
499 386
499 0
499 394
