0 1
1 0
2 0
2 1
3 0
3 2
3 1
4 1
4 3
4 0
5 1
5 0
5 3
6 1
6 0
6 3
7 0
7 1
7 4
8 6
8 3
8 7
9 8
9 0
9 7
10 0
10 1
10 3
11 0
11 6
11 1
12 0
12 9
12 8
13 12
13 5
13 7
14 8
14 1
14 0
15 12
15 9
15 3
16 11
16 5
16 8
17 9
17 1
17 5
18 1
18 3
18 0
19 7
19 6
19 3
20 8
20 15
20 11
21 4
21 3
21 7
22 1
22 19
22 0
23 12
23 0
23 15
24 0
24 5
24 1
25 17
25 0
25 8
26 10
26 15
26 6
27 15
27 23
27 13
28 15
28 18
28 7
29 12
29 0
29 19
30 0
30 1
30 5
31 27
31 8
31 7
32 1
32 4
32 7
33 15
33 10
33 2
34 1
34 17
34 24
35 17
35 5
35 21
36 17
36 35
36 0
37 10
37 7
37 0
38 12
38 14
38 25
39 25
39 32
39 24
40 27
40 36
40 37
41 2
41 6
41 3
42 27
42 3
42 16
43 6
43 5
43 36
44 9
44 28
44 31
45 16
45 35
45 20
46 0
46 23
46 25
47 4
47 30
47 10
48 8
48 10
48 34
49 16
49 5
49 2
50 24
50 31
50 1
51 2
51 0
51 10
52 8
52 33
52 32
53 7
53 27
53 15
54 36
54 28
54 11
55 14
55 2
55 3
56 0
56 42
56 24
57 20
57 19
57 1
58 2
58 3
58 1
59 20
59 1
59 5
60 3
60 13
60 9
61 2
61 18
61 57
62 7
62 20
62 52
63 20
63 7
63 2
64 1
64 56
64 18
65 21
65 58
65 64
66 63
66 46
66 0
67 0
67 12
67 50
68 27
68 9
68 64
69 61
69 32
69 7
70 5
70 2
70 10
71 13
71 3
71 31
72 47
72 2
72 23
73 47
73 9
73 43
74 1
74 52
74 73
75 47
75 40
75 48
76 63
76 10
76 33
77 1
77 46
77 17
78 19
78 7
78 34
79 12
79 64
79 2
80 9
80 1
80 12
81 33
81 49
81 3
82 29
82 4
82 16
83 66
83 47
83 55
84 25
84 36
84 53
85 39
85 45
85 36
86 9
86 1
86 79
87 16
87 0
87 7
88 0
88 11
88 20
89 72
89 32
89 14
90 79
90 24
90 47
91 74
91 9
91 49
92 21
92 1
92 53
93 23
93 8
93 83
94 9
94 42
94 55
95 23
95 6
95 31
96 3
96 66
96 53
97 1
97 7
97 0
98 24
98 59
98 2
99 73
99 0
99 51
