1 0
2 0
2 1
3 2
3 1
3 0
4 1
4 0
4 3
5 3
5 1
5 0
6 3
6 1
6 2
7 0
7 2
7 4
8 6
8 3
8 0
9 0
9 7
9 4
10 3
10 0
10 2
11 9
11 6
11 0
12 0
12 5
12 7
13 1
13 3
13 11
14 10
14 12
14 1
15 7
15 0
15 1
16 2
16 1
16 4
17 1
17 6
17 3
18 0
18 4
18 5
19 3
19 10
19 7
20 10
20 0
20 11
21 20
21 3
21 9
22 9
22 5
22 10
23 22
23 0
23 16
24 6
24 5
24 10
25 0
25 13
25 22
26 0
26 7
26 20
27 3
27 1
27 16
28 20
28 10
28 19
29 3
29 4
29 17
30 25
30 6
30 2
31 7
31 25
31 1
32 3
32 0
32 26
33 0
33 1
33 9
34 16
34 0
34 27
35 3
35 2
35 17
36 26
36 13
36 15
37 13
37 10
37 15
38 3
38 0
38 23
39 2
39 0
39 18
40 15
40 5
40 9
41 35
41 25
41 16
42 0
42 14
42 5
43 3
43 0
43 38
44 39
44 16
44 15
45 16
45 43
45 7
46 30
46 3
46 18
47 13
47 15
47 17
48 47
48 22
48 13
49 0
49 48
49 8
