0 1
1 0
2 1
2 0
3 2
3 0
3 1
4 2
4 0
4 3
5 0
5 2
5 3
6 3
6 4
6 1
7 1
7 0
7 4
8 3
8 4
8 0
9 0
9 1
9 2
10 7
10 0
10 1
11 1
11 2
11 0
12 4
12 2
12 1
13 6
13 1
13 2
14 0
14 3
14 2
15 1
15 2
15 11
16 0
16 8
16 12
17 0
17 14
17 1
18 1
18 0
18 5
19 16
19 0
19 7
20 3
20 0
20 12
21 11
21 20
21 8
22 0
22 3
22 1
23 11
23 2
23 17
24 13
24 16
24 9
25 3
25 16
25 2
26 22
26 3
26 17
27 13
27 3
27 9
28 0
28 4
28 12
29 28
29 11
29 0
30 17
30 12
30 3
31 0
31 8
31 27
32 12
32 13
32 6
33 10
33 4
33 1
34 19
34 26
34 13
35 9
35 12
35 14
36 3
36 0
36 22
37 25
37 23
37 1
38 4
38 17
38 12
39 18
39 2
39 4
40 3
40 34
40 17
41 3
41 32
41 37
42 24
42 9
42 2
43 8
43 2
43 1
44 20
44 2
44 3
45 1
45 10
45 20
46 8
46 11
46 12
47 9
47 4
47 13
48 31
48 30
48 8
49 38
49 33
49 8
