0 1
0 2
0 3
0 5
0 7
0 11
0 13
1 0
1 2
1 3
1 4
1 5
1 7
1 10
2 1
2 0
2 3
2 4
2 5
2 6
2 8
3 0
3 2
3 1
3 4
3 6
3 8
3 9
4 2
4 3
4 1
4 9
4 11
4 12
4 13
5 0
5 1
5 2
5 6
5 8
5 10
5 19
6 3
6 2
6 5
6 7
6 9
6 13
7 1
7 0
7 6
7 18
7 28
7 29
7 30
8 2
8 3
8 5
8 10
8 14
8 15
8 24
9 6
9 4
9 3
9 32
10 8
10 1
10 5
10 14
10 26
10 27
10 33
11 0
11 1
11 4
11 12
11 16
11 20
11 28
12 11
12 2
12 4
12 21
12 23
12 43
13 4
13 0
13 6
13 20
13 23
13 25
14 10
14 2
14 8
14 16
14 22
15 2
15 0
15 8
15 36
15 42
16 11
16 0
16 14
16 23
17 2
17 1
17 0
17 18
17 21
18 17
18 2
18 7
18 27
19 2
19 0
19 5
19 41
20 11
20 13
20 5
21 17
21 12
21 5
21 22
21 25
21 26
21 31
22 21
22 5
22 14
22 30
22 31
22 39
22 40
23 12
23 13
23 16
23 49
24 1
24 8
24 3
24 38
25 21
25 1
25 13
25 34
26 21
26 10
26 5
26 32
26 43
27 10
27 3
27 18
27 35
27 37
28 11
28 0
28 7
29 3
29 7
29 1
30 2
30 22
30 7
30 31
30 44
31 30
31 22
31 21
31 40
32 9
32 2
32 26
32 33
33 1
33 10
33 32
34 2
34 25
34 1
35 27
35 0
35 5
35 37
35 39
36 15
36 4
36 1
37 4
37 27
37 35
38 24
38 4
38 5
38 45
39 35
39 21
39 22
39 41
39 47
40 31
40 22
40 0
40 48
41 39
41 19
41 0
42 5
42 15
42 8
43 5
43 12
43 26
44 30
44 8
44 5
44 49
45 3
45 5
45 38
46 1
46 5
46 3
47 39
47 8
47 7
48 22
48 2
48 40
49 44
49 8
49 23
