0 1
0 2
1 0
1 2
2 0
2 1
3 2
3 0
3 1
4 2
4 1
4 0
5 0
5 1
5 4
6 3
6 0
6 1
7 3
7 1
7 2
8 2
8 4
8 7
9 1
9 2
9 5
10 4
10 3
10 5
11 5
11 1
11 2
12 1
12 2
12 11
13 0
13 7
13 2
14 0
14 1
14 2
15 5
15 4
15 0
16 0
16 11
16 6
17 7
17 1
17 4
18 1
18 11
18 10
19 5
19 0
19 1
20 0
20 2
20 3
21 12
21 16
21 4
22 18
22 1
22 0
23 1
23 2
23 7
24 0
24 2
24 1
25 19
25 11
25 9
26 12
26 10
26 2
27 5
27 22
27 23
28 2
28 14
28 21
29 7
29 3
29 1
30 0
30 6
30 21
31 8
31 7
31 19
32 31
32 26
32 27
33 3
33 1
33 7
34 9
34 25
34 5
35 22
35 1
35 0
36 27
36 7
36 4
37 1
37 19
37 7
38 6
38 25
38 22
39 36
39 0
39 30
40 0
40 2
40 4
41 16
41 4
41 6
42 22
42 41
42 20
43 5
43 28
43 0
44 1
44 4
44 14
45 42
45 2
45 0
46 26
46 44
46 4
47 32
47 4
47 9
48 2
48 1
48 42
49 1
49 2
49 4
50 2
50 28
50 0
51 7
51 32
51 11
52 14
52 24
52 16
53 44
53 34
53 0
54 13
54 2
54 10
55 21
55 7
55 14
56 25
56 1
56 2
57 32
57 4
57 23
58 4
58 10
58 0
59 0
59 1
59 2
60 16
60 0
60 52
61 4
61 38
61 42
62 5
62 7
62 0
63 0
63 56
63 10
64 25
64 2
64 1
65 21
65 11
65 64
66 5
66 10
66 15
67 40
67 1
67 60
68 0
68 14
68 2
69 61
69 24
69 38
70 1
70 0
70 69
71 6
71 66
71 2
72 0
72 9
72 6
73 72
73 0
73 59
74 27
74 4
74 2
75 1
75 14
75 16
76 8
76 55
76 25
77 11
77 71
77 16
78 43
78 16
78 63
79 22
79 7
79 4
80 4
80 9
80 41
81 68
81 60
81 31
82 11
82 40
82 31
83 21
83 7
83 77
84 83
84 41
84 7
85 3
85 1
85 51
86 46
86 5
86 7
87 21
87 2
87 25
88 17
88 2
88 5
89 39
89 4
89 7
90 40
90 73
90 30
91 70
91 48
91 56
92 11
92 4
92 22
93 22
93 33
93 75
94 20
94 43
94 0
95 61
95 27
95 0
96 55
96 0
96 8
97 83
97 47
97 45
98 12
98 14
98 1
99 63
99 7
99 1
