0 1
0 2
0 3
0 4
0 5
0 6
0 7
0 8
0 9
0 10
0 11
1 0
1 2
1 3
1 4
1 6
1 8
1 12
1 13
1 17
1 18
1 19
2 1
2 0
2 3
2 4
2 5
2 6
2 7
2 10
2 19
3 0
3 2
3 1
3 17
4 0
4 1
4 2
4 5
4 7
4 9
5 4
5 0
5 2
5 8
5 15
5 19
6 0
6 2
6 1
6 12
6 15
6 18
7 2
7 0
7 4
7 17
8 0
8 5
8 1
8 9
8 10
8 12
8 13
8 14
9 0
9 4
9 8
9 11
9 13
9 14
9 15
9 16
10 8
10 2
10 0
10 11
10 18
11 10
11 0
11 9
11 16
12 8
12 6
12 1
13 8
13 1
13 9
13 14
14 8
14 13
14 9
14 16
15 6
15 9
15 5
16 14
16 9
16 11
17 3
17 1
17 7
18 6
18 1
18 10
19 2
19 1
19 5
