0 1
1 0
2 1
2 0
3 2
3 1
3 0
4 1
4 3
4 0
5 3
5 0
5 1
6 0
6 3
6 2
7 1
7 2
7 5
8 2
8 1
8 0
9 5
9 0
9 2
10 3
10 0
10 4
11 10
11 1
11 2
12 2
12 4
12 3
13 9
13 4
13 6
14 1
14 2
14 9
15 1
15 7
15 3
16 2
16 6
16 9
17 1
17 0
17 12
18 0
18 1
18 14
19 6
19 3
19 5
20 7
20 2
20 4
21 10
21 2
21 0
22 16
22 0
22 11
23 12
23 2
23 5
24 1
24 10
24 13
25 3
25 2
25 5
26 9
26 3
26 0
27 3
27 7
27 4
28 1
28 11
28 9
29 19
29 10
29 25
30 11
30 2
30 3
31 18
31 10
31 9
32 19
32 1
32 26
33 0
33 5
33 19
34 4
34 2
34 14
35 0
35 9
35 29
36 14
36 1
36 4
37 10
37 1
37 31
38 1
38 3
38 2
39 2
39 9
39 0
40 34
40 0
40 7
41 24
41 4
41 5
42 1
42 26
42 3
43 28
43 2
43 18
44 7
44 2
44 12
45 20
45 22
45 11
46 9
46 28
46 4
47 6
47 10
47 1
48 29
48 4
48 5
49 5
49 2
49 23
