0 1
0 2
1 0
1 2
2 1
2 0
3 2
3 0
3 1
4 1
4 3
4 0
5 0
5 2
5 3
6 0
6 1
6 2
7 2
7 4
7 0
8 4
8 3
8 0
9 3
9 0
9 1
10 5
10 1
10 4
11 0
11 2
11 9
12 2
12 0
12 4
13 5
13 3
13 11
14 11
14 3
14 4
15 0
15 6
15 2
16 4
16 3
16 9
17 15
17 4
17 3
18 4
18 9
18 16
19 5
19 10
19 3
20 3
20 17
20 12
21 2
21 7
21 3
22 2
22 3
22 1
23 16
23 4
23 1
24 22
24 15
24 23
25 2
25 17
25 14
26 10
26 25
26 2
27 15
27 1
27 4
28 15
28 2
28 27
29 11
29 9
29 3
30 12
30 4
30 1
31 29
31 3
31 2
32 4
32 1
32 0
33 8
33 2
33 4
34 9
34 28
34 21
35 26
35 18
35 31
36 5
36 16
36 26
37 25
37 12
37 6
38 0
38 31
38 27
39 32
39 0
39 2
40 7
40 27
40 3
41 30
41 5
41 23
42 5
42 26
42 4
43 15
43 24
43 3
44 1
44 9
44 2
45 34
45 38
45 0
46 12
46 10
46 39
47 45
47 34
47 14
48 24
48 40
48 23
49 3
49 47
49 9
