0 1
0 2
0 3
0 4
1 0
1 2
1 3
1 4
2 1
2 0
2 3
2 4
3 0
3 1
3 2
3 5
4 1
4 2
4 0
4 5
5 0
5 4
5 3
5 6
6 2
6 5
6 1
6 7
7 1
7 6
7 5
7 24
8 5
8 4
8 1
8 11
9 6
9 3
9 0
9 41
10 1
10 2
10 0
10 17
11 8
11 0
11 1
11 52
12 3
12 5
12 6
12 43
13 6
13 5
13 3
13 34
14 1
14 2
14 6
14 20
15 2
15 1
15 3
15 16
16 2
16 15
16 3
16 29
17 1
17 2
17 10
17 19
18 6
18 15
18 2
18 19
19 18
19 1
19 17
19 36
20 10
20 1
20 14
20 35
21 8
21 5
21 4
21 31
22 5
22 4
22 17
22 107
23 17
23 15
23 2
23 25
24 7
24 3
24 1
24 28
25 23
25 15
25 0
25 26
26 17
26 25
26 14
26 41
27 18
27 6
27 23
27 43
28 5
28 4
28 24
28 32
29 23
29 1
29 16
29 48
30 2
30 1
30 0
30 39
31 21
31 3
31 2
31 42
32 3
32 28
32 15
32 33
33 32
33 15
33 25
33 37
34 13
34 5
34 2
34 47
35 10
35 20
35 4
35 60
36 10
36 19
36 5
36 47
37 25
37 3
37 33
37 44
38 32
38 2
38 20
38 71
39 2
39 20
39 30
39 44
40 5
40 20
40 3
40 124
41 9
41 0
41 26
41 51
42 4
42 31
42 1
42 46
43 15
43 27
43 12
43 69
44 39
44 13
44 37
44 66
45 1
45 27
45 25
45 102
46 0
46 42
46 27
46 64
47 2
47 34
47 36
47 93
48 29
48 25
48 4
48 50
49 31
49 14
49 27
49 416
50 5
50 27
50 48
50 114
51 31
51 41
51 28
51 53
52 11
52 25
52 33
52 67
53 51
53 11
53 15
53 54
54 48
54 17
54 53
54 68
55 28
55 19
55 32
55 85
56 34
56 42
56 6
56 59
57 9
57 24
57 16
57 72
58 14
58 8
58 27
58 110
59 27
59 56
59 39
59 61
60 6
60 35
60 21
60 100
61 59
61 29
61 2
61 121
62 17
62 0
62 15
62 130
63 29
63 6
63 27
63 65
64 5
64 46
64 51
64 83
65 37
65 12
65 63
65 73
66 39
66 44
66 2
66 84
67 52
67 26
67 27
67 78
68 1
68 21
68 54
68 104
69 34
69 43
69 48
69 302
70 1
70 37
70 24
70 425
71 38
71 42
71 3
71 107
72 28
72 57
72 54
72 76
73 65
73 54
73 21
73 97
74 59
74 39
74 6
74 110
75 59
75 2
75 30
75 125
76 0
76 3
76 72
76 89
77 39
77 33
77 3
77 245
78 41
78 2
78 67
78 254
79 1
79 26
79 3
79 233
80 19
80 15
80 2
80 85
81 5
81 15
81 30
81 91
82 4
82 37
82 9
82 98
83 64
83 9
83 38
83 126
84 31
84 66
84 48
84 88
85 55
85 15
85 80
85 87
86 54
86 5
86 8
86 341
87 85
87 2
87 63
87 200
88 54
88 72
88 84
88 116
89 28
89 44
89 76
89 190
90 25
90 39
90 32
90 148
91 5
91 51
91 81
91 92
92 91
92 9
92 52
92 106
93 47
93 46
93 16
93 203
94 17
94 53
94 10
94 144
95 29
95 6
95 5
95 227
96 26
96 38
96 5
96 343
97 73
97 15
97 19
97 139
98 3
98 2
98 82
99 42
99 25
99 2
99 459
100 54
100 60
100 91
100 109
101 44
101 23
101 34
101 204
102 45
102 21
102 5
102 188
103 6
103 39
103 84
103 270
104 59
104 68
104 13
104 170
105 15
105 14
105 2
105 220
106 48
106 3
106 92
106 109
107 68
107 71
107 22
107 123
108 38
108 5
108 9
108 240
109 81
109 106
109 100
109 129
110 58
110 46
110 74
110 165
111 21
111 48
111 14
111 146
112 46
112 25
112 68
112 155
113 5
113 66
113 81
113 172
114 14
114 50
114 15
114 147
115 20
115 11
115 3
115 209
116 8
116 0
116 88
116 131
117 64
117 5
117 54
117 156
118 82
118 2
118 13
119 54
119 17
119 42
119 192
120 27
120 2
120 37
120 145
121 48
121 61
121 2
121 196
122 2
122 1
122 17
122 123
123 39
123 107
123 122
123 312
124 40
124 42
124 107
124 242
125 75
125 47
125 0
125 351
126 83
126 21
126 10
126 182
127 2
127 26
127 122
127 140
128 54
128 81
128 8
129 2
129 26
129 109
129 135
130 66
130 74
130 62
130 286
131 4
131 72
131 116
131 133
132 3
132 10
132 75
132 171
133 59
133 131
133 3
133 161
134 54
134 13
134 57
134 261
135 5
135 129
135 14
135 144
136 73
136 29
136 32
136 195
137 3
137 131
137 60
137 208
138 48
138 15
138 16
138 417
139 57
139 16
139 97
139 148
140 54
140 127
140 68
140 148
141 3
141 1
141 2
141 361
142 28
142 20
142 15
143 19
143 61
143 17
143 271
144 3
144 135
144 94
145 66
145 120
145 34
145 147
146 59
146 111
146 12
146 149
147 41
147 145
147 114
147 160
148 139
148 140
148 90
148 250
149 31
149 45
149 146
149 327
150 27
150 25
150 29
150 154
151 26
151 48
151 44
152 14
152 0
152 39
152 198
153 67
153 74
153 129
153 382
154 150
154 34
154 4
154 174
155 32
155 61
155 112
155 208
156 117
156 34
156 2
156 215
157 116
157 6
157 5
157 388
158 5
158 44
158 2
158 380
159 91
159 2
159 92
159 313
160 147
160 17
160 2
160 216
161 133
161 5
161 10
161 168
162 129
162 63
162 50
162 194
163 46
163 54
163 60
163 230
164 54
164 3
164 66
165 53
165 110
165 65
165 176
166 66
166 83
166 117
166 172
167 21
167 34
167 5
167 224
168 14
168 161
168 76
168 241
169 38
169 61
169 81
170 4
170 104
170 57
170 199
171 132
171 14
171 9
171 185
172 81
172 166
172 113
172 257
173 66
173 161
173 106
173 382
174 0
174 20
174 154
174 194
175 120
175 111
175 161
175 288
176 154
176 28
176 165
176 220
177 0
177 67
177 26
177 272
178 91
178 83
178 116
178 270
179 17
179 45
179 47
179 387
180 6
180 116
180 42
180 193
181 1
181 84
181 47
181 255
182 24
182 52
182 126
182 333
183 127
183 57
183 1
183 186
184 58
184 110
184 72
184 338
185 171
185 50
185 52
185 308
186 183
186 47
186 133
186 429
187 51
187 23
187 57
188 114
188 102
188 48
188 266
189 32
189 40
189 23
190 89
190 91
190 0
190 280
191 14
191 13
191 114
191 288
192 10
192 119
192 2
193 67
193 180
193 10
194 162
194 174
194 122
194 206
195 13
195 136
195 31
195 276
196 116
196 121
196 107
196 247
197 139
197 5
197 9
197 291
198 2
198 152
198 57
198 242
199 46
199 112
199 170
199 410
200 28
200 87
200 183
200 326
201 47
201 147
201 42
202 10
202 44
202 67
203 16
203 93
203 10
203 251
204 46
204 2
204 101
204 219
205 38
205 154
205 5
206 68
206 194
206 24
207 102
207 75
207 17
207 314
208 154
208 137
208 155
208 265
209 62
209 115
209 48
209 304
210 67
210 6
210 41
210 311
211 66
211 8
211 136
212 44
212 133
212 54
213 9
213 20
213 45
213 427
214 3
214 10
214 116
215 156
215 32
215 44
216 33
216 160
216 54
216 283
217 2
217 83
217 15
218 17
218 28
218 9
219 204
219 14
219 67
219 462
220 105
220 81
220 176
220 337
221 114
221 5
221 27
221 283
222 37
222 27
222 146
223 117
223 56
223 4
223 246
224 16
224 133
224 167
225 73
225 74
225 45
226 135
226 104
226 3
226 228
227 10
227 95
227 9
227 315
228 226
228 6
228 55
228 256
229 171
229 15
229 2
229 322
230 163
230 102
230 27
230 273
231 65
231 1
231 73
231 320
232 39
232 26
232 25
232 385
233 92
233 79
233 180
234 2
234 17
234 110
234 370
235 107
235 24
235 102
235 356
236 54
236 136
236 131
236 362
237 27
237 54
237 6
238 95
238 29
238 61
239 14
239 171
239 37
240 42
240 10
240 108
240 409
241 168
241 170
241 83
241 249
242 42
242 198
242 124
242 302
243 3
243 57
243 28
243 255
244 124
244 57
244 17
245 41
245 42
245 77
245 356
246 223
246 119
246 15
246 251
247 2
247 124
247 196
247 273
248 180
248 106
248 2
249 241
249 204
249 20
250 114
250 48
250 148
250 290
251 94
251 203
251 246
251 287
252 43
252 131
252 60
252 435
253 10
253 2
253 5
253 260
254 78
254 9
254 35
254 294
255 181
255 133
255 243
255 284
256 79
256 132
256 228
256 261
257 172
257 139
257 24
257 268
258 24
258 109
258 34
259 161
259 15
259 66
259 268
260 228
260 253
260 131
261 134
261 256
261 19
261 444
262 119
262 170
262 4
262 353
263 47
263 203
263 0
264 150
264 6
264 171
264 486
265 208
265 29
265 148
265 316
266 45
266 188
266 170
266 368
267 57
267 14
267 172
267 354
268 259
268 3
268 257
268 303
269 101
269 19
269 60
270 178
270 103
270 16
270 421
271 143
271 32
271 6
271 391
272 27
272 53
272 177
273 230
273 33
273 247
273 494
274 0
274 67
274 31
274 331
275 20
275 3
275 180
276 41
276 23
276 195
277 131
277 154
277 7
278 50
278 48
278 13
279 24
279 6
279 4
279 305
280 190
280 76
280 81
281 5
281 166
281 7
281 360
282 8
282 41
282 4
282 363
283 221
283 216
283 148
283 454
284 1
284 255
284 52
284 294
285 95
285 72
285 4
286 130
286 42
286 216
287 251
287 223
287 146
287 352
288 7
288 191
288 175
288 383
289 194
289 2
289 178
290 41
290 250
290 10
290 359
291 131
291 197
291 1
292 16
292 124
292 31
293 59
293 16
293 38
293 423
294 59
294 254
294 284
294 440
295 226
295 51
295 37
296 40
296 152
296 172
296 312
297 53
297 107
297 4
298 72
298 48
298 14
299 10
299 19
299 170
299 333
300 66
300 170
300 4
301 107
301 97
301 171
302 242
302 111
302 69
302 342
303 54
303 268
303 25
303 374
304 209
304 5
304 129
305 28
305 279
305 57
306 10
306 51
306 143
306 383
307 8
307 59
307 194
307 347
308 59
308 185
308 84
308 410
309 101
309 24
309 58
310 170
310 40
310 57
310 347
311 81
311 42
311 210
311 323
312 296
312 123
312 44
313 137
313 59
313 159
314 6
314 110
314 207
314 481
315 136
315 35
315 227
315 330
316 265
316 2
316 127
316 336
317 106
317 7
317 243
317 339
318 4
318 11
318 116
318 377
319 130
319 55
319 37
320 3
320 231
320 17
320 418
321 75
321 14
321 32
321 334
322 4
322 0
322 229
322 327
323 311
323 175
323 26
324 311
324 180
324 172
324 436
325 3
325 162
325 71
326 4
326 200
326 88
326 476
327 181
327 322
327 149
328 146
328 136
328 51
329 29
329 135
329 1
330 315
330 64
330 1
330 364
331 274
331 95
331 29
332 154
332 255
332 2
332 395
333 299
333 59
333 182
334 321
334 1
334 203
334 378
335 216
335 25
335 32
336 315
336 316
336 322
337 7
337 73
337 220
338 122
338 161
338 184
338 492
339 69
339 317
339 203
340 45
340 0
340 1
341 86
341 4
341 116
341 350
342 302
342 69
342 52
342 343
343 110
343 96
343 342
344 102
344 9
344 48
345 246
345 38
345 73
346 25
346 1
346 67
346 459
347 307
347 310
347 127
347 391
348 25
348 20
348 105
349 243
349 28
349 116
349 375
350 6
350 341
350 156
351 125
351 103
351 194
351 394
352 92
352 287
352 59
353 262
353 103
353 38
354 267
354 0
354 107
354 399
355 8
355 247
355 315
356 235
356 245
356 24
356 413
357 5
357 310
357 1
357 433
358 1
358 9
358 124
359 190
359 290
359 1
359 418
360 39
360 281
360 42
361 302
361 307
361 141
362 262
362 236
362 178
362 431
363 129
363 282
363 184
364 159
364 330
364 154
365 113
365 107
365 247
365 386
366 1
366 210
366 106
366 447
367 279
367 150
367 47
368 73
368 266
368 30
369 168
369 14
369 60
370 234
370 123
370 210
370 398
371 4
371 21
371 184
372 101
372 58
372 152
372 385
373 246
373 111
373 279
373 475
374 220
374 303
374 91
374 432
375 130
375 4
375 349
375 477
376 110
376 108
376 51
376 445
377 57
377 318
377 69
378 334
378 152
378 59
379 20
379 111
379 38
379 433
380 158
380 46
380 3
381 117
381 38
381 10
382 153
382 21
382 173
382 479
383 306
383 288
383 251
384 208
384 29
384 121
384 390
385 175
385 372
385 232
386 42
386 6
386 365
387 179
387 5
387 45
388 157
388 92
388 20
389 74
389 150
389 148
390 384
390 6
390 87
391 1
391 347
391 271
391 481
392 14
392 0
392 3
393 10
393 39
393 129
393 454
394 351
394 247
394 31
395 296
395 332
395 161
395 495
396 6
396 87
396 10
397 38
397 57
397 245
398 13
398 3
398 370
399 42
399 171
399 354
399 401
400 11
400 26
400 2
400 483
401 399
401 57
401 69
401 453
402 63
402 83
402 0
403 121
403 59
403 9
404 26
404 256
404 80
405 1
405 63
405 102
406 247
406 303
406 14
406 497
407 57
407 9
407 52
408 155
408 105
408 137
409 240
409 134
409 302
410 308
410 199
410 59
411 266
411 34
411 57
412 73
412 52
412 37
413 246
413 356
413 172
413 445
414 245
414 13
414 3
414 421
415 28
415 21
415 9
416 49
416 34
416 250
417 138
417 13
417 365
418 182
418 320
418 359
419 15
419 178
419 232
419 439
420 102
420 65
420 15
421 414
421 20
421 270
422 39
422 5
422 33
423 5
423 349
423 293
424 250
424 316
424 63
424 449
425 9
425 91
425 70
426 228
426 49
426 365
426 477
427 198
427 6
427 213
428 152
428 161
428 41
429 186
429 123
429 131
429 450
430 59
430 150
430 25
431 356
431 115
431 362
432 210
432 58
432 374
433 379
433 228
433 357
433 436
434 120
434 31
434 203
434 492
435 252
435 137
435 356
435 460
436 324
436 433
436 354
436 453
437 332
437 84
437 2
438 131
438 324
438 251
439 155
439 419
439 15
440 294
440 66
440 16
441 25
441 0
441 2
442 137
442 359
442 52
443 2
443 153
443 231
443 469
444 261
444 19
444 230
444 468
445 413
445 376
445 176
445 467
446 25
446 44
446 47
447 366
447 250
447 110
448 6
448 121
448 19
448 478
449 424
449 10
449 29
449 498
450 261
450 429
450 281
451 20
451 55
451 54
452 166
452 47
452 52
453 436
453 401
453 9
454 283
454 56
454 393
455 287
455 247
455 288
456 54
456 429
456 372
457 38
457 256
457 97
458 3
458 15
458 103
459 99
459 346
459 235
460 191
460 435
460 131
461 256
461 47
461 366
462 219
462 14
462 47
463 57
463 223
463 42
464 374
464 3
464 216
465 53
465 145
465 227
466 5
466 45
466 9
467 445
467 104
467 223
468 10
468 444
468 299
469 175
469 86
469 443
470 200
470 197
470 117
471 429
471 32
471 148
472 149
472 40
472 247
472 486
473 50
473 183
473 330
474 101
474 134
474 227
475 373
475 26
475 28
476 374
476 326
476 362
477 426
477 105
477 375
478 448
478 114
478 184
479 102
479 130
479 382
480 2
480 306
480 4
481 391
481 314
481 89
481 496
482 23
482 393
482 75
483 53
483 400
483 87
484 220
484 113
484 400
485 10
485 46
485 57
485 491
486 472
486 264
486 253
487 14
487 61
487 246
488 20
488 2
488 23
489 44
489 245
489 284
490 115
490 81
490 121
491 56
491 52
491 485
492 338
492 434
492 148
493 25
493 83
493 55
494 59
494 273
494 220
495 413
495 43
495 395
496 185
496 481
496 120
497 28
497 75
497 406
498 449
498 20
498 152
499 155
499 131
499 57
