0 1
0 2
0 3
0 4
0 5
0 6
0 8
0 11
0 12
0 14
0 16
1 0
1 2
1 3
1 4
1 5
1 6
1 7
1 9
1 11
1 21
1 22
2 0
2 1
2 3
2 4
2 7
2 9
2 13
2 14
2 21
2 29
2 35
3 0
3 2
3 1
3 5
3 10
3 17
3 19
3 30
3 40
3 51
3 52
4 1
4 2
4 0
4 10
4 15
4 39
4 43
4 51
4 70
4 88
4 123
5 0
5 1
5 3
5 6
5 11
5 50
5 55
5 123
5 125
5 228
6 1
6 0
6 5
6 7
6 8
6 9
6 14
6 25
6 26
6 27
6 28
7 6
7 2
7 1
7 8
7 12
7 13
7 20
7 27
7 67
7 105
7 115
8 7
8 0
8 6
8 10
8 12
8 13
8 17
8 18
8 23
8 24
8 25
9 6
9 1
9 2
9 15
9 16
9 33
9 76
9 80
9 83
9 113
9 138
10 3
10 8
10 4
10 48
10 56
10 64
10 195
10 228
10 348
10 461
10 480
11 1
11 5
11 0
11 35
11 46
11 98
11 105
11 124
11 127
11 133
11 146
12 0
12 7
12 8
12 15
12 102
12 112
12 162
12 230
12 372
13 7
13 2
13 8
13 19
13 20
13 22
13 25
13 30
13 34
13 40
13 47
14 2
14 0
14 6
14 49
14 68
14 111
14 173
14 187
14 194
14 222
14 277
15 4
15 12
15 9
15 16
15 29
15 32
15 44
15 49
15 53
15 62
15 63
16 0
16 9
16 15
16 18
16 24
16 38
16 66
16 80
16 114
16 117
16 182
17 3
17 0
17 8
17 20
17 41
17 88
17 160
17 333
18 0
18 8
18 16
18 31
18 60
18 61
18 110
18 156
18 190
18 251
19 0
19 3
19 13
19 466
20 17
20 13
20 7
20 36
20 37
20 57
20 58
20 60
20 74
20 100
20 135
21 0
21 1
21 2
21 33
21 46
21 57
21 100
21 148
21 429
21 441
22 1
22 0
22 13
22 42
22 45
22 64
22 151
22 181
22 201
22 315
22 440
23 1
23 0
23 8
23 32
23 72
23 118
23 144
23 223
24 0
24 8
24 16
24 28
24 36
24 43
24 46
24 71
24 75
24 81
24 93
25 13
25 8
25 6
25 27
25 41
25 101
25 314
25 321
25 367
26 0
26 6
26 1
26 48
26 74
26 167
26 173
26 223
26 291
26 406
27 25
27 7
27 6
27 44
27 65
27 131
27 183
27 221
27 275
27 358
27 435
28 6
28 24
28 1
28 43
28 48
28 68
28 97
28 137
28 166
28 176
28 272
29 2
29 15
29 6
29 34
29 59
29 181
29 189
30 3
30 13
30 1
30 409
30 448
31 8
31 1
31 18
31 55
31 145
31 410
32 1
32 23
32 15
32 235
32 377
33 9
33 21
33 1
33 45
33 340
33 373
34 1
34 13
34 29
34 128
34 171
34 224
34 360
34 375
34 389
34 428
35 2
35 0
35 11
35 50
35 54
35 82
35 109
35 147
35 204
35 368
36 24
36 20
36 1
36 37
36 52
36 60
36 65
36 95
36 109
36 199
36 257
37 2
37 20
37 36
37 50
37 59
37 66
37 69
37 153
37 370
37 407
37 498
38 16
38 6
38 2
38 69
38 86
38 90
38 92
38 122
38 236
38 377
38 401
39 1
39 4
39 8
39 65
39 134
39 145
39 396
40 0
40 3
40 13
40 42
40 61
40 84
40 97
40 111
40 127
40 141
40 170
41 8
41 25
41 17
41 44
41 125
41 312
41 406
41 491
41 497
42 22
42 0
42 40
42 62
42 66
42 98
42 153
42 172
42 175
42 191
42 213
43 4
43 24
43 28
43 45
43 133
43 225
43 251
43 264
43 266
43 378
43 385
44 27
44 15
44 41
44 52
44 57
44 73
44 92
44 113
44 319
44 329
44 431
45 43
45 33
45 22
45 91
45 155
46 11
46 21
46 24
46 56
46 58
46 61
46 67
46 90
46 105
46 107
46 148
47 2
47 13
47 8
47 75
47 95
47 256
47 297
48 28
48 10
48 26
48 59
48 63
48 79
48 86
48 107
48 112
48 118
48 126
49 0
49 15
49 14
49 55
49 72
49 93
49 122
49 142
49 156
49 158
49 200
50 5
50 37
50 35
50 63
50 89
50 334
50 348
51 3
51 0
51 4
51 71
51 104
51 167
51 170
51 225
51 237
51 253
52 3
52 36
52 44
52 54
52 68
52 130
52 149
52 244
52 281
52 317
52 322
53 0
53 15
53 2
53 216
53 274
53 297
54 8
54 52
54 35
54 121
54 166
54 174
54 392
54 400
55 49
55 5
55 31
55 85
55 91
55 93
55 178
55 221
55 242
55 243
55 270
56 10
56 46
56 0
56 355
56 430
56 442
57 44
57 20
57 21
57 106
57 115
57 132
57 206
57 233
57 344
57 481
58 0
58 46
58 20
58 75
58 112
58 267
58 421
58 476
59 29
59 48
59 37
59 79
59 102
59 217
59 309
59 452
59 499
60 20
60 36
60 18
60 120
60 143
60 144
60 231
60 379
60 425
60 486
60 494
61 46
61 40
61 18
61 73
61 83
61 87
61 99
61 116
61 152
61 259
61 339
62 15
62 42
62 1
62 64
62 129
62 145
62 434
63 48
63 15
63 50
63 323
63 399
63 409
63 470
63 486
64 22
64 10
64 62
64 82
64 247
64 363
65 36
65 27
65 39
65 171
65 186
65 226
65 245
65 248
65 324
65 330
65 345
66 42
66 37
66 16
66 74
66 76
66 78
66 81
66 160
66 161
66 165
66 283
67 7
67 0
67 46
67 111
67 140
67 141
67 285
67 310
67 357
67 368
67 371
68 14
68 28
68 52
68 126
68 153
68 190
68 216
68 276
68 330
68 367
68 387
69 37
69 38
69 3
69 70
69 73
69 85
69 88
69 131
69 167
69 261
70 13
70 4
70 69
70 78
70 91
70 99
70 158
70 292
70 411
70 439
71 51
71 15
71 24
71 134
71 178
71 381
72 2
72 49
72 23
72 96
72 103
72 205
72 220
72 274
73 44
73 61
73 69
73 173
73 257
74 66
74 20
74 26
74 114
74 136
74 157
74 263
74 438
75 24
75 58
75 47
75 90
75 161
76 3
76 9
76 66
76 202
76 214
76 254
76 331
76 370
76 407
76 466
76 482
77 15
77 8
77 2
77 86
77 116
77 192
77 320
78 6
78 66
78 70
78 107
78 134
78 327
78 390
78 466
79 48
79 59
79 0
79 87
79 99
79 186
79 222
80 16
80 15
80 9
80 96
80 110
80 139
80 305
80 342
80 492
81 8
81 66
81 24
81 121
81 198
81 224
81 240
81 249
82 64
82 35
82 0
83 1
83 9
83 61
83 351
83 400
83 452
84 40
84 0
84 1
84 102
84 138
84 175
84 188
84 212
84 215
84 246
85 55
85 13
85 69
85 191
85 245
85 287
86 38
86 77
86 48
86 94
86 115
86 180
86 244
86 315
86 490
87 61
87 6
87 79
87 197
87 329
87 369
88 69
88 4
88 17
88 95
88 161
88 168
88 196
88 203
88 244
88 259
88 320
89 13
89 2
89 50
89 427
90 38
90 75
90 46
90 96
90 146
90 182
91 70
91 55
91 45
91 209
91 298
92 44
92 38
92 13
92 138
92 164
92 203
93 55
93 24
93 49
93 130
93 336
94 2
94 86
94 13
94 98
94 295
94 304
94 323
94 473
95 47
95 88
95 36
95 97
95 141
95 152
95 172
95 175
95 179
95 197
95 255
96 72
96 90
96 80
96 103
96 365
97 28
97 40
97 95
97 101
97 343
98 94
98 42
98 11
98 103
98 226
98 272
99 79
99 61
99 70
99 163
99 250
99 287
99 322
100 20
100 21
100 1
100 114
100 149
100 155
100 213
100 391
101 97
101 2
101 25
101 150
101 164
101 201
101 227
101 229
101 287
101 456
102 59
102 84
102 12
102 159
102 180
102 225
102 263
103 72
103 96
103 98
103 131
103 154
103 259
103 306
103 349
103 366
103 448
104 51
104 3
104 6
104 162
104 178
104 214
104 371
104 467
105 11
105 7
105 46
105 149
105 152
105 163
105 311
105 386
105 434
105 487
106 1
106 6
106 57
106 147
106 154
106 276
106 311
107 78
107 48
107 46
107 108
107 208
107 317
107 349
108 13
108 1
108 107
109 3
109 36
109 35
109 414
110 80
110 15
110 18
110 135
110 157
110 298
110 340
110 384
110 458
111 14
111 40
111 67
111 142
111 234
111 243
111 405
112 48
112 58
112 12
112 147
112 184
112 186
112 253
112 418
112 446
113 0
113 9
113 44
113 125
113 217
113 421
113 439
114 100
114 16
114 74
114 122
114 158
114 171
114 211
114 363
114 364
115 7
115 86
115 57
115 151
115 207
115 278
115 354
115 491
116 77
116 61
116 6
116 119
116 121
116 128
116 133
116 336
116 369
116 489
117 1
117 16
117 15
117 119
117 210
117 469
118 7
118 48
118 23
118 148
118 160
118 299
118 364
119 117
119 116
119 6
119 190
120 15
120 60
120 7
120 123
120 309
120 375
120 409
121 81
121 116
121 54
121 216
121 289
121 442
122 49
122 38
122 114
122 129
122 154
122 163
122 180
122 313
122 455
123 120
123 5
123 4
123 135
123 231
123 314
123 325
123 477
124 2
124 15
124 11
124 241
125 41
125 5
125 113
125 137
125 202
125 210
125 431
126 68
126 48
126 15
126 177
126 205
126 208
126 211
126 273
126 280
126 318
126 334
127 1
127 11
127 40
127 128
127 261
128 127
128 116
128 34
128 139
128 188
128 260
128 290
128 305
128 329
129 62
129 0
129 122
129 196
129 233
129 240
129 266
129 290
129 291
129 316
129 333
130 93
130 52
130 2
130 267
130 274
130 279
130 415
131 27
131 103
131 69
131 189
131 267
131 433
132 2
132 57
132 0
132 262
132 390
133 43
133 116
133 11
133 179
133 189
133 325
133 331
133 477
134 78
134 71
134 39
134 169
134 193
134 242
134 249
134 284
134 292
134 326
134 484
135 123
135 110
135 20
135 193
135 431
136 74
136 6
136 48
136 235
136 455
137 125
137 6
137 28
137 143
137 157
137 235
137 245
138 92
138 84
138 9
138 150
138 168
138 243
138 288
138 470
139 128
139 80
139 2
139 394
140 8
140 67
140 9
140 402
141 95
141 40
141 67
141 273
141 416
142 111
142 15
142 49
142 339
142 419
143 60
143 137
143 15
143 497
144 23
144 60
144 0
144 234
144 308
144 499
145 31
145 62
145 39
145 162
145 174
145 258
145 282
145 291
146 11
146 90
146 24
146 182
146 403
147 112
147 35
147 106
147 170
147 411
148 118
148 46
148 21
148 159
148 330
148 447
148 464
149 105
149 52
149 100
149 184
149 416
150 13
150 138
150 101
150 164
150 202
150 468
150 499
151 22
151 115
151 0
152 95
152 105
152 61
152 198
152 207
152 268
152 301
152 423
153 37
153 68
153 42
154 106
154 103
154 122
154 299
154 479
155 45
155 100
155 6
155 169
155 296
155 338
155 434
156 15
156 49
156 18
156 195
156 211
156 217
156 498
157 74
157 137
157 110
157 303
157 318
158 49
158 70
158 114
158 177
158 285
158 288
158 315
158 402
158 419
158 462
159 9
159 148
159 102
159 278
159 296
159 338
160 17
160 118
160 66
160 239
161 75
161 66
161 88
161 193
161 212
161 303
161 422
161 454
162 145
162 104
162 12
162 181
162 183
162 307
162 474
163 99
163 122
163 105
163 209
163 214
163 236
163 294
163 295
163 403
164 92
164 101
164 150
164 184
164 241
164 337
165 4
165 24
165 66
165 185
165 199
165 284
165 308
165 337
165 366
165 493
166 28
166 54
166 13
166 169
166 247
166 328
166 495
167 51
167 26
167 69
167 220
167 242
168 88
168 138
168 1
169 166
169 155
169 134
169 254
169 277
169 338
170 147
170 51
170 40
170 172
170 334
171 34
171 65
171 114
171 212
171 436
172 42
172 95
172 170
172 218
172 219
172 481
173 73
173 14
173 26
173 192
173 233
174 1
174 54
174 145
174 198
174 240
174 393
175 42
175 84
175 95
175 350
176 7
176 6
176 28
176 226
176 306
176 410
177 126
177 15
177 158
177 404
178 104
178 55
178 71
178 307
179 95
179 133
179 13
179 309
180 102
180 122
180 86
180 187
180 213
180 373
180 451
181 22
181 162
181 29
181 237
181 387
181 444
181 451
182 16
182 90
182 146
182 355
183 162
183 27
183 1
183 303
184 112
184 164
184 149
184 204
184 378
185 40
185 1
185 165
185 188
185 206
185 224
185 279
185 293
185 359
186 112
186 79
186 65
186 265
186 384
186 457
187 14
187 4
187 180
187 215
187 286
187 321
187 352
187 454
188 128
188 84
188 185
188 325
188 467
189 131
189 29
189 133
189 248
190 68
190 119
190 18
190 238
190 247
190 319
191 9
191 42
191 85
191 241
191 300
191 310
192 173
192 77
192 6
192 269
192 277
192 365
192 453
192 498
193 134
193 161
193 135
193 285
194 13
194 14
194 8
194 221
194 394
195 24
195 10
195 156
195 324
195 347
196 129
196 88
196 20
197 87
197 15
197 95
197 313
198 152
198 81
198 174
198 230
198 232
198 356
198 391
198 396
198 397
199 165
199 36
199 6
199 227
199 230
199 270
199 371
199 435
200 49
200 1
200 4
201 22
201 101
201 40
201 292
202 125
202 76
202 150
203 92
203 40
203 88
203 283
203 436
203 463
204 3
204 184
204 35
204 218
205 126
205 72
205 46
205 257
205 294
206 20
206 185
206 57
206 389
207 152
207 3
207 115
208 126
208 1
208 107
209 91
209 163
209 0
210 117
210 125
210 7
211 156
211 126
211 114
211 304
211 454
212 84
212 161
212 171
212 219
212 362
212 401
212 426
212 480
213 100
213 180
213 42
213 293
213 311
213 314
214 163
214 76
214 104
214 341
214 362
215 84
215 0
215 187
215 220
215 360
215 380
216 53
216 68
216 121
216 395
217 113
217 156
217 59
217 264
217 361
217 400
218 40
218 172
218 204
218 256
219 2
219 172
219 212
220 167
220 215
220 72
220 246
220 258
220 407
220 437
220 460
221 194
221 55
221 27
221 255
221 432
222 2
222 14
222 79
222 232
222 449
223 23
223 26
223 46
223 281
223 308
223 359
223 385
224 185
224 81
224 34
224 238
224 415
224 492
224 496
225 102
225 43
225 51
226 98
226 176
226 65
226 251
226 337
227 101
227 0
227 199
227 488
228 10
228 5
228 0
228 231
228 261
228 262
228 331
228 332
228 411
228 416
228 483
229 42
229 101
229 46
230 198
230 199
230 12
231 60
231 228
231 123
231 316
232 222
232 198
232 15
232 265
232 420
232 449
233 173
233 129
233 57
233 374
233 392
234 111
234 144
234 8
234 378
234 424
235 137
235 32
235 136
235 326
235 372
235 420
236 38
236 4
236 163
237 51
237 1
237 181
237 284
237 302
237 335
237 358
238 2
238 224
238 190
238 353
239 160
239 1
239 2
240 174
240 81
240 129
240 252
240 294
241 191
241 164
241 124
241 295
241 415
241 463
242 55
242 134
242 167
242 312
242 321
243 55
243 111
243 138
243 326
243 355
243 373
243 426
243 485
244 52
244 88
244 86
244 450
244 483
245 137
245 85
245 65
245 319
245 353
245 414
245 484
246 1
246 220
246 84
246 265
246 413
247 190
247 64
247 166
247 418
248 13
248 65
248 189
248 266
248 327
248 393
249 134
249 81
249 11
249 252
249 263
249 446
249 482
250 20
250 0
250 99
250 293
251 18
251 43
251 226
251 264
251 296
251 390
251 397
251 405
251 425
252 240
252 42
252 249
252 350
253 51
253 20
253 112
254 76
254 1
254 169
254 273
254 465
255 2
255 95
255 221
256 3
256 47
256 218
257 36
257 205
257 73
257 262
257 404
258 145
258 220
258 13
259 103
259 61
259 88
259 271
259 487
260 2
260 128
260 46
260 316
261 228
261 69
261 127
261 302
261 357
261 381
261 473
262 257
262 132
262 228
263 74
263 102
263 249
264 217
264 251
264 43
264 289
265 246
265 232
265 186
265 300
265 483
266 129
266 248
266 43
266 421
267 131
267 58
267 130
267 270
267 432
268 9
268 15
268 152
268 289
268 389
269 192
269 20
269 48
269 461
270 55
270 267
270 199
271 3
271 259
271 13
271 354
272 0
272 98
272 28
272 318
272 356
272 382
272 406
272 414
273 126
273 254
273 141
274 72
274 53
274 130
274 476
275 27
275 24
275 15
276 106
276 68
276 40
277 14
277 169
277 192
278 159
278 115
278 46
278 340
279 20
279 130
279 185
279 301
279 352
280 2
280 8
280 126
280 313
280 320
280 370
280 427
281 0
281 223
281 52
281 480
282 145
282 36
282 40
282 302
283 66
283 14
283 203
283 479
284 165
284 237
284 134
285 158
285 193
285 67
286 15
286 187
286 2
287 85
287 99
287 101
288 138
288 158
288 13
289 121
289 268
289 264
290 2
290 128
290 129
290 352
291 129
291 145
291 26
292 201
292 70
292 134
293 185
293 213
293 250
293 383
293 478
293 486
294 205
294 163
294 240
294 299
294 423
295 94
295 163
295 241
295 413
296 155
296 159
296 251
296 423
297 66
297 47
297 53
298 110
298 15
298 91
299 154
299 294
299 118
299 301
300 95
300 191
300 265
301 299
301 279
301 152
301 417
302 237
302 261
302 282
302 343
302 347
302 462
303 161
303 157
303 183
304 42
304 94
304 211
304 351
304 365
305 128
305 49
305 80
305 346
306 103
306 176
306 40
306 388
307 178
307 15
307 162
308 144
308 165
308 223
309 120
309 179
309 59
309 383
309 441
309 469
310 67
310 1
310 191
310 380
311 106
311 213
311 105
311 433
311 496
312 242
312 55
312 41
312 377
312 384
312 405
312 438
313 280
313 197
313 122
313 391
314 25
314 123
314 213
314 328
314 341
314 393
314 445
315 86
315 22
315 158
315 335
315 412
315 493
316 129
316 260
316 231
317 52
317 107
317 66
317 368
318 126
318 272
318 157
319 44
319 190
319 245
319 347
320 280
320 88
320 77
320 398
320 475
321 187
321 242
321 25
321 381
322 52
322 99
322 0
322 387
322 394
323 63
323 94
323 66
324 65
324 195
324 14
325 123
325 133
325 188
325 403
325 408
326 134
326 243
326 235
326 359
327 248
327 78
327 15
328 20
328 314
328 166
328 427
328 448
329 87
329 44
329 128
329 341
329 346
330 65
330 68
330 148
330 376
331 228
331 133
331 76
332 228
332 0
332 13
333 129
333 0
333 17
333 453
334 50
334 170
334 126
335 237
335 315
335 0
336 95
336 116
336 93
336 426
337 164
337 226
337 165
337 463
337 497
338 169
338 159
338 155
339 61
339 66
339 142
340 110
340 33
340 278
340 443
340 459
341 214
341 314
341 329
342 55
342 2
342 80
342 353
342 374
342 375
342 376
343 95
343 97
343 302
343 349
343 399
344 57
344 61
344 2
344 485
345 55
345 65
345 1
345 450
345 455
346 329
346 305
346 6
347 319
347 195
347 302
348 50
348 8
348 10
349 343
349 107
349 103
350 2
350 252
350 175
350 451
351 52
351 83
351 304
352 187
352 279
352 290
353 342
353 238
353 245
353 442
354 115
354 271
354 46
355 56
355 243
355 182
355 404
355 491
356 272
356 8
356 198
357 261
357 67
357 0
357 397
358 237
358 61
358 27
359 185
359 326
359 223
360 11
360 215
360 34
360 385
360 401
361 14
361 48
361 217
361 420
361 474
362 14
362 212
362 214
363 24
363 114
363 64
364 114
364 118
364 46
365 304
365 96
365 192
365 396
365 471
366 1
366 103
366 165
366 386
367 0
367 68
367 25
368 67
368 317
368 35
369 116
369 14
369 87
370 37
370 280
370 76
370 392
371 104
371 67
371 199
372 67
372 235
372 12
373 180
373 243
373 33
374 233
374 1
374 342
375 34
375 342
375 120
375 475
375 478
376 342
376 52
376 330
376 465
377 312
377 38
377 32
377 408
377 453
377 464
377 471
378 234
378 43
378 184
378 425
378 429
379 60
379 0
379 52
379 398
380 310
380 215
380 20
381 321
381 71
381 261
382 15
382 272
382 129
383 309
383 293
383 8
384 110
384 312
384 186
384 461
385 43
385 360
385 223
385 422
385 488
385 490
386 105
386 366
386 13
387 322
387 181
387 68
388 306
388 46
388 129
389 268
389 34
389 206
389 395
390 251
390 132
390 78
390 439
391 100
391 198
391 313
391 469
392 370
392 54
392 233
392 444
393 174
393 248
393 314
393 395
394 194
394 139
394 322
395 216
395 393
395 389
396 39
396 198
396 365
397 251
397 198
397 357
398 9
398 379
398 320
399 126
399 343
399 63
400 54
400 83
400 217
401 38
401 360
401 212
401 457
402 158
402 140
402 16
402 477
403 163
403 146
403 325
404 355
404 177
404 257
405 251
405 312
405 111
405 445
406 272
406 41
406 26
406 474
407 220
407 76
407 37
408 325
408 2
408 377
408 452
409 30
409 63
409 120
409 489
410 176
410 31
410 8
411 70
411 147
411 228
412 38
412 315
412 20
413 295
413 246
413 15
414 245
414 272
414 109
415 241
415 224
415 130
415 428
416 141
416 228
416 149
417 14
417 3
417 301
418 11
418 112
418 247
419 142
419 14
419 158
420 361
420 232
420 235
421 113
421 266
421 58
421 430
422 46
422 385
422 161
422 430
423 296
423 294
423 152
424 234
424 129
424 55
425 251
425 60
425 378
426 243
426 336
426 212
426 447
427 89
427 280
427 328
427 428
427 494
428 427
428 34
428 415
429 1
429 21
429 378
430 421
430 56
430 422
431 44
431 125
431 135
432 38
432 267
432 221
433 131
433 311
433 20
434 155
434 105
434 62
435 27
435 199
435 0
435 462
436 203
436 55
436 171
436 438
437 1
437 220
437 0
438 74
438 436
438 312
439 390
439 113
439 70
439 458
439 460
439 478
439 487
440 6
440 28
440 22
440 441
441 21
441 309
441 440
442 353
442 121
442 56
442 457
442 475
443 49
443 8
443 340
444 14
444 392
444 181
445 314
445 66
445 405
446 249
446 112
446 24
447 148
447 0
447 426
448 328
448 103
448 30
449 232
449 222
449 40
450 345
450 22
450 244
451 180
451 350
451 181
452 83
452 59
452 408
453 377
453 192
453 333
453 473
454 187
454 161
454 211
454 458
455 136
455 345
455 122
456 20
456 101
456 8
457 442
457 401
457 186
458 454
458 110
458 439
459 43
459 55
459 340
460 40
460 439
460 220
461 384
461 269
461 10
461 467
462 158
462 302
462 435
463 337
463 241
463 203
464 0
464 148
464 377
465 376
465 66
465 254
466 19
466 76
466 78
466 472
467 461
467 188
467 104
467 472
468 14
468 150
468 22
469 309
469 391
469 117
470 43
470 138
470 63
471 377
471 2
471 365
472 467
472 126
472 466
473 261
473 94
473 453
474 162
474 361
474 406
475 442
475 320
475 375
476 58
476 274
476 7
477 123
477 402
477 133
478 439
478 375
478 293
479 283
479 154
479 67
480 212
480 10
480 281
481 57
481 172
481 6
482 249
482 27
482 76
483 244
483 228
483 265
484 245
484 9
484 134
485 95
485 344
485 243
486 63
486 60
486 293
487 259
487 439
487 105
488 227
488 3
488 385
489 409
489 116
489 42
490 385
490 86
490 129
491 355
491 115
491 41
492 129
492 224
492 80
493 315
493 66
493 165
494 44
494 60
494 427
495 166
495 3
495 52
496 224
496 15
496 311
497 337
497 143
497 41
498 192
498 156
498 37
499 59
499 150
499 144
