0 1
1 0
2 1
2 0
3 1
3 2
3 0
4 0
4 1
4 2
5 1
5 0
5 4
6 0
6 4
6 1
7 2
7 6
7 5
8 4
8 0
8 2
9 8
9 5
9 3
10 3
10 5
10 0
11 2
11 5
11 8
12 1
12 3
12 2
13 5
13 1
13 4
14 4
14 6
14 2
15 4
15 6
15 2
16 0
16 7
16 8
17 11
17 14
17 5
18 0
18 12
18 5
19 3
19 8
19 5
20 1
20 8
20 10
21 14
21 18
21 0
22 10
22 18
22 12
23 5
23 2
23 3
24 5
24 0
24 1
25 8
25 3
25 5
26 9
26 5
26 6
27 1
27 18
27 14
28 2
28 5
28 11
29 16
29 0
29 6
30 0
30 5
30 6
31 15
31 21
31 26
32 6
32 0
32 28
33 30
33 4
33 21
34 28
34 4
34 3
35 13
35 17
35 5
36 8
36 34
36 18
37 19
37 15
37 2
38 19
38 31
38 16
39 0
39 23
39 1
40 5
40 32
40 1
41 5
41 6
41 4
42 11
42 23
42 0
43 11
43 31
43 20
44 32
44 18
44 10
45 16
45 7
45 11
46 4
46 25
46 8
47 18
47 12
47 30
48 22
48 5
48 4
49 37
49 4
49 16
50 27
50 46
50 5
51 0
51 33
51 48
52 33
52 6
52 18
53 25
53 4
53 35
54 0
54 4
54 44
55 23
55 10
55 0
56 5
56 32
56 39
57 0
57 13
57 10
58 13
58 15
58 27
59 11
59 14
59 19
60 5
60 34
60 3
61 56
61 2
61 5
62 0
62 4
62 14
63 37
63 2
63 4
64 30
64 1
64 18
65 10
65 5
65 1
66 0
66 5
66 10
67 45
67 14
67 1
68 46
68 37
68 5
69 8
69 41
69 66
70 4
70 3
70 37
71 12
71 51
71 5
72 8
72 14
72 6
73 8
73 44
73 28
74 29
74 33
74 35
75 5
75 4
75 62
76 37
76 5
76 0
77 42
77 67
77 46
78 5
78 10
78 13
79 4
79 19
79 62
80 18
80 48
80 40
81 5
81 33
81 12
82 18
82 43
82 28
83 42
83 37
83 0
84 5
84 59
84 33
85 18
85 19
85 47
86 50
86 30
86 2
87 85
87 26
87 37
88 6
88 51
88 15
89 37
89 12
89 81
90 59
90 33
90 86
91 8
91 67
91 59
92 86
92 4
92 3
93 42
93 27
93 91
94 57
94 50
94 28
95 3
95 6
95 23
96 8
96 19
96 0
97 28
97 5
97 0
98 3
98 5
98 16
99 80
99 5
99 37
