0 1
0 2
1 0
1 2
2 0
2 1
3 2
3 0
3 1
4 1
4 0
4 2
5 0
5 3
5 4
6 3
6 1
6 5
7 2
7 1
7 0
8 0
8 2
8 1
9 5
9 2
9 8
10 0
10 2
10 8
11 10
11 8
11 6
12 0
12 11
12 5
13 10
13 9
13 7
14 0
14 2
14 13
15 0
15 7
15 3
16 13
16 2
16 0
17 0
17 4
17 10
18 10
18 9
18 16
19 3
19 6
19 10
20 5
20 1
20 7
21 2
21 0
21 19
22 19
22 3
22 9
23 15
23 7
23 13
24 7
24 8
24 9
25 3
25 10
25 8
26 19
26 11
26 13
27 9
27 10
27 7
28 25
28 0
28 7
29 22
29 26
29 19
30 0
30 13
30 19
31 7
31 15
31 20
32 25
32 0
32 10
33 0
33 29
33 7
34 16
34 8
34 1
35 8
35 26
35 9
36 9
36 7
36 22
37 26
37 0
37 1
38 0
38 27
38 15
39 20
39 19
39 25
40 29
40 33
40 3
41 30
41 0
41 27
42 31
42 2
42 7
43 0
43 17
43 7
44 3
44 13
44 37
45 44
45 26
45 7
46 27
46 1
46 19
47 26
47 4
47 6
48 15
48 0
48 2
49 11
49 17
49 0
