0 1
1 0
2 1
2 0
3 1
3 0
3 2
4 0
4 3
4 2
5 2
5 0
5 1
6 0
6 1
6 3
7 0
7 4
7 2
8 1
8 0
8 3
9 2
9 1
9 3
10 1
10 7
10 3
11 1
11 0
11 4
12 0
12 1
12 4
13 2
13 1
13 0
14 6
14 7
14 3
15 0
15 12
15 1
16 6
16 1
16 2
17 2
17 1
17 6
18 5
18 0
18 2
19 0
19 1
19 9
20 1
20 16
20 0
21 18
21 6
21 1
22 12
22 5
22 6
23 15
23 0
23 6
24 2
24 18
24 15
25 20
25 3
25 1
26 9
26 1
26 18
27 18
27 7
27 1
28 1
28 10
28 7
29 1
29 17
29 4
30 21
30 24
30 18
31 0
31 16
31 15
32 18
32 13
32 1
33 13
33 29
33 2
34 13
34 1
34 0
35 8
35 13
35 3
36 30
36 13
36 1
37 0
37 14
37 4
38 13
38 37
38 1
39 13
39 7
39 0
40 13
40 16
40 30
41 17
41 0
41 1
42 31
42 21
42 1
43 13
43 24
43 12
44 0
44 4
44 2
45 7
45 22
45 4
46 0
46 3
46 13
47 2
47 33
47 6
48 6
48 0
48 20
49 2
49 0
49 6
50 29
50 0
50 21
51 4
51 40
51 13
52 18
52 11
52 14
53 21
53 1
53 49
54 0
54 30
54 3
55 46
55 8
55 1
56 18
56 52
56 33
57 7
57 39
57 18
58 29
58 22
58 0
59 24
59 29
59 44
60 2
60 24
60 1
61 2
61 0
61 35
62 0
62 4
62 12
63 15
63 6
63 11
64 36
64 53
64 62
65 49
65 38
65 23
66 13
66 2
66 42
67 47
67 23
67 8
68 2
68 15
68 46
69 57
69 16
69 23
70 6
70 0
70 17
71 3
71 20
71 41
72 16
72 43
72 13
73 0
73 65
73 45
74 1
74 18
74 41
75 39
75 64
75 12
76 35
76 0
76 2
77 0
77 24
77 12
78 1
78 0
78 24
79 49
79 19
79 65
80 18
80 21
80 3
81 2
81 38
81 29
82 21
82 42
82 3
83 22
83 13
83 78
84 1
84 70
84 52
85 8
85 12
85 7
86 64
86 0
86 24
87 17
87 9
87 3
88 7
88 0
88 10
89 2
89 0
89 7
90 2
90 40
90 62
91 90
91 6
91 1
92 82
92 2
92 68
93 13
93 0
93 70
94 59
94 39
94 77
95 24
95 57
95 49
96 19
96 30
96 37
97 37
97 59
97 1
98 2
98 81
98 9
99 55
99 30
99 64
