0 1
0 2
0 3
0 4
0 5
1 0
1 2
1 3
1 4
1 6
2 1
2 0
2 3
2 4
2 5
3 1
3 0
3 2
3 17
3 23
4 1
4 2
4 0
4 5
4 6
5 0
5 4
5 2
5 6
5 10
6 4
6 5
6 1
6 7
6 11
7 4
7 6
7 0
7 8
7 9
8 0
8 2
8 7
8 10
8 15
9 1
9 7
9 2
9 10
9 12
10 5
10 9
10 8
10 11
10 16
11 10
11 6
11 5
11 13
11 16
12 9
12 0
12 4
12 43
13 11
13 2
13 1
13 14
13 20
14 13
14 2
14 5
14 18
14 29
15 6
15 5
15 8
15 28
15 44
16 10
16 11
16 8
16 37
16 38
17 11
17 3
17 8
17 19
17 43
18 11
18 14
18 0
19 0
19 11
19 17
19 31
20 13
20 1
20 8
20 37
21 5
21 0
21 1
21 30
22 11
22 1
22 6
23 11
23 13
23 3
23 27
23 29
24 7
24 2
24 4
24 33
24 38
25 9
25 4
25 3
26 6
26 2
26 8
26 45
27 10
27 13
27 23
27 49
28 15
28 9
28 8
29 23
29 13
29 14
30 3
30 21
30 7
31 19
31 3
31 1
31 33
32 2
32 4
32 8
32 34
33 31
33 7
33 24
34 0
34 10
34 32
34 37
35 2
35 7
35 11
36 6
36 10
36 11
37 20
37 16
37 34
38 24
38 1
38 16
38 39
39 13
39 38
39 6
40 2
40 3
40 23
41 1
41 0
41 7
42 4
42 24
42 3
43 17
43 1
43 12
44 15
44 3
44 7
45 13
45 26
45 4
46 1
46 0
46 9
47 0
47 4
47 6
48 0
48 15
48 16
49 14
49 10
49 27
