0 1
0 2
1 0
1 2
2 0
2 1
3 2
3 0
3 1
4 3
4 0
4 2
5 0
5 3
5 2
6 3
6 5
6 2
7 0
7 3
7 2
8 4
8 1
8 6
9 3
9 0
9 1
10 3
10 0
10 2
11 6
11 3
11 0
12 1
12 10
12 0
13 1
13 3
13 9
14 1
14 3
14 2
15 3
15 12
15 2
16 10
16 15
16 3
17 2
17 5
17 1
18 2
18 8
18 1
19 4
19 15
19 2
20 12
20 3
20 2
21 3
21 15
21 1
22 5
22 10
22 12
23 5
23 6
23 2
24 15
24 7
24 2
25 6
25 12
25 15
26 2
26 21
26 1
27 11
27 1
27 15
28 9
28 15
28 17
29 14
29 18
29 15
30 15
30 0
30 2
31 9
31 0
31 14
32 4
32 5
32 27
33 15
33 18
33 6
34 2
34 21
34 12
35 0
35 12
35 6
36 3
36 12
36 1
37 33
37 8
37 29
38 11
38 2
38 25
39 2
39 24
39 21
40 21
40 34
40 18
41 3
41 8
41 7
42 19
42 10
42 1
43 4
43 0
43 6
44 1
44 6
44 0
45 30
45 31
45 0
46 0
46 29
46 9
47 14
47 33
47 8
48 37
48 21
48 10
49 46
49 7
49 18
50 21
50 1
50 33
51 48
51 1
51 9
52 8
52 2
52 25
53 11
53 1
53 39
54 1
54 4
54 3
55 18
55 53
55 23
56 2
56 46
56 7
57 6
57 4
57 42
58 25
58 9
58 47
59 16
59 45
59 18
60 6
60 14
60 9
61 19
61 21
61 39
62 48
62 24
62 32
63 30
63 48
63 15
64 0
64 1
64 55
65 49
65 30
65 61
66 0
66 42
66 9
67 23
67 1
67 8
68 3
68 15
68 21
69 53
69 14
69 50
70 23
70 15
70 10
71 38
71 60
71 2
72 20
72 69
72 3
73 2
73 8
73 21
74 6
74 48
74 0
75 7
75 1
75 52
76 56
76 70
76 1
77 8
77 3
77 7
78 1
78 33
78 2
79 75
79 2
79 0
80 15
80 55
80 17
81 1
81 74
81 3
82 9
82 63
82 0
83 62
83 71
83 77
84 10
84 29
84 45
85 3
85 52
85 30
86 2
86 3
86 52
87 9
87 25
87 55
88 32
88 61
88 9
89 6
89 0
89 62
90 2
90 3
90 14
91 32
91 28
91 45
92 51
92 15
92 87
93 1
93 49
93 10
94 86
94 29
94 3
95 73
95 47
95 0
96 10
96 28
96 29
97 21
97 43
97 68
98 39
98 1
98 91
99 4
99 83
99 1
