0 1
1 0
2 0
2 1
3 1
3 0
3 2
4 1
4 2
4 0
5 0
5 3
5 1
6 5
6 1
6 3
7 1
7 0
7 2
8 2
8 5
8 1
9 3
9 1
9 2
10 1
10 6
10 3
11 6
11 8
11 10
12 1
12 8
12 0
13 3
13 0
13 10
14 2
14 6
14 3
15 1
15 6
15 8
16 1
16 6
16 2
17 0
17 6
17 3
18 0
18 1
18 5
19 9
19 12
19 8
20 5
20 14
20 3
21 11
21 3
21 19
22 1
22 3
22 7
23 6
23 2
23 5
24 8
24 7
24 21
25 0
25 2
25 5
26 24
26 5
26 21
27 10
27 5
27 21
28 15
28 5
28 9
29 3
29 9
29 2
30 0
30 7
30 13
31 1
31 27
31 3
32 5
32 15
32 7
33 3
33 2
33 0
34 0
34 1
34 8
35 5
35 27
35 23
36 8
36 3
36 6
37 1
37 36
37 0
38 8
38 15
38 3
39 15
39 3
39 12
40 13
40 8
40 34
41 1
41 3
41 37
42 4
42 5
42 21
43 3
43 30
43 1
44 21
44 3
44 8
45 9
45 24
45 23
46 5
46 1
46 0
47 5
47 24
47 34
48 0
48 40
48 43
49 3
49 4
49 0
50 37
50 1
50 43
51 15
51 34
51 1
52 12
52 33
52 15
53 1
53 24
53 6
54 26
54 2
54 22
55 8
55 47
55 1
56 35
56 13
56 46
57 12
57 1
57 27
58 28
58 5
58 3
59 0
59 16
59 24
60 55
60 6
60 5
61 0
61 2
61 5
62 3
62 16
62 41
63 25
63 33
63 15
64 10
64 25
64 12
65 2
65 38
65 3
66 2
66 3
66 43
67 5
67 1
67 35
68 36
68 21
68 1
69 33
69 0
69 24
70 38
70 3
70 1
71 45
71 12
71 48
72 3
72 8
72 5
73 53
73 27
73 15
74 9
74 22
74 8
75 50
75 35
75 0
76 21
76 6
76 33
77 3
77 74
77 9
78 3
78 72
78 34
79 3
79 64
79 7
80 24
80 21
80 53
81 0
81 20
81 73
82 1
82 59
82 7
83 70
83 78
83 3
84 76
84 53
84 3
85 70
85 5
85 31
86 2
86 3
86 29
87 3
87 1
87 19
88 33
88 3
88 12
89 75
89 80
89 79
90 2
90 8
90 5
91 33
91 81
91 7
92 47
92 0
92 21
93 3
93 80
93 23
94 14
94 86
94 44
95 62
95 17
95 21
96 32
96 7
96 35
97 6
97 5
97 3
98 67
98 21
98 75
99 79
99 8
99 58
100 20
100 24
100 3
101 70
101 1
101 4
102 36
102 19
102 2
103 57
103 2
103 27
104 19
104 97
104 5
105 35
105 24
105 20
106 21
106 0
106 2
107 1
107 22
107 2
108 35
108 75
108 26
109 1
109 51
109 73
110 9
110 44
110 1
111 21
111 24
111 2
112 6
112 89
112 67
113 78
113 33
113 47
114 42
114 70
114 0
115 99
115 97
115 12
116 3
116 4
116 70
117 88
117 3
117 0
118 63
118 2
118 20
119 50
119 102
119 20
120 24
120 5
120 1
121 83
121 71
121 3
122 72
122 61
122 44
123 1
123 74
123 25
124 2
124 53
124 70
125 108
125 2
125 43
126 93
126 24
126 1
127 3
127 5
127 7
128 116
128 54
128 105
129 33
129 109
129 3
130 8
130 3
130 60
131 37
131 29
131 59
132 7
132 44
132 3
133 5
133 44
133 77
134 77
134 63
134 25
135 24
135 81
135 20
136 2
136 21
136 115
137 5
137 20
137 106
138 104
138 5
138 135
139 10
139 1
139 88
140 93
140 102
140 105
141 21
141 8
141 19
142 81
142 2
142 24
143 1
143 29
143 43
144 60
144 86
144 1
145 122
145 25
145 0
146 21
146 22
146 118
147 78
147 19
147 44
148 8
148 17
148 71
149 101
149 1
149 4
150 3
150 1
150 5
151 5
151 33
151 55
152 50
152 0
152 107
153 49
153 1
153 47
154 104
154 24
154 81
155 38
155 7
155 1
156 8
156 20
156 10
157 57
157 105
157 137
158 59
158 34
158 133
159 22
159 23
159 3
160 89
160 133
160 59
161 2
161 44
161 0
162 19
162 0
162 24
163 10
163 3
163 8
164 133
164 8
164 59
165 154
165 99
165 71
166 0
166 6
166 7
167 77
167 44
167 78
168 3
168 115
168 104
169 52
169 37
169 1
170 115
170 1
170 85
171 80
171 20
171 57
172 23
172 163
172 5
173 1
173 24
173 124
174 70
174 6
174 114
175 31
175 163
175 105
176 142
176 3
176 9
177 127
177 0
177 5
178 25
178 139
178 95
179 46
179 3
179 5
180 10
180 122
180 93
181 23
181 74
181 148
182 36
182 24
182 108
183 0
183 3
183 108
184 25
184 120
184 170
185 26
185 163
185 3
186 37
186 0
186 15
187 1
187 129
187 122
188 59
188 44
188 60
189 8
189 15
189 33
190 56
190 35
190 81
191 4
191 83
191 33
192 5
192 25
192 12
193 120
193 126
193 147
194 37
194 108
194 3
195 80
195 12
195 3
196 25
196 23
196 24
197 162
197 3
197 72
198 190
198 148
198 64
199 3
199 34
199 79
200 172
200 106
200 6
201 135
201 24
201 166
202 15
202 84
202 42
203 0
203 5
203 115
204 163
204 79
204 3
205 60
205 76
205 163
206 1
206 37
206 5
207 12
207 75
207 73
208 70
208 166
208 81
209 43
209 192
209 77
210 25
210 81
210 70
211 34
211 99
211 0
212 13
212 203
212 6
213 26
213 13
213 194
214 24
214 133
214 108
215 1
215 17
215 161
216 135
216 109
216 59
217 18
217 32
217 11
218 155
218 81
218 70
219 144
219 6
219 178
220 5
220 135
220 11
221 132
221 2
221 0
222 153
222 3
222 5
223 81
223 0
223 76
224 109
224 81
224 50
225 1
225 5
225 46
226 181
226 133
226 1
227 41
227 15
227 172
228 10
228 5
228 0
229 148
229 7
229 3
230 199
230 108
230 161
231 2
231 11
231 42
232 54
232 70
232 106
233 24
233 99
233 161
234 26
234 5
234 163
235 1
235 172
235 5
236 2
236 52
236 13
237 167
237 13
237 171
238 17
238 3
238 115
239 150
239 65
239 32
240 21
240 8
240 154
241 214
241 32
241 21
242 99
242 74
242 0
243 13
243 8
243 3
244 203
244 188
244 26
245 115
245 207
245 160
246 62
246 71
246 1
247 5
247 69
247 216
248 8
248 164
248 3
249 90
249 61
249 1
250 3
250 238
250 120
251 1
251 63
251 74
252 35
252 182
252 4
253 49
253 225
253 52
254 154
254 81
254 70
255 10
255 50
255 225
256 129
256 156
256 1
257 74
257 178
257 5
258 61
258 121
258 56
259 232
259 105
259 227
260 7
260 106
260 232
261 17
261 21
261 3
262 258
262 81
262 220
263 2
263 1
263 115
264 186
264 13
264 15
265 229
265 127
265 30
266 2
266 170
266 0
267 258
267 250
267 147
268 109
268 9
268 20
269 24
269 15
269 0
270 72
270 34
270 43
271 10
271 86
271 0
272 20
272 1
272 213
273 244
273 61
273 266
274 181
274 225
274 13
275 35
275 264
275 24
276 104
276 7
276 72
277 113
277 23
277 255
278 29
278 156
278 68
279 19
279 44
279 169
280 6
280 32
280 163
281 141
281 14
281 33
282 267
282 72
282 211
283 9
283 141
283 109
284 268
284 176
284 205
285 1
285 148
285 143
286 167
286 26
286 201
287 1
287 8
287 99
288 36
288 18
288 88
289 31
289 89
289 229
290 2
290 7
290 79
291 124
291 67
291 33
292 181
292 210
292 8
293 129
293 26
293 6
294 37
294 2
294 22
295 54
295 218
295 0
296 99
296 177
296 23
297 19
297 140
297 250
298 120
298 25
298 228
299 127
299 298
299 134
300 102
300 100
300 87
301 1
301 190
301 123
302 271
302 301
302 287
303 142
303 259
303 76
304 139
304 149
304 146
305 12
305 5
305 6
306 76
306 289
306 208
307 5
307 1
307 257
308 225
308 306
308 27
309 5
309 157
309 268
310 119
310 1
310 236
311 21
311 271
311 225
312 5
312 70
312 9
313 52
313 120
313 76
314 7
314 93
314 201
315 119
315 216
315 282
316 170
316 0
316 38
317 40
317 136
317 164
318 84
318 90
318 133
319 197
319 69
319 17
320 22
320 36
320 203
321 105
321 236
321 80
322 52
322 24
322 67
323 155
323 1
323 215
324 166
324 267
324 122
325 34
325 1
325 117
326 0
326 114
326 104
327 12
327 21
327 6
328 0
328 320
328 190
329 118
329 24
329 297
330 7
330 1
330 5
331 34
331 271
331 126
332 163
332 115
332 13
333 280
333 110
333 197
334 86
334 146
334 299
335 35
335 253
335 316
336 7
336 134
336 47
337 121
337 0
337 139
338 119
338 10
338 1
339 78
339 1
339 150
340 197
340 225
340 145
341 284
341 1
341 6
342 221
342 101
342 43
343 24
343 16
343 84
344 318
344 2
344 190
345 52
345 99
345 188
346 129
346 8
346 3
347 156
347 0
347 110
348 225
348 3
348 12
349 278
349 103
349 146
350 118
350 24
350 73
351 50
351 25
351 8
352 227
352 187
352 199
353 16
353 52
353 213
354 100
354 25
354 17
355 24
355 190
355 48
356 194
356 119
356 305
357 10
357 201
357 84
358 210
358 287
358 288
359 133
359 61
359 5
360 235
360 1
360 3
361 59
361 119
361 3
362 316
362 251
362 2
363 268
363 161
363 163
364 237
364 362
364 70
365 16
365 22
365 87
366 18
366 105
366 89
367 81
367 13
367 67
368 42
368 213
368 177
369 149
369 52
369 12
370 244
370 165
370 171
371 1
371 37
371 84
372 89
372 112
372 196
373 6
373 33
373 294
374 327
374 78
374 5
375 351
375 173
375 16
376 5
376 6
376 3
377 57
377 136
377 122
378 213
378 258
378 12
379 232
379 20
379 34
380 75
380 278
380 245
381 190
381 0
381 88
382 235
382 350
382 177
383 321
383 8
383 3
384 187
384 35
384 325
385 315
385 374
385 7
386 167
386 222
386 37
387 356
387 210
387 224
388 20
388 196
388 3
389 224
389 263
389 100
390 385
390 146
390 269
391 3
391 1
391 7
392 84
392 3
392 372
393 80
393 118
393 137
394 304
394 170
394 26
395 196
395 343
395 142
396 25
396 86
396 322
397 177
397 201
397 170
398 47
398 253
398 268
399 23
399 306
399 170
400 312
400 47
400 70
401 252
401 34
401 305
402 149
402 45
402 298
403 221
403 17
403 25
404 84
404 107
404 2
405 164
405 378
405 55
406 53
406 203
406 28
407 3
407 95
407 298
408 378
408 221
408 397
409 255
409 93
409 124
410 168
410 128
410 181
411 358
411 76
411 127
412 105
412 26
412 124
413 59
413 8
413 306
414 25
414 18
414 397
415 20
415 187
415 228
416 3
416 72
416 28
417 229
417 136
417 70
418 411
418 70
418 86
419 402
419 230
419 289
420 395
420 392
420 303
421 164
421 67
421 73
422 403
422 131
422 22
423 118
423 76
423 172
424 161
424 91
424 247
425 1
425 306
425 73
426 300
426 39
426 15
427 404
427 378
427 81
428 148
428 1
428 203
429 241
429 1
429 319
430 81
430 102
430 119
431 342
431 205
431 108
432 52
432 398
432 2
433 246
433 33
433 307
434 97
434 216
434 241
435 127
435 292
435 213
436 173
436 105
436 61
437 219
437 228
437 94
438 70
438 385
438 18
439 1
439 191
439 24
440 22
440 3
440 120
441 215
441 164
441 264
442 88
442 47
442 199
443 161
443 137
443 187
444 286
444 33
444 369
445 203
445 7
445 45
446 224
446 170
446 276
447 2
447 3
447 33
448 362
448 424
448 386
449 213
449 78
449 4
450 84
450 246
450 440
451 397
451 24
451 236
452 26
452 239
452 304
453 192
453 432
453 85
454 0
454 80
454 326
455 217
455 20
455 292
456 305
456 361
456 24
457 184
457 178
457 442
458 103
458 156
458 104
459 86
459 227
459 443
460 133
460 95
460 51
461 15
461 370
461 82
462 263
462 267
462 15
463 43
463 263
463 335
464 366
464 27
464 362
465 63
465 345
465 81
466 450
466 7
466 325
467 422
467 358
467 403
468 188
468 103
468 305
469 313
469 322
469 61
470 200
470 327
470 316
471 3
471 6
471 2
472 43
472 26
472 5
473 84
473 129
473 24
474 205
474 316
474 12
475 196
475 10
475 192
476 71
476 1
476 192
477 67
477 74
477 0
478 5
478 315
478 444
479 88
479 78
479 470
480 476
480 372
480 2
481 24
481 36
481 5
482 104
482 388
482 24
483 358
483 183
483 156
484 310
484 17
484 28
485 210
485 57
485 168
486 7
486 68
486 84
487 108
487 90
487 47
488 417
488 9
488 266
489 380
489 39
489 45
490 236
490 108
490 70
491 99
491 256
491 236
492 429
492 161
492 8
493 284
493 70
493 6
494 89
494 406
494 105
495 188
495 72
495 406
496 274
496 9
496 134
497 6
497 122
497 333
498 231
498 56
498 89
499 156
499 37
499 54
500 6
500 433
500 81
501 448
501 126
501 15
502 3
502 436
502 13
503 21
503 339
503 1
504 10
504 115
504 104
505 473
505 345
505 71
506 432
506 108
506 7
507 70
507 309
507 120
508 196
508 22
508 7
509 15
509 0
509 161
510 263
510 93
510 21
511 58
511 76
511 24
512 26
512 53
512 187
513 172
513 200
513 88
514 0
514 462
514 394
515 10
515 459
515 445
516 67
516 99
516 1
517 193
517 140
517 184
518 0
518 120
518 9
519 178
519 131
519 34
520 254
520 279
520 7
521 22
521 15
521 428
522 104
522 310
522 345
523 150
523 267
523 109
524 143
524 135
524 12
525 333
525 70
525 34
526 344
526 466
526 294
527 7
527 5
527 79
528 7
528 67
528 289
529 402
529 33
529 28
530 161
530 281
530 142
531 33
531 3
531 367
532 395
532 105
532 280
533 214
533 33
533 158
534 1
534 23
534 128
535 138
535 8
535 3
536 51
536 495
536 294
537 328
537 167
537 315
538 20
538 366
538 346
539 521
539 480
539 21
540 92
540 5
540 84
541 52
541 255
541 115
542 249
542 118
542 280
543 315
543 153
543 450
544 22
544 74
544 179
545 54
545 74
545 33
546 481
546 3
546 6
547 322
547 493
547 17
548 338
548 35
548 105
549 316
549 417
549 50
550 157
550 521
550 162
551 379
551 8
551 49
552 445
552 72
552 34
553 470
553 535
553 327
554 23
554 514
554 25
555 253
555 232
555 328
556 293
556 164
556 0
557 156
557 14
557 12
558 15
558 1
558 172
559 3
559 322
559 41
560 216
560 271
560 537
561 2
561 151
561 504
562 184
562 356
562 284
563 310
563 462
563 534
564 324
564 105
564 174
565 196
565 1
565 32
566 361
566 300
566 99
567 219
567 68
567 236
568 132
568 113
568 21
569 57
569 16
569 251
570 502
570 53
570 550
571 21
571 26
571 171
572 82
572 67
572 253
573 424
573 560
573 245
574 137
574 25
574 13
575 311
575 2
575 112
576 258
576 268
576 255
577 116
577 155
577 5
578 288
578 328
578 309
579 148
579 102
579 21
580 294
580 103
580 90
581 307
581 3
581 24
582 137
582 389
582 63
583 508
583 11
583 555
584 380
584 565
584 5
585 68
585 172
585 161
586 180
586 134
586 254
587 100
587 152
587 323
588 282
588 368
588 5
589 81
589 1
589 177
590 395
590 174
590 512
591 549
591 74
591 514
592 312
592 286
592 556
593 39
593 8
593 583
594 568
594 150
594 5
595 178
595 376
595 189
596 541
596 15
596 296
597 437
597 7
597 167
598 253
598 99
598 136
599 403
599 502
599 495
600 17
600 41
600 9
601 191
601 87
601 32
602 187
602 81
602 135
603 1
603 95
603 14
604 263
604 167
604 7
605 33
605 54
605 227
606 502
606 196
606 221
607 43
607 523
607 460
608 12
608 258
608 109
609 0
609 210
609 469
610 508
610 5
610 52
611 23
611 8
611 84
612 197
612 10
612 31
613 412
613 214
613 2
614 86
614 1
614 430
615 126
615 324
615 412
616 3
616 502
616 326
617 87
617 525
617 36
618 8
618 67
618 106
619 3
619 76
619 612
620 326
620 203
620 294
621 198
621 91
621 69
622 157
622 23
622 550
623 3
623 333
623 80
624 259
624 535
624 36
625 393
625 81
625 53
626 50
626 0
626 247
627 170
627 21
627 29
628 263
628 44
628 565
629 105
629 166
629 560
630 525
630 40
630 0
631 585
631 91
631 164
632 150
632 3
632 106
633 199
633 454
633 509
634 15
634 448
634 177
635 288
635 353
635 106
636 319
636 481
636 36
637 86
637 3
637 220
638 237
638 41
638 76
639 103
639 431
639 590
640 507
640 140
640 174
641 192
641 603
641 17
642 8
642 167
642 77
643 86
643 6
643 148
644 181
644 76
644 406
645 87
645 90
645 128
646 516
646 7
646 514
647 71
647 162
647 3
648 49
648 4
648 293
649 305
649 67
649 435
650 5
650 105
650 373
651 32
651 63
651 585
652 267
652 16
652 29
653 29
653 99
653 366
654 636
654 15
654 465
655 121
655 21
655 167
656 3
656 197
656 86
657 12
657 1
657 103
658 458
658 586
658 544
659 0
659 82
659 290
660 94
660 86
660 473
661 628
661 532
661 30
662 2
662 34
662 267
663 235
663 365
663 84
664 108
664 645
664 286
665 328
665 417
665 273
666 665
666 205
666 34
667 41
667 8
667 47
668 21
668 140
668 20
669 264
669 150
669 41
670 430
670 356
670 3
671 555
671 549
671 75
672 124
672 11
672 81
673 6
673 602
673 8
674 17
674 268
674 286
675 84
675 468
675 319
676 303
676 187
676 117
677 502
677 469
677 258
678 540
678 398
678 108
679 640
679 489
679 85
680 664
680 213
680 328
681 68
681 3
681 419
682 3
682 490
682 617
683 0
683 115
683 80
684 100
684 166
684 34
685 78
685 615
685 653
686 215
686 335
686 641
687 174
687 25
687 622
688 658
688 79
688 18
689 253
689 5
689 3
690 163
690 8
690 0
691 33
691 17
691 7
692 64
692 83
692 1
693 221
693 95
693 532
694 284
694 508
694 27
695 614
695 86
695 577
696 8
696 3
696 207
697 0
697 34
697 585
698 1
698 20
698 6
699 134
699 316
699 59
700 234
700 9
700 352
701 532
701 502
701 61
702 471
702 240
702 114
703 156
703 328
703 0
704 33
704 140
704 371
705 80
705 34
705 215
706 0
706 8
706 484
707 25
707 628
707 20
708 30
708 362
708 86
709 292
709 514
709 496
710 657
710 47
710 638
711 94
711 24
711 236
712 331
712 1
712 547
713 172
713 477
713 350
714 471
714 315
714 457
715 378
715 661
715 1
716 269
716 225
716 498
717 163
717 510
717 312
718 330
718 657
718 448
719 400
719 166
719 622
720 5
720 404
720 76
721 64
721 76
721 422
722 247
722 9
722 70
723 153
723 344
723 356
724 216
724 379
724 47
725 545
725 471
725 3
726 709
726 66
726 491
727 555
727 88
727 390
728 245
728 93
728 430
729 471
729 304
729 6
730 494
730 476
730 167
731 48
731 348
731 3
732 197
732 727
732 669
733 192
733 492
733 150
734 151
734 3
734 515
735 628
735 85
735 114
736 669
736 41
736 44
737 33
737 687
737 315
738 515
738 413
738 208
739 566
739 236
739 407
740 29
740 133
740 1
741 3
741 534
741 5
742 438
742 54
742 325
743 168
743 656
743 13
744 583
744 23
744 510
745 0
745 385
745 140
746 29
746 271
746 596
747 63
747 36
747 105
748 285
748 496
748 364
749 177
749 187
749 10
750 99
750 43
750 480
751 528
751 614
751 406
752 290
752 98
752 38
753 149
753 40
753 262
754 6
754 679
754 95
755 0
755 29
755 636
756 78
756 3
756 29
757 507
757 33
757 559
758 559
758 140
758 13
759 44
759 370
759 294
760 636
760 752
760 9
761 250
761 17
761 5
762 405
762 293
762 43
763 341
763 555
763 85
764 58
764 654
764 215
765 262
765 135
765 99
766 19
766 342
766 612
767 9
767 430
767 271
768 110
768 161
768 590
769 19
769 204
769 84
770 30
770 358
770 80
771 440
771 122
771 220
772 99
772 135
772 225
773 33
773 341
773 335
774 119
774 727
774 74
775 64
775 10
775 18
776 152
776 255
776 22
777 457
777 296
777 442
778 70
778 2
778 22
779 565
779 327
779 0
780 251
780 274
780 489
781 470
781 1
781 5
782 106
782 213
782 7
783 714
783 192
783 1
784 108
784 178
784 607
785 234
785 274
785 466
786 557
786 64
786 67
787 776
787 247
787 72
788 246
788 258
788 262
789 532
789 510
789 34
790 43
790 626
790 193
791 340
791 484
791 310
792 31
792 253
792 256
793 266
793 1
793 47
794 84
794 26
794 105
795 661
795 322
795 104
796 715
796 34
796 221
797 25
797 104
797 241
798 268
798 723
798 0
799 393
799 169
799 232
800 5
800 148
800 9
801 120
801 709
801 86
802 736
802 788
802 23
803 127
803 97
803 596
804 466
804 247
804 1
805 20
805 268
805 246
806 178
806 262
806 53
807 2
807 785
807 217
808 20
808 182
808 378
809 104
809 0
809 401
810 188
810 303
810 99
811 311
811 88
811 48
812 225
812 398
812 687
813 7
813 182
813 401
814 653
814 120
814 395
815 33
815 120
815 25
816 121
816 38
816 551
817 699
817 34
817 656
818 10
818 664
818 243
819 3
819 47
819 780
820 135
820 389
820 20
821 37
821 162
821 504
822 656
822 418
822 167
823 10
823 50
823 507
824 163
824 2
824 379
825 768
825 777
825 17
826 460
826 301
826 21
827 39
827 154
827 140
828 220
828 0
828 177
829 504
829 1
829 29
830 751
830 7
830 24
831 252
831 648
831 817
832 166
832 5
832 8
833 24
833 156
833 167
834 194
834 587
834 161
835 99
835 392
835 468
836 42
836 1
836 246
837 1
837 132
837 281
838 294
838 122
838 29
839 257
839 708
839 76
840 423
840 86
840 3
841 0
841 420
841 216
842 502
842 404
842 36
843 367
843 645
843 70
844 625
844 746
844 379
845 477
845 547
845 230
846 86
846 757
846 333
847 33
847 30
847 79
848 83
848 622
848 193
849 84
849 504
849 68
850 335
850 410
850 3
851 19
851 492
851 281
852 244
852 148
852 560
853 12
853 253
853 32
854 7
854 36
854 428
855 677
855 560
855 398
856 350
856 674
856 683
857 734
857 7
857 584
858 708
858 0
858 114
859 241
859 430
859 72
860 1
860 721
860 201
861 628
861 3
861 118
862 776
862 353
862 615
863 91
863 790
863 245
864 0
864 278
864 17
865 732
865 612
865 659
866 543
866 622
866 860
867 783
867 450
867 0
868 1
868 460
868 291
869 565
869 8
869 192
870 93
870 317
870 780
871 268
871 751
871 178
872 265
872 215
872 21
873 21
873 238
873 640
874 41
874 109
874 840
875 85
875 151
875 22
876 303
876 271
876 534
877 274
877 10
877 41
878 177
878 345
878 146
879 472
879 135
879 1
880 596
880 84
880 573
881 822
881 8
881 538
882 530
882 215
882 565
883 640
883 55
883 396
884 449
884 149
884 118
885 1
885 213
885 716
886 145
886 92
886 811
887 89
887 79
887 149
888 126
888 109
888 325
889 126
889 610
889 64
890 140
890 289
890 874
891 793
891 735
891 13
892 267
892 314
892 459
893 374
893 18
893 2
894 85
894 287
894 89
895 253
895 358
895 59
896 53
896 52
896 44
897 2
897 64
897 15
898 515
898 486
898 37
899 825
899 802
899 3
900 210
900 190
900 707
901 895
901 23
901 168
902 293
902 579
902 13
903 293
903 47
903 80
904 869
904 462
904 25
905 789
905 432
905 356
906 192
906 83
906 17
907 613
907 776
907 830
908 824
908 498
908 88
909 242
909 107
909 91
910 266
910 7
910 162
911 15
911 84
911 388
912 91
912 284
912 386
913 88
913 812
913 105
914 540
914 191
914 574
915 351
915 630
915 13
916 227
916 10
916 893
917 37
917 323
917 346
918 75
918 17
918 11
919 113
919 270
919 18
920 0
920 236
920 768
921 828
921 692
921 873
922 716
922 99
922 208
923 10
923 425
923 872
924 510
924 119
924 187
925 205
925 178
925 8
926 249
926 108
926 259
927 669
927 393
927 170
928 26
928 119
928 592
929 1
929 489
929 486
930 210
930 148
930 659
931 900
931 76
931 120
932 628
932 29
932 636
933 688
933 33
933 10
934 812
934 3
934 570
935 431
935 24
935 104
936 28
936 753
936 12
937 13
937 112
937 489
938 284
938 161
938 403
939 795
939 213
939 625
940 15
940 661
940 261
941 76
941 459
941 210
942 22
942 8
942 29
943 659
943 33
943 81
944 219
944 668
944 108
945 909
945 179
945 166
946 689
946 25
946 134
947 43
947 502
947 23
948 507
948 16
948 569
949 15
949 236
949 270
950 214
950 75
950 43
951 27
951 239
951 767
952 103
952 188
952 543
953 89
953 213
953 349
954 25
954 467
954 6
955 84
955 885
955 886
956 467
956 70
956 2
957 785
957 835
957 0
958 76
958 466
958 109
959 119
959 555
959 115
960 72
960 680
960 213
961 8
961 951
961 574
962 106
962 253
962 686
963 12
963 106
963 11
964 3
964 164
964 156
965 279
965 50
965 747
966 32
966 52
966 165
967 132
967 43
967 566
968 11
968 115
968 519
969 1
969 871
969 13
970 916
970 5
970 922
971 768
971 683
971 780
972 534
972 842
972 204
973 164
973 243
973 88
974 161
974 889
974 21
975 9
975 32
975 90
976 76
976 545
976 590
977 24
977 310
977 264
978 31
978 307
978 13
979 489
979 9
979 225
980 612
980 812
980 214
981 115
981 95
981 70
982 8
982 540
982 59
983 1
983 717
983 60
984 34
984 893
984 196
985 484
985 169
985 2
986 599
986 729
986 312
987 528
987 194
987 818
988 599
988 88
988 37
989 492
989 151
989 241
990 122
990 217
990 9
991 976
991 494
991 7
992 3
992 107
992 712
993 467
993 74
993 33
994 391
994 216
994 179
995 362
995 482
995 169
996 590
996 15
996 274
997 299
997 9
997 543
998 146
998 86
998 391
999 15
999 126
999 0
