0 1
1 0
2 0
2 1
3 1
3 0
3 2
4 3
4 0
4 1
5 2
5 1
5 0
6 1
6 4
6 0
7 0
7 1
7 4
8 0
8 1
8 7
9 7
9 3
9 8
10 1
10 7
10 8
11 8
11 1
11 7
12 2
12 0
12 4
13 1
13 12
13 6
14 2
14 11
14 1
15 2
15 11
15 1
16 1
16 13
16 9
17 16
17 1
17 0
18 1
18 10
18 3
19 5
19 18
19 8
20 9
20 6
20 8
21 19
21 8
21 2
22 6
22 18
22 11
23 12
23 6
23 4
24 11
24 2
24 19
25 21
25 2
25 1
26 1
26 7
26 14
27 2
27 7
27 3
28 1
28 11
28 15
29 13
29 8
29 12
30 24
30 9
30 5
31 25
31 1
31 2
32 20
32 2
32 1
33 6
33 18
33 27
34 6
34 7
34 25
35 26
35 0
35 14
36 17
36 6
36 1
37 30
37 7
37 8
38 4
38 15
38 2
39 19
39 1
39 29
40 29
40 22
40 1
41 1
41 0
41 40
42 11
42 18
42 19
43 1
43 13
43 2
44 2
44 13
44 0
45 35
45 1
45 11
46 21
46 13
46 2
47 11
47 2
47 46
48 1
48 2
48 18
49 19
49 30
49 4
50 39
50 6
50 25
51 8
51 0
51 42
52 24
52 43
52 2
53 11
53 23
53 2
54 26
54 8
54 36
55 2
55 6
55 7
56 13
56 1
56 22
57 12
57 2
57 47
58 11
58 37
58 12
59 2
59 18
59 9
60 45
60 11
60 22
61 48
61 23
61 18
62 23
62 42
62 1
63 7
63 46
63 36
64 59
64 0
64 58
65 27
65 4
65 6
66 28
66 11
66 53
67 19
67 2
67 12
68 60
68 58
68 12
69 66
69 42
69 35
70 5
70 24
70 45
71 2
71 22
71 13
72 2
72 53
72 19
73 54
73 19
73 47
74 59
74 53
74 20
75 58
75 18
75 5
76 51
76 5
76 1
77 23
77 32
77 12
78 7
78 68
78 18
79 13
79 53
79 6
80 24
80 6
80 28
81 11
81 50
81 24
82 8
82 11
82 39
83 59
83 40
83 11
84 2
84 39
84 68
85 46
85 14
85 8
86 1
86 12
86 6
87 1
87 6
87 65
88 1
88 2
88 80
89 18
89 31
89 50
90 30
90 3
90 40
91 11
91 6
91 12
92 19
92 14
92 11
93 11
93 13
93 6
94 10
94 68
94 31
95 6
95 25
95 74
96 66
96 20
96 7
97 44
97 76
97 58
98 6
98 4
98 59
99 3
99 24
99 7
