0 1
1 0
2 0
2 1
3 0
3 1
3 2
4 1
4 2
4 0
5 1
5 2
5 0
6 1
6 0
6 2
7 1
7 3
7 2
8 4
8 0
8 7
9 0
9 2
9 1
10 3
10 7
10 6
11 10
11 0
11 8
12 8
12 2
12 0
13 0
13 1
13 12
14 8
14 5
14 10
15 0
15 14
15 8
16 2
16 4
16 10
17 1
17 11
17 2
18 3
18 1
18 4
19 3
19 12
19 13
20 3
20 14
20 4
21 8
21 17
21 19
22 3
22 17
22 1
23 19
23 10
23 4
24 16
24 1
24 4
25 0
25 10
25 19
26 2
26 1
26 4
27 12
27 15
27 0
28 0
28 1
28 24
29 23
29 19
29 20
30 4
30 1
30 10
31 30
31 2
31 0
32 21
32 19
32 0
33 1
33 32
33 0
34 11
34 5
34 15
35 1
35 17
35 31
36 33
36 5
36 10
37 1
37 22
37 34
38 4
38 18
38 2
39 3
39 0
39 2
40 38
40 14
40 10
41 0
41 5
41 31
42 12
42 41
42 36
43 5
43 20
43 12
44 40
44 12
44 3
45 31
45 14
45 17
46 1
46 6
46 7
47 0
47 3
47 26
48 17
48 12
48 31
49 3
49 46
49 5
