0 1
0 2
1 0
1 2
2 0
2 1
3 0
3 1
3 2
4 0
4 1
4 3
5 0
5 4
5 1
6 2
6 0
6 1
7 1
7 2
7 0
8 0
8 4
8 2
9 2
9 4
9 0
10 2
10 0
10 1
11 2
11 9
11 0
12 1
12 9
12 7
13 2
13 4
13 9
14 1
14 2
14 10
15 1
15 0
15 9
16 6
16 2
16 4
17 0
17 12
17 1
18 5
18 9
18 10
19 3
19 18
19 2
20 2
20 1
20 15
21 0
21 1
21 7
22 2
22 18
22 6
23 15
23 18
23 21
24 6
24 7
24 3
25 0
25 5
25 2
26 4
26 11
26 5
27 2
27 0
27 7
28 8
28 0
28 18
29 0
29 25
29 2
30 4
30 5
30 15
31 18
31 3
31 16
32 21
32 2
32 23
33 25
33 19
33 3
34 9
34 8
34 2
35 7
35 29
35 19
36 34
36 2
36 26
37 14
37 9
37 4
38 8
38 21
38 2
39 33
39 2
39 0
40 35
40 0
40 5
41 7
41 27
41 22
42 40
42 11
42 39
43 2
43 12
43 1
44 14
44 5
44 18
45 15
45 42
45 20
46 15
46 19
46 10
47 1
47 22
47 0
48 45
48 17
48 14
49 25
49 18
49 39
