0 1
1 0
2 0
2 1
3 1
3 0
3 2
4 1
4 0
4 2
5 0
5 2
5 1
6 0
6 5
6 4
7 4
7 1
7 0
8 1
8 6
8 0
9 2
9 5
9 0
10 1
10 2
10 0
11 0
11 1
11 6
12 3
12 4
12 2
13 0
13 4
13 1
14 6
14 0
14 1
15 0
15 10
15 2
16 0
16 4
16 9
17 13
17 15
17 12
18 5
18 0
18 11
19 0
19 6
19 4
20 6
20 1
20 16
21 15
21 1
21 4
22 1
22 7
22 3
23 11
23 6
23 1
24 17
24 6
24 1
25 6
25 0
25 1
26 14
26 25
26 11
27 2
27 3
27 5
28 26
28 2
28 5
29 11
29 4
29 27
30 1
30 25
30 0
31 4
31 1
31 10
32 18
32 25
32 21
33 11
33 0
33 2
34 4
34 7
34 2
35 28
35 12
35 15
36 0
36 15
36 6
37 2
37 14
37 6
38 15
38 35
38 30
39 1
39 24
39 10
40 19
40 3
40 14
41 8
41 12
41 22
42 0
42 14
42 2
43 19
43 28
43 27
44 12
44 15
44 11
45 10
45 5
45 24
46 2
46 33
46 32
47 7
47 18
47 10
48 3
48 23
48 2
49 25
49 2
49 1
50 1
50 11
50 24
51 4
51 5
51 35
52 4
52 11
52 32
53 6
53 25
53 1
54 39
54 26
54 50
55 4
55 29
55 5
56 18
56 42
56 38
57 10
57 40
57 42
58 1
58 2
58 41
59 41
59 4
59 21
60 3
60 14
60 23
61 43
61 10
61 14
62 18
62 14
62 22
63 61
63 15
63 36
64 3
64 63
64 2
65 29
65 3
65 24
66 13
66 2
66 4
67 47
67 22
67 2
68 40
68 15
68 24
69 35
69 49
69 56
70 17
70 1
70 0
71 5
71 9
71 22
72 28
72 2
72 35
73 0
73 6
73 35
74 14
74 40
74 9
75 6
75 15
75 50
76 67
76 63
76 23
77 52
77 73
77 61
78 6
78 9
78 3
79 0
79 22
79 18
80 35
80 18
80 66
81 41
81 0
81 11
82 17
82 27
82 14
83 57
83 80
83 4
84 27
84 2
84 5
85 79
85 15
85 0
86 47
86 13
86 60
87 7
87 47
87 35
88 73
88 61
88 54
89 84
89 75
89 88
90 17
90 16
90 46
91 65
91 2
91 74
92 1
92 10
92 2
93 3
93 6
93 7
94 10
94 38
94 61
95 56
95 17
95 63
96 25
96 1
96 9
97 12
97 69
97 1
98 16
98 15
98 75
99 0
99 12
99 30
