0 1
1 0
2 1
2 0
3 0
3 1
3 2
4 0
4 2
4 1
5 0
5 1
5 2
6 1
6 0
6 4
7 1
7 0
7 2
8 2
8 4
8 0
9 2
9 4
9 0
10 7
10 6
10 9
11 1
11 0
11 9
12 0
12 4
12 5
13 10
13 6
13 2
14 11
14 0
14 4
15 11
15 0
15 9
16 9
16 2
16 7
17 12
17 15
17 4
18 10
18 0
18 4
19 0
19 17
19 9
20 17
20 18
20 12
21 10
21 2
21 14
22 1
22 14
22 13
23 2
23 8
23 17
24 23
24 0
24 1
25 5
25 1
25 21
26 9
26 17
26 4
27 4
27 12
27 0
28 26
28 18
28 1
29 4
29 7
29 18
30 25
30 9
30 0
31 4
31 27
31 0
32 19
32 28
32 18
33 10
33 12
33 16
34 22
34 2
34 26
35 1
35 8
35 29
36 0
36 4
36 17
37 1
37 7
37 5
38 32
38 2
38 13
39 18
39 17
39 21
40 39
40 35
40 17
41 21
41 8
41 1
42 10
42 0
42 34
43 22
43 15
43 0
44 0
44 4
44 10
45 21
45 25
45 14
46 17
46 10
46 44
47 30
47 2
47 43
48 32
48 16
48 37
49 35
49 0
49 1
50 6
50 44
50 18
51 46
51 1
51 9
52 4
52 44
52 21
53 4
53 9
53 36
54 4
54 32
54 29
55 26
55 18
55 44
56 13
56 9
56 26
57 2
57 29
57 36
58 26
58 13
58 2
59 20
59 17
59 9
60 11
60 1
60 13
61 46
61 16
61 10
62 21
62 39
62 52
63 19
63 21
63 14
64 24
64 61
64 59
65 1
65 0
65 56
66 18
66 1
66 61
67 4
67 14
67 27
68 12
68 7
68 29
69 30
69 51
69 4
70 5
70 1
70 25
71 2
71 69
71 0
72 22
72 9
72 19
73 37
73 30
73 19
74 1
74 18
74 17
75 9
75 28
75 0
76 2
76 6
76 9
77 12
77 2
77 0
78 56
78 2
78 5
79 2
79 4
79 60
80 11
80 0
80 60
81 61
81 51
81 0
82 24
82 9
82 29
83 6
83 20
83 30
84 76
84 31
84 28
85 68
85 73
85 9
86 9
86 17
86 73
87 12
87 0
87 1
88 61
88 70
88 25
89 87
89 74
89 40
90 3
90 29
90 19
91 68
91 4
91 46
92 74
92 84
92 27
93 0
93 55
93 41
94 73
94 4
94 89
95 1
95 12
95 34
96 0
96 14
96 53
97 32
97 34
97 84
98 73
98 2
98 41
99 12
99 56
99 35
100 92
100 18
100 4
101 56
101 46
101 33
102 101
102 32
102 0
103 72
103 25
103 33
104 46
104 4
104 35
105 38
105 10
105 71
106 93
106 11
106 4
107 36
107 0
107 92
108 35
108 100
108 98
109 10
109 37
109 33
110 75
110 10
110 91
111 19
111 4
111 21
112 99
112 23
112 42
113 27
113 30
113 71
114 21
114 4
114 22
115 2
115 25
115 4
116 17
116 63
116 23
117 5
117 101
117 52
118 23
118 10
118 36
119 14
119 110
119 80
120 9
120 12
120 22
121 71
121 1
121 0
122 120
122 119
122 110
123 67
123 1
123 22
124 118
124 38
124 52
125 98
125 87
125 22
126 34
126 12
126 32
127 41
127 88
127 33
128 9
128 44
128 63
129 75
129 117
129 113
130 9
130 17
130 32
131 0
131 33
131 39
132 68
132 2
132 80
133 0
133 109
133 80
134 97
134 1
134 104
135 40
135 25
135 126
136 9
136 1
136 29
137 63
137 6
137 126
138 0
138 44
138 12
139 124
139 69
139 50
140 12
140 1
140 46
141 109
141 3
141 52
142 112
142 4
142 33
143 58
143 110
143 54
144 1
144 25
144 6
145 36
145 117
145 4
146 0
146 8
146 60
147 18
147 120
147 25
148 73
148 143
148 25
149 117
149 42
149 104
150 0
150 29
150 117
151 19
151 37
151 120
152 11
152 126
152 14
153 9
153 4
153 95
154 147
154 110
154 125
155 7
155 44
155 25
156 98
156 56
156 52
157 145
157 75
157 93
158 111
158 22
158 74
159 22
159 109
159 85
160 20
160 141
160 55
161 9
161 153
161 110
162 22
162 55
162 6
163 0
163 18
163 120
164 111
164 112
164 32
165 155
165 158
165 14
166 154
166 33
166 149
167 28
167 126
167 9
168 40
168 133
168 105
169 99
169 12
169 24
170 21
170 55
170 112
171 33
171 113
171 64
172 71
172 0
172 69
173 9
173 25
173 154
174 92
174 25
174 136
175 17
175 6
175 75
176 10
176 155
176 115
177 2
177 22
177 173
178 25
178 109
178 111
179 9
179 52
179 22
180 62
180 118
180 128
181 160
181 56
181 74
182 80
182 52
182 1
183 92
183 103
183 161
184 98
184 43
184 147
185 46
185 43
185 111
186 53
186 92
186 89
187 159
187 149
187 81
188 0
188 72
188 75
189 185
189 175
189 41
190 31
190 4
190 29
191 67
191 27
191 21
192 4
192 9
192 18
193 40
193 136
193 4
194 32
194 20
194 144
195 63
195 31
195 107
196 29
196 117
196 0
197 32
197 112
197 91
198 2
198 30
198 11
199 182
199 134
199 141
200 120
200 1
200 161
201 120
201 19
201 57
202 36
202 100
202 75
203 73
203 196
203 122
204 166
204 25
204 108
205 2
205 64
205 0
206 67
206 85
206 10
207 75
207 44
207 4
208 71
208 4
208 35
209 15
209 12
209 4
210 0
210 171
210 191
211 22
211 1
211 2
212 25
212 73
212 35
213 154
213 10
213 12
214 1
214 91
214 37
215 112
215 19
215 37
216 136
216 70
216 212
217 1
217 147
217 136
218 200
218 19
218 89
219 16
219 111
219 97
220 197
220 70
220 25
221 117
221 58
221 24
222 21
222 15
222 123
223 46
223 164
223 59
224 41
224 133
224 117
225 58
225 89
225 201
226 86
226 8
226 126
227 145
227 2
227 176
228 120
228 12
228 17
229 0
229 170
229 53
230 29
230 100
230 33
231 10
231 43
231 0
232 64
232 44
232 18
233 37
233 61
233 15
234 56
234 59
234 86
235 9
235 141
235 119
236 101
236 15
236 85
237 67
237 22
237 89
238 166
238 71
238 53
239 4
239 110
239 61
240 40
240 19
240 1
241 109
241 19
241 144
242 101
242 61
242 1
243 71
243 214
243 191
244 69
244 216
244 150
245 30
245 19
245 154
246 2
246 1
246 62
247 176
247 69
247 129
248 2
248 234
248 177
249 178
249 44
249 0
250 49
250 6
250 60
251 105
251 161
251 171
252 232
252 186
252 62
253 113
253 206
253 8
254 83
254 10
254 9
255 177
255 227
255 69
256 91
256 62
256 19
257 0
257 20
257 215
258 89
258 149
258 216
259 193
259 187
259 78
260 161
260 136
260 14
261 1
261 0
261 26
262 56
262 171
262 2
263 150
263 14
263 38
264 153
264 4
264 104
265 159
265 62
265 106
266 136
266 228
266 28
267 110
267 121
267 2
268 9
268 214
268 142
269 134
269 73
269 203
270 20
270 10
270 95
271 28
271 181
271 21
272 7
272 80
272 9
273 164
273 194
273 255
274 204
274 34
274 147
275 85
275 14
275 19
276 246
276 164
276 20
277 242
277 22
277 113
278 192
278 1
278 58
279 242
279 77
279 15
280 60
280 145
280 112
281 44
281 99
281 13
282 145
282 51
282 74
283 211
283 32
283 262
284 47
284 174
284 4
285 283
285 188
285 4
286 5
286 9
286 97
287 96
287 227
287 64
288 29
288 154
288 161
289 44
289 214
289 52
290 232
290 9
290 0
291 214
291 35
291 69
292 271
292 62
292 89
293 43
293 15
293 56
294 5
294 41
294 169
295 61
295 28
295 200
296 80
296 16
296 238
297 291
297 147
297 240
298 280
298 61
298 25
299 113
299 278
299 164
300 182
300 120
300 203
301 102
301 12
301 232
302 173
302 84
302 34
303 196
303 101
303 193
304 167
304 264
304 7
305 67
305 40
305 21
306 0
306 38
306 4
307 173
307 51
307 262
308 203
308 5
308 10
309 28
309 29
309 128
310 32
310 44
310 5
311 0
311 242
311 13
312 21
312 289
312 180
313 0
313 206
313 22
314 56
314 111
314 17
315 287
315 210
315 21
316 28
316 22
316 69
317 2
317 115
317 4
318 71
318 204
318 202
319 4
319 40
319 25
320 46
320 297
320 9
321 20
321 30
321 84
322 125
322 51
322 4
323 270
323 188
323 71
324 213
324 73
324 44
325 68
325 37
325 5
326 5
326 132
326 77
327 67
327 118
327 1
328 213
328 12
328 71
329 90
329 147
329 71
330 117
330 212
330 17
331 58
331 1
331 324
332 85
332 164
332 328
333 97
333 37
333 161
334 2
334 160
334 174
335 48
335 91
335 8
336 33
336 51
336 174
337 149
337 155
337 263
338 263
338 287
338 52
339 309
339 123
339 36
340 70
340 167
340 188
341 327
341 240
341 4
342 46
342 216
342 149
343 29
343 53
343 4
344 192
344 1
344 31
345 12
345 339
345 44
346 26
346 61
346 70
347 152
347 2
347 264
348 18
348 45
348 219
349 192
349 324
349 50
350 263
350 170
350 324
351 271
351 13
351 0
352 91
352 210
352 232
353 62
353 75
353 144
354 44
354 28
354 34
355 277
355 12
355 24
356 1
356 35
356 98
357 177
357 111
357 163
358 67
358 151
358 28
359 8
359 25
359 149
360 164
360 22
360 27
361 220
361 22
361 75
362 46
362 108
362 14
363 166
363 280
363 85
364 293
364 134
364 58
365 95
365 39
365 364
366 0
366 58
366 17
367 116
367 20
367 131
368 20
368 0
368 18
369 164
369 0
369 178
370 282
370 61
370 79
371 33
371 362
371 74
372 113
372 170
372 70
373 54
373 307
373 336
374 144
374 231
374 18
375 52
375 230
375 37
376 8
376 360
376 89
377 8
377 44
377 2
378 109
378 240
378 92
379 62
379 5
379 344
380 1
380 145
380 277
381 266
381 46
381 236
382 0
382 34
382 194
383 50
383 103
383 208
384 171
384 40
384 6
385 84
385 7
385 52
386 43
386 0
386 91
387 166
387 223
387 4
388 349
388 52
388 120
389 210
389 26
389 17
390 282
390 281
390 215
391 264
391 30
391 258
392 38
392 41
392 72
393 362
393 282
393 207
394 215
394 14
394 284
395 2
395 108
395 0
396 6
396 34
396 64
397 22
397 270
397 6
398 387
398 120
398 71
399 16
399 325
399 11
400 151
400 115
400 344
401 88
401 19
401 188
402 238
402 213
402 44
403 104
403 35
403 44
404 0
404 241
404 305
405 128
405 177
405 22
406 99
406 177
406 389
407 1
407 91
407 4
408 304
408 385
408 405
409 4
409 150
409 348
410 144
410 69
410 207
411 18
411 128
411 381
412 71
412 157
412 207
413 89
413 1
413 66
414 67
414 62
414 209
415 0
415 2
415 289
416 19
416 32
416 30
417 110
417 0
417 263
418 58
418 0
418 32
419 52
419 19
419 4
420 153
420 111
420 120
421 133
421 67
421 14
422 300
422 171
422 364
423 26
423 236
423 297
424 14
424 309
424 350
425 143
425 148
425 38
426 88
426 1
426 234
427 303
427 216
427 378
428 173
428 4
428 92
429 242
429 81
429 35
430 173
430 111
430 161
431 228
431 151
431 42
432 9
432 203
432 29
433 279
433 324
433 18
434 160
434 154
434 4
435 0
435 238
435 4
436 232
436 1
436 290
437 11
437 112
437 178
438 67
438 56
438 97
439 157
439 337
439 136
440 53
440 0
440 145
441 251
441 80
441 309
442 197
442 271
442 423
443 210
443 349
443 305
444 209
444 442
444 34
445 187
445 162
445 311
446 135
446 153
446 10
447 115
447 46
447 113
448 18
448 12
448 112
449 91
449 7
449 401
450 1
450 85
450 62
451 164
451 49
451 203
452 207
452 23
452 103
453 19
453 70
453 425
454 35
454 25
454 39
455 9
455 387
455 46
456 182
456 399
456 58
457 49
457 156
457 238
458 35
458 384
458 342
459 33
459 434
459 370
460 104
460 449
460 28
461 176
461 280
461 219
462 69
462 290
462 111
463 52
463 0
463 414
464 13
464 91
464 58
465 339
465 1
465 78
466 166
466 56
466 116
467 66
467 175
467 132
468 423
468 89
468 25
469 115
469 277
469 304
470 155
470 13
470 40
471 296
471 1
471 212
472 51
472 82
472 44
473 61
473 10
473 171
474 35
474 0
474 74
475 60
475 210
475 351
476 108
476 22
476 235
477 280
477 395
477 43
478 9
478 92
478 13
479 33
479 91
479 391
480 343
480 177
480 402
481 109
481 10
481 77
482 126
482 71
482 470
483 25
483 93
483 58
484 19
484 302
484 16
485 122
485 219
485 9
486 17
486 166
486 153
487 178
487 272
487 342
488 203
488 96
488 1
489 81
489 10
489 128
490 235
490 14
490 264
491 25
491 12
491 264
492 364
492 9
492 78
493 53
493 2
493 70
494 188
494 71
494 5
495 13
495 84
495 0
496 175
496 69
496 23
497 339
497 50
497 14
498 145
498 159
498 134
499 22
499 81
499 89
