0 1
1 0
2 1
2 0
3 1
3 0
3 2
4 0
4 2
4 3
5 4
5 1
5 3
6 0
6 3
6 2
7 1
7 5
7 3
8 0
8 3
8 6
9 7
9 6
9 8
10 1
10 7
10 4
11 6
11 0
11 8
12 4
12 0
12 3
13 1
13 12
13 8
14 6
14 11
14 1
15 3
15 13
15 4
16 7
16 11
16 1
17 4
17 3
17 2
18 1
18 16
18 8
19 17
19 16
19 11
20 9
20 2
20 18
21 2
21 11
21 16
22 4
22 1
22 3
23 1
23 0
23 3
24 3
24 11
24 6
25 23
25 0
25 5
26 0
26 5
26 3
27 6
27 9
27 0
28 26
28 6
28 1
29 21
29 8
29 6
30 6
30 9
30 4
31 11
31 8
31 23
32 4
32 31
32 25
33 6
33 23
33 8
34 29
34 1
34 31
35 25
35 5
35 4
36 1
36 4
36 5
37 25
37 8
37 15
38 6
38 1
38 5
39 37
39 23
39 22
40 38
40 29
40 26
41 28
41 39
41 5
42 3
42 18
42 1
43 14
43 5
43 30
44 1
44 2
44 9
45 6
45 37
45 38
46 0
46 34
46 3
47 37
47 42
47 12
48 40
48 20
48 0
49 6
49 35
49 1
50 41
50 6
50 33
51 1
51 49
51 25
52 36
52 0
52 45
53 6
53 1
53 7
54 25
54 8
54 4
55 3
55 37
55 8
56 13
56 34
56 8
57 38
57 11
57 53
58 6
58 38
58 31
59 10
59 45
59 11
60 7
60 59
60 0
61 9
61 58
61 31
62 29
62 17
62 7
63 38
63 1
63 4
64 18
64 38
64 36
65 43
65 16
65 7
66 20
66 33
66 62
67 11
67 8
67 1
68 42
68 14
68 10
69 1
69 45
69 14
70 4
70 15
70 45
71 8
71 55
71 1
72 0
72 1
72 48
73 25
73 6
73 64
74 7
74 31
74 16
75 31
75 8
75 11
76 45
76 0
76 26
77 6
77 72
77 22
78 7
78 26
78 4
79 26
79 5
79 12
80 60
80 72
80 17
81 36
81 18
81 37
82 6
82 15
82 11
83 72
83 35
83 49
84 66
84 0
84 18
85 13
85 41
85 61
86 38
86 27
86 82
87 37
87 55
87 4
88 54
88 16
88 6
89 45
89 62
89 6
90 0
90 13
90 4
91 4
91 76
91 11
92 40
92 84
92 4
93 52
93 6
93 16
94 45
94 81
94 77
95 51
95 60
95 11
96 65
96 3
96 85
97 29
97 1
97 6
98 36
98 32
98 84
99 38
99 22
99 56
