0 1
0 2
0 3
0 4
0 6
0 10
0 13
0 14
1 0
1 2
1 3
1 5
1 6
1 8
1 9
1 13
1 15
1 19
2 0
2 1
2 3
2 4
2 7
2 9
2 10
3 0
3 2
3 1
3 4
3 5
3 6
3 11
3 12
3 16
3 18
4 0
4 2
4 3
4 5
4 12
4 14
5 1
5 4
5 3
5 7
5 8
6 0
6 3
6 1
6 7
6 8
6 9
6 11
6 15
6 16
6 17
7 6
7 2
7 5
7 13
7 17
8 1
8 5
8 6
8 10
8 11
8 12
8 14
8 17
9 2
9 1
9 6
10 8
10 2
10 0
10 15
10 19
11 6
11 8
11 3
12 8
12 3
12 4
13 0
13 1
13 7
13 19
14 8
14 4
14 0
14 16
15 10
15 6
15 1
15 18
16 6
16 3
16 14
16 18
17 7
17 6
17 8
18 15
18 3
18 16
19 1
19 10
19 13
