0 1
0 2
0 3
1 0
1 2
1 3
2 0
2 1
2 3
3 0
3 2
3 1
4 0
4 2
4 3
5 0
5 3
5 1
6 0
6 2
6 5
7 1
7 0
7 5
8 6
8 2
8 5
9 5
9 2
9 1
10 5
10 4
10 0
11 7
11 1
11 5
12 10
12 5
12 2
13 2
13 0
13 3
14 12
14 13
14 2
15 11
15 2
15 9
16 1
16 8
16 6
17 5
17 3
17 2
18 2
18 4
18 17
19 17
19 2
19 9
20 2
20 4
20 10
21 17
21 2
21 3
22 8
22 3
22 11
23 19
23 2
23 10
24 16
24 22
24 10
25 15
25 2
25 5
26 12
26 20
26 17
27 5
27 21
27 16
28 21
28 11
28 1
29 1
29 17
29 22
30 3
30 5
30 6
31 2
31 23
31 15
32 16
32 10
32 1
33 11
33 29
33 8
34 6
34 4
34 5
35 3
35 0
35 12
36 5
36 1
36 13
37 17
37 12
37 1
38 9
38 8
38 0
39 3
39 2
39 5
40 2
40 5
40 8
41 33
41 34
41 6
42 22
42 0
42 8
43 8
43 13
43 2
44 2
44 25
44 14
45 5
45 32
45 7
46 37
46 38
46 7
47 0
47 6
47 44
48 33
48 19
48 35
49 34
49 3
49 5
