0 1
1 0
2 0
2 1
3 1
3 0
3 2
4 0
4 1
4 3
5 0
5 1
5 4
6 3
6 0
6 1
7 1
7 6
7 5
8 1
8 3
8 2
9 0
9 6
9 2
10 5
10 1
10 0
11 1
11 3
11 7
12 0
12 6
12 8
13 1
13 0
13 3
14 7
14 13
14 11
15 4
15 8
15 6
16 2
16 4
16 8
17 11
17 4
17 8
18 8
18 13
18 0
19 6
19 3
19 13
20 13
20 8
20 14
21 12
21 1
21 14
22 18
22 5
22 4
23 13
23 0
23 2
24 20
24 3
24 4
25 0
25 6
25 24
26 18
26 12
26 1
27 8
27 10
27 6
28 17
28 25
28 1
29 6
29 5
29 0
30 1
30 4
30 18
31 25
31 28
31 4
32 8
32 27
32 0
33 3
33 8
33 28
34 3
34 2
34 0
35 24
35 20
35 8
36 5
36 8
36 34
37 21
37 19
37 8
38 9
38 8
38 24
39 3
39 37
39 10
40 11
40 16
40 39
41 5
41 8
41 17
42 4
42 22
42 5
43 12
43 11
43 1
44 9
44 4
44 15
45 3
45 0
45 18
46 44
46 8
46 43
47 22
47 27
47 6
48 39
48 37
48 32
49 17
49 11
49 3
