0 1
1 0
2 0
2 1
3 1
3 0
3 2
4 2
4 1
4 3
5 1
5 2
5 0
6 2
6 5
6 1
7 6
7 0
7 2
8 6
8 0
8 2
9 0
9 7
9 2
10 5
10 0
10 2
11 2
11 3
11 0
12 0
12 10
12 1
13 0
13 1
13 8
14 2
14 3
14 11
15 1
15 8
15 0
16 10
16 0
16 9
17 0
17 6
17 2
18 2
18 9
18 8
19 4
19 0
19 5
20 2
20 1
20 8
21 3
21 1
21 13
22 2
22 7
22 0
23 1
23 14
23 0
24 21
24 10
24 9
25 0
25 6
25 2
26 8
26 7
26 23
27 0
27 8
27 13
28 25
28 10
28 7
29 1
29 0
29 14
30 21
30 0
30 9
31 3
31 0
31 8
32 13
32 0
32 17
33 29
33 28
33 24
34 31
34 21
34 29
35 3
35 14
35 1
36 0
36 1
36 26
37 6
37 0
37 34
38 9
38 6
38 29
39 0
39 13
39 3
40 22
40 26
40 2
41 9
41 2
41 0
42 28
42 23
42 0
43 21
43 20
43 3
44 5
44 3
44 27
45 21
45 27
45 36
46 9
46 6
46 5
47 18
47 38
47 13
48 19
48 0
48 13
49 12
49 14
49 3
