0 1
1 0
2 1
2 0
3 1
3 2
3 0
4 1
4 3
4 0
5 1
5 0
5 3
6 0
6 5
6 1
7 5
7 3
7 1
8 1
8 3
8 5
9 3
9 2
9 8
10 1
10 3
10 2
11 1
11 0
11 8
12 8
12 5
12 2
13 3
13 6
13 0
14 6
14 0
14 9
15 3
15 6
15 14
16 0
16 1
16 14
17 16
17 1
17 3
18 6
18 1
18 4
19 5
19 15
19 9
20 1
20 8
20 7
21 1
21 3
21 18
22 17
22 0
22 18
23 6
23 3
23 7
24 14
24 2
24 9
25 15
25 17
25 23
26 9
26 4
26 11
27 6
27 3
27 4
28 3
28 18
28 17
29 18
29 1
29 16
30 6
30 13
30 9
31 15
31 17
31 18
32 1
32 3
32 8
33 15
33 8
33 18
34 3
34 13
34 14
35 12
35 15
35 30
36 14
36 3
36 0
37 0
37 9
37 17
38 0
38 19
38 1
39 17
39 8
39 9
40 38
40 18
40 1
41 1
41 34
41 17
42 26
42 6
42 0
43 20
43 2
43 0
44 10
44 23
44 18
45 18
45 23
45 9
46 28
46 24
46 23
47 1
47 43
47 3
48 34
48 15
48 0
49 10
49 24
49 1
