0 1
1 0
2 0
2 1
3 0
3 2
3 1
4 2
4 0
4 3
5 0
5 2
5 1
6 2
6 1
6 3
7 6
7 1
7 5
8 2
8 1
8 3
9 0
9 1
9 2
10 8
10 3
10 1
11 6
11 7
11 0
12 3
12 7
12 11
13 1
13 5
13 2
14 1
14 2
14 11
15 5
15 10
15 13
16 1
16 12
16 0
17 3
17 2
17 1
18 13
18 0
18 15
19 1
19 11
19 2
20 0
20 1
20 18
21 1
21 17
21 16
22 3
22 1
22 10
23 11
23 21
23 13
24 19
24 2
24 16
25 5
25 1
25 11
26 1
26 18
26 5
27 1
27 18
27 6
28 3
28 0
28 21
29 13
29 12
29 18
30 6
30 1
30 23
31 17
31 13
31 2
32 1
32 19
32 22
33 5
33 30
33 17
34 1
34 27
34 28
35 18
35 0
35 2
36 16
36 34
36 1
37 6
37 36
37 16
38 1
38 19
38 26
39 7
39 36
39 2
40 19
40 38
40 16
41 22
41 6
41 20
42 38
42 19
42 23
43 0
43 6
43 17
44 16
44 19
44 31
45 19
45 1
45 15
46 25
46 17
46 35
47 14
47 39
47 44
48 13
48 24
48 3
49 12
49 40
49 1
50 16
50 20
50 13
51 13
51 0
51 12
52 1
52 10
52 47
53 10
53 2
53 51
54 37
54 36
54 47
55 0
55 25
55 20
56 6
56 39
56 14
57 5
57 10
57 36
58 16
58 31
58 1
59 0
59 43
59 30
60 27
60 9
60 35
61 0
61 55
61 44
62 10
62 3
62 27
63 62
63 37
63 58
64 36
64 35
64 59
65 39
65 10
65 1
66 1
66 2
66 3
67 17
67 27
67 62
68 29
68 20
68 27
69 50
69 22
69 18
70 0
70 2
70 66
71 5
71 1
71 33
72 10
72 20
72 51
73 6
73 10
73 11
74 38
74 27
74 2
75 36
75 17
75 51
76 35
76 63
76 38
77 13
77 60
77 11
78 19
78 37
78 1
79 27
79 38
79 6
80 3
80 5
80 1
81 50
81 19
81 9
82 16
82 47
82 0
83 14
83 17
83 13
84 6
84 1
84 4
85 20
85 17
85 19
86 3
86 37
86 85
87 71
87 1
87 63
88 73
88 57
88 11
89 16
89 0
89 4
90 3
90 13
90 16
91 79
91 17
91 74
92 5
92 31
92 53
93 48
93 35
93 1
94 0
94 53
94 86
95 5
95 33
95 40
96 51
96 17
96 35
97 59
97 14
97 20
98 3
98 39
98 62
99 76
99 39
99 55
