0 1
1 0
2 1
2 0
3 1
3 0
3 2
4 2
4 0
4 1
5 1
5 2
5 3
6 1
6 3
6 0
7 1
7 3
7 0
8 1
8 3
8 0
9 8
9 3
9 1
10 1
10 5
10 7
11 4
11 1
11 3
12 11
12 8
12 9
13 1
13 0
13 11
14 1
14 0
14 5
15 2
15 1
15 0
16 1
16 14
16 0
17 1
17 3
17 14
18 1
18 3
18 9
19 15
19 16
19 0
20 14
20 1
20 16
21 17
21 1
21 20
22 11
22 3
22 14
23 1
23 5
23 12
24 1
24 3
24 18
25 0
25 13
25 14
26 24
26 1
26 17
27 3
27 4
27 7
28 23
28 1
28 17
29 3
29 1
29 0
30 1
30 26
30 3
31 30
31 7
31 3
32 0
32 2
32 7
33 2
33 5
33 12
34 20
34 17
34 8
35 26
35 4
35 12
36 4
36 32
36 11
37 1
37 5
37 20
38 24
38 2
38 3
39 35
39 0
39 5
40 23
40 24
40 1
41 0
41 7
41 1
42 3
42 16
42 2
43 27
43 21
43 8
44 3
44 1
44 6
45 2
45 28
45 23
46 17
46 0
46 8
47 1
47 44
47 31
48 32
48 1
48 2
49 1
49 2
49 19
