0 1
0 2
1 0
1 2
2 0
2 1
3 2
3 1
3 0
4 1
4 0
4 2
5 4
5 2
5 3
6 0
6 4
6 2
7 2
7 0
7 4
8 2
8 3
8 0
9 2
9 0
9 4
10 2
10 1
10 4
11 6
11 2
11 10
12 2
12 5
12 11
13 0
13 3
13 5
14 7
14 2
14 5
15 11
15 14
15 5
16 11
16 2
16 4
17 2
17 0
17 1
18 16
18 10
18 17
19 4
19 0
19 11
20 3
20 18
20 4
21 20
21 2
21 5
22 1
22 3
22 9
23 7
23 3
23 17
24 21
24 22
24 2
25 2
25 22
25 13
26 4
26 24
26 10
27 1
27 0
27 2
28 6
28 2
28 5
29 12
29 19
29 2
30 10
30 6
30 2
31 2
31 28
31 4
32 28
32 6
32 18
33 0
33 16
33 2
34 7
34 10
34 3
35 2
35 20
35 0
36 12
36 11
36 26
37 35
37 21
37 0
38 10
38 33
38 22
39 20
39 34
39 28
40 35
40 36
40 10
41 40
41 2
41 7
42 17
42 27
42 0
43 0
43 13
43 2
44 2
44 5
44 0
45 13
45 11
45 28
46 12
46 0
46 2
47 17
47 2
47 19
48 22
48 43
48 17
49 21
49 3
49 16
50 1
50 10
50 34
51 28
51 13
51 6
52 50
52 36
52 22
53 4
53 35
53 28
54 26
54 44
54 2
55 35
55 1
55 2
56 1
56 5
56 36
57 38
57 31
57 2
58 24
58 33
58 12
59 26
59 29
59 45
60 38
60 16
60 9
61 60
61 18
61 36
62 21
62 2
62 33
63 3
63 1
63 25
64 21
64 23
64 10
65 19
65 0
65 5
66 60
66 47
66 2
67 5
67 38
67 19
68 44
68 12
68 65
69 19
69 44
69 4
70 66
70 11
70 3
71 44
71 17
71 0
72 70
72 0
72 3
73 33
73 45
73 5
74 2
74 16
74 64
75 47
75 60
75 33
76 49
76 61
76 47
77 34
77 11
77 0
78 28
78 2
78 7
79 62
79 16
79 7
80 34
80 77
80 22
81 4
81 11
81 21
82 5
82 0
82 55
83 35
83 14
83 3
84 42
84 28
84 0
85 35
85 80
85 2
86 7
86 11
86 4
87 33
87 28
87 31
88 60
88 81
88 5
89 5
89 88
89 49
90 18
90 4
90 28
91 2
91 77
91 82
92 40
92 25
92 4
93 35
93 39
93 81
94 0
94 40
94 49
95 19
95 4
95 1
96 7
96 4
96 86
97 1
97 45
97 52
98 5
98 40
98 33
99 89
99 31
99 0
