0 1
0 2
0 3
0 4
0 6
0 9
0 11
1 0
1 2
1 3
1 5
1 6
1 13
1 16
2 1
2 0
2 3
2 4
2 5
2 9
2 15
3 2
3 0
3 1
3 4
3 6
3 7
3 9
4 3
4 0
4 2
4 5
4 7
4 8
4 12
5 2
5 4
5 1
5 8
5 10
6 0
6 1
6 3
6 7
6 11
6 19
6 21
7 3
7 6
7 4
7 8
7 12
7 14
7 19
8 5
8 4
8 7
8 10
8 14
8 30
8 38
9 2
9 3
9 0
9 11
9 12
9 16
9 18
10 3
10 5
10 8
10 25
10 28
10 46
10 48
11 9
11 6
11 0
11 37
12 7
12 9
12 4
12 14
12 23
12 25
12 27
13 4
13 1
13 0
13 15
13 20
13 27
13 39
14 7
14 12
14 8
14 17
14 20
14 22
14 31
15 4
15 13
15 2
15 18
15 29
15 33
15 40
16 1
16 2
16 9
16 20
16 26
16 31
17 2
17 14
17 1
17 27
17 48
18 15
18 1
18 9
18 35
18 37
19 4
19 6
19 7
20 13
20 16
20 14
20 36
21 6
21 7
21 1
21 49
22 0
22 14
22 3
23 12
23 9
23 2
23 28
23 40
24 3
24 7
24 4
24 45
25 12
25 6
25 10
26 7
26 0
26 16
26 38
26 49
27 12
27 17
27 13
27 40
28 23
28 9
28 10
28 30
28 32
28 43
29 15
29 4
29 3
30 28
30 8
30 3
30 31
30 34
31 14
31 16
31 30
32 1
32 2
32 28
32 34
33 15
33 1
33 6
33 45
34 30
34 2
34 32
35 6
35 7
35 18
35 37
35 41
36 1
36 20
36 2
37 35
37 18
37 11
37 39
38 26
38 4
38 8
39 13
39 4
39 37
40 15
40 27
40 23
40 47
41 35
41 12
41 0
42 0
42 4
42 8
43 0
43 28
43 3
44 1
44 12
44 6
45 33
45 24
45 7
46 3
46 13
46 10
47 9
47 40
47 2
48 17
48 3
48 10
49 3
49 21
49 26
