0 1
0 2
0 3
0 4
1 0
1 2
1 3
1 5
2 0
2 1
2 3
2 4
3 2
3 0
3 1
3 4
4 0
4 2
4 3
4 5
5 1
5 4
5 0
5 6
6 1
6 4
6 5
6 10
7 2
7 1
7 4
7 9
8 4
8 0
8 1
8 12
9 0
9 7
9 4
9 10
10 6
10 0
10 9
10 14
11 0
11 1
11 9
11 13
12 8
12 4
12 6
12 13
13 12
13 11
13 0
13 24
14 9
14 10
14 8
14 16
15 4
15 10
15 1
15 18
16 1
16 14
16 3
16 21
17 1
17 6
17 2
18 1
18 15
18 0
18 19
19 8
19 18
19 5
19 49
20 9
20 4
20 1
20 38
21 8
21 16
21 6
21 26
22 3
22 14
22 4
22 24
23 12
23 16
23 5
24 8
24 22
24 13
24 28
25 10
25 6
25 4
26 4
26 11
26 21
26 31
27 13
27 1
27 4
27 48
28 12
28 24
28 4
28 33
29 4
29 21
29 12
30 6
30 16
30 13
31 1
31 26
31 0
32 8
32 6
32 10
33 28
33 8
33 24
33 38
34 4
34 0
34 14
35 4
35 13
35 18
35 44
36 16
36 9
36 1
37 3
37 14
37 0
38 20
38 7
38 33
38 41
39 10
39 33
39 22
39 44
40 16
40 0
40 4
41 38
41 20
41 10
42 0
42 4
42 16
43 33
43 9
43 0
44 35
44 33
44 39
45 20
45 14
45 1
46 8
46 38
46 2
47 38
47 18
47 11
48 27
48 1
48 16
49 19
49 0
49 3
