0 1
0 2
0 3
0 4
1 0
1 2
1 3
1 4
2 1
2 0
2 3
2 5
3 0
3 2
3 1
3 4
4 1
4 0
4 3
4 5
5 0
5 4
5 2
5 6
6 2
6 5
6 0
6 10
7 2
7 0
7 5
7 9
8 0
8 2
8 3
8 11
9 7
9 4
9 0
9 19
10 2
10 6
10 0
10 33
11 8
11 0
11 3
11 14
12 0
12 1
12 3
12 13
13 5
13 0
13 12
13 25
14 3
14 11
14 0
14 24
15 0
15 3
15 4
15 17
16 12
16 0
16 11
16 20
17 15
17 4
17 0
17 37
18 12
18 4
18 8
18 34
19 1
19 9
19 0
19 24
20 16
20 3
20 9
20 38
21 3
21 7
21 1
21 32
22 5
22 2
22 3
22 23
23 12
23 22
23 0
23 63
24 9
24 19
24 14
24 31
25 13
25 3
25 5
25 63
26 13
26 3
26 2
27 2
27 3
27 19
28 6
28 16
28 5
28 45
29 1
29 4
29 19
29 30
30 0
30 29
30 3
30 50
31 24
31 4
31 19
31 67
32 21
32 5
32 4
32 35
33 12
33 10
33 9
33 85
34 19
34 6
34 18
34 68
35 1
35 21
35 32
35 41
36 32
36 5
36 10
37 19
37 17
37 1
37 84
38 20
38 22
38 4
38 43
39 11
39 10
39 9
39 44
40 5
40 22
40 7
40 47
41 5
41 22
41 35
41 79
42 13
42 19
42 4
42 87
43 38
43 1
43 4
43 46
44 39
44 38
44 5
44 55
45 28
45 6
45 4
45 88
46 5
46 43
46 10
46 97
47 28
47 6
47 40
47 67
48 13
48 1
48 17
48 51
49 4
49 6
49 17
49 50
50 4
50 30
50 49
50 71
51 22
51 4
51 48
51 53
52 14
52 5
52 9
52 53
53 5
53 51
53 52
53 82
54 28
54 32
54 9
55 44
55 4
55 7
55 59
56 1
56 4
56 35
56 72
57 1
57 21
57 0
57 91
58 3
58 9
58 1
58 98
59 55
59 17
59 35
59 64
60 32
60 1
60 11
60 71
61 13
61 24
61 48
61 79
62 0
62 4
62 9
63 9
63 25
63 23
63 66
64 59
64 25
64 0
64 80
65 3
65 10
65 9
65 70
66 63
66 21
66 7
66 75
67 38
67 47
67 31
68 28
68 34
68 8
68 70
69 6
69 28
69 43
69 75
70 68
70 65
70 6
70 82
71 10
71 50
71 60
72 8
72 44
72 56
73 32
73 1
73 17
74 12
74 38
74 10
75 69
75 66
75 1
76 23
76 2
76 0
77 48
77 21
77 13
78 8
78 20
78 14
78 80
79 61
79 41
79 68
80 64
80 1
80 78
80 91
81 13
81 23
81 24
82 53
82 70
82 31
82 99
83 60
83 0
83 48
83 84
84 37
84 4
84 83
85 33
85 53
85 70
86 6
86 9
86 37
87 66
87 42
87 0
88 16
88 55
88 45
88 96
89 28
89 55
89 65
90 0
90 1
90 3
91 80
91 57
91 5
92 66
92 19
92 39
93 1
93 0
93 9
94 52
94 11
94 24
95 32
95 19
95 53
96 88
96 18
96 17
97 70
97 46
97 0
98 20
98 66
98 58
99 9
99 48
99 82
