0 1
1 0
2 1
2 0
3 0
3 1
3 2
4 1
4 0
4 3
5 0
5 3
5 1
6 1
6 0
6 3
7 0
7 2
7 3
8 3
8 1
8 5
9 0
9 8
9 1
10 8
10 4
10 0
11 3
11 0
11 10
12 7
12 11
12 4
13 1
13 9
13 3
14 3
14 2
14 5
15 4
15 0
15 11
16 10
16 9
16 11
17 15
17 9
17 1
18 17
18 3
18 8
19 18
19 9
19 0
20 1
20 0
20 9
21 1
21 2
21 8
22 7
22 11
22 4
23 3
23 7
23 20
24 1
24 11
24 0
25 20
25 0
25 22
26 20
26 16
26 2
27 9
27 2
27 0
28 1
28 8
28 5
29 11
29 9
29 3
30 18
30 5
30 16
31 26
31 16
31 11
32 31
32 17
32 19
33 10
33 8
33 0
34 2
34 15
34 30
35 7
35 12
35 4
36 3
36 1
36 19
37 20
37 9
37 12
38 20
38 5
38 4
39 0
39 30
39 1
40 20
40 24
40 15
41 10
41 3
41 7
42 3
42 5
42 11
43 16
43 11
43 1
44 0
44 10
44 13
45 20
45 0
45 5
46 37
46 9
46 28
47 31
47 39
47 0
48 8
48 33
48 17
49 10
49 37
49 16
50 41
50 2
50 1
51 38
51 39
51 48
52 11
52 4
52 32
53 0
53 40
53 9
54 53
54 34
54 17
55 51
55 48
55 18
56 10
56 38
56 34
57 45
57 34
57 0
58 0
58 11
58 4
59 0
59 30
59 35
60 33
60 35
60 49
61 3
61 35
61 4
62 48
62 56
62 0
63 3
63 12
63 22
64 39
64 37
64 20
65 9
65 11
65 3
66 3
66 34
66 65
67 41
67 58
67 55
68 37
68 31
68 26
69 29
69 42
69 12
70 56
70 21
70 4
71 20
71 60
71 31
72 35
72 2
72 11
73 41
73 0
73 55
74 46
74 10
74 34
75 7
75 10
75 1
76 23
76 8
76 75
77 49
77 32
77 72
78 7
78 3
78 8
79 51
79 16
79 40
80 59
80 73
80 78
81 13
81 26
81 7
82 4
82 16
82 20
83 8
83 1
83 34
84 9
84 32
84 40
85 1
85 83
85 66
86 2
86 34
86 7
87 30
87 20
87 0
88 48
88 27
88 39
89 4
89 6
89 7
90 8
90 55
90 4
91 20
91 88
91 2
92 68
92 34
92 3
93 4
93 76
93 20
94 8
94 72
94 3
95 22
95 37
95 85
96 39
96 8
96 81
97 66
97 11
97 2
98 75
98 77
98 5
99 7
99 35
99 42
