0 1
0 2
0 3
0 4
0 6
0 8
0 11
0 14
0 34
1 0
1 2
1 3
1 4
1 5
1 7
1 9
1 10
1 17
1 18
1 20
1 26
1 27
1 30
1 31
1 36
1 48
2 1
2 0
2 3
2 4
2 5
2 6
2 7
2 8
2 9
2 11
2 15
2 18
2 23
2 49
3 0
3 1
3 2
3 5
3 9
3 10
3 13
3 17
3 18
3 35
4 1
4 2
4 0
4 6
4 8
4 13
4 21
4 29
4 30
4 33
5 2
5 3
5 1
5 7
5 10
5 19
5 25
5 39
5 43
5 44
5 45
6 2
6 0
6 4
6 12
6 14
6 15
6 25
6 37
6 40
6 47
7 2
7 1
7 5
7 11
7 15
7 21
7 32
7 34
7 35
8 0
8 2
8 4
8 19
9 2
9 3
9 1
9 12
9 14
9 16
9 23
9 33
10 5
10 1
10 3
10 12
10 16
10 26
10 27
10 30
10 31
10 38
11 0
11 7
11 2
11 13
11 16
11 28
11 34
11 36
11 41
11 44
11 46
12 6
12 9
12 10
13 11
13 4
13 3
13 17
13 19
13 24
13 28
14 9
14 6
14 0
14 32
14 42
14 44
15 2
15 6
15 7
15 22
15 27
15 37
15 39
15 48
16 10
16 9
16 11
16 20
17 1
17 13
17 3
17 23
17 45
18 1
18 2
18 3
18 20
18 21
18 22
18 24
18 37
19 8
19 13
19 5
20 16
20 18
20 1
20 33
20 47
21 18
21 4
21 7
21 22
21 26
21 35
21 48
22 15
22 21
22 18
22 24
22 29
22 45
22 46
23 17
23 9
23 2
23 42
24 18
24 22
24 13
24 25
24 29
24 32
25 5
25 24
25 6
25 28
26 10
26 21
26 1
26 41
27 15
27 10
27 1
27 40
28 13
28 25
28 11
28 43
29 4
29 22
29 24
29 42
30 4
30 1
30 10
30 31
31 30
31 1
31 10
32 7
32 24
32 14
32 40
32 49
33 9
33 20
33 4
33 39
33 41
33 47
34 7
34 11
34 0
34 38
35 21
35 3
35 7
35 36
35 38
36 35
36 11
36 1
37 18
37 15
37 6
37 43
38 34
38 10
38 35
39 5
39 15
39 33
39 46
40 6
40 32
40 27
41 11
41 33
41 26
42 23
42 29
42 14
43 5
43 28
43 37
44 5
44 14
44 11
45 5
45 17
45 22
46 22
46 39
46 11
47 33
47 6
47 20
47 49
48 21
48 15
48 1
49 32
49 2
49 47
