0 1
0 2
0 3
0 5
0 23
0 28
1 0
1 2
1 3
1 4
1 6
1 8
1 11
1 12
1 20
1 33
1 35
2 1
2 0
2 3
2 4
2 7
2 11
2 17
2 26
2 29
2 35
3 0
3 2
3 1
3 4
3 5
3 12
3 15
3 17
3 25
3 26
3 38
4 1
4 2
4 3
4 5
4 6
4 7
4 9
4 10
4 14
4 21
4 23
5 3
5 0
5 4
5 6
5 7
5 10
5 16
5 19
5 21
5 22
5 34
6 4
6 5
6 1
6 8
6 9
6 12
6 13
6 14
6 15
6 20
6 27
7 2
7 4
7 5
7 8
7 9
7 10
7 20
7 22
7 30
7 33
8 1
8 7
8 6
8 13
8 15
8 25
8 30
8 36
8 40
8 42
9 4
9 7
9 6
9 11
9 13
9 18
9 19
9 44
10 7
10 5
10 4
10 16
10 29
10 36
10 47
10 48
11 1
11 2
11 9
11 29
12 3
12 6
12 1
12 18
12 19
12 39
12 47
13 6
13 8
13 9
13 14
13 17
13 21
13 27
13 32
13 46
14 6
14 13
14 4
15 6
15 3
15 8
15 16
15 23
16 10
16 5
16 15
16 34
17 2
17 13
17 3
17 18
17 30
17 36
18 17
18 12
18 9
18 28
19 5
19 9
19 12
19 25
20 1
20 7
20 6
20 22
20 24
20 37
20 39
21 13
21 4
21 5
21 28
21 45
22 20
22 5
22 7
23 15
23 0
23 4
23 24
23 26
23 32
23 49
24 23
24 20
24 4
24 27
24 46
25 8
25 19
25 3
26 3
26 23
26 2
26 31
26 32
26 34
26 39
27 24
27 6
27 13
27 45
28 18
28 0
28 21
28 43
29 10
29 11
29 2
29 49
30 17
30 8
30 7
30 31
31 4
31 26
31 30
31 48
32 26
32 23
32 13
32 35
32 37
33 6
33 1
33 7
33 37
33 40
34 16
34 26
34 5
34 41
34 45
35 32
35 2
35 1
36 10
36 17
36 8
36 38
36 40
37 33
37 32
37 20
37 38
37 42
38 37
38 36
38 3
39 26
39 20
39 12
39 46
40 8
40 33
40 36
41 6
41 34
41 3
42 8
42 37
42 4
43 6
43 28
43 4
43 44
44 9
44 43
44 6
45 27
45 34
45 21
45 48
46 13
46 24
46 39
47 4
47 10
47 12
48 31
48 10
48 45
49 23
49 4
49 29
