0 1
0 2
1 0
1 2
2 1
2 0
3 0
3 2
3 1
4 0
4 3
4 2
5 0
5 2
5 3
6 2
6 4
6 5
7 4
7 0
7 2
8 4
8 0
8 5
9 8
9 1
9 0
10 0
10 9
10 5
11 0
11 8
11 2
12 7
12 11
12 3
13 4
13 10
13 1
14 2
14 0
14 10
15 0
15 13
15 10
16 1
16 3
16 2
17 3
17 13
17 5
18 11
18 14
18 4
19 1
19 10
19 14
20 5
20 4
20 2
21 15
21 4
21 7
22 11
22 3
22 0
23 13
23 17
23 0
24 21
24 12
24 0
25 5
25 4
25 12
26 5
26 4
26 20
27 0
27 11
27 6
28 0
28 22
28 7
29 17
29 3
29 2
30 0
30 20
30 7
31 18
31 13
31 6
32 0
32 11
32 8
33 0
33 26
33 15
34 20
34 1
34 33
35 15
35 33
35 1
36 5
36 17
36 8
37 12
37 24
37 31
38 7
38 17
38 9
39 0
39 36
39 10
40 10
40 23
40 15
41 1
41 20
41 0
42 9
42 41
42 2
43 7
43 41
43 3
44 3
44 8
44 0
45 29
45 4
45 17
46 25
46 0
46 2
47 1
47 30
47 34
48 4
48 16
48 0
49 8
49 23
49 9
50 49
50 21
50 11
51 7
51 18
51 25
52 5
52 0
52 9
53 12
53 1
53 38
54 3
54 10
54 0
55 3
55 28
55 18
56 4
56 43
56 54
57 18
57 0
57 26
58 35
58 20
58 19
59 5
59 8
59 34
60 16
60 31
60 1
61 14
61 5
61 43
62 24
62 11
62 6
63 51
63 11
63 3
64 4
64 2
64 30
65 33
65 58
65 6
66 20
66 35
66 0
67 11
67 30
67 55
68 36
68 45
68 1
69 46
69 22
69 6
70 17
70 18
70 0
71 40
71 9
71 3
72 36
72 2
72 38
73 7
73 4
73 52
74 33
74 30
74 4
75 4
75 25
75 7
76 58
76 35
76 24
77 4
77 9
77 25
78 9
78 37
78 8
79 11
79 2
79 20
80 1
80 36
80 6
81 39
81 41
81 55
82 55
82 15
82 19
83 52
83 25
83 6
84 9
84 72
84 33
85 20
85 2
85 6
86 23
86 33
86 44
87 39
87 20
87 84
88 60
88 6
88 12
89 28
89 80
89 34
90 16
90 25
90 8
91 83
91 52
91 76
92 28
92 30
92 35
93 49
93 20
93 6
94 0
94 74
94 87
95 18
95 36
95 60
96 0
96 2
96 33
97 0
97 6
97 2
98 3
98 66
98 16
99 49
99 20
99 44
