0 1
1 0
2 1
2 0
3 0
3 1
3 2
4 3
4 0
4 2
5 2
5 4
5 1
6 2
6 1
6 0
7 3
7 1
7 2
8 2
8 1
8 0
9 2
9 1
9 0
10 6
10 9
10 3
11 6
11 5
11 8
12 3
12 9
12 0
13 9
13 12
13 1
14 9
14 3
14 0
15 9
15 1
15 10
16 4
16 9
16 14
17 1
17 9
17 13
18 13
18 2
18 5
19 2
19 13
19 4
20 1
20 19
20 14
21 9
21 0
21 3
22 15
22 4
22 14
23 21
23 6
23 20
24 15
24 3
24 4
25 3
25 13
25 9
26 0
26 14
26 6
27 6
27 26
27 24
28 21
28 1
28 9
29 5
29 4
29 8
30 9
30 21
30 15
31 12
31 28
31 0
32 12
32 29
32 1
33 9
33 3
33 15
34 2
34 11
34 20
35 14
35 28
35 32
36 4
36 3
36 33
37 25
37 28
37 13
38 6
38 15
38 0
39 0
39 30
39 26
40 3
40 30
40 35
41 0
41 11
41 25
42 13
42 2
42 14
43 11
43 6
43 22
44 6
44 14
44 35
45 12
45 1
45 2
46 7
46 11
46 14
47 39
47 44
47 4
48 9
48 7
48 16
49 3
49 31
49 45
50 6
50 17
50 3
51 2
51 14
51 3
52 50
52 5
52 22
53 19
53 3
53 26
54 50
54 2
54 17
55 3
55 5
55 44
56 46
56 6
56 11
57 32
57 1
57 16
58 12
58 39
58 25
59 6
59 10
59 19
60 44
60 15
60 4
61 58
61 24
61 60
62 51
62 4
62 25
63 32
63 12
63 9
64 24
64 9
64 59
65 15
65 8
65 4
66 15
66 59
66 14
67 44
67 9
67 3
68 22
68 2
68 5
69 50
69 48
69 67
70 52
70 0
70 33
71 50
71 15
71 12
72 28
72 1
72 14
73 5
73 2
73 68
74 0
74 3
74 1
75 16
75 39
75 58
76 66
76 0
76 44
77 32
77 59
77 14
78 32
78 1
78 44
79 8
79 9
79 30
80 0
80 21
80 24
81 0
81 14
81 2
82 78
82 18
82 6
83 4
83 30
83 11
84 0
84 72
84 15
85 4
85 1
85 49
86 26
86 3
86 51
87 0
87 54
87 1
88 6
88 19
88 81
89 80
89 2
89 26
90 0
90 34
90 67
91 3
91 58
91 51
92 84
92 15
92 10
93 30
93 24
93 2
94 4
94 8
94 52
95 89
95 1
95 71
96 33
96 4
96 21
97 7
97 50
97 3
98 15
98 0
98 8
99 11
99 3
99 53
100 18
100 29
100 35
101 99
101 97
101 1
102 2
102 14
102 32
103 2
103 3
103 5
104 15
104 14
104 45
105 14
105 20
105 29
106 34
106 0
106 1
107 0
107 28
107 73
108 25
108 37
108 99
109 14
109 4
109 6
110 12
110 77
110 58
111 78
111 11
111 0
112 78
112 32
112 47
113 6
113 102
113 62
114 4
114 1
114 2
115 9
115 108
115 64
116 56
116 61
116 97
117 24
117 0
117 116
118 3
118 97
118 31
119 106
119 12
119 0
120 49
120 1
120 61
121 109
121 54
121 78
122 4
122 1
122 9
123 12
123 112
123 98
124 16
124 49
124 24
125 9
125 2
125 61
126 74
126 79
126 28
127 72
127 96
127 44
128 3
128 14
128 53
129 68
129 78
129 28
130 28
130 1
130 78
131 106
131 36
131 115
132 11
132 56
132 17
133 129
133 50
133 88
134 15
134 66
134 50
135 34
135 123
135 4
136 77
136 1
136 104
137 44
137 105
137 14
138 4
138 70
138 32
139 9
139 15
139 45
140 56
140 67
140 1
141 51
141 25
141 93
142 14
142 63
142 22
143 63
143 127
143 0
144 79
144 27
144 11
145 61
145 24
145 6
146 1
146 8
146 123
147 127
147 103
147 0
148 53
148 37
148 15
149 100
149 114
149 77
150 24
150 131
150 1
151 28
151 89
151 32
152 141
152 68
152 20
153 109
153 151
153 0
154 59
154 61
154 12
155 20
155 39
155 141
156 34
156 49
156 42
157 11
157 109
157 68
158 134
158 93
158 13
159 130
159 120
159 3
160 42
160 28
160 8
161 8
161 78
161 74
162 0
162 141
162 127
163 1
163 25
163 0
164 34
164 154
164 9
165 4
165 2
165 24
166 14
166 6
166 67
167 76
167 0
167 1
168 94
168 8
168 106
169 62
169 27
169 39
170 12
170 26
170 137
171 72
171 141
171 35
172 129
172 145
172 20
173 5
173 129
173 35
174 93
174 56
174 137
175 161
175 61
175 12
176 26
176 43
176 2
177 52
177 8
177 26
178 14
178 49
178 172
179 107
179 19
179 56
180 93
180 1
180 71
181 38
181 2
181 27
182 4
182 3
182 1
183 3
183 96
183 0
184 14
184 24
184 34
185 29
185 8
185 133
186 167
186 32
186 91
187 17
187 21
187 140
188 106
188 0
188 11
189 153
189 12
189 1
190 44
190 89
190 153
191 25
191 1
191 115
192 2
192 61
192 1
193 14
193 21
193 187
194 97
194 73
194 116
195 172
195 64
195 136
196 40
196 117
196 3
197 15
197 133
197 4
198 7
198 106
198 192
199 15
199 125
199 21
200 142
200 91
200 0
201 54
201 166
201 2
202 68
202 162
202 16
203 54
203 100
203 58
204 143
204 11
204 5
205 4
205 198
205 69
206 9
206 50
206 166
207 96
207 9
207 25
208 172
208 141
208 50
209 37
209 0
209 157
210 146
210 154
210 44
211 184
211 114
211 200
212 13
212 3
212 51
213 67
213 71
213 13
214 101
214 121
214 20
215 145
215 63
215 117
216 141
216 45
216 203
217 20
217 78
217 93
218 100
218 153
218 0
219 80
219 101
219 62
220 214
220 10
220 30
221 32
221 28
221 217
222 132
222 103
222 32
223 54
223 174
223 19
224 6
224 135
224 38
225 181
225 190
225 39
226 44
226 21
226 12
227 52
227 30
227 26
228 1
228 63
228 188
229 11
229 66
229 1
230 14
230 59
230 43
231 167
231 10
231 44
232 81
232 142
232 3
233 12
233 82
233 200
234 6
234 213
234 129
235 67
235 54
235 8
236 71
236 5
236 155
237 22
237 33
237 176
238 37
238 29
238 128
239 87
239 50
239 25
240 183
240 145
240 21
241 174
241 11
241 133
242 5
242 25
242 1
243 12
243 14
243 4
244 64
244 14
244 167
245 158
245 89
245 54
246 44
246 7
246 239
247 244
247 89
247 4
248 85
248 182
248 10
249 176
249 48
249 54
250 241
250 87
250 62
251 56
251 17
251 52
252 57
252 154
252 190
253 202
253 44
253 167
254 61
254 5
254 11
255 73
255 254
255 14
256 96
256 88
256 19
257 229
257 3
257 140
258 135
258 221
258 241
259 9
259 198
259 126
260 3
260 50
260 70
261 125
261 108
261 56
262 54
262 1
262 130
263 106
263 82
263 142
264 7
264 70
264 15
265 101
265 113
265 176
266 166
266 15
266 100
267 226
267 16
267 33
268 262
268 203
268 14
269 245
269 89
269 57
270 216
270 15
270 4
271 0
271 44
271 83
272 3
272 82
272 1
273 123
273 115
273 89
274 221
274 120
274 21
275 32
275 1
275 35
276 8
276 116
276 251
277 38
277 26
277 96
278 37
278 22
278 162
279 104
279 133
279 49
280 120
280 112
280 103
281 195
281 21
281 169
282 3
282 94
282 50
283 90
283 32
283 128
284 0
284 193
284 1
285 162
285 176
285 109
286 17
286 8
286 53
287 211
287 5
287 188
288 4
288 89
288 192
289 167
289 77
289 1
290 20
290 63
290 50
291 277
291 20
291 229
292 146
292 107
292 3
293 264
293 3
293 82
294 62
294 2
294 34
295 0
295 142
295 123
296 26
296 223
296 11
297 86
297 225
297 28
298 286
298 44
298 190
299 193
299 1
299 134
300 0
300 83
300 95
301 257
301 264
301 19
302 15
302 24
302 4
303 175
303 56
303 91
304 104
304 204
304 19
305 53
305 1
305 296
306 145
306 298
306 19
307 304
307 15
307 140
308 158
308 203
308 9
309 6
309 5
309 305
310 301
310 56
310 247
311 30
311 11
311 4
312 239
312 264
312 40
313 12
313 1
313 8
314 1
314 11
314 44
315 53
315 132
315 228
316 305
316 73
316 159
317 27
317 15
317 23
318 16
318 239
318 20
319 91
319 31
319 47
320 5
320 264
320 201
321 141
321 285
321 16
322 14
322 32
322 68
323 0
323 238
323 85
324 34
324 30
324 239
325 131
325 108
325 319
326 61
326 39
326 154
327 24
327 14
327 16
328 81
328 167
328 77
329 181
329 44
329 50
330 172
330 89
330 15
331 207
331 68
331 9
332 103
332 129
332 151
333 103
333 61
333 44
334 307
334 166
334 104
335 8
335 54
335 85
336 335
336 240
336 205
337 127
337 9
337 3
338 1
338 16
338 130
339 32
339 1
339 0
340 114
340 259
340 241
341 276
341 52
341 6
342 13
342 35
342 76
343 239
343 141
343 117
344 239
344 8
344 60
345 28
345 4
345 83
346 1
346 30
346 195
347 129
347 14
347 127
348 191
348 190
348 3
349 158
349 81
349 24
350 114
350 13
350 2
351 0
351 36
351 300
352 82
352 145
352 117
353 276
353 14
353 333
354 230
354 48
354 71
355 67
355 92
355 320
356 195
356 243
356 221
357 276
357 203
357 44
358 116
358 12
358 136
359 265
359 97
359 11
360 14
360 74
360 185
361 22
361 100
361 245
362 50
362 0
362 12
363 9
363 251
363 312
364 20
364 44
364 109
365 0
365 131
365 71
366 152
366 182
366 128
367 271
367 250
367 3
368 307
368 284
368 102
369 7
369 14
369 0
370 162
370 263
370 140
371 61
371 173
371 1
372 226
372 139
372 308
373 12
373 278
373 93
374 153
374 136
374 363
375 211
375 303
375 89
376 14
376 1
376 246
377 29
377 66
377 101
378 12
378 1
378 40
379 276
379 152
379 95
380 2
380 3
380 203
381 115
381 45
381 54
382 0
382 12
382 39
383 123
383 47
383 21
384 116
384 141
384 329
385 24
385 15
385 265
386 246
386 50
386 166
387 221
387 156
387 25
388 195
388 11
388 2
389 235
389 3
389 253
390 173
390 7
390 226
391 0
391 21
391 89
392 73
392 58
392 33
393 21
393 3
393 73
394 2
394 140
394 29
395 144
395 304
395 14
396 28
396 54
396 234
397 123
397 15
397 134
398 33
398 125
398 249
399 266
399 199
399 247
400 130
400 28
400 9
401 204
401 257
401 145
402 32
402 154
402 371
403 232
403 23
403 32
404 335
404 254
404 41
405 235
405 24
405 191
406 4
406 14
406 33
407 24
407 32
407 207
408 30
408 15
408 154
409 328
409 315
409 309
410 50
410 10
410 211
411 12
411 127
411 68
412 320
412 91
412 24
413 24
413 126
413 60
414 209
414 336
414 14
415 195
415 17
415 201
416 30
416 301
416 44
417 214
417 359
417 309
418 66
418 28
418 23
419 50
419 173
419 148
420 107
420 78
420 23
421 16
421 162
421 259
422 211
422 16
422 11
423 145
423 3
423 60
424 403
424 141
424 267
425 39
425 1
425 163
426 324
426 115
426 194
427 212
427 144
427 1
428 44
428 15
428 0
429 39
429 134
429 313
430 262
430 9
430 300
431 58
431 0
431 1
432 75
432 99
432 87
433 284
433 76
433 203
434 166
434 333
434 2
435 69
435 180
435 0
436 33
436 407
436 58
437 115
437 6
437 12
438 14
438 83
438 301
439 0
439 184
439 14
440 214
440 2
440 3
441 335
441 86
441 134
442 2
442 48
442 0
443 14
443 304
443 167
444 23
444 77
444 120
445 136
445 53
445 54
446 89
446 15
446 247
447 17
447 410
447 24
448 326
448 327
448 234
449 127
449 14
449 26
450 145
450 21
450 4
451 263
451 1
451 47
452 312
452 51
452 241
453 89
453 16
453 13
454 149
454 28
454 6
455 386
455 450
455 89
456 28
456 141
456 89
457 21
457 32
457 149
458 145
458 118
458 173
459 145
459 373
459 251
460 159
460 26
460 64
461 21
461 367
461 39
462 339
462 50
462 260
463 61
463 363
463 308
464 228
464 54
464 232
465 11
465 370
465 40
466 12
466 21
466 73
467 440
467 182
467 14
468 44
468 146
468 53
469 1
469 97
469 457
470 28
470 2
470 30
471 16
471 351
471 148
472 23
472 316
472 14
473 3
473 12
473 159
474 82
474 418
474 321
475 0
475 15
475 31
476 101
476 48
476 50
477 404
477 37
477 3
478 15
478 107
478 364
479 450
479 22
479 134
480 86
480 147
480 290
481 34
481 358
481 39
482 11
482 58
482 399
483 94
483 374
483 353
484 6
484 9
484 120
485 0
485 4
485 180
486 17
486 89
486 6
487 439
487 28
487 264
488 176
488 276
488 54
489 274
489 13
489 24
490 182
490 2
490 429
491 116
491 9
491 0
492 225
492 97
492 181
493 1
493 158
493 239
494 435
494 171
494 4
495 88
495 247
495 30
496 306
496 363
496 14
497 32
497 217
497 145
498 484
498 94
498 383
499 12
499 315
499 210
500 63
500 122
500 371
501 335
501 8
501 53
502 119
502 19
502 123
503 32
503 145
503 396
504 168
504 212
504 0
505 438
505 159
505 39
506 8
506 58
506 503
507 389
507 432
507 395
508 19
508 451
508 0
509 67
509 5
509 184
510 235
510 52
510 8
511 33
511 143
511 242
512 430
512 507
512 28
513 14
513 179
513 115
514 201
514 13
514 85
515 110
515 400
515 247
516 346
516 422
516 143
517 402
517 44
517 191
518 58
518 7
518 12
519 3
519 30
519 335
520 95
520 73
520 81
521 41
521 381
521 29
522 32
522 19
522 517
523 181
523 27
523 6
524 90
524 443
524 159
525 7
525 271
525 2
526 14
526 1
526 326
527 0
527 1
527 89
528 3
528 32
528 124
529 235
529 238
529 449
530 319
530 241
530 361
531 25
531 240
531 430
532 6
532 75
532 116
533 71
533 146
533 0
534 1
534 154
534 25
535 2
535 485
535 0
536 353
536 22
536 117
537 377
537 6
537 13
538 9
538 4
538 0
539 351
539 402
539 1
540 140
540 353
540 233
541 96
541 172
541 5
542 360
542 396
542 154
543 74
543 523
543 86
544 215
544 490
544 10
545 9
545 67
545 515
546 3
546 34
546 246
547 6
547 225
547 72
548 1
548 253
548 14
549 58
549 547
549 89
550 257
550 166
550 433
551 457
551 237
551 81
552 12
552 515
552 0
553 34
553 396
553 172
554 2
554 120
554 166
555 11
555 224
555 242
556 43
556 5
556 523
557 413
557 364
557 218
558 78
558 141
558 88
559 263
559 137
559 44
560 100
560 63
560 9
561 1
561 457
561 153
562 337
562 37
562 50
563 32
563 305
563 403
564 21
564 0
564 510
565 54
565 514
565 515
566 55
566 15
566 519
567 85
567 3
567 108
568 0
568 221
568 45
569 151
569 3
569 431
570 10
570 89
570 97
571 455
571 11
571 32
572 3
572 64
572 331
573 32
573 13
573 138
574 89
574 8
574 400
575 30
575 380
575 15
576 300
576 397
576 253
577 492
577 412
577 525
578 55
578 136
578 225
579 117
579 91
579 436
580 1
580 396
580 293
581 15
581 45
581 191
582 433
582 449
582 401
583 14
583 313
583 99
584 50
584 470
584 376
585 496
585 347
585 560
586 289
586 563
586 3
587 153
587 128
587 67
588 247
588 176
588 67
589 194
589 12
589 115
590 105
590 6
590 354
591 102
591 357
591 10
592 397
592 547
592 588
593 113
593 57
593 128
594 6
594 26
594 149
595 13
595 8
595 1
596 199
596 226
596 410
597 201
597 380
597 505
598 97
598 86
598 9
599 88
599 236
599 491
600 50
600 1
600 380
601 58
601 244
601 149
602 8
602 245
602 579
603 301
603 145
603 155
604 295
604 1
604 284
605 175
605 436
605 241
606 380
606 11
606 59
607 178
607 236
607 14
608 436
608 342
608 203
609 24
609 145
609 0
610 540
610 434
610 8
611 73
611 68
611 72
612 371
612 579
612 587
613 11
613 584
613 553
614 47
614 9
614 194
615 44
615 15
615 537
616 398
616 539
616 1
617 184
617 540
617 276
618 423
618 49
618 345
619 6
619 80
619 32
620 340
620 325
620 215
621 154
621 53
621 78
622 2
622 162
622 20
623 514
623 249
623 611
624 67
624 416
624 2
625 17
625 39
625 88
626 93
626 85
626 28
627 460
627 456
627 241
628 89
628 7
628 337
629 264
629 145
629 81
630 601
630 3
630 176
631 229
631 148
631 8
632 47
632 274
632 148
633 301
633 15
633 3
634 91
634 40
634 371
635 58
635 56
635 573
636 1
636 44
636 51
637 241
637 114
637 32
638 153
638 261
638 40
639 238
639 239
639 376
640 8
640 158
640 15
641 234
641 269
641 50
642 66
642 9
642 59
643 166
643 28
643 18
644 570
644 269
644 576
645 31
645 3
645 10
646 129
646 332
646 300
647 9
647 338
647 269
648 231
648 176
648 67
649 71
649 380
649 326
650 2
650 167
650 603
651 64
651 207
651 120
652 28
652 649
652 41
653 247
653 128
653 30
654 301
654 104
654 117
655 59
655 6
655 502
656 644
656 25
656 28
657 12
657 227
657 409
658 26
658 0
658 15
659 15
659 38
659 14
660 644
660 37
660 73
661 140
661 428
661 5
662 14
662 312
662 35
663 20
663 249
663 30
664 152
664 332
664 20
665 81
665 54
665 231
666 34
666 9
666 307
667 570
667 0
667 222
668 81
668 467
668 33
669 9
669 141
669 587
670 3
670 363
670 517
671 73
671 50
671 596
672 571
672 9
672 61
673 67
673 134
673 91
674 205
674 353
674 337
675 286
675 544
675 398
676 0
676 73
676 120
677 24
677 257
677 506
678 130
678 226
678 635
679 192
679 261
679 95
680 2
680 566
680 111
681 335
681 34
681 15
682 510
682 27
682 432
683 6
683 161
683 525
684 448
684 120
684 25
685 7
685 89
685 227
686 558
686 13
686 241
687 91
687 29
687 639
688 401
688 1
688 67
689 470
689 540
689 91
690 81
690 7
690 320
691 675
691 279
691 453
692 115
692 615
692 470
693 1
693 74
693 211
694 12
694 666
694 584
695 428
695 335
695 28
696 15
696 33
696 581
697 97
697 228
697 24
698 583
698 363
698 530
699 14
699 19
699 191
700 117
700 138
700 264
701 63
701 615
701 648
702 220
702 195
702 178
703 127
703 32
703 295
704 123
704 212
704 50
705 451
705 194
705 66
706 256
706 181
706 384
707 30
707 12
707 63
708 323
708 48
708 162
709 638
709 422
709 0
710 96
710 119
710 86
711 7
711 297
711 14
712 81
712 498
712 144
713 10
713 340
713 606
714 689
714 712
714 131
715 159
715 457
715 91
716 96
716 399
716 316
717 39
717 462
717 430
718 84
718 253
718 428
719 320
719 44
719 136
720 38
720 668
720 16
721 31
721 333
721 43
722 46
722 277
722 675
723 8
723 539
723 176
724 4
724 227
724 14
725 196
725 237
725 413
726 656
726 32
726 3
727 198
727 434
727 107
728 116
728 1
728 12
729 27
729 166
729 499
730 7
730 342
730 6
731 615
731 145
731 163
732 2
732 0
732 221
733 2
733 244
733 249
734 0
734 215
734 285
735 116
735 190
735 587
736 61
736 3
736 39
737 6
737 387
737 232
738 4
738 26
738 50
739 247
739 685
739 130
740 717
740 9
740 291
741 576
741 168
741 260
742 469
742 657
742 493
743 444
743 3
743 117
744 184
744 328
744 321
745 159
745 161
745 45
746 314
746 500
746 1
747 220
747 349
747 8
748 580
748 9
748 81
749 2
749 82
749 0
750 179
750 32
750 251
751 24
751 198
751 16
752 454
752 541
752 39
753 466
753 80
753 246
754 257
754 44
754 356
755 523
755 605
755 456
756 616
756 351
756 518
757 15
757 399
757 194
758 226
758 381
758 102
759 22
759 152
759 24
760 742
760 333
760 370
761 660
761 633
761 11
762 24
762 460
762 194
763 226
763 122
763 3
764 417
764 235
764 161
765 200
765 9
765 152
766 239
766 158
766 11
767 78
767 148
767 713
768 511
768 649
768 174
769 16
769 148
769 324
770 4
770 762
770 338
771 185
771 275
771 2
772 524
772 150
772 422
773 524
773 172
773 0
774 184
774 490
774 62
775 767
775 496
775 44
776 394
776 666
776 151
777 487
777 477
777 265
778 723
778 771
778 10
779 771
779 508
779 711
780 321
780 94
780 209
781 761
781 450
781 86
782 320
782 544
782 211
783 754
783 26
783 8
784 34
784 0
784 420
785 324
785 34
785 322
786 559
786 50
786 201
787 91
787 354
787 4
788 5
788 299
788 116
789 305
789 319
789 241
790 18
790 69
790 71
791 260
791 87
791 284
792 631
792 16
792 90
793 28
793 26
793 771
794 333
794 415
794 34
795 21
795 0
795 93
796 790
796 435
796 262
797 108
797 639
797 351
798 450
798 320
798 276
799 5
799 120
799 755
800 685
800 37
800 778
801 37
801 14
801 4
802 127
802 82
802 25
803 276
803 8
803 72
804 25
804 251
804 50
805 81
805 512
805 97
806 385
806 11
806 745
807 2
807 800
807 731
808 139
808 290
808 50
809 398
809 422
809 119
810 1
810 765
810 471
811 384
811 698
811 743
812 668
812 117
812 299
813 246
813 520
813 251
814 148
814 468
814 711
815 454
815 15
815 135
816 467
816 151
816 117
817 379
817 1
817 14
818 5
818 12
818 434
819 272
819 192
819 420
820 375
820 46
820 21
821 607
821 0
821 196
822 478
822 335
822 62
823 428
823 9
823 190
824 698
824 0
824 527
825 686
825 184
825 67
826 215
826 2
826 306
827 72
827 109
827 599
828 158
828 776
828 282
829 460
829 73
829 91
830 13
830 377
830 647
831 235
831 791
831 196
832 49
832 129
832 40
833 47
833 570
833 802
834 195
834 335
834 21
835 20
835 765
835 116
836 45
836 100
836 14
837 388
837 3
837 28
838 3
838 277
838 476
839 608
839 259
839 3
840 32
840 275
840 221
841 195
841 219
841 465
842 595
842 52
842 571
843 446
843 37
843 663
844 149
844 25
844 34
845 37
845 75
845 620
846 50
846 426
846 578
847 317
847 2
847 669
848 450
848 410
848 54
849 811
849 68
849 110
850 150
850 140
850 13
851 743
851 59
851 210
852 37
852 16
852 421
853 512
853 34
853 195
854 268
854 6
854 1
855 366
855 1
855 229
856 52
856 228
856 788
857 335
857 563
857 775
858 168
858 134
858 33
859 144
859 229
859 106
860 576
860 583
860 635
861 747
861 266
861 773
862 9
862 54
862 244
863 54
863 265
863 837
864 409
864 448
864 450
865 178
865 712
865 20
866 3
866 246
866 19
867 15
867 399
867 47
868 402
868 686
868 173
869 791
869 48
869 264
870 186
870 854
870 663
871 247
871 670
871 10
872 798
872 159
872 282
873 445
873 262
873 5
874 857
874 433
874 104
875 264
875 172
875 88
876 158
876 377
876 249
877 243
877 71
877 82
878 27
878 581
878 232
879 78
879 232
879 469
880 448
880 704
880 545
881 78
881 557
881 212
882 225
882 587
882 138
883 13
883 3
883 63
884 83
884 296
884 822
885 396
885 63
885 173
886 484
886 190
886 536
887 1
887 482
887 441
888 846
888 67
888 145
889 659
889 34
889 532
890 49
890 6
890 286
891 0
891 829
891 744
892 469
892 82
892 54
893 109
893 1
893 493
894 94
894 24
894 7
895 457
895 332
895 535
896 1
896 39
896 47
897 29
897 588
897 321
898 212
898 117
898 397
899 91
899 214
899 12
900 211
900 32
900 404
901 244
901 141
901 209
902 491
902 17
902 514
903 643
903 789
903 89
904 484
904 336
904 272
905 67
905 6
905 3
906 221
906 0
906 598
907 458
907 820
907 271
908 15
908 0
908 235
909 341
909 825
909 567
910 132
910 495
910 96
911 416
911 873
911 401
912 830
912 905
912 776
913 50
913 436
913 179
914 9
914 264
914 54
915 401
915 20
915 39
916 50
916 38
916 142
917 238
917 605
917 253
918 8
918 264
918 311
919 799
919 250
919 278
920 816
920 61
920 894
921 231
921 167
921 103
922 361
922 581
922 690
923 533
923 14
923 676
924 1
924 451
924 878
925 196
925 226
925 264
926 422
926 176
926 727
927 825
927 99
927 150
928 124
928 72
928 786
929 482
929 276
929 241
930 241
930 477
930 120
931 853
931 512
931 158
932 166
932 32
932 879
933 351
933 776
933 32
934 3
934 29
934 88
935 335
935 351
935 8
936 11
936 884
936 307
937 772
937 447
937 887
938 26
938 412
938 267
939 440
939 0
939 562
940 643
940 34
940 500
941 909
941 24
941 301
942 678
942 137
942 604
943 194
943 64
943 511
944 792
944 923
944 167
945 458
945 15
945 93
946 838
946 8
946 143
947 1
947 11
947 429
948 15
948 588
948 453
949 935
949 68
949 246
950 14
950 365
950 29
951 1
951 83
951 242
952 89
952 494
952 64
953 805
953 333
953 2
954 305
954 733
954 952
955 14
955 326
955 39
956 647
956 14
956 184
957 20
957 28
957 115
958 178
958 74
958 455
959 151
959 748
959 419
960 420
960 90
960 366
961 81
961 63
961 510
962 691
962 656
962 589
963 314
963 207
963 64
964 2
964 950
964 598
965 602
965 9
965 584
966 3
966 226
966 901
967 452
967 3
967 327
968 275
968 12
968 279
969 176
969 713
969 0
970 192
970 721
970 36
971 166
971 241
971 1
972 6
972 640
972 40
973 51
973 152
973 709
974 486
974 226
974 601
975 282
975 12
975 691
976 335
976 649
976 217
977 683
977 526
977 854
978 2
978 28
978 836
979 172
979 8
979 24
980 424
980 3
980 976
981 624
981 296
981 500
982 137
982 260
982 4
983 428
983 327
983 429
984 894
984 305
984 67
985 256
985 97
985 713
986 917
986 948
986 559
987 277
987 621
987 806
988 197
988 257
988 338
989 790
989 32
989 100
990 127
990 250
990 11
991 430
991 201
991 215
992 398
992 113
992 388
993 566
993 3
993 78
994 35
994 154
994 189
995 787
995 178
995 12
996 16
996 111
996 408
997 245
997 684
997 841
998 230
998 580
998 332
999 322
999 399
999 85
