0 1
1 0
2 0
2 1
3 1
3 2
3 0
4 3
4 1
4 0
5 1
5 0
5 2
6 2
6 1
6 0
7 1
7 2
7 3
8 1
8 7
8 6
9 0
9 2
9 7
10 6
10 0
10 7
11 0
11 2
11 8
12 1
12 8
12 5
13 2
13 9
13 1
14 0
14 6
14 9
15 6
15 1
15 14
16 1
16 8
16 0
17 9
17 0
17 12
18 1
18 9
18 17
19 2
19 11
19 15
20 2
20 3
20 8
21 0
21 15
21 13
22 15
22 8
22 2
23 2
23 10
23 7
24 20
24 17
24 13
25 13
25 7
25 2
26 0
26 24
26 12
27 20
27 2
27 0
28 1
28 3
28 0
29 28
29 7
29 14
30 17
30 9
30 26
31 7
31 1
31 14
32 2
32 7
32 24
33 9
33 1
33 13
34 6
34 24
34 1
35 34
35 30
35 6
36 8
36 2
36 29
37 2
37 16
37 8
38 0
38 21
38 27
39 7
39 3
39 0
40 0
40 11
40 12
41 33
41 1
41 2
42 6
42 19
42 7
43 17
43 41
43 1
44 17
44 1
44 0
45 41
45 8
45 27
46 16
46 8
46 11
47 15
47 16
47 10
48 39
48 2
48 43
49 26
49 1
49 12
50 8
50 40
50 1
51 1
51 11
51 0
52 8
52 12
52 35
53 37
53 2
53 0
54 14
54 1
54 0
55 31
55 24
55 1
56 1
56 9
56 12
57 1
57 20
57 36
58 16
58 20
58 9
59 7
59 13
59 0
60 8
60 5
60 11
61 37
61 41
61 26
62 0
62 20
62 8
63 55
63 38
63 50
64 57
64 50
64 14
65 40
65 2
65 30
66 37
66 12
66 16
67 26
67 40
67 1
68 60
68 6
68 14
69 26
69 28
69 4
70 55
70 60
70 7
71 1
71 37
71 48
72 1
72 58
72 5
73 24
73 13
73 1
74 71
74 7
74 41
75 0
75 9
75 69
76 20
76 0
76 14
77 8
77 6
77 1
78 19
78 40
78 2
79 3
79 8
79 58
80 37
80 0
80 3
81 33
81 8
81 30
82 1
82 3
82 6
83 3
83 34
83 31
84 8
84 48
84 30
85 17
85 37
85 11
86 49
86 0
86 7
87 8
87 48
87 11
88 7
88 14
88 1
89 50
89 8
89 2
90 1
90 78
90 57
91 27
91 58
91 55
92 16
92 1
92 3
93 13
93 0
93 76
94 21
94 2
94 0
95 28
95 31
95 7
96 55
96 38
96 8
97 81
97 11
97 91
98 8
98 56
98 33
99 63
99 0
99 1
100 9
100 1
100 58
101 26
101 20
101 30
102 30
102 24
102 72
103 1
103 45
103 3
104 72
104 1
104 34
105 8
105 3
105 1
106 8
106 15
106 6
107 15
107 65
107 19
108 30
108 8
108 26
109 0
109 6
109 11
110 1
110 63
110 25
111 30
111 12
111 32
112 71
112 55
112 6
113 94
113 20
113 30
114 28
114 112
114 65
115 60
115 3
115 30
116 7
116 99
116 100
117 48
117 20
117 1
118 26
118 113
118 110
119 6
119 48
119 19
120 19
120 9
120 6
121 19
121 71
121 6
122 12
122 3
122 37
123 69
123 101
123 103
124 1
124 63
124 107
125 58
125 2
125 5
126 72
126 30
126 8
127 8
127 1
127 10
128 45
128 1
128 76
129 2
129 16
129 15
130 6
130 17
130 89
131 72
131 8
131 16
132 48
132 105
132 49
133 9
133 103
133 53
134 51
134 98
134 1
135 110
135 33
135 26
136 37
136 24
136 58
137 8
137 39
137 36
138 130
138 3
138 18
139 81
139 113
139 3
140 77
140 3
140 36
141 13
141 7
141 49
142 33
142 126
142 99
143 113
143 3
143 98
144 135
144 97
144 45
145 3
145 44
145 42
146 30
146 136
146 11
147 9
147 12
147 15
148 145
148 141
148 102
149 9
149 99
149 103
150 90
150 28
150 71
151 14
151 30
151 17
152 7
152 30
152 77
153 20
153 5
153 1
154 85
154 1
154 33
155 138
155 92
155 65
156 153
156 20
156 92
157 96
157 46
157 19
158 1
158 86
158 19
159 112
159 6
159 120
160 17
160 103
160 32
161 143
161 4
161 106
162 8
162 1
162 25
163 159
163 4
163 3
164 72
164 48
164 11
165 6
165 49
165 3
166 52
166 85
166 87
167 51
167 2
167 65
168 4
168 159
168 30
169 142
169 1
169 155
170 30
170 140
170 76
171 145
171 50
171 138
172 170
172 107
172 30
173 22
173 11
173 24
174 140
174 132
174 1
175 143
175 1
175 81
176 140
176 1
176 158
177 0
177 2
177 87
178 99
178 127
178 0
179 59
179 43
179 30
180 45
180 57
180 2
181 128
181 64
181 55
182 3
182 98
182 13
183 7
183 137
183 103
184 37
184 173
184 23
185 120
185 4
185 104
186 2
186 80
186 33
187 53
187 20
187 8
188 135
188 86
188 15
189 99
189 2
189 76
190 14
190 0
190 165
191 34
191 75
191 49
192 62
192 95
192 17
193 5
193 15
193 7
194 39
194 100
194 58
195 69
195 0
195 159
196 8
196 15
196 101
197 189
197 30
197 107
198 155
198 22
198 182
199 162
199 2
199 152
200 14
200 11
200 50
201 158
201 26
201 193
202 92
202 65
202 102
203 77
203 162
203 26
204 130
204 98
204 15
205 77
205 94
205 28
206 48
206 93
206 37
207 39
207 22
207 71
208 120
208 107
208 65
209 128
209 147
209 83
210 92
210 44
210 139
211 37
211 140
211 55
212 185
212 22
212 50
213 9
213 1
213 8
214 0
214 103
214 65
215 34
215 153
215 9
216 72
216 37
216 99
217 147
217 109
217 7
218 1
218 203
218 89
219 103
219 158
219 65
220 12
220 101
220 6
221 145
221 28
221 2
222 0
222 147
222 2
223 148
223 129
223 153
224 118
224 84
224 89
225 57
225 194
225 3
226 20
226 131
226 216
227 2
227 162
227 53
228 2
228 3
228 219
229 0
229 175
229 3
230 222
230 42
230 3
231 8
231 130
231 57
232 15
232 57
232 55
233 54
233 8
233 2
234 58
234 223
234 169
235 33
235 38
235 110
236 161
236 126
236 11
237 170
237 91
237 8
238 30
238 23
238 34
239 133
239 19
239 65
240 237
240 45
240 0
241 4
241 185
241 69
242 8
242 24
242 104
243 130
243 99
243 12
244 31
244 162
244 124
245 182
245 194
245 216
246 159
246 89
246 120
247 6
247 52
247 23
248 9
248 1
248 140
249 4
249 176
249 33
250 225
250 12
250 162
251 180
251 11
251 6
252 56
252 153
252 223
253 7
253 118
253 116
254 75
254 20
254 7
255 216
255 2
255 28
256 37
256 11
256 6
257 1
257 112
257 229
258 236
258 2
258 206
259 138
259 185
259 16
260 53
260 30
260 3
261 115
261 253
261 8
262 116
262 7
262 225
263 145
263 20
263 12
264 31
264 17
264 0
265 159
265 139
265 71
266 154
266 105
266 135
267 10
267 95
267 42
268 19
268 4
268 259
269 265
269 233
269 111
270 7
270 2
270 107
271 48
271 0
271 97
272 9
272 241
272 90
273 5
273 193
273 100
274 218
274 25
274 134
275 12
275 223
275 102
276 12
276 217
276 158
277 149
277 267
277 52
278 6
278 2
278 96
279 0
279 42
279 27
280 16
280 47
280 26
281 246
281 63
281 64
282 0
282 72
282 1
283 2
283 35
283 0
284 10
284 179
284 48
285 52
285 86
285 5
286 20
286 1
286 15
287 36
287 74
287 120
288 12
288 250
288 6
289 7
289 31
289 39
290 143
290 18
290 133
291 71
291 22
291 1
292 15
292 16
292 33
293 12
293 30
293 8
294 103
294 92
294 65
295 28
295 253
295 128
296 19
296 98
296 274
297 69
297 206
297 33
298 135
298 30
298 7
299 89
299 197
299 7
300 170
300 159
300 0
301 36
301 76
301 290
302 108
302 214
302 118
303 137
303 69
303 156
304 6
304 9
304 210
305 246
305 124
305 48
306 30
306 57
306 249
307 8
307 39
307 28
308 53
308 145
308 232
309 5
309 118
309 35
310 25
310 148
310 8
311 0
311 293
311 138
312 155
312 247
312 97
313 90
313 42
313 244
314 215
314 137
314 20
315 71
315 230
315 159
316 211
316 21
316 243
317 25
317 198
317 151
318 171
318 185
318 96
319 38
319 6
319 76
320 55
320 153
320 168
321 277
321 135
321 10
322 6
322 124
322 30
323 233
323 47
323 0
324 195
324 281
324 131
325 94
325 120
325 213
326 0
326 186
326 28
327 325
327 153
327 7
328 255
328 28
328 8
329 7
329 274
329 228
330 202
330 49
330 0
331 7
331 76
331 2
332 8
332 3
332 30
333 1
333 171
333 88
334 265
334 8
334 14
335 9
335 7
335 202
336 139
336 194
336 64
337 4
337 274
337 48
338 5
338 45
338 283
339 118
339 0
339 331
340 199
340 109
340 3
341 12
341 184
341 2
342 250
342 58
342 76
343 309
343 270
343 39
344 324
344 120
344 202
345 255
345 120
345 254
346 251
346 25
346 250
347 337
347 329
347 213
348 153
348 0
348 151
349 255
349 24
349 2
350 8
350 16
350 241
351 44
351 329
351 323
352 20
352 165
352 328
353 328
353 207
353 118
354 162
354 16
354 264
355 13
355 250
355 2
356 129
356 302
356 7
357 120
357 300
357 88
358 159
358 253
358 7
359 246
359 35
359 6
360 6
360 184
360 55
361 129
361 40
361 104
362 168
362 48
362 17
363 329
363 21
363 29
364 82
364 277
364 6
365 142
365 2
365 104
366 100
366 110
366 324
367 69
367 94
367 327
368 364
368 8
368 2
369 158
369 0
369 73
370 280
370 95
370 17
371 4
371 5
371 80
372 70
372 16
372 39
373 108
373 3
373 210
374 69
374 308
374 53
375 229
375 20
375 103
376 38
376 118
376 328
377 14
377 132
377 0
378 148
378 89
378 64
379 9
379 85
379 6
380 293
380 99
380 12
381 211
381 171
381 145
382 62
382 224
382 31
383 328
383 1
383 99
384 371
384 14
384 39
385 70
385 11
385 280
386 1
386 28
386 8
387 252
387 92
387 26
388 162
388 69
388 110
389 156
389 219
389 3
390 144
390 92
390 49
391 33
391 128
391 2
392 1
392 73
392 297
393 216
393 184
393 202
394 253
394 155
394 345
395 350
395 2
395 23
396 164
396 33
396 36
397 107
397 341
397 91
398 167
398 9
398 30
399 120
399 138
399 6
400 252
400 25
400 246
401 380
401 131
401 55
402 11
402 0
402 115
403 241
403 123
403 19
404 59
404 156
404 0
405 73
405 79
405 92
406 404
406 30
406 272
407 272
407 327
407 37
408 3
408 257
408 395
409 32
409 63
409 126
410 6
410 331
410 73
411 399
411 95
411 210
412 0
412 3
412 28
413 59
413 334
413 26
414 331
414 152
414 314
415 283
415 111
415 1
416 110
416 130
416 374
417 1
417 26
417 6
418 22
418 17
418 108
419 37
419 1
419 175
420 329
420 165
420 159
421 74
421 273
421 48
422 11
422 399
422 57
423 24
423 14
423 313
424 293
424 207
424 53
425 0
425 317
425 12
426 16
426 130
426 170
427 96
427 249
427 243
428 293
428 37
428 3
429 327
429 86
429 222
430 4
430 300
430 253
431 91
431 6
431 153
432 187
432 8
432 104
433 120
433 8
433 19
434 138
434 31
434 30
435 282
435 26
435 0
436 55
436 276
436 199
437 140
437 21
437 50
438 393
438 320
438 43
439 0
439 219
439 126
440 99
440 337
440 75
441 16
441 422
441 96
442 183
442 139
442 302
443 155
443 194
443 14
444 105
444 339
444 33
445 159
445 29
445 344
446 210
446 120
446 410
447 113
447 115
447 233
448 77
448 71
448 22
449 6
449 298
449 125
450 338
450 135
450 14
451 217
451 55
451 156
452 79
452 8
452 353
453 198
453 409
453 6
454 128
454 3
454 218
455 363
455 83
455 198
456 212
456 255
456 293
457 98
457 220
457 252
458 359
458 255
458 11
459 95
459 159
459 339
460 8
460 159
460 1
461 310
461 147
461 93
462 149
462 326
462 1
463 242
463 0
463 50
464 130
464 47
464 13
465 0
465 135
465 227
466 161
466 89
466 56
467 153
467 306
467 0
468 364
468 30
468 253
469 341
469 12
469 247
470 8
470 456
470 361
471 210
471 51
471 364
472 296
472 157
472 45
473 455
473 236
473 8
474 112
474 87
474 7
475 120
475 448
475 64
476 216
476 327
476 45
477 3
477 170
477 315
478 366
478 120
478 14
479 17
479 6
479 76
480 70
480 124
480 50
481 99
481 58
481 120
482 100
482 45
482 310
483 277
483 8
483 44
484 18
484 15
484 110
485 111
485 134
485 272
486 385
486 11
486 108
487 22
487 28
487 53
488 171
488 130
488 366
489 323
489 30
489 112
490 448
490 422
490 149
491 16
491 3
491 55
492 114
492 2
492 24
493 195
493 223
493 29
494 91
494 199
494 184
495 372
495 2
495 310
496 179
496 445
496 7
497 323
497 425
497 314
498 193
498 241
498 237
499 27
499 45
499 30
500 153
500 10
500 6
501 161
501 12
501 0
502 227
502 186
502 2
503 329
503 332
503 16
504 54
504 168
504 134
505 277
505 133
505 24
506 58
506 15
506 194
507 453
507 215
507 55
508 290
508 70
508 2
509 111
509 118
509 81
510 197
510 211
510 20
511 7
511 486
511 149
512 183
512 237
512 96
513 86
513 404
513 101
514 12
514 318
514 340
515 108
515 284
515 62
516 162
516 11
516 399
517 11
517 80
517 5
518 110
518 18
518 175
519 455
519 38
519 25
520 9
520 12
520 224
521 399
521 0
521 264
522 362
522 72
522 187
523 130
523 145
523 430
524 64
524 128
524 232
525 12
525 8
525 51
526 37
526 119
526 430
527 54
527 137
527 345
528 8
528 103
528 25
529 81
529 492
529 486
530 394
530 331
530 466
531 354
531 207
531 21
532 12
532 459
532 6
533 381
533 374
533 86
534 511
534 139
534 2
535 28
535 221
535 81
536 466
536 3
536 40
537 194
537 233
537 120
538 87
538 143
538 283
539 502
539 283
539 175
540 1
540 385
540 0
541 92
541 56
541 85
542 101
542 109
542 57
543 2
543 242
543 138
544 81
544 537
544 507
545 279
545 381
545 240
546 288
546 46
546 159
547 70
547 456
547 0
548 45
548 180
548 323
549 449
549 544
549 0
550 22
550 32
550 30
551 28
551 1
551 260
552 419
552 473
552 30
553 26
553 141
553 82
554 120
554 272
554 55
555 103
555 242
555 236
556 45
556 99
556 43
557 382
557 204
557 65
558 305
558 418
558 451
559 213
559 396
559 252
560 540
560 542
560 41
561 400
561 19
561 3
562 58
562 55
562 133
563 126
563 37
563 26
564 137
564 43
564 179
565 22
565 262
565 7
566 552
566 14
566 99
567 28
567 391
567 161
568 99
568 0
568 199
569 22
569 118
569 4
570 81
570 301
570 24
571 85
571 10
571 210
572 14
572 452
572 135
573 8
573 13
573 19
574 246
574 517
574 30
575 48
575 229
575 374
576 307
576 364
576 525
577 1
577 0
577 2
578 145
578 314
578 28
579 168
579 236
579 213
580 229
580 211
580 18
581 153
581 139
581 440
582 300
582 392
582 6
583 70
583 93
583 4
584 213
584 39
584 223
585 145
585 357
585 1
586 185
586 135
586 88
587 242
587 9
587 347
588 533
588 281
588 101
589 547
589 122
589 134
590 108
590 24
590 211
591 572
591 5
591 477
592 0
592 4
592 543
593 89
593 120
593 60
594 372
594 120
594 438
595 195
595 145
595 505
596 587
596 37
596 92
597 139
597 97
597 8
598 480
598 462
598 28
599 116
599 581
599 417
600 81
600 12
600 63
601 159
601 323
601 135
602 185
602 2
602 503
603 348
603 301
603 322
604 554
604 94
604 26
605 246
605 37
605 18
606 459
606 55
606 51
607 373
607 161
607 124
608 483
608 341
608 205
609 9
609 603
609 533
610 166
610 80
610 20
611 292
611 125
611 112
612 597
612 12
612 186
613 478
613 490
613 213
614 609
614 434
614 101
615 203
615 162
615 180
616 5
616 475
616 587
617 55
617 252
617 415
618 533
618 17
618 8
619 440
619 554
619 7
620 89
620 151
620 71
621 128
621 459
621 65
622 51
622 90
622 71
623 111
623 432
623 331
624 470
624 6
624 88
625 554
625 14
625 109
626 316
626 155
626 355
627 556
627 374
627 179
628 322
628 412
628 506
629 42
629 470
629 90
630 382
630 136
630 368
631 76
631 475
631 587
632 493
632 358
632 480
633 2
633 76
633 322
634 498
634 92
634 240
635 421
635 246
635 160
636 541
636 406
636 352
637 78
637 241
637 123
638 325
638 8
638 348
639 203
639 133
639 459
640 11
640 16
640 87
641 138
641 145
641 157
642 242
642 39
642 13
643 0
643 510
643 238
644 37
644 124
644 23
645 54
645 492
645 10
646 567
646 7
646 3
647 103
647 89
647 197
648 45
648 41
648 483
649 356
649 373
649 228
650 37
650 225
650 42
651 137
651 37
651 508
652 221
652 558
652 296
653 229
653 77
653 181
654 213
654 49
654 13
655 488
655 19
655 132
656 503
656 89
656 210
657 267
657 515
657 34
658 397
658 426
658 448
659 137
659 433
659 128
660 246
660 647
660 165
661 55
661 620
661 104
662 37
662 109
662 394
663 549
663 16
663 368
664 130
664 363
664 314
665 194
665 13
665 109
666 542
666 105
666 426
667 137
667 1
667 149
668 461
668 78
668 458
669 54
669 7
669 213
670 1
670 516
670 187
671 138
671 90
671 202
672 72
672 120
672 242
673 86
673 44
673 458
674 130
674 175
674 176
675 197
675 8
675 241
676 394
676 385
676 37
677 333
677 194
677 246
678 217
678 327
678 163
679 55
679 650
679 217
680 13
680 1
680 110
681 543
681 135
681 475
682 121
682 4
682 7
683 348
683 603
683 15
684 229
684 5
684 161
685 453
685 531
685 1
686 17
686 491
686 94
687 56
687 466
687 427
688 228
688 29
688 511
689 246
689 26
689 1
690 682
690 491
690 285
691 172
691 240
691 265
692 9
692 104
692 3
693 133
693 163
693 76
694 94
694 623
694 51
695 648
695 15
695 423
696 8
696 645
696 12
697 165
697 12
697 519
698 132
698 210
698 209
699 613
699 159
699 274
700 456
700 431
700 30
701 185
701 112
701 175
702 324
702 86
702 249
703 122
703 271
703 57
704 17
704 652
704 56
705 385
705 335
705 110
706 121
706 301
706 703
707 131
707 364
707 34
708 202
708 250
708 71
709 65
709 419
709 589
710 591
710 291
710 3
711 45
711 143
711 1
712 253
712 426
712 69
713 55
713 4
713 161
714 227
714 92
714 280
715 442
715 26
715 24
716 644
716 207
716 41
717 372
717 133
717 373
718 55
718 50
718 86
719 12
719 3
719 500
720 238
720 633
720 6
721 700
721 590
721 543
722 30
722 60
722 713
723 640
723 122
723 32
724 233
724 260
724 227
725 329
725 195
725 127
726 407
726 631
726 390
727 576
727 165
727 9
728 509
728 95
728 65
729 44
729 373
729 696
730 228
730 120
730 456
731 92
731 577
731 395
732 86
732 90
732 128
733 19
733 381
733 603
734 17
734 607
734 92
735 8
735 513
735 95
736 480
736 33
736 502
737 140
737 0
737 73
738 4
738 331
738 716
739 399
739 225
739 115
740 3
740 6
740 132
741 143
741 34
741 74
742 339
742 277
742 422
743 515
743 8
743 4
744 153
744 685
744 90
745 6
745 647
745 1
746 1
746 155
746 445
747 651
747 94
747 147
748 32
748 39
748 272
749 7
749 210
749 12
750 676
750 389
750 331
751 426
751 26
751 8
752 88
752 1
752 229
753 21
753 8
753 3
754 42
754 384
754 613
755 194
755 86
755 83
756 225
756 19
756 318
757 724
757 284
757 93
758 0
758 157
758 17
759 2
759 6
759 39
760 241
760 89
760 753
761 655
761 120
761 96
762 691
762 46
762 22
763 112
763 623
763 21
764 129
764 92
764 31
765 543
765 595
765 511
766 15
766 466
766 34
767 33
767 353
767 520
768 159
768 272
768 600
769 216
769 1
769 53
770 461
770 81
770 1
771 22
771 589
771 609
772 33
772 26
772 8
773 1
773 75
773 204
774 104
774 50
774 728
775 281
775 246
775 748
776 12
776 26
776 70
777 532
777 416
777 6
778 159
778 15
778 4
779 0
779 144
779 221
780 27
780 24
780 6
781 223
781 479
781 246
782 745
782 264
782 57
783 1
783 99
783 619
784 62
784 187
784 53
785 240
785 63
785 540
786 463
786 341
786 37
787 12
787 147
787 0
788 63
788 542
788 388
789 118
789 88
789 96
790 102
790 343
790 353
791 53
791 157
791 377
792 515
792 366
792 92
793 418
793 96
793 194
794 49
794 5
794 56
795 406
795 1
795 0
796 89
796 245
796 243
797 431
797 274
797 216
798 16
798 481
798 82
799 1
799 521
799 0
800 35
800 2
800 438
801 2
801 647
801 786
802 8
802 206
802 75
803 1
803 279
803 225
804 749
804 7
804 355
805 50
805 15
805 39
806 541
806 189
806 355
807 8
807 18
807 636
808 448
808 350
808 453
809 453
809 374
809 133
810 88
810 77
810 107
811 54
811 229
811 548
812 118
812 6
812 329
813 90
813 145
813 22
814 126
814 187
814 280
815 92
815 34
815 176
816 685
816 1
816 293
817 668
817 72
817 372
818 392
818 223
818 294
819 86
819 210
819 202
820 30
820 1
820 233
821 42
821 464
821 776
822 93
822 286
822 713
823 483
823 34
823 409
824 37
824 246
824 754
825 340
825 510
825 176
826 11
826 389
826 113
827 159
827 6
827 108
828 314
828 2
828 380
829 718
829 597
829 37
830 24
830 92
830 165
831 548
831 41
831 0
832 0
832 329
832 7
833 140
833 222
833 466
834 7
834 59
834 37
835 418
835 193
835 0
836 408
836 548
836 6
837 30
837 2
837 556
838 2
838 159
838 120
839 691
839 34
839 120
840 39
840 653
840 426
841 1
841 14
841 562
842 275
842 57
842 71
843 131
843 114
843 253
844 357
844 404
844 356
845 233
845 240
845 698
846 574
846 153
846 92
847 806
847 20
847 54
848 533
848 624
848 32
849 115
849 106
849 1
850 56
850 0
850 3
851 190
851 472
851 479
852 346
852 163
852 406
853 722
853 1
853 88
854 221
854 559
854 470
855 37
855 587
855 114
856 0
856 42
856 183
857 574
857 385
857 65
858 539
858 25
858 245
859 54
859 47
859 111
860 575
860 49
860 818
861 279
861 99
861 65
862 55
862 336
862 37
863 147
863 372
863 111
864 88
864 28
864 694
865 159
865 32
865 424
866 171
866 753
866 145
867 508
867 426
867 38
868 1
868 497
868 455
869 47
869 172
869 13
870 602
870 227
870 577
871 70
871 20
871 1
872 557
872 86
872 833
873 244
873 295
873 461
874 276
874 34
874 11
875 0
875 727
875 60
876 241
876 713
876 524
877 253
877 223
877 150
878 14
878 562
878 8
879 320
879 863
879 12
880 264
880 16
880 722
881 93
881 412
881 15
882 159
882 0
882 597
883 183
883 76
883 1
884 159
884 153
884 135
885 291
885 49
885 634
886 506
886 34
886 253
887 511
887 595
887 8
888 165
888 633
888 56
889 57
889 283
889 11
890 45
890 101
890 0
891 8
891 192
891 136
892 740
892 695
892 691
893 179
893 503
893 2
894 114
894 391
894 31
895 210
895 834
895 135
896 701
896 159
896 275
897 337
897 6
897 456
898 648
898 78
898 773
899 875
899 520
899 1
900 427
900 24
900 281
901 415
901 173
901 265
902 0
902 359
902 88
903 1
903 271
903 53
904 74
904 858
904 401
905 128
905 7
905 452
906 28
906 57
906 253
907 475
907 103
907 3
908 198
908 731
908 282
909 22
909 0
909 516
910 12
910 66
910 395
911 96
911 101
911 286
912 857
912 3
912 448
913 0
913 73
913 65
914 500
914 145
914 12
915 50
915 42
915 276
916 465
916 2
916 102
917 30
917 2
917 159
918 15
918 654
918 11
919 22
919 70
919 72
920 153
920 814
920 326
921 278
921 620
921 571
922 277
922 223
922 562
923 57
923 216
923 225
924 93
924 251
924 6
925 241
925 341
925 22
926 751
926 416
926 728
927 635
927 51
927 124
928 223
928 531
928 8
929 767
929 84
929 211
930 362
930 83
930 201
931 480
931 7
931 358
932 120
932 811
932 208
933 164
933 2
933 734
934 567
934 467
934 7
935 851
935 717
935 901
936 709
936 780
936 143
937 8
937 842
937 2
938 800
938 845
938 135
939 198
939 160
939 9
940 348
940 257
940 94
941 419
941 30
941 188
942 335
942 80
942 44
943 594
943 53
943 335
944 137
944 224
944 887
945 427
945 760
945 338
946 11
946 693
946 9
947 721
947 185
947 77
948 266
948 500
948 128
949 529
949 595
949 156
950 948
950 195
950 159
951 9
951 69
951 851
952 224
952 616
952 278
953 469
953 776
953 251
954 679
954 205
954 99
955 792
955 30
955 48
956 24
956 955
956 211
957 491
957 14
957 240
958 255
958 78
958 169
959 707
959 871
959 805
960 115
960 202
960 882
961 392
961 430
961 171
962 159
962 500
962 1
963 6
963 235
963 37
964 767
964 180
964 597
965 108
965 120
965 242
966 184
966 89
966 1
967 791
967 343
967 726
968 163
968 473
968 471
969 934
969 619
969 53
970 2
970 3
970 12
971 16
971 606
971 373
972 517
972 350
972 2
973 53
973 565
973 101
974 321
974 275
974 48
975 71
975 666
975 656
976 147
976 152
976 470
977 404
977 196
977 646
978 3
978 55
978 470
979 676
979 152
979 747
980 112
980 576
980 49
981 329
981 20
981 445
982 293
982 361
982 100
983 26
983 431
983 133
984 172
984 234
984 171
985 126
985 861
985 269
986 22
986 394
986 348
987 553
987 34
987 710
988 405
988 273
988 29
989 34
989 828
989 31
990 858
990 53
990 324
991 267
991 101
991 155
992 7
992 869
992 15
993 434
993 14
993 133
994 0
994 826
994 670
995 461
995 534
995 328
996 71
996 12
996 823
997 614
997 40
997 647
998 641
998 333
998 356
999 673
999 664
999 43
