0 1
0 2
1 0
1 2
2 0
2 1
3 0
3 2
3 1
4 0
4 2
4 1
5 2
5 4
5 0
6 0
6 2
6 3
7 1
7 0
7 2
8 0
8 1
8 7
9 1
9 6
9 2
10 2
10 0
10 6
11 0
11 8
11 3
12 3
12 2
12 5
13 3
13 12
13 6
14 10
14 0
14 1
15 14
15 6
15 11
16 2
16 14
16 3
17 3
17 7
17 6
18 8
18 6
18 7
19 6
19 15
19 12
20 5
20 3
20 6
21 15
21 7
21 14
22 6
22 11
22 2
23 3
23 11
23 8
24 15
24 12
24 11
25 16
25 20
25 2
26 17
26 10
26 12
27 6
27 16
27 3
28 22
28 7
28 13
29 2
29 14
29 19
30 2
30 16
30 0
31 14
31 10
31 15
32 8
32 3
32 6
33 14
33 0
33 6
34 6
34 12
34 3
35 1
35 15
35 28
36 18
36 17
36 6
37 36
37 29
37 23
38 4
38 31
38 3
39 2
39 6
39 11
40 5
40 25
40 15
41 25
41 7
41 11
42 18
42 14
42 10
43 16
43 7
43 9
44 3
44 31
44 30
45 11
45 26
45 7
46 25
46 14
46 17
47 15
47 1
47 0
48 23
48 36
48 8
49 8
49 47
49 17
