0 1
0 2
0 3
0 4
0 5
0 7
0 8
0 13
0 15
0 38
0 57
0 117
0 153
0 191
0 210
0 213
0 239
0 275
0 280
0 353
0 461
1 0
1 2
1 3
1 4
1 5
1 12
1 22
1 26
1 28
1 54
1 69
1 108
1 122
1 138
1 157
1 160
1 182
1 242
1 347
1 349
1 393
1 399
1 413
1 420
1 465
1 496
2 0
2 1
2 3
2 6
2 9
2 11
2 12
2 14
2 18
2 24
2 28
2 29
2 30
2 34
2 38
2 39
2 40
2 42
2 48
2 89
2 109
2 121
2 123
2 165
2 192
2 195
2 197
2 205
2 216
2 230
2 234
2 281
2 295
2 427
3 0
3 2
3 1
3 4
3 5
3 6
3 9
3 10
3 14
3 20
3 22
3 31
3 34
3 46
3 56
3 67
3 69
3 96
3 159
3 176
3 186
3 213
3 233
4 1
4 0
4 3
4 6
4 7
4 9
4 16
4 17
4 18
4 19
4 23
4 24
4 25
4 35
4 60
4 68
4 74
4 102
4 104
4 126
4 130
4 188
4 190
4 208
4 214
4 224
4 347
4 363
4 388
4 389
4 458
5 3
5 1
5 0
5 8
5 10
5 11
5 14
5 15
5 17
5 32
5 43
5 44
5 48
5 51
5 62
5 65
5 73
5 76
5 82
5 83
5 88
5 100
5 114
5 128
5 134
5 136
5 155
5 191
5 195
5 259
5 282
5 284
5 324
5 343
5 366
5 417
5 486
5 489
6 3
6 4
6 2
6 7
6 21
6 46
6 49
6 50
6 52
6 102
6 122
6 150
6 184
6 254
6 299
6 424
7 6
7 4
7 0
7 8
7 10
7 13
7 15
7 19
7 25
7 27
7 37
7 55
7 58
7 87
7 107
7 130
7 155
7 156
7 198
7 211
7 219
7 249
7 260
7 290
7 294
7 310
7 462
7 475
7 485
8 7
8 5
8 0
8 11
8 13
8 24
8 29
8 37
8 50
8 59
8 128
8 151
8 197
8 199
8 209
8 296
8 424
9 2
9 3
9 4
9 12
9 16
9 20
9 36
9 39
9 84
9 92
9 344
9 348
9 404
9 476
10 5
10 3
10 7
10 17
10 20
10 23
10 26
10 30
10 31
10 32
10 33
10 43
10 47
10 64
10 71
10 75
10 100
10 113
10 131
10 146
10 183
10 221
10 235
10 255
10 269
10 411
10 417
10 483
11 5
11 2
11 8
11 21
11 48
11 76
11 95
11 112
11 206
11 263
11 322
11 364
11 398
12 9
12 1
12 2
12 18
12 37
12 42
12 91
12 116
12 137
12 156
12 275
12 351
12 434
13 8
13 7
13 0
13 16
13 22
13 36
13 89
13 90
13 96
13 97
13 101
13 127
13 143
13 178
13 181
13 187
13 226
13 287
13 441
13 443
13 486
13 496
14 2
14 5
14 3
14 40
14 59
14 77
14 167
14 221
14 320
14 368
15 5
15 0
15 7
15 19
15 26
15 33
15 53
15 64
15 68
15 100
15 109
15 111
15 153
15 177
15 192
15 228
15 235
15 338
15 370
15 388
15 391
15 395
16 9
16 13
16 4
16 31
16 49
16 94
16 124
16 132
16 134
16 220
16 280
16 312
16 323
16 328
17 5
17 10
17 4
17 63
17 73
17 80
17 99
17 118
17 152
17 163
17 167
17 334
17 383
17 458
18 4
18 2
18 12
18 21
18 78
18 85
18 98
18 124
18 133
18 164
18 181
18 193
19 4
19 15
19 7
19 27
19 47
19 61
19 68
19 79
19 80
19 84
19 111
19 137
19 210
19 212
19 254
19 309
19 400
19 420
20 10
20 3
20 9
20 23
20 25
20 35
20 49
20 70
20 106
20 167
20 199
20 206
20 219
20 240
20 272
20 375
20 424
20 441
20 495
21 18
21 11
21 6
21 30
21 120
21 211
21 352
22 13
22 1
22 3
22 39
22 45
22 56
22 70
22 139
22 183
22 225
23 10
23 4
23 20
23 29
23 58
23 62
23 73
23 76
23 169
23 417
24 2
24 4
24 8
24 32
24 87
24 258
25 4
25 20
25 7
25 27
25 44
25 45
25 89
25 159
25 200
25 331
25 473
25 494
26 1
26 15
26 10
26 36
26 41
26 83
26 182
26 201
27 25
27 19
27 7
27 28
27 38
27 42
27 58
27 80
27 244
27 287
28 2
28 1
28 27
28 34
28 57
28 59
28 86
28 98
28 329
28 435
28 436
28 448
28 486
29 23
29 8
29 2
29 47
29 132
30 21
30 10
30 2
30 33
30 52
30 55
30 93
30 115
30 124
30 125
30 141
30 150
30 187
30 194
30 235
30 236
30 245
30 255
30 298
30 315
30 465
31 3
31 10
31 16
31 35
31 51
31 61
31 72
31 78
31 86
31 90
31 110
31 111
31 121
31 175
31 180
31 300
31 302
31 303
31 327
31 358
32 24
32 5
32 10
32 91
32 97
32 98
32 105
32 140
32 173
32 221
32 230
32 263
32 330
32 380
32 438
33 30
33 15
33 10
33 51
33 54
33 115
33 116
33 149
33 171
33 205
33 206
33 242
33 319
33 349
33 350
33 401
33 468
34 3
34 28
34 2
34 41
34 46
34 57
34 78
34 82
34 113
34 115
34 119
34 129
34 149
34 152
34 204
34 230
34 456
35 31
35 4
35 20
35 60
35 237
35 252
35 326
35 409
35 469
36 9
36 26
36 13
36 40
36 41
36 43
36 65
36 134
36 171
36 179
36 277
36 376
36 397
36 404
36 440
36 481
37 12
37 7
37 8
37 103
37 136
37 223
37 262
37 307
38 2
38 27
38 0
38 61
38 131
38 184
38 227
38 269
38 369
39 2
39 9
39 22
39 60
39 95
39 108
39 110
40 36
40 2
40 14
40 44
40 67
40 118
41 26
41 34
41 36
41 82
41 298
41 335
42 2
42 27
42 12
42 52
42 53
42 66
42 72
42 85
42 94
42 112
42 154
42 169
42 183
42 213
42 256
42 261
42 262
42 272
42 277
42 282
42 326
43 36
43 5
43 10
43 114
43 158
43 336
43 426
43 466
44 40
44 25
44 5
44 45
44 56
44 66
44 69
44 74
44 81
44 150
44 202
44 217
44 295
44 352
44 358
44 387
44 390
44 425
45 22
45 25
45 44
45 71
45 119
45 170
45 180
45 357
45 372
46 34
46 3
46 6
46 86
46 372
46 407
47 10
47 19
47 29
47 50
47 70
47 112
47 236
47 246
47 278
47 346
47 397
47 459
48 5
48 2
48 11
48 81
48 143
48 164
48 405
48 446
48 448
49 20
49 16
49 6
49 54
49 55
49 65
49 140
49 197
49 229
49 233
49 247
49 289
49 312
49 318
49 323
49 326
49 496
50 8
50 47
50 6
50 79
50 123
50 315
50 331
51 5
51 31
51 33
51 99
51 125
52 6
52 42
52 30
52 53
52 63
52 327
52 376
52 406
52 460
52 493
53 52
53 15
53 42
53 107
53 133
53 232
53 257
53 315
53 379
53 480
54 1
54 49
54 33
54 62
54 75
54 88
54 93
54 135
54 219
54 234
54 389
54 452
54 478
55 7
55 30
55 49
55 103
55 157
55 193
55 347
55 416
55 423
56 22
56 3
56 44
56 64
56 145
56 313
56 333
56 391
56 449
57 28
57 34
57 0
57 63
57 67
57 106
57 239
57 338
57 393
58 27
58 23
58 7
58 71
58 141
58 156
58 320
58 338
58 371
58 410
58 438
58 456
59 8
59 28
59 14
59 66
59 79
59 88
59 161
59 271
59 274
60 35
60 39
60 4
60 95
60 105
60 107
60 119
60 147
60 238
60 339
60 373
61 19
61 38
61 31
61 129
61 232
61 278
61 360
62 54
62 5
62 23
62 252
63 17
63 52
63 57
63 130
63 223
63 229
63 238
63 436
64 15
64 10
64 56
64 75
64 361
65 36
65 5
65 49
65 133
65 138
65 166
65 227
65 265
65 278
65 321
66 59
66 44
66 42
66 77
66 173
66 248
66 344
66 442
67 57
67 40
67 3
67 74
67 99
67 116
67 139
67 218
68 4
68 19
68 15
68 205
68 220
68 241
68 337
68 468
69 1
69 3
69 44
69 104
69 127
69 247
69 274
69 433
69 482
70 47
70 20
70 22
70 196
70 407
70 443
70 488
71 10
71 45
71 58
71 72
71 77
71 109
71 137
71 172
71 188
71 351
71 369
72 31
72 71
72 42
72 209
72 210
72 365
72 495
73 5
73 17
73 23
74 4
74 67
74 44
74 87
74 147
74 148
74 170
74 195
74 312
74 408
74 464
75 64
75 54
75 10
75 83
75 102
75 128
75 138
75 145
75 194
75 265
75 284
75 311
75 472
76 11
76 23
76 5
76 84
76 160
76 174
76 302
76 356
77 66
77 14
77 71
77 104
77 123
77 141
77 176
77 207
77 270
77 491
78 34
78 18
78 31
78 142
78 154
78 248
78 270
78 309
78 334
79 59
79 50
79 19
79 91
79 257
79 405
80 19
80 27
80 17
80 81
80 96
80 97
80 126
80 182
80 217
80 446
81 44
81 48
81 80
81 101
81 106
81 151
81 159
81 162
81 169
81 271
81 386
81 411
82 5
82 41
82 34
82 90
82 105
82 131
82 208
82 474
83 26
83 75
83 5
83 164
83 264
83 454
84 76
84 9
84 19
84 85
84 93
84 120
84 290
84 293
84 358
84 365
84 390
85 18
85 42
85 84
85 136
85 177
85 366
86 31
86 28
86 46
86 94
86 203
86 470
87 7
87 24
87 74
87 148
87 155
87 200
87 216
87 283
87 442
87 468
88 59
88 5
88 54
88 110
88 114
88 139
88 382
88 431
88 470
89 2
89 13
89 25
89 92
89 142
89 158
89 392
89 463
90 31
90 82
90 13
90 126
90 144
90 343
90 455
91 12
91 32
91 79
91 92
91 234
91 318
91 371
91 495
92 9
92 91
92 89
92 175
93 84
93 54
93 30
93 101
93 158
93 231
93 302
93 340
93 365
93 462
94 16
94 42
94 86
94 117
94 239
95 39
95 60
95 11
95 108
95 145
95 163
95 273
95 377
96 80
96 3
96 13
96 285
96 306
96 415
97 13
97 80
97 32
97 103
97 117
97 149
97 187
97 231
97 268
97 388
97 400
97 431
97 494
98 28
98 18
98 32
98 222
98 295
98 300
98 383
98 499
99 67
99 51
99 17
99 122
99 132
99 209
99 423
99 439
99 444
100 10
100 15
100 5
100 214
100 249
100 289
100 319
100 394
100 434
101 13
101 93
101 81
101 143
101 162
101 174
101 186
101 196
101 220
101 280
102 6
102 75
102 4
102 226
102 248
102 249
102 316
103 37
103 55
103 97
103 118
103 173
103 409
103 450
104 4
104 77
104 69
104 127
104 161
104 179
104 198
104 224
104 454
105 82
105 60
105 32
105 258
106 81
106 20
106 57
106 161
106 181
106 199
106 203
106 207
107 7
107 53
107 60
107 125
107 142
107 151
107 263
107 277
108 1
108 95
108 39
108 152
108 168
108 451
109 15
109 71
109 2
109 348
109 356
109 421
109 493
110 31
110 88
110 39
110 129
111 19
111 15
111 31
111 113
111 144
111 256
111 279
111 404
111 409
112 42
112 11
112 47
113 111
113 34
113 10
113 218
114 5
114 43
114 88
114 121
114 413
115 34
115 33
115 30
115 171
115 394
115 422
115 429
115 487
116 67
116 12
116 33
117 0
117 94
117 97
117 198
117 208
117 214
117 228
117 268
117 328
117 330
118 103
118 40
118 17
118 256
118 279
118 360
119 45
119 60
119 34
119 120
119 135
119 160
119 244
119 264
119 364
120 84
120 21
120 119
120 147
120 240
120 319
120 359
121 114
121 31
121 2
121 324
122 6
122 99
122 1
122 215
123 50
123 2
123 77
123 144
123 146
123 154
123 162
123 166
123 178
123 236
123 395
124 16
124 18
124 30
124 332
124 376
124 399
125 107
125 51
125 30
125 140
125 172
125 178
125 244
125 418
126 90
126 80
126 4
126 163
126 189
126 237
126 253
126 262
126 281
126 467
126 482
127 104
127 69
127 13
127 185
127 211
128 8
128 75
128 5
128 241
128 396
128 419
129 110
129 34
129 61
129 190
129 223
130 63
130 4
130 7
130 180
130 201
130 225
130 271
130 359
131 38
131 10
131 82
131 340
131 373
131 434
132 16
132 29
132 99
132 135
132 148
132 189
132 202
132 246
132 273
132 286
132 308
132 414
132 433
132 490
133 18
133 65
133 53
133 146
133 461
134 36
134 16
134 5
134 184
134 189
134 307
134 337
134 357
135 119
135 54
135 132
135 153
135 157
135 165
135 291
135 301
135 473
136 85
136 37
136 5
136 185
136 192
136 313
136 427
137 71
137 19
137 12
137 165
137 255
137 354
137 473
138 75
138 1
138 65
138 215
138 352
139 22
139 88
139 67
139 186
139 188
139 216
139 217
139 243
139 276
139 292
139 318
139 325
139 484
140 49
140 125
140 32
140 267
140 369
140 489
140 490
141 77
141 58
141 30
141 218
141 228
141 264
141 285
141 363
141 416
142 107
142 89
142 78
142 166
142 177
142 231
142 243
142 254
142 445
143 101
143 48
143 13
143 172
143 279
144 90
144 123
144 111
145 75
145 95
145 56
145 203
145 324
146 123
146 133
146 10
146 175
146 300
146 381
146 443
146 455
147 74
147 120
147 60
147 225
148 74
148 132
148 87
149 34
149 33
149 97
149 429
150 6
150 30
150 44
150 168
150 346
150 414
151 107
151 8
151 81
151 168
151 170
151 191
151 360
152 108
152 17
152 34
153 15
153 0
153 135
153 269
153 305
153 460
154 123
154 42
154 78
154 383
155 5
155 87
155 7
155 463
156 7
156 58
156 12
156 185
156 441
157 1
157 55
157 135
157 344
157 408
158 89
158 43
158 93
158 193
158 251
158 321
159 81
159 3
159 25
159 204
159 342
160 76
160 1
160 119
160 176
160 240
160 362
161 59
161 106
161 104
161 259
161 411
162 101
162 81
162 123
162 179
162 306
162 382
163 126
163 17
163 95
163 194
163 257
163 336
164 48
164 18
164 83
164 245
164 329
164 375
165 135
165 137
165 2
165 212
166 123
166 65
166 142
166 200
166 323
167 20
167 14
167 17
167 207
167 308
167 314
167 370
168 151
168 108
168 150
168 266
168 446
169 23
169 81
169 42
169 204
170 45
170 74
170 151
170 174
170 320
170 395
171 33
171 115
171 36
171 390
172 71
172 125
172 143
172 201
173 103
173 32
173 66
173 305
173 341
174 101
174 76
174 170
174 233
174 372
175 146
175 31
175 92
175 281
175 311
175 332
175 440
176 160
176 3
176 77
176 212
176 266
176 467
177 142
177 85
177 15
177 202
177 250
177 340
178 123
178 125
178 13
178 227
178 267
178 276
178 437
178 450
179 104
179 162
179 36
179 272
179 361
180 45
180 130
180 31
180 222
180 480
181 13
181 18
181 106
181 190
182 1
182 26
182 80
182 224
182 333
182 460
183 42
183 10
183 22
183 379
184 38
184 6
184 134
184 196
184 215
184 469
184 471
185 156
185 136
185 127
185 273
185 296
185 309
186 139
186 3
186 101
186 391
186 416
187 13
187 97
187 30
187 325
187 353
187 437
188 4
188 71
188 139
188 241
188 261
188 274
188 303
188 419
188 436
188 479
189 126
189 132
189 134
189 238
190 181
190 129
190 4
190 247
190 250
190 265
191 0
191 151
191 5
192 2
192 15
192 136
192 268
192 336
193 18
193 55
193 158
193 297
194 30
194 163
194 75
194 226
194 385
194 386
195 2
195 74
195 5
195 469
196 70
196 101
196 184
196 354
196 400
197 2
197 8
197 49
197 321
197 367
197 373
197 449
198 117
198 7
198 104
198 251
199 20
199 106
199 8
199 276
199 316
199 498
200 25
200 166
200 87
200 345
200 466
201 130
201 26
201 172
201 298
201 305
202 44
202 177
202 132
202 374
203 106
203 145
203 86
203 232
204 159
204 34
204 169
205 2
205 33
205 68
205 294
205 297
205 378
205 477
206 20
206 33
206 11
206 243
206 293
207 167
207 77
207 106
207 296
207 301
207 427
208 4
208 117
208 82
208 426
208 449
209 8
209 99
209 72
209 289
209 415
210 72
210 0
210 19
211 21
211 7
211 127
211 222
211 250
211 283
211 341
212 19
212 165
212 176
212 237
213 42
213 3
213 0
213 291
213 310
213 407
213 444
214 4
214 100
214 117
214 492
215 184
215 138
215 122
215 351
215 354
215 499
216 2
216 87
216 139
216 301
217 139
217 44
217 80
217 384
218 67
218 113
218 141
218 261
218 325
218 343
218 447
219 54
219 20
219 7
219 378
220 101
220 68
220 16
220 260
220 304
220 356
221 10
221 14
221 32
221 415
222 211
222 98
222 180
222 283
222 306
223 37
223 129
223 63
224 182
224 104
224 4
224 242
224 402
224 482
225 147
225 130
225 22
225 259
225 293
225 311
226 194
226 102
226 13
226 229
227 38
227 178
227 65
227 285
227 337
227 348
227 402
227 432
227 488
228 117
228 15
228 141
228 386
228 403
229 63
229 49
229 226
230 2
230 32
230 34
231 142
231 97
231 93
231 245
231 379
231 422
231 437
232 203
232 61
232 53
232 408
233 3
233 49
233 174
234 91
234 54
234 2
234 246
234 314
234 435
235 30
235 15
235 10
235 316
235 392
236 47
236 123
236 30
236 275
237 126
237 212
237 35
237 251
237 327
237 346
237 387
238 189
238 63
238 60
238 266
238 286
238 377
239 57
239 0
239 94
239 286
239 412
240 20
240 120
240 160
240 288
240 353
240 406
240 474
240 477
241 128
241 68
241 188
241 426
242 1
242 224
242 33
242 258
242 288
242 367
243 206
243 139
243 142
243 260
243 290
243 432
244 27
244 125
244 119
244 481
245 30
245 231
245 164
245 252
245 398
245 412
245 425
245 453
245 472
246 234
246 132
246 47
246 282
246 450
247 190
247 49
247 69
247 363
247 384
247 385
248 102
248 66
248 78
248 420
249 100
249 102
249 7
249 253
249 270
249 299
249 478
250 211
250 190
250 177
250 253
250 362
250 374
251 198
251 237
251 158
251 294
251 406
252 35
252 245
252 62
252 474
253 250
253 126
253 249
253 384
254 142
254 6
254 19
254 287
254 342
254 464
254 475
255 10
255 137
255 30
255 284
255 403
255 479
256 42
256 118
256 111
256 310
256 367
257 163
257 79
257 53
258 105
258 242
258 24
258 368
258 392
259 161
259 5
259 225
259 334
259 451
260 7
260 243
260 220
260 297
260 317
260 349
260 364
261 188
261 218
261 42
261 476
261 491
262 126
262 37
262 42
262 345
262 368
262 397
262 410
262 447
262 480
263 11
263 32
263 107
263 445
263 458
264 83
264 141
264 119
264 267
264 339
265 65
265 190
265 75
266 176
266 238
266 168
266 292
266 304
266 307
266 394
267 140
267 264
267 178
268 192
268 117
268 97
268 421
268 432
268 457
268 463
268 481
269 10
269 38
269 153
270 249
270 77
270 78
270 329
271 81
271 130
271 59
271 453
272 42
272 20
272 179
272 362
273 185
273 95
273 132
273 322
274 188
274 69
274 59
275 0
275 236
275 12
275 331
275 485
276 178
276 199
276 139
276 304
276 374
277 107
277 42
277 36
277 292
277 308
277 342
277 350
278 65
278 47
278 61
278 288
279 111
279 143
279 118
279 401
280 16
280 0
280 101
281 126
281 175
281 2
281 299
281 335
281 339
282 5
282 42
282 246
282 498
283 87
283 211
283 222
283 401
284 255
284 5
284 75
284 355
284 467
285 227
285 141
285 96
285 335
285 350
285 487
286 238
286 239
286 132
287 254
287 27
287 13
287 345
288 240
288 242
288 278
288 291
288 477
289 100
289 49
289 209
290 7
290 243
290 84
290 330
291 288
291 213
291 135
292 277
292 266
292 139
292 385
293 84
293 225
293 206
294 251
294 205
294 7
295 2
295 98
295 44
295 428
296 8
296 185
296 207
296 440
297 193
297 205
297 260
298 30
298 201
298 41
298 333
299 249
299 281
299 6
299 317
300 31
300 98
300 146
300 303
301 216
301 207
301 135
301 314
302 76
302 93
302 31
302 402
303 31
303 188
303 300
303 448
304 220
304 276
304 266
304 361
305 201
305 173
305 153
306 162
306 222
306 96
307 266
307 134
307 37
308 132
308 277
308 167
308 332
309 185
309 19
309 78
309 359
309 380
309 492
310 213
310 7
310 256
311 225
311 75
311 175
312 49
312 74
312 16
312 313
312 317
313 136
313 56
313 312
313 381
313 464
314 234
314 167
314 301
314 382
315 50
315 30
315 53
316 235
316 102
316 199
317 260
317 299
317 312
318 91
318 139
318 49
318 322
319 33
319 100
319 120
320 58
320 14
320 170
320 381
320 389
320 471
320 484
321 65
321 158
321 197
321 433
322 11
322 318
322 273
322 328
322 371
323 16
323 166
323 49
323 370
324 145
324 121
324 5
325 218
325 139
325 187
326 35
326 42
326 49
326 439
327 52
327 237
327 31
328 117
328 322
328 16
328 430
329 270
329 164
329 28
330 32
330 290
330 117
331 50
331 275
331 25
331 498
332 124
332 175
332 308
333 182
333 56
333 298
333 355
333 444
334 259
334 78
334 17
335 281
335 285
335 41
335 341
335 410
336 43
336 163
336 192
337 227
337 68
337 134
337 431
337 492
338 15
338 58
338 57
338 488
339 264
339 281
339 60
340 177
340 93
340 131
340 357
340 447
341 173
341 211
341 335
341 489
342 254
342 159
342 277
342 428
342 470
343 5
343 218
343 90
343 405
344 9
344 157
344 66
344 396
345 200
345 287
345 262
346 150
346 237
346 47
346 355
346 396
347 1
347 55
347 4
347 366
347 419
348 109
348 227
348 9
348 412
348 421
349 260
349 33
349 1
349 430
349 466
350 285
350 277
350 33
351 12
351 215
351 71
352 21
352 138
352 44
353 187
353 240
353 0
353 377
353 459
354 215
354 196
354 137
355 333
355 284
355 346
356 76
356 220
356 109
356 380
357 45
357 134
357 340
357 375
358 31
358 44
358 84
359 130
359 120
359 309
360 61
360 118
360 151
360 378
361 304
361 64
361 179
362 160
362 250
362 272
362 445
363 141
363 4
363 247
364 260
364 11
364 119
365 93
365 84
365 72
366 347
366 85
366 5
367 242
367 256
367 197
368 14
368 262
368 258
368 387
369 38
369 71
369 140
370 15
370 323
370 167
371 322
371 58
371 91
371 465
372 46
372 174
372 45
372 457
373 197
373 60
373 131
373 398
374 250
374 202
374 276
375 164
375 357
375 20
376 124
376 52
376 36
376 418
377 95
377 353
377 238
378 205
378 219
378 360
378 393
379 183
379 231
379 53
379 455
380 356
380 309
380 32
380 497
381 320
381 313
381 146
382 88
382 162
382 314
383 154
383 17
383 98
384 253
384 247
384 217
384 429
384 499
385 247
385 194
385 292
386 228
386 81
386 194
386 423
387 44
387 368
387 237
387 399
387 430
388 4
388 97
388 15
389 54
389 320
389 4
390 84
390 171
390 44
390 494
391 186
391 56
391 15
391 439
392 258
392 235
392 89
392 422
393 57
393 1
393 378
394 115
394 100
394 266
395 15
395 123
395 170
395 428
395 452
396 344
396 346
396 128
397 47
397 36
397 262
398 245
398 11
398 373
399 1
399 124
399 387
399 414
400 19
400 196
400 97
400 403
401 279
401 33
401 283
401 476
402 227
402 302
402 224
402 452
402 461
402 493
403 400
403 228
403 255
404 9
404 36
404 111
405 48
405 343
405 79
406 251
406 52
406 240
407 213
407 70
407 46
407 413
407 425
407 438
408 232
408 157
408 74
408 418
409 35
409 111
409 103
410 335
410 58
410 262
411 81
411 161
411 10
412 348
412 245
412 239
413 407
413 114
413 1
413 459
413 487
414 132
414 399
414 150
415 96
415 221
415 209
416 186
416 55
416 141
417 23
417 10
417 5
418 376
418 408
418 125
418 453
419 347
419 188
419 128
419 451
420 248
420 1
420 19
420 472
421 268
421 348
421 109
422 231
422 115
422 392
423 386
423 55
423 99
424 6
424 20
424 8
425 407
425 245
425 44
425 442
425 457
426 208
426 241
426 43
427 136
427 207
427 2
428 342
428 295
428 395
429 384
429 149
429 115
429 435
430 387
430 328
430 349
431 337
431 88
431 97
432 227
432 243
432 268
433 69
433 321
433 132
434 12
434 131
434 100
434 456
435 429
435 234
435 28
436 188
436 28
436 63
437 178
437 187
437 231
438 407
438 58
438 32
439 391
439 99
439 326
439 462
440 296
440 175
440 36
440 497
441 20
441 156
441 13
442 66
442 87
442 425
443 146
443 13
443 70
444 333
444 99
444 213
445 142
445 263
445 362
446 80
446 168
446 48
447 340
447 218
447 262
448 303
448 28
448 48
449 56
449 197
449 208
450 246
450 178
450 103
451 108
451 419
451 259
451 454
452 54
452 395
452 402
453 245
453 271
453 418
454 451
454 83
454 104
455 90
455 146
455 379
456 434
456 58
456 34
457 372
457 268
457 425
458 263
458 17
458 4
459 47
459 413
459 353
459 471
459 478
460 182
460 153
460 52
461 133
461 0
461 402
461 491
462 93
462 439
462 7
462 483
462 485
463 268
463 155
463 89
464 254
464 313
464 74
465 1
465 371
465 30
466 349
466 200
466 43
467 176
467 284
467 126
468 68
468 33
468 87
469 195
469 184
469 35
469 475
470 86
470 88
470 342
471 184
471 459
471 320
472 245
472 420
472 75
473 135
473 137
473 25
473 479
474 240
474 82
474 252
475 469
475 254
475 7
476 401
476 261
476 9
477 205
477 240
477 288
478 54
478 249
478 459
478 483
479 255
479 473
479 188
479 484
479 490
480 180
480 53
480 262
481 36
481 244
481 268
482 126
482 69
482 224
483 10
483 462
483 478
483 497
484 479
484 139
484 320
485 462
485 275
485 7
486 13
486 5
486 28
487 115
487 285
487 413
488 70
488 338
488 227
489 140
489 5
489 341
490 479
490 140
490 132
491 77
491 261
491 461
492 309
492 214
492 337
493 402
493 109
493 52
494 25
494 97
494 390
495 20
495 72
495 91
496 13
496 49
496 1
497 380
497 483
497 440
498 331
498 282
498 199
499 384
499 215
499 98
