0 1
0 2
0 3
0 4
0 5
0 16
0 21
0 26
0 27
0 38
1 0
1 2
1 3
1 4
1 6
1 7
1 9
1 12
1 14
1 19
1 20
1 23
1 47
2 0
2 1
2 3
2 6
2 8
2 10
2 14
2 17
2 48
3 0
3 2
3 1
3 4
3 5
3 6
3 7
3 8
3 10
3 11
3 13
3 19
3 25
3 28
3 42
4 1
4 0
4 3
4 5
4 7
4 9
4 10
4 13
4 14
4 49
5 4
5 0
5 3
5 18
5 27
5 28
5 43
5 46
6 3
6 2
6 1
6 8
6 12
6 18
6 19
6 20
6 21
6 23
6 33
6 36
6 37
6 43
7 3
7 1
7 4
7 9
7 11
7 15
7 21
8 6
8 2
8 3
8 11
8 13
8 15
8 16
8 18
8 24
8 26
8 29
8 35
8 42
9 4
9 7
9 1
9 12
9 24
9 25
9 31
9 41
10 4
10 3
10 2
10 15
10 16
10 17
10 20
10 22
10 42
10 44
11 3
11 7
11 8
11 17
11 34
11 41
12 9
12 1
12 6
12 22
12 29
12 32
12 33
12 38
13 8
13 4
13 3
13 25
13 46
14 4
14 2
14 1
14 23
14 43
15 7
15 10
15 8
15 34
15 35
16 8
16 10
16 0
16 39
17 10
17 11
17 2
17 31
17 32
18 5
18 8
18 6
18 22
18 32
18 36
18 39
18 41
19 1
19 3
19 6
19 36
20 6
20 10
20 1
20 26
20 30
21 7
21 6
21 0
21 24
21 37
22 12
22 10
22 18
22 29
22 37
23 14
23 1
23 6
24 9
24 21
24 8
24 49
25 3
25 9
25 13
25 27
25 28
25 30
25 31
25 40
25 45
25 48
26 8
26 0
26 20
26 30
27 25
27 5
27 0
27 45
28 3
28 25
28 5
28 33
29 22
29 12
29 8
30 26
30 20
30 25
30 45
31 25
31 9
31 17
31 34
31 40
31 44
32 12
32 17
32 18
32 35
33 12
33 28
33 6
34 15
34 11
34 31
34 44
34 47
35 8
35 32
35 15
35 38
35 39
36 19
36 6
36 18
37 22
37 21
37 6
38 12
38 35
38 0
39 35
39 18
39 16
39 40
40 39
40 31
40 25
41 9
41 11
41 18
41 47
42 8
42 10
42 3
43 5
43 6
43 14
43 46
44 10
44 34
44 31
45 25
45 27
45 30
45 49
46 43
46 5
46 13
46 48
47 41
47 1
47 34
48 2
48 25
48 46
49 4
49 45
49 24
