0 1
1 0
2 0
2 1
3 0
3 1
3 2
4 1
4 2
4 3
5 4
5 2
5 1
6 5
6 2
6 1
7 1
7 0
7 5
8 1
8 2
8 5
9 4
9 5
9 2
10 9
10 0
10 1
11 1
11 9
11 8
12 1
12 0
12 8
13 6
13 4
13 8
14 13
14 5
14 1
15 2
15 5
15 1
16 14
16 0
16 6
17 1
17 9
17 0
18 1
18 6
18 17
19 16
19 9
19 5
20 8
20 0
20 7
21 11
21 3
21 17
22 0
22 2
22 5
23 6
23 11
23 5
24 0
24 20
24 12
25 5
25 0
25 20
26 4
26 22
26 23
27 22
27 5
27 1
28 5
28 1
28 8
29 2
29 24
29 1
30 8
30 0
30 1
31 21
31 9
31 29
32 5
32 0
32 10
33 18
33 5
33 3
34 6
34 0
34 24
35 2
35 12
35 0
36 12
36 8
36 0
37 17
37 13
37 30
38 5
38 33
38 35
39 11
39 5
39 26
40 31
40 37
40 1
41 2
41 8
41 1
42 20
42 1
42 18
43 14
43 22
43 1
44 11
44 8
44 37
45 1
45 8
45 9
46 5
46 1
46 35
47 31
47 21
47 24
48 12
48 9
48 2
49 5
49 37
49 1
