0 1
1 0
2 1
2 0
3 0
3 1
3 2
4 2
4 0
4 1
5 1
5 0
5 2
6 4
6 2
6 1
7 2
7 0
7 4
8 2
8 1
8 6
9 1
9 0
9 5
10 5
10 1
10 3
11 0
11 3
11 4
12 2
12 7
12 0
13 10
13 1
13 2
14 8
14 5
14 4
15 1
15 0
15 10
16 4
16 1
16 10
17 3
17 1
17 0
18 14
18 8
18 6
19 10
19 5
19 6
20 17
20 0
20 7
21 16
21 0
21 11
22 2
22 16
22 15
23 1
23 11
23 17
24 3
24 0
24 23
25 5
25 17
25 4
26 25
26 5
26 14
27 7
27 10
27 16
28 3
28 7
28 19
29 18
29 1
29 2
30 16
30 25
30 17
31 20
31 2
31 22
32 7
32 22
32 0
33 22
33 19
33 3
34 22
34 11
34 23
35 33
35 1
35 0
36 1
36 0
36 16
37 1
37 24
37 19
38 16
38 36
38 0
39 22
39 24
39 2
40 1
40 11
40 0
41 33
41 1
41 25
42 32
42 0
42 5
43 0
43 33
43 31
44 37
44 11
44 3
45 5
45 0
45 10
46 14
46 16
46 18
47 12
47 19
47 22
48 2
48 1
48 9
49 42
49 37
49 7
