0 1
1 0
2 0
2 1
3 1
3 0
3 2
4 0
4 1
4 2
5 0
5 2
5 1
6 3
6 2
6 0
7 1
7 5
7 4
8 0
8 2
8 5
9 2
9 4
9 7
10 1
10 5
10 7
11 8
11 9
11 1
12 5
12 10
12 0
13 0
13 5
13 1
14 2
14 4
14 5
15 1
15 2
15 3
16 5
16 12
16 1
17 0
17 12
17 10
18 11
18 3
18 0
19 3
19 0
19 17
20 12
20 1
20 10
21 19
21 4
21 8
22 0
22 6
22 7
23 20
23 1
23 4
24 17
24 15
24 19
25 4
25 19
25 3
26 23
26 3
26 0
27 4
27 0
27 15
28 19
28 7
28 9
29 8
29 4
29 3
30 4
30 24
30 2
31 20
31 9
31 1
32 29
32 7
32 19
33 12
33 8
33 4
34 25
34 10
34 13
35 17
35 19
35 25
36 0
36 3
36 5
37 5
37 0
37 15
38 0
38 24
38 27
39 33
39 14
39 4
40 5
40 17
40 8
41 25
41 1
41 10
42 0
42 18
42 16
43 25
43 40
43 33
44 32
44 33
44 24
45 1
45 15
45 39
46 1
46 8
46 2
47 44
47 15
47 33
48 5
48 3
48 1
49 11
49 45
49 8
50 1
50 0
50 45
51 0
51 50
51 2
52 11
52 24
52 48
53 3
53 10
53 18
54 50
54 28
54 0
55 2
55 29
55 19
56 0
56 36
56 19
57 16
57 10
57 46
58 8
58 19
58 17
59 4
59 19
59 41
60 41
60 16
60 5
61 27
61 23
61 12
62 24
62 0
62 3
63 5
63 24
63 13
64 61
64 5
64 46
65 1
65 7
65 14
66 0
66 5
66 1
67 24
67 28
67 18
68 4
68 14
68 0
69 12
69 9
69 0
70 0
70 1
70 11
71 67
71 4
71 59
72 34
72 1
72 5
73 20
73 5
73 0
74 2
74 15
74 24
75 1
75 43
75 3
76 2
76 44
76 42
77 2
77 0
77 50
78 1
78 59
78 37
79 16
79 20
79 8
80 24
80 7
80 0
81 75
81 19
81 2
82 77
82 5
82 25
83 4
83 20
83 58
84 15
84 1
84 18
85 5
85 8
85 80
86 0
86 1
86 14
87 79
87 82
87 15
88 56
88 9
88 1
89 70
89 65
89 20
90 50
90 25
90 84
91 15
91 43
91 1
92 47
92 5
92 2
93 21
93 7
93 1
94 54
94 84
94 17
95 84
95 32
95 0
96 33
96 19
96 83
97 2
97 54
97 7
98 17
98 67
98 5
99 24
99 85
99 2
100 46
100 0
100 34
101 11
101 17
101 5
102 50
102 43
102 9
103 18
103 98
103 4
104 22
104 9
104 1
105 8
105 56
105 79
106 5
106 1
106 84
107 67
107 60
107 72
108 24
108 5
108 0
109 2
109 5
109 90
110 10
110 56
110 27
111 0
111 1
111 72
112 75
112 7
112 41
113 107
113 4
113 19
114 24
114 81
114 5
115 44
115 3
115 11
116 20
116 7
116 17
117 2
117 73
117 3
118 4
118 57
118 32
119 19
119 83
119 0
120 50
120 80
120 1
121 1
121 48
121 21
122 1
122 15
122 79
123 2
123 16
123 31
124 35
124 64
124 75
125 94
125 7
125 52
126 114
126 89
126 45
127 25
127 0
127 45
128 4
128 118
128 1
129 65
129 111
129 43
130 23
130 8
130 1
131 1
131 20
131 128
132 49
132 122
132 5
133 83
133 1
133 5
134 15
134 120
134 104
135 5
135 12
135 2
136 1
136 12
136 0
137 19
137 2
137 27
138 67
138 87
138 4
139 25
139 0
139 52
140 7
140 0
140 4
141 77
141 84
141 78
142 66
142 68
142 101
143 4
143 107
143 17
144 24
144 14
144 110
145 29
145 2
145 112
146 77
146 39
146 34
147 4
147 51
147 44
148 7
148 37
148 61
149 102
149 56
149 0
150 0
150 25
150 86
151 83
151 25
151 2
152 17
152 8
152 87
153 83
153 27
153 25
154 11
154 139
154 44
155 24
155 104
155 19
156 9
156 77
156 57
157 27
157 18
157 17
158 8
158 100
158 17
159 60
159 62
159 29
160 62
160 104
160 0
161 1
161 28
161 156
162 113
162 111
162 132
163 20
163 47
163 10
164 13
164 24
164 12
165 21
165 152
165 92
166 7
166 44
166 5
167 107
167 130
167 132
168 2
168 0
168 148
169 95
169 109
169 1
170 166
170 101
170 24
171 14
171 9
171 64
172 166
172 32
172 0
173 81
173 15
173 112
174 142
174 4
174 97
175 1
175 112
175 76
176 135
176 5
176 67
177 1
177 156
177 114
178 54
178 86
178 2
179 20
179 15
179 1
180 112
180 86
180 9
181 12
181 65
181 24
182 142
182 43
182 172
183 52
183 5
183 25
184 0
184 77
184 59
185 49
185 77
185 67
186 83
186 19
186 43
187 1
187 45
187 2
188 43
188 3
188 5
189 104
189 16
189 119
190 9
190 146
190 56
191 3
191 19
191 11
192 3
192 84
192 10
193 0
193 10
193 29
194 5
194 56
194 91
195 28
195 41
195 0
196 50
196 34
196 2
197 34
197 35
197 1
198 88
198 0
198 23
199 4
199 89
199 90
200 133
200 2
200 1
201 21
201 0
201 44
202 42
202 85
202 46
203 109
203 5
203 75
204 25
204 0
204 42
205 87
205 193
205 108
206 143
206 48
206 37
207 24
207 131
207 1
208 43
208 30
208 2
209 2
209 85
209 199
210 68
210 38
210 41
211 35
211 195
211 10
212 203
212 20
212 44
213 114
213 120
213 15
214 38
214 27
214 140
215 104
215 47
215 151
216 4
216 111
216 114
217 111
217 47
217 2
218 14
218 17
218 33
219 1
219 112
219 60
220 43
220 74
220 17
221 3
221 85
221 24
222 5
222 3
222 199
223 0
223 48
223 155
224 57
224 112
224 20
225 143
225 1
225 113
226 9
226 1
226 153
227 153
227 150
227 172
228 88
228 80
228 126
229 24
229 2
229 1
230 199
230 25
230 3
231 3
231 226
231 32
232 43
232 151
232 211
233 57
233 61
233 7
234 1
234 80
234 228
235 171
235 3
235 1
236 10
236 168
236 13
237 28
237 207
237 47
238 5
238 142
238 129
239 0
239 197
239 63
240 57
240 1
240 189
241 1
241 13
241 237
242 1
242 41
242 81
243 72
243 15
243 205
244 10
244 44
244 239
245 0
245 79
245 66
246 29
246 220
246 50
247 88
247 24
247 0
248 29
248 7
248 56
249 1
249 16
249 80
250 118
250 10
250 111
251 4
251 227
251 44
252 5
252 158
252 194
253 203
253 107
253 1
254 119
254 5
254 15
255 211
255 39
255 36
256 203
256 4
256 62
257 104
257 3
257 16
258 237
258 13
258 138
259 199
259 44
259 234
260 16
260 235
260 42
261 40
261 158
261 17
262 5
262 50
262 114
263 2
263 76
263 200
264 11
264 15
264 5
265 60
265 242
265 101
266 25
266 40
266 14
267 233
267 38
267 111
268 116
268 5
268 18
269 17
269 0
269 38
270 117
270 15
270 68
271 46
271 156
271 199
272 112
272 7
272 88
273 213
273 161
273 8
274 251
274 95
274 125
275 15
275 3
275 16
276 212
276 7
276 31
277 36
277 223
277 232
278 80
278 171
278 239
279 101
279 1
279 121
280 4
280 235
280 51
281 146
281 103
281 139
282 24
282 184
282 197
283 84
283 67
283 15
284 224
284 44
284 86
285 64
285 277
285 128
286 77
286 156
286 243
287 1
287 15
287 44
288 68
288 24
288 50
289 182
289 64
289 224
290 265
290 37
290 246
291 117
291 9
291 7
292 15
292 224
292 1
293 205
293 253
293 175
294 9
294 0
294 1
295 52
295 5
295 11
296 119
296 20
296 43
297 9
297 100
297 7
298 3
298 80
298 141
299 75
299 126
299 284
300 273
300 172
300 32
301 41
301 220
301 67
302 248
302 72
302 96
303 235
303 146
303 54
304 255
304 13
304 1
305 185
305 180
305 24
306 278
306 149
306 119
307 139
307 65
307 248
308 146
308 33
308 60
309 161
309 109
309 108
310 151
310 276
310 2
311 5
311 41
311 44
312 2
312 24
312 307
313 112
313 3
313 308
314 1
314 305
314 83
315 140
315 44
315 1
316 95
316 315
316 19
317 205
317 3
317 25
318 310
318 118
318 4
319 305
319 115
319 270
320 281
320 6
320 0
321 307
321 305
321 29
322 215
322 288
322 118
323 56
323 24
323 67
324 262
324 283
324 4
325 182
325 316
325 11
326 209
326 60
326 34
327 85
327 1
327 0
328 244
328 256
328 60
329 199
329 15
329 2
330 270
330 308
330 195
331 211
331 47
331 98
332 169
332 45
332 0
333 7
333 47
333 60
334 19
334 310
334 1
335 0
335 124
335 15
336 58
336 201
336 270
337 326
337 1
337 130
338 289
338 72
338 7
339 305
339 106
339 27
340 54
340 167
340 130
341 4
341 2
341 15
342 9
342 76
342 12
343 280
343 209
343 228
344 0
344 12
344 146
345 211
345 17
345 80
346 9
346 256
346 314
347 1
347 5
347 300
348 206
348 250
348 111
349 98
349 117
349 11
350 23
350 152
350 26
351 281
351 126
351 194
352 44
352 1
352 209
353 166
353 54
353 220
354 5
354 44
354 3
355 43
355 247
355 131
356 21
356 0
356 182
357 29
357 80
357 241
358 101
358 62
358 310
359 114
359 91
359 5
360 39
360 15
360 0
361 10
361 7
361 338
362 207
362 141
362 16
363 10
363 21
363 121
364 274
364 1
364 5
365 1
365 4
365 235
366 3
366 1
366 147
367 50
367 42
367 263
368 61
368 24
368 235
369 5
369 67
369 264
370 206
370 154
370 350
371 28
371 357
371 144
372 24
372 19
372 109
373 19
373 112
373 98
374 20
374 121
374 2
375 341
375 186
375 66
376 32
376 136
376 56
377 25
377 95
377 19
378 128
378 10
378 310
379 2
379 77
379 240
380 19
380 150
380 5
381 112
381 203
381 44
382 9
382 379
382 19
383 271
383 361
383 293
384 3
384 120
384 44
385 239
385 50
385 271
386 47
386 213
386 199
387 60
387 2
387 146
388 1
388 0
388 24
389 287
389 128
389 328
390 2
390 228
390 221
391 112
391 287
391 9
392 296
392 310
392 13
393 251
393 238
393 95
394 287
394 10
394 294
395 171
395 147
395 5
396 385
396 280
396 131
397 122
397 149
397 53
398 252
398 147
398 149
399 56
399 289
399 296
400 103
400 96
400 130
401 7
401 29
401 84
402 3
402 397
402 325
403 48
403 83
403 239
404 234
404 16
404 169
405 29
405 15
405 403
406 1
406 88
406 25
407 234
407 132
407 105
408 33
408 241
408 28
409 110
409 306
409 133
410 401
410 205
410 389
411 107
411 21
411 16
412 356
412 4
412 1
413 201
413 88
413 386
414 131
414 338
414 27
415 144
415 30
415 149
416 29
416 33
416 9
417 1
417 62
417 109
418 136
418 357
418 12
419 162
419 141
419 137
420 228
420 54
420 20
421 179
421 80
421 13
422 367
422 169
422 40
423 234
423 33
423 28
424 25
424 151
424 390
425 142
425 23
425 300
426 229
426 406
426 153
427 256
427 203
427 1
428 29
428 7
428 89
429 5
429 29
429 164
430 41
430 16
430 301
431 115
431 89
431 334
432 356
432 428
432 57
433 16
433 12
433 425
434 51
434 138
434 81
435 193
435 250
435 23
436 366
436 72
436 141
437 246
437 96
437 388
438 390
438 139
438 425
439 311
439 54
439 12
440 24
440 249
440 1
441 46
441 278
441 1
442 52
442 20
442 44
443 83
443 36
443 4
444 341
444 310
444 8
445 2
445 401
445 177
446 147
446 40
446 203
447 190
447 24
447 12
448 346
448 184
448 24
449 64
449 101
449 292
450 404
450 348
450 42
451 199
451 185
451 7
452 79
452 376
452 0
453 294
453 2
453 150
454 67
454 314
454 234
455 53
455 293
455 440
456 38
456 396
456 376
457 56
457 291
457 2
458 1
458 156
458 430
459 65
459 14
459 278
460 73
460 374
460 142
461 24
461 129
461 5
462 121
462 238
462 316
463 404
463 63
463 257
464 276
464 421
464 1
465 384
465 44
465 63
466 366
466 24
466 15
467 44
467 133
467 131
468 86
468 153
468 64
469 3
469 147
469 28
470 319
470 79
470 26
471 415
471 202
471 25
472 8
472 12
472 180
473 0
473 305
473 344
474 163
474 3
474 0
475 1
475 41
475 67
476 206
476 0
476 314
477 62
477 252
477 407
478 110
478 261
478 94
479 130
479 259
479 210
480 198
480 40
480 8
481 50
481 16
481 148
482 95
482 106
482 278
483 40
483 66
483 8
484 41
484 431
484 0
485 142
485 316
485 6
486 75
486 406
486 440
487 176
487 2
487 0
488 209
488 11
488 135
489 0
489 18
489 455
490 156
490 217
490 332
491 5
491 204
491 1
492 232
492 44
492 174
493 143
493 15
493 11
494 67
494 10
494 27
495 17
495 300
495 485
496 214
496 119
496 346
497 0
497 61
497 2
498 351
498 71
498 427
499 367
499 80
499 23
