0 1
1 0
2 1
2 0
3 1
3 0
3 2
4 1
4 0
4 2
5 4
5 0
5 3
6 0
6 4
6 1
7 1
7 2
7 3
8 0
8 4
8 3
9 4
9 1
9 7
10 9
10 0
10 6
11 6
11 1
11 2
12 11
12 3
12 7
13 11
13 4
13 2
14 9
14 7
14 4
15 7
15 12
15 6
16 0
16 7
16 1
17 2
17 10
17 4
18 10
18 11
18 17
19 9
19 18
19 11
20 4
20 10
20 15
21 10
21 12
21 9
22 1
22 11
22 10
23 4
23 3
23 2
24 6
24 10
24 11
25 20
25 12
25 5
26 4
26 7
26 5
27 0
27 5
27 7
28 23
28 1
28 4
29 24
29 2
29 20
30 11
30 16
30 1
31 10
31 24
31 6
32 0
32 1
32 11
33 7
33 6
33 10
34 10
34 24
34 1
35 20
35 28
35 7
36 3
36 6
36 4
37 3
37 1
37 30
38 3
38 11
38 10
39 20
39 17
39 3
40 31
40 26
40 11
41 6
41 7
41 26
42 32
42 18
42 5
43 31
43 21
43 35
44 32
44 35
44 22
45 33
45 3
45 13
46 21
46 11
46 4
47 2
47 35
47 30
48 44
48 25
48 8
49 10
49 15
49 27
