0 1
1 0
2 0
2 1
3 2
3 0
3 1
4 2
4 0
4 3
5 3
5 0
5 2
6 1
6 2
6 0
7 0
7 1
7 5
8 3
8 1
8 0
9 7
9 4
9 6
10 2
10 0
10 6
11 2
11 0
11 4
12 9
12 3
12 1
13 7
13 6
13 8
14 1
14 10
14 0
15 4
15 3
15 9
16 13
16 1
16 2
17 0
17 1
17 13
18 0
18 9
18 1
19 12
19 4
19 10
20 14
20 3
20 0
21 3
21 2
21 4
22 3
22 12
22 1
23 13
23 9
23 4
24 0
24 7
24 6
25 9
25 14
25 10
26 3
26 1
26 2
27 7
27 0
27 6
28 6
28 10
28 8
29 1
29 8
29 0
30 1
30 28
30 3
31 3
31 12
31 27
32 7
32 28
32 3
33 10
33 8
33 12
34 6
34 25
34 0
35 9
35 1
35 0
36 25
36 23
36 5
37 11
37 13
37 16
38 22
38 7
38 8
39 1
39 0
39 32
40 6
40 8
40 9
41 0
41 30
41 9
42 4
42 21
42 26
43 3
43 0
43 1
44 4
44 3
44 1
45 42
45 41
45 0
46 0
46 22
46 25
47 37
47 0
47 5
48 6
48 28
48 27
49 23
49 10
49 35
