0 1
0 2
1 0
1 2
2 0
2 1
3 0
3 1
3 2
4 0
4 1
4 2
5 3
5 1
5 4
6 4
6 0
6 1
7 4
7 0
7 2
8 1
8 4
8 2
9 4
9 0
9 2
10 7
10 1
10 8
11 0
11 4
11 1
12 6
12 8
12 4
13 12
13 1
13 0
14 6
14 0
14 1
15 4
15 9
15 1
16 0
16 12
16 4
17 10
17 1
17 4
18 5
18 13
18 10
19 10
19 16
19 13
20 14
20 2
20 17
21 3
21 8
21 2
22 3
22 6
22 13
23 19
23 10
23 1
24 5
24 13
24 2
25 9
25 8
25 2
26 17
26 19
26 10
27 11
27 21
27 8
28 1
28 0
28 7
29 1
29 17
29 13
30 0
30 26
30 6
31 26
31 1
31 25
32 1
32 0
32 27
33 1
33 6
33 2
34 6
34 26
34 9
35 13
35 0
35 31
36 2
36 1
36 13
37 2
37 1
37 29
38 25
38 19
38 4
39 17
39 33
39 13
40 14
40 3
40 5
41 13
41 2
41 12
42 7
42 8
42 33
43 12
43 18
43 8
44 6
44 25
44 2
45 0
45 30
45 16
46 1
46 30
46 5
47 24
47 0
47 1
48 39
48 4
48 27
49 25
49 6
49 37
