0 1
1 0
2 1
2 0
3 0
3 2
3 1
4 0
4 2
4 1
5 3
5 2
5 0
6 1
6 2
6 0
7 0
7 3
7 2
8 1
8 0
8 4
9 4
9 3
9 0
10 0
10 7
10 5
11 0
11 1
11 2
12 3
12 0
12 4
13 1
13 5
13 0
14 1
14 13
14 8
15 14
15 0
15 1
16 6
16 3
16 11
17 1
17 4
17 13
18 2
18 3
18 0
19 6
19 4
19 13
20 0
20 3
20 12
21 6
21 3
21 17
22 0
22 2
22 13
23 2
23 8
23 6
24 0
24 6
24 2
25 2
25 4
25 13
26 5
26 13
26 18
27 2
27 1
27 8
28 24
28 19
28 2
29 2
29 12
29 16
30 22
30 28
30 21
31 30
31 27
31 4
32 16
32 2
32 3
33 31
33 1
33 16
34 0
34 5
34 16
35 16
35 8
35 4
36 8
36 20
36 27
37 4
37 14
37 34
38 3
38 2
38 1
39 18
39 12
39 23
40 30
40 31
40 0
41 39
41 1
41 37
42 3
42 32
42 18
43 17
43 30
43 37
44 35
44 37
44 5
45 37
45 39
45 1
46 0
46 16
46 3
47 2
47 27
47 32
48 1
48 36
48 18
49 19
49 35
49 27
50 21
50 3
50 0
51 0
51 18
51 24
52 45
52 25
52 0
53 2
53 12
53 22
54 7
54 52
54 29
55 22
55 36
55 20
56 0
56 18
56 39
57 8
57 21
57 0
58 16
58 29
58 24
59 52
59 18
59 6
60 20
60 2
60 8
61 20
61 37
61 22
62 23
62 38
62 46
63 6
63 16
63 39
64 3
64 41
64 55
65 23
65 6
65 59
66 2
66 59
66 51
67 12
67 17
67 21
68 67
68 66
68 29
69 37
69 0
69 3
70 15
70 6
70 12
71 3
71 23
71 41
72 28
72 13
72 71
73 2
73 1
73 18
74 15
74 37
74 52
75 0
75 27
75 40
76 24
76 56
76 1
77 4
77 58
77 42
78 55
78 18
78 1
79 35
79 64
79 7
80 4
80 17
80 39
81 17
81 37
81 4
82 3
82 36
82 1
83 37
83 53
83 5
84 61
84 69
84 22
85 23
85 17
85 20
86 15
86 29
86 37
87 2
87 17
87 42
88 4
88 3
88 30
89 36
89 3
89 29
90 35
90 16
90 58
91 6
91 35
91 49
92 12
92 1
92 15
93 1
93 15
93 6
94 6
94 28
94 32
95 1
95 67
95 2
96 59
96 16
96 30
97 9
97 30
97 21
98 6
98 48
98 7
99 97
99 36
99 23
100 58
100 99
100 41
101 93
101 40
101 88
102 63
102 55
102 83
103 83
103 1
103 4
104 101
104 9
104 85
105 8
105 83
105 80
106 13
106 16
106 82
107 39
107 82
107 89
108 61
108 27
108 68
109 30
109 26
109 31
110 13
110 11
110 41
111 46
111 91
111 88
112 37
112 3
112 6
113 20
113 36
113 68
114 22
114 5
114 39
115 35
115 71
115 39
116 2
116 3
116 36
117 22
117 69
117 39
118 3
118 34
118 23
119 58
119 45
119 18
120 32
120 49
120 90
121 14
121 119
121 6
122 20
122 28
122 0
123 58
123 86
123 2
124 73
124 78
124 53
125 99
125 15
125 36
126 5
126 4
126 118
127 6
127 11
127 49
128 47
128 0
128 67
129 1
129 13
129 12
130 110
130 30
130 51
131 1
131 43
131 99
132 30
132 8
132 0
133 2
133 3
133 48
134 1
134 64
134 71
135 43
135 0
135 49
136 2
136 29
136 118
137 2
137 100
137 42
138 127
138 6
138 38
139 11
139 57
139 58
140 4
140 1
140 119
141 17
141 51
141 134
142 26
142 24
142 96
143 5
143 4
143 32
144 8
144 16
144 80
145 42
145 63
145 9
146 26
146 95
146 27
147 141
147 0
147 42
148 58
148 2
148 1
149 1
149 61
149 99
150 14
150 131
150 132
151 73
151 49
151 59
152 13
152 22
152 4
153 28
153 2
153 5
154 25
154 0
154 118
155 66
155 55
155 38
156 3
156 115
156 2
157 42
157 65
157 67
158 20
158 138
158 36
159 70
159 38
159 20
160 33
160 13
160 28
161 99
161 22
161 36
162 113
162 154
162 81
163 23
163 120
163 0
164 23
164 123
164 13
165 161
165 30
165 100
166 26
166 72
166 4
167 38
167 24
167 120
168 36
168 99
168 84
169 42
169 94
169 29
170 142
170 118
170 123
171 67
171 21
171 37
172 26
172 61
172 76
173 131
173 1
173 67
174 37
174 151
174 20
175 100
175 70
175 112
176 76
176 169
176 25
177 142
177 129
177 2
178 122
178 9
178 2
179 170
179 30
179 55
180 37
180 21
180 132
181 59
181 20
181 1
182 13
182 30
182 64
183 143
183 146
183 62
184 15
184 47
184 38
185 163
185 43
185 2
186 119
186 168
186 90
187 139
187 6
187 22
188 131
188 53
188 5
189 160
189 123
189 185
190 17
190 71
190 57
191 40
191 111
191 58
192 41
192 58
192 137
193 23
193 156
193 100
194 0
194 40
194 130
195 81
195 22
195 145
196 32
196 72
196 130
197 16
197 65
197 90
198 128
198 114
198 165
199 20
199 17
199 18
200 18
200 42
200 49
201 137
201 189
201 131
202 102
202 199
202 155
203 42
203 16
203 193
204 66
204 31
204 164
205 183
205 58
205 28
206 46
206 49
206 16
207 1
207 154
207 43
208 199
208 42
208 9
209 189
209 42
209 71
210 32
210 19
210 108
211 2
211 46
211 99
212 210
212 59
212 95
213 33
213 42
213 207
214 12
214 176
214 178
215 38
215 26
215 112
216 16
216 63
216 8
217 65
217 5
217 6
218 1
218 160
218 102
219 27
219 76
219 29
220 98
220 162
220 130
221 17
221 113
221 46
222 203
222 112
222 44
223 18
223 77
223 51
224 45
224 0
224 51
225 201
225 154
225 127
226 76
226 214
226 156
227 80
227 31
227 119
228 182
228 18
228 37
229 52
229 14
229 30
230 26
230 114
230 42
231 55
231 15
231 80
232 51
232 214
232 1
233 12
233 51
233 13
234 221
234 177
234 184
235 18
235 32
235 197
236 190
236 39
236 119
237 168
237 32
237 85
238 1
238 7
238 29
239 36
239 227
239 6
240 46
240 216
240 160
241 37
241 17
241 52
242 1
242 42
242 4
243 28
243 61
243 207
244 151
244 9
244 155
245 156
245 189
245 169
246 24
246 243
246 163
247 120
247 180
247 0
248 6
248 0
248 18
249 240
249 67
249 5
250 24
250 137
250 28
251 2
251 171
251 190
252 58
252 0
252 17
253 154
253 211
253 238
254 126
254 155
254 8
255 184
255 121
255 131
256 2
256 216
256 243
257 219
257 39
257 132
258 16
258 257
258 24
259 239
259 70
259 206
260 190
260 235
260 36
261 148
261 77
261 5
262 0
262 76
262 43
263 157
263 1
263 80
264 237
264 233
264 69
265 8
265 38
265 2
266 15
266 95
266 169
267 62
267 58
267 214
268 41
268 32
268 199
269 169
269 49
269 179
270 8
270 51
270 189
271 52
271 27
271 149
272 247
272 183
272 181
273 262
273 59
273 159
274 31
274 231
274 60
275 142
275 244
275 19
276 223
276 182
276 139
277 100
277 230
277 189
278 154
278 109
278 126
279 27
279 24
279 74
280 230
280 69
280 37
281 13
281 14
281 4
282 177
282 7
282 2
283 69
283 61
283 42
284 199
284 4
284 39
285 28
285 199
285 22
286 61
286 255
286 69
287 31
287 165
287 160
288 52
288 90
288 14
289 41
289 76
289 144
290 194
290 75
290 277
291 125
291 94
291 81
292 0
292 126
292 42
293 147
293 142
293 2
294 3
294 22
294 37
295 52
295 8
295 33
296 16
296 199
296 13
297 0
297 58
297 100
298 15
298 197
298 27
299 257
299 61
299 1
300 6
300 108
300 37
301 163
301 31
301 195
302 38
302 199
302 120
303 156
303 56
303 7
304 3
304 24
304 72
305 142
305 62
305 27
306 32
306 4
306 297
307 62
307 24
307 76
308 73
308 135
308 92
309 77
309 190
309 16
310 277
310 279
310 130
311 46
311 286
311 175
312 71
312 0
312 58
313 189
313 139
313 142
314 130
314 99
314 247
315 3
315 153
315 254
316 9
316 1
316 74
317 77
317 221
317 20
318 189
318 83
318 280
319 29
319 0
319 2
320 1
320 23
320 37
321 161
321 41
321 8
322 108
322 264
322 216
323 117
323 0
323 6
324 99
324 276
324 172
325 25
325 252
325 198
326 278
326 288
326 48
327 33
327 13
327 177
328 41
328 27
328 156
329 26
329 240
329 61
330 313
330 2
330 222
331 254
331 3
331 94
332 8
332 2
332 37
333 300
333 240
333 178
334 316
334 249
334 6
335 80
335 82
335 69
336 187
336 7
336 183
337 82
337 222
337 34
338 283
338 61
338 2
339 32
339 132
339 30
340 67
340 118
340 99
341 63
341 41
341 18
342 86
342 292
342 168
343 68
343 8
343 29
344 148
344 23
344 0
345 189
345 240
345 131
346 4
346 23
346 26
347 35
347 151
347 3
348 0
348 158
348 77
349 136
349 77
349 41
350 0
350 16
350 219
351 24
351 125
351 233
352 83
352 140
352 119
353 0
353 20
353 76
354 58
354 302
354 3
355 8
355 79
355 164
356 107
356 168
356 4
357 23
357 2
357 66
358 126
358 180
358 104
359 265
359 276
359 0
360 17
360 8
360 232
361 183
361 17
361 13
362 233
362 30
362 215
363 165
363 49
363 126
364 90
364 3
364 122
365 40
365 233
365 0
366 327
366 12
366 261
367 259
367 1
367 4
368 282
368 170
368 69
369 298
369 159
369 223
370 37
370 66
370 164
371 254
371 278
371 267
372 77
372 127
372 7
373 4
373 332
373 63
374 286
374 31
374 18
375 26
375 65
375 25
376 23
376 78
376 29
377 244
377 270
377 0
378 19
378 309
378 356
379 72
379 59
379 370
380 58
380 15
380 85
381 150
381 80
381 359
382 340
382 62
382 134
383 27
383 191
383 126
384 80
384 36
384 304
385 167
385 226
385 128
386 49
386 1
386 55
387 133
387 102
387 373
388 22
388 64
388 48
389 178
389 60
389 2
390 372
390 219
390 4
391 17
391 123
391 85
392 303
392 189
392 14
393 282
393 14
393 38
394 209
394 294
394 346
395 35
395 108
395 3
396 175
396 68
396 239
397 22
397 123
397 197
398 4
398 291
398 5
399 32
399 52
399 352
400 361
400 8
400 5
401 278
401 280
401 35
402 347
402 223
402 58
403 32
403 179
403 374
404 35
404 167
404 208
405 42
405 317
405 175
406 379
406 276
406 37
407 3
407 49
407 42
408 17
408 16
408 163
409 28
409 285
409 298
410 3
410 110
410 42
411 20
411 121
411 61
412 159
412 180
412 86
413 44
413 0
413 177
414 398
414 224
414 390
415 11
415 3
415 293
416 155
416 78
416 156
417 4
417 11
417 167
418 263
418 2
418 416
419 395
419 338
419 76
420 7
420 49
420 107
421 268
421 255
421 346
422 159
422 154
422 271
423 29
423 64
423 126
424 169
424 138
424 32
425 37
425 86
425 1
426 118
426 122
426 219
427 52
427 17
427 29
428 131
428 77
428 164
429 82
429 1
429 120
430 172
430 11
430 110
431 67
431 138
431 112
432 170
432 257
432 361
433 118
433 20
433 134
434 29
434 78
434 380
435 61
435 308
435 265
436 24
436 121
436 0
437 49
437 435
437 59
438 17
438 234
438 309
439 51
439 4
439 48
440 46
440 33
440 216
441 134
441 212
441 255
442 197
442 34
442 293
443 408
443 69
443 201
444 217
444 315
444 197
445 387
445 263
445 304
446 0
446 121
446 180
447 172
447 126
447 6
448 107
448 172
448 68
449 7
449 87
449 370
450 23
450 184
450 309
451 9
451 0
451 32
452 126
452 345
452 3
453 93
453 52
453 37
454 171
454 5
454 438
455 99
455 415
455 338
456 431
456 52
456 299
457 170
457 269
457 267
458 427
458 146
458 408
459 6
459 7
459 215
460 208
460 37
460 23
461 39
461 0
461 299
462 87
462 323
462 280
463 44
463 76
463 274
464 69
464 189
464 50
465 160
465 119
465 219
466 8
466 216
466 101
467 9
467 18
467 8
468 83
468 201
468 46
469 8
469 99
469 39
470 67
470 19
470 378
471 52
471 2
471 69
472 5
472 357
472 59
473 17
473 130
473 119
474 80
474 220
474 450
475 276
475 77
475 52
476 25
476 52
476 218
477 53
477 9
477 60
478 443
478 371
478 99
479 153
479 155
479 84
480 77
480 302
480 105
481 18
481 58
481 120
482 366
482 32
482 219
483 156
483 282
483 72
484 77
484 58
484 65
485 8
485 107
485 66
486 330
486 414
486 387
487 37
487 169
487 199
488 253
488 51
488 397
489 164
489 75
489 206
490 46
490 127
490 455
491 201
491 414
491 61
492 336
492 61
492 73
493 27
493 90
493 6
494 423
494 1
494 212
495 32
495 348
495 36
496 21
496 2
496 169
497 8
497 425
497 51
498 65
498 69
498 227
499 351
499 6
499 481
