0 1
0 2
0 3
0 4
0 5
0 8
0 11
1 0
1 2
1 3
1 4
1 6
1 11
1 15
2 0
2 1
2 3
2 5
2 6
2 7
2 10
3 1
3 2
3 0
3 4
3 6
3 7
3 8
4 0
4 1
4 3
4 5
4 9
4 17
4 23
5 2
5 0
5 4
5 11
5 13
5 21
5 24
6 3
6 2
6 1
6 7
6 8
6 9
6 10
7 2
7 3
7 6
7 18
7 23
7 25
7 29
8 6
8 3
8 0
8 14
8 15
8 30
8 34
9 4
9 6
9 3
9 10
9 42
9 83
9 119
10 9
10 2
10 6
10 17
10 18
10 19
10 29
11 0
11 5
11 1
11 12
11 14
11 26
11 27
12 6
12 0
12 11
12 16
12 45
12 60
12 63
13 3
13 2
13 5
13 30
13 52
13 54
13 75
14 11
14 0
14 8
14 25
14 52
14 131
14 176
15 6
15 8
15 1
15 28
15 31
15 39
15 79
16 2
16 12
16 6
16 32
16 36
16 61
16 70
17 4
17 10
17 6
17 21
17 92
17 151
17 179
18 10
18 7
18 6
18 19
18 24
18 31
18 38
19 6
19 10
19 18
19 20
19 32
19 43
19 47
20 1
20 2
20 19
20 24
20 59
20 66
20 73
21 1
21 5
21 17
21 27
21 47
21 62
21 71
22 2
22 6
22 0
22 34
22 35
22 74
22 138
23 4
23 7
23 0
23 59
23 96
23 109
23 113
24 5
24 18
24 20
24 67
24 98
24 164
24 195
25 7
25 2
25 14
25 26
25 35
25 39
25 52
26 25
26 0
26 11
26 27
26 32
26 37
26 46
27 21
27 11
27 26
27 84
27 107
27 154
28 3
28 0
28 15
28 141
28 182
29 10
29 7
29 3
29 80
29 87
29 143
29 172
30 0
30 8
30 13
30 63
30 384
30 458
31 7
31 15
31 18
31 40
31 44
31 53
31 62
32 19
32 16
32 26
32 33
32 48
32 188
32 203
33 32
33 7
33 6
33 39
33 41
33 44
33 63
34 8
34 2
34 22
34 37
34 50
34 57
34 60
35 25
35 1
35 22
35 48
35 56
35 57
35 79
36 2
36 16
36 10
36 162
36 221
36 304
36 340
37 34
37 11
37 26
37 262
38 18
38 1
38 4
38 40
38 41
38 46
38 91
39 25
39 15
39 33
39 46
39 53
39 74
39 237
40 18
40 31
40 38
40 57
40 137
40 166
40 186
41 33
41 4
41 38
41 108
41 121
41 132
41 139
42 8
42 9
42 10
42 65
42 133
42 141
42 225
43 7
43 19
43 2
43 210
44 3
44 31
44 33
44 60
44 106
44 180
44 246
45 7
45 18
45 12
45 72
45 73
45 87
45 90
46 26
46 38
46 39
46 58
46 71
46 75
46 116
47 19
47 21
47 7
47 51
47 53
47 65
47 70
48 35
48 32
48 7
48 56
48 59
48 74
48 78
49 7
49 26
49 0
49 67
49 80
49 149
49 214
50 34
50 4
50 5
50 51
50 91
50 116
50 117
51 7
51 47
51 50
51 76
51 112
51 113
51 222
52 13
52 25
52 14
52 131
52 135
52 170
52 449
53 39
53 31
53 47
53 54
53 69
53 118
53 178
54 53
54 10
54 13
54 68
54 80
54 213
54 228
55 5
55 4
55 18
55 77
56 35
56 18
56 48
56 110
56 158
56 190
56 192
57 34
57 40
57 35
57 82
57 90
57 174
57 175
58 1
58 3
58 46
58 202
58 255
58 494
59 23
59 48
59 20
59 64
59 76
59 135
59 347
60 12
60 34
60 44
60 81
60 111
60 168
60 175
61 25
61 19
61 16
61 72
61 116
61 147
61 245
62 7
62 31
62 21
62 103
62 376
63 33
63 30
63 12
63 113
63 122
63 170
63 197
64 59
64 33
64 11
64 76
64 84
64 89
64 94
65 42
65 47
65 33
65 93
65 171
65 183
65 432
66 20
66 0
66 7
66 196
66 287
67 24
67 0
67 49
67 73
67 99
67 106
67 149
68 54
68 7
68 19
68 167
68 230
68 245
68 337
69 33
69 53
69 3
69 85
69 98
69 102
69 112
70 4
70 16
70 47
70 96
70 136
70 137
70 150
71 25
71 46
71 21
71 132
71 149
71 152
71 161
72 45
72 11
72 61
72 77
72 122
72 138
72 142
73 45
73 20
73 67
73 301
73 406
74 22
74 39
74 48
74 123
74 182
74 219
74 224
75 46
75 13
75 6
75 97
75 105
75 140
75 191
76 51
76 59
76 64
77 55
77 72
77 16
77 162
77 182
77 222
77 283
78 5
78 21
78 48
78 99
78 134
78 153
78 203
79 35
79 15
79 16
79 111
79 297
79 337
79 434
80 29
80 54
80 49
80 271
80 306
80 449
80 479
81 60
81 6
81 34
81 83
81 94
81 107
81 123
82 48
82 18
82 57
82 126
82 146
82 199
82 232
83 81
83 3
83 9
83 84
83 139
83 240
84 83
84 64
84 27
84 93
84 94
84 222
84 361
85 69
85 1
85 33
85 122
85 251
85 308
85 355
86 10
86 26
86 6
86 148
86 258
86 347
86 377
87 45
87 15
87 29
87 264
87 333
88 31
88 18
88 11
88 102
88 109
88 115
88 134
89 64
89 7
89 25
89 101
89 114
89 137
89 239
90 45
90 57
90 4
90 112
90 127
90 133
90 166
91 38
91 50
91 15
91 212
91 232
91 413
91 464
92 18
92 35
92 17
92 95
92 100
92 143
92 145
93 65
93 48
93 84
93 474
94 81
94 84
94 64
94 105
94 123
94 224
94 257
95 33
95 92
95 13
96 23
96 70
96 31
96 201
96 218
96 324
96 462
97 7
97 75
97 33
97 101
97 119
97 237
97 306
98 4
98 69
98 24
98 136
98 332
99 78
99 67
99 26
99 114
99 184
100 0
100 25
100 92
100 226
100 456
101 31
101 89
101 97
101 115
101 220
101 223
101 338
102 88
102 6
102 69
102 107
102 150
102 200
102 333
103 10
103 62
103 13
103 302
103 305
104 0
104 12
104 5
104 189
104 275
104 321
104 458
105 75
105 8
105 94
106 44
106 67
106 21
106 197
106 218
106 328
106 467
107 81
107 102
107 27
107 125
107 130
107 272
108 13
108 41
108 64
108 128
108 342
109 88
109 10
109 23
109 233
109 293
109 383
110 6
110 56
110 0
110 159
110 285
110 288
110 304
111 79
111 60
111 25
112 51
112 69
112 90
112 195
112 237
112 305
112 350
113 51
113 23
113 63
113 152
113 235
113 440
114 99
114 89
114 47
114 124
114 165
114 201
114 249
115 5
115 101
115 88
115 161
115 181
115 229
115 367
116 50
116 61
116 46
116 254
116 326
116 331
117 38
117 4
117 50
117 132
117 166
117 215
117 218
118 53
118 7
118 6
118 136
118 415
119 97
119 9
119 38
119 365
120 15
120 69
120 3
120 130
120 174
120 184
120 223
121 47
121 4
121 41
121 160
121 201
121 315
121 437
122 85
122 72
122 63
122 128
122 240
122 351
122 375
123 94
123 74
123 81
123 142
123 209
123 358
124 114
124 11
124 34
124 186
124 244
124 250
125 107
125 1
125 35
126 82
126 1
126 6
126 213
126 216
126 488
127 1
127 33
127 90
128 108
128 122
128 1
128 158
128 256
128 283
128 301
129 34
129 3
129 19
129 154
130 47
130 107
130 120
130 148
130 190
130 279
130 352
131 52
131 14
131 31
131 146
131 180
131 184
131 227
132 71
132 41
132 117
132 327
133 42
133 90
133 13
133 155
133 172
133 217
133 268
134 78
134 18
134 88
134 157
134 199
134 402
134 446
135 26
135 52
135 59
135 208
135 247
135 251
135 295
136 98
136 118
136 70
136 169
136 212
136 347
136 428
137 70
137 89
137 40
137 165
137 215
137 296
137 311
138 72
138 6
138 22
138 160
138 298
138 323
138 327
139 47
139 83
139 41
139 153
139 157
139 178
139 244
140 25
140 47
140 75
141 28
141 48
141 42
141 161
141 189
141 230
141 290
142 123
142 72
142 38
142 145
142 175
142 211
142 330
143 92
143 33
143 29
143 338
144 11
144 38
144 22
145 142
145 92
145 2
145 163
145 217
145 277
145 316
146 131
146 82
146 18
146 288
146 382
146 403
146 459
147 3
147 0
147 61
148 86
148 46
148 130
148 174
148 260
148 360
148 432
149 49
149 71
149 67
149 187
149 317
149 361
150 70
150 6
150 102
150 188
150 231
150 238
150 419
151 17
151 47
151 6
151 177
151 183
151 427
152 113
152 11
152 71
152 388
153 5
153 78
153 139
153 188
153 193
153 481
153 488
154 48
154 27
154 129
155 133
155 67
155 34
155 272
156 19
156 48
156 72
156 220
156 313
156 386
156 397
157 139
157 134
157 23
157 180
157 285
158 128
158 56
158 34
158 168
158 216
159 19
159 3
159 110
160 138
160 46
160 121
160 247
160 324
160 329
160 349
161 71
161 141
161 115
161 453
161 499
162 77
162 20
162 36
163 6
163 145
163 25
163 207
163 253
163 258
163 296
164 24
164 0
164 4
164 426
165 114
165 67
165 137
165 441
166 117
166 40
166 90
167 46
167 68
167 35
167 176
167 206
167 233
167 316
168 69
168 60
168 158
168 227
168 259
168 289
168 491
169 90
169 25
169 136
169 274
170 63
170 21
170 52
170 250
170 370
171 65
171 10
171 50
171 487
172 3
172 29
172 133
172 269
172 368
173 2
173 6
173 3
173 246
173 475
174 57
174 120
174 148
174 293
174 404
175 57
175 142
175 60
175 241
175 261
175 348
175 395
176 35
176 14
176 167
176 408
176 422
176 486
177 64
177 151
177 34
177 211
178 139
178 34
178 53
179 17
179 48
179 8
179 461
179 468
180 157
180 44
180 131
180 410
180 497
181 115
181 71
181 6
181 353
181 396
182 28
182 77
182 74
182 206
182 211
182 280
182 310
183 57
183 65
183 151
183 259
183 287
183 436
183 488
184 99
184 131
184 120
185 47
185 3
185 69
185 269
185 359
186 124
186 16
186 40
187 20
187 3
187 149
188 153
188 150
188 32
189 104
189 34
189 141
189 405
190 18
190 130
190 56
190 236
190 286
190 292
190 399
191 64
191 34
191 75
191 249
191 266
191 370
192 56
192 4
192 12
192 236
192 362
193 153
193 20
193 5
193 280
193 326
193 463
193 498
194 38
194 8
194 15
194 312
195 24
195 0
195 112
195 208
195 366
196 20
196 66
196 15
196 380
197 63
197 106
197 4
198 1
198 75
198 63
198 419
198 495
199 134
199 82
199 17
199 223
199 391
200 102
200 34
200 14
200 234
201 121
201 96
201 114
201 290
202 71
202 58
202 60
202 267
202 273
202 301
203 32
203 78
203 88
203 284
203 333
204 19
204 22
204 1
204 221
205 0
205 53
205 41
205 231
205 273
205 274
205 406
206 182
206 167
206 63
206 242
206 275
206 383
206 442
207 34
207 163
207 48
208 195
208 47
208 135
208 309
209 78
209 70
209 123
210 88
210 43
210 90
210 213
211 177
211 182
211 142
212 136
212 57
212 91
212 314
212 319
212 378
212 386
213 54
213 126
213 210
213 265
213 368
214 31
214 5
214 49
214 392
214 490
215 137
215 117
215 2
215 315
216 6
216 126
216 158
217 133
217 145
217 46
217 300
218 117
218 96
218 106
218 242
218 251
218 300
219 46
219 67
219 74
219 404
220 156
220 23
220 101
220 331
220 356
220 411
221 204
221 36
221 78
221 267
221 329
221 469
222 84
222 51
222 77
222 291
222 362
222 454
222 466
223 199
223 120
223 101
223 363
224 74
224 94
224 71
224 285
224 318
225 42
225 72
225 10
225 253
225 348
225 429
226 100
226 25
226 1
227 131
227 168
227 45
227 228
228 23
228 54
228 227
228 348
228 425
229 88
229 115
229 1
230 68
230 41
230 141
231 205
231 16
231 150
231 238
231 260
231 459
231 496
232 82
232 11
232 91
232 321
232 332
232 399
233 109
233 167
233 5
234 200
234 20
234 19
234 326
235 113
235 74
235 18
236 192
236 190
236 51
236 336
237 97
237 39
237 112
237 356
238 231
238 0
238 150
239 89
239 1
239 39
239 483
239 494
240 83
240 32
240 122
240 485
241 25
241 7
241 175
242 218
242 206
242 92
242 327
243 57
243 18
243 63
243 379
243 494
244 71
244 124
244 139
244 300
244 446
245 61
245 68
245 54
245 281
245 317
245 418
246 60
246 44
246 173
246 247
246 282
246 307
246 458
247 246
247 135
247 160
247 278
247 307
247 388
247 434
248 74
248 44
248 54
249 114
249 191
249 29
249 414
250 5
250 124
250 170
250 261
251 135
251 218
251 85
251 254
251 375
251 392
251 400
252 9
252 81
252 51
252 372
253 225
253 163
253 90
253 255
253 435
254 53
254 251
254 116
254 257
254 350
254 463
255 253
255 60
255 58
256 128
256 2
256 131
256 289
256 292
256 446
256 489
257 34
257 254
257 94
257 409
258 24
258 86
258 163
258 354
259 12
259 168
259 183
259 438
260 231
260 61
260 148
260 424
261 48
261 175
261 250
261 295
261 341
261 345
262 21
262 37
262 63
263 74
263 131
263 88
263 281
263 409
264 87
264 22
264 7
264 303
264 370
264 383
265 47
265 213
265 21
265 279
265 335
265 357
266 8
266 191
266 4
266 430
267 6
267 202
267 221
267 323
268 20
268 5
268 133
269 172
269 185
269 11
269 389
270 16
270 74
270 7
270 475
271 80
271 5
271 0
271 401
271 442
272 107
272 12
272 155
273 21
273 202
273 205
273 476
274 169
274 70
274 205
274 299
274 381
275 104
275 54
275 206
275 297
275 443
276 4
276 45
276 33
276 320
277 47
277 145
277 44
278 247
278 9
278 56
278 434
279 26
279 265
279 130
279 405
280 193
280 182
280 15
280 400
280 443
281 245
281 263
281 82
281 363
282 18
282 35
282 246
283 33
283 128
283 77
283 342
283 428
283 479
284 11
284 6
284 203
284 416
285 157
285 110
285 224
286 49
286 117
286 190
287 66
287 131
287 183
287 325
287 332
288 110
288 50
288 146
288 350
289 24
289 256
289 168
289 455
290 141
290 44
290 201
290 294
290 315
290 328
290 359
291 19
291 222
291 24
291 338
291 429
292 117
292 190
292 256
293 109
293 26
293 174
294 69
294 290
294 57
295 135
295 261
295 1
295 359
296 16
296 163
296 137
297 79
297 4
297 275
298 78
298 64
298 138
298 364
299 9
299 274
299 133
300 217
300 218
300 244
301 202
301 128
301 73
301 305
301 330
302 0
302 71
302 103
303 264
303 139
303 71
303 468
304 17
304 36
304 110
305 103
305 301
305 112
306 80
306 13
306 97
306 390
306 402
306 430
306 448
307 25
307 247
307 246
307 386
308 88
308 33
308 85
308 473
309 20
309 71
309 208
309 311
310 41
310 182
310 88
310 352
310 395
310 480
311 137
311 31
311 309
311 412
311 478
312 7
312 194
312 3
313 156
313 141
313 6
313 345
313 362
314 212
314 182
314 7
315 290
315 215
315 121
316 33
316 145
316 167
316 349
316 387
317 245
317 149
317 4
317 433
318 82
318 224
318 22
318 421
319 212
319 16
319 88
320 46
320 57
320 276
320 411
320 461
321 104
321 48
321 232
321 408
322 51
322 0
322 117
323 267
323 138
323 41
323 431
324 96
324 34
324 160
325 287
325 15
325 67
325 330
325 335
325 355
326 116
326 234
326 193
326 426
326 442
327 138
327 132
327 242
328 106
328 290
328 29
328 353
329 221
329 74
329 160
329 339
329 404
330 301
330 325
330 142
330 391
330 407
331 220
331 116
331 131
331 360
332 232
332 98
332 287
333 102
333 203
333 87
333 431
334 10
334 31
334 6
334 410
335 4
335 265
335 325
336 236
336 33
336 4
337 79
337 88
337 68
338 143
338 291
338 101
338 418
338 424
338 456
338 484
339 329
339 13
339 61
339 373
340 133
340 36
340 21
341 29
341 261
341 9
341 358
342 283
342 108
342 26
342 376
342 417
343 47
343 2
343 53
344 47
344 133
344 131
344 412
345 313
345 261
345 3
345 400
346 81
346 44
346 11
347 136
347 59
347 86
348 225
348 175
348 228
348 491
349 316
349 160
349 34
350 254
350 288
350 112
350 371
351 39
351 71
351 122
351 378
351 483
352 310
352 32
352 130
352 395
353 181
353 328
353 5
353 378
353 451
354 71
354 11
354 258
355 85
355 325
355 15
355 372
356 220
356 128
356 237
356 444
356 493
357 10
357 8
357 265
358 123
358 64
358 341
358 364
358 423
359 295
359 185
359 290
360 148
360 331
360 12
361 149
361 68
361 84
361 477
362 192
362 313
362 222
363 281
363 223
363 128
363 416
363 470
364 24
364 298
364 358
365 1
365 119
365 4
365 374
366 195
366 3
366 69
366 420
367 3
367 20
367 115
368 213
368 16
368 172
369 117
369 290
369 44
369 449
369 473
370 191
370 264
370 170
370 394
370 441
370 481
370 496
371 350
371 25
371 17
371 422
371 469
372 252
372 3
372 355
373 160
373 339
373 59
373 472
374 142
374 53
374 365
375 160
375 122
375 251
376 342
376 8
376 62
377 12
377 90
377 86
377 479
378 351
378 212
378 353
378 421
378 431
379 243
379 69
379 11
380 196
380 141
380 63
381 33
381 274
381 57
381 447
382 141
382 11
382 146
383 264
383 206
383 109
383 433
383 478
384 133
384 30
384 2
385 20
385 19
385 6
386 156
386 307
386 212
387 316
387 88
387 51
387 472
388 247
388 152
388 138
389 269
389 114
389 1
390 4
390 306
390 110
390 415
390 436
391 1
391 330
391 199
392 214
392 35
392 251
392 460
393 78
393 122
393 84
393 460
394 31
394 370
394 18
395 175
395 352
395 310
396 7
396 39
396 181
397 128
397 90
397 156
397 462
398 290
398 160
398 4
399 78
399 190
399 232
399 483
400 251
400 280
400 345
401 271
401 49
401 117
401 423
402 306
402 2
402 134
403 15
403 146
403 0
404 219
404 174
404 329
404 429
404 445
405 279
405 189
405 78
406 120
406 205
406 73
407 330
407 5
407 156
408 321
408 115
408 176
409 257
409 71
409 263
409 445
410 156
410 180
410 334
411 320
411 94
411 220
411 424
412 311
412 7
412 344
412 417
413 34
413 139
413 91
413 420
413 437
414 71
414 68
414 249
415 0
415 390
415 118
416 94
416 363
416 284
417 412
417 342
417 182
417 448
418 4
418 245
418 338
419 198
419 150
419 117
420 5
420 366
420 413
420 499
421 318
421 378
421 2
421 454
422 176
422 117
422 371
422 464
422 484
423 358
423 110
423 401
424 411
424 260
424 338
425 1
425 29
425 228
426 9
426 326
426 164
426 499
427 151
427 64
427 82
428 283
428 34
428 136
428 456
429 291
429 225
429 404
430 266
430 47
430 306
431 323
431 333
431 378
431 433
431 452
432 3
432 65
432 148
433 431
433 317
433 383
433 470
434 278
434 79
434 247
434 487
435 253
435 112
435 6
436 390
436 81
436 183
437 41
437 413
437 121
437 490
438 101
438 114
438 259
439 82
439 46
439 69
440 113
440 1
440 64
440 478
441 41
441 165
441 370
442 326
442 271
442 206
443 18
443 280
443 275
444 63
444 46
444 356
445 404
445 6
445 409
445 450
445 497
446 134
446 244
446 256
447 182
447 381
447 81
448 101
448 306
448 417
449 369
449 80
449 52
450 445
450 71
450 110
451 56
451 163
451 353
452 67
452 79
452 431
452 477
453 33
453 161
453 148
454 421
454 222
454 1
455 289
455 5
455 7
455 477
456 100
456 428
456 338
457 41
457 92
457 190
458 246
458 30
458 104
458 466
458 487
459 231
459 131
459 146
460 393
460 74
460 392
461 51
461 320
461 179
462 96
462 397
462 71
463 193
463 254
463 182
464 422
464 89
464 91
465 60
465 0
465 79
466 458
466 190
466 222
466 489
467 17
467 106
467 114
467 472
468 303
468 128
468 179
469 221
469 371
469 69
470 222
470 433
470 363
471 41
471 101
471 32
472 467
472 373
472 387
473 167
473 308
473 369
474 93
474 53
474 0
475 173
475 9
475 270
476 273
476 89
476 1
477 361
477 452
477 455
478 311
478 440
478 383
479 80
479 377
479 283
480 167
480 106
480 310
481 5
481 370
481 153
482 142
482 102
482 57
483 239
483 399
483 351
483 495
484 72
484 338
484 422
485 14
485 246
485 240
486 33
486 176
486 77
487 171
487 458
487 434
488 183
488 126
488 153
489 256
489 106
489 466
489 493
490 437
490 214
490 13
491 348
491 168
491 78
492 50
492 51
492 18
493 356
493 489
493 12
494 58
494 243
494 239
495 198
495 3
495 483
496 112
496 370
496 231
497 47
497 445
497 180
498 146
498 22
498 193
499 426
499 420
499 161
