0 1
1 0
2 1
2 0
3 1
3 2
3 0
4 1
4 0
4 2
5 1
5 0
5 2
6 0
6 1
6 3
7 2
7 0
7 1
8 1
8 2
8 0
9 2
9 1
9 3
10 0
10 1
10 2
11 3
11 1
11 0
12 11
12 0
12 4
13 4
13 0
13 7
14 4
14 11
14 2
15 0
15 2
15 6
16 7
16 1
16 13
17 12
17 0
17 1
18 7
18 10
18 4
19 1
19 7
19 2
20 11
20 18
20 17
21 10
21 4
21 0
22 4
22 20
22 9
23 4
23 14
23 3
24 3
24 0
24 10
25 16
25 20
25 3
26 9
26 1
26 2
27 21
27 0
27 3
28 1
28 7
28 9
29 0
29 28
29 7
30 24
30 25
30 2
31 15
31 3
31 11
32 1
32 17
32 25
33 1
33 19
33 18
34 1
34 0
34 3
35 31
35 32
35 24
36 29
36 9
36 1
37 0
37 6
37 9
38 1
38 0
38 3
39 2
39 32
39 13
40 0
40 28
40 17
41 17
41 30
41 40
42 3
42 4
42 5
43 18
43 20
43 8
44 2
44 34
44 0
45 37
45 4
45 0
46 10
46 2
46 17
47 0
47 37
47 24
48 0
48 31
48 37
49 1
49 13
49 33
