0 1
0 2
0 3
1 0
1 2
1 3
2 0
2 1
2 3
3 1
3 2
3 0
4 0
4 1
4 3
5 3
5 0
5 1
6 1
6 3
6 4
7 4
7 2
7 0
8 6
8 1
8 2
9 2
9 8
9 0
10 8
10 1
10 9
11 2
11 6
11 8
12 0
12 4
12 2
13 0
13 9
13 4
14 2
14 4
14 0
15 4
15 5
15 3
16 0
16 2
16 1
17 9
17 10
17 0
18 3
18 8
18 1
19 3
19 17
19 5
20 1
20 6
20 19
21 7
21 0
21 16
22 1
22 19
22 0
23 0
23 7
23 1
24 2
24 0
24 15
25 9
25 14
25 1
26 8
26 9
26 21
27 0
27 2
27 11
28 24
28 19
28 23
29 1
29 3
29 24
30 14
30 21
30 4
31 8
31 22
31 0
32 0
32 17
32 27
33 4
33 1
33 11
34 3
34 19
34 9
35 12
35 3
35 4
36 23
36 1
36 21
37 2
37 16
37 9
38 17
38 8
38 11
39 22
39 4
39 3
40 25
40 0
40 14
41 6
41 3
41 0
42 40
42 27
42 1
43 41
43 2
43 4
44 41
44 7
44 9
45 21
45 31
45 44
46 4
46 1
46 2
47 21
47 3
47 10
48 46
48 7
48 40
49 7
49 12
49 8
50 4
50 23
50 34
51 38
51 44
51 0
52 24
52 6
52 27
53 9
53 36
53 15
54 10
54 22
54 0
55 20
55 9
55 36
56 17
56 10
56 24
57 23
57 0
57 48
58 1
58 0
58 27
59 1
59 27
59 44
60 7
60 4
60 59
61 3
61 25
61 27
62 18
62 27
62 15
63 8
63 21
63 53
64 21
64 30
64 37
65 46
65 0
65 47
66 33
66 0
66 46
67 62
67 44
67 4
68 30
68 4
68 20
69 2
69 8
69 44
70 3
70 66
70 4
71 4
71 29
71 2
72 30
72 48
72 9
73 50
73 68
73 27
74 35
74 49
74 10
75 48
75 6
75 2
76 59
76 52
76 68
77 4
77 1
77 36
78 45
78 67
78 3
79 63
79 51
79 54
80 2
80 4
80 63
81 29
81 0
81 28
82 0
82 73
82 27
83 19
83 32
83 30
84 15
84 1
84 68
85 68
85 10
85 65
86 61
86 27
86 26
87 0
87 2
87 51
88 57
88 59
88 16
89 24
89 1
89 73
90 66
90 68
90 2
91 69
91 59
91 5
92 21
92 32
92 58
93 15
93 47
93 0
94 79
94 16
94 5
95 14
95 55
95 64
96 22
96 32
96 68
97 65
97 86
97 92
98 28
98 1
98 52
99 83
99 59
99 26
