0 1
0 2
0 3
0 4
0 5
1 0
1 2
1 3
1 4
1 5
2 0
2 1
2 3
2 5
2 7
3 0
3 2
3 1
3 4
3 6
4 3
4 0
4 1
4 9
4 13
5 2
5 1
5 0
5 6
5 7
6 1
6 3
6 5
6 9
6 11
7 1
7 2
7 5
7 8
7 9
8 7
8 2
8 0
8 13
8 14
9 4
9 6
9 7
9 10
9 11
10 1
10 2
10 9
10 11
10 14
11 9
11 10
11 6
11 19
11 25
12 2
12 0
12 3
12 112
12 128
13 4
13 6
13 8
13 26
13 59
14 10
14 0
14 8
14 33
14 51
15 4
15 0
15 1
15 16
15 39
16 8
16 2
16 15
16 24
16 27
17 5
17 2
17 8
17 20
17 30
18 5
18 7
18 3
18 73
18 74
19 11
19 5
19 2
19 44
19 69
20 0
20 17
20 8
20 21
20 23
21 20
21 5
21 2
21 50
21 103
22 3
22 5
22 9
22 34
22 35
23 20
23 7
23 1
23 36
23 60
24 9
24 20
24 16
24 93
24 258
25 8
25 11
25 5
25 31
25 100
26 8
26 13
26 9
26 48
26 66
27 16
27 8
27 4
27 29
27 30
28 9
28 1
28 4
28 42
28 43
29 27
29 3
29 1
29 40
29 76
30 0
30 17
30 27
30 45
30 48
31 0
31 25
31 10
31 32
31 79
32 1
32 0
32 31
32 36
32 46
33 5
33 0
33 14
33 42
33 46
34 9
34 7
34 22
34 101
34 164
35 6
35 9
35 22
35 92
35 94
36 23
36 0
36 32
36 38
36 139
37 5
37 0
37 2
37 38
37 68
38 16
38 37
38 36
38 40
38 47
39 15
39 20
39 9
39 47
39 63
40 29
40 38
40 5
40 43
40 129
41 16
41 1
41 0
41 51
41 64
42 33
42 5
42 28
42 44
42 57
43 11
43 40
43 28
43 246
43 473
44 19
44 42
44 0
44 67
44 75
45 30
45 17
45 9
45 63
45 71
46 33
46 4
46 32
46 70
46 82
47 39
47 7
47 38
47 104
47 131
48 27
48 26
48 30
48 136
48 244
49 9
49 0
49 8
49 68
49 81
50 32
50 20
50 21
50 191
50 248
51 14
51 30
51 41
51 62
51 65
52 16
52 20
52 5
52 90
52 98
53 3
53 14
53 1
53 228
53 254
54 6
54 17
54 1
54 55
54 151
55 0
55 9
55 54
55 58
55 161
56 0
56 5
56 20
56 87
56 222
57 42
57 8
57 1
57 59
57 120
58 55
58 5
58 22
58 66
58 73
59 57
59 13
59 9
59 135
59 614
60 0
60 22
60 23
60 161
60 277
61 0
61 16
61 15
61 88
61 727
62 0
62 30
62 51
62 110
62 221
63 2
63 39
63 45
63 264
63 419
64 41
64 32
64 13
64 66
64 113
65 1
65 51
65 2
65 284
65 360
66 64
66 58
66 26
66 71
66 155
67 44
67 10
67 41
67 144
67 234
68 49
68 1
68 37
68 176
68 211
69 8
69 19
69 5
69 158
69 243
70 2
70 46
70 3
70 124
70 194
71 4
71 66
71 45
71 80
71 131
72 16
72 5
72 2
72 80
72 95
73 30
73 58
73 18
73 112
73 191
74 11
74 45
74 18
74 115
74 156
75 18
75 44
75 58
75 82
75 130
76 16
76 26
76 29
76 142
76 211
77 9
77 41
77 5
77 134
77 252
78 51
78 7
78 26
78 96
78 123
79 2
79 4
79 31
79 327
79 527
80 71
80 4
80 72
80 152
80 212
81 49
81 16
81 18
81 122
81 146
82 5
82 46
82 75
82 89
82 183
83 11
83 6
83 7
83 153
83 159
84 23
84 1
84 7
84 104
84 108
85 39
85 1
85 16
85 105
85 389
86 22
86 1
86 51
86 450
86 851
87 56
87 18
87 3
87 130
87 170
88 61
88 29
88 20
88 262
88 362
89 82
89 51
89 19
89 113
89 286
90 26
90 52
90 20
90 164
90 221
91 9
91 44
91 0
91 125
91 355
92 35
92 15
92 29
92 112
92 137
93 24
93 39
93 27
93 102
93 107
94 1
94 35
94 0
94 162
94 312
95 46
95 23
95 72
95 126
95 200
96 78
96 26
96 5
96 143
96 163
97 0
97 7
97 18
97 99
97 195
98 52
98 9
98 8
98 238
98 334
99 8
99 2
99 97
99 111
99 114
100 25
100 23
100 9
100 213
100 214
101 49
101 51
101 34
101 149
101 213
102 93
102 26
102 20
102 131
102 220
103 21
103 2
103 3
103 148
103 219
104 84
104 8
104 47
104 114
104 119
105 7
105 5
105 85
105 111
105 141
106 9
106 49
106 30
106 132
106 238
107 0
107 26
107 93
107 139
107 155
108 84
108 9
108 58
108 176
108 307
109 93
109 9
109 30
109 127
109 267
110 62
110 19
110 30
110 170
110 363
111 46
111 105
111 99
111 127
111 181
112 12
112 92
112 73
112 158
112 541
113 5
113 89
113 64
113 121
113 140
114 104
114 99
114 11
114 321
114 325
115 26
115 7
115 74
115 138
115 318
116 0
116 15
116 32
116 476
117 99
117 72
117 37
117 500
117 645
118 44
118 93
118 28
118 146
119 15
119 104
119 25
119 133
119 280
120 18
120 0
120 57
120 331
120 378
121 2
121 113
121 57
121 212
121 248
122 81
122 3
122 9
122 133
122 193
123 78
123 20
123 3
123 199
123 686
124 70
124 72
124 22
124 145
124 247
125 33
125 16
125 91
125 166
125 364
126 49
126 95
126 44
126 133
126 226
127 111
127 109
127 42
127 240
127 286
128 12
128 3
128 9
128 320
128 369
129 40
129 51
129 10
129 367
129 404
130 75
130 87
130 78
130 180
130 310
131 47
131 71
131 102
131 154
131 397
132 0
132 106
132 11
132 159
132 238
133 122
133 119
133 126
133 157
133 229
134 9
134 77
134 51
135 4
135 59
135 9
135 209
135 268
136 20
136 75
136 48
136 157
136 337
137 92
137 32
137 44
137 214
137 413
138 115
138 39
138 32
138 298
139 52
139 107
139 36
139 173
139 260
140 32
140 113
140 29
140 217
140 276
141 35
141 0
141 105
141 224
141 243
142 75
142 32
142 76
143 96
143 105
143 29
143 153
143 189
144 67
144 19
144 1
144 158
144 420
145 124
145 28
145 12
145 355
145 467
146 118
146 81
146 33
146 440
146 623
147 37
147 1
147 5
147 258
147 289
148 103
148 40
148 15
148 180
148 332
149 13
149 10
149 101
150 15
150 46
150 1
150 160
150 164
151 71
151 35
151 54
151 610
152 80
152 32
152 104
152 385
152 413
153 143
153 113
153 83
153 168
153 200
154 131
154 105
154 8
154 201
154 215
155 5
155 66
155 107
155 239
155 249
156 74
156 52
156 35
156 185
156 210
157 136
157 5
157 133
157 178
157 294
158 69
158 112
158 144
158 214
158 281
159 132
159 83
159 84
159 181
159 683
160 16
160 0
160 150
160 212
160 536
161 20
161 60
161 55
161 237
161 288
162 18
162 94
162 71
162 190
162 274
163 96
163 4
163 47
163 327
163 481
164 150
164 34
164 90
164 171
164 198
165 35
165 2
165 66
165 661
165 890
166 125
166 1
166 107
166 167
166 309
167 17
167 41
167 166
167 408
167 418
168 0
168 92
168 153
168 187
168 265
169 9
169 26
169 4
169 261
169 340
170 2
170 87
170 110
170 183
170 232
171 9
171 164
171 150
171 235
171 296
172 7
172 16
172 47
172 280
172 496
173 139
173 2
173 0
173 302
173 336
174 28
174 5
174 19
174 190
175 71
175 18
175 22
175 181
175 195
176 113
176 68
176 108
176 627
176 897
177 2
177 55
177 87
177 227
177 241
178 45
178 157
178 107
178 227
178 469
179 9
179 16
179 71
179 271
179 279
180 148
180 6
180 130
180 295
180 335
181 175
181 111
181 159
181 219
181 293
182 111
182 3
182 17
182 224
182 432
183 82
183 47
183 170
183 228
183 268
184 72
184 64
184 26
184 381
184 937
185 29
185 156
185 7
185 222
185 249
186 57
186 2
186 8
186 624
186 948
187 4
187 55
187 168
187 237
187 358
188 46
188 31
188 22
188 245
188 264
189 5
189 92
189 143
189 561
190 32
190 174
190 162
191 50
191 66
191 73
192 42
192 33
192 92
192 197
192 412
193 122
193 34
193 3
193 208
193 233
194 19
194 70
194 25
195 97
195 175
195 113
196 0
196 27
196 51
196 269
196 661
197 192
197 21
197 0
197 437
197 726
198 2
198 164
198 107
198 363
198 767
199 123
199 16
199 32
199 201
199 226
200 95
200 87
200 153
200 270
200 322
201 199
201 40
201 154
201 250
201 316
202 72
202 26
202 18
203 6
203 38
203 23
203 271
203 333
204 10
204 25
204 7
204 255
204 564
205 26
205 3
205 96
205 536
205 705
206 5
206 84
206 38
206 304
206 417
207 0
207 10
207 49
207 230
207 662
208 1
208 17
208 193
208 261
208 312
209 1
209 34
209 135
210 21
210 40
210 156
210 239
210 319
211 68
211 28
211 76
211 220
211 597
212 80
212 121
212 160
212 231
212 308
213 101
213 100
213 6
213 272
213 465
214 100
214 158
214 137
214 363
214 942
215 3
215 154
215 27
215 299
215 328
216 28
216 40
216 81
216 245
216 668
217 140
217 27
217 19
217 655
217 802
218 80
218 1
218 73
218 320
218 497
219 103
219 153
219 181
219 287
219 303
220 14
220 211
220 102
220 267
220 426
221 5
221 90
221 62
221 240
221 820
222 56
222 51
222 185
222 317
222 319
223 113
223 20
223 0
223 359
223 832
224 141
224 182
224 10
224 671
224 840
225 36
225 6
225 105
226 126
226 113
226 199
226 242
226 299
227 177
227 19
227 178
227 552
227 790
228 53
228 183
228 6
228 299
228 510
229 133
229 46
229 5
229 323
229 394
230 78
230 93
230 207
230 277
230 307
231 212
231 47
231 46
231 314
231 401
232 33
232 170
232 5
232 309
232 657
233 32
233 193
233 3
233 301
233 465
234 22
234 67
234 2
234 345
234 380
235 150
235 44
235 171
235 239
235 319
236 76
236 4
236 143
236 376
236 409
237 49
237 187
237 161
237 250
237 269
238 98
238 106
238 132
238 386
238 403
239 235
239 155
239 210
239 365
239 402
240 221
240 28
240 127
240 276
240 288
241 52
241 177
241 17
241 357
241 419
242 90
242 226
242 87
242 343
243 69
243 141
243 106
243 272
243 359
244 106
244 48
244 96
244 339
244 510
245 188
245 32
245 216
245 252
245 294
246 68
246 175
246 43
246 259
246 297
247 105
247 156
247 124
247 392
247 399
248 121
248 50
248 32
248 320
248 419
249 155
249 185
249 111
249 431
249 793
250 237
250 52
250 201
250 405
250 440
251 164
251 5
251 72
252 77
252 10
252 245
252 259
252 308
253 107
253 70
253 27
253 570
253 664
254 17
254 53
254 22
254 808
255 51
255 100
255 204
255 392
255 635
256 68
256 93
256 8
256 305
256 342
257 32
257 29
257 81
257 385
257 530
258 147
258 24
258 4
258 261
258 494
259 252
259 246
259 155
259 426
259 439
260 20
260 139
260 19
260 296
261 169
261 258
261 208
261 408
261 559
262 88
262 25
262 77
262 429
262 581
263 52
263 99
263 64
263 340
263 786
264 9
264 188
264 63
264 371
264 379
265 33
265 3
265 168
265 767
265 787
266 2
266 66
266 106
267 109
267 220
267 0
267 816
268 135
268 113
268 183
268 436
268 455
269 237
269 95
269 196
269 551
269 932
270 200
270 4
270 9
270 288
270 379
271 203
271 34
271 179
271 364
271 549
272 213
272 1
272 243
272 601
272 718
273 28
273 1
273 24
273 553
273 594
274 162
274 16
274 48
275 40
275 77
275 29
275 306
275 498
276 57
276 240
276 140
276 331
276 416
277 60
277 9
277 230
277 282
277 292
278 82
278 9
278 71
278 316
278 409
279 179
279 168
279 87
279 535
279 680
280 172
280 119
280 53
280 325
280 335
281 158
281 56
281 49
281 328
281 562
282 277
282 70
282 99
282 356
282 514
283 132
283 41
283 10
283 295
284 121
284 5
284 65
284 524
285 133
285 52
285 32
285 858
285 889
286 32
286 127
286 89
286 326
286 479
287 156
287 41
287 219
287 315
288 240
288 161
288 270
288 292
288 359
289 109
289 147
289 74
289 706
290 8
290 25
290 57
290 384
290 499
291 162
291 38
291 132
291 811
292 2
292 288
292 277
292 362
292 842
293 2
293 34
293 181
293 304
293 328
294 245
294 9
294 157
294 303
294 702
295 47
295 180
295 283
295 406
296 171
296 260
296 64
296 344
296 616
297 19
297 246
297 113
297 558
297 885
298 87
298 138
298 81
298 313
298 859
299 228
299 215
299 226
299 377
299 623
300 69
300 87
300 20
300 775
301 81
301 233
301 154
301 427
301 837
302 44
302 173
302 100
302 456
302 688
303 294
303 35
303 219
303 353
303 397
304 206
304 111
304 293
304 355
304 559
305 104
305 256
305 32
305 424
305 511
306 24
306 275
306 111
306 406
306 436
307 230
307 108
307 2
308 252
308 212
308 75
308 349
308 366
309 4
309 232
309 166
310 66
310 1
310 130
310 635
311 161
311 40
311 16
311 590
311 838
312 94
312 208
312 1
312 804
313 2
313 81
313 298
313 451
314 52
314 8
314 231
314 499
314 937
315 287
315 113
315 23
315 513
316 201
316 278
316 20
316 450
317 105
317 2
317 222
317 396
317 534
318 45
318 115
318 20
318 403
318 807
319 210
319 235
319 222
319 356
319 434
320 248
320 128
320 218
320 349
320 373
321 114
321 12
321 66
321 944
322 77
322 175
322 200
322 743
323 229
323 34
323 103
323 500
324 115
324 122
324 51
324 414
325 72
325 280
325 114
325 740
325 914
326 19
326 104
326 286
326 391
326 498
327 163
327 64
327 79
327 410
328 215
328 293
328 281
328 446
328 462
329 32
329 126
329 12
329 390
329 541
330 212
330 4
330 245
330 801
331 276
331 162
331 120
331 375
331 680
332 148
332 68
332 93
332 504
333 203
333 100
333 132
333 410
333 451
334 98
334 219
334 49
334 600
334 976
335 180
335 32
335 280
335 470
335 494
336 44
336 5
336 173
336 588
336 942
337 93
337 113
337 136
337 388
337 547
338 246
338 164
338 52
338 586
338 952
339 280
339 244
339 56
339 565
340 263
340 169
340 32
340 497
340 573
341 175
341 8
341 14
341 425
342 80
342 256
342 230
342 563
342 794
343 19
343 8
343 242
343 455
343 483
344 22
344 64
344 296
344 484
344 861
345 157
345 234
345 0
346 106
346 133
346 132
346 690
347 130
347 48
347 6
347 451
347 528
348 3
348 98
348 93
348 506
348 580
349 308
349 16
349 320
349 471
349 476
350 109
350 237
350 1
351 18
351 36
351 26
351 889
352 17
352 32
352 193
353 1
353 303
353 46
353 582
354 9
354 82
354 29
354 457
354 458
355 91
355 304
355 145
355 566
355 674
356 319
356 282
356 93
356 597
357 93
357 64
357 241
357 443
357 444
358 187
358 173
358 4
358 943
359 243
359 223
359 288
359 692
359 713
360 65
360 200
360 51
360 410
360 525
361 87
361 46
361 82
362 15
362 292
362 88
362 426
362 469
363 198
363 110
363 214
363 433
363 445
364 7
364 125
364 271
364 367
364 802
365 239
365 53
365 127
365 678
365 690
366 150
366 308
366 81
366 860
367 23
367 364
367 129
367 452
367 746
368 44
368 107
368 13
368 443
369 128
369 74
369 39
369 746
370 9
370 16
370 33
370 949
370 992
371 110
371 212
371 264
371 613
371 810
372 64
372 31
372 30
372 595
372 754
373 320
373 208
373 26
373 448
373 550
374 107
374 9
374 17
374 474
374 698
375 113
375 331
375 27
375 741
375 762
376 236
376 70
376 51
376 446
377 109
377 299
377 288
377 542
377 673
378 11
378 161
378 120
378 434
379 264
379 270
379 4
379 468
379 565
380 175
380 187
380 234
381 212
381 1
381 184
381 608
382 222
382 219
382 157
382 489
382 714
383 288
383 6
383 9
384 135
384 30
384 290
384 717
384 821
385 257
385 152
385 1
385 483
385 694
386 238
386 49
386 16
386 448
387 0
387 95
387 52
388 155
388 58
388 337
388 405
388 536
389 85
389 53
389 9
389 417
389 518
390 100
390 45
390 329
390 474
390 768
391 326
391 2
391 161
391 446
391 883
392 255
392 247
392 5
392 593
392 619
393 0
393 252
393 53
393 480
394 0
394 92
394 229
394 532
395 14
395 31
395 66
396 105
396 42
396 317
397 303
397 131
397 3
397 705
397 999
398 82
398 40
398 12
398 639
398 668
399 9
399 92
399 247
400 23
400 75
400 35
400 496
400 544
401 243
401 57
401 231
401 501
401 892
402 239
402 47
402 41
403 318
403 238
403 8
403 441
403 472
404 0
404 129
404 39
405 89
405 250
405 388
405 546
405 588
406 306
406 48
406 295
406 506
406 570
407 12
407 237
407 115
408 261
408 167
408 45
408 903
409 236
409 1
409 278
409 666
409 781
410 327
410 360
410 333
410 521
410 904
411 105
411 247
411 140
411 413
411 453
412 16
412 192
412 308
412 700
412 707
413 137
413 152
413 411
414 60
414 324
414 33
414 529
414 607
415 45
415 92
415 29
415 856
416 69
416 7
416 276
417 9
417 389
417 206
417 509
417 912
418 156
418 27
418 167
419 63
419 241
419 248
419 511
419 747
420 144
420 132
420 8
421 1
421 77
421 92
421 530
421 626
422 1
422 64
422 28
422 498
422 670
423 9
423 203
423 51
423 528
423 723
424 8
424 51
424 305
424 461
424 692
425 58
425 341
425 95
426 362
426 220
426 259
426 687
426 731
427 301
427 24
427 120
427 441
428 20
428 91
428 33
429 215
429 137
429 262
429 825
430 288
430 101
430 166
430 591
430 634
431 108
431 249
431 12
431 492
431 513
432 236
432 199
432 182
432 982
433 363
433 37
433 75
433 728
433 844
434 319
434 378
434 62
434 459
434 780
435 222
435 34
435 57
435 436
436 306
436 268
436 435
436 452
436 485
437 179
437 70
437 197
437 599
438 132
438 23
438 93
439 259
439 11
439 277
440 2
440 146
440 250
440 736
440 737
441 28
441 427
441 403
441 547
442 57
442 276
442 75
443 357
443 150
443 368
443 449
444 320
444 357
444 75
444 616
444 823
445 166
445 363
445 132
445 665
445 698
446 391
446 376
446 328
446 809
446 821
447 74
447 32
447 73
447 783
448 373
448 148
448 386
448 748
448 839
449 58
449 241
449 443
449 518
450 187
450 316
450 86
451 333
451 313
451 347
452 436
452 367
452 33
453 411
453 137
453 245
453 881
454 156
454 98
454 239
454 490
454 729
455 12
455 268
455 343
455 502
455 923
456 69
456 16
456 302
456 554
456 798
457 72
457 203
457 354
457 533
457 571
458 354
458 135
458 63
459 434
459 9
459 4
459 996
460 154
460 113
460 20
461 3
461 9
461 424
462 1
462 328
462 106
462 486
462 488
463 5
463 320
463 34
463 906
464 239
464 288
464 0
464 619
464 760
465 9
465 213
465 233
465 801
465 878
466 58
466 71
466 30
466 609
466 947
467 57
467 145
467 23
468 379
468 50
468 16
468 736
468 953
469 119
469 178
469 362
469 805
469 812
470 67
470 5
470 335
471 74
471 3
471 349
471 793
472 403
472 115
472 29
472 554
472 766
473 175
473 43
473 239
474 139
474 390
474 374
474 921
475 121
475 13
475 0
476 116
476 349
476 25
476 524
476 630
477 27
477 231
477 23
477 555
478 11
478 38
478 56
478 795
479 0
479 286
479 1
479 534
480 243
480 245
480 393
480 637
480 730
481 163
481 34
481 57
481 699
482 104
482 3
482 32
482 684
483 349
483 385
483 343
484 55
484 69
484 344
484 637
484 698
485 436
485 148
485 247
485 689
485 749
486 92
486 462
486 140
486 834
487 81
487 354
487 21
488 143
488 462
488 2
489 382
489 436
489 14
489 727
489 904
490 16
490 454
490 319
490 673
490 947
491 17
491 58
491 16
492 431
492 10
492 25
493 82
493 119
493 49
493 621
494 38
494 258
494 335
494 642
494 877
495 80
495 39
495 105
496 400
496 288
496 172
497 218
497 93
497 340
498 422
498 326
498 275
499 29
499 314
499 290
499 952
500 117
500 323
500 129
500 552
500 584
501 401
501 363
501 170
502 32
502 335
502 455
502 523
502 759
503 26
503 84
503 39
503 787
504 240
504 332
504 290
504 790
504 880
505 58
505 403
505 49
505 673
506 406
506 163
506 348
506 735
506 832
507 104
507 16
507 241
507 527
507 568
508 81
508 144
508 33
508 610
508 948
509 276
509 133
509 417
509 700
509 788
510 16
510 228
510 244
510 725
510 994
511 305
511 419
511 5
511 515
511 643
512 124
512 231
512 16
512 795
513 431
513 315
513 3
514 282
514 144
514 5
514 641
515 175
515 40
515 511
515 533
515 611
516 62
516 182
516 88
516 614
516 885
517 0
517 14
517 64
517 854
517 876
518 449
518 46
518 389
518 862
518 896
519 109
519 62
519 173
520 66
520 9
520 52
520 646
521 245
521 410
521 9
521 763
521 814
522 56
522 28
522 248
522 646
523 25
523 30
523 502
523 652
524 284
524 10
524 476
524 557
524 663
525 360
525 175
525 102
525 633
525 714
526 87
526 219
526 199
526 845
527 4
527 507
527 79
527 579
527 594
528 4
528 347
528 423
528 792
529 32
529 22
529 414
529 665
530 77
530 257
530 421
530 768
530 874
531 26
531 305
531 49
531 545
532 394
532 354
532 185
533 457
533 515
533 222
533 733
533 788
534 479
534 153
534 317
534 771
535 279
535 57
535 103
535 755
536 205
536 388
536 160
536 638
536 792
537 15
537 16
537 0
537 862
538 93
538 60
538 110
539 228
539 26
539 9
540 270
540 14
540 55
540 916
541 329
541 154
541 112
542 64
542 25
542 377
542 773
543 28
543 131
543 42
543 840
544 400
544 1
544 50
544 663
544 766
545 23
545 29
545 531
546 264
546 405
546 247
547 26
547 441
547 337
547 739
548 436
548 133
548 219
548 571
548 658
549 10
549 271
549 77
549 647
549 688
550 84
550 104
550 373
550 594
550 932
551 288
551 0
551 269
551 897
552 500
552 3
552 227
552 573
553 40
553 273
553 282
553 833
554 472
554 456
554 38
555 77
555 68
555 477
555 568
555 870
556 44
556 144
556 175
557 27
557 524
557 222
557 564
557 622
558 337
558 297
558 0
558 873
559 304
559 208
559 261
559 744
560 308
560 58
560 29
561 81
561 189
561 23
562 25
562 63
562 281
562 917
563 342
563 268
563 239
563 689
564 204
564 247
564 557
564 585
565 2
565 339
565 379
566 355
566 17
566 80
566 791
567 4
567 91
567 237
568 555
568 507
568 157
568 749
569 121
569 77
569 212
569 602
570 406
570 219
570 253
570 663
570 683
571 16
571 548
571 457
572 9
572 20
572 243
572 962
573 552
573 112
573 340
573 653
573 672
574 154
574 139
574 14
574 582
574 780
575 210
575 163
575 45
575 704
575 736
576 5
576 162
576 337
576 638
576 664
577 155
577 213
577 81
578 161
578 163
578 8
579 105
579 241
579 527
579 940
580 170
580 31
580 348
580 815
581 234
581 33
581 262
582 2
582 574
582 353
582 643
582 653
583 12
583 68
583 31
583 964
584 500
584 320
584 119
585 132
585 564
585 152
586 338
586 104
586 51
586 648
586 973
587 80
587 49
587 2
588 336
588 87
588 405
588 813
589 14
589 0
589 83
590 42
590 311
590 343
590 726
591 430
591 125
591 212
592 26
592 256
592 264
593 411
593 392
593 47
594 550
594 527
594 273
594 640
594 832
595 179
595 372
595 81
595 601
595 656
596 36
596 5
596 45
597 52
597 356
597 211
598 379
598 348
598 203
599 437
599 245
599 57
599 629
599 693
600 264
600 334
600 90
600 752
601 272
601 595
601 436
601 847
601 996
602 569
602 71
602 55
602 693
603 162
603 55
603 78
604 55
604 89
604 239
605 245
605 247
605 9
605 657
606 9
606 188
606 29
606 681
606 707
607 129
607 414
607 115
607 975
608 343
608 381
608 73
609 466
609 268
609 527
610 151
610 92
610 508
610 620
610 677
611 22
611 515
611 140
612 125
612 105
612 239
612 769
612 930
613 126
613 21
613 371
614 59
614 516
614 64
614 815
614 987
615 403
615 326
615 94
616 444
616 172
616 296
617 53
617 92
617 3
618 25
618 47
618 9
619 464
619 148
619 392
620 610
620 8
620 89
620 630
620 670
621 493
621 150
621 181
622 95
622 163
622 557
622 699
622 831
623 299
623 146
623 75
624 7
624 69
624 186
624 666
624 714
625 9
625 215
625 27
626 158
626 527
626 421
626 732
627 26
627 176
627 19
627 868
627 907
628 262
628 206
628 213
628 876
628 878
629 599
629 192
629 259
629 945
630 160
630 476
630 620
630 846
631 28
631 2
631 204
631 789
632 247
632 120
632 6
632 711
633 112
633 525
633 108
633 737
633 931
634 500
634 430
634 6
634 815
635 255
635 310
635 120
635 820
636 58
636 319
636 139
636 864
637 480
637 167
637 484
638 237
638 576
638 536
638 956
639 150
639 135
639 398
640 594
640 48
640 25
640 748
640 972
641 1
641 120
641 514
642 155
642 494
642 24
642 664
642 852
643 582
643 150
643 511
643 882
643 953
644 9
644 65
644 78
645 411
645 117
645 49
645 870
646 520
646 522
646 131
646 856
647 549
647 168
647 247
647 729
647 996
648 586
648 373
648 62
649 14
649 233
649 20
650 94
650 171
650 180
651 26
651 150
651 188
652 60
652 523
652 32
652 814
652 848
653 349
653 582
653 573
654 17
654 38
654 133
655 56
655 217
655 0
656 26
656 595
656 44
657 232
657 605
657 511
658 548
658 400
658 57
659 155
659 32
659 22
660 27
660 72
660 288
660 706
661 102
661 196
661 165
662 81
662 207
662 436
662 674
662 829
663 570
663 524
663 544
663 850
664 642
664 576
664 253
664 723
665 120
665 529
665 445
665 672
665 747
666 392
666 409
666 624
666 777
666 951
667 5
667 54
667 105
668 216
668 122
668 398
668 855
668 979
669 319
669 280
669 32
669 759
670 620
670 422
670 243
671 23
671 224
671 15
672 303
672 573
672 665
672 754
673 490
673 377
673 505
673 784
673 818
674 355
674 337
674 662
675 255
675 414
675 104
676 87
676 92
676 56
676 793
677 40
677 178
677 610
677 929
678 199
678 365
678 308
678 778
678 927
679 388
679 36
679 163
680 239
680 331
680 279
680 836
680 901
681 606
681 179
681 158
681 739
681 907
682 23
682 335
682 7
682 888
683 570
683 159
683 5
684 228
684 48
684 482
684 911
684 926
685 73
685 1
685 131
686 123
686 108
686 3
686 979
687 426
687 155
687 25
687 888
688 549
688 335
688 302
689 288
689 563
689 485
689 783
690 365
690 11
690 346
691 212
691 135
691 16
691 710
691 891
692 359
692 424
692 80
693 599
693 259
693 602
693 868
693 910
694 57
694 40
694 385
695 17
695 44
695 127
696 268
696 111
696 264
697 113
697 2
697 228
698 374
698 445
698 484
698 816
699 79
699 622
699 481
700 106
700 412
700 509
700 863
701 328
701 35
701 53
701 928
701 955
702 76
702 235
702 294
702 719
702 753
703 32
703 105
703 582
703 716
704 575
704 111
704 392
705 205
705 104
705 397
705 847
706 289
706 81
706 660
706 782
706 839
707 606
707 72
707 412
707 718
707 908
708 68
708 16
708 25
709 60
709 268
709 400
710 44
710 250
710 691
710 785
711 632
711 150
711 37
712 403
712 10
712 124
713 359
713 216
713 6
713 726
713 917
714 624
714 525
714 382
714 912
715 365
715 0
715 111
716 125
716 39
716 703
717 47
717 384
717 392
718 707
718 107
718 272
718 808
719 702
719 392
719 5
719 761
720 9
720 462
720 379
721 83
721 271
721 49
721 909
722 183
722 91
722 73
723 664
723 423
723 484
724 173
724 127
724 46
725 71
725 257
725 510
725 924
726 197
726 713
726 590
726 814
727 61
727 155
727 489
727 792
728 131
728 433
728 9
728 777
728 954
729 582
729 647
729 454
729 868
730 480
730 36
730 20
730 752
731 426
731 154
731 405
732 626
732 47
732 500
732 922
733 144
733 148
733 533
733 743
733 813
734 548
734 22
734 340
734 933
735 506
735 53
735 32
736 440
736 575
736 468
737 633
737 440
737 173
737 941
737 973
738 39
738 125
738 139
738 943
739 331
739 547
739 681
740 325
740 11
740 93
740 873
740 981
741 28
741 527
741 375
742 32
742 270
742 5
743 322
743 733
743 282
743 845
743 936
744 39
744 12
744 559
745 237
745 385
745 61
745 800
746 367
746 369
746 153
746 848
747 419
747 665
747 183
748 74
748 640
748 448
748 831
748 892
749 255
749 485
749 568
749 750
749 771
750 131
750 58
750 749
750 883
751 320
751 58
751 8
752 730
752 91
752 600
753 0
753 19
753 702
754 372
754 672
754 131
754 799
755 120
755 13
755 535
756 236
756 38
756 62
757 2
757 124
757 76
757 779
757 890
758 110
758 35
758 26
759 367
759 502
759 669
759 838
759 877
760 464
760 53
760 20
760 889
761 164
761 719
761 92
761 909
762 228
762 9
762 375
762 835
763 259
763 521
763 431
763 922
764 259
764 71
764 105
765 77
765 58
765 32
765 972
765 998
766 472
766 32
766 544
766 828
767 265
767 198
767 84
768 390
768 192
768 530
769 612
769 35
769 5
769 899
770 132
770 4
770 51
771 534
771 388
771 749
772 241
772 99
772 0
773 542
773 235
773 253
774 157
774 484
774 0
774 946
775 73
775 68
775 300
776 16
776 39
776 78
777 666
777 728
777 288
778 34
778 678
778 51
779 137
779 161
779 757
780 574
780 434
780 25
781 409
781 153
781 105
781 951
782 706
782 187
782 21
782 875
782 916
783 98
783 447
783 689
783 887
784 26
784 673
784 125
784 848
785 78
785 710
785 87
786 81
786 484
786 263
787 265
787 503
787 9
787 957
787 992
788 509
788 533
788 340
788 833
789 41
789 631
789 49
790 504
790 227
790 92
791 13
791 125
791 566
791 922
792 528
792 536
792 727
793 471
793 676
793 249
794 250
794 342
794 129
795 159
795 512
795 478
796 259
796 398
796 340
796 803
797 213
797 252
797 335
797 800
798 261
798 456
798 1
798 913
798 997
799 16
799 754
799 250
800 745
800 797
800 94
801 465
801 276
801 330
801 995
802 256
802 217
802 364
802 918
803 796
803 85
803 29
804 247
804 312
804 93
805 469
805 25
805 536
806 248
806 440
806 411
806 920
807 180
807 318
807 400
807 932
808 485
808 254
808 718
809 446
809 35
809 30
810 211
810 371
810 153
810 837
810 919
811 509
811 291
811 238
812 112
812 469
812 231
812 836
812 931
813 733
813 588
813 84
814 726
814 652
814 521
814 970
815 614
815 634
815 580
816 698
816 180
816 267
817 5
817 240
817 62
818 146
818 673
818 2
819 469
819 58
819 16
820 221
820 25
820 635
821 446
821 384
821 43
821 828
822 273
822 25
822 27
823 576
823 444
823 69
824 303
824 362
824 250
825 431
825 110
825 429
825 865
826 35
826 16
826 282
827 14
827 4
827 182
827 859
828 25
828 821
828 766
829 673
829 548
829 662
830 153
830 25
830 64
831 23
831 748
831 622
832 223
832 594
832 506
833 553
833 29
833 788
834 26
834 342
834 486
834 908
835 29
835 762
835 18
835 870
836 232
836 812
836 680
837 810
837 235
837 301
837 884
838 759
838 1
838 311
839 92
839 706
839 448
839 966
840 105
840 224
840 543
841 137
841 304
841 372
842 292
842 329
842 153
843 89
843 6
843 123
844 88
844 421
844 433
844 938
845 226
845 526
845 743
845 853
846 630
846 115
846 108
847 601
847 705
847 59
848 746
848 652
848 784
849 131
849 122
849 92
850 0
850 81
850 663
850 891
851 170
851 86
851 46
852 642
852 236
852 207
853 32
853 845
853 15
854 517
854 272
854 40
854 887
855 668
855 200
855 31
855 978
855 995
856 7
856 415
856 646
856 962
856 967
857 320
857 237
857 434
858 610
858 108
858 285
859 827
859 298
859 185
860 366
860 16
860 9
861 93
861 344
861 34
862 518
862 154
862 537
863 20
863 105
863 700
863 898
864 125
864 636
864 128
865 103
865 825
865 93
866 293
866 44
866 421
867 32
867 365
867 9
868 729
868 693
868 627
869 573
869 38
869 105
869 993
870 645
870 555
870 835
870 999
871 208
871 157
871 126
871 983
872 132
872 90
872 109
873 558
873 740
873 141
874 302
874 16
874 530
875 782
875 31
875 733
876 5
876 628
876 517
877 759
877 494
877 436
878 299
878 628
878 465
879 109
879 88
879 409
880 504
880 34
880 49
881 212
881 453
881 241
881 919
882 643
882 241
882 622
883 391
883 750
883 440
883 939
884 1
884 837
884 69
885 516
885 2
885 297
886 205
886 112
886 227
886 966
887 665
887 854
887 783
888 247
888 687
888 682
889 351
889 285
889 760
890 757
890 268
890 165
891 850
891 691
891 29
892 401
892 748
892 207
893 203
893 38
893 158
894 159
894 8
894 362
895 212
895 129
895 64
896 293
896 3
896 518
897 176
897 296
897 551
898 863
898 124
898 246
899 240
899 271
899 769
900 162
900 98
900 129
901 680
901 104
901 198
902 11
902 61
902 20
903 2
903 44
903 408
904 33
904 410
904 489
905 257
905 175
905 49
906 463
906 84
906 575
907 627
907 403
907 681
908 707
908 834
908 0
909 721
909 502
909 761
910 57
910 50
910 693
911 205
911 684
911 218
911 977
912 417
912 219
912 714
913 464
913 33
913 798
914 325
914 120
914 390
915 530
915 157
915 69
916 231
916 782
916 540
917 298
917 562
917 713
918 52
918 285
918 802
919 810
919 881
919 9
920 806
920 180
920 306
921 73
921 474
921 166
922 732
922 763
922 791
922 994
923 34
923 237
923 455
924 154
924 60
924 725
925 89
925 810
925 365
926 684
926 30
926 549
927 67
927 15
927 678
928 693
928 236
928 701
929 3
929 249
929 677
930 343
930 44
930 612
931 34
931 812
931 633
932 550
932 807
932 269
932 941
933 23
933 734
933 200
934 56
934 434
934 81
935 282
935 285
935 299
936 743
936 41
936 137
937 184
937 0
937 314
938 844
938 328
938 104
938 989
939 533
939 883
939 192
940 579
940 6
940 662
941 737
941 932
941 173
942 336
942 214
942 49
942 982
943 738
943 235
943 358
944 321
944 333
944 4
945 81
945 208
945 629
946 5
946 743
946 774
947 490
947 466
947 41
947 973
948 148
948 508
948 186
949 201
949 370
949 518
950 213
950 525
950 199
951 666
951 0
951 781
952 499
952 220
952 338
953 468
953 11
953 643
954 62
954 728
954 633
955 87
955 701
955 77
956 411
956 638
956 205
957 549
957 59
957 787
958 456
958 26
958 12
959 70
959 305
959 6
960 132
960 620
960 137
961 633
961 331
961 51
962 856
962 302
962 572
963 261
963 58
963 25
964 583
964 129
964 32
965 23
965 26
965 308
966 68
966 886
966 839
967 38
967 108
967 856
968 72
968 240
968 642
969 154
969 403
969 318
970 90
970 3
970 814
971 253
971 570
971 484
972 733
972 765
972 640
972 978
973 947
973 586
973 737
974 125
974 1
974 81
975 607
975 22
975 173
976 334
976 456
976 156
977 911
977 622
977 153
978 855
978 972
978 706
979 686
979 84
979 668
980 75
980 549
980 354
981 740
981 40
981 355
982 432
982 942
982 749
983 51
983 302
983 871
984 44
984 200
984 326
985 743
985 107
985 436
986 757
986 20
986 285
987 417
987 248
987 614
988 52
988 71
988 36
989 258
989 40
989 938
990 431
990 181
990 856
991 391
991 49
991 156
992 787
992 370
992 515
993 236
993 39
993 869
994 510
994 49
994 922
995 57
995 801
995 855
996 459
996 647
996 601
997 51
997 292
997 798
998 81
998 627
998 765
999 38
999 870
999 397
