0 1
1 0
2 0
2 1
3 1
3 0
3 2
4 1
4 0
4 2
5 2
5 1
5 3
6 4
6 1
6 3
7 2
7 3
7 1
8 2
8 7
8 0
9 8
9 4
9 1
10 1
10 0
10 4
11 0
11 1
11 9
12 1
12 0
12 5
13 3
13 2
13 1
14 2
14 3
14 0
15 3
15 2
15 1
16 9
16 2
16 5
17 1
17 12
17 0
18 2
18 0
18 12
19 3
19 4
19 9
20 16
20 1
20 14
21 1
21 2
21 0
22 21
22 1
22 0
23 13
23 17
23 1
24 8
24 1
24 0
25 7
25 3
25 21
26 25
26 0
26 8
27 2
27 9
27 19
28 17
28 0
28 7
29 0
29 24
29 3
30 20
30 25
30 3
31 5
31 25
31 1
32 1
32 13
32 0
33 9
33 14
33 17
34 3
34 12
34 6
35 16
35 23
35 3
36 16
36 1
36 2
37 19
37 16
37 22
38 17
38 33
38 1
39 1
39 25
39 14
40 23
40 7
40 12
41 2
41 7
41 17
42 16
42 13
42 2
43 8
43 2
43 1
44 9
44 32
44 5
45 27
45 35
45 18
46 12
46 0
46 14
47 2
47 41
47 24
48 34
48 20
48 0
49 3
49 20
49 0
50 19
50 7
50 27
51 33
51 47
51 3
52 12
52 14
52 37
53 37
53 0
53 20
54 29
54 26
54 18
55 16
55 33
55 2
56 21
56 2
56 8
57 1
57 29
57 16
58 0
58 17
58 33
59 24
59 7
59 43
60 27
60 49
60 24
61 12
61 3
61 27
62 16
62 51
62 1
63 3
63 0
63 61
64 0
64 34
64 32
65 16
65 12
65 1
66 29
66 59
66 2
67 1
67 10
67 61
68 16
68 41
68 2
69 25
69 1
69 18
70 51
70 36
70 12
71 17
71 2
71 46
72 2
72 3
72 0
73 62
73 47
73 61
74 9
74 52
74 7
75 7
75 3
75 9
76 2
76 20
76 42
77 17
77 28
77 42
78 25
78 40
78 12
79 13
79 8
79 41
80 1
80 2
80 8
81 3
81 29
81 48
82 2
82 18
82 15
83 2
83 27
83 0
84 1
84 82
84 21
85 25
85 36
85 12
86 1
86 15
86 9
87 15
87 22
87 55
88 1
88 82
88 7
89 40
89 58
89 16
90 56
90 57
90 14
91 2
91 25
91 31
92 1
92 49
92 88
93 49
93 37
93 26
94 6
94 36
94 3
95 1
95 12
95 28
96 12
96 90
96 57
97 82
97 12
97 15
98 23
98 84
98 5
99 12
99 90
99 3
100 2
100 73
100 10
101 54
101 11
101 99
102 97
102 1
102 25
103 12
103 2
103 7
104 101
104 62
104 63
105 35
105 18
105 84
106 0
106 47
106 1
107 29
107 1
107 2
108 46
108 49
108 25
109 2
109 0
109 62
110 63
110 2
110 101
111 95
111 36
111 1
112 1
112 58
112 105
113 42
113 1
113 30
114 0
114 47
114 16
115 39
115 88
115 2
116 29
116 82
116 17
117 3
117 4
117 70
118 110
118 62
118 19
119 33
119 3
119 1
120 62
120 69
120 116
121 23
121 35
121 85
122 17
122 1
122 63
123 50
123 30
123 83
124 3
124 79
124 20
125 12
125 42
125 17
126 120
126 55
126 100
127 2
127 8
127 108
128 39
128 27
128 0
129 21
129 78
129 1
130 10
130 50
130 1
131 73
131 62
131 92
132 108
132 114
132 39
133 115
133 36
133 3
134 2
134 38
134 0
135 2
135 1
135 104
136 0
136 33
136 60
137 7
137 8
137 100
138 27
138 35
138 7
139 2
139 88
139 32
140 19
140 1
140 84
141 118
141 2
141 30
142 7
142 122
142 3
143 107
143 3
143 104
144 67
144 17
144 101
145 1
145 31
145 3
146 10
146 12
146 69
147 13
147 61
147 115
148 3
148 33
148 2
149 125
149 28
149 12
150 1
150 2
150 9
151 90
151 120
151 15
152 33
152 22
152 137
153 89
153 86
153 142
154 1
154 40
154 62
155 152
155 28
155 30
156 130
156 75
156 101
157 121
157 84
157 17
158 108
158 92
158 0
159 154
159 2
159 97
160 12
160 92
160 2
161 15
161 126
161 143
162 17
162 2
162 0
163 3
163 82
163 4
164 20
164 34
164 30
165 27
165 31
165 81
166 25
166 160
166 125
167 25
167 138
167 104
168 11
168 27
168 79
169 21
169 140
169 2
170 56
170 4
170 1
171 33
171 104
171 2
172 55
172 9
172 125
173 164
173 57
173 106
174 3
174 86
174 36
175 97
175 30
175 0
176 56
176 154
176 157
177 7
177 46
177 85
178 86
178 41
178 142
179 17
179 2
179 155
180 51
180 84
180 162
181 171
181 84
181 3
182 69
182 151
182 9
183 37
183 51
183 1
184 39
184 0
184 69
185 41
185 177
185 16
186 104
186 0
186 84
187 91
187 22
187 59
188 111
188 142
188 171
189 117
189 33
189 113
190 9
190 99
190 86
191 42
191 4
191 139
192 27
192 115
192 14
193 14
193 55
193 16
194 15
194 159
194 191
195 46
195 120
195 62
196 12
196 124
196 1
197 181
197 134
197 2
198 24
198 174
198 21
199 21
199 41
199 84
200 0
200 34
200 85
201 22
201 117
201 113
202 43
202 24
202 14
203 69
203 68
203 194
204 114
204 2
204 101
205 87
205 2
205 199
206 24
206 2
206 34
207 63
207 60
207 0
208 33
208 123
208 3
209 25
209 125
209 155
210 30
210 162
210 12
211 2
211 202
211 146
212 2
212 160
212 123
213 162
213 68
213 99
214 182
214 184
214 29
215 28
215 36
215 144
216 100
216 149
216 86
217 37
217 25
217 123
218 57
218 14
218 25
219 28
219 29
219 15
220 36
220 12
220 29
221 36
221 130
221 95
222 57
222 178
222 33
223 39
223 18
223 0
224 1
224 101
224 215
225 0
225 193
225 79
226 149
226 51
226 37
227 12
227 59
227 219
228 90
228 21
228 173
229 84
229 134
229 2
230 28
230 93
230 127
231 91
231 49
231 1
232 206
232 160
232 18
233 158
233 166
233 176
234 202
234 27
234 21
235 195
235 122
235 209
236 100
236 77
236 46
237 58
237 124
237 3
238 127
238 82
238 118
239 194
239 125
239 140
240 106
240 0
240 222
241 7
241 48
241 42
242 2
242 25
242 211
243 125
243 39
243 27
244 79
244 12
244 9
245 225
245 179
245 30
246 22
246 86
246 147
247 2
247 225
247 1
248 90
248 122
248 100
249 4
249 13
249 192
250 13
250 12
250 33
251 123
251 41
251 0
252 2
252 117
252 180
253 15
253 138
253 69
254 87
254 207
254 84
255 171
255 116
255 31
256 138
256 125
256 142
257 128
257 208
257 123
258 3
258 74
258 16
259 1
259 224
259 15
260 252
260 82
260 157
261 259
261 137
261 38
262 107
262 161
262 10
263 2
263 22
263 113
264 27
264 117
264 1
265 65
265 22
265 49
266 16
266 68
266 90
267 62
267 1
267 112
268 69
268 221
268 49
269 84
269 136
269 82
270 84
270 181
270 0
271 63
271 68
271 1
272 2
272 9
272 140
273 197
273 41
273 45
274 221
274 54
274 1
275 238
275 9
275 179
276 264
276 172
276 158
277 4
277 22
277 179
278 111
278 105
278 169
279 21
279 1
279 198
280 128
280 127
280 186
281 222
281 191
281 33
282 116
282 122
282 46
283 171
283 23
283 144
284 157
284 179
284 14
285 95
285 59
285 138
286 19
286 0
286 160
287 40
287 113
287 7
288 8
288 107
288 73
289 1
289 223
289 149
290 279
290 1
290 28
291 1
291 49
291 67
292 160
292 25
292 51
293 162
293 27
293 19
294 147
294 0
294 159
295 9
295 37
295 4
296 62
296 144
296 3
297 69
297 63
297 284
298 237
298 28
298 119
299 288
299 2
299 0
300 7
300 115
300 221
301 27
301 33
301 40
302 200
302 55
302 253
303 3
303 199
303 213
304 86
304 179
304 33
305 2
305 20
305 157
306 9
306 273
306 36
307 133
307 137
307 0
308 194
308 85
308 16
309 46
309 286
309 20
310 231
310 33
310 12
311 16
311 4
311 82
312 254
312 15
312 223
313 21
313 58
313 240
314 231
314 23
314 124
315 7
315 284
315 12
316 233
316 223
316 7
317 63
317 172
317 73
318 208
318 178
318 57
319 5
319 282
319 125
320 62
320 1
320 52
321 224
321 88
321 291
322 10
322 13
322 28
323 149
323 0
323 148
324 1
324 2
324 153
325 152
325 241
325 23
326 63
326 246
326 72
327 49
327 58
327 72
328 5
328 17
328 1
329 297
329 253
329 33
330 137
330 155
330 177
331 1
331 82
331 2
332 104
332 240
332 1
333 42
333 0
333 23
334 16
334 13
334 7
335 61
335 96
335 12
336 84
336 122
336 64
337 14
337 268
337 3
338 234
338 23
338 0
339 239
339 58
339 82
340 16
340 12
340 20
341 107
341 98
341 263
342 2
342 313
342 125
343 62
343 12
343 304
344 335
344 196
344 166
345 100
345 12
345 79
346 334
346 23
346 300
347 248
347 26
347 8
348 34
348 12
348 2
349 154
349 1
349 90
350 1
350 37
350 7
351 247
351 51
351 0
352 156
352 3
352 113
353 97
353 197
353 24
354 56
354 316
354 174
355 42
355 15
355 139
356 61
356 62
356 196
357 0
357 16
357 73
358 72
358 178
358 63
359 31
359 1
359 120
360 212
360 153
360 3
361 5
361 133
361 353
362 359
362 84
362 21
363 8
363 13
363 63
364 122
364 195
364 7
365 82
365 329
365 53
366 25
366 49
366 335
367 9
367 52
367 1
368 192
368 337
368 69
369 31
369 152
369 49
370 75
370 20
370 112
371 23
371 157
371 257
372 228
372 245
372 229
373 1
373 172
373 195
374 165
374 33
374 61
375 0
375 1
375 234
376 112
376 352
376 9
377 41
377 6
377 278
378 70
378 148
378 69
379 17
379 5
379 68
380 117
380 22
380 156
381 158
381 128
381 272
382 90
382 184
382 33
383 228
383 84
383 134
384 187
384 283
384 86
385 7
385 88
385 252
386 36
386 20
386 9
387 134
387 84
387 42
388 3
388 41
388 273
389 2
389 1
389 194
390 373
390 353
390 40
391 32
391 3
391 36
392 2
392 273
392 36
393 17
393 308
393 142
394 328
394 84
394 70
395 3
395 46
395 79
396 178
396 239
396 96
397 1
397 7
397 386
398 360
398 346
398 20
399 188
399 221
399 10
400 0
400 143
400 202
401 359
401 3
401 127
402 49
402 17
402 25
403 384
403 200
403 56
404 49
404 95
404 236
405 59
405 225
405 87
406 41
406 13
406 17
407 363
407 246
407 104
408 14
408 2
408 148
409 0
409 28
409 265
410 51
410 323
410 99
411 64
411 133
411 36
412 290
412 9
412 140
413 3
413 179
413 184
414 2
414 41
414 35
415 142
415 101
415 23
416 192
416 84
416 142
417 2
417 41
417 12
418 339
418 9
418 221
419 2
419 16
419 36
420 157
420 133
420 20
421 159
421 33
421 15
422 240
422 399
422 62
423 328
423 74
423 17
424 0
424 150
424 226
425 179
425 78
425 155
426 7
426 2
426 49
427 104
427 266
427 237
428 368
428 192
428 7
429 384
429 240
429 424
430 6
430 387
430 259
431 158
431 64
431 259
432 347
432 68
432 401
433 191
433 152
433 238
434 24
434 191
434 424
435 138
435 359
435 339
436 199
436 60
436 190
437 49
437 0
437 115
438 10
438 1
438 335
439 179
439 178
439 2
440 184
440 401
440 375
441 0
441 122
441 11
442 25
442 336
442 353
443 352
443 239
443 93
444 22
444 262
444 196
445 363
445 171
445 40
446 360
446 88
446 111
447 32
447 190
447 61
448 400
448 47
448 12
449 272
449 308
449 32
450 68
450 0
450 184
451 207
451 65
451 149
452 447
452 9
452 87
453 23
453 69
453 70
454 7
454 36
454 230
455 90
455 67
455 218
456 230
456 58
456 144
457 328
457 352
457 333
458 143
458 169
458 96
459 10
459 381
459 25
460 454
460 447
460 302
461 63
461 248
461 28
462 18
462 227
462 55
463 143
463 26
463 63
464 140
464 225
464 8
465 312
465 84
465 387
466 352
466 96
466 120
467 147
467 135
467 349
468 178
468 51
468 90
469 12
469 100
469 0
470 317
470 16
470 369
471 53
471 66
471 182
472 25
472 322
472 227
473 168
473 17
473 212
474 12
474 108
474 153
475 353
475 428
475 255
476 172
476 2
476 227
477 316
477 342
477 16
478 9
478 170
478 418
479 181
479 34
479 56
480 420
480 254
480 42
481 242
481 21
481 315
482 406
482 468
482 125
483 228
483 0
483 10
484 391
484 380
484 238
485 115
485 25
485 34
486 62
486 127
486 261
487 4
487 405
487 249
488 71
488 160
488 181
489 224
489 17
489 34
490 52
490 32
490 227
491 25
491 3
491 406
492 123
492 423
492 114
493 160
493 28
493 3
494 428
494 177
494 38
495 216
495 7
495 33
496 419
496 340
496 68
497 3
497 292
497 282
498 347
498 25
498 41
499 188
499 36
499 41
