0 1
1 0
2 0
2 1
3 0
3 1
3 2
4 1
4 0
4 2
5 0
5 2
5 1
6 4
6 2
6 1
7 2
7 0
7 6
8 1
8 2
8 0
9 1
9 2
9 4
10 1
10 5
10 9
11 4
11 0
11 1
12 11
12 0
12 4
13 4
13 6
13 3
14 1
14 9
14 3
15 3
15 6
15 4
16 3
16 0
16 8
17 5
17 6
17 3
18 4
18 2
18 9
19 13
19 2
19 5
20 1
20 16
20 2
21 2
21 16
21 10
22 5
22 19
22 8
23 6
23 15
23 0
24 4
24 3
24 13
25 2
25 7
25 4
26 7
26 0
26 17
27 18
27 25
27 6
28 15
28 25
28 6
29 10
29 7
29 2
30 5
30 2
30 22
31 4
31 30
31 7
32 15
32 26
32 29
33 29
33 13
33 7
34 10
34 5
34 33
35 8
35 0
35 1
36 10
36 9
36 5
37 4
37 2
37 22
38 23
38 37
38 2
39 38
39 0
39 35
40 2
40 22
40 24
41 26
41 3
41 11
42 22
42 31
42 12
43 18
43 19
43 6
44 34
44 2
44 9
45 3
45 6
45 12
46 16
46 2
46 19
47 8
47 13
47 1
48 3
48 15
48 41
49 2
49 5
49 14
