0 1
1 0
2 0
2 1
3 1
3 0
3 2
4 3
4 0
4 2
5 4
5 1
5 2
6 4
6 2
6 0
7 4
7 2
7 5
8 1
8 0
8 5
9 5
9 4
9 2
10 4
10 2
10 1
11 10
11 2
11 9
12 8
12 1
12 9
13 5
13 2
13 7
14 2
14 13
14 0
15 2
15 6
15 13
16 1
16 6
16 3
17 4
17 5
17 11
18 8
18 11
18 2
19 4
19 2
19 17
20 0
20 15
20 8
21 2
21 13
21 1
22 9
22 4
22 13
23 5
23 4
23 3
24 15
24 0
24 8
25 1
25 7
25 2
26 4
26 2
26 21
27 6
27 13
27 7
28 25
28 22
28 2
29 18
29 11
29 3
30 28
30 8
30 9
31 24
31 20
31 10
32 7
32 8
32 22
33 20
33 2
33 10
34 24
34 29
34 8
35 5
35 8
35 22
36 4
36 6
36 11
37 24
37 2
37 8
38 11
38 2
38 13
39 2
39 8
39 22
40 2
40 25
40 9
41 2
41 0
41 15
42 10
42 14
42 2
43 9
43 21
43 8
44 4
44 9
44 25
45 2
45 23
45 29
46 1
46 10
46 44
47 1
47 2
47 16
48 36
48 46
48 22
49 1
49 25
49 16
50 34
50 5
50 42
51 2
51 8
51 25
52 3
52 2
52 1
53 0
53 4
53 34
54 2
54 49
54 29
55 10
55 4
55 11
56 5
56 2
56 22
57 3
57 10
57 16
58 2
58 41
58 42
59 20
59 46
59 8
60 28
60 0
60 2
61 47
61 37
61 28
62 24
62 54
62 2
63 7
63 51
63 32
64 7
64 5
64 31
65 8
65 9
65 1
66 20
66 49
66 37
67 24
67 41
67 2
68 2
68 11
68 60
69 33
69 35
69 24
70 12
70 8
70 2
71 8
71 7
71 42
72 15
72 53
72 0
73 22
73 18
73 8
74 1
74 24
74 59
75 26
75 22
75 15
76 16
76 45
76 3
77 0
77 24
77 44
78 21
78 24
78 20
79 41
79 2
79 9
80 39
80 53
80 64
81 41
81 63
81 10
82 70
82 5
82 45
83 69
83 10
83 0
84 8
84 58
84 20
85 1
85 58
85 2
86 5
86 58
86 84
87 8
87 68
87 1
88 41
88 7
88 30
89 40
89 8
89 21
90 58
90 37
90 28
91 46
91 53
91 64
92 13
92 4
92 8
93 72
93 8
93 1
94 80
94 45
94 2
95 24
95 55
95 53
96 92
96 8
96 9
97 8
97 16
97 1
98 46
98 96
98 16
99 22
99 20
99 2
100 4
100 22
100 20
101 1
101 46
101 4
102 2
102 24
102 62
103 10
103 22
103 1
104 53
104 3
104 39
105 4
105 8
105 79
106 4
106 11
106 58
107 11
107 30
107 44
108 13
108 36
108 11
109 8
109 69
109 50
110 99
110 6
110 8
111 58
111 0
111 28
112 2
112 32
112 85
113 33
113 16
113 11
114 20
114 29
114 113
115 4
115 22
115 105
116 76
116 5
116 79
117 10
117 104
117 60
118 9
118 29
118 46
119 2
119 7
119 44
120 9
120 2
120 13
121 88
121 22
121 13
122 106
122 8
122 77
123 2
123 6
123 77
124 106
124 16
124 42
125 87
125 54
125 55
126 109
126 71
126 24
127 74
127 24
127 30
128 116
128 110
128 10
129 14
129 2
129 64
130 126
130 11
130 121
131 78
131 121
131 15
132 8
132 42
132 77
133 29
133 4
133 1
134 4
134 0
134 8
135 10
135 11
135 35
136 10
136 51
136 40
137 2
137 84
137 1
138 58
138 88
138 23
139 110
139 7
139 8
140 74
140 27
140 25
141 41
141 25
141 11
142 80
142 41
142 46
143 2
143 70
143 104
144 110
144 143
144 16
145 64
145 61
145 55
146 2
146 3
146 95
147 6
147 96
147 29
148 3
148 63
148 8
149 68
149 80
149 86
150 57
150 141
150 48
151 0
151 90
151 92
152 33
152 51
152 29
153 35
153 78
153 47
154 8
154 5
154 21
155 23
155 85
155 84
156 7
156 8
156 2
157 2
157 54
157 74
158 34
158 1
158 104
159 137
159 115
159 40
160 147
160 42
160 9
161 30
161 8
161 33
162 16
162 5
162 2
163 4
163 30
163 13
164 51
164 5
164 116
165 27
165 24
165 120
166 1
166 88
166 70
167 49
167 0
167 95
168 110
168 0
168 1
169 122
169 5
169 77
170 53
170 11
170 81
171 24
171 47
171 91
172 8
172 73
172 9
173 10
173 96
173 0
174 53
174 29
174 35
175 11
175 2
175 54
176 48
176 51
176 125
177 103
177 172
177 8
178 150
178 72
178 47
179 59
179 4
179 139
180 1
180 18
180 127
181 175
181 8
181 1
182 29
182 80
182 0
183 1
183 37
183 11
184 11
184 9
184 25
185 33
185 10
185 3
186 53
186 24
186 59
187 118
187 3
187 25
188 1
188 3
188 101
189 5
189 42
189 20
190 4
190 88
190 1
191 82
191 7
191 35
192 13
192 55
192 126
193 66
193 44
193 4
194 88
194 164
194 80
195 165
195 2
195 181
196 57
196 1
196 131
197 3
197 5
197 79
198 24
198 80
198 46
199 34
199 1
199 102
200 108
200 15
200 2
201 66
201 24
201 125
202 67
202 55
202 26
203 170
203 187
203 15
204 14
204 8
204 125
205 63
205 20
205 2
206 87
206 2
206 104
207 5
207 4
207 160
208 71
208 8
208 88
209 30
209 16
209 28
210 2
210 60
210 107
211 7
211 9
211 60
212 18
212 2
212 47
213 146
213 147
213 41
214 10
214 29
214 3
215 57
215 46
215 2
216 64
216 41
216 36
217 146
217 180
217 60
218 63
218 110
218 95
219 215
219 19
219 3
220 104
220 119
220 79
221 11
221 74
221 38
222 0
222 24
222 114
223 207
223 29
223 8
224 134
224 2
224 24
225 181
225 97
225 1
226 39
226 123
226 106
227 7
227 153
227 9
228 198
228 30
228 3
229 219
229 91
229 24
230 7
230 147
230 80
231 49
231 76
231 112
232 196
232 199
232 0
233 41
233 8
233 93
234 10
234 0
234 46
235 9
235 202
235 72
236 195
236 171
236 58
237 158
237 74
237 24
238 217
238 86
238 3
239 0
239 2
239 9
240 8
240 10
240 5
241 1
241 5
241 58
242 199
242 16
242 53
243 2
243 14
243 111
244 29
244 74
244 17
245 71
245 143
245 24
246 50
246 134
246 93
247 2
247 95
247 141
248 64
248 46
248 11
249 21
249 55
249 72
250 2
250 110
250 117
251 72
251 77
251 43
252 2
252 239
252 22
253 1
253 55
253 96
254 114
254 85
254 8
255 22
255 20
255 64
256 7
256 24
256 65
257 247
257 77
257 20
258 42
258 176
258 218
259 58
259 246
259 2
260 35
260 70
260 4
261 252
261 10
261 106
262 15
262 170
262 25
263 57
263 109
263 4
264 41
264 207
264 4
265 4
265 68
265 10
266 195
266 4
266 110
267 236
267 147
267 115
268 91
268 76
268 77
269 6
269 15
269 2
270 78
270 150
270 45
271 170
271 2
271 110
272 74
272 117
272 61
273 237
273 9
273 44
274 125
274 12
274 2
275 87
275 16
275 15
276 80
276 10
276 50
277 8
277 115
277 63
278 227
278 76
278 199
279 46
279 131
279 236
280 69
280 79
280 47
281 40
281 9
281 26
282 170
282 1
282 2
283 96
283 250
283 2
284 14
284 262
284 200
285 170
285 171
285 25
286 18
286 120
286 76
287 120
287 55
287 177
288 241
288 51
288 46
289 159
289 72
289 7
290 13
290 24
290 16
291 78
291 55
291 38
292 113
292 2
292 221
293 74
293 199
293 61
294 12
294 209
294 0
295 207
295 4
295 195
296 0
296 121
296 92
297 11
297 227
297 46
298 159
298 86
298 250
299 15
299 271
299 191
300 165
300 102
300 46
301 76
301 3
301 63
302 293
302 28
302 233
303 240
303 79
303 18
304 9
304 158
304 107
305 99
305 96
305 13
306 275
306 8
306 80
307 4
307 140
307 33
308 294
308 105
308 4
309 294
309 171
309 5
310 157
310 281
310 30
311 10
311 114
311 168
312 194
312 222
312 47
313 197
313 9
313 104
314 24
314 35
314 218
315 31
315 208
315 139
316 24
316 132
316 110
317 80
317 208
317 29
318 2
318 64
318 46
319 244
319 76
319 57
320 259
320 172
320 78
321 63
321 138
321 0
322 11
322 41
322 76
323 113
323 116
323 20
324 2
324 228
324 20
325 206
325 1
325 287
326 272
326 148
326 58
327 312
327 63
327 160
328 22
328 2
328 102
329 4
329 328
329 73
330 20
330 181
330 236
331 4
331 1
331 2
332 2
332 95
332 25
333 244
333 21
333 298
334 22
334 58
334 28
335 69
335 29
335 40
336 1
336 23
336 196
337 52
337 54
337 25
338 259
338 54
338 64
339 241
339 25
339 200
340 68
340 107
340 1
341 0
341 3
341 1
342 5
342 58
342 117
343 33
343 54
343 220
344 275
344 66
344 2
345 30
345 77
345 282
346 228
346 319
346 327
347 288
347 6
347 66
348 89
348 249
348 95
349 46
349 96
349 275
350 2
350 7
350 104
351 173
351 237
351 34
352 196
352 233
352 20
353 34
353 326
353 71
354 74
354 119
354 93
355 24
355 102
355 8
356 104
356 99
356 23
357 34
357 2
357 348
358 1
358 306
358 47
359 110
359 15
359 171
360 139
360 18
360 39
361 54
361 9
361 2
362 248
362 80
362 85
363 101
363 8
363 169
364 275
364 171
364 1
365 0
365 167
365 90
366 8
366 46
366 52
367 5
367 10
367 263
368 15
368 64
368 254
369 178
369 137
369 280
370 289
370 30
370 2
371 107
371 1
371 184
372 31
372 2
372 267
373 339
373 1
373 113
374 193
374 217
374 131
375 65
375 316
375 33
376 51
376 107
376 326
377 78
377 30
377 2
378 2
378 1
378 20
379 24
379 7
379 73
380 220
380 11
380 175
381 171
381 1
381 192
382 201
382 127
382 110
383 340
383 289
383 113
384 158
384 103
384 283
385 42
385 263
385 9
386 8
386 76
386 46
387 166
387 10
387 60
388 8
388 39
388 11
389 58
389 282
389 199
390 254
390 164
390 203
391 49
391 20
391 1
392 310
392 357
392 193
393 282
393 329
393 22
394 145
394 188
394 143
395 176
395 1
395 2
396 0
396 96
396 164
397 0
397 9
397 22
398 195
398 13
398 110
399 252
399 48
399 80
400 213
400 170
400 2
401 73
401 195
401 259
402 24
402 315
402 74
403 89
403 233
403 147
404 1
404 347
404 40
405 229
405 42
405 376
406 2
406 4
406 236
407 120
407 41
407 237
408 25
408 46
408 24
409 238
409 0
409 313
410 79
410 131
410 80
411 8
411 326
411 333
412 18
412 126
412 71
413 86
413 95
413 286
414 22
414 2
414 293
415 38
415 80
415 147
416 13
416 2
416 241
417 294
417 26
417 55
418 171
418 401
418 9
419 48
419 24
419 227
420 190
420 124
420 329
421 14
421 136
421 5
422 266
422 20
422 223
423 212
423 42
423 272
424 30
424 404
424 223
425 406
425 148
425 29
426 300
426 1
426 3
427 171
427 4
427 111
428 312
428 106
428 236
429 191
429 420
429 419
430 284
430 285
430 25
431 293
431 35
431 119
432 404
432 66
432 8
433 4
433 8
433 1
434 283
434 110
434 232
435 1
435 24
435 3
436 216
436 53
436 4
437 90
437 23
437 254
438 164
438 8
438 190
439 25
439 16
439 186
440 233
440 9
440 298
441 1
441 9
441 2
442 347
442 58
442 2
443 322
443 0
443 159
444 16
444 187
444 318
445 261
445 44
445 24
446 425
446 3
446 9
447 236
447 11
447 407
448 227
448 326
448 22
449 11
449 233
449 51
450 389
450 346
450 36
451 110
451 382
451 180
452 93
452 12
452 74
453 25
453 2
453 14
454 24
454 95
454 1
455 277
455 288
455 417
456 9
456 377
456 411
457 2
457 303
457 8
458 132
458 354
458 1
459 0
459 337
459 141
460 114
460 76
460 188
461 54
461 438
461 16
462 159
462 119
462 22
463 122
463 188
463 88
464 1
464 5
464 443
465 25
465 47
465 242
466 33
466 210
466 20
467 395
467 371
467 114
468 39
468 1
468 217
469 33
469 2
469 245
470 405
470 55
470 45
471 14
471 215
471 2
472 17
472 430
472 242
473 11
473 9
473 154
474 275
474 284
474 371
475 159
475 189
475 29
476 120
476 45
476 412
477 288
477 14
477 339
478 298
478 58
478 47
479 346
479 5
479 240
480 274
480 44
480 31
481 46
481 32
481 39
482 199
482 49
482 17
483 148
483 353
483 47
484 308
484 15
484 0
485 66
485 2
485 236
486 190
486 372
486 193
487 50
487 239
487 292
488 33
488 31
488 177
489 286
489 4
489 54
490 13
490 311
490 220
491 261
491 414
491 11
492 74
492 114
492 261
493 18
493 23
493 186
494 20
494 95
494 185
495 402
495 16
495 431
496 1
496 233
496 37
497 66
497 1
497 139
498 2
498 326
498 42
499 199
499 187
499 46
500 113
500 22
500 299
501 464
501 189
501 2
502 170
502 95
502 462
503 80
503 164
503 179
504 17
504 35
504 23
505 187
505 7
505 8
506 217
506 443
506 302
507 254
507 448
507 19
508 300
508 500
508 159
509 121
509 355
509 195
510 455
510 2
510 51
511 11
511 206
511 47
512 418
512 272
512 13
513 376
513 74
513 1
514 154
514 3
514 462
515 54
515 252
515 455
516 22
516 159
516 366
517 104
517 237
517 387
518 41
518 2
518 25
519 422
519 497
519 290
520 139
520 101
520 154
521 63
521 101
521 4
522 16
522 293
522 308
523 293
523 110
523 46
524 31
524 1
524 485
525 16
525 385
525 490
526 16
526 161
526 386
527 22
527 86
527 2
528 470
528 8
528 210
529 26
529 63
529 131
530 44
530 2
530 96
531 173
531 267
531 313
532 99
532 124
532 44
533 45
533 8
533 120
534 2
534 292
534 389
535 295
535 170
535 17
536 175
536 2
536 223
537 121
537 106
537 279
538 164
538 485
538 44
539 22
539 92
539 474
540 87
540 295
540 25
541 1
541 355
541 24
542 24
542 51
542 25
543 529
543 387
543 335
544 8
544 91
544 259
545 132
545 23
545 42
546 6
546 281
546 46
547 11
547 51
547 273
548 76
548 379
548 4
549 17
549 498
549 61
550 11
550 36
550 287
551 363
551 115
551 41
552 361
552 18
552 316
553 85
553 20
553 486
554 283
554 4
554 350
555 264
555 18
555 29
556 170
556 45
556 227
557 173
557 24
557 104
558 0
558 80
558 215
559 372
559 188
559 4
560 226
560 187
560 227
561 229
561 352
561 136
562 243
562 11
562 61
563 2
563 176
563 22
564 76
564 210
564 346
565 114
565 364
565 493
566 409
566 1
566 318
567 17
567 63
567 533
568 10
568 2
568 164
569 196
569 451
569 474
570 42
570 342
570 2
571 7
571 23
571 18
572 2
572 351
572 529
573 347
573 449
573 510
574 57
574 391
574 557
575 4
575 65
575 0
576 44
576 24
576 64
577 498
577 0
577 316
578 23
578 71
578 342
579 299
579 69
579 78
580 361
580 188
580 531
581 64
581 301
581 561
582 46
582 2
582 466
583 474
583 104
583 2
584 504
584 73
584 109
585 148
585 276
585 25
586 16
586 80
586 288
587 117
587 8
587 114
588 4
588 248
588 76
589 80
589 146
589 1
590 317
590 411
590 529
591 250
591 238
591 436
592 519
592 25
592 316
593 434
593 226
593 76
594 136
594 372
594 436
595 340
595 11
595 41
596 342
596 571
596 51
597 33
597 101
597 502
598 51
598 76
598 24
599 29
599 31
599 4
600 447
600 272
600 343
601 2
601 410
601 64
602 25
602 189
602 43
603 592
603 0
603 8
604 50
604 493
604 213
605 104
605 506
605 129
606 522
606 297
606 24
607 8
607 226
607 307
608 416
608 530
608 383
609 470
609 207
609 16
610 434
610 5
610 150
611 434
611 293
611 25
612 363
612 411
612 47
613 17
613 387
613 196
614 476
614 249
614 301
615 429
615 172
615 125
616 15
616 499
616 267
617 4
617 504
617 83
618 110
618 199
618 28
619 319
619 153
619 68
620 242
620 254
620 594
621 148
621 13
621 2
622 58
622 339
622 41
623 182
623 73
623 68
624 171
624 72
624 305
625 41
625 51
625 7
626 16
626 170
626 466
627 326
627 12
627 497
628 222
628 366
628 424
629 23
629 164
629 294
630 2
630 266
630 119
631 176
631 3
631 2
632 84
632 205
632 31
633 159
633 399
633 57
634 1
634 69
634 171
635 72
635 175
635 187
636 304
636 61
636 607
637 204
637 259
637 25
638 126
638 372
638 3
639 32
639 533
639 576
640 399
640 389
640 2
641 1
641 289
641 242
642 24
642 33
642 615
643 51
643 0
643 252
644 504
644 24
644 290
645 409
645 554
645 43
646 11
646 346
646 407
647 337
647 336
647 2
648 413
648 465
648 275
649 294
649 73
649 281
650 87
650 568
650 237
651 9
651 490
651 557
652 2
652 8
652 270
653 305
653 321
653 532
654 635
654 17
654 215
655 579
655 187
655 25
656 199
656 164
656 160
657 259
657 346
657 84
658 465
658 45
658 66
659 182
659 413
659 582
660 70
660 148
660 227
661 124
661 34
661 87
662 437
662 393
662 648
663 638
663 302
663 298
664 121
664 42
664 326
665 509
665 2
665 149
666 14
666 225
666 32
667 104
667 10
667 68
668 122
668 137
668 2
669 8
669 259
669 0
670 180
670 37
670 16
671 318
671 5
671 58
672 521
672 588
672 119
673 45
673 270
673 641
674 215
674 130
674 220
675 447
675 168
675 23
676 176
676 47
676 230
677 59
677 275
677 374
678 424
678 279
678 354
679 485
679 216
679 154
680 207
680 120
680 95
681 125
681 45
681 14
682 41
682 104
682 0
683 288
683 0
683 528
684 424
684 227
684 34
685 210
685 159
685 59
686 88
686 72
686 199
687 181
687 112
687 11
688 383
688 607
688 332
689 7
689 4
689 9
690 19
690 22
690 139
691 138
691 688
691 42
692 2
692 292
692 9
693 132
693 299
693 106
694 58
694 2
694 563
695 174
695 232
695 452
696 27
696 479
696 406
697 55
697 466
697 33
698 59
698 25
698 24
699 204
699 226
699 24
700 404
700 113
700 150
701 486
701 2
701 202
702 2
702 136
702 533
703 164
703 106
703 47
704 25
704 10
704 2
705 469
705 655
705 279
706 235
706 8
706 469
707 244
707 576
707 8
708 183
708 436
708 61
709 361
709 133
709 171
710 262
710 74
710 108
711 79
711 705
711 449
712 2
712 153
712 469
713 2
713 122
713 54
714 457
714 290
714 532
715 90
715 560
715 117
716 376
716 8
716 10
717 57
717 481
717 248
718 629
718 83
718 426
719 355
719 24
719 167
720 627
720 250
720 702
721 245
721 82
721 670
722 23
722 2
722 35
723 52
723 235
723 167
724 337
724 349
724 315
725 23
725 109
725 8
726 88
726 174
726 252
727 2
727 24
727 176
728 147
728 241
728 76
729 441
729 637
729 131
730 10
730 659
730 364
731 53
731 196
731 528
732 605
732 463
732 2
733 622
733 8
733 4
734 2
734 98
734 332
735 215
735 9
735 77
736 620
736 46
736 51
737 491
737 163
737 8
738 255
738 627
738 488
739 10
739 673
739 8
740 412
740 400
740 116
741 282
741 41
741 432
742 95
742 273
742 171
743 401
743 13
743 45
744 276
744 134
744 471
745 2
745 275
745 297
746 326
746 404
746 4
747 198
747 204
747 373
748 46
748 577
748 118
749 256
749 8
749 39
750 574
750 699
750 20
751 331
751 478
751 275
752 156
752 138
752 606
753 8
753 55
753 183
754 31
754 22
754 1
755 570
755 95
755 201
756 80
756 35
756 8
757 1
757 11
757 666
758 107
758 661
758 28
759 117
759 21
759 6
760 288
760 76
760 275
761 77
761 561
761 24
762 457
762 175
762 220
763 43
763 197
763 136
764 271
764 50
764 292
765 311
765 538
765 7
766 272
766 465
766 290
767 293
767 0
767 646
768 669
768 121
768 122
769 451
769 495
769 467
770 47
770 13
770 4
771 465
771 38
771 591
772 504
772 227
772 143
773 119
773 507
773 223
774 581
774 474
774 97
775 126
775 44
775 242
776 249
776 237
776 50
777 359
777 250
777 553
778 741
778 755
778 57
779 732
779 110
779 25
780 693
780 1
780 315
781 262
781 507
781 92
782 275
782 61
782 171
783 114
783 84
783 236
784 230
784 16
784 498
785 131
785 236
785 627
786 274
786 268
786 388
787 534
787 1
787 175
788 267
788 149
788 445
789 459
789 20
789 4
790 58
790 25
790 29
791 97
791 739
791 529
792 104
792 76
792 404
793 676
793 62
793 429
794 49
794 4
794 227
795 329
795 352
795 47
796 104
796 76
796 634
797 648
797 10
797 237
798 46
798 404
798 791
799 297
799 182
799 70
800 141
800 486
800 11
801 581
801 24
801 1
802 16
802 379
802 335
803 201
803 9
803 220
804 297
804 210
804 718
805 592
805 58
805 772
806 201
806 532
806 461
807 152
807 2
807 516
808 5
808 422
808 6
809 791
809 790
809 706
810 456
810 20
810 9
811 442
811 80
811 622
812 158
812 172
812 42
813 744
813 76
813 57
814 13
814 275
814 231
815 775
815 43
815 76
816 680
816 666
816 478
817 329
817 55
817 16
818 450
818 199
818 104
819 521
819 11
819 93
820 199
820 202
820 4
821 656
821 245
821 17
822 476
822 792
822 223
823 110
823 141
823 41
824 288
824 2
824 699
825 1
825 428
825 649
826 701
826 589
826 707
827 615
827 24
827 13
828 794
828 312
828 763
829 136
829 502
829 0
830 651
830 9
830 553
831 253
831 534
831 64
832 2
832 8
832 794
833 190
833 163
833 41
834 21
834 11
834 58
835 677
835 121
835 279
836 194
836 22
836 2
837 345
837 34
837 0
838 2
838 44
838 28
839 139
839 66
839 9
840 215
840 588
840 502
841 335
841 24
841 693
842 111
842 378
842 102
843 171
843 4
843 741
844 819
844 95
844 36
845 13
845 42
845 300
846 343
846 121
846 387
847 129
847 1
847 144
848 655
848 5
848 502
849 322
849 140
849 74
850 126
850 794
850 131
851 370
851 404
851 51
852 498
852 407
852 446
853 291
853 415
853 496
854 202
854 812
854 26
855 555
855 521
855 474
856 294
856 29
856 1
857 682
857 545
857 9
858 228
858 76
858 53
859 637
859 386
859 154
860 500
860 452
860 51
861 175
861 350
861 731
862 334
862 493
862 24
863 267
863 58
863 42
864 617
864 286
864 5
865 673
865 527
865 16
866 14
866 57
866 763
867 120
867 542
867 725
868 51
868 790
868 611
869 842
869 496
869 65
870 242
870 741
870 136
871 866
871 78
871 790
872 87
872 11
872 175
873 416
873 24
873 157
874 34
874 40
874 26
875 0
875 294
875 685
876 66
876 9
876 657
877 2
877 4
877 60
878 762
878 387
878 291
879 5
879 64
879 107
880 425
880 746
880 95
881 131
881 29
881 188
882 24
882 193
882 588
883 847
883 8
883 125
884 812
884 203
884 376
885 8
885 267
885 44
886 240
886 557
886 275
887 699
887 2
887 857
888 259
888 25
888 2
889 2
889 57
889 5
890 181
890 267
890 38
891 660
891 123
891 779
892 352
892 374
892 68
893 213
893 62
893 80
894 369
894 209
894 13
895 427
895 13
895 8
896 613
896 834
896 16
897 444
897 648
897 107
898 110
898 674
898 485
899 107
899 88
899 293
900 352
900 591
900 74
901 26
901 824
901 261
902 741
902 45
902 664
903 13
903 0
903 500
904 607
904 58
904 21
905 540
905 61
905 241
906 87
906 247
906 222
907 1
907 40
907 584
908 860
908 8
908 49
909 425
909 769
909 83
910 731
910 2
910 367
911 0
911 302
911 319
912 548
912 112
912 29
913 602
913 549
913 514
914 37
914 456
914 206
915 688
915 747
915 139
916 59
916 643
916 794
917 26
917 266
917 76
918 39
918 626
918 110
919 16
919 441
919 4
920 236
920 877
920 270
921 278
921 876
921 4
922 827
922 786
922 38
923 563
923 46
923 115
924 654
924 855
924 745
925 724
925 177
925 65
926 5
926 317
926 706
927 33
927 768
927 607
928 117
928 862
928 332
929 345
929 355
929 549
930 857
930 524
930 784
931 164
931 846
931 420
932 583
932 9
932 665
933 298
933 132
933 402
934 24
934 66
934 611
935 29
935 16
935 65
936 11
936 8
936 10
937 660
937 16
937 24
938 523
938 1
938 214
939 798
939 890
939 71
940 200
940 20
940 607
941 79
941 307
941 4
942 308
942 513
942 2
943 275
943 134
943 76
944 175
944 58
944 903
945 44
945 435
945 0
946 647
946 107
946 80
947 237
947 302
947 129
948 0
948 2
948 342
949 120
949 0
949 663
950 261
950 333
950 6
951 921
951 677
951 37
952 0
952 29
952 2
953 237
953 374
953 297
954 663
954 425
954 634
955 436
955 31
955 160
956 690
956 872
956 164
957 576
957 689
957 737
958 9
958 1
958 462
959 564
959 220
959 22
960 611
960 288
960 218
961 348
961 653
961 99
962 25
962 233
962 464
963 171
963 3
963 9
964 30
964 215
964 289
965 405
965 903
965 402
966 808
966 36
966 115
967 117
967 47
967 58
968 718
968 774
968 29
969 431
969 485
969 177
970 470
970 11
970 573
971 71
971 356
971 166
972 326
972 323
972 26
973 27
973 663
973 1
974 699
974 302
974 158
975 921
975 63
975 42
976 222
976 216
976 39
977 34
977 244
977 639
978 25
978 622
978 70
979 881
979 388
979 329
980 336
980 731
980 4
981 852
981 417
981 646
982 291
982 629
982 301
983 686
983 486
983 485
984 58
984 847
984 2
985 294
985 1
985 213
986 309
986 179
986 378
987 64
987 814
987 727
988 607
988 446
988 414
989 826
989 235
989 404
990 592
990 810
990 87
991 743
991 106
991 34
992 4
992 167
992 887
993 60
993 259
993 497
994 107
994 899
994 143
995 331
995 326
995 307
996 215
996 36
996 297
997 649
997 22
997 349
998 20
998 995
998 95
999 138
999 2
999 17
