0 1
1 0
2 1
2 0
3 0
3 1
3 2
4 0
4 1
4 2
5 2
5 1
5 0
6 2
6 5
6 0
7 0
7 1
7 4
8 5
8 1
8 6
9 1
9 6
9 2
10 3
10 0
10 1
11 6
11 3
11 5
12 2
12 9
12 5
13 6
13 12
13 0
14 4
14 2
14 5
15 10
15 6
15 0
16 5
16 12
16 6
17 4
17 14
17 6
18 2
18 6
18 17
19 5
19 7
19 10
20 13
20 5
20 9
21 11
21 20
21 0
22 2
22 15
22 0
23 18
23 12
23 5
24 4
24 16
24 0
25 10
25 6
25 11
26 8
26 2
26 4
27 23
27 26
27 5
28 24
28 2
28 4
29 17
29 21
29 4
30 29
30 16
30 9
31 7
31 5
31 28
32 11
32 20
32 14
33 20
33 0
33 2
34 2
34 0
34 12
35 18
35 6
35 11
36 4
36 1
36 0
37 35
37 8
37 12
38 2
38 0
38 23
39 15
39 20
39 1
40 0
40 2
40 10
41 37
41 13
41 22
42 0
42 1
42 24
43 41
43 10
43 24
44 4
44 17
44 30
45 2
45 5
45 16
46 35
46 29
46 4
47 37
47 0
47 29
48 25
48 5
48 23
49 27
49 7
49 14
50 48
50 18
50 11
51 3
51 6
51 2
52 0
52 21
52 41
53 48
53 0
53 29
54 29
54 0
54 35
55 6
55 53
55 21
56 15
56 6
56 27
57 29
57 9
57 2
58 1
58 43
58 4
59 6
59 32
59 43
60 50
60 49
60 0
61 0
61 47
61 14
62 15
62 46
62 49
63 48
63 54
63 6
64 24
64 47
64 43
65 50
65 64
65 18
66 13
66 38
66 8
67 25
67 60
67 1
68 5
68 37
68 57
69 58
69 0
69 48
70 15
70 20
70 41
71 47
71 7
71 11
72 10
72 0
72 16
73 43
73 12
73 25
74 4
74 41
74 2
75 36
75 0
75 11
76 58
76 9
76 7
77 13
77 2
77 1
78 46
78 20
78 35
79 20
79 6
79 19
80 63
80 13
80 1
81 70
81 50
81 8
82 12
82 38
82 63
83 1
83 12
83 75
84 10
84 2
84 43
85 15
85 61
85 18
86 52
86 24
86 35
87 12
87 75
87 47
88 24
88 0
88 43
89 43
89 74
89 35
90 30
90 16
90 51
91 6
91 7
91 19
92 89
92 18
92 49
93 0
93 10
93 75
94 11
94 43
94 20
95 11
95 30
95 6
96 7
96 2
96 47
97 3
97 52
97 89
98 62
98 97
98 11
99 66
99 2
99 49
