0 1
0 2
0 3
1 0
1 2
1 3
2 0
2 1
2 3
3 2
3 0
3 1
4 2
4 1
4 0
5 0
5 3
5 2
6 0
6 1
6 4
7 4
7 3
7 1
8 5
8 0
8 1
9 2
9 3
9 1
10 3
10 1
10 6
11 0
11 2
11 9
12 4
12 11
12 10
13 3
13 1
13 10
14 8
14 5
14 7
15 4
15 13
15 5
16 1
16 2
16 14
17 1
17 14
17 10
18 1
18 10
18 7
19 12
19 0
19 5
20 1
20 2
20 3
21 1
21 2
21 6
22 2
22 7
22 9
23 10
23 11
23 21
24 20
24 10
24 14
25 4
25 11
25 6
26 1
26 0
26 10
27 11
27 18
27 5
28 11
28 1
28 10
29 2
29 21
29 17
30 10
30 15
30 14
31 1
31 6
31 3
32 7
32 4
32 10
33 0
33 14
33 10
34 0
34 16
34 3
35 10
35 2
35 23
36 6
36 34
36 13
37 32
37 27
37 21
38 0
38 34
38 3
39 0
39 37
39 5
40 5
40 3
40 11
41 3
41 4
41 2
42 30
42 20
42 1
43 29
43 1
43 5
44 0
44 23
44 1
45 1
45 3
45 7
46 10
46 13
46 24
47 45
47 5
47 10
48 0
48 5
48 14
49 11
49 8
49 34
