0 1
1 0
2 1
2 0
3 0
3 2
3 1
4 1
4 2
4 0
5 1
5 0
5 3
6 0
6 1
6 3
7 3
7 0
7 5
8 1
8 2
8 7
9 6
9 7
9 8
10 8
10 1
10 5
11 9
11 4
11 2
12 8
12 7
12 9
13 0
13 7
13 11
14 0
14 8
14 6
15 7
15 6
15 8
16 0
16 13
16 1
17 6
17 0
17 8
18 10
18 9
18 7
19 18
19 2
19 0
20 5
20 19
20 8
21 5
21 9
21 1
22 16
22 1
22 4
23 21
23 6
23 12
24 14
24 0
24 1
25 6
25 8
25 4
26 8
26 1
26 16
27 5
27 8
27 14
28 27
28 25
28 0
29 0
29 4
29 9
30 2
30 7
30 21
31 6
31 25
31 1
32 2
32 9
32 10
33 10
33 29
33 0
34 31
34 6
34 17
35 5
35 14
35 19
36 7
36 3
36 4
37 1
37 19
37 5
38 32
38 1
38 14
39 37
39 15
39 7
40 20
40 7
40 17
41 38
41 32
41 15
42 14
42 17
42 3
43 33
43 1
43 4
44 32
44 1
44 9
45 8
45 14
45 0
46 1
46 2
46 15
47 5
47 9
47 22
48 19
48 12
48 5
49 1
49 8
49 42
