0 1
1 0
2 0
2 1
3 2
3 0
3 1
4 1
4 0
4 2
5 0
5 1
5 4
6 0
6 5
6 3
7 0
7 5
7 2
8 5
8 1
8 0
9 5
9 7
9 0
10 2
10 8
10 0
11 9
11 1
11 4
12 3
12 2
12 7
13 10
13 6
13 7
14 3
14 4
14 2
15 9
15 11
15 4
16 7
16 6
16 3
17 1
17 0
17 7
18 11
18 9
18 6
19 2
19 15
19 10
20 4
20 10
20 6
21 5
21 0
21 1
22 10
22 6
22 2
23 18
23 1
23 0
24 10
24 1
24 2
25 2
25 10
25 4
26 6
26 12
26 2
27 8
27 2
27 0
28 15
28 10
28 0
29 6
29 4
29 15
30 1
30 6
30 0
31 16
31 11
31 15
32 26
32 27
32 15
33 15
33 0
33 6
34 27
34 22
34 5
35 4
35 6
35 3
36 26
36 27
36 23
37 11
37 4
37 31
38 30
38 2
38 5
39 0
39 20
39 23
40 11
40 29
40 1
41 26
41 0
41 16
42 0
42 1
42 9
43 2
43 10
43 41
44 30
44 2
44 15
45 42
45 15
45 36
46 42
46 0
46 4
47 33
47 0
47 6
48 16
48 42
48 0
49 2
49 23
49 42
