0 1
1 0
2 1
2 0
3 1
3 0
3 2
4 2
4 1
4 0
5 4
5 1
5 2
6 1
6 4
6 5
7 1
7 6
7 5
8 7
8 4
8 2
9 0
9 2
9 8
10 5
10 0
10 7
11 2
11 0
11 4
12 8
12 2
12 7
13 0
13 11
13 1
14 7
14 2
14 8
15 5
15 1
15 4
16 3
16 9
16 0
17 1
17 0
17 7
18 2
18 7
18 5
19 0
19 9
19 4
20 0
20 12
20 1
21 1
21 15
21 16
22 7
22 1
22 6
23 6
23 21
23 13
24 13
24 2
24 4
25 6
25 3
25 8
26 21
26 5
26 1
27 3
27 8
27 15
28 16
28 7
28 27
29 7
29 0
29 1
30 2
30 7
30 9
31 14
31 10
31 2
32 2
32 6
32 1
33 4
33 1
33 17
34 26
34 31
34 17
35 23
35 12
35 16
36 5
36 28
36 20
37 22
37 29
37 28
38 1
38 4
38 34
39 37
39 2
39 1
40 7
40 3
40 37
41 8
41 29
41 1
42 9
42 15
42 1
43 20
43 4
43 37
44 8
44 3
44 5
45 36
45 1
45 38
46 4
46 30
46 7
47 1
47 37
47 15
48 12
48 15
48 4
49 2
49 0
49 4
50 21
50 4
50 1
51 45
51 12
51 21
52 25
52 3
52 43
53 22
53 5
53 34
54 17
54 22
54 2
55 47
55 10
55 5
56 45
56 1
56 6
57 21
57 3
57 2
58 29
58 2
58 28
59 28
59 0
59 7
60 1
60 21
60 25
61 23
61 8
61 41
62 16
62 19
62 1
63 3
63 11
63 10
64 25
64 43
64 2
65 54
65 45
65 13
66 0
66 2
66 1
67 32
67 50
67 10
68 45
68 10
68 51
69 39
69 9
69 58
70 0
70 3
70 48
71 9
71 55
71 1
72 17
72 22
72 12
73 13
73 3
73 31
74 51
74 8
74 28
75 23
75 37
75 58
76 48
76 65
76 0
77 58
77 17
77 1
78 37
78 74
78 11
79 2
79 25
79 67
80 7
80 58
80 48
81 37
81 67
81 51
82 8
82 2
82 43
83 3
83 48
83 81
84 2
84 22
84 76
85 56
85 2
85 45
86 5
86 1
86 78
87 35
87 19
87 10
88 23
88 8
88 81
89 39
89 81
89 19
90 67
90 26
90 35
91 90
91 66
91 58
92 3
92 76
92 4
93 34
93 39
93 38
94 35
94 34
94 4
95 28
95 42
95 21
96 1
96 89
96 45
97 7
97 13
97 63
98 1
98 6
98 18
99 2
99 50
99 84
