0 1
1 0
2 1
2 0
3 0
3 1
3 2
4 0
4 3
4 1
5 3
5 2
5 1
6 2
6 1
6 5
7 6
7 3
7 2
8 3
8 6
8 4
9 6
9 8
9 5
10 8
10 7
10 0
11 3
11 6
11 0
12 0
12 10
12 11
13 11
13 9
13 4
14 6
14 0
14 2
15 1
15 12
15 5
16 11
16 14
16 4
17 1
17 6
17 5
18 3
18 6
18 1
19 11
19 4
19 12
20 2
20 12
20 19
21 5
21 0
21 17
22 1
22 19
22 13
23 0
23 1
23 5
24 22
24 23
24 12
25 13
25 9
25 23
26 5
26 12
26 14
27 9
27 2
27 5
28 12
28 5
28 19
29 0
29 9
29 7
30 13
30 5
30 27
31 9
31 0
31 6
32 2
32 29
32 30
33 6
33 22
33 9
34 0
34 1
34 3
35 25
35 10
35 30
36 12
36 17
36 33
37 17
37 19
37 33
38 5
38 17
38 13
39 33
39 26
39 17
40 1
40 12
40 37
41 5
41 7
41 1
42 1
42 7
42 25
43 17
43 11
43 16
44 35
44 26
44 12
45 37
45 0
45 13
46 8
46 16
46 6
47 15
47 4
47 7
48 27
48 20
48 12
49 16
49 19
49 3
50 8
50 22
50 14
51 3
51 0
51 5
52 1
52 5
52 6
53 0
53 13
53 1
54 8
54 44
54 11
55 30
55 19
55 10
56 1
56 3
56 36
57 41
57 15
57 9
58 41
58 5
58 8
59 38
59 12
59 27
60 0
60 6
60 4
61 9
61 1
61 26
62 0
62 4
62 2
63 36
63 0
63 23
64 44
64 38
64 20
65 47
65 30
65 12
66 0
66 11
66 20
67 12
67 33
67 35
68 17
68 6
68 45
69 22
69 5
69 14
70 8
70 22
70 14
71 55
71 0
71 31
72 19
72 2
72 41
73 37
73 40
73 0
74 22
74 72
74 41
75 56
75 20
75 31
76 52
76 31
76 57
77 9
77 47
77 26
78 70
78 49
78 40
79 1
79 44
79 50
80 12
80 26
80 13
81 9
81 0
81 1
82 23
82 30
82 31
83 5
83 14
83 27
84 7
84 17
84 9
85 2
85 38
85 18
86 42
86 1
86 2
87 26
87 31
87 24
88 9
88 23
88 5
89 16
89 0
89 23
90 37
90 63
90 12
91 6
91 63
91 90
92 41
92 58
92 0
93 1
93 22
93 56
94 44
94 3
94 47
95 46
95 16
95 19
96 20
96 12
96 19
97 13
97 71
97 26
98 5
98 37
98 0
99 76
99 11
99 6
100 7
100 92
100 55
101 38
101 29
101 16
102 6
102 8
102 11
103 82
103 18
103 74
104 0
104 55
104 12
105 92
105 72
105 19
106 38
106 100
106 18
107 46
107 12
107 98
108 24
108 95
108 19
109 53
109 4
109 2
110 12
110 3
110 51
111 79
111 74
111 73
112 26
112 21
112 95
113 42
113 94
113 64
114 11
114 73
114 113
115 4
115 47
115 51
116 80
116 95
116 68
117 57
117 6
117 17
118 5
118 0
118 112
119 74
119 8
119 33
120 17
120 107
120 109
121 46
121 12
121 116
122 5
122 79
122 45
123 27
123 44
123 6
124 116
124 22
124 23
125 40
125 0
125 85
126 27
126 88
126 6
127 122
127 7
127 113
128 1
128 6
128 5
129 41
129 43
129 50
130 42
130 74
130 4
131 19
131 6
131 0
132 9
132 33
132 118
133 18
133 4
133 0
134 132
134 2
134 42
135 47
135 122
135 28
136 26
136 126
136 50
137 26
137 89
137 20
138 35
138 119
138 26
139 118
139 7
139 63
140 0
140 29
140 73
141 12
141 23
141 3
142 33
142 71
142 42
143 0
143 12
143 74
144 53
144 118
144 136
145 32
145 26
145 116
146 21
146 63
146 42
147 1
147 65
147 2
148 8
148 56
148 12
149 107
149 86
149 55
150 12
150 33
150 7
151 115
151 1
151 63
152 17
152 16
152 25
153 0
153 35
153 19
154 5
154 2
154 120
155 5
155 12
155 56
156 10
156 1
156 12
157 126
157 56
157 99
158 79
158 67
158 120
159 3
159 34
159 33
160 97
160 15
160 42
161 140
161 20
161 33
162 78
162 14
162 5
163 27
163 74
163 12
164 159
164 82
164 10
165 6
165 37
165 139
166 121
166 11
166 19
167 149
167 130
167 134
168 92
168 19
168 44
169 67
169 84
169 28
170 160
170 1
170 3
171 80
171 81
171 109
172 26
172 3
172 0
173 9
173 54
173 113
174 37
174 140
174 26
175 42
175 152
175 13
176 4
176 168
176 67
177 25
177 4
177 71
178 144
178 28
178 19
179 99
179 175
179 6
180 7
180 57
180 88
181 63
181 96
181 93
182 135
182 133
182 77
183 7
183 93
183 123
184 18
184 144
184 173
185 19
185 42
185 91
186 149
186 95
186 109
187 106
187 0
187 54
188 1
188 16
188 55
189 0
189 63
189 12
190 179
190 29
190 67
191 78
191 72
191 57
192 50
192 9
192 75
193 37
193 71
193 5
194 37
194 86
194 130
195 163
195 47
195 152
196 122
196 134
196 140
197 53
197 121
197 98
198 12
198 27
198 0
199 106
199 26
199 103
200 121
200 20
200 10
201 6
201 28
201 7
202 24
202 1
202 67
203 33
203 74
203 96
204 86
204 35
204 80
205 38
205 19
205 192
206 22
206 74
206 86
207 194
207 151
207 78
208 114
208 63
208 111
209 116
209 2
209 26
210 11
210 190
210 0
211 110
211 86
211 121
212 74
212 31
212 37
213 115
213 4
213 106
214 23
214 179
214 151
215 82
215 208
215 25
216 136
216 196
216 20
217 74
217 42
217 200
218 74
218 129
218 6
219 60
219 19
219 4
220 182
220 162
220 42
221 5
221 183
221 122
222 7
222 27
222 12
223 37
223 0
223 3
224 221
224 82
224 30
225 149
225 42
225 20
226 5
226 9
226 28
227 3
227 30
227 152
228 221
228 113
228 14
229 24
229 85
229 193
230 0
230 5
230 8
231 146
231 12
231 156
232 9
232 78
232 28
233 26
233 95
233 19
234 0
234 15
234 20
235 30
235 38
235 1
236 86
236 7
236 18
237 0
237 48
237 7
238 165
238 38
238 7
239 27
239 7
239 1
240 116
240 98
240 130
241 27
241 8
241 33
242 129
242 9
242 107
243 111
243 6
243 85
244 151
244 73
244 183
245 27
245 86
245 134
246 19
246 8
246 181
247 96
247 229
247 19
248 4
248 181
248 57
249 15
249 17
249 118
250 191
250 115
250 11
251 126
251 156
251 180
252 114
252 81
252 242
253 12
253 36
253 31
254 86
254 94
254 45
255 105
255 12
255 27
256 44
256 243
256 26
257 110
257 201
257 57
258 195
258 256
258 7
259 69
259 16
259 47
260 1
260 205
260 17
261 64
261 10
261 212
262 113
262 27
262 18
263 102
263 0
263 6
264 79
264 3
264 221
265 92
265 0
265 144
266 0
266 63
266 1
267 63
267 225
267 3
268 57
268 5
268 4
269 30
269 137
269 134
270 5
270 246
270 222
271 92
271 0
271 7
272 9
272 24
272 128
273 206
273 251
273 42
274 0
274 19
274 4
275 239
275 3
275 198
276 157
276 77
276 178
277 0
277 5
277 12
278 19
278 74
278 12
279 29
279 134
279 118
280 81
280 5
280 80
281 101
281 5
281 63
282 134
282 0
282 19
283 80
283 1
283 38
284 273
284 64
284 159
285 11
285 261
285 12
286 17
286 0
286 22
287 212
287 274
287 152
288 122
288 228
288 108
289 122
289 75
289 111
290 22
290 247
290 192
291 134
291 9
291 240
292 129
292 37
292 250
293 41
293 7
293 241
294 252
294 40
294 281
295 218
295 0
295 291
296 149
296 13
296 194
297 34
297 85
297 101
298 109
298 281
298 39
299 46
299 29
299 10
300 5
300 12
300 136
301 28
301 10
301 27
302 260
302 95
302 156
303 16
303 190
303 13
304 38
304 122
304 6
305 49
305 7
305 16
306 18
306 22
306 140
307 125
307 1
307 196
308 220
308 54
308 140
309 241
309 17
309 0
310 73
310 6
310 19
311 37
311 300
311 83
312 170
312 9
312 271
313 107
313 42
313 127
314 12
314 217
314 308
315 85
315 32
315 312
316 98
316 78
316 140
317 104
317 66
317 227
318 7
318 134
318 139
319 222
319 84
319 71
320 167
320 115
320 64
321 4
321 311
321 44
322 198
322 27
322 44
323 12
323 128
323 167
324 27
324 8
324 97
325 167
325 301
325 6
326 47
326 309
326 33
327 13
327 0
327 105
328 101
328 174
328 134
329 17
329 53
329 19
330 260
330 10
330 19
331 260
331 45
331 185
332 122
332 326
332 5
333 6
333 5
333 231
334 221
334 70
334 79
335 12
335 9
335 77
336 21
336 47
336 45
337 168
337 24
337 122
338 136
338 105
338 64
339 262
339 95
339 121
340 134
340 17
340 5
341 218
341 12
341 9
342 6
342 27
342 184
343 54
343 150
343 0
344 19
344 137
344 27
345 38
345 45
345 19
346 0
346 134
346 11
347 241
347 169
347 230
348 182
348 309
348 221
349 126
349 268
349 127
350 22
350 218
350 144
351 311
351 165
351 35
352 17
352 240
352 5
353 227
353 58
353 174
354 203
354 12
354 50
355 170
355 152
355 174
356 208
356 0
356 26
357 205
357 193
357 159
358 224
358 111
358 309
359 122
359 14
359 95
360 64
360 19
360 111
361 197
361 89
361 42
362 347
362 79
362 27
363 156
363 26
363 268
364 144
364 24
364 201
365 25
365 13
365 0
366 13
366 63
366 0
367 13
367 27
367 194
368 5
368 61
368 8
369 194
369 12
369 17
370 77
370 14
370 100
371 359
371 0
371 17
372 122
372 31
372 57
373 26
373 103
373 183
374 209
374 26
374 1
375 277
375 212
375 73
376 56
376 12
376 167
377 64
377 182
377 41
378 363
378 152
378 25
379 138
379 11
379 134
380 4
380 192
380 87
381 235
381 6
381 133
382 169
382 53
382 144
383 109
383 134
383 315
384 164
384 102
384 0
385 133
385 122
385 187
386 71
386 41
386 330
387 109
387 359
387 27
388 27
388 2
388 1
389 6
389 272
389 188
390 38
390 232
390 6
391 348
391 9
391 25
392 249
392 380
392 54
393 346
393 142
393 123
394 208
394 105
394 149
395 56
395 81
395 306
396 0
396 6
396 121
397 89
397 221
397 34
398 0
398 19
398 295
399 188
399 134
399 178
400 57
400 71
400 0
401 353
401 121
401 5
402 218
402 331
402 160
403 7
403 261
403 183
404 34
404 339
404 9
405 10
405 122
405 116
406 66
406 12
406 285
407 87
407 261
407 23
408 63
408 19
408 87
409 25
409 383
409 393
410 19
410 223
410 181
411 223
411 373
411 239
412 57
412 88
412 7
413 181
413 159
413 5
414 6
414 131
414 182
415 27
415 251
415 223
416 113
416 24
416 271
417 13
417 94
417 18
418 175
418 86
418 82
419 0
419 67
419 172
420 193
420 110
420 1
421 71
421 90
421 33
422 86
422 37
422 251
423 80
423 205
423 160
424 340
424 86
424 60
425 342
425 74
425 271
426 339
426 16
426 49
427 184
427 26
427 67
428 47
428 385
428 392
429 262
429 13
429 378
430 9
430 12
430 32
431 116
431 37
431 85
432 2
432 167
432 50
433 121
433 178
433 23
434 344
434 28
434 136
435 389
435 393
435 337
436 57
436 37
436 0
437 196
437 159
437 78
438 5
438 274
438 142
439 32
439 35
439 76
440 38
440 4
440 301
441 183
441 16
441 137
442 37
442 258
442 55
443 27
443 0
443 82
444 0
444 11
444 255
445 47
445 50
445 75
446 109
446 403
446 19
447 166
447 331
447 33
448 421
448 35
448 7
449 22
449 23
449 134
450 298
450 192
450 297
451 93
451 170
451 23
452 118
452 421
452 100
453 366
453 193
453 1
454 94
454 346
454 381
455 23
455 130
455 258
456 2
456 338
456 314
457 5
457 149
457 88
458 43
458 224
458 349
459 409
459 29
459 86
460 386
460 403
460 115
461 441
461 12
461 180
462 181
462 384
462 116
463 13
463 53
463 109
464 379
464 95
464 200
465 168
465 29
465 13
466 439
466 284
466 305
467 278
467 424
467 32
468 38
468 348
468 340
469 252
469 166
469 18
470 6
470 55
470 80
471 92
471 426
471 129
472 19
472 157
472 142
473 196
473 57
473 5
474 37
474 152
474 346
475 279
475 106
475 162
476 469
476 386
476 62
477 56
477 292
477 168
478 6
478 62
478 95
479 340
479 42
479 18
480 217
480 0
480 399
481 22
481 447
481 152
482 78
482 0
482 315
483 371
483 27
483 307
484 64
484 41
484 0
485 154
485 0
485 184
486 211
486 205
486 218
487 57
487 395
487 108
488 0
488 55
488 476
489 439
489 286
489 398
490 440
490 71
490 95
491 28
491 3
491 156
492 101
492 13
492 241
493 26
493 63
493 481
494 272
494 3
494 118
495 8
495 152
495 1
496 158
496 5
496 85
497 158
497 410
497 54
498 80
498 189
498 167
499 205
499 83
499 178
