0 1
1 0
2 1
2 0
3 0
3 1
3 2
4 1
4 3
4 2
5 3
5 0
5 2
6 0
6 4
6 1
7 1
7 3
7 2
8 6
8 3
8 4
9 1
9 2
9 0
10 2
10 9
10 4
11 1
11 0
11 2
12 8
12 0
12 9
13 3
13 2
13 12
14 6
14 1
14 2
15 10
15 2
15 3
16 14
16 0
16 2
17 16
17 0
17 6
18 0
18 6
18 2
19 0
19 17
19 14
20 15
20 2
20 13
21 8
21 6
21 12
22 17
22 7
22 4
23 2
23 3
23 16
24 16
24 0
24 23
25 2
25 0
25 1
26 6
26 0
26 16
27 19
27 23
27 0
28 25
28 0
28 24
29 0
29 6
29 1
30 8
30 21
30 17
31 1
31 14
31 0
32 6
32 0
32 2
33 2
33 1
33 17
34 16
34 17
34 4
35 6
35 7
35 31
36 31
36 4
36 1
37 32
37 24
37 13
38 31
38 24
38 26
39 0
39 35
39 16
40 2
40 10
40 23
41 9
41 17
41 15
42 3
42 2
42 13
43 5
43 1
43 24
44 27
44 6
44 23
45 2
45 27
45 11
46 7
46 3
46 0
47 9
47 44
47 41
48 28
48 0
48 45
49 10
49 1
49 46
