0 1
0 2
0 3
1 0
1 2
1 3
2 0
2 1
2 3
3 2
3 0
3 1
4 0
4 1
4 3
5 4
5 1
5 3
6 0
6 3
6 1
7 1
7 0
7 2
8 7
8 1
8 2
9 0
9 3
9 4
10 3
10 2
10 1
11 1
11 3
11 4
12 8
12 3
12 4
13 9
13 3
13 2
14 6
14 9
14 3
15 4
15 3
15 8
16 4
16 11
16 3
17 0
17 4
17 3
18 12
18 0
18 6
19 14
19 3
19 8
20 14
20 1
20 10
21 11
21 3
21 19
22 0
22 1
22 14
23 17
23 1
23 9
24 16
24 0
24 10
25 22
25 1
25 14
26 1
26 13
26 17
27 7
27 25
27 24
28 3
28 1
28 22
29 8
29 25
29 3
30 0
30 4
30 13
31 16
31 3
31 21
32 0
32 1
32 10
33 23
33 12
33 30
34 3
34 7
34 16
35 1
35 22
35 14
36 3
36 2
36 1
37 15
37 3
37 0
38 4
38 33
38 0
39 9
39 13
39 1
40 0
40 3
40 36
41 34
41 29
41 31
42 0
42 36
42 30
43 5
43 13
43 25
44 30
44 9
44 36
45 1
45 30
45 33
46 21
46 1
46 0
47 28
47 27
47 19
48 31
48 44
48 39
49 17
49 7
49 1
