0 1
0 2
0 3
0 5
0 6
0 10
0 11
0 12
0 13
0 14
0 15
1 0
1 2
1 3
1 4
1 5
1 7
1 8
1 10
1 12
1 13
1 15
1 17
1 18
2 0
2 1
2 3
2 4
2 7
2 8
2 9
2 18
2 19
3 1
3 2
3 0
3 4
3 6
3 9
3 11
3 13
3 18
4 3
4 1
4 2
4 5
4 7
4 10
4 14
4 16
5 1
5 4
5 0
5 6
5 11
5 16
6 5
6 3
6 0
7 4
7 1
7 2
7 8
7 12
7 17
7 19
8 1
8 2
8 7
8 9
9 8
9 2
9 3
10 4
10 0
10 1
10 16
10 17
11 3
11 0
11 5
11 15
12 7
12 1
12 0
13 3
13 0
13 1
13 14
14 13
14 4
14 0
15 1
15 11
15 0
16 5
16 4
16 10
16 19
17 10
17 1
17 7
18 2
18 1
18 3
19 16
19 7
19 2
