0 1
0 2
0 3
0 5
0 8
0 14
0 16
0 19
0 22
0 30
0 32
1 0
1 2
1 3
1 4
1 6
1 8
1 9
1 10
1 11
1 13
1 17
2 0
2 1
2 3
2 4
2 5
2 6
2 7
2 25
2 28
2 37
2 38
3 1
3 2
3 0
3 4
3 5
3 6
3 8
3 9
3 10
3 12
3 21
4 1
4 3
4 2
4 7
4 9
4 10
4 18
4 24
4 26
4 27
4 51
5 2
5 3
5 0
5 12
5 23
5 90
5 123
5 158
5 241
5 268
5 275
6 2
6 1
6 3
6 7
6 15
6 18
6 20
6 22
6 24
6 42
6 54
7 2
7 4
7 6
7 13
7 19
7 58
7 103
7 116
7 156
7 210
7 243
8 0
8 3
8 1
8 16
8 17
8 22
8 23
8 25
8 29
8 30
8 35
9 1
9 3
9 4
9 11
9 12
9 14
9 19
9 20
9 33
9 59
9 72
10 1
10 3
10 4
10 11
10 14
10 24
10 27
10 29
10 63
10 89
10 115
11 1
11 10
11 9
11 17
11 28
11 45
11 49
11 52
11 96
11 157
11 169
12 3
12 5
12 9
12 13
12 15
12 16
12 20
12 32
12 44
12 49
12 112
13 12
13 1
13 7
13 15
13 23
13 54
13 71
13 117
13 190
13 214
13 257
14 0
14 9
14 10
14 21
14 25
14 26
14 30
14 35
14 50
14 76
14 85
15 13
15 6
15 12
15 59
15 62
15 68
15 98
15 147
15 196
15 273
15 427
16 8
16 12
16 0
16 18
16 45
16 53
16 63
16 67
16 68
16 71
16 83
17 1
17 11
17 8
17 29
17 80
17 104
17 121
17 569
17 703
17 760
17 893
18 4
18 6
18 16
18 21
18 28
18 43
18 126
18 128
18 130
18 134
18 135
19 0
19 7
19 9
19 26
19 48
19 120
19 142
19 170
19 181
19 189
19 237
20 12
20 6
20 9
20 46
20 51
20 56
20 96
20 149
20 219
20 336
20 368
21 3
21 18
21 14
21 33
21 38
21 48
21 70
21 96
21 112
21 312
21 432
22 0
22 6
22 8
22 31
22 34
22 42
22 46
22 104
22 121
22 144
22 211
23 13
23 8
23 5
23 31
23 55
23 145
23 184
23 204
23 330
23 545
23 702
24 4
24 6
24 10
24 97
24 128
24 129
24 133
24 182
24 199
24 320
24 322
25 8
25 2
25 14
25 34
25 48
25 73
25 83
25 95
25 156
25 177
25 212
26 19
26 4
26 14
26 67
26 78
26 80
26 125
26 185
26 214
26 281
26 286
27 4
27 3
27 10
27 37
27 39
27 47
27 53
27 56
27 92
27 101
27 127
28 2
28 11
28 18
28 33
28 37
28 52
28 55
28 60
28 63
28 64
28 86
29 17
29 8
29 10
29 36
29 49
29 62
29 69
29 76
29 101
29 192
29 200
30 0
30 8
30 14
30 32
30 58
30 66
30 110
30 114
30 119
30 132
30 153
31 1
31 23
31 22
31 67
31 92
31 143
31 256
31 371
31 417
31 600
31 633
32 30
32 12
32 0
32 36
32 40
32 41
32 77
32 90
32 113
32 140
32 243
33 28
33 9
33 21
33 38
33 45
33 46
33 51
33 105
33 125
33 137
33 227
34 25
34 3
34 22
34 39
34 40
34 55
34 87
34 164
34 207
34 210
34 212
35 8
35 3
35 14
35 42
35 94
35 438
35 569
36 32
36 1
36 29
36 61
36 101
36 109
36 178
36 181
36 187
36 352
36 643
37 28
37 27
37 2
37 102
37 131
37 153
37 301
37 365
37 382
37 412
37 488
38 33
38 21
38 2
38 69
38 113
38 232
38 320
38 525
38 571
38 657
38 745
39 27
39 34
39 2
39 43
39 44
39 88
39 194
39 221
39 256
39 357
39 468
40 34
40 32
40 0
40 119
40 251
40 526
40 750
40 800
40 818
40 870
40 994
41 3
41 32
41 0
41 76
41 136
41 252
41 271
41 372
41 384
41 395
41 494
42 35
42 22
42 6
42 89
42 147
42 405
42 416
42 928
42 947
43 39
43 18
43 1
43 47
43 78
43 160
43 175
43 194
43 280
43 473
43 490
44 12
44 0
44 39
44 70
44 270
44 392
44 404
44 501
44 644
44 649
44 865
45 16
45 11
45 33
45 82
45 93
45 200
45 231
45 236
45 263
45 271
45 278
46 22
46 20
46 33
46 50
46 65
46 173
46 252
46 400
46 686
47 27
47 43
47 1
47 54
47 124
47 126
47 237
47 401
47 551
47 558
47 708
48 25
48 19
48 21
48 82
48 98
48 120
48 127
48 139
48 143
48 203
48 304
49 29
49 11
49 12
49 149
49 195
49 411
49 521
49 548
49 959
49 976
50 14
50 46
50 1
50 70
50 75
50 137
50 154
50 259
50 757
51 20
51 4
51 33
51 56
51 57
51 62
52 28
52 1
52 11
52 65
52 75
52 91
52 117
52 218
52 250
52 780
52 967
53 27
53 0
53 16
53 66
53 77
53 81
53 88
53 147
53 711
53 714
54 47
54 6
54 13
54 73
54 77
54 145
54 159
54 182
54 245
54 483
54 514
55 23
55 34
55 28
55 57
55 60
55 124
55 272
55 450
55 625
55 791
56 20
56 27
56 51
56 57
56 64
56 162
56 197
56 238
56 242
56 249
56 403
57 56
57 55
57 51
57 143
57 168
57 206
57 291
57 336
57 386
57 652
57 800
58 7
58 0
58 30
58 72
58 74
58 92
58 100
58 111
58 221
58 241
58 256
59 2
59 15
59 9
59 61
59 73
59 78
59 107
59 116
59 150
59 171
59 299
60 4
60 28
60 55
60 84
60 123
60 184
60 276
60 481
60 498
60 549
60 564
61 1
61 59
61 36
61 356
62 51
62 29
62 15
62 79
62 103
62 151
62 202
62 324
62 546
62 566
62 725
63 10
63 16
63 28
63 106
63 283
63 321
63 333
63 375
63 458
63 488
63 550
64 56
64 6
64 28
64 127
65 1
65 52
65 46
65 151
65 176
65 515
66 53
66 30
66 3
66 75
66 81
66 86
66 134
66 177
66 198
66 783
67 31
67 26
67 16
67 152
67 180
67 357
67 599
67 905
67 952
67 989
68 2
68 15
68 16
68 271
68 360
68 620
68 927
68 964
69 3
69 38
69 29
69 642
69 649
69 730
69 980
70 21
70 50
70 44
70 94
70 116
70 118
70 188
70 196
70 223
70 231
70 242
71 0
71 13
71 16
71 97
71 276
71 415
71 466
71 515
71 744
71 771
71 814
72 9
72 1
72 58
72 89
72 102
72 148
72 384
72 413
72 610
72 657
72 729
73 54
73 59
73 25
73 105
73 131
73 173
73 273
73 478
73 531
73 554
73 647
74 3
74 58
74 1
74 200
74 261
74 286
74 314
74 383
74 469
74 852
74 916
75 66
75 52
75 50
75 302
75 720
76 41
76 14
76 29
76 80
76 146
76 162
76 230
76 317
76 395
76 433
76 486
77 54
77 53
77 32
77 132
77 140
77 402
77 680
77 888
77 909
78 43
78 59
78 26
78 87
78 103
78 149
78 204
78 298
78 360
78 596
78 849
79 62
79 9
79 2
79 129
79 168
79 204
79 246
79 297
79 309
79 315
79 340
80 26
80 17
80 76
80 81
80 85
80 100
80 154
80 179
80 214
80 261
80 309
81 53
81 80
81 66
81 95
81 174
81 216
81 251
81 267
81 366
81 768
81 799
82 45
82 3
82 48
82 125
82 227
82 543
82 587
82 874
82 950
82 957
83 25
83 6
83 16
83 669
83 784
84 60
84 6
84 2
84 291
84 388
84 577
84 592
85 2
85 80
85 14
85 90
85 185
85 213
85 236
85 464
85 507
85 556
85 597
86 3
86 66
86 28
86 115
86 209
86 445
86 598
87 78
87 14
87 34
87 93
87 112
87 199
87 240
87 831
87 918
87 929
88 39
88 53
88 3
88 93
88 138
88 161
88 166
88 224
88 305
88 316
88 412
89 42
89 72
89 10
89 91
89 113
89 166
89 215
89 238
89 641
90 5
90 85
90 32
90 140
90 514
90 581
90 767
90 844
91 8
91 52
91 89
92 31
92 58
92 27
92 98
92 144
92 362
92 396
92 426
92 467
93 88
93 45
93 87
93 115
93 201
93 229
93 265
93 347
93 490
93 894
93 986
94 0
94 70
94 35
94 284
94 379
94 832
95 81
95 6
95 25
95 129
95 136
95 164
95 186
95 190
95 223
95 311
95 376
96 20
96 11
96 21
96 109
96 164
96 165
96 222
96 346
96 392
96 422
96 454
97 24
97 2
97 71
97 104
97 108
97 114
97 137
97 163
97 370
97 897
98 15
98 48
98 92
98 178
98 324
98 569
98 744
98 763
98 889
99 6
99 1
99 0
99 135
99 443
99 706
100 58
100 80
100 16
100 107
100 172
100 181
100 188
100 210
100 217
100 248
100 347
101 27
101 29
101 36
101 122
101 171
101 234
101 240
101 257
101 350
101 444
101 668
102 72
102 8
102 37
102 120
102 148
102 321
102 532
102 548
102 790
102 975
103 7
103 62
103 78
103 108
103 110
103 118
103 152
103 192
103 203
103 215
103 341
104 97
104 17
104 22
104 264
104 332
104 603
104 852
104 934
105 3
105 73
105 33
105 198
105 291
105 609
105 646
105 710
105 983
106 63
106 3
106 2
106 983
107 100
107 59
107 0
107 130
107 136
107 150
107 229
107 304
107 326
107 399
107 937
108 103
108 97
108 1
108 310
108 398
108 526
108 876
109 96
109 36
109 9
109 123
109 146
109 189
109 265
109 360
109 678
109 812
110 103
110 30
110 3
110 133
110 159
110 202
111 58
111 0
111 8
111 443
111 586
111 695
112 12
112 21
112 87
112 510
113 89
113 38
113 32
113 230
113 448
113 475
113 869
114 30
114 97
114 14
114 117
114 221
114 262
114 385
114 710
114 822
114 884
114 958
115 10
115 93
115 86
115 338
115 381
115 457
115 525
115 553
115 974
116 70
116 59
116 7
116 118
116 126
116 131
116 142
116 188
116 228
116 234
116 349
117 13
117 114
117 52
117 139
117 170
117 348
117 431
117 538
117 590
117 601
117 605
118 70
118 116
118 103
118 155
118 190
118 209
118 572
118 796
119 30
119 4
119 40
119 167
119 254
119 277
119 282
119 314
119 587
119 606
120 19
120 48
120 102
120 144
120 179
120 192
120 220
120 228
120 290
120 311
120 473
121 10
121 22
121 17
121 124
121 138
121 191
121 213
121 351
121 389
121 565
121 697
122 101
122 1
122 6
122 166
122 169
122 706
122 928
123 109
123 5
123 60
123 180
123 235
123 250
123 308
123 397
123 494
123 614
123 699
124 47
124 55
124 121
124 174
124 205
124 264
124 585
124 651
124 848
124 930
125 82
125 33
125 26
125 148
125 215
125 267
125 318
125 456
125 611
125 631
125 777
126 47
126 116
126 18
126 216
126 287
126 296
126 363
126 501
126 503
126 546
126 915
127 64
127 27
127 48
127 135
127 187
127 213
127 302
127 317
127 365
127 433
127 574
128 2
128 24
128 18
128 209
128 220
128 263
128 875
129 79
129 95
129 24
129 218
129 275
129 313
129 517
130 18
130 3
130 107
130 508
130 865
131 37
131 73
131 116
131 141
131 162
131 165
131 197
131 412
131 447
131 535
132 27
132 77
132 30
132 176
132 522
132 733
133 27
133 110
133 24
133 141
133 158
133 163
133 179
133 479
133 493
133 795
133 985
134 66
134 18
134 12
134 155
135 99
135 127
135 18
135 195
135 544
135 681
135 859
135 970
136 41
136 107
136 95
136 146
136 157
136 274
136 327
136 394
136 419
136 442
136 476
137 33
137 97
137 50
137 165
137 278
137 366
137 403
137 442
137 496
137 622
137 821
138 8
138 88
138 121
138 183
138 292
138 359
138 421
139 117
139 1
139 48
139 235
139 446
139 464
140 90
140 32
140 77
140 155
140 236
140 379
140 484
140 608
140 804
141 2
141 131
141 133
141 169
141 186
141 285
141 306
141 328
141 450
141 648
141 688
142 116
142 10
142 19
142 429
142 972
143 57
143 31
143 48
143 295
143 306
143 380
143 400
143 966
144 22
144 120
144 92
144 152
144 197
144 208
144 269
144 306
144 379
144 517
144 713
145 1
145 54
145 23
145 275
145 462
145 789
145 872
146 136
146 76
146 109
146 160
146 191
146 216
146 383
146 496
146 533
146 580
147 42
147 15
147 53
147 151
147 187
147 193
147 301
147 355
147 383
147 815
147 875
148 72
148 102
148 125
148 168
148 172
148 653
148 734
149 20
149 78
149 49
149 150
149 171
149 176
149 218
149 344
149 410
149 432
149 476
150 59
150 149
150 107
150 153
150 207
150 211
150 426
150 632
151 147
151 62
151 65
151 194
151 229
151 238
151 248
151 255
151 319
151 367
151 373
152 144
152 67
152 103
152 448
152 511
152 575
152 798
153 30
153 37
153 150
153 217
153 421
153 576
153 714
153 856
154 50
154 14
154 80
154 159
154 341
154 397
154 860
154 957
155 134
155 140
155 118
155 167
155 170
155 195
155 212
155 246
155 495
155 497
155 514
156 25
156 0
156 7
156 220
156 226
156 556
156 600
156 601
156 700
156 782
157 27
157 136
157 11
157 263
157 272
157 356
157 454
157 727
157 949
158 133
158 5
158 27
158 186
158 233
158 422
158 515
158 795
159 110
159 154
159 54
159 260
159 380
159 422
159 451
159 503
159 581
159 770
160 146
160 43
160 30
160 334
160 345
160 890
161 12
161 88
161 3
161 320
161 482
161 656
161 691
162 131
162 56
162 76
162 289
162 687
162 692
163 133
163 9
163 97
163 185
163 350
163 370
163 661
163 904
164 96
164 95
164 34
165 96
165 137
165 131
165 301
165 323
165 325
165 359
165 505
165 832
166 122
166 89
166 88
166 231
166 434
166 920
167 10
167 119
167 155
167 223
167 307
167 664
167 866
167 974
168 79
168 148
168 57
168 193
168 430
168 632
168 989
169 122
169 141
169 11
169 211
169 278
169 308
169 315
169 626
169 841
169 864
169 982
170 19
170 155
170 117
170 279
170 423
170 448
171 101
171 59
171 149
171 178
171 260
171 361
171 431
172 100
172 148
172 1
172 225
172 452
172 543
172 584
172 918
172 976
173 46
173 73
173 30
173 561
173 940
174 124
174 81
174 8
174 365
174 531
174 849
174 926
174 992
175 2
175 43
175 3
175 294
175 310
175 485
175 566
175 579
175 620
175 720
175 773
176 65
176 132
176 149
176 240
176 329
176 330
176 368
176 405
176 493
177 25
177 66
177 0
177 253
177 368
177 406
177 436
177 478
177 487
177 559
177 718
178 36
178 98
178 171
178 201
178 208
178 305
178 376
178 409
178 563
178 906
178 942
179 80
179 133
179 120
179 719
179 896
179 979
180 67
180 123
180 14
180 317
180 342
180 424
180 931
181 19
181 100
181 36
181 443
181 572
181 792
182 6
182 24
182 54
182 342
182 361
182 928
183 138
183 6
183 4
183 230
183 232
183 351
183 408
184 23
184 60
184 8
184 553
185 26
185 85
185 163
185 701
185 808
186 95
186 158
186 141
186 265
187 147
187 127
187 36
187 224
187 241
187 297
187 474
187 709
187 793
187 842
187 960
188 116
188 100
188 70
188 375
188 488
188 661
188 820
188 879
189 109
189 4
189 19
189 266
189 324
189 352
189 557
190 95
190 118
190 13
190 205
190 254
190 396
190 597
190 754
190 978
191 146
191 6
191 121
191 336
191 370
191 510
191 622
191 695
192 29
192 103
192 120
192 325
192 846
193 147
193 2
193 168
193 196
193 429
193 822
194 39
194 43
194 151
194 198
194 367
194 470
194 616
194 636
194 924
194 966
195 135
195 49
195 155
195 206
195 280
195 299
195 481
195 658
195 682
196 193
196 15
196 70
196 239
196 245
196 302
196 378
196 436
196 646
196 679
196 726
197 131
197 56
197 144
197 203
197 232
197 250
197 262
197 286
197 652
197 857
198 66
198 105
198 194
198 226
198 279
198 377
198 396
198 529
198 558
198 683
198 911
199 87
199 24
199 30
199 489
199 633
200 29
200 74
200 45
201 178
201 3
201 93
201 207
201 284
202 110
202 62
202 2
202 208
203 197
203 48
203 103
203 255
203 277
203 290
203 292
203 328
203 341
203 391
203 468
204 23
204 78
204 79
204 248
204 258
204 656
204 894
205 12
205 190
205 124
205 475
205 529
205 611
205 901
206 57
206 195
206 28
206 222
206 224
206 293
206 298
206 323
206 339
206 408
206 409
207 34
207 201
207 150
207 387
207 414
207 661
207 785
208 178
208 144
208 202
208 217
208 274
208 354
208 391
208 491
208 494
208 578
208 877
209 118
209 128
209 86
209 293
209 333
209 596
209 689
209 803
209 820
209 845
209 869
210 34
210 100
210 7
210 453
210 594
210 901
211 22
211 150
211 169
211 308
211 353
211 455
211 555
211 600
211 863
211 986
212 155
212 25
212 34
212 313
213 85
213 121
213 127
213 247
213 283
214 26
214 13
214 80
214 589
215 103
215 125
215 89
215 261
215 347
215 506
215 583
216 146
216 126
216 81
216 461
216 814
216 926
217 153
217 208
217 100
217 408
217 813
218 149
218 52
218 129
218 423
218 968
219 18
219 16
219 20
219 225
219 279
220 128
220 156
220 120
220 299
220 334
220 366
221 58
221 114
221 39
221 364
221 369
221 399
221 406
221 461
221 931
221 965
222 96
222 206
222 34
222 225
222 400
223 95
223 70
223 167
223 374
224 187
224 206
224 88
224 467
224 489
224 499
224 685
224 921
224 925
225 219
225 222
225 172
225 234
225 249
225 274
225 423
225 982
226 3
226 156
226 198
226 260
226 407
226 919
227 82
227 33
227 29
227 243
227 280
227 300
227 337
227 455
227 595
227 810
228 116
228 25
228 120
228 338
228 358
228 435
228 596
228 870
228 876
229 93
229 107
229 151
229 373
229 480
229 518
229 664
229 726
229 888
230 113
230 76
230 183
230 353
230 703
231 166
231 70
231 45
231 632
231 736
232 197
232 183
232 38
232 290
232 318
232 342
232 387
232 716
233 25
233 9
233 158
233 239
233 547
233 613
233 720
234 225
234 101
234 116
234 244
234 254
234 474
234 627
234 698
234 815
235 139
235 0
235 123
235 333
235 645
235 913
236 140
236 85
236 45
236 743
236 776
236 868
237 19
237 10
237 47
237 245
237 270
237 288
237 610
237 645
238 151
238 56
238 89
238 344
238 763
239 10
239 196
239 233
239 315
239 444
240 176
240 101
240 87
240 251
240 311
240 413
240 435
240 469
240 527
240 677
240 714
241 58
241 5
241 187
241 322
241 446
241 456
241 588
241 776
242 56
242 70
242 0
242 482
243 32
243 227
243 7
243 273
243 282
243 327
243 449
243 570
243 688
243 834
244 234
244 33
244 6
244 411
245 237
245 54
245 196
245 331
245 486
245 510
245 545
245 616
245 882
245 903
245 949
246 30
246 79
246 155
246 313
246 314
246 805
246 968
247 33
247 16
247 213
248 151
248 204
248 100
248 335
248 780
249 225
249 56
249 25
249 425
249 451
249 574
250 52
250 123
250 197
250 635
250 892
251 81
251 240
251 40
251 437
251 505
251 532
251 591
251 776
251 861
251 908
251 924
252 0
252 41
252 46
252 520
253 29
253 12
253 177
253 282
253 667
253 956
254 234
254 119
254 190
254 595
255 203
255 1
255 151
255 268
255 281
255 295
255 511
255 734
255 916
256 39
256 31
256 58
256 355
256 375
256 555
256 708
256 963
257 29
257 13
257 101
257 626
257 802
257 846
257 858
258 204
258 34
258 28
259 50
259 58
259 4
259 303
259 346
259 350
259 362
259 402
259 502
259 588
259 973
260 171
260 226
260 159
260 281
260 319
260 361
260 454
260 716
260 898
261 215
261 74
261 80
261 498
261 746
261 844
262 197
262 9
262 114
262 292
262 300
262 344
262 418
262 642
262 823
263 45
263 157
263 128
263 371
263 439
263 440
263 472
263 500
263 561
263 639
264 27
264 104
264 124
264 303
264 343
265 93
265 109
265 186
265 450
265 609
266 7
266 189
266 0
266 284
266 300
266 321
266 339
266 458
266 554
266 616
266 638
267 0
267 125
267 81
267 307
267 358
267 390
267 530
267 643
267 837
268 34
268 255
268 5
268 285
268 287
268 348
268 507
268 537
268 549
268 605
268 930
269 58
269 34
269 144
269 298
269 617
270 237
270 27
270 44
270 337
271 45
271 68
271 41
271 499
271 959
271 995
272 157
272 22
272 55
272 381
272 407
272 487
272 537
272 540
272 567
272 676
272 756
273 73
273 15
273 243
274 136
274 208
274 225
274 348
275 129
275 145
275 5
275 285
275 376
275 532
275 587
275 767
275 907
275 931
276 2
276 71
276 60
276 527
276 615
276 935
277 119
277 9
277 203
277 296
277 779
278 137
278 45
278 169
278 401
278 650
278 658
278 757
279 170
279 198
279 219
279 447
279 504
279 779
280 43
280 227
280 195
280 288
280 420
280 585
280 663
280 945
281 260
281 26
281 255
281 679
281 929
282 253
282 119
282 243
282 593
282 765
283 63
283 29
283 213
283 498
283 639
283 651
284 201
284 94
284 266
284 895
284 992
285 268
285 275
285 141
285 296
285 387
285 439
285 523
285 562
285 804
285 933
286 26
286 74
286 197
286 524
286 686
286 755
286 915
286 993
287 6
287 126
287 268
288 0
288 237
288 280
288 458
288 534
289 162
289 0
289 26
289 597
289 609
289 670
289 686
289 702
290 120
290 203
290 232
290 326
290 374
290 484
290 827
290 837
290 950
291 57
291 84
291 105
291 712
291 846
291 942
292 262
292 138
292 203
292 530
293 206
293 14
293 209
293 359
293 707
293 759
293 951
294 175
294 26
294 7
295 255
295 143
295 6
295 356
295 547
295 625
296 126
296 277
296 285
296 316
296 466
296 578
296 647
296 778
297 187
297 79
297 70
297 326
297 459
297 467
297 490
297 889
297 941
298 269
298 206
298 78
298 355
298 724
299 59
299 220
299 195
299 331
299 369
299 866
300 262
300 227
300 266
300 378
300 577
301 165
301 37
301 147
301 357
301 766
302 196
302 75
302 127
302 617
302 876
303 259
303 45
303 264
303 327
303 424
303 572
303 611
303 648
303 682
303 904
303 990
304 107
304 1
304 48
304 309
304 391
304 424
304 472
304 817
304 856
305 32
305 178
305 88
305 614
305 734
305 740
306 143
306 144
306 141
306 335
307 267
307 3
307 167
307 582
308 169
308 123
308 211
308 363
308 457
308 748
308 806
308 901
309 80
309 304
309 79
309 441
309 464
309 690
309 789
310 108
310 0
310 175
310 397
310 481
311 95
311 240
311 120
311 451
311 516
311 523
311 594
311 612
311 678
312 21
312 30
312 6
312 352
312 420
312 895
313 212
313 246
313 129
313 329
313 512
313 536
313 840
313 898
314 119
314 74
314 246
314 509
314 511
314 588
314 836
315 239
315 79
315 169
315 346
315 592
316 296
316 88
316 14
316 471
316 527
316 560
316 899
317 76
317 180
317 127
317 381
317 493
317 639
317 904
318 9
318 125
318 232
318 369
318 388
318 525
319 18
319 151
319 260
319 700
319 938
320 161
320 38
320 24
320 325
320 364
320 688
320 828
320 916
321 266
321 63
321 102
321 354
321 580
321 953
322 80
322 24
322 241
323 206
323 0
323 165
323 349
323 564
323 751
324 62
324 98
324 189
324 602
324 772
324 821
324 854
324 908
325 192
325 165
325 320
325 442
325 471
325 565
325 764
325 771
325 863
325 908
326 290
326 107
326 297
326 340
326 857
327 243
327 303
327 136
327 393
327 436
328 203
328 141
328 1
328 372
328 413
328 428
328 500
329 29
329 176
329 313
330 23
330 176
330 7
330 482
330 628
330 954
331 245
331 299
331 6
331 362
331 378
331 393
331 497
331 671
331 746
331 799
332 3
332 10
332 104
332 419
332 839
333 63
333 209
333 235
333 477
333 992
334 14
334 220
334 160
334 495
334 522
334 538
334 591
334 943
335 6
335 306
335 248
335 583
336 191
336 20
336 57
336 338
336 453
336 742
336 884
337 227
337 6
337 270
337 384
337 389
337 506
337 541
337 843
337 962
338 336
338 115
338 228
338 584
338 778
338 794
339 30
339 266
339 206
339 460
340 326
340 45
340 79
340 353
340 354
340 417
340 677
340 861
340 909
340 997
341 203
341 103
341 154
341 394
341 473
341 506
341 819
341 953
342 182
342 180
342 232
342 461
343 1
343 103
343 264
344 262
344 238
344 149
344 390
344 414
344 462
344 500
344 523
344 830
345 6
345 5
345 160
345 792
345 988
346 315
346 259
346 96
346 584
346 781
346 989
347 215
347 93
347 100
347 398
347 652
348 268
348 274
348 117
348 427
348 858
349 80
349 323
349 116
349 402
349 419
349 785
350 259
350 101
350 163
350 522
350 618
350 719
351 183
351 121
351 33
352 36
352 312
352 189
352 471
352 550
353 340
353 230
353 211
353 417
353 590
353 704
354 208
354 321
354 340
354 425
354 557
354 624
354 634
354 923
354 997
355 256
355 147
355 298
355 432
355 460
355 563
356 295
356 61
356 157
356 873
356 913
357 301
357 67
357 39
357 673
358 228
358 267
358 32
358 462
358 726
358 736
358 780
358 816
359 138
359 293
359 165
359 393
360 68
360 109
360 78
360 399
360 456
360 744
361 171
361 260
361 182
361 465
361 540
361 718
361 787
361 823
361 868
361 962
362 331
362 259
362 92
362 364
362 499
363 126
363 16
363 308
363 445
363 509
363 637
363 669
363 815
363 885
363 887
364 221
364 362
364 320
364 404
364 428
364 953
365 174
365 37
365 127
365 636
366 220
366 81
366 137
366 501
366 825
366 870
367 151
367 12
367 194
367 706
367 783
368 176
368 20
368 177
368 449
368 544
368 594
369 299
369 221
369 318
369 518
369 579
369 867
370 191
370 163
370 97
370 793
371 30
371 31
371 263
371 552
372 0
372 41
372 328
372 553
372 598
373 151
373 33
373 229
373 394
374 290
374 30
374 223
375 63
375 256
375 188
375 608
375 762
376 275
376 95
376 178
376 416
376 628
376 969
377 198
377 6
377 80
378 331
378 196
378 300
378 380
378 410
378 434
378 440
378 681
378 749
378 810
379 94
379 140
379 144
379 446
379 619
379 741
380 159
380 378
380 143
380 455
380 534
380 542
380 974
381 272
381 115
381 317
381 539
382 116
382 103
382 37
382 670
383 146
383 147
383 74
383 430
383 468
383 937
384 337
384 41
384 72
384 433
384 836
385 14
385 114
385 48
385 414
385 479
385 537
385 802
386 57
386 116
386 79
386 554
386 946
387 285
387 232
387 207
387 687
388 22
388 84
388 318
388 747
389 45
389 121
389 337
389 407
389 513
389 551
390 30
390 267
390 344
391 304
391 208
391 203
391 415
391 453
392 13
392 44
392 96
392 519
392 630
392 685
392 715
392 944
393 327
393 331
393 359
393 440
393 853
394 373
394 341
394 136
394 620
394 656
395 76
395 24
395 41
395 629
395 945
396 190
396 198
396 92
396 750
397 154
397 123
397 310
397 560
398 100
398 108
398 347
398 727
398 754
398 831
398 899
399 221
399 107
399 360
399 709
399 921
399 990
400 222
400 46
400 143
400 466
400 801
401 278
401 47
401 80
401 435
401 463
401 492
401 759
401 817
402 349
402 77
402 259
402 439
402 465
402 834
403 137
403 11
403 56
404 44
404 364
404 0
404 425
404 429
404 489
404 573
404 840
405 42
405 176
405 29
406 8
406 177
406 221
406 675
406 715
406 722
406 731
407 389
407 272
407 226
407 438
407 920
407 984
408 206
408 217
408 183
408 627
409 206
409 22
409 178
409 483
410 149
410 28
410 378
410 672
411 32
411 49
411 244
411 447
411 512
411 621
411 970
412 131
412 37
412 88
412 619
413 240
413 328
413 72
413 925
413 994
414 344
414 207
414 385
414 659
415 391
415 71
415 30
415 492
415 552
416 376
416 42
416 151
416 452
416 903
417 31
417 340
417 353
418 29
418 262
418 45
418 480
419 349
419 332
419 136
419 756
419 907
420 20
420 280
420 312
420 421
421 153
421 138
421 420
421 535
421 607
421 623
421 712
422 158
422 96
422 159
423 218
423 170
423 225
423 645
423 827
423 954
424 304
424 303
424 180
424 565
424 697
424 759
424 843
425 249
425 354
425 404
425 430
425 699
425 747
426 45
426 92
426 150
426 460
427 348
427 3
427 15
428 328
428 0
428 364
428 713
429 404
429 142
429 193
429 459
429 729
430 383
430 425
430 168
430 550
430 633
430 739
430 804
430 895
431 33
431 117
431 171
431 813
431 851
432 355
432 149
432 21
432 542
432 567
432 653
433 127
433 384
433 76
433 551
433 634
433 640
433 697
434 166
434 48
434 378
434 529
435 240
435 401
435 228
435 952
435 980
436 196
436 327
436 177
436 606
436 678
436 811
437 70
437 251
437 30
437 691
438 407
438 35
438 15
438 646
438 737
439 263
439 402
439 285
440 393
440 378
440 263
440 668
440 752
441 32
441 22
441 309
441 807
442 137
442 325
442 136
443 111
443 99
443 181
443 463
443 518
443 760
443 872
443 967
443 991
444 101
444 239
444 13
444 672
444 839
445 363
445 86
445 12
445 548
445 705
445 829
446 379
446 241
446 139
446 603
446 733
447 411
447 131
447 279
447 625
447 892
447 923
448 113
448 170
448 152
449 7
449 368
449 243
449 486
449 909
450 141
450 55
450 265
451 311
451 249
451 159
451 836
451 971
452 416
452 172
452 30
452 954
453 391
453 210
453 336
454 96
454 260
454 157
454 508
454 536
455 227
455 380
455 211
455 692
455 760
455 851
456 360
456 125
456 241
456 457
456 534
456 711
456 891
456 973
457 115
457 456
457 308
458 288
458 63
458 266
458 946
459 22
459 429
459 297
459 797
459 837
460 355
460 339
460 426
460 559
461 221
461 216
461 342
461 670
462 145
462 358
462 344
462 463
463 401
463 462
463 443
464 309
464 85
464 139
465 402
465 361
465 206
465 660
465 797
465 902
466 296
466 71
466 400
466 960
467 224
467 92
467 297
467 812
468 203
468 39
468 383
468 615
468 885
469 240
469 25
469 74
470 2
470 194
470 70
470 614
470 650
471 325
471 316
471 352
471 654
471 917
472 5
472 263
472 304
473 341
473 43
473 120
473 745
474 27
474 187
474 234
474 603
474 684
475 205
475 6
475 113
475 502
475 660
476 136
476 149
476 0
476 503
476 586
476 602
476 739
476 774
477 88
477 333
477 136
478 177
478 73
478 80
478 579
478 667
479 133
479 39
479 385
479 758
479 956
480 229
480 418
480 58
480 810
480 824
481 195
481 60
481 310
481 521
481 628
482 242
482 330
482 161
483 206
483 54
483 409
483 485
483 539
484 32
484 140
484 290
484 561
485 483
485 116
485 175
485 613
486 449
486 245
486 76
487 177
487 14
487 272
488 63
488 188
488 37
488 491
488 589
488 662
488 917
489 404
489 224
489 199
489 571
489 641
489 662
489 844
489 861
490 297
490 43
490 93
490 552
490 624
491 19
491 488
491 208
491 662
491 891
491 993
492 401
492 415
492 6
493 317
493 176
493 133
493 497
493 654
494 41
494 123
494 208
494 571
494 826
494 855
495 155
495 76
495 334
495 773
495 878
496 136
496 146
496 137
497 331
497 155
497 493
497 651
497 663
498 261
498 283
498 60
498 637
498 932
499 362
499 224
499 271
499 613
499 682
499 809
500 344
500 263
500 328
500 886
501 44
501 366
501 126
501 547
501 607
501 647
502 475
502 259
502 1
503 159
503 476
503 126
503 519
503 530
503 638
504 151
504 279
504 7
504 573
504 748
504 752
504 808
505 41
505 251
505 165
505 745
505 762
506 341
506 337
506 215
506 509
506 576
506 586
506 630
506 867
507 268
507 8
507 85
507 624
508 130
508 8
508 454
508 674
508 887
509 363
509 506
509 314
510 245
510 112
510 191
510 648
511 152
511 314
511 255
512 313
512 22
512 411
512 556
512 683
512 749
512 758
513 30
513 80
513 389
513 842
514 54
514 155
514 90
515 71
515 65
515 158
515 653
515 700
515 742
515 951
516 8
516 311
516 30
516 555
517 144
517 54
517 129
517 575
518 229
518 369
518 443
518 677
518 735
518 794
519 503
519 120
519 392
519 524
519 585
520 252
520 45
520 206
520 640
520 657
520 675
521 49
521 481
521 80
522 350
522 334
522 132
523 285
523 344
523 311
523 841
524 286
524 519
524 80
525 38
525 115
525 318
526 40
526 108
526 58
527 316
527 276
527 240
527 607
528 43
528 6
528 95
529 205
529 434
529 198
529 973
530 267
530 292
530 503
530 612
530 750
530 769
530 811
530 897
530 910
531 174
531 73
531 7
531 539
532 275
532 251
532 102
532 696
532 729
532 924
532 961
533 146
533 56
533 79
533 574
533 805
534 380
534 288
534 456
534 538
534 605
534 704
535 421
535 131
535 6
535 977
536 313
536 0
536 454
536 802
536 962
537 385
537 272
537 268
538 334
538 534
538 117
538 631
538 790
538 817
538 905
538 964
539 483
539 381
539 531
539 887
540 361
540 20
540 272
540 589
540 784
541 32
541 337
541 100
541 753
542 1
542 380
542 432
543 82
543 25
543 172
543 567
543 757
543 770
544 135
544 16
544 368
544 689
544 952
545 245
545 23
545 6
545 672
546 126
546 33
546 62
547 295
547 233
547 501
548 49
548 102
548 445
548 853
548 941
549 60
549 268
549 26
549 591
549 629
550 430
550 63
550 352
551 433
551 47
551 389
551 623
552 371
552 415
552 490
552 654
552 710
552 788
553 115
553 184
553 372
553 791
554 386
554 73
554 266
554 583
554 914
555 211
555 516
555 256
555 735
555 768
556 512
556 156
556 85
557 189
557 354
557 70
557 755
558 206
558 47
558 198
558 719
559 177
559 27
559 460
559 576
559 622
559 833
560 316
560 37
560 397
560 790
561 173
561 263
561 484
561 593
562 206
562 285
562 58
562 725
563 178
563 6
563 355
564 323
564 60
564 70
564 891
565 325
565 121
565 424
566 7
566 175
566 62
566 636
567 272
567 432
567 543
567 694
567 761
568 12
568 1
568 19
568 615
568 658
568 732
569 35
569 17
569 98
569 606
570 48
570 116
570 243
570 949
571 494
571 38
571 489
571 630
572 303
572 181
572 118
572 741
572 879
573 504
573 10
573 404
573 955
573 990
574 127
574 533
574 249
574 577
575 152
575 517
575 21
576 559
576 153
576 506
577 300
577 574
577 84
577 679
577 728
578 208
578 30
578 296
579 478
579 175
579 369
580 146
580 321
580 39
580 850
580 969
581 95
581 159
581 90
582 307
582 136
582 2
582 684
582 944
583 335
583 215
583 554
583 644
583 705
583 939
584 346
584 172
584 338
584 608
584 786
584 798
585 124
585 519
585 280
585 739
585 778
585 812
585 938
586 506
586 476
586 111
587 275
587 82
587 119
587 933
588 241
588 259
588 314
588 940
589 540
589 488
589 214
590 117
590 39
590 353
590 660
590 764
591 251
591 549
591 334
591 604
591 690
592 14
592 84
592 315
593 20
593 282
593 561
593 764
593 849
594 368
594 210
594 311
594 752
594 851
595 227
595 2
595 254
596 209
596 228
596 78
597 190
597 289
597 85
597 618
598 0
598 86
598 372
598 995
599 67
599 116
599 6
599 671
599 695
599 925
599 927
600 156
600 211
600 31
600 694
601 117
601 15
601 156
602 100
602 476
602 324
603 104
603 446
603 474
603 675
603 826
604 16
604 63
604 591
605 534
605 268
605 117
606 436
606 119
606 569
606 955
607 421
607 527
607 501
607 822
608 375
608 584
608 140
609 265
609 289
609 105
609 655
609 766
610 1
610 237
610 72
611 303
611 205
611 125
611 707
611 765
611 816
611 829
612 530
612 9
612 311
613 233
613 499
613 485
613 664
613 816
614 470
614 123
614 305
615 276
615 568
615 468
615 674
615 912
616 194
616 245
616 266
616 801
617 80
617 302
617 269
617 769
618 350
618 597
618 24
618 786
619 155
619 412
619 379
619 735
619 981
620 68
620 394
620 175
621 120
621 411
621 43
621 751
622 191
622 137
622 559
622 943
622 996
623 421
623 18
623 551
624 490
624 507
624 354
624 659
624 888
624 946
625 295
625 55
625 447
626 28
626 257
626 169
627 408
627 234
627 60
627 663
628 376
628 330
628 481
628 690
629 395
629 10
629 549
630 506
630 571
630 392
630 635
630 698
631 538
631 125
631 0
632 168
632 150
632 231
633 31
633 430
633 199
633 792
634 433
634 6
634 354
634 864
635 630
635 20
635 250
636 566
636 194
636 365
636 753
636 824
637 363
637 29
637 498
637 862
638 503
638 32
638 266
638 641
639 263
639 317
639 283
640 9
640 520
640 433
640 886
641 89
641 489
641 638
641 758
641 882
642 203
642 262
642 69
642 772
643 41
643 267
643 36
643 709
644 44
644 21
644 583
645 235
645 423
645 237
645 848
646 438
646 105
646 196
646 961
647 73
647 501
647 296
647 731
647 737
647 803
647 998
648 303
648 141
648 510
648 702
648 845
648 998
649 44
649 48
649 69
649 676
649 715
649 777
649 853
650 470
650 278
650 6
650 659
651 124
651 283
651 497
652 197
652 347
652 57
652 765
653 515
653 148
653 432
654 552
654 493
654 471
655 609
655 21
655 100
656 394
656 161
656 204
656 761
657 38
657 72
657 520
657 797
657 865
657 919
658 195
658 278
658 568
658 718
658 979
659 650
659 414
659 624
660 475
660 465
660 590
661 188
661 207
661 163
662 489
662 488
662 491
662 769
663 280
663 497
663 627
663 701
663 939
664 229
664 613
664 167
664 689
664 749
665 70
665 79
665 63
666 56
666 9
666 29
666 898
667 253
667 478
667 8
668 45
668 440
668 101
669 363
669 24
669 83
669 673
669 786
669 787
669 807
670 461
670 289
670 382
670 896
671 599
671 331
671 0
671 708
672 545
672 444
672 410
672 738
672 912
673 1
673 669
673 357
673 991
674 615
674 508
674 120
674 787
675 603
675 520
675 406
676 272
676 120
676 649
676 818
676 981
677 240
677 518
677 340
677 743
677 781
678 109
678 436
678 311
678 711
678 826
678 877
678 920
679 196
679 281
679 577
680 60
680 77
680 33
681 378
681 127
681 135
681 717
681 721
682 499
682 303
682 195
683 198
683 512
683 1
683 991
684 474
684 582
684 136
684 967
685 224
685 203
685 392
686 46
686 286
686 289
687 79
687 387
687 162
688 243
688 320
688 141
688 819
689 664
689 544
689 209
689 740
689 871
690 309
690 591
690 628
690 840
691 437
691 161
691 4
692 455
692 6
692 162
693 22
693 6
693 4
694 567
694 600
694 80
694 874
695 191
695 599
695 111
695 747
695 903
696 1
696 532
696 15
696 751
696 918
697 424
697 121
697 433
698 630
698 234
698 30
698 704
698 935
698 988
699 425
699 79
699 123
699 788
699 838
700 515
700 319
700 156
700 724
701 185
701 663
701 103
702 23
702 648
702 289
702 779
703 10
703 17
703 230
704 534
704 698
704 353
704 809
704 847
705 29
705 583
705 445
705 823
705 961
706 367
706 99
706 122
706 791
706 835
707 611
707 26
707 293
708 256
708 47
708 671
709 643
709 187
709 399
709 897
710 105
710 552
710 114
711 456
711 53
711 678
711 818
712 80
712 291
712 421
712 740
713 144
713 428
713 4
713 774
714 53
714 153
714 240
715 649
715 406
715 392
716 232
716 260
716 0
717 681
717 7
717 34
717 722
718 361
718 658
718 177
719 350
719 558
719 179
719 833
720 175
720 233
720 75
720 724
720 761
720 788
720 842
721 681
721 266
721 95
722 79
722 406
722 717
722 872
722 874
723 95
723 6
723 18
724 700
724 298
724 720
724 730
725 562
725 203
725 62
725 799
725 978
726 358
726 229
726 196
727 157
727 398
727 21
728 577
728 1
728 60
728 880
729 429
729 72
729 532
730 724
730 69
730 121
730 762
731 647
731 406
731 79
732 568
732 14
732 9
733 103
733 132
733 446
733 864
734 305
734 148
734 255
734 985
735 619
735 555
735 518
736 358
736 231
736 22
736 773
737 438
737 3
737 647
737 922
737 972
738 12
738 3
738 672
739 585
739 476
739 430
740 305
740 712
740 689
740 850
741 379
741 7
741 572
742 80
742 515
742 336
742 834
743 677
743 236
743 240
743 755
743 858
744 71
744 98
744 360
745 38
745 473
745 505
746 261
746 39
746 331
746 941
747 425
747 695
747 388
747 825
748 30
748 308
748 504
748 833
748 965
749 664
749 512
749 378
749 845
749 969
750 530
750 40
750 396
751 621
751 696
751 323
752 440
752 504
752 594
753 636
753 541
753 100
754 43
754 190
754 398
754 890
755 557
755 286
755 743
756 272
756 36
756 419
757 50
757 278
757 543
758 641
758 512
758 479
758 828
758 885
759 424
759 401
759 293
759 808
760 17
760 443
760 455
760 980
761 720
761 656
761 567
762 730
762 505
762 375
763 98
763 238
763 2
764 325
764 593
764 590
765 611
765 652
765 282
766 301
766 609
766 103
767 30
767 275
767 90
767 814
768 18
768 555
768 81
768 957
769 617
769 662
769 530
770 25
770 543
770 159
770 830
771 71
771 103
771 325
772 144
772 324
772 642
772 894
773 495
773 736
773 175
773 829
774 476
774 121
774 713
775 7
775 266
775 60
775 880
776 236
776 241
776 251
777 56
777 649
777 125
777 839
778 585
778 296
778 338
778 795
779 279
779 702
779 277
779 863
780 248
780 358
780 52
781 346
781 677
781 21
782 24
782 31
782 156
783 3
783 367
783 66
784 3
784 540
784 83
785 349
785 34
785 207
786 669
786 584
786 618
787 669
787 361
787 674
788 552
788 720
788 699
789 22
789 145
789 309
789 801
789 860
790 538
790 560
790 102
791 706
791 55
791 553
791 869
792 345
792 181
792 633
792 999
793 187
793 370
793 3
794 2
794 518
794 338
795 133
795 158
795 778
796 100
796 34
796 118
797 657
797 459
797 465
798 152
798 19
798 584
799 331
799 725
799 81
799 841
799 896
800 57
800 40
800 80
800 934
801 400
801 616
801 789
802 257
802 536
802 385
802 820
803 647
803 63
803 209
804 430
804 140
804 285
804 889
805 20
805 533
805 246
806 308
806 121
806 29
807 272
807 669
807 441
808 504
808 759
808 185
808 979
809 704
809 499
809 196
810 378
810 480
810 227
810 917
811 1
811 436
811 530
812 109
812 585
812 467
812 813
813 431
813 217
813 812
813 976
814 216
814 71
814 767
815 363
815 147
815 234
815 933
816 358
816 613
816 611
817 401
817 304
817 538
817 838
818 40
818 711
818 676
819 688
819 63
819 341
820 188
820 209
820 802
821 88
821 324
821 137
821 859
822 607
822 114
822 193
823 705
823 361
823 262
823 912
824 137
824 636
824 480
825 28
825 366
825 747
825 936
826 678
826 603
826 494
827 196
827 423
827 290
827 856
828 7
828 758
828 320
829 611
829 773
829 445
829 996
830 770
830 344
830 48
830 914
830 988
831 116
831 398
831 87
832 94
832 165
832 123
833 719
833 748
833 559
833 862
833 995
834 243
834 402
834 742
835 125
835 706
835 6
836 384
836 314
836 451
836 855
837 459
837 267
837 290
838 817
838 699
838 31
839 444
839 777
839 332
840 690
840 313
840 404
841 523
841 799
841 169
841 873
842 513
842 720
842 187
843 337
843 424
843 127
844 90
844 261
844 489
845 749
845 209
845 648
846 291
846 257
846 192
847 8
847 704
847 27
848 124
848 645
848 3
849 593
849 78
849 174
850 6
850 740
850 580
851 455
851 594
851 431
851 862
852 104
852 206
852 74
853 548
853 393
853 649
853 997
854 13
854 324
854 1
855 31
855 494
855 836
855 860
855 960
856 827
856 153
856 304
857 8
857 326
857 197
858 257
858 743
858 348
859 821
859 125
859 135
859 883
859 910
859 998
860 789
860 154
860 855
861 340
861 489
861 251
862 637
862 851
862 833
863 211
863 325
863 779
864 733
864 634
864 169
864 934
865 657
865 130
865 44
865 923
866 299
866 167
866 6
867 25
867 506
867 369
867 877
868 361
868 2
868 236
869 209
869 113
869 791
870 40
870 228
870 366
871 125
871 6
871 689
872 443
872 722
872 145
872 906
873 356
873 14
873 841
873 982
874 694
874 82
874 722
874 987
875 96
875 147
875 128
875 913
876 228
876 302
876 108
877 678
877 208
877 867
878 120
878 495
878 19
879 188
879 572
879 38
880 775
880 728
880 127
880 932
881 266
881 63
881 3
882 9
882 245
882 641
883 209
883 18
883 859
884 336
884 13
884 114
885 363
885 468
885 758
886 60
886 500
886 640
887 539
887 363
887 508
888 624
888 77
888 229
889 297
889 804
889 98
890 160
890 20
890 754
891 564
891 456
891 491
892 447
892 8
892 250
893 17
893 27
893 196
893 948
894 772
894 204
894 93
895 284
895 312
895 430
896 670
896 799
896 179
897 97
897 530
897 709
898 260
898 666
898 313
899 398
899 316
899 33
899 975
900 9
900 0
900 127
901 210
901 205
901 308
902 45
902 465
902 9
903 695
903 245
903 416
904 317
904 163
904 303
905 67
905 56
905 538
906 178
906 16
906 872
907 275
907 419
907 209
908 251
908 324
908 325
909 77
909 449
909 340
910 859
910 530
910 4
911 78
911 198
911 24
912 823
912 615
912 672
913 235
913 356
913 875
914 830
914 554
914 2
915 126
915 286
915 81
915 971
916 320
916 255
916 74
917 810
917 488
917 471
918 172
918 696
918 87
919 657
919 72
919 226
920 678
920 407
920 166
921 117
921 399
921 224
921 977
922 737
922 120
922 21
923 354
923 865
923 447
924 251
924 532
924 194
924 935
925 224
925 413
925 599
925 963
926 216
926 174
926 100
927 68
927 7
927 599
928 122
928 182
928 42
929 87
929 101
929 281
930 32
930 124
930 268
931 180
931 221
931 275
931 985
932 880
932 498
932 1
933 587
933 285
933 815
934 104
934 864
934 800
935 698
935 924
935 276
936 825
936 80
936 21
936 939
937 107
937 383
937 198
937 944
938 585
938 319
938 15
939 936
939 583
939 663
939 996
940 173
940 588
940 15
941 746
941 297
941 548
942 178
942 291
942 2
943 622
943 334
943 268
943 956
944 937
944 392
944 582
944 972
945 280
945 240
945 395
946 458
946 624
946 386
947 47
947 42
947 100
948 177
948 32
948 893
949 245
949 157
949 570
949 958
950 290
950 123
950 82
951 515
951 60
951 293
952 67
952 544
952 435
953 364
953 321
953 341
954 423
954 330
954 452
955 573
955 606
955 1
955 993
956 479
956 943
956 253
957 82
957 154
957 768
958 44
958 949
958 114
959 96
959 49
959 271
960 466
960 855
960 187
961 532
961 646
961 705
962 337
962 361
962 536
963 925
963 4
963 256
964 68
964 80
964 538
965 123
965 748
965 221
966 143
966 21
966 194
967 684
967 443
967 52
968 218
968 246
968 137
969 376
969 749
969 580
970 411
970 56
970 135
970 971
971 451
971 915
971 970
972 944
972 142
972 737
973 456
973 529
973 259
974 167
974 115
974 380
975 899
975 102
975 71
976 813
976 172
976 49
977 9
977 535
977 921
978 725
978 190
978 11
979 179
979 658
979 808
980 760
980 435
980 69
981 103
981 619
981 676
982 169
982 225
982 873
983 105
983 54
983 106
984 3
984 36
984 407
985 734
985 931
985 133
986 93
986 14
986 211
987 19
987 874
987 7
987 999
988 698
988 830
988 345
989 67
989 346
989 168
990 303
990 399
990 573
991 683
991 443
991 673
992 284
992 333
992 174
993 955
993 286
993 491
994 413
994 40
994 3
995 833
995 598
995 271
996 939
996 622
996 829
997 853
997 340
997 354
998 648
998 859
998 647
999 987
999 16
999 792
