0 1
0 2
0 3
1 0
1 2
1 3
2 0
2 1
2 3
3 0
3 2
3 1
4 2
4 3
4 0
5 0
5 1
5 3
6 2
6 1
6 0
7 5
7 0
7 3
8 3
8 0
8 5
9 1
9 0
9 2
10 3
10 1
10 0
11 5
11 0
11 1
12 2
12 1
12 0
13 9
13 5
13 0
14 0
14 1
14 6
15 2
15 0
15 4
16 0
16 9
16 3
17 6
17 2
17 9
18 17
18 0
18 9
19 9
19 0
19 1
20 9
20 2
20 6
21 9
21 5
21 1
22 2
22 0
22 3
23 1
23 10
23 2
24 2
24 16
24 0
25 0
25 17
25 1
26 2
26 22
26 0
27 23
27 0
27 9
28 0
28 9
28 1
29 19
29 5
29 0
30 3
30 2
30 1
31 2
31 0
31 17
32 3
32 28
32 18
33 0
33 1
33 2
34 9
34 0
34 8
35 21
35 0
35 1
36 1
36 3
36 29
37 6
37 22
37 36
38 4
38 13
38 0
39 1
39 14
39 2
40 36
40 9
40 0
41 3
41 18
41 1
42 2
42 3
42 22
43 1
43 0
43 3
44 1
44 14
44 16
45 3
45 9
45 0
46 13
46 40
46 9
47 3
47 17
47 2
48 24
48 10
48 27
49 21
49 2
49 0
50 8
50 1
50 0
51 42
51 0
51 4
52 0
52 40
52 1
53 9
53 12
53 45
54 24
54 13
54 2
55 3
55 2
55 45
56 55
56 40
56 3
57 1
57 39
57 0
58 57
58 7
58 3
59 1
59 38
59 10
60 51
60 0
60 49
61 16
61 19
61 3
62 52
62 58
62 1
63 49
63 50
63 1
64 39
64 0
64 49
65 59
65 2
65 22
66 1
66 32
66 28
67 1
67 2
67 36
68 9
68 15
68 0
69 1
69 47
69 3
70 22
70 1
70 0
71 44
71 19
71 38
72 3
72 5
72 12
73 5
73 51
73 22
74 26
74 51
74 23
75 34
75 35
75 45
76 67
76 1
76 13
77 26
77 42
77 57
78 52
78 9
78 71
79 0
79 1
79 40
80 0
80 1
80 71
81 0
81 79
81 55
82 3
82 18
82 9
83 1
83 24
83 2
84 2
84 81
84 52
85 1
85 68
85 0
86 0
86 1
86 81
87 82
87 21
87 8
88 3
88 13
88 38
89 40
89 77
89 17
90 82
90 81
90 0
91 3
91 16
91 10
92 26
92 39
92 19
93 9
93 5
93 44
94 54
94 52
94 79
95 65
95 36
95 17
96 91
96 27
96 90
97 49
97 75
97 2
98 5
98 36
98 8
99 33
99 5
99 78
100 9
100 57
100 10
101 40
101 86
101 99
102 57
102 3
102 68
103 1
103 36
103 0
104 0
104 47
104 48
105 3
105 5
105 83
106 103
106 9
106 77
107 40
107 2
107 56
108 36
108 59
108 82
109 77
109 3
109 102
110 2
110 9
110 81
111 0
111 24
111 101
112 59
112 108
112 58
113 93
113 108
113 77
114 88
114 19
114 0
115 1
115 83
115 102
116 0
116 33
116 45
117 65
117 2
117 14
118 99
118 33
118 62
119 3
119 23
119 2
120 44
120 59
120 36
121 41
121 4
121 9
122 98
122 2
122 13
123 0
123 2
123 33
124 120
124 1
124 79
125 77
125 81
125 83
126 1
126 50
126 0
127 58
127 50
127 57
128 3
128 9
128 0
129 13
129 44
129 0
130 17
130 29
130 28
131 60
131 0
131 56
132 77
132 123
132 0
133 103
133 0
133 71
134 89
134 0
134 59
135 40
135 33
135 10
136 50
136 126
136 75
137 13
137 3
137 19
138 61
138 1
138 27
139 101
139 95
139 76
140 6
140 34
140 38
141 73
141 0
141 9
142 0
142 139
142 82
143 44
143 45
143 9
144 0
144 50
144 55
145 2
145 21
145 6
146 79
146 36
146 0
147 67
147 89
147 145
148 3
148 2
148 13
149 2
149 142
149 37
150 36
150 127
150 15
151 1
151 136
151 36
152 117
152 2
152 38
153 142
153 17
153 65
154 38
154 9
154 3
155 2
155 132
155 40
156 23
156 64
156 79
157 95
157 21
157 17
158 65
158 70
158 25
159 41
159 91
159 132
160 19
160 148
160 145
161 1
161 98
161 35
162 144
162 68
162 139
163 57
163 18
163 99
164 1
164 67
164 0
165 2
165 1
165 9
166 57
166 0
166 2
167 44
167 0
167 38
168 0
168 124
168 26
169 1
169 168
169 2
170 71
170 155
170 49
171 49
171 81
171 148
172 117
172 26
172 158
173 40
173 6
173 65
174 70
174 60
174 120
175 1
175 124
175 38
176 33
176 163
176 58
177 175
177 158
177 33
178 3
178 22
178 35
179 166
179 160
179 0
180 0
180 67
180 126
181 6
181 160
181 145
182 5
182 10
182 51
183 26
183 37
183 29
184 22
184 49
184 160
185 0
185 111
185 24
186 38
186 117
186 30
187 98
187 23
187 3
188 0
188 3
188 1
189 65
189 16
189 0
190 18
190 185
190 121
191 0
191 92
191 169
192 9
192 1
192 150
193 12
193 51
193 0
194 57
194 44
194 91
195 0
195 9
195 13
196 193
196 134
196 15
197 168
197 21
197 185
198 3
198 21
198 36
199 129
199 171
199 32
200 2
200 9
200 1
201 23
201 40
201 21
202 138
202 124
202 95
203 38
203 168
203 21
204 9
204 135
204 168
205 2
205 109
205 26
206 35
206 3
206 77
207 43
207 39
207 0
208 0
208 21
208 160
209 98
209 133
209 183
210 178
210 69
210 28
211 98
211 9
211 67
212 5
212 208
212 10
213 118
213 51
213 79
214 28
214 10
214 134
215 0
215 15
215 77
216 13
216 120
216 0
217 22
217 0
217 89
218 116
218 139
218 52
219 15
219 1
219 167
220 1
220 100
220 17
221 62
221 135
221 0
222 28
222 221
222 160
223 1
223 2
223 168
224 5
224 6
224 32
225 199
225 157
225 117
226 101
226 165
226 142
227 28
227 87
227 14
228 3
228 96
228 25
229 108
229 18
229 183
230 164
230 140
230 168
231 172
231 77
231 147
232 30
232 19
232 5
233 27
233 180
233 5
234 216
234 74
234 27
235 140
235 194
235 17
236 75
236 164
236 3
237 0
237 9
237 120
238 41
238 199
238 89
239 1
239 96
239 0
240 8
240 17
240 185
241 21
241 171
241 107
242 2
242 98
242 161
243 22
243 75
243 98
244 4
244 19
244 75
245 30
245 71
245 62
246 61
246 52
246 0
247 40
247 66
247 226
248 86
248 84
248 94
249 180
249 47
249 214
250 0
250 109
250 59
251 149
251 215
251 1
252 2
252 22
252 52
253 233
253 0
253 199
254 23
254 152
254 0
255 102
255 101
255 250
256 57
256 175
256 1
257 78
257 8
257 65
258 89
258 9
258 105
259 0
259 59
259 144
260 50
260 199
260 0
261 18
261 21
261 50
262 25
262 100
262 28
263 49
263 22
263 2
264 219
264 124
264 110
265 157
265 98
265 13
266 3
266 159
266 167
267 1
267 0
267 132
268 13
268 147
268 218
269 65
269 9
269 83
270 9
270 3
270 230
271 41
271 259
271 83
272 16
272 1
272 154
273 24
273 222
273 147
274 12
274 41
274 231
275 119
275 21
275 75
276 201
276 83
276 3
277 16
277 59
277 77
278 144
278 175
278 111
279 36
279 149
279 276
280 37
280 128
280 178
281 183
281 160
281 68
282 9
282 44
282 0
283 152
283 41
283 93
284 185
284 93
284 162
285 6
285 0
285 24
286 30
286 21
286 88
287 37
287 3
287 17
288 91
288 58
288 13
289 1
289 13
289 30
290 84
290 142
290 219
291 0
291 18
291 10
292 82
292 165
292 111
293 62
293 234
293 0
294 50
294 57
294 189
295 185
295 276
295 26
296 18
296 179
296 156
297 0
297 271
297 36
298 81
298 0
298 51
299 59
299 40
299 24
300 132
300 29
300 220
301 16
301 123
301 3
302 163
302 82
302 49
303 45
303 18
303 49
304 1
304 118
304 208
305 9
305 148
305 18
306 280
306 252
306 136
307 185
307 77
307 167
308 98
308 140
308 175
309 3
309 279
309 28
310 51
310 3
310 35
311 225
311 66
311 77
312 136
312 292
312 200
313 167
313 300
313 6
314 49
314 290
314 124
315 283
315 123
315 259
316 95
316 120
316 300
317 21
317 180
317 40
318 303
318 0
318 86
319 0
319 143
319 266
320 42
320 116
320 212
321 49
321 77
321 20
322 142
322 0
322 10
323 82
323 270
323 46
324 99
324 133
324 130
325 79
325 0
325 6
326 73
326 0
326 15
327 281
327 237
327 27
328 290
328 9
328 0
329 99
329 138
329 210
330 72
330 183
330 261
331 160
331 95
331 175
332 250
332 157
332 330
333 172
333 9
333 261
334 125
334 290
334 59
335 227
335 42
335 47
336 75
336 300
336 331
337 156
337 23
337 3
338 290
338 127
338 35
339 327
339 212
339 121
340 81
340 93
340 1
341 3
341 9
341 13
342 36
342 203
342 103
343 38
343 123
343 52
344 57
344 9
344 5
345 252
345 190
345 3
346 334
346 144
346 27
347 77
347 328
347 166
348 81
348 40
348 21
349 200
349 35
349 38
350 196
350 40
350 45
351 3
351 51
351 21
352 26
352 67
352 175
353 48
353 13
353 116
354 121
354 300
354 0
355 7
355 201
355 125
356 123
356 2
356 302
357 262
357 290
357 51
358 5
358 33
358 66
359 201
359 0
359 36
360 4
360 128
360 237
361 126
361 278
361 22
362 97
362 19
362 54
363 353
363 238
363 4
364 9
364 302
364 24
365 89
365 195
365 48
366 32
366 182
366 0
367 123
367 301
367 42
368 238
368 51
368 71
369 138
369 364
369 57
370 33
370 287
370 2
371 0
371 9
371 90
372 133
372 99
372 3
373 231
373 325
373 0
374 230
374 178
374 262
375 19
375 89
375 9
376 3
376 77
376 131
377 9
377 65
377 367
378 224
378 185
378 282
379 325
379 0
379 185
380 3
380 11
380 79
381 50
381 0
381 108
382 9
382 5
382 266
383 233
383 111
383 2
384 9
384 3
384 186
385 6
385 58
385 267
386 144
386 194
386 2
387 100
387 109
387 0
388 293
388 0
388 32
389 34
389 51
389 356
390 19
390 79
390 123
391 36
391 32
391 82
392 381
392 98
392 2
393 224
393 339
393 174
394 2
394 218
394 369
395 230
395 98
395 144
396 6
396 77
396 0
397 65
397 295
397 76
398 387
398 140
398 212
399 145
399 5
399 284
400 341
400 377
400 120
401 392
401 40
401 28
402 2
402 5
402 341
403 1
403 130
403 339
404 219
404 175
404 231
405 291
405 0
405 48
406 36
406 75
406 185
407 0
407 315
407 171
408 179
408 34
408 198
409 303
409 26
409 207
410 392
410 298
410 0
411 169
411 106
411 73
412 23
412 356
412 193
413 286
413 321
413 353
414 225
414 266
414 257
415 262
415 2
415 398
416 58
416 2
416 200
417 160
417 44
417 94
418 0
418 23
418 120
419 158
419 51
419 335
420 153
420 216
420 0
421 15
421 141
421 14
422 33
422 0
422 27
423 52
423 143
423 5
424 416
424 263
424 3
425 22
425 21
425 334
426 22
426 137
426 32
427 165
427 274
427 333
428 287
428 280
428 0
429 17
429 252
429 294
430 161
430 369
430 2
431 229
431 0
431 93
432 16
432 3
432 178
433 17
433 180
433 369
434 26
434 25
434 303
435 356
435 360
435 36
436 125
436 293
436 124
437 380
437 149
437 40
438 92
438 132
438 77
439 284
439 111
439 400
440 342
440 300
440 351
441 2
441 111
441 91
442 1
442 63
442 41
443 292
443 140
443 263
444 413
444 170
444 215
445 25
445 126
445 27
446 335
446 59
446 320
447 9
447 159
447 202
448 2
448 127
448 413
449 3
449 19
449 150
450 282
450 286
450 249
451 68
451 342
451 2
452 135
452 42
452 24
453 83
453 27
453 176
454 300
454 200
454 133
455 38
455 28
455 399
456 409
456 40
456 30
457 267
457 199
457 65
458 0
458 27
458 431
459 185
459 0
459 5
460 0
460 361
460 200
461 196
461 158
461 382
462 10
462 265
462 82
463 158
463 12
463 3
464 50
464 3
464 308
465 341
465 28
465 148
466 320
466 3
466 47
467 323
467 149
467 234
468 112
468 216
468 27
469 35
469 19
469 178
470 9
470 321
470 454
471 107
471 75
471 87
472 405
472 168
472 147
473 300
473 9
473 59
474 445
474 40
474 432
475 1
475 22
475 290
476 1
476 160
476 175
477 2
477 323
477 124
478 425
478 75
478 138
479 318
479 116
479 46
480 318
480 224
480 0
481 413
481 57
481 191
482 119
482 28
482 279
483 75
483 249
483 113
484 208
484 20
484 2
485 423
485 47
485 352
486 321
486 356
486 255
487 41
487 436
487 79
488 38
488 215
488 1
489 1
489 0
489 149
490 86
490 65
490 105
491 85
491 409
491 26
492 3
492 301
492 338
493 286
493 1
493 116
494 197
494 25
494 2
495 0
495 479
495 51
496 325
496 474
496 52
497 3
497 183
497 124
498 109
498 19
498 232
499 457
499 439
499 259
