0 1
1 0
2 1
2 0
3 2
3 0
3 1
4 0
4 2
4 1
5 0
5 4
5 2
6 2
6 0
6 4
7 0
7 1
7 4
8 0
8 1
8 2
9 2
9 1
9 4
10 2
10 0
10 1
11 3
11 0
11 2
12 0
12 1
12 2
13 3
13 2
13 5
14 1
14 4
14 2
15 0
15 9
15 5
16 2
16 14
16 12
17 8
17 3
17 6
18 2
18 9
18 14
19 0
19 4
19 10
20 3
20 0
20 15
21 4
21 2
21 3
22 10
22 4
22 3
23 14
23 2
23 22
24 3
24 22
24 20
25 13
25 1
25 9
26 9
26 4
26 2
27 0
27 26
27 10
28 15
28 9
28 26
29 5
29 19
29 27
30 0
30 12
30 25
31 3
31 11
31 26
32 3
32 5
32 31
33 9
33 14
33 0
34 2
34 6
34 26
35 2
35 21
35 5
36 0
36 4
36 2
37 35
37 28
37 26
38 13
38 1
38 24
39 4
39 29
39 23
40 25
40 0
40 32
41 25
41 4
41 10
42 33
42 38
42 2
43 10
43 1
43 11
44 38
44 31
44 21
45 0
45 28
45 2
46 24
46 2
46 5
47 29
47 34
47 2
48 36
48 32
48 2
49 29
49 2
49 41
50 28
50 6
50 35
51 21
51 26
51 0
52 7
52 1
52 2
53 40
53 4
53 0
54 35
54 0
54 8
55 4
55 2
55 3
56 51
56 46
56 4
57 0
57 1
57 15
58 3
58 42
58 14
59 0
59 32
59 28
60 5
60 33
60 4
61 38
61 31
61 0
62 4
62 45
62 2
63 46
63 0
63 4
64 4
64 2
64 6
65 3
65 59
65 0
66 2
66 6
66 39
67 2
67 1
67 59
68 37
68 10
68 48
69 6
69 26
69 52
70 13
70 40
70 0
71 27
71 39
71 0
72 2
72 67
72 49
73 2
73 14
73 66
74 2
74 14
74 26
75 2
75 3
75 27
76 25
76 49
76 2
77 1
77 2
77 17
78 52
78 30
78 31
79 2
79 0
79 75
80 58
80 2
80 57
81 15
81 55
81 74
82 55
82 2
82 1
83 14
83 59
83 28
84 4
84 76
84 2
85 80
85 8
85 1
86 2
86 39
86 35
87 79
87 61
87 80
88 0
88 9
88 1
89 28
89 42
89 26
90 0
90 30
90 77
91 2
91 1
91 12
92 0
92 88
92 30
93 0
93 52
93 80
94 48
94 83
94 52
95 4
95 20
95 52
96 4
96 0
96 88
97 48
97 39
97 3
98 13
98 2
98 84
99 4
99 95
99 0
100 3
100 1
100 91
101 31
101 2
101 48
102 4
102 46
102 0
103 26
103 3
103 82
104 7
104 32
104 41
105 1
105 28
105 5
106 45
106 30
106 51
107 89
107 10
107 32
108 32
108 80
108 2
109 3
109 32
109 2
110 100
110 19
110 2
111 0
111 87
111 81
112 86
112 0
112 69
113 15
113 2
113 40
114 74
114 83
114 76
115 2
115 100
115 51
116 0
116 3
116 2
117 57
117 98
117 6
118 1
118 28
118 60
119 104
119 40
119 47
120 99
120 0
120 67
121 43
121 0
121 96
122 79
122 91
122 108
123 26
123 3
123 24
124 32
124 100
124 51
125 5
125 19
125 38
126 55
126 58
126 10
127 6
127 41
127 76
128 100
128 4
128 73
129 40
129 32
129 77
130 10
130 51
130 31
131 34
131 27
131 0
132 14
132 2
132 91
133 43
133 126
133 73
134 12
134 103
134 10
135 105
135 17
135 2
136 77
136 52
136 74
137 4
137 77
137 34
138 50
138 105
138 71
139 77
139 40
139 51
140 37
140 113
140 0
141 2
141 100
141 32
142 123
142 18
142 141
143 77
143 26
143 0
144 67
144 5
144 25
145 0
145 4
145 52
146 2
146 0
146 125
147 11
147 25
147 5
148 58
148 3
148 24
149 102
149 4
149 40
150 91
150 101
150 136
151 0
151 76
151 30
152 57
152 98
152 105
153 5
153 26
153 62
154 84
154 56
154 59
155 7
155 0
155 69
156 132
156 11
156 113
157 101
157 0
157 2
158 8
158 93
158 42
159 1
159 29
159 91
160 0
160 25
160 1
161 12
161 105
161 6
162 19
162 94
162 122
163 4
163 40
163 107
164 81
164 156
164 94
165 4
165 151
165 0
166 52
166 36
166 88
167 32
167 63
167 36
168 2
168 5
168 13
169 91
169 2
169 70
170 97
170 52
170 70
171 51
171 13
171 42
172 121
172 13
172 52
173 112
173 98
173 39
174 28
174 112
174 4
175 123
175 71
175 43
176 55
176 1
176 0
177 52
177 86
177 0
178 6
178 80
178 46
179 40
179 52
179 11
180 134
180 49
180 2
181 16
181 10
181 140
182 4
182 10
182 100
183 100
183 153
183 28
184 68
184 171
184 56
185 16
185 28
185 32
186 150
186 78
186 1
187 39
187 82
187 31
188 83
188 59
188 77
189 46
189 32
189 43
190 160
190 123
190 143
191 2
191 51
191 28
192 4
192 1
192 39
193 164
193 52
193 5
194 5
194 50
194 17
195 77
195 157
195 2
196 49
196 71
196 32
197 83
197 34
197 2
198 46
198 5
198 10
199 7
199 12
199 2
200 179
200 196
200 34
201 2
201 26
201 137
202 114
202 107
202 198
203 162
203 118
203 40
204 88
204 5
204 192
205 68
205 184
205 26
206 95
206 17
206 53
207 100
207 74
207 84
208 113
208 17
208 49
209 14
209 82
209 30
210 4
210 10
210 17
211 12
211 58
211 77
212 160
212 43
212 85
213 76
213 16
213 0
214 30
214 33
214 18
215 15
215 0
215 41
216 35
216 2
216 74
217 38
217 2
217 67
218 91
218 29
218 164
219 55
219 2
219 209
220 8
220 26
220 206
221 38
221 181
221 5
222 134
222 2
222 15
223 164
223 85
223 55
224 53
224 204
224 156
225 71
225 23
225 0
226 89
226 61
226 5
227 2
227 170
227 180
228 24
228 25
228 122
229 25
229 33
229 35
230 14
230 148
230 0
231 51
231 3
231 123
232 146
232 117
232 173
233 12
233 204
233 119
234 81
234 0
234 69
235 153
235 16
235 14
236 167
236 0
236 87
237 36
237 47
237 75
238 204
238 81
238 101
239 26
239 227
239 38
240 153
240 83
240 235
241 127
241 163
241 32
242 181
242 2
242 100
243 40
243 153
243 75
244 75
244 129
244 88
245 113
245 114
245 112
246 150
246 227
246 99
247 35
247 39
247 110
248 14
248 62
248 192
249 12
249 166
249 100
250 164
250 84
250 59
251 172
251 150
251 0
252 81
252 118
252 75
253 21
253 0
253 235
254 86
254 134
254 0
255 191
255 52
255 203
256 51
256 6
256 30
257 4
257 121
257 78
258 137
258 24
258 108
259 238
259 55
259 0
260 196
260 30
260 2
261 99
261 135
261 5
262 2
262 14
262 88
263 86
263 166
263 91
264 52
264 29
264 26
265 2
265 58
265 105
266 43
266 59
266 185
267 17
267 250
267 112
268 6
268 28
268 221
269 150
269 1
269 111
270 26
270 263
270 75
271 62
271 2
271 14
272 13
272 15
272 234
273 28
273 242
273 7
274 39
274 113
274 2
275 74
275 30
275 86
276 2
276 19
276 197
277 16
277 0
277 39
278 271
278 6
278 30
279 57
279 4
279 275
280 2
280 68
280 196
281 150
281 88
281 1
282 14
282 155
282 2
283 0
283 13
283 105
284 167
284 13
284 52
285 113
285 61
285 84
286 42
286 230
286 259
287 180
287 107
287 188
288 23
288 43
288 243
289 97
289 0
289 7
290 267
290 272
290 40
291 250
291 205
291 40
292 176
292 172
292 45
293 162
293 21
293 98
294 260
294 31
294 153
295 282
295 126
295 163
296 270
296 40
296 73
297 0
297 154
297 204
298 167
298 161
298 4
299 184
299 58
299 2
300 112
300 146
300 46
301 2
301 48
301 103
302 2
302 108
302 105
303 135
303 64
303 59
304 123
304 46
304 26
305 19
305 166
305 2
306 184
306 91
306 0
307 231
307 0
307 5
308 222
308 0
308 137
309 83
309 215
309 40
310 0
310 156
310 21
311 105
311 100
311 70
312 28
312 34
312 6
313 112
313 4
313 51
314 71
314 294
314 43
315 0
315 75
315 41
316 241
316 86
316 5
317 243
317 11
317 93
318 2
318 312
318 0
319 245
319 136
319 0
320 17
320 99
320 143
321 266
321 121
321 2
322 89
322 98
322 17
323 48
323 75
323 252
324 172
324 136
324 74
325 5
325 0
325 75
326 80
326 38
326 248
327 68
327 26
327 305
328 156
328 66
328 144
329 181
329 4
329 257
330 10
330 13
330 151
331 0
331 59
331 131
332 0
332 75
332 281
333 243
333 88
333 107
334 32
334 96
334 38
335 0
335 70
335 273
336 0
336 101
336 12
337 53
337 3
337 12
338 122
338 77
338 266
339 323
339 89
339 91
340 1
340 38
340 41
341 59
341 2
341 10
342 136
342 228
342 2
343 55
343 2
343 38
344 151
344 98
344 43
345 240
345 331
345 33
346 40
346 105
346 342
347 276
347 2
347 1
348 209
348 2
348 223
349 51
349 262
349 84
350 227
350 271
350 2
351 37
351 79
351 3
352 31
352 248
352 80
353 316
353 105
353 32
354 71
354 5
354 122
355 319
355 42
355 159
356 100
356 132
356 0
357 5
357 11
357 91
358 241
358 238
358 25
359 26
359 111
359 57
360 243
360 264
360 17
361 275
361 185
361 184
362 168
362 32
362 263
363 172
363 0
363 22
364 9
364 12
364 2
365 276
365 161
365 150
366 196
366 231
366 136
367 291
367 83
367 38
368 80
368 131
368 160
369 136
369 256
369 28
370 234
370 114
370 93
371 345
371 18
371 293
372 45
372 70
372 39
373 181
373 7
373 351
374 363
374 86
374 100
375 2
375 43
375 5
376 264
376 242
376 5
377 285
377 28
377 55
378 271
378 73
378 199
379 154
379 239
379 3
380 237
380 48
380 347
381 0
381 58
381 249
382 107
382 142
382 111
383 346
383 136
383 2
384 0
384 19
384 17
385 34
385 103
385 127
386 189
386 305
386 67
387 176
387 166
387 150
388 4
388 1
388 43
389 262
389 339
389 0
390 6
390 91
390 12
391 242
391 33
391 35
392 265
392 230
392 313
393 288
393 285
393 180
394 32
394 108
394 193
395 156
395 15
395 13
396 263
396 152
396 194
397 294
397 2
397 102
398 356
398 175
398 71
399 74
399 304
399 344
400 139
400 194
400 136
401 26
401 7
401 110
402 401
402 118
402 71
403 162
403 245
403 56
404 14
404 7
404 40
405 129
405 105
405 51
406 51
406 321
406 67
407 94
407 88
407 159
408 15
408 114
408 0
409 12
409 213
409 173
410 5
410 88
410 157
411 351
411 1
411 290
412 150
412 273
412 30
413 10
413 270
413 31
414 316
414 51
414 1
415 39
415 263
415 24
416 346
416 3
416 317
417 73
417 97
417 38
418 320
418 14
418 1
419 131
419 307
419 50
420 23
420 105
420 374
421 359
421 291
421 250
422 208
422 245
422 125
423 418
423 14
423 88
424 356
424 109
424 267
425 49
425 204
425 76
426 188
426 89
426 0
427 278
427 12
427 13
428 13
428 0
428 291
429 317
429 60
429 81
430 1
430 263
430 43
431 41
431 352
431 15
432 209
432 75
432 42
433 0
433 22
433 87
434 143
434 3
434 232
435 17
435 56
435 106
436 323
436 121
436 58
437 5
437 239
437 174
438 5
438 71
438 142
439 134
439 219
439 107
440 53
440 156
440 224
441 45
441 333
441 293
442 30
442 42
442 262
443 264
443 52
443 2
444 25
444 111
444 28
445 15
445 17
445 2
446 43
446 264
446 240
447 259
447 4
447 291
448 175
448 55
448 6
449 42
449 140
449 105
450 62
450 393
450 69
451 254
451 2
451 400
452 174
452 265
452 169
453 74
453 13
453 24
454 398
454 74
454 77
455 204
455 323
455 448
456 100
456 8
456 53
457 282
457 324
457 185
458 245
458 227
458 13
459 458
459 167
459 71
460 51
460 30
460 320
461 444
461 344
461 437
462 125
462 26
462 398
463 188
463 448
463 115
464 388
464 159
464 28
465 74
465 277
465 397
466 178
466 83
466 18
467 194
467 156
467 180
468 107
468 166
468 421
469 191
469 308
469 68
470 304
470 456
470 89
471 359
471 78
471 21
472 423
472 99
472 0
473 238
473 386
473 98
474 41
474 91
474 2
475 235
475 23
475 205
476 93
476 153
476 77
477 80
477 0
477 5
478 237
478 226
478 88
479 25
479 14
479 230
480 38
480 32
480 89
481 11
481 1
481 276
482 97
482 450
482 319
483 110
483 40
483 470
484 63
484 284
484 75
485 89
485 12
485 75
486 77
486 472
486 460
487 271
487 346
487 330
488 64
488 388
488 36
489 98
489 428
489 0
490 180
490 201
490 14
491 95
491 171
491 474
492 121
492 317
492 156
493 363
493 50
493 425
494 28
494 151
494 0
495 32
495 3
495 283
496 28
496 1
496 219
497 50
497 56
497 71
498 443
498 247
498 49
499 43
499 9
499 454
500 255
500 488
500 283
501 35
501 62
501 66
502 285
502 307
502 425
503 162
503 204
503 140
504 43
504 400
504 356
505 355
505 100
505 362
506 221
506 103
506 2
507 5
507 174
507 16
508 185
508 442
508 14
509 219
509 62
509 85
510 59
510 32
510 211
511 83
511 510
511 262
512 263
512 3
512 270
513 2
513 469
513 391
514 239
514 130
514 43
515 234
515 3
515 32
516 28
516 367
516 155
517 36
517 58
517 406
518 38
518 5
518 257
519 495
519 12
519 402
520 248
520 429
520 287
521 250
521 59
521 418
522 182
522 323
522 103
523 135
523 285
523 292
524 287
524 2
524 142
525 196
525 9
525 503
526 3
526 133
526 93
527 419
527 480
527 471
528 118
528 285
528 423
529 203
529 375
529 38
530 36
530 4
530 130
531 88
531 304
531 118
532 323
532 66
532 2
533 69
533 2
533 0
534 39
534 87
534 511
535 0
535 24
535 3
536 97
536 285
536 267
537 328
537 74
537 26
538 14
538 222
538 40
539 320
539 52
539 293
540 32
540 114
540 146
541 277
541 52
541 284
542 457
542 6
542 158
543 5
543 433
543 29
544 195
544 103
544 143
545 78
545 228
545 122
546 1
546 2
546 267
547 188
547 386
547 31
548 13
548 277
548 308
549 181
549 351
549 6
550 158
550 0
550 497
551 179
551 2
551 17
552 103
552 2
552 372
553 43
553 473
553 28
554 89
554 105
554 124
555 112
555 289
555 74
556 374
556 555
556 2
557 186
557 302
557 447
558 472
558 320
558 442
559 1
559 53
559 270
560 32
560 3
560 121
561 270
561 56
561 59
562 106
562 180
562 143
563 397
563 201
563 136
564 464
564 375
564 28
565 107
565 137
565 51
566 104
566 454
566 383
567 131
567 71
567 181
568 488
568 5
568 0
569 381
569 32
569 345
570 52
570 172
570 382
571 184
571 128
571 553
572 28
572 15
572 14
573 4
573 412
573 110
574 494
574 376
574 2
575 478
575 28
575 32
576 38
576 66
576 3
577 511
577 521
577 436
578 264
578 183
578 278
579 121
579 254
579 345
580 1
580 456
580 262
581 382
581 332
581 161
582 173
582 423
582 69
583 5
583 526
583 86
584 440
584 78
584 241
585 13
585 486
585 330
586 220
586 219
586 254
587 467
587 77
587 0
588 551
588 533
588 18
589 26
589 75
589 101
590 422
590 0
590 437
591 3
591 283
591 2
592 68
592 2
592 297
593 4
593 222
593 47
594 371
594 56
594 78
595 38
595 279
595 350
596 537
596 55
596 360
597 51
597 411
597 196
598 307
598 33
598 113
599 0
599 450
599 75
600 484
600 474
600 48
601 319
601 2
601 70
602 100
602 568
602 198
603 217
603 29
603 75
604 2
604 134
604 254
605 446
605 133
605 588
606 42
606 181
606 351
607 181
607 59
607 86
608 298
608 536
608 89
609 162
609 235
609 57
610 346
610 307
610 80
611 1
611 105
611 540
612 0
612 463
612 31
613 6
613 590
613 323
614 323
614 230
614 331
615 275
615 487
615 39
616 77
616 291
616 193
617 0
617 233
617 478
618 108
618 524
618 80
619 548
619 436
619 113
620 509
620 112
620 319
621 39
621 293
621 2
622 41
622 353
622 26
623 15
623 248
623 14
624 62
624 457
624 185
625 141
625 2
625 123
626 612
626 206
626 7
627 105
627 178
627 79
628 12
628 52
628 420
629 74
629 107
629 0
630 510
630 1
630 402
631 28
631 267
631 50
632 610
632 40
632 0
633 68
633 166
633 132
634 466
634 306
634 46
635 520
635 43
635 247
636 27
636 192
636 19
637 2
637 604
637 346
638 456
638 111
638 304
639 51
639 150
639 106
640 15
640 66
640 450
641 526
641 525
641 77
642 14
642 178
642 43
643 90
643 102
643 1
644 432
644 154
644 195
645 559
645 569
645 86
646 3
646 566
646 74
647 46
647 288
647 392
648 629
648 308
648 1
649 74
649 332
649 107
650 220
650 23
650 82
651 107
651 609
651 421
652 28
652 109
652 78
653 408
653 101
653 467
654 420
654 196
654 13
655 5
655 266
655 7
656 31
656 588
656 429
657 137
657 293
657 96
658 42
658 587
658 565
659 38
659 150
659 64
660 33
660 98
660 211
661 279
661 300
661 2
662 136
662 185
662 615
663 32
663 192
663 122
664 84
664 14
664 215
665 56
665 62
665 530
666 570
666 26
666 64
667 656
667 259
667 341
668 6
668 53
668 466
669 100
669 184
669 39
670 311
670 198
670 0
671 668
671 70
671 179
672 82
672 88
672 72
673 108
673 0
673 106
674 610
674 553
674 589
675 245
675 442
675 286
676 221
676 209
676 98
677 13
677 256
677 3
678 23
678 602
678 263
679 46
679 82
679 537
680 87
680 23
680 0
681 476
681 551
681 125
682 2
682 402
682 188
683 238
683 28
683 172
684 1
684 5
684 671
685 21
685 1
685 6
686 53
686 4
686 203
687 529
687 652
687 99
688 200
688 52
688 624
689 0
689 330
689 639
690 14
690 52
690 50
691 122
691 97
691 4
692 66
692 83
692 241
693 49
693 222
693 328
694 53
694 469
694 71
695 283
695 230
695 81
696 545
696 43
696 277
697 234
697 558
697 342
698 503
698 173
698 28
699 558
699 294
699 221
700 360
700 410
700 162
701 11
701 222
701 682
702 118
702 99
702 255
703 522
703 672
703 312
704 284
704 17
704 35
705 5
705 95
705 551
706 426
706 250
706 158
707 411
707 471
707 267
708 39
708 118
708 603
709 13
709 312
709 417
710 502
710 5
710 194
711 271
711 709
711 39
712 243
712 53
712 583
713 378
713 0
713 10
714 558
714 162
714 149
715 88
715 118
715 46
716 168
716 4
716 0
717 445
717 113
717 408
718 122
718 245
718 211
719 551
719 275
719 51
720 352
720 583
720 47
721 127
721 329
721 448
722 43
722 66
722 75
723 499
723 13
723 161
724 328
724 91
724 12
725 473
725 204
725 81
726 217
726 439
726 1
727 635
727 133
727 602
728 681
728 523
728 260
729 229
729 545
729 105
730 260
730 457
730 174
731 8
731 553
731 127
732 525
732 256
732 122
733 167
733 75
733 227
734 706
734 528
734 146
735 393
735 590
735 320
736 632
736 55
736 362
737 3
737 63
737 136
738 9
738 14
738 408
739 26
739 381
739 714
740 2
740 40
740 132
741 84
741 710
741 294
742 668
742 0
742 608
743 298
743 500
743 75
744 222
744 12
744 264
745 0
745 447
745 391
746 54
746 65
746 68
747 28
747 313
747 5
748 396
748 248
748 467
749 30
749 49
749 351
750 348
750 2
750 120
751 41
751 430
751 146
752 26
752 705
752 298
753 111
753 4
753 106
754 709
754 5
754 78
755 453
755 219
755 447
756 114
756 293
756 580
757 470
757 2
757 423
758 326
758 263
758 121
759 698
759 93
759 42
760 168
760 3
760 59
761 449
761 559
761 93
762 666
762 155
762 401
763 550
763 1
763 226
764 285
764 19
764 11
765 24
765 639
765 128
766 67
766 732
766 762
767 277
767 509
767 4
768 1
768 51
768 157
769 540
769 284
769 766
770 264
770 131
770 2
771 157
771 93
771 32
772 526
772 5
772 304
773 114
773 238
773 161
774 162
774 39
774 307
775 29
775 308
775 77
776 208
776 511
776 2
777 219
777 674
777 235
778 524
778 150
778 777
779 5
779 14
779 764
780 132
780 558
780 46
781 283
781 742
781 357
782 505
782 172
782 27
783 371
783 621
783 598
784 201
784 587
784 23
785 551
785 38
785 105
786 285
786 608
786 12
787 697
787 40
787 580
788 2
788 94
788 471
789 448
789 0
789 99
790 464
790 4
790 283
791 194
791 662
791 710
792 522
792 28
792 178
793 0
793 371
793 180
794 558
794 362
794 366
795 651
795 25
795 537
796 462
796 313
796 78
797 308
797 688
797 757
798 13
798 176
798 542
799 338
799 681
799 42
800 2
800 42
800 296
801 777
801 526
801 100
802 74
802 512
802 539
803 547
803 615
803 410
804 480
804 359
804 2
805 565
805 62
805 517
806 239
806 134
806 164
807 316
807 526
807 445
808 282
808 1
808 53
809 648
809 10
809 305
810 592
810 196
810 530
811 351
811 466
811 83
812 532
812 51
812 26
813 10
813 13
813 12
814 145
814 141
814 2
815 294
815 191
815 357
816 499
816 286
816 19
817 278
817 171
817 287
818 667
818 501
818 56
819 382
819 10
819 231
820 147
820 163
820 36
821 288
821 185
821 446
822 83
822 407
822 136
823 614
823 30
823 512
824 703
824 49
824 412
825 327
825 138
825 385
826 99
826 287
826 15
827 293
827 161
827 285
828 28
828 612
828 77
829 2
829 714
829 62
830 41
830 5
830 77
831 587
831 633
831 163
832 344
832 758
832 499
833 3
833 83
833 211
834 695
834 386
834 671
835 320
835 408
835 251
836 554
836 195
836 810
837 0
837 776
837 630
838 65
838 0
838 150
839 0
839 390
839 81
840 764
840 121
840 71
841 59
841 707
841 809
842 154
842 674
842 686
843 56
843 587
843 452
844 0
844 50
844 64
845 60
845 40
845 612
846 448
846 313
846 566
847 19
847 52
847 609
848 271
848 226
848 296
849 119
849 164
849 416
850 119
850 457
850 250
851 312
851 202
851 130
852 16
852 131
852 149
853 452
853 1
853 502
854 89
854 101
854 19
855 484
855 132
855 51
856 2
856 317
856 736
857 55
857 83
857 88
858 61
858 565
858 432
859 641
859 294
859 97
860 468
860 51
860 28
861 626
861 143
861 650
862 102
862 204
862 235
863 485
863 81
863 346
864 641
864 783
864 414
865 89
865 161
865 329
866 446
866 0
866 164
867 385
867 36
867 2
868 16
868 734
868 14
869 64
869 74
869 52
870 387
870 81
870 144
871 463
871 408
871 133
872 103
872 620
872 41
873 659
873 24
873 333
874 473
874 4
874 50
875 200
875 714
875 629
876 305
876 114
876 191
877 256
877 697
877 119
878 30
878 0
878 50
879 122
879 326
879 351
880 704
880 770
880 499
881 2
881 467
881 490
882 517
882 47
882 639
883 129
883 485
883 363
884 857
884 82
884 206
885 132
885 348
885 660
886 362
886 320
886 592
887 565
887 627
887 46
888 796
888 261
888 187
889 320
889 408
889 799
890 80
890 4
890 132
891 420
891 647
891 204
892 2
892 346
892 17
893 2
893 284
893 41
894 725
894 6
894 0
895 280
895 376
895 7
896 323
896 483
896 147
897 557
897 156
897 584
898 98
898 857
898 200
899 13
899 2
899 293
900 112
900 573
900 296
901 475
901 648
901 256
902 43
902 119
902 296
903 77
903 438
903 783
904 881
904 38
904 669
905 525
905 97
905 165
906 248
906 335
906 375
907 26
907 329
907 107
908 228
908 72
908 245
909 1
909 389
909 348
910 874
910 5
910 135
911 25
911 0
911 765
912 5
912 196
912 221
913 15
913 47
913 264
914 283
914 0
914 824
915 444
915 2
915 788
916 311
916 110
916 260
917 561
917 285
917 359
918 539
918 0
918 436
919 768
919 372
919 171
920 91
920 10
920 40
921 24
921 23
921 723
922 794
922 308
922 4
923 26
923 222
923 25
924 33
924 920
924 629
925 593
925 790
925 710
926 305
926 81
926 179
927 503
927 84
927 0
928 96
928 2
928 550
929 287
929 743
929 343
930 26
930 42
930 262
931 163
931 615
931 300
932 61
932 402
932 717
933 305
933 205
933 3
934 138
934 526
934 835
935 226
935 402
935 123
936 681
936 403
936 55
937 391
937 149
937 714
938 4
938 51
938 29
939 76
939 618
939 77
940 649
940 50
940 697
941 332
941 201
941 663
942 14
942 370
942 196
943 663
943 95
943 511
944 77
944 267
944 114
945 144
945 668
945 28
946 14
946 365
946 36
947 62
947 444
947 439
948 104
948 313
948 621
949 125
949 7
949 313
950 35
950 106
950 645
951 506
951 17
951 62
952 3
952 645
952 239
953 466
953 26
953 441
954 71
954 309
954 431
955 948
955 742
955 262
956 809
956 50
956 21
957 171
957 154
957 221
958 321
958 296
958 157
959 105
959 26
959 41
960 208
960 530
960 633
961 13
961 901
961 524
962 208
962 0
962 418
963 258
963 16
963 111
964 0
964 586
964 57
965 47
965 657
965 82
966 487
966 443
966 695
967 837
967 882
967 0
968 24
968 31
968 585
969 304
969 487
969 262
970 91
970 0
970 13
971 309
971 828
971 672
972 2
972 506
972 82
973 105
973 736
973 593
974 122
974 281
974 360
975 674
975 342
975 9
976 900
976 429
976 1
977 105
977 885
977 531
978 254
978 161
978 707
979 549
979 28
979 52
980 87
980 2
980 713
981 39
981 283
981 282
982 13
982 638
982 35
983 809
983 83
983 80
984 9
984 105
984 1
985 171
985 795
985 587
986 101
986 0
986 785
987 39
987 75
987 52
988 553
988 700
988 26
989 2
989 557
989 651
990 19
990 652
990 228
991 2
991 563
991 58
992 462
992 75
992 224
993 25
993 70
993 52
994 545
994 56
994 219
995 319
995 0
995 540
996 124
996 105
996 907
997 75
997 55
997 2
998 239
998 854
998 484
999 762
999 51
999 566
