0 1
0 2
0 3
0 4
0 5
0 12
0 14
0 17
0 21
0 22
0 24
0 26
0 27
0 39
1 0
1 2
1 3
1 4
1 5
1 6
1 7
1 8
1 10
1 12
1 13
1 17
1 19
1 28
1 31
2 1
2 0
2 3
2 4
2 5
2 6
2 7
2 12
2 16
2 19
2 23
2 25
2 27
2 29
2 34
2 46
2 48
3 0
3 2
3 1
3 7
3 8
3 9
3 13
3 30
3 42
3 44
4 2
4 1
4 0
4 6
4 14
4 17
4 21
4 23
4 25
4 28
4 34
4 35
4 40
4 42
5 0
5 2
5 1
5 10
5 11
5 14
5 37
5 47
5 48
6 4
6 1
6 2
6 9
6 10
6 15
6 16
6 20
6 24
6 26
6 36
6 38
7 3
7 1
7 2
7 8
7 9
7 15
7 33
8 7
8 3
8 1
8 11
8 18
8 21
8 22
8 32
8 43
9 3
9 6
9 7
9 13
9 23
10 5
10 6
10 1
10 11
10 16
10 30
10 33
11 8
11 5
11 10
11 19
11 41
11 42
12 0
12 1
12 2
12 15
12 18
12 29
12 31
12 32
12 35
12 39
12 41
12 46
13 3
13 9
13 1
13 45
14 4
14 0
14 5
14 20
14 22
15 12
15 7
15 6
16 6
16 2
16 10
16 35
17 1
17 4
17 0
17 18
17 25
17 29
18 12
18 8
18 17
18 20
18 28
18 31
18 32
18 37
18 47
19 1
19 11
19 2
19 27
19 45
20 14
20 6
20 18
20 37
20 38
20 46
21 0
21 8
21 4
21 24
22 14
22 0
22 8
22 45
23 9
23 4
23 2
23 26
24 6
24 0
24 21
24 38
24 49
25 17
25 4
25 2
26 6
26 0
26 23
26 30
26 43
27 0
27 2
27 19
27 49
28 18
28 1
28 4
29 12
29 17
29 2
29 40
30 26
30 3
30 10
30 36
30 41
31 12
31 1
31 18
31 47
32 8
32 12
32 18
32 33
32 43
33 32
33 10
33 7
33 34
33 40
33 49
34 33
34 4
34 2
34 36
35 4
35 12
35 16
35 39
35 44
36 30
36 34
36 6
37 5
37 20
37 18
38 24
38 6
38 20
39 35
39 0
39 12
40 29
40 4
40 33
41 30
41 11
41 12
41 44
41 48
42 3
42 11
42 4
43 32
43 26
43 8
44 3
44 41
44 35
45 19
45 13
45 22
46 20
46 12
46 2
47 5
47 31
47 18
48 5
48 41
48 2
49 24
49 27
49 33
