0 1
1 0
2 0
2 1
3 0
3 2
3 1
4 1
4 0
4 2
5 2
5 1
5 4
6 2
6 1
6 5
7 1
7 4
7 3
8 4
8 5
8 0
9 2
9 1
9 6
10 0
10 4
10 7
11 4
11 1
11 3
12 1
12 6
12 4
13 0
13 2
13 1
14 1
14 2
14 0
15 1
15 9
15 2
16 15
16 10
16 9
17 3
17 1
17 13
18 0
18 4
18 17
19 1
19 12
19 0
20 14
20 0
20 1
21 6
21 1
21 0
22 1
22 15
22 21
23 13
23 1
23 21
24 10
24 11
24 17
25 11
25 0
25 23
26 9
26 0
26 1
27 7
27 2
27 1
28 5
28 14
28 17
29 3
29 1
29 4
30 24
30 0
30 2
31 1
31 24
31 3
32 2
32 12
32 0
33 26
33 29
33 3
34 13
34 11
34 2
35 32
35 9
35 0
36 31
36 13
36 0
37 18
37 12
37 24
38 37
38 14
38 4
39 26
39 1
39 11
40 3
40 35
40 13
41 2
41 9
41 1
42 4
42 32
42 14
43 11
43 12
43 1
44 34
44 1
44 27
45 1
45 42
45 27
46 14
46 10
46 21
47 44
47 3
47 23
48 25
48 24
48 44
49 15
49 2
49 3
