0 1
1 0
2 1
2 0
3 1
3 0
3 2
4 0
4 1
4 2
5 1
5 2
5 0
6 0
6 3
6 2
7 0
7 5
7 3
8 0
8 1
8 6
9 2
9 0
9 1
10 5
10 0
10 1
11 4
11 5
11 7
12 5
12 0
12 2
13 1
13 2
13 0
14 5
14 1
14 7
15 1
15 2
15 7
16 5
16 1
16 11
17 1
17 5
17 10
18 16
18 11
18 5
19 16
19 8
19 0
20 2
20 0
20 1
21 2
21 18
21 15
22 2
22 10
22 0
23 14
23 2
23 11
24 5
24 9
24 4
25 17
25 19
25 7
26 18
26 7
26 1
27 0
27 19
27 13
28 5
28 2
28 0
29 20
29 5
29 17
30 7
30 17
30 5
31 16
31 2
31 5
32 0
32 7
32 4
33 0
33 2
33 11
34 15
34 1
34 11
35 9
35 1
35 10
36 15
36 0
36 5
37 2
37 15
37 7
38 28
38 1
38 8
39 7
39 20
39 0
40 17
40 7
40 1
41 40
41 5
41 11
42 29
42 31
42 0
43 21
43 11
43 4
44 29
44 15
44 37
45 0
45 7
45 6
46 6
46 34
46 7
47 7
47 5
47 0
48 0
48 5
48 12
49 0
49 7
49 13
