0 1
0 2
1 0
1 2
2 1
2 0
3 2
3 0
3 1
4 1
4 2
4 0
5 1
5 3
5 2
6 5
6 4
6 3
7 3
7 4
7 1
8 5
8 6
8 4
9 1
9 2
9 3
10 9
10 2
10 5
11 4
11 0
11 10
12 4
12 7
12 1
13 9
13 1
13 7
14 7
14 1
14 9
15 1
15 7
15 14
16 1
16 14
16 10
17 1
17 0
17 3
18 0
18 9
18 1
19 15
19 17
19 5
20 15
20 0
20 3
21 15
21 17
21 14
22 16
22 1
22 18
23 11
23 0
23 20
24 0
24 15
24 2
25 2
25 9
25 18
26 1
26 10
26 7
27 7
27 1
27 2
28 19
28 9
28 1
29 2
29 16
29 9
30 1
30 12
30 28
31 6
31 18
31 0
32 1
32 2
32 27
33 4
33 20
33 14
34 17
34 7
34 0
35 2
35 4
35 10
36 0
36 1
36 2
37 5
37 11
37 19
38 31
38 6
38 7
39 15
39 0
39 7
40 23
40 26
40 32
41 25
41 1
41 0
42 16
42 19
42 22
43 11
43 17
43 4
44 25
44 28
44 1
45 22
45 10
45 6
46 9
46 20
46 3
47 27
47 35
47 38
48 12
48 5
48 3
49 15
49 4
49 3
