0 1
1 0
2 1
2 0
3 1
3 0
3 2
4 2
4 0
4 1
5 4
5 0
5 1
6 2
6 4
6 0
7 3
7 2
7 0
8 0
8 6
8 4
9 0
9 1
9 2
10 0
10 2
10 3
11 4
11 10
11 3
12 0
12 3
12 11
13 4
13 12
13 2
14 0
14 4
14 5
15 7
15 8
15 0
16 15
16 0
16 7
17 1
17 0
17 2
18 2
18 17
18 0
19 10
19 0
19 2
20 10
20 11
20 4
21 12
21 20
21 0
22 0
22 4
22 6
23 2
23 12
23 0
24 12
24 19
24 1
25 1
25 4
25 10
26 3
26 12
26 11
27 8
27 0
27 10
28 2
28 27
28 22
29 11
29 26
29 4
30 15
30 9
30 3
31 0
31 15
31 18
32 2
32 15
32 9
33 32
33 8
33 18
34 0
34 4
34 19
35 1
35 2
35 10
36 4
36 11
36 2
37 10
37 34
37 12
38 0
38 20
38 25
39 9
39 0
39 16
40 30
40 8
40 6
41 38
41 0
41 4
42 37
42 6
42 0
43 37
43 35
43 0
44 33
44 5
44 43
45 40
45 3
45 22
46 0
46 45
46 2
47 40
47 38
47 9
48 5
48 30
48 3
49 6
49 44
49 22
50 0
50 10
50 20
51 1
51 15
51 33
52 7
52 47
52 5
53 11
53 47
53 12
54 38
54 8
54 3
55 28
55 4
55 1
56 0
56 51
56 1
57 7
57 3
57 5
58 8
58 46
58 3
59 11
59 43
59 0
60 2
60 1
60 44
61 0
61 20
61 27
62 1
62 37
62 10
63 37
63 2
63 6
64 8
64 47
64 32
65 35
65 51
65 61
66 44
66 3
66 8
67 20
67 52
67 3
68 36
68 46
68 26
69 6
69 35
69 2
70 10
70 35
70 33
71 59
71 40
71 70
72 10
72 35
72 68
73 0
73 40
73 3
74 36
74 66
74 41
75 33
75 55
75 35
76 67
76 37
76 62
77 47
77 0
77 62
78 38
78 16
78 0
79 9
79 61
79 65
80 46
80 27
80 0
81 14
81 10
81 51
82 69
82 45
82 54
83 62
83 25
83 65
84 47
84 46
84 51
85 37
85 23
85 24
86 33
86 83
86 32
87 24
87 71
87 37
88 9
88 2
88 77
89 67
89 53
89 13
90 37
90 82
90 2
91 9
91 0
91 88
92 0
92 3
92 2
93 51
93 33
93 0
94 38
94 12
94 10
95 15
95 2
95 80
96 22
96 12
96 39
97 33
97 76
97 0
98 8
98 0
98 7
99 19
99 23
99 48
