0 1
0 2
0 3
1 0
1 2
1 3
2 0
2 1
2 3
3 2
3 0
3 1
4 2
4 3
4 0
5 2
5 0
5 1
6 1
6 3
6 0
7 0
7 3
7 6
8 6
8 0
8 7
9 2
9 6
9 0
10 2
10 0
10 3
11 1
11 3
11 7
12 7
12 11
12 3
13 11
13 2
13 3
14 3
14 8
14 1
15 7
15 3
15 13
16 0
16 3
16 1
17 11
17 6
17 15
18 7
18 13
18 4
19 1
19 18
19 10
20 6
20 18
20 3
21 7
21 0
21 20
22 21
22 2
22 16
23 17
23 18
23 6
24 18
24 0
24 20
25 16
25 3
25 8
26 21
26 1
26 17
27 25
27 0
27 18
28 1
28 3
28 0
29 17
29 15
29 19
30 16
30 0
30 10
31 22
31 0
31 30
32 3
32 7
32 15
33 16
33 21
33 1
34 0
34 18
34 3
35 15
35 6
35 17
36 20
36 22
36 31
37 7
37 23
37 35
38 3
38 2
38 30
39 2
39 0
39 16
40 3
40 7
40 19
41 10
41 36
41 24
42 23
42 1
42 7
43 20
43 7
43 13
44 41
44 16
44 18
45 7
45 11
45 14
46 19
46 2
46 21
47 21
47 6
47 14
48 11
48 30
48 26
49 42
49 6
49 1
50 2
50 23
50 42
51 46
51 3
51 32
52 1
52 41
52 42
53 24
53 3
53 39
54 0
54 13
54 22
55 33
55 1
55 0
56 33
56 0
56 1
57 18
57 7
57 45
58 22
58 3
58 29
59 16
59 14
59 32
60 1
60 16
60 14
61 31
61 30
61 2
62 10
62 4
62 16
63 62
63 56
63 16
64 63
64 3
64 29
65 32
65 28
65 30
66 1
66 4
66 8
67 1
67 25
67 60
68 3
68 7
68 23
69 29
69 65
69 16
70 45
70 16
70 15
71 2
71 26
71 6
72 6
72 66
72 3
73 25
73 17
73 44
74 7
74 23
74 48
75 6
75 43
75 8
76 1
76 72
76 4
77 0
77 47
77 66
78 21
78 0
78 7
79 0
79 10
79 3
80 27
80 45
80 18
81 0
81 62
81 23
82 0
82 23
82 1
83 21
83 6
83 23
84 3
84 8
84 31
85 7
85 63
85 72
86 11
86 23
86 20
87 14
87 44
87 0
88 3
88 56
88 79
89 20
89 6
89 14
90 29
90 10
90 76
91 90
91 3
91 18
92 22
92 46
92 71
93 41
93 29
93 6
94 17
94 0
94 3
95 6
95 29
95 3
96 61
96 30
96 87
97 1
97 96
97 36
98 20
98 67
98 3
99 25
99 23
99 77
