0 1
1 0
2 1
2 0
3 2
3 1
3 0
4 3
4 1
4 2
5 2
5 1
5 0
6 5
6 0
6 3
7 1
7 2
7 4
8 7
8 3
8 4
9 1
9 3
9 0
10 1
10 4
10 8
11 2
11 9
11 4
12 1
12 7
12 6
13 11
13 0
13 4
14 10
14 0
14 6
15 13
15 0
15 4
16 6
16 1
16 14
17 15
17 13
17 12
18 1
18 2
18 4
19 0
19 13
19 7
20 9
20 11
20 14
21 17
21 16
21 19
22 15
22 5
22 16
23 1
23 8
23 7
24 0
24 2
24 1
25 1
25 5
25 18
26 24
26 25
26 13
27 12
27 25
27 23
28 11
28 7
28 19
29 7
29 22
29 13
30 1
30 17
30 22
31 6
31 15
31 4
32 6
32 14
32 5
33 24
33 15
33 7
34 5
34 3
34 4
35 0
35 16
35 32
36 6
36 5
36 17
37 35
37 1
37 17
38 19
38 15
38 7
39 15
39 16
39 26
40 24
40 7
40 0
41 14
41 0
41 37
42 7
42 4
42 12
43 14
43 15
43 41
44 7
44 40
44 1
45 25
45 16
45 13
46 1
46 21
46 10
47 13
47 1
47 34
48 1
48 42
48 4
49 47
49 9
49 36
50 16
50 18
50 40
51 19
51 11
51 36
52 18
52 3
52 0
53 44
53 7
53 27
54 0
54 13
54 17
55 11
55 0
55 33
56 8
56 34
56 0
57 0
57 2
57 48
58 52
58 16
58 31
59 24
59 5
59 8
60 2
60 43
60 0
61 24
61 12
61 13
62 14
62 7
62 4
63 34
63 9
63 0
64 35
64 61
64 16
65 21
65 0
65 7
66 29
66 16
66 51
67 36
67 18
67 45
68 19
68 12
68 20
69 64
69 14
69 47
70 5
70 23
70 57
71 5
71 10
71 2
72 41
72 70
72 17
73 1
73 69
73 64
74 64
74 5
74 26
75 7
75 19
75 65
76 24
76 30
76 34
77 27
77 52
77 41
78 25
78 32
78 63
79 0
79 47
79 26
80 11
80 8
80 0
81 5
81 3
81 19
82 13
82 23
82 3
83 0
83 17
83 2
84 32
84 58
84 73
85 1
85 26
85 7
86 25
86 43
86 6
87 67
87 10
87 28
88 28
88 0
88 20
89 65
89 8
89 1
90 65
90 7
90 16
91 26
91 4
91 7
92 76
92 24
92 7
93 2
93 0
93 42
94 35
94 26
94 2
95 17
95 34
95 67
96 3
96 47
96 5
97 73
97 4
97 7
98 4
98 60
98 10
99 37
99 83
99 31
100 80
100 48
100 7
101 13
101 12
101 88
102 1
102 56
102 28
103 54
103 57
103 13
104 7
104 100
104 102
105 22
105 6
105 68
106 6
106 16
106 35
107 49
107 16
107 84
108 52
108 0
108 85
109 98
109 43
109 100
110 7
110 10
110 39
111 8
111 0
111 31
112 0
112 81
112 88
113 65
113 6
113 58
114 48
114 83
114 5
115 16
115 13
115 68
116 78
116 13
116 4
117 58
117 4
117 0
118 95
118 105
118 70
119 11
119 66
119 46
120 67
120 103
120 88
121 101
121 107
121 35
122 119
122 110
122 4
123 19
123 3
123 90
124 16
124 64
124 0
125 104
125 62
125 7
126 34
126 0
126 3
127 53
127 1
127 102
128 10
128 95
128 1
129 36
129 122
129 96
130 88
130 97
130 22
131 100
131 45
131 88
132 76
132 1
132 65
133 69
133 2
133 11
134 11
134 24
134 88
135 9
135 37
135 119
136 105
136 29
136 23
137 42
137 12
137 96
138 43
138 47
138 23
139 15
139 17
139 74
140 0
140 136
140 88
141 48
141 16
141 37
142 51
142 87
142 73
143 119
143 24
143 55
144 32
144 16
144 115
145 0
145 44
145 83
146 68
146 131
146 77
147 109
147 22
147 0
148 8
148 115
148 127
149 122
149 53
149 59
150 15
150 9
150 24
151 2
151 146
151 147
152 24
152 105
152 73
153 95
153 81
153 63
154 104
154 20
154 35
155 36
155 26
155 147
156 141
156 122
156 7
157 0
157 47
157 112
158 28
158 155
158 146
159 131
159 5
159 13
160 32
160 87
160 64
161 110
161 4
161 53
162 151
162 155
162 105
163 98
163 0
163 13
164 34
164 137
164 6
165 2
165 51
165 63
166 17
166 11
166 3
167 27
167 67
167 121
168 68
168 140
168 147
169 24
169 146
169 154
170 122
170 86
170 10
171 105
171 4
171 112
172 26
172 108
172 157
173 83
173 15
173 159
174 16
174 20
174 74
175 22
175 48
175 100
176 115
176 16
176 4
177 58
177 98
177 44
178 24
178 67
178 2
179 33
179 6
179 113
180 1
180 151
180 29
181 143
181 90
181 7
182 50
182 51
182 31
183 3
183 33
183 151
184 7
184 48
184 34
185 48
185 87
185 140
186 53
186 142
186 27
187 10
187 2
187 144
188 143
188 18
188 54
189 7
189 70
189 96
190 29
190 137
190 17
191 117
191 22
191 171
192 143
192 15
192 50
193 146
193 100
193 22
194 4
194 48
194 10
195 110
195 12
195 4
196 23
196 52
196 120
197 22
197 156
197 26
198 31
198 106
198 164
199 113
199 137
199 97
200 37
200 70
200 7
201 57
201 12
201 178
202 116
202 122
202 163
203 18
203 180
203 166
204 141
204 0
204 97
205 19
205 22
205 111
206 15
206 92
206 41
207 44
207 0
207 92
208 164
208 54
208 11
209 4
209 50
209 151
210 117
210 112
210 29
211 0
211 11
211 96
212 6
212 183
212 129
213 0
213 1
213 16
214 125
214 158
214 83
215 13
215 122
215 35
216 10
216 78
216 26
217 180
217 200
217 78
218 72
218 17
218 5
219 3
219 98
219 216
220 91
220 157
220 0
221 91
221 203
221 78
222 26
222 21
222 47
223 68
223 147
223 128
224 37
224 6
224 208
225 7
225 17
225 216
226 22
226 178
226 157
227 224
227 17
227 80
228 217
228 73
228 1
229 1
229 16
229 89
230 35
230 53
230 199
231 86
231 1
231 10
232 70
232 217
232 74
233 127
233 2
233 86
234 45
234 184
234 165
235 115
235 152
235 35
236 13
236 63
236 64
237 23
237 67
237 142
238 10
238 70
238 228
239 0
239 235
239 170
240 18
240 10
240 111
241 17
241 166
241 29
242 37
242 42
242 47
243 25
243 26
243 122
244 139
244 11
244 35
245 217
245 95
245 12
246 22
246 17
246 95
247 156
247 53
247 26
248 10
248 122
248 52
249 62
249 125
249 50
250 239
250 105
250 108
251 21
251 184
251 163
252 7
252 5
252 42
253 55
253 209
253 6
254 82
254 11
254 187
255 187
255 51
255 19
256 7
256 5
256 4
257 35
257 13
257 48
258 26
258 51
258 61
259 163
259 17
259 66
260 183
260 35
260 219
261 0
261 242
261 1
262 113
262 15
262 128
263 188
263 233
263 246
264 4
264 101
264 136
265 49
265 29
265 91
266 122
266 83
266 104
267 73
267 139
267 258
268 1
268 41
268 65
269 0
269 65
269 41
270 173
270 4
270 112
271 108
271 111
271 64
272 156
272 29
272 20
273 156
273 183
273 233
274 0
274 120
274 163
275 6
275 152
275 135
276 10
276 22
276 133
277 190
277 71
277 113
278 9
278 35
278 189
279 219
279 203
279 13
280 235
280 265
280 278
281 143
281 17
281 114
282 21
282 34
282 16
283 20
283 74
283 0
284 78
284 183
284 176
285 3
285 252
285 268
286 111
286 113
286 23
287 55
287 43
287 219
288 192
288 4
288 101
289 2
289 0
289 109
290 27
290 46
290 5
291 139
291 7
291 93
292 284
292 48
292 95
293 54
293 1
293 84
294 118
294 287
294 231
295 270
295 133
295 1
296 223
296 139
296 11
297 12
297 5
297 182
298 144
298 136
298 163
299 25
299 113
299 250
300 10
300 96
300 170
301 147
301 32
301 9
302 91
302 136
302 90
303 16
303 136
303 0
304 258
304 77
304 300
305 12
305 190
305 77
306 231
306 11
306 116
307 1
307 149
307 11
308 306
308 213
308 48
309 17
309 66
309 35
310 102
310 1
310 152
311 46
311 68
311 16
312 81
312 1
312 285
313 154
313 70
313 16
314 1
314 12
314 124
315 251
315 248
315 125
316 10
316 34
316 32
317 20
317 264
317 9
318 104
318 89
318 22
319 40
319 27
319 245
320 234
320 5
320 17
321 61
321 16
321 180
322 0
322 83
322 259
323 19
323 12
323 291
324 137
324 306
324 81
325 190
325 294
325 109
326 23
326 245
326 24
327 122
327 23
327 135
328 157
328 289
328 48
329 190
329 93
329 65
330 323
330 23
330 0
331 315
331 105
331 21
332 214
332 12
332 96
333 6
333 285
333 197
334 20
334 307
334 5
335 44
335 1
335 155
336 213
336 131
336 175
337 0
337 111
337 96
338 202
338 48
338 214
339 280
339 57
339 131
340 316
340 40
340 170
341 1
341 43
341 13
342 314
342 139
342 125
343 36
343 204
343 37
344 163
344 335
344 171
345 302
345 264
345 17
346 242
346 50
346 211
347 13
347 47
347 15
348 37
348 54
348 18
349 175
349 280
349 15
350 9
350 213
350 19
351 299
351 307
351 68
352 5
352 288
352 68
353 347
353 125
353 178
354 265
354 5
354 3
355 24
355 102
355 69
356 250
356 20
356 354
357 7
357 157
357 280
358 0
358 34
358 62
359 120
359 70
359 16
360 105
360 40
360 62
361 39
361 236
361 2
362 4
362 130
362 29
363 32
363 142
363 337
364 81
364 152
364 94
365 163
365 87
365 149
366 2
366 355
366 354
367 102
367 0
367 305
368 139
368 3
368 107
369 221
369 35
369 319
370 139
370 206
370 158
371 0
371 26
371 2
372 262
372 358
372 106
373 170
373 63
373 214
374 0
374 19
374 106
375 90
375 3
375 4
376 212
376 83
376 145
377 13
377 214
377 0
378 255
378 3
378 328
379 301
379 42
379 77
380 78
380 188
380 362
381 131
381 264
381 87
382 202
382 7
382 48
383 308
383 17
383 286
384 35
384 88
384 96
385 2
385 0
385 97
386 171
386 250
386 32
387 8
387 100
387 135
388 285
388 146
388 2
389 86
389 60
389 138
390 143
390 105
390 342
391 345
391 41
391 4
392 12
392 265
392 23
393 36
393 152
393 1
394 199
394 13
394 47
395 75
395 295
395 46
396 386
396 0
396 219
397 64
397 325
397 207
398 90
398 229
398 2
399 1
399 386
399 20
400 20
400 106
400 111
401 383
401 53
401 7
402 51
402 164
402 327
403 63
403 119
403 0
404 280
404 1
404 19
405 20
405 143
405 13
406 141
406 8
406 7
407 26
407 7
407 9
408 101
408 32
408 219
409 163
409 379
409 152
410 340
410 143
410 151
411 188
411 148
411 17
412 0
412 10
412 231
413 0
413 351
413 17
414 5
414 242
414 180
415 263
415 162
415 58
416 19
416 73
416 250
417 156
417 317
417 82
418 157
418 7
418 4
419 259
419 2
419 327
420 6
420 57
420 270
421 62
421 23
421 106
422 75
422 139
422 7
423 391
423 363
423 383
424 245
424 87
424 3
425 180
425 70
425 273
426 0
426 81
426 378
427 82
427 85
427 242
428 402
428 286
428 151
429 228
429 335
429 16
430 159
430 269
430 314
431 17
431 13
431 41
432 53
432 125
432 332
433 41
433 403
433 109
434 36
434 62
434 362
435 25
435 120
435 68
436 394
436 126
436 435
437 151
437 56
437 335
438 2
438 96
438 105
439 1
439 326
439 19
440 147
440 29
440 192
441 415
441 133
441 142
442 16
442 209
442 275
443 24
443 101
443 427
444 139
444 257
444 202
445 286
445 156
445 1
446 29
446 404
446 201
447 138
447 314
447 110
448 403
448 90
448 91
449 23
449 7
449 372
450 163
450 149
450 384
451 7
451 16
451 1
452 163
452 60
452 56
453 129
453 370
453 10
454 69
454 177
454 10
455 7
455 228
455 446
456 0
456 234
456 188
457 87
457 187
457 61
458 436
458 426
458 17
459 10
459 245
459 180
460 1
460 370
460 3
461 319
461 210
461 3
462 106
462 100
462 253
463 3
463 307
463 46
464 227
464 7
464 154
465 113
465 10
465 356
466 245
466 86
466 426
467 29
467 131
467 15
468 18
468 303
468 55
469 7
469 362
469 44
470 22
470 337
470 62
471 88
471 14
471 90
472 8
472 140
472 193
473 135
473 197
473 387
474 62
474 162
474 92
475 436
475 244
475 138
476 364
476 26
476 316
477 202
477 114
477 13
478 94
478 354
478 9
479 342
479 82
479 7
480 17
480 0
480 119
481 154
481 36
481 199
482 141
482 157
482 314
483 151
483 128
483 139
484 13
484 279
484 46
485 143
485 115
485 164
486 58
486 5
486 3
487 132
487 314
487 171
488 36
488 1
488 19
489 39
489 149
489 82
490 288
490 7
490 23
491 257
491 190
491 342
492 141
492 398
492 125
493 281
493 487
493 307
494 105
494 294
494 228
495 228
495 314
495 7
496 390
496 37
496 125
497 10
497 9
497 322
498 438
498 159
498 161
499 409
499 97
499 69
