0 1
1 0
2 0
2 1
3 1
3 0
3 2
4 2
4 0
4 1
5 4
5 2
5 0
6 4
6 0
6 1
7 1
7 4
7 0
8 0
8 2
8 1
9 0
9 7
9 8
10 2
10 7
10 0
11 1
11 10
11 0
12 0
12 6
12 1
13 0
13 5
13 7
14 2
14 0
14 1
15 12
15 0
15 1
16 4
16 2
16 0
17 0
17 2
17 1
18 6
18 13
18 2
19 6
19 0
19 8
20 10
20 1
20 2
21 13
21 2
21 6
22 0
22 8
22 13
23 10
23 5
23 0
24 0
24 13
24 1
25 6
25 12
25 0
26 0
26 25
26 24
27 0
27 25
27 2
28 13
28 0
28 3
29 8
29 15
29 26
30 1
30 13
30 17
31 1
31 4
31 13
32 11
32 4
32 0
33 1
33 24
33 2
34 7
34 2
34 5
35 23
35 22
35 17
36 7
36 2
36 8
37 25
37 27
37 6
38 14
38 2
38 32
39 5
39 1
39 10
40 1
40 25
40 33
41 8
41 25
41 7
42 26
42 17
42 28
43 1
43 18
43 0
44 25
44 18
44 10
45 1
45 15
45 24
46 41
46 29
46 11
47 9
47 2
47 12
48 23
48 47
48 13
49 13
49 2
49 7
