0 1
1 0
2 1
2 0
3 1
3 2
3 0
4 1
4 3
4 0
5 1
5 0
5 2
6 3
6 4
6 1
7 0
7 4
7 1
8 0
8 1
8 4
9 4
9 2
9 3
10 4
10 0
10 8
11 2
11 0
11 8
12 2
12 0
12 1
13 1
13 5
13 2
14 1
14 0
14 3
15 3
15 5
15 1
16 11
16 1
16 0
17 6
17 11
17 5
18 1
18 10
18 15
19 0
19 15
19 5
20 10
20 1
20 9
21 1
21 10
21 7
22 5
22 0
22 14
23 18
23 4
23 11
24 11
24 1
24 0
25 8
25 2
25 22
26 15
26 4
26 1
27 1
27 11
27 6
28 4
28 2
28 11
29 1
29 0
29 19
30 0
30 14
30 4
31 28
31 20
31 11
32 4
32 14
32 17
33 10
33 8
33 28
34 15
34 21
34 22
35 25
35 23
35 2
36 27
36 30
36 2
37 1
37 32
37 3
38 28
38 3
38 4
39 1
39 28
39 0
40 2
40 1
40 15
41 8
41 5
41 4
42 2
42 7
42 28
43 8
43 2
43 34
44 0
44 35
44 2
45 35
45 1
45 28
46 11
46 2
46 4
47 29
47 31
47 40
48 21
48 4
48 15
49 29
49 26
49 15
50 32
50 4
50 35
51 35
51 5
51 1
52 33
52 11
52 36
53 20
53 41
53 8
54 14
54 3
54 22
55 1
55 40
55 43
56 10
56 2
56 29
57 22
57 9
57 40
58 1
58 31
58 26
59 42
59 2
59 20
60 1
60 11
60 3
61 1
61 20
61 50
62 7
62 1
62 0
63 2
63 58
63 23
64 3
64 5
64 2
65 14
65 59
65 0
66 31
66 1
66 33
67 8
67 20
67 47
68 14
68 15
68 19
69 52
69 1
69 2
70 3
70 35
70 64
71 8
71 22
71 40
72 11
72 39
72 34
73 60
73 1
73 62
74 12
74 8
74 4
75 33
75 15
75 3
76 44
76 11
76 3
77 6
77 4
77 2
78 1
78 56
78 2
79 2
79 16
79 3
80 50
80 16
80 2
81 1
81 8
81 11
82 28
82 1
82 47
83 44
83 9
83 27
84 33
84 35
84 11
85 83
85 1
85 61
86 20
86 2
86 15
87 43
87 56
87 0
88 1
88 67
88 31
89 17
89 46
89 0
90 64
90 36
90 1
91 9
91 8
91 27
92 21
92 47
92 18
93 18
93 51
93 15
94 4
94 74
94 9
95 29
95 1
95 34
96 19
96 52
96 90
97 2
97 8
97 3
98 20
98 5
98 8
99 4
99 3
99 52
