1 0
2 0
2 1
3 0
3 2
3 1
4 1
4 3
4 2
5 0
5 4
5 1
6 5
6 0
6 2
7 2
7 4
7 3
8 7
8 3
8 2
9 2
9 5
9 1
10 2
10 7
10 5
11 0
11 6
11 9
12 1
12 5
12 2
13 5
13 2
13 1
14 12
14 3
14 1
15 9
15 10
15 1
16 5
16 14
16 4
17 2
17 12
17 7
18 9
18 1
18 13
19 9
19 10
19 17
20 1
20 2
20 11
21 1
21 9
21 2
22 2
22 3
22 17
23 2
23 4
23 0
24 0
24 1
24 5
25 15
25 14
25 1
26 12
26 1
26 9
27 5
27 0
27 8
28 6
28 1
28 0
29 17
29 9
29 26
30 21
30 16
30 28
31 25
31 1
31 5
32 3
32 2
32 13
33 2
33 4
33 0
34 28
34 32
34 2
35 20
35 2
35 4
36 4
36 12
36 17
37 35
37 23
37 2
38 1
38 20
38 2
39 22
39 37
39 12
40 30
40 5
40 9
41 1
41 3
41 4
42 13
42 37
42 40
43 1
43 25
43 5
44 39
44 10
44 17
45 10
45 4
45 1
46 4
46 9
46 12
47 7
47 6
47 43
48 23
48 5
48 37
49 22
49 15
49 10
