0 1
1 0
2 0
2 1
3 0
3 2
3 1
4 0
4 2
4 3
5 0
5 1
5 2
6 5
6 0
6 1
7 2
7 5
7 4
8 4
8 2
8 6
9 4
9 0
9 1
10 7
10 4
10 2
11 1
11 10
11 0
12 3
12 5
12 1
13 5
13 4
13 1
14 6
14 2
14 13
15 3
15 8
15 9
16 11
16 1
16 0
17 5
17 1
17 8
18 11
18 6
18 14
19 18
19 8
19 3
20 12
20 1
20 7
21 7
21 17
21 3
22 13
22 1
22 9
23 4
23 1
23 0
24 21
24 2
24 13
25 22
25 17
25 11
26 0
26 16
26 2
27 9
27 16
27 26
28 11
28 17
28 0
29 21
29 6
29 2
30 26
30 5
30 13
31 22
31 2
31 24
32 4
32 2
32 24
33 6
33 2
33 11
34 2
34 18
34 19
35 19
35 5
35 2
36 2
36 1
36 0
37 13
37 35
37 2
38 0
38 3
38 16
39 29
39 8
39 21
40 3
40 16
40 23
41 21
41 32
41 23
42 3
42 0
42 24
43 35
43 21
43 38
44 43
44 30
44 20
45 25
45 8
45 7
46 29
46 9
46 23
47 1
47 0
47 20
48 1
48 37
48 26
49 13
49 19
49 9
