0 1
1 0
2 0
2 1
3 1
3 0
3 2
4 2
4 1
4 0
5 0
5 4
5 2
6 0
6 1
6 2
7 2
7 1
7 0
8 2
8 3
8 0
9 6
9 7
9 4
10 4
10 8
10 7
11 6
11 4
11 1
12 0
12 2
12 1
13 0
13 8
13 10
14 13
14 0
14 5
15 1
15 0
15 3
16 2
16 1
16 11
17 11
17 16
17 8
18 1
18 3
18 17
19 6
19 2
19 0
20 0
20 4
20 1
21 12
21 6
21 19
22 0
22 4
22 19
23 21
23 18
23 13
24 0
24 22
24 9
25 20
25 18
25 14
26 0
26 4
26 24
27 0
27 13
27 6
28 23
28 2
28 0
29 0
29 6
29 17
30 17
30 16
30 26
31 4
31 10
31 18
32 7
32 1
32 11
33 3
33 1
33 4
34 31
34 28
34 4
35 15
35 23
35 11
36 22
36 10
36 12
37 15
37 4
37 3
38 11
38 28
38 18
39 21
39 13
39 14
40 10
40 36
40 0
41 8
41 31
41 37
42 29
42 0
42 19
43 27
43 8
43 21
44 29
44 34
44 0
45 0
45 12
45 40
46 10
46 22
46 11
47 1
47 11
47 36
48 12
48 8
48 30
49 34
49 0
49 1
