0 1
1 0
2 1
2 0
3 1
3 0
3 2
4 1
4 2
4 0
5 3
5 2
5 1
6 0
6 2
6 1
7 4
7 2
7 1
8 0
8 1
8 5
9 5
9 1
9 2
10 3
10 6
10 5
11 1
11 10
11 2
12 5
12 7
12 2
13 1
13 9
13 10
14 1
14 5
14 2
15 1
15 5
15 4
16 5
16 6
16 0
17 6
17 1
17 4
18 1
18 10
18 5
19 10
19 5
19 0
20 2
20 18
20 16
21 13
21 17
21 18
22 18
22 7
22 6
23 12
23 7
23 5
24 6
24 15
24 17
25 1
25 10
25 17
26 5
26 12
26 7
27 4
27 10
27 0
28 14
28 10
28 1
29 18
29 5
29 1
30 20
30 23
30 6
31 26
31 1
31 5
32 8
32 0
32 17
33 12
33 29
33 9
34 4
34 14
34 6
35 1
35 2
35 3
36 2
36 12
36 6
37 1
37 18
37 2
38 5
38 7
38 18
39 2
39 1
39 16
40 1
40 2
40 17
41 25
41 0
41 18
42 6
42 2
42 0
43 5
43 8
43 32
44 16
44 6
44 5
45 40
45 18
45 34
46 24
46 40
46 4
47 23
47 38
47 18
48 1
48 17
48 10
49 8
49 14
49 5
50 29
50 46
50 20
51 37
51 42
51 44
52 6
52 46
52 39
53 5
53 19
53 20
54 6
54 40
54 13
55 5
55 25
55 48
56 30
56 45
56 2
57 14
57 17
57 4
58 2
58 7
58 6
59 2
59 49
59 56
60 4
60 58
60 50
61 18
61 50
61 1
62 29
62 56
62 51
63 57
63 16
63 49
64 17
64 2
64 45
65 35
65 20
65 3
66 25
66 30
66 14
67 36
67 2
67 57
68 1
68 16
68 15
69 53
69 1
69 32
70 69
70 59
70 12
71 1
71 9
71 44
72 25
72 40
72 5
73 35
73 20
73 8
74 49
74 64
74 57
75 23
75 3
75 68
76 2
76 27
76 18
77 10
77 5
77 6
78 18
78 6
78 34
79 6
79 1
79 2
80 69
80 2
80 61
81 54
81 71
81 40
82 72
82 14
82 9
83 0
83 15
83 58
84 41
84 1
84 15
85 2
85 61
85 39
86 2
86 32
86 9
87 1
87 39
87 13
88 2
88 25
88 10
89 71
89 25
89 19
90 25
90 46
90 65
91 4
91 14
91 5
92 40
92 23
92 33
93 73
93 80
93 53
94 21
94 20
94 14
95 15
95 23
95 6
96 5
96 8
96 76
97 19
97 5
97 18
98 69
98 1
98 5
99 59
99 93
99 18
100 1
100 3
100 18
101 20
101 23
101 34
102 59
102 18
102 5
103 101
103 39
103 6
104 6
104 46
104 23
105 90
105 51
105 28
106 6
106 50
106 5
107 68
107 48
107 33
108 50
108 41
108 7
109 0
109 91
109 34
110 5
110 79
110 18
111 101
111 25
111 50
112 111
112 35
112 4
113 55
113 14
113 47
114 96
114 93
114 66
115 41
115 18
115 2
116 112
116 48
116 50
117 2
117 3
117 19
118 87
118 46
118 3
119 96
119 117
119 1
120 69
120 14
120 112
121 87
121 86
121 76
122 69
122 58
122 57
123 18
123 31
123 5
124 29
124 113
124 46
125 90
125 107
125 69
126 68
126 25
126 73
127 6
127 43
127 5
128 18
128 1
128 78
129 115
129 12
129 47
130 107
130 56
130 101
131 6
131 18
131 58
132 0
132 78
132 45
133 19
133 84
133 68
134 70
134 19
134 29
135 25
135 15
135 107
136 13
136 68
136 118
137 10
137 27
137 1
138 129
138 72
138 17
139 6
139 23
139 1
140 117
140 10
140 54
141 89
141 1
141 88
142 50
142 19
142 51
143 14
143 29
143 40
144 94
144 81
144 45
145 18
145 26
145 113
146 1
146 125
146 30
147 117
147 13
147 14
148 97
148 44
148 20
149 51
149 25
149 8
150 119
150 3
150 66
151 6
151 73
151 36
152 53
152 14
152 31
153 81
153 1
153 76
154 18
154 135
154 0
155 105
155 113
155 19
156 112
156 79
156 6
157 12
157 44
157 4
158 89
158 117
158 1
159 1
159 73
159 2
160 46
160 2
160 88
161 47
161 115
161 96
162 102
162 112
162 48
163 154
163 51
163 76
164 5
164 73
164 118
165 59
165 1
165 128
166 87
166 25
166 46
167 18
167 112
167 92
168 82
168 54
168 0
169 13
169 137
169 54
170 40
170 73
170 123
171 7
171 68
171 5
172 104
172 5
172 128
173 162
173 108
173 127
174 29
174 9
174 43
175 1
175 6
175 87
176 120
176 128
176 2
177 112
177 69
177 11
178 151
178 142
178 14
179 34
179 40
179 101
180 101
180 1
180 104
181 113
181 67
181 127
182 3
182 1
182 0
183 166
183 160
183 11
184 7
184 147
184 53
185 34
185 166
185 5
186 69
186 165
186 18
187 79
187 18
187 0
188 25
188 112
188 102
189 40
189 110
189 125
190 44
190 58
190 46
191 57
191 101
191 12
192 118
192 117
192 81
193 73
193 2
193 40
194 5
194 51
194 69
195 104
195 155
195 50
196 3
196 1
196 16
197 26
197 18
197 15
198 142
198 90
198 3
199 71
199 24
199 80
200 93
200 119
200 18
201 76
201 148
201 46
202 53
202 198
202 130
203 15
203 47
203 6
204 36
204 49
204 51
205 151
205 13
205 79
206 2
206 53
206 18
207 129
207 40
207 148
208 18
208 2
208 87
209 47
209 191
209 192
210 49
210 57
210 103
211 37
211 1
211 12
212 1
212 15
212 4
213 134
213 47
213 102
214 147
214 14
214 2
215 48
215 38
215 6
216 147
216 14
216 29
217 34
217 5
217 3
218 5
218 10
218 68
219 50
219 5
219 106
220 8
220 6
220 173
221 176
221 19
221 7
222 133
222 17
222 194
223 26
223 23
223 19
224 180
224 17
224 9
225 41
225 49
225 2
226 10
226 109
226 67
227 2
227 72
227 176
228 6
228 178
228 19
229 59
229 18
229 221
230 224
230 4
230 144
231 96
231 14
231 200
232 162
232 171
232 41
233 6
233 26
233 51
234 23
234 56
234 5
235 225
235 6
235 193
236 219
236 5
236 29
237 79
237 1
237 96
238 7
238 134
238 6
239 236
239 128
239 40
240 210
240 200
240 38
241 199
241 151
241 5
242 170
242 26
242 147
243 202
243 217
243 25
244 1
244 51
244 175
245 50
245 157
245 30
246 73
246 80
246 50
247 122
247 15
247 222
248 57
248 1
248 182
249 36
249 45
249 156
250 1
250 117
250 51
251 216
251 5
251 69
252 8
252 10
252 0
253 19
253 76
253 200
254 214
254 77
254 72
255 48
255 72
255 68
256 23
256 12
256 133
257 9
257 194
257 96
258 3
258 230
258 18
259 191
259 215
259 4
260 15
260 115
260 30
261 36
261 12
261 49
262 16
262 181
262 103
263 156
263 10
263 18
264 213
264 262
264 15
265 168
265 219
265 7
266 16
266 63
266 196
267 27
267 176
267 58
268 14
268 11
268 49
269 124
269 187
269 18
270 113
270 10
270 14
271 212
271 199
271 72
272 127
272 170
272 191
273 2
273 199
273 88
274 244
274 4
274 17
275 237
275 156
275 265
276 220
276 0
276 3
277 5
277 80
277 209
278 73
278 163
278 118
279 122
279 14
279 54
280 104
280 211
280 166
281 14
281 2
281 1
282 211
282 43
282 17
283 128
283 170
283 30
284 52
284 6
284 120
285 5
285 1
285 23
286 81
286 4
286 52
287 39
287 6
287 133
288 45
288 9
288 269
289 25
289 64
289 182
290 82
290 201
290 3
291 30
291 135
291 3
292 163
292 151
292 54
293 3
293 1
293 61
294 25
294 239
294 49
295 132
295 133
295 233
296 23
296 20
296 78
297 187
297 5
297 12
298 176
298 2
298 262
299 17
299 87
299 29
300 134
300 53
300 223
301 103
301 1
301 48
302 101
302 0
302 218
303 49
303 128
303 115
304 283
304 5
304 47
305 295
305 217
305 4
306 112
306 18
306 94
307 49
307 255
307 113
308 41
308 49
308 23
309 7
309 53
309 175
310 9
310 6
310 59
311 17
311 174
311 6
312 76
312 8
312 15
313 238
313 47
313 235
314 52
314 1
314 118
315 8
315 19
315 30
316 5
316 17
316 254
317 69
317 190
317 3
318 257
318 244
318 110
319 116
319 129
319 16
320 205
320 19
320 213
321 316
321 3
321 6
322 244
322 103
322 2
323 8
323 207
323 317
324 10
324 192
324 15
325 194
325 215
325 267
326 255
326 91
326 23
327 109
327 324
327 79
328 23
328 134
328 109
329 298
329 88
329 41
330 122
330 41
330 4
331 5
331 46
331 71
332 38
332 126
332 271
333 16
333 18
333 1
334 4
334 104
334 37
335 109
335 268
335 92
336 72
336 167
336 20
337 2
337 30
337 1
338 5
338 51
338 1
339 127
339 187
339 267
340 15
340 173
340 6
341 54
341 133
341 10
342 104
342 18
342 293
343 205
343 259
343 77
344 59
344 36
344 167
345 78
345 81
345 154
346 115
346 14
346 6
347 8
347 29
347 69
348 13
348 162
348 17
349 11
349 29
349 303
350 5
350 283
350 29
351 326
351 54
351 134
352 189
352 52
352 39
353 61
353 76
353 5
354 132
354 101
354 51
355 290
355 183
355 32
356 20
356 5
356 36
357 12
357 267
357 224
358 18
358 69
358 172
359 20
359 112
359 1
360 282
360 167
360 200
361 262
361 80
361 109
362 16
362 0
362 305
363 317
363 160
363 77
364 18
364 0
364 297
365 304
365 16
365 59
366 2
366 13
366 0
367 335
367 0
367 273
368 300
368 4
368 193
369 40
369 8
369 186
370 348
370 257
370 12
371 111
371 120
371 254
372 115
372 3
372 43
373 128
373 23
373 335
374 66
374 246
374 49
375 49
375 113
375 157
376 7
376 101
376 371
377 7
377 135
377 245
378 151
378 48
378 82
379 81
379 90
379 15
380 113
380 128
380 2
381 281
381 38
381 176
382 165
382 49
382 306
383 163
383 2
383 5
384 9
384 3
384 27
385 3
385 40
385 116
386 75
386 190
386 191
387 33
387 61
387 5
388 165
388 220
388 161
389 224
389 215
389 176
390 346
390 44
390 30
391 101
391 121
391 19
392 66
392 224
392 232
393 147
393 195
393 185
394 0
394 165
394 253
395 59
395 381
395 68
396 231
396 25
396 68
397 4
397 371
397 301
398 49
398 249
398 244
399 11
399 1
399 364
400 120
400 5
400 2
401 4
401 195
401 287
402 59
402 1
402 254
403 1
403 69
403 66
404 272
404 364
404 383
405 387
405 104
405 5
406 254
406 131
406 13
407 33
407 303
407 68
408 108
408 2
408 29
409 21
409 41
409 177
410 44
410 343
410 92
411 193
411 3
411 52
412 291
412 229
412 153
413 137
413 1
413 115
414 12
414 391
414 133
415 133
415 148
415 20
416 217
416 78
416 45
417 14
417 1
417 40
418 405
418 142
418 315
419 118
419 296
419 303
420 350
420 20
420 10
421 3
421 31
421 152
422 98
422 75
422 18
423 51
423 6
423 5
424 175
424 5
424 405
425 205
425 399
425 19
426 111
426 33
426 174
427 57
427 11
427 337
428 47
428 14
428 274
429 40
429 326
429 14
430 40
430 327
430 33
431 394
431 294
431 52
432 14
432 38
432 13
433 301
433 227
433 213
434 0
434 167
434 40
435 5
435 40
435 111
436 296
436 39
436 77
437 381
437 252
437 296
438 292
438 202
438 12
439 25
439 69
439 40
440 0
440 4
440 275
441 33
441 356
441 79
442 46
442 159
442 269
443 191
443 142
443 101
444 385
444 9
444 39
445 2
445 35
445 34
446 57
446 212
446 69
447 346
447 20
447 12
448 373
448 205
448 98
449 398
449 176
449 244
450 139
450 52
450 65
451 18
451 44
451 326
452 29
452 1
452 451
453 89
453 147
453 18
454 1
454 29
454 261
455 178
455 84
455 2
456 1
456 97
456 261
457 297
457 44
457 273
458 442
458 54
458 373
459 254
459 128
459 66
460 151
460 190
460 84
461 264
461 203
461 38
462 14
462 21
462 377
463 235
463 114
463 14
464 282
464 430
464 10
465 0
465 261
465 392
466 93
466 57
466 196
467 15
467 54
467 73
468 3
468 244
468 50
469 133
469 0
469 460
470 321
470 431
470 143
471 156
471 5
471 236
472 81
472 424
472 51
473 8
473 254
473 101
474 104
474 4
474 193
475 69
475 177
475 9
476 14
476 135
476 435
477 243
477 1
477 32
478 1
478 327
478 392
479 34
479 16
479 460
480 44
480 10
480 6
481 19
481 3
481 169
482 58
482 298
482 320
483 169
483 19
483 24
484 1
484 356
484 20
485 41
485 18
485 3
486 1
486 258
486 135
487 211
487 291
487 23
488 201
488 20
488 101
489 141
489 23
489 178
490 41
490 75
490 31
491 219
491 13
491 288
492 280
492 155
492 68
493 15
493 17
493 9
494 231
494 102
494 224
495 205
495 130
495 178
496 453
496 5
496 364
497 396
497 128
497 16
498 30
498 19
498 89
499 37
499 443
499 146
