0 1
0 2
0 3
0 4
0 5
1 0
1 2
1 3
1 4
1 5
2 0
2 1
2 3
2 4
2 6
3 0
3 1
3 2
3 16
3 22
4 0
4 2
4 1
4 5
4 7
5 4
5 0
5 1
5 6
5 7
6 2
6 5
6 1
6 9
6 11
7 5
7 1
7 4
7 15
7 36
8 5
8 2
8 0
8 11
8 13
9 2
9 6
9 4
9 15
9 18
10 5
10 1
10 4
10 12
10 32
11 2
11 8
11 6
11 13
11 14
12 0
12 10
12 6
12 22
12 30
13 11
13 8
13 4
13 15
13 20
14 8
14 6
14 11
15 13
15 9
15 7
15 19
15 26
16 11
16 2
16 3
16 26
17 5
17 0
17 1
17 28
17 30
18 5
18 0
18 9
18 30
18 37
19 15
19 2
19 6
19 21
19 23
20 11
20 13
20 1
20 27
20 35
21 19
21 2
21 5
22 12
22 2
22 3
22 42
23 6
23 19
23 2
23 25
23 44
24 13
24 0
24 3
25 2
25 23
25 11
25 28
25 43
26 3
26 15
26 16
26 36
27 4
27 20
27 11
28 3
28 17
28 25
29 6
29 1
29 0
29 37
29 41
30 17
30 12
30 18
30 42
30 44
31 17
31 4
31 3
31 36
32 5
32 1
32 10
33 9
33 17
33 3
34 2
34 9
34 8
34 35
34 43
35 20
35 17
35 34
35 40
35 47
36 7
36 31
36 26
36 48
37 18
37 3
37 29
38 4
38 20
38 5
38 45
39 15
39 17
39 4
40 5
40 20
40 35
41 29
41 0
41 18
42 22
42 20
42 30
43 12
43 25
43 34
44 30
44 23
44 2
45 38
45 0
45 3
46 2
46 13
46 12
47 5
47 15
47 35
48 36
48 4
48 5
49 23
49 17
49 35
