0 1
0 2
1 0
1 2
2 0
2 1
3 2
3 0
3 1
4 0
4 2
4 1
5 2
5 0
5 3
6 4
6 0
6 1
7 2
7 0
7 1
8 0
8 2
8 6
9 1
9 6
9 8
10 6
10 4
10 1
11 10
11 3
11 1
12 2
12 8
12 3
13 4
13 6
13 0
14 2
14 3
14 11
15 2
15 8
15 4
16 2
16 1
16 4
17 2
17 4
17 6
18 16
18 2
18 0
19 0
19 9
19 3
20 6
20 1
20 7
21 1
21 6
21 19
22 8
22 2
22 1
23 2
23 6
23 0
24 0
24 7
24 4
25 3
25 13
25 24
26 0
26 7
26 2
27 4
27 0
27 18
28 16
28 10
28 3
29 1
29 10
29 28
30 0
30 1
30 6
31 17
31 4
31 6
32 11
32 10
32 26
33 5
33 4
33 31
34 3
34 12
34 28
35 1
35 21
35 8
36 7
36 15
36 0
37 17
37 21
37 2
38 0
38 4
38 37
39 10
39 12
39 6
40 4
40 37
40 33
41 34
41 6
41 25
42 40
42 18
42 22
43 18
43 2
43 39
44 18
44 33
44 0
45 14
45 38
45 2
46 3
46 1
46 4
47 2
47 1
47 3
48 2
48 25
48 30
49 1
49 0
49 19
50 2
50 6
50 27
51 9
51 28
51 16
52 4
52 8
52 32
53 25
53 1
53 0
54 6
54 4
54 35
55 10
55 40
55 2
56 23
56 2
56 18
57 48
57 0
57 28
58 0
58 1
58 2
59 19
59 28
59 16
60 41
60 29
60 59
61 0
61 25
61 4
62 20
62 0
62 6
63 55
63 49
63 0
64 22
64 37
64 12
65 36
65 27
65 3
66 16
66 55
66 19
67 4
67 2
67 53
68 1
68 10
68 0
69 33
69 19
69 17
70 33
70 61
70 59
71 33
71 61
71 29
72 28
72 48
72 3
73 2
73 4
73 12
74 64
74 0
74 4
75 8
75 60
75 2
76 0
76 29
76 25
77 3
77 22
77 48
78 64
78 16
78 23
79 36
79 22
79 1
80 18
80 47
80 31
81 0
81 32
81 20
82 1
82 38
82 4
83 77
83 18
83 16
84 4
84 0
84 35
85 1
85 60
85 33
86 0
86 6
86 3
87 55
87 2
87 10
88 55
88 33
88 28
89 4
89 25
89 15
90 55
90 78
90 4
91 15
91 61
91 0
92 16
92 12
92 45
93 22
93 18
93 1
94 59
94 1
94 6
95 16
95 86
95 25
96 77
96 59
96 28
97 95
97 4
97 18
98 16
98 4
98 37
99 0
99 77
99 4
100 51
100 8
100 1
101 27
101 24
101 0
102 14
102 22
102 12
103 8
103 51
103 77
104 0
104 71
104 87
105 4
105 6
105 1
106 34
106 101
106 70
107 64
107 51
107 0
108 51
108 25
108 41
109 35
109 52
109 64
110 64
110 62
110 8
111 38
111 61
111 22
112 62
112 54
112 107
113 27
113 111
113 81
114 47
114 57
114 4
115 19
115 0
115 22
116 1
116 105
116 28
117 53
117 6
117 30
118 22
118 55
118 66
119 38
119 90
119 77
120 0
120 7
120 17
121 61
121 59
121 41
122 14
122 23
122 25
123 1
123 78
123 72
124 49
124 84
124 40
125 34
125 70
125 60
126 20
126 18
126 0
127 45
127 0
127 36
128 48
128 46
128 1
129 28
129 27
129 6
130 1
130 28
130 39
131 45
131 79
131 43
132 67
132 12
132 1
133 0
133 64
133 10
134 0
134 8
134 4
135 19
135 27
135 42
136 1
136 89
136 43
137 135
137 58
137 9
138 1
138 83
138 28
139 10
139 89
139 49
140 84
140 57
140 45
141 0
141 135
141 41
142 134
142 6
142 15
143 18
143 0
143 4
144 57
144 8
144 107
145 36
145 62
145 1
146 31
146 106
146 117
147 97
147 0
147 115
148 0
148 32
148 67
149 51
149 61
149 146
150 0
150 2
150 139
151 2
151 125
151 78
152 59
152 61
152 112
153 122
153 2
153 18
154 9
154 51
154 59
155 18
155 0
155 45
156 10
156 31
156 57
157 152
157 9
157 0
158 4
158 92
158 126
159 21
159 87
159 78
160 0
160 131
160 3
161 85
161 159
161 3
162 0
162 67
162 16
163 74
163 23
163 17
164 78
164 43
164 24
165 156
165 135
165 30
166 128
166 37
166 21
167 129
167 25
167 87
168 167
168 141
168 132
169 95
169 150
169 164
170 12
170 1
170 20
171 98
171 164
171 160
172 0
172 27
172 6
173 118
173 4
173 67
174 1
174 163
174 22
175 28
175 54
175 48
176 22
176 1
176 98
177 162
177 175
177 18
178 9
178 123
178 0
179 115
179 4
179 9
180 23
180 19
180 61
181 3
181 61
181 17
182 13
182 37
182 160
183 34
183 159
183 61
184 1
184 2
184 106
185 141
185 177
185 52
186 13
186 115
186 22
187 58
187 21
187 164
188 2
188 9
188 97
189 2
189 94
189 11
190 4
190 18
190 14
191 181
191 30
191 11
192 117
192 1
192 173
193 30
193 72
193 137
194 181
194 30
194 18
195 0
195 8
195 125
196 30
196 192
196 162
197 110
197 185
197 52
198 30
198 13
198 79
199 198
199 10
199 24
200 54
200 4
200 6
201 120
201 17
201 118
202 28
202 13
202 59
203 3
203 78
203 96
204 0
204 174
204 1
205 174
205 49
205 30
206 87
206 28
206 150
207 66
207 72
207 24
208 5
208 27
208 65
209 135
209 0
209 26
210 66
210 18
210 9
211 6
211 189
211 1
212 145
212 25
212 21
213 0
213 1
213 44
214 160
214 46
214 117
215 179
215 24
215 186
216 100
216 136
216 15
217 17
217 27
217 19
218 67
218 112
218 37
219 129
219 18
219 107
220 125
220 17
220 210
221 33
221 1
221 2
222 78
222 34
222 13
223 17
223 77
223 10
224 3
224 2
224 181
225 42
225 66
225 154
226 4
226 70
226 165
227 58
227 107
227 194
228 88
228 1
228 11
229 27
229 109
229 61
230 8
230 84
230 94
231 97
231 85
231 58
232 2
232 204
232 1
233 40
233 36
233 16
234 34
234 17
234 187
235 103
235 22
235 33
236 47
236 163
236 63
237 1
237 83
237 30
238 194
238 48
238 37
239 57
239 75
239 58
240 33
240 150
240 236
241 178
241 98
241 42
242 227
242 236
242 61
243 81
243 20
243 6
244 34
244 33
244 1
245 57
245 1
245 111
246 219
246 19
246 188
247 130
247 4
247 0
248 28
248 170
248 6
249 34
249 160
249 232
250 135
250 198
250 87
251 162
251 211
251 49
252 53
252 140
252 146
253 64
253 45
253 1
254 87
254 194
254 222
255 158
255 150
255 25
256 70
256 211
256 49
257 2
257 34
257 61
258 18
258 35
258 11
259 87
259 240
259 60
260 1
260 54
260 216
261 146
261 102
261 17
262 0
262 15
262 32
263 148
263 17
263 24
264 96
264 3
264 112
265 85
265 181
265 6
266 70
266 101
266 6
267 67
267 4
267 216
268 83
268 17
268 18
269 198
269 28
269 260
270 4
270 29
270 207
271 24
271 17
271 54
272 74
272 17
272 64
273 0
273 233
273 257
274 64
274 175
274 75
275 26
275 42
275 53
276 62
276 1
276 270
277 66
277 128
277 56
278 17
278 250
278 112
279 2
279 19
279 23
280 0
280 196
280 18
281 28
281 218
281 210
282 104
282 47
282 4
283 238
283 14
283 119
284 22
284 32
284 192
285 1
285 0
285 64
286 6
286 3
286 9
287 219
287 47
287 96
288 168
288 18
288 61
289 228
289 40
289 70
290 3
290 1
290 148
291 34
291 39
291 87
292 1
292 0
292 222
293 16
293 213
293 129
294 193
294 148
294 59
295 64
295 11
295 8
296 120
296 111
296 8
297 0
297 25
297 70
298 65
298 25
298 290
299 260
299 1
299 212
300 2
300 32
300 263
301 39
301 2
301 141
302 1
302 6
302 298
303 70
303 29
303 164
304 92
304 31
304 192
305 9
305 251
305 73
306 230
306 4
306 193
307 10
307 245
307 291
308 76
308 13
308 61
309 159
309 248
309 180
310 38
310 152
310 292
311 193
311 287
311 273
312 18
312 176
312 82
313 182
313 291
313 21
314 245
314 311
314 100
315 6
315 89
315 0
316 84
316 153
316 4
317 296
317 113
317 126
318 178
318 304
318 198
319 0
319 42
319 180
320 49
320 57
320 8
321 280
321 49
321 34
322 100
322 6
322 16
323 13
323 167
323 55
324 146
324 105
324 228
325 3
325 14
325 19
326 76
326 92
326 162
327 233
327 232
327 263
328 31
328 9
328 316
329 66
329 4
329 269
330 0
330 108
330 158
331 1
331 228
331 4
332 57
332 1
332 286
333 101
333 10
333 311
334 90
334 63
334 125
335 28
335 9
335 6
336 1
336 192
336 3
337 333
337 207
337 2
338 33
338 78
338 173
339 78
339 11
339 4
340 216
340 96
340 9
341 99
341 195
341 3
342 13
342 164
342 24
343 0
343 171
343 311
344 146
344 47
344 251
345 16
345 1
345 78
346 251
346 15
346 150
347 181
347 239
347 55
348 199
348 180
348 326
349 77
349 23
349 146
350 182
350 0
350 290
351 147
351 146
351 298
352 35
352 40
352 211
353 96
353 94
353 289
354 4
354 315
354 32
355 4
355 0
355 251
356 160
356 286
356 27
357 130
357 15
357 18
358 234
358 32
358 23
359 315
359 0
359 149
360 22
360 165
360 1
361 210
361 14
361 112
362 306
362 154
362 148
363 33
363 18
363 193
364 8
364 159
364 322
365 19
365 2
365 34
366 57
366 193
366 67
367 282
367 88
367 0
368 61
368 18
368 77
369 108
369 59
369 231
370 217
370 8
370 112
371 244
371 155
371 0
372 260
372 160
372 13
373 213
373 135
373 340
374 61
374 161
374 340
375 9
375 40
375 45
376 150
376 241
376 349
377 123
377 22
377 66
378 16
378 4
378 27
379 16
379 344
379 37
380 111
380 32
380 0
381 165
381 317
381 227
382 6
382 40
382 2
383 93
383 52
383 9
384 279
384 96
384 259
385 23
385 148
385 105
386 179
386 41
386 1
387 10
387 175
387 101
388 27
388 211
388 81
389 176
389 101
389 194
390 358
390 268
390 269
391 245
391 71
391 348
392 118
392 4
392 349
393 11
393 12
393 42
394 72
394 116
394 165
395 160
395 129
395 12
396 64
396 55
396 193
397 106
397 30
397 117
398 27
398 271
398 0
399 156
399 4
399 312
400 336
400 2
400 60
401 49
401 317
401 135
402 18
402 111
402 4
403 349
403 195
403 0
404 4
404 92
404 222
405 222
405 20
405 137
406 94
406 87
406 32
407 282
407 113
407 241
408 405
408 125
408 72
409 0
409 157
409 41
410 63
410 0
410 126
411 130
411 2
411 55
412 132
412 211
412 252
413 9
413 39
413 178
414 340
414 133
414 128
415 256
415 339
415 155
416 42
416 24
416 187
417 374
417 195
417 31
418 206
418 1
418 10
419 80
419 274
419 2
420 249
420 195
420 111
421 291
421 193
421 181
422 125
422 397
422 34
423 100
423 125
423 351
424 143
424 159
424 88
425 62
425 187
425 216
426 245
426 102
426 323
427 3
427 290
427 118
428 66
428 204
428 59
429 112
429 222
429 330
430 316
430 133
430 349
431 211
431 33
431 145
432 411
432 3
432 95
433 120
433 15
433 301
434 218
434 100
434 67
435 270
435 295
435 112
436 135
436 25
436 107
437 155
437 170
437 9
438 432
438 1
438 20
439 66
439 366
439 247
440 0
440 421
440 71
441 9
441 417
441 72
442 130
442 342
442 4
443 130
443 120
443 341
444 342
444 380
444 1
445 98
445 4
445 67
446 28
446 1
446 180
447 8
447 22
447 340
448 88
448 71
448 156
449 267
449 318
449 112
450 64
450 17
450 244
451 147
451 2
451 38
452 14
452 4
452 78
453 19
453 10
453 4
454 193
454 28
454 233
455 119
455 25
455 34
456 94
456 229
456 442
457 276
457 15
457 22
458 126
458 6
458 8
459 0
459 70
459 91
460 81
460 137
460 51
461 164
461 19
461 201
462 4
462 112
462 0
463 112
463 47
463 57
464 57
464 11
464 6
465 1
465 452
465 25
466 45
466 12
466 141
467 420
467 260
467 1
468 252
468 0
468 255
469 0
469 146
469 34
470 54
470 12
470 87
471 469
471 47
471 341
472 96
472 259
472 77
473 159
473 46
473 252
474 83
474 238
474 282
475 6
475 165
475 129
476 227
476 162
476 199
477 413
477 117
477 157
478 120
478 20
478 434
479 13
479 469
479 351
480 150
480 378
480 250
481 340
481 23
481 95
482 105
482 64
482 468
483 107
483 9
483 268
484 479
484 1
484 87
485 194
485 85
485 1
486 463
486 263
486 385
487 273
487 166
487 198
488 470
488 187
488 3
489 49
489 310
489 296
490 22
490 136
490 57
491 17
491 1
491 252
492 7
492 352
492 112
493 28
493 141
493 397
494 116
494 78
494 226
495 8
495 18
495 73
496 360
496 4
496 28
497 29
497 22
497 92
498 19
498 78
498 232
499 23
499 465
499 0
500 234
500 80
500 174
501 252
501 294
501 434
502 61
502 0
502 340
503 25
503 96
503 131
504 2
504 141
504 33
505 233
505 1
505 0
506 20
506 307
506 434
507 259
507 99
507 49
508 48
508 22
508 181
509 239
509 21
509 481
510 316
510 416
510 223
511 70
511 82
511 77
512 401
512 3
512 104
513 93
513 107
513 71
514 61
514 163
514 177
515 28
515 4
515 334
516 463
516 32
516 216
517 61
517 346
517 0
518 468
518 28
518 0
519 51
519 394
519 427
520 61
520 42
520 12
521 195
521 315
521 160
522 146
522 41
522 10
523 61
523 308
523 260
524 3
524 508
524 317
525 84
525 499
525 297
526 31
526 228
526 112
527 388
527 1
527 61
528 23
528 400
528 186
529 302
529 93
529 347
530 67
530 78
530 17
531 459
531 55
531 222
532 34
532 459
532 338
533 178
533 0
533 20
534 15
534 2
534 51
535 263
535 216
535 236
536 14
536 468
536 291
537 2
537 0
537 340
538 0
538 22
538 125
539 163
539 10
539 343
540 106
540 440
540 136
541 32
541 91
541 299
542 0
542 265
542 132
543 541
543 266
543 180
544 36
544 96
544 67
545 115
545 136
545 202
546 364
546 252
546 164
547 89
547 229
547 6
548 370
548 92
548 211
549 2
549 84
549 261
550 221
550 4
550 234
551 146
551 75
551 201
552 504
552 308
552 211
553 205
553 52
553 345
554 410
554 87
554 227
555 3
555 39
555 484
556 1
556 19
556 61
557 248
557 3
557 169
558 3
558 502
558 117
559 106
559 156
559 86
560 243
560 450
560 10
561 173
561 112
561 75
562 358
562 35
562 263
563 46
563 61
563 44
564 154
564 16
564 381
565 181
565 2
565 0
566 16
566 219
566 112
567 261
567 96
567 98
568 8
568 218
568 47
569 260
569 561
569 252
570 2
570 181
570 28
571 10
571 59
571 79
572 6
572 150
572 53
573 1
573 54
573 80
574 72
574 501
574 54
575 526
575 101
575 549
576 2
576 431
576 120
577 133
577 492
577 213
578 0
578 63
578 330
579 1
579 487
579 9
580 58
580 52
580 97
581 46
581 414
581 2
582 249
582 42
582 6
583 141
583 233
583 277
584 241
584 158
584 27
585 92
585 180
585 6
586 33
586 207
586 325
587 160
587 70
587 232
588 291
588 342
588 97
589 2
589 100
589 340
590 41
590 235
590 160
591 104
591 241
591 575
592 0
592 247
592 197
593 33
593 93
593 36
594 459
594 4
594 0
595 104
595 405
595 15
596 261
596 58
596 433
597 595
597 434
597 36
598 405
598 1
598 16
599 315
599 83
599 176
600 2
600 63
600 471
601 3
601 8
601 284
602 562
602 504
602 102
603 334
603 0
603 33
604 511
604 452
604 28
605 356
605 235
605 43
606 53
606 120
606 572
607 34
607 129
607 64
608 331
608 4
608 59
609 199
609 397
609 20
610 140
610 1
610 465
611 462
611 57
611 258
612 104
612 269
612 123
613 438
613 369
613 332
614 378
614 17
614 128
615 160
615 0
615 562
616 203
616 244
616 15
617 207
617 152
617 18
618 487
618 234
618 572
619 299
619 600
619 401
620 88
620 327
620 360
621 20
621 31
621 249
622 0
622 35
622 247
623 31
623 539
623 2
624 153
624 71
624 22
625 30
625 71
625 94
626 2
626 395
626 262
627 36
627 129
627 202
628 436
628 164
628 616
629 61
629 15
629 413
630 301
630 1
630 112
631 419
631 149
631 331
632 134
632 70
632 112
633 20
633 30
633 542
634 125
634 231
634 528
635 46
635 96
635 628
636 28
636 49
636 3
637 14
637 194
637 17
638 7
638 328
638 397
639 472
639 18
639 43
640 12
640 218
640 204
641 472
641 233
641 196
642 140
642 514
642 237
643 483
643 186
643 287
644 413
644 191
644 137
645 2
645 554
645 468
646 186
646 4
646 300
647 170
647 169
647 85
648 18
648 52
648 28
649 495
649 13
649 208
650 145
650 76
650 144
651 308
651 0
651 107
652 1
652 41
652 644
653 273
653 13
653 14
654 191
654 563
654 509
655 0
655 100
655 535
656 263
656 71
656 21
657 144
657 198
657 383
658 61
658 54
658 183
659 635
659 130
659 258
660 289
660 0
660 618
661 489
661 47
661 159
662 71
662 267
662 106
663 615
663 33
663 263
664 85
664 333
664 578
665 84
665 32
665 61
666 224
666 51
666 18
667 279
667 38
667 2
668 531
668 77
668 415
669 21
669 263
669 661
670 22
670 585
670 416
671 71
671 19
671 1
672 56
672 16
672 372
673 185
673 661
673 67
674 1
674 348
674 625
675 83
675 331
675 260
676 403
676 173
676 345
677 40
677 34
677 336
678 34
678 306
678 103
679 628
679 2
679 76
680 678
680 70
680 64
681 19
681 640
681 42
682 55
682 469
682 93
683 593
683 388
683 321
684 78
684 303
684 515
685 150
685 41
685 561
686 87
686 64
686 471
687 48
687 45
687 112
688 282
688 57
688 1
689 61
689 388
689 284
690 318
690 0
690 315
691 19
691 39
691 61
692 8
692 551
692 9
693 246
693 1
693 19
694 139
694 119
694 211
695 30
695 380
695 26
696 348
696 234
696 221
697 65
697 405
697 193
698 77
698 249
698 1
699 373
699 1
699 459
700 164
700 641
700 649
701 83
701 36
701 252
702 554
702 185
702 202
703 41
703 25
703 164
704 520
704 177
704 0
705 702
705 1
705 260
706 90
706 146
706 574
707 2
707 455
707 57
708 245
708 362
708 262
709 639
709 707
709 38
710 575
710 505
710 30
711 263
711 21
711 663
712 380
712 0
712 23
713 17
713 101
713 318
714 80
714 698
714 575
715 156
715 214
715 96
716 357
716 534
716 504
717 687
717 19
717 9
718 17
718 45
718 398
719 77
719 456
719 4
720 619
720 214
720 61
721 119
721 599
721 611
722 0
722 221
722 717
723 28
723 66
723 54
724 19
724 37
724 1
725 72
725 39
725 18
726 17
726 2
726 327
727 475
727 148
727 41
728 54
728 71
728 4
729 57
729 4
729 15
730 686
730 177
730 102
731 6
731 232
731 381
732 572
732 248
732 414
733 77
733 295
733 419
734 265
734 345
734 687
735 107
735 678
735 247
736 702
736 91
736 282
737 0
737 414
737 125
738 33
738 134
738 7
739 32
739 66
739 1
740 162
740 342
740 258
741 566
741 542
741 450
742 59
742 27
742 0
743 18
743 652
743 119
744 11
744 270
744 80
745 1
745 234
745 185
746 181
746 22
746 523
747 84
747 217
747 489
748 120
748 318
748 65
749 233
749 6
749 263
750 18
750 4
750 499
751 531
751 133
751 582
752 349
752 1
752 80
753 458
753 153
753 193
754 2
754 498
754 541
755 24
755 286
755 134
756 17
756 371
756 120
757 274
757 601
757 501
758 81
758 207
758 678
759 59
759 244
759 137
760 0
760 60
760 205
761 534
761 3
761 10
762 111
762 318
762 76
763 4
763 139
763 29
764 87
764 167
764 172
765 91
765 175
765 4
766 521
766 93
766 22
767 523
767 327
767 254
768 258
768 19
768 317
769 57
769 130
769 486
770 180
770 58
770 27
771 126
771 28
771 141
772 597
772 10
772 741
773 212
773 492
773 90
774 193
774 73
774 762
775 61
775 6
775 50
776 358
776 671
776 580
777 241
777 0
777 552
778 51
778 612
778 53
779 318
779 0
779 696
780 0
780 302
780 150
781 26
781 112
781 156
782 92
782 111
782 236
783 380
783 468
783 52
784 243
784 121
784 49
785 260
785 9
785 356
786 181
786 628
786 21
787 519
787 454
787 3
788 139
788 470
788 581
789 192
789 67
789 3
790 427
790 1
790 237
791 49
791 759
791 306
792 711
792 68
792 90
793 3
793 155
793 667
794 18
794 11
794 661
795 367
795 95
795 307
796 4
796 420
796 539
797 172
797 263
797 789
798 419
798 68
798 2
799 637
799 121
799 325
800 789
800 92
800 456
801 194
801 28
801 12
802 792
802 66
802 754
803 484
803 39
803 0
804 228
804 0
804 65
805 45
805 464
805 596
806 173
806 77
806 430
807 656
807 707
807 2
808 15
808 59
808 663
809 445
809 1
809 43
810 503
810 653
810 39
811 392
811 10
811 69
812 690
812 36
812 577
813 223
813 721
813 143
814 726
814 0
814 182
815 781
815 212
815 192
816 87
816 196
816 526
817 79
817 64
817 334
818 192
818 410
818 446
819 328
819 461
819 4
820 11
820 798
820 372
821 331
821 160
821 2
822 61
822 351
822 13
823 179
823 175
823 668
824 4
824 112
824 750
825 416
825 28
825 0
826 13
826 428
826 348
827 142
827 696
827 22
828 6
828 13
828 39
829 12
829 785
829 76
830 61
830 15
830 59
831 819
831 0
831 618
832 8
832 20
832 62
833 106
833 37
833 59
834 718
834 700
834 75
835 13
835 462
835 277
836 730
836 214
836 615
837 25
837 10
837 214
838 248
838 501
838 10
839 517
839 9
839 619
840 705
840 59
840 340
841 45
841 141
841 686
842 4
842 673
842 154
843 341
843 325
843 32
844 334
844 146
844 221
845 74
845 234
845 75
846 191
846 742
846 354
847 232
847 260
847 501
848 531
848 261
848 3
849 523
849 96
849 46
850 765
850 503
850 3
851 10
851 0
851 87
852 189
852 351
852 25
853 340
853 255
853 72
854 385
854 280
854 117
855 203
855 49
855 53
856 3
856 119
856 234
857 716
857 28
857 37
858 134
858 681
858 245
859 23
859 87
859 278
860 636
860 70
860 6
861 94
861 3
861 346
862 61
862 87
862 300
863 112
863 6
863 629
864 318
864 158
864 130
865 521
865 741
865 6
866 2
866 0
866 561
867 100
867 8
867 300
868 853
868 108
868 615
869 644
869 0
869 541
870 9
870 33
870 50
871 150
871 655
871 245
872 0
872 851
872 2
873 40
873 307
873 0
874 522
874 239
874 61
875 541
875 743
875 141
876 532
876 90
876 67
877 789
877 726
877 61
878 488
878 27
878 68
879 426
879 3
879 855
880 570
880 3
880 612
881 693
881 177
881 178
882 797
882 11
882 288
883 55
883 37
883 101
884 100
884 216
884 61
885 752
885 583
885 719
886 787
886 607
886 97
887 86
887 422
887 400
888 1
888 672
888 282
889 459
889 309
889 18
890 18
890 228
890 243
891 4
891 135
891 0
892 385
892 124
892 8
893 135
893 69
893 390
894 49
894 250
894 107
895 57
895 330
895 7
896 1
896 62
896 210
897 829
897 28
897 211
898 228
898 472
898 234
899 318
899 46
899 243
900 581
900 33
900 401
901 95
901 3
901 237
902 30
902 61
902 12
903 58
903 210
903 214
904 308
904 1
904 155
905 77
905 614
905 394
906 354
906 185
906 467
907 13
907 810
907 30
908 39
908 101
908 42
909 107
909 55
909 818
910 259
910 116
910 8
911 171
911 480
911 413
912 0
912 55
912 148
913 130
913 97
913 666
914 511
914 206
914 61
915 245
915 34
915 162
916 245
916 593
916 257
917 287
917 396
917 180
918 0
918 325
918 330
919 141
919 72
919 4
920 521
920 0
920 6
921 52
921 351
921 148
922 413
922 28
922 382
923 394
923 534
923 234
924 4
924 23
924 28
925 191
925 148
925 913
926 285
926 308
926 862
927 361
927 254
927 344
928 337
928 39
928 133
929 464
929 13
929 886
930 161
930 346
930 22
931 129
931 12
931 87
932 276
932 10
932 765
933 107
933 435
933 676
934 768
934 22
934 661
935 214
935 117
935 66
936 221
936 46
936 1
937 675
937 712
937 744
938 20
938 19
938 692
939 419
939 467
939 580
940 800
940 2
940 153
941 92
941 2
941 483
942 693
942 13
942 867
943 382
943 554
943 674
944 27
944 231
944 523
945 468
945 56
945 112
946 403
946 749
946 940
947 945
947 331
947 0
948 274
948 338
948 22
949 55
949 609
949 260
950 55
950 2
950 112
951 845
951 514
951 716
952 230
952 57
952 655
953 602
953 55
953 6
954 473
954 488
954 376
955 552
955 153
955 13
956 331
956 184
956 66
957 22
957 672
957 232
958 458
958 71
958 756
959 691
959 784
959 382
960 849
960 631
960 282
961 314
961 958
961 523
962 307
962 1
962 98
963 292
963 62
963 382
964 145
964 440
964 288
965 956
965 446
965 87
966 595
966 126
966 211
967 271
967 10
967 92
968 16
968 672
968 11
969 227
969 326
969 27
970 263
970 699
970 721
971 234
971 75
971 289
972 12
972 99
972 704
973 94
973 558
973 234
974 0
974 48
974 2
975 923
975 405
975 263
976 354
976 574
976 340
977 267
977 834
977 20
978 563
978 1
978 16
979 976
979 55
979 28
980 549
980 861
980 0
981 71
981 1
981 166
982 221
982 5
982 847
983 374
983 583
983 919
984 402
984 279
984 391
985 8
985 101
985 476
986 514
986 0
986 309
987 9
987 346
987 12
988 433
988 375
988 2
989 141
989 34
989 1
990 62
990 362
990 750
991 210
991 19
991 610
992 222
992 18
992 13
993 6
993 774
993 67
994 888
994 228
994 461
995 267
995 373
995 263
996 745
996 534
996 304
997 846
997 360
997 186
998 108
998 77
998 855
999 541
999 5
999 98
