0 1
0 2
1 0
1 2
2 0
2 1
3 1
3 2
3 0
4 3
4 2
4 1
5 0
5 4
5 2
6 2
6 1
6 3
7 3
7 2
7 1
8 0
8 2
8 6
9 2
9 0
9 1
10 5
10 4
10 8
11 6
11 1
11 0
12 6
12 10
12 8
13 6
13 1
13 12
14 7
14 3
14 12
15 2
15 7
15 0
16 2
16 8
16 0
17 1
17 0
17 15
18 2
18 8
18 9
19 4
19 0
19 2
20 17
20 2
20 11
21 16
21 1
21 3
22 2
22 4
22 9
23 12
23 6
23 1
24 14
24 20
24 4
25 0
25 17
25 9
26 23
26 17
26 0
27 2
27 26
27 0
28 4
28 22
28 8
29 12
29 1
29 16
30 17
30 0
30 2
31 2
31 28
31 20
32 18
32 2
32 12
33 4
33 2
33 24
34 4
34 0
34 24
35 1
35 10
35 2
36 7
36 12
36 24
37 31
37 2
37 18
38 0
38 23
38 7
39 2
39 6
39 10
40 9
40 39
40 6
41 4
41 34
41 1
42 0
42 6
42 41
43 14
43 1
43 42
44 1
44 34
44 2
45 5
45 4
45 33
46 27
46 18
46 7
47 1
47 6
47 46
48 0
48 5
48 10
49 1
49 3
49 11
