0 1
0 2
1 0
1 2
2 1
2 0
3 0
3 1
3 2
4 2
4 0
4 1
5 0
5 3
5 1
6 5
6 2
6 1
7 1
7 3
7 2
8 4
8 0
8 1
9 2
9 5
9 1
10 1
10 2
10 6
11 2
11 10
11 6
12 8
12 1
12 5
13 2
13 3
13 1
14 5
14 6
14 2
15 5
15 2
15 9
16 0
16 1
16 8
17 1
17 2
17 5
18 16
18 0
18 3
19 0
19 5
19 1
20 7
20 2
20 5
21 6
21 1
21 8
22 18
22 16
22 10
23 3
23 21
23 9
24 1
24 10
24 9
25 1
25 13
25 4
26 2
26 13
26 21
27 17
27 10
27 14
28 24
28 15
28 5
29 19
29 27
29 16
30 29
30 0
30 2
31 23
31 0
31 26
32 12
32 1
32 19
33 1
33 6
33 0
34 9
34 19
34 5
35 23
35 9
35 17
36 3
36 16
36 10
37 25
37 5
37 19
38 35
38 30
38 9
39 5
39 1
39 9
40 1
40 18
40 15
41 10
41 16
41 17
42 24
42 2
42 18
43 23
43 1
43 11
44 9
44 1
44 7
45 7
45 19
45 26
46 21
46 1
46 16
47 17
47 23
47 2
48 38
48 23
48 5
49 15
49 6
49 25
50 18
50 29
50 9
51 21
51 25
51 48
52 5
52 6
52 10
53 43
53 1
53 28
54 25
54 2
54 21
55 51
55 8
55 10
56 5
56 15
56 41
57 55
57 19
57 14
58 24
58 43
58 6
59 8
59 16
59 9
60 24
60 41
60 20
61 2
61 38
61 14
62 41
62 57
62 38
63 31
63 19
63 20
64 1
64 0
64 27
65 21
65 23
65 5
66 9
66 23
66 18
67 58
67 13
67 53
68 2
68 10
68 23
69 1
69 18
69 2
70 1
70 62
70 10
71 49
71 9
71 23
72 1
72 15
72 65
73 20
73 43
73 72
74 43
74 3
74 65
75 1
75 16
75 38
76 18
76 1
76 6
77 45
77 33
77 16
78 12
78 4
78 14
79 5
79 74
79 47
80 10
80 8
80 46
81 9
81 18
81 42
82 1
82 5
82 51
83 53
83 47
83 1
84 5
84 63
84 24
85 9
85 0
85 11
86 9
86 68
86 3
87 74
87 18
87 2
88 74
88 30
88 24
89 44
89 67
89 20
90 53
90 23
90 20
91 25
91 1
91 16
92 2
92 30
92 6
93 54
93 16
93 2
94 19
94 54
94 53
95 56
95 28
95 62
96 19
96 23
96 1
97 17
97 2
97 0
98 1
98 57
98 6
99 1
99 34
99 35
