0 1
1 0
2 0
2 1
3 0
3 1
3 2
4 2
4 3
4 1
5 3
5 2
5 1
6 1
6 4
6 0
7 1
7 3
7 2
8 0
8 4
8 2
9 6
9 1
9 2
10 1
10 2
10 9
11 3
11 2
11 0
12 2
12 9
12 0
13 11
13 10
13 0
14 1
14 6
14 9
15 3
15 7
15 2
16 1
16 8
16 3
17 1
17 16
17 6
18 6
18 7
18 1
19 2
19 0
19 11
20 11
20 2
20 0
21 2
21 1
21 16
22 3
22 9
22 4
23 11
23 1
23 16
24 11
24 16
24 6
25 2
25 0
25 9
26 23
26 19
26 14
27 4
27 10
27 20
28 14
28 2
28 27
29 1
29 4
29 2
30 9
30 15
30 2
31 13
31 9
31 16
32 20
32 2
32 9
33 24
33 18
33 4
34 2
34 14
34 29
35 28
35 2
35 16
36 13
36 12
36 22
37 2
37 8
37 35
38 2
38 3
38 11
39 38
39 2
39 4
40 4
40 22
40 30
41 22
41 20
41 34
42 14
42 29
42 17
43 7
43 2
43 4
44 0
44 16
44 34
45 3
45 22
45 44
46 4
46 1
46 37
47 0
47 22
47 34
48 16
48 2
48 23
49 30
49 39
49 8
