0 1
1 0
2 1
2 0
3 2
3 0
3 1
4 2
4 3
4 1
5 0
5 3
5 2
6 4
6 1
6 3
7 5
7 4
7 2
8 5
8 1
8 7
9 5
9 7
9 1
10 2
10 9
10 1
11 7
11 6
11 9
12 0
12 4
12 6
13 2
13 1
13 4
14 12
14 1
14 9
15 1
15 3
15 9
16 5
16 0
16 1
17 7
17 12
17 2
18 12
18 5
18 9
19 1
19 14
19 8
20 6
20 2
20 0
21 1
21 13
21 5
22 0
22 7
22 5
23 1
23 3
23 7
24 1
24 7
24 5
25 1
25 4
25 0
26 0
26 4
26 7
27 7
27 19
27 14
28 6
28 4
28 14
29 9
29 5
29 25
30 17
30 7
30 27
31 1
31 10
31 17
32 0
32 24
32 25
33 26
33 2
33 6
34 2
34 0
34 8
35 14
35 2
35 0
36 12
36 14
36 0
37 12
37 1
37 25
38 13
38 19
38 2
39 1
39 32
39 26
40 17
40 4
40 7
41 39
41 7
41 0
42 12
42 39
42 25
43 1
43 7
43 14
44 4
44 21
44 26
45 37
45 17
45 11
46 0
46 10
46 13
47 10
47 27
47 13
48 14
48 6
48 2
49 19
49 12
49 4
