0 1
0 2
0 3
1 0
1 2
1 3
2 0
2 1
2 3
3 1
3 0
3 2
4 0
4 2
4 3
5 3
5 0
5 1
6 0
6 3
6 2
7 3
7 2
7 6
8 5
8 0
8 2
9 3
9 0
9 2
10 6
10 5
10 3
11 0
11 6
11 5
12 5
12 2
12 4
13 12
13 5
13 2
14 8
14 2
14 1
15 1
15 2
15 12
16 1
16 2
16 0
17 5
17 12
17 6
18 7
18 5
18 12
19 5
19 2
19 6
20 19
20 3
20 4
21 0
21 18
21 2
22 4
22 7
22 2
23 22
23 9
23 3
24 3
24 1
24 20
25 2
25 0
25 4
26 17
26 24
26 4
27 3
27 12
27 6
28 2
28 26
28 3
29 11
29 2
29 9
30 3
30 8
30 2
31 0
31 5
31 17
32 2
32 5
32 3
33 15
33 0
33 9
34 5
34 16
34 0
35 33
35 3
35 29
36 3
36 0
36 17
37 7
37 6
37 9
38 5
38 0
38 2
39 0
39 18
39 14
40 8
40 35
40 37
41 3
41 4
41 29
42 3
42 24
42 9
43 18
43 38
43 2
44 8
44 0
44 19
45 8
45 3
45 33
46 33
46 10
46 17
47 24
47 5
47 23
48 22
48 0
48 44
49 34
49 33
49 2
50 1
50 44
50 22
51 18
51 16
51 28
52 0
52 48
52 23
53 21
53 50
53 35
54 3
54 6
54 2
55 1
55 5
55 27
56 17
56 50
56 6
57 24
57 0
57 22
58 41
58 14
58 26
59 45
59 24
59 0
60 0
60 15
60 5
61 57
61 2
61 17
62 5
62 50
62 1
63 9
63 43
63 48
64 22
64 2
64 24
65 27
65 24
65 6
66 1
66 19
66 2
67 1
67 45
67 19
68 10
68 2
68 24
69 41
69 23
69 3
70 3
70 44
70 24
71 50
71 4
71 33
72 52
72 3
72 37
73 24
73 36
73 0
74 40
74 1
74 41
75 0
75 70
75 22
76 60
76 9
76 35
77 17
77 0
77 33
78 2
78 50
78 16
79 44
79 25
79 22
80 0
80 18
80 37
81 5
81 61
81 29
82 37
82 28
82 74
83 0
83 7
83 43
84 6
84 44
84 73
85 12
85 20
85 1
86 43
86 38
86 1
87 72
87 82
87 16
88 0
88 6
88 32
89 72
89 33
89 4
90 9
90 44
90 19
91 6
91 63
91 2
92 44
92 4
92 0
93 12
93 27
93 70
94 36
94 34
94 11
95 26
95 62
95 42
96 18
96 7
96 21
97 33
97 3
97 88
98 4
98 38
98 45
99 96
99 92
99 73
