0 1
1 0
2 1
2 0
3 0
3 1
3 2
4 3
4 0
4 2
5 0
5 1
5 4
6 3
6 5
6 2
7 6
7 1
7 2
8 0
8 2
8 1
9 3
9 8
9 4
10 3
10 4
10 2
11 0
11 5
11 10
12 4
12 3
12 6
13 4
13 10
13 2
14 2
14 1
14 8
15 0
15 6
15 2
16 3
16 8
16 2
17 2
17 3
17 14
18 1
18 16
18 17
19 1
19 17
19 6
20 3
20 9
20 1
21 18
21 4
21 9
22 20
22 0
22 19
23 15
23 4
23 11
24 0
24 1
24 6
25 6
25 10
25 17
26 14
26 10
26 6
27 8
27 17
27 14
28 1
28 20
28 17
29 2
29 18
29 1
30 10
30 3
30 1
31 6
31 26
31 4
32 30
32 17
32 9
33 24
33 0
33 1
34 15
34 3
34 17
35 14
35 26
35 20
36 19
36 25
36 10
37 10
37 31
37 11
38 20
38 34
38 30
39 21
39 2
39 26
40 3
40 38
40 0
41 24
41 4
41 3
42 13
42 0
42 38
43 1
43 2
43 30
44 6
44 22
44 12
45 26
45 2
45 6
46 4
46 14
46 11
47 1
47 13
47 3
48 2
48 6
48 0
49 31
49 45
49 2
