0 1
0 2
0 3
0 4
1 0
1 2
1 3
1 4
2 0
2 1
2 3
2 4
3 0
3 1
3 2
3 5
4 1
4 0
4 2
4 5
5 1
5 3
5 4
5 18
6 0
6 3
6 4
6 12
7 1
7 2
7 4
7 9
8 1
8 4
8 0
8 9
9 8
9 7
9 3
9 23
10 1
10 3
10 4
10 17
11 2
11 1
11 0
12 4
12 0
12 6
12 16
13 0
13 4
13 6
13 44
14 3
14 4
14 6
14 42
15 4
15 2
15 0
15 19
16 12
16 2
16 4
16 18
17 10
17 0
17 1
17 26
18 16
18 4
18 5
18 28
19 15
19 6
19 8
19 31
20 2
20 7
20 15
20 42
21 1
21 0
21 4
21 24
22 7
22 0
22 3
22 23
23 22
23 9
23 8
23 28
24 3
24 21
24 0
25 3
25 16
25 6
25 30
26 17
26 15
26 2
27 4
27 5
27 6
27 29
28 23
28 8
28 18
28 35
29 10
29 27
29 18
30 8
30 25
30 17
30 34
31 19
31 3
31 10
32 3
32 10
32 22
32 39
33 23
33 4
33 8
34 4
34 6
34 30
34 48
35 4
35 5
35 28
36 6
36 2
36 3
37 25
37 5
37 8
38 0
38 30
38 27
38 49
39 32
39 19
39 8
40 1
40 4
40 9
41 28
41 0
41 32
42 22
42 20
42 14
42 47
43 9
43 2
43 17
44 13
44 2
44 21
44 49
45 30
45 2
45 4
45 48
46 13
46 20
46 10
47 42
47 4
47 17
48 2
48 45
48 34
49 38
49 2
49 44
