0 1
1 0
2 0
2 1
3 0
3 1
3 2
4 0
4 2
4 1
5 1
5 2
5 0
6 0
6 2
6 1
7 0
7 4
7 5
8 1
8 0
8 5
9 0
9 1
9 7
10 6
10 4
10 1
11 8
11 1
11 5
12 8
12 5
12 1
13 3
13 1
13 5
14 0
14 6
14 11
15 11
15 5
15 1
16 8
16 0
16 5
17 14
17 6
17 0
18 14
18 0
18 4
19 6
19 0
19 1
20 14
20 17
20 6
21 11
21 0
21 5
22 0
22 11
22 3
23 10
23 4
23 14
24 6
24 4
24 21
25 17
25 10
25 2
26 1
26 6
26 10
27 7
27 15
27 1
28 6
28 1
28 5
29 12
29 4
29 14
30 10
30 12
30 5
31 28
31 6
31 20
32 1
32 17
32 14
33 10
33 17
33 0
34 33
34 2
34 9
35 14
35 30
35 10
36 4
36 25
36 11
37 0
37 2
37 14
38 12
38 11
38 0
39 17
39 29
39 8
40 28
40 24
40 6
41 0
41 14
41 1
42 1
42 0
42 41
43 1
43 5
43 7
44 13
44 1
44 40
45 14
45 20
45 22
46 44
46 0
46 5
47 17
47 43
47 7
48 4
48 35
48 7
49 24
49 20
49 14
50 40
50 14
50 4
51 11
51 4
51 49
52 31
52 2
52 0
53 19
53 7
53 52
54 0
54 33
54 22
55 41
55 31
55 0
56 0
56 23
56 22
57 30
57 5
57 1
58 43
58 3
58 6
59 19
59 26
59 24
60 22
60 6
60 21
61 49
61 1
61 51
62 6
62 12
62 16
63 30
63 14
63 7
64 9
64 1
64 4
65 52
65 0
65 60
66 6
66 10
66 59
67 1
67 12
67 23
68 32
68 31
68 0
69 59
69 47
69 57
70 2
70 5
70 46
71 3
71 59
71 10
72 46
72 11
72 14
73 0
73 46
73 50
74 43
74 0
74 51
75 39
75 10
75 63
76 41
76 70
76 11
77 49
77 2
77 6
78 30
78 6
78 3
79 46
79 11
79 44
80 64
80 20
80 30
81 59
81 26
81 7
82 0
82 7
82 14
83 75
83 80
83 5
84 14
84 35
84 0
85 28
85 25
85 8
86 21
86 55
86 28
87 0
87 30
87 58
88 23
88 10
88 51
89 59
89 46
89 7
90 31
90 28
90 15
91 10
91 58
91 17
92 31
92 1
92 24
93 88
93 43
93 28
94 22
94 79
94 17
95 61
95 28
95 48
96 41
96 9
96 17
97 66
97 44
97 20
98 52
98 75
98 61
99 11
99 19
99 14
