0 1
0 2
0 3
0 4
1 0
1 2
1 3
1 4
2 1
2 0
2 3
2 4
3 1
3 0
3 2
3 5
4 0
4 2
4 1
4 5
5 3
5 0
5 4
5 6
6 2
6 3
6 5
6 8
7 3
7 0
7 5
7 14
8 2
8 5
8 6
8 9
9 6
9 8
9 4
9 23
10 0
10 6
10 3
10 11
11 10
11 8
11 3
11 18
12 5
12 0
12 3
12 20
13 3
13 8
13 0
13 15
14 3
14 2
14 7
14 16
15 13
15 7
15 2
15 16
16 15
16 14
16 3
16 45
17 1
17 8
17 6
17 18
18 11
18 3
18 17
18 30
19 14
19 4
19 2
19 24
20 0
20 12
20 17
20 31
21 0
21 2
21 6
21 40
22 7
22 5
22 13
22 24
23 9
23 6
23 5
23 43
24 19
24 4
24 22
24 35
25 0
25 3
25 9
25 33
26 6
26 0
26 22
26 29
27 19
27 13
27 6
27 41
28 2
28 13
28 4
28 39
29 14
29 4
29 26
29 74
30 17
30 7
30 18
30 36
31 4
31 20
31 5
31 38
32 14
32 4
32 3
32 41
33 7
33 25
33 11
33 45
34 3
34 12
34 14
34 53
35 24
35 4
35 22
35 60
36 30
36 3
36 9
36 46
37 0
37 2
37 24
37 88
38 12
38 31
38 0
38 54
39 3
39 31
39 28
39 65
40 21
40 14
40 2
41 7
41 32
41 27
41 52
42 9
42 27
42 0
42 77
43 4
43 23
43 3
43 51
44 22
44 2
44 32
45 33
45 13
45 16
46 2
46 0
46 36
46 56
47 10
47 13
47 27
47 61
48 2
48 4
48 10
48 70
49 22
49 3
49 7
49 77
50 4
50 0
50 3
51 43
51 7
51 3
51 64
52 6
52 3
52 41
52 70
53 23
53 21
53 34
53 55
54 1
54 38
54 4
54 66
55 36
55 53
55 24
55 56
56 4
56 46
56 55
56 71
57 3
57 0
57 33
58 14
58 19
58 2
58 73
59 19
59 4
59 3
59 86
60 35
60 11
60 23
60 63
61 13
61 41
61 47
62 0
62 1
62 8
62 72
63 8
63 22
63 60
63 82
64 8
64 51
64 53
64 69
65 3
65 21
65 39
65 84
66 54
66 4
66 16
67 24
67 14
67 23
68 9
68 2
68 60
68 81
69 10
69 55
69 64
69 72
70 48
70 32
70 52
70 71
71 54
71 56
71 70
72 69
72 62
72 4
72 73
73 10
73 72
73 58
73 94
74 41
74 29
74 24
74 78
75 17
75 2
75 0
75 81
76 41
76 13
76 16
77 49
77 42
77 72
78 74
78 0
78 19
78 85
79 69
79 39
79 56
80 23
80 46
80 21
81 68
81 22
81 75
82 4
82 63
82 72
82 89
83 12
83 33
83 32
83 89
84 65
84 13
84 3
85 23
85 78
85 75
85 94
86 11
86 59
86 4
87 22
87 1
87 0
88 32
88 69
88 37
89 83
89 4
89 82
90 11
90 20
90 0
91 6
91 55
91 69
92 3
92 72
92 23
93 13
93 39
93 4
94 35
94 85
94 73
95 72
95 64
95 35
96 29
96 59
96 30
97 85
97 24
97 78
98 4
98 30
98 15
99 4
99 15
99 73
