0 1
0 2
0 3
1 0
1 2
1 3
2 0
2 1
2 3
3 0
3 2
3 1
4 2
4 1
4 3
5 0
5 3
5 2
6 2
6 0
6 3
7 2
7 0
7 5
8 0
8 7
8 2
9 2
9 0
9 7
10 2
10 1
10 0
11 6
11 3
11 0
12 2
12 9
12 10
13 0
13 9
13 7
14 0
14 7
14 2
15 0
15 2
15 5
16 5
16 0
16 6
17 3
17 0
17 4
18 12
18 0
18 1
19 10
19 3
19 4
20 0
20 6
20 17
21 8
21 9
21 17
22 0
22 13
22 3
23 0
23 18
23 2
24 0
24 6
24 8
25 0
25 14
25 7
26 10
26 8
26 24
27 0
27 2
27 8
28 1
28 9
28 2
29 20
29 24
29 0
30 14
30 28
30 10
31 3
31 2
31 17
32 18
32 2
32 15
33 20
33 3
33 1
34 0
34 4
34 12
35 9
35 2
35 19
36 5
36 3
36 14
37 16
37 0
37 35
38 14
38 18
38 2
39 10
39 0
39 17
40 6
40 4
40 3
41 17
41 15
41 10
42 19
42 35
42 3
43 1
43 28
43 2
44 32
44 2
44 25
45 0
45 2
45 3
46 17
46 6
46 2
47 2
47 0
47 14
48 2
48 12
48 17
49 20
49 3
49 43
