0 1
0 2
0 3
0 4
0 16
0 19
0 31
1 0
1 2
1 3
1 6
1 8
1 9
1 11
2 0
2 1
2 3
2 4
2 5
2 6
2 7
3 1
3 0
3 2
3 4
3 5
3 7
3 9
4 2
4 0
4 3
4 5
4 6
4 8
4 10
5 3
5 4
5 2
5 21
5 25
5 40
5 41
6 2
6 4
6 1
6 7
6 13
6 15
7 3
7 2
7 6
7 11
7 13
7 17
7 23
8 2
8 4
8 1
8 10
8 12
8 14
8 19
9 3
9 1
9 2
9 11
9 15
9 27
9 39
10 8
10 4
10 3
10 20
10 29
10 30
10 38
11 1
11 9
11 7
11 12
11 20
11 24
11 29
12 1
12 11
12 8
12 18
12 21
12 28
12 33
13 6
13 4
13 7
13 14
14 13
14 3
14 8
14 15
14 17
14 22
14 37
15 9
15 14
15 6
15 17
15 31
15 40
15 41
16 2
16 3
16 0
16 20
16 22
16 23
16 28
17 15
17 7
17 14
17 26
17 30
17 36
17 47
18 12
18 4
18 2
18 21
18 24
19 0
19 8
19 1
19 35
19 43
20 11
20 10
20 16
20 39
20 45
21 18
21 5
21 12
21 34
22 16
22 2
22 14
22 24
23 16
23 7
23 1
23 27
23 35
23 43
23 45
24 22
24 18
24 11
24 26
24 46
25 5
25 7
25 4
25 26
25 40
26 25
26 17
26 24
26 32
27 23
27 4
27 9
28 12
28 16
28 2
29 1
29 10
29 11
29 31
29 46
30 4
30 17
30 10
31 29
31 0
31 15
32 26
32 8
32 1
33 8
33 12
33 0
33 34
33 44
33 48
34 21
34 16
34 33
34 42
35 19
35 23
35 3
35 48
36 2
36 1
36 17
36 44
37 4
37 0
37 14
38 11
38 10
38 2
39 9
39 16
39 20
39 48
39 49
40 25
40 15
40 5
41 9
41 5
41 15
42 9
42 34
42 4
42 47
43 19
43 8
43 23
44 11
44 33
44 36
45 8
45 23
45 20
46 24
46 3
46 29
47 17
47 8
47 42
48 35
48 39
48 33
49 39
49 4
49 0
