0 1
1 0
2 0
2 1
3 1
3 0
3 2
4 1
4 0
4 3
5 2
5 1
5 0
6 1
6 0
6 3
7 3
7 0
7 1
8 2
8 1
8 0
9 0
9 7
9 3
10 5
10 1
10 9
11 0
11 8
11 3
12 2
12 6
12 0
13 3
13 0
13 12
14 13
14 11
14 4
15 0
15 5
15 7
16 8
16 0
16 3
17 3
17 0
17 14
18 0
18 9
18 10
19 12
19 3
19 4
20 1
20 2
20 0
21 4
21 15
21 0
22 11
22 0
22 20
23 18
23 0
23 16
24 11
24 0
24 7
25 0
25 24
25 1
26 8
26 19
26 15
27 8
27 13
27 3
28 10
28 25
28 3
29 14
29 11
29 0
30 15
30 2
30 0
31 3
31 12
31 2
32 15
32 11
32 7
33 0
33 20
33 15
34 8
34 2
34 13
35 22
35 8
35 0
36 10
36 16
36 1
37 2
37 1
37 22
38 0
38 1
38 10
39 18
39 11
39 37
40 32
40 1
40 3
41 0
41 2
41 8
42 13
42 8
42 3
43 30
43 0
43 20
44 30
44 11
44 0
45 8
45 34
45 43
46 5
46 17
46 33
47 16
47 39
47 2
48 6
48 28
48 8
49 16
49 0
49 1
50 18
50 5
50 12
51 10
51 27
51 5
52 46
52 17
52 0
53 20
53 0
53 2
54 2
54 42
54 0
55 45
55 1
55 44
56 13
56 35
56 7
57 2
57 0
57 29
58 11
58 1
58 0
59 32
59 27
59 2
60 8
60 0
60 54
61 6
61 11
61 10
62 14
62 33
62 56
63 0
63 46
63 25
64 44
64 46
64 3
65 35
65 8
65 60
66 10
66 23
66 62
67 0
67 2
67 3
68 11
68 3
68 33
69 52
69 55
69 7
70 37
70 10
70 60
71 13
71 70
71 21
72 11
72 5
72 27
73 4
73 3
73 45
74 10
74 12
74 58
75 5
75 0
75 55
76 11
76 57
76 43
77 11
77 28
77 14
78 6
78 51
78 11
79 13
79 18
79 35
80 55
80 11
80 57
81 8
81 1
81 9
82 10
82 68
82 20
83 37
83 63
83 24
84 3
84 4
84 53
85 64
85 28
85 38
86 3
86 0
86 46
87 3
87 48
87 8
88 29
88 32
88 69
89 30
89 65
89 14
90 0
90 20
90 2
91 0
91 58
91 63
92 26
92 25
92 9
93 61
93 50
93 89
94 57
94 15
94 44
95 11
95 2
95 0
96 61
96 0
96 28
97 40
97 91
97 3
98 61
98 79
98 32
99 3
99 80
99 19
100 75
100 55
100 20
101 86
101 25
101 94
102 1
102 19
102 2
103 0
103 79
103 85
104 1
104 35
104 75
105 5
105 90
105 21
106 96
106 104
106 16
107 59
107 6
107 46
108 25
108 18
108 13
109 3
109 16
109 44
110 1
110 40
110 28
111 16
111 11
111 87
112 104
112 40
112 101
113 79
113 112
113 9
114 74
114 23
114 73
115 21
115 1
115 0
116 82
116 0
116 85
117 39
117 40
117 0
118 20
118 113
118 2
119 7
119 32
119 42
120 59
120 49
120 14
121 18
121 2
121 1
122 58
122 28
122 3
123 82
123 0
123 108
124 89
124 10
124 25
125 2
125 49
125 42
126 34
126 70
126 59
127 20
127 115
127 63
128 0
128 25
128 49
129 64
129 19
129 113
130 74
130 6
130 25
131 11
131 124
131 120
132 71
132 0
132 8
133 8
133 62
133 100
134 128
134 71
134 63
135 71
135 1
135 124
136 1
136 49
136 0
137 72
137 61
137 8
138 70
138 80
138 122
139 94
139 69
139 12
140 34
140 11
140 106
141 66
141 25
141 14
142 79
142 8
142 82
143 20
143 50
143 30
144 119
144 49
144 25
145 22
145 0
145 137
146 128
146 59
146 11
147 35
147 137
147 67
148 69
148 64
148 85
149 69
149 116
149 52
150 25
150 0
150 30
151 142
151 146
151 6
152 42
152 94
152 120
153 68
153 142
153 55
154 18
154 84
154 118
155 11
155 4
155 71
156 17
156 114
156 89
157 126
157 146
157 67
158 2
158 67
158 80
159 3
159 29
159 145
160 19
160 23
160 96
161 16
161 122
161 86
162 66
162 20
162 6
163 58
163 5
163 31
164 4
164 0
164 102
165 68
165 14
165 41
166 17
166 39
166 5
167 59
167 25
167 39
168 22
168 18
168 137
169 162
169 0
169 71
170 18
170 96
170 140
171 7
171 134
171 84
172 20
172 108
172 7
173 162
173 44
173 51
174 0
174 52
174 104
175 3
175 29
175 50
176 168
176 72
176 155
177 102
177 14
177 164
178 7
178 52
178 78
179 126
179 18
179 14
180 72
180 8
180 166
181 164
181 121
181 177
182 42
182 119
182 18
183 180
183 3
183 132
184 64
184 0
184 8
185 125
185 114
185 58
186 91
186 35
186 92
187 186
187 0
187 177
188 143
188 109
188 31
189 124
189 3
189 114
190 164
190 122
190 160
191 19
191 40
191 2
192 114
192 55
192 141
193 42
193 164
193 145
194 94
194 19
194 71
195 22
195 194
195 33
196 63
196 84
196 0
197 159
197 0
197 111
198 14
198 63
198 159
199 7
199 184
199 18
200 155
200 29
200 132
201 2
201 58
201 170
202 38
202 55
202 1
203 18
203 79
203 37
204 30
204 114
204 59
205 35
205 17
205 2
206 165
206 47
206 182
207 14
207 44
207 161
208 51
208 128
208 113
209 14
209 136
209 33
210 34
210 67
210 141
211 8
211 138
211 4
212 168
212 25
212 29
213 125
213 77
213 0
214 40
214 1
214 3
215 107
215 170
215 130
216 134
216 78
216 0
217 29
217 43
217 181
218 106
218 76
218 44
219 3
219 53
219 50
220 126
220 0
220 30
221 145
221 10
221 207
222 144
222 185
222 218
223 16
223 38
223 165
224 182
224 91
224 33
225 106
225 20
225 199
226 39
226 193
226 12
227 199
227 14
227 52
228 3
228 192
228 115
229 0
229 68
229 42
230 88
230 132
230 108
231 179
231 1
231 228
232 146
232 59
232 212
233 52
233 173
233 3
234 11
234 2
234 37
235 146
235 151
235 0
236 211
236 2
236 16
237 117
237 202
237 114
238 65
238 27
238 215
239 141
239 11
239 59
240 93
240 132
240 194
241 0
241 145
241 25
242 191
242 25
242 2
243 2
243 0
243 37
244 58
244 190
244 2
245 35
245 160
245 9
246 138
246 84
246 45
247 200
247 109
247 27
248 146
248 19
248 29
249 114
249 244
249 8
250 0
250 190
250 29
251 94
251 208
251 52
252 42
252 20
252 179
253 104
253 23
253 114
254 137
254 96
254 15
255 168
255 141
255 28
256 214
256 252
256 179
257 144
257 133
257 101
258 71
258 63
258 73
259 229
259 213
259 74
260 104
260 120
260 74
261 37
261 253
261 7
262 68
262 255
262 0
263 78
263 35
263 161
264 2
264 142
264 166
265 255
265 17
265 52
266 95
266 210
266 150
267 114
267 19
267 255
268 176
268 2
268 119
269 0
269 113
269 35
270 1
270 25
270 0
271 91
271 86
271 235
272 191
272 148
272 11
273 242
273 81
273 264
274 2
274 190
274 0
275 199
275 134
275 217
276 130
276 256
276 3
277 237
277 110
277 199
278 2
278 18
278 111
279 136
279 5
279 17
280 94
280 20
280 3
281 82
281 39
281 71
282 62
282 4
282 229
283 11
283 44
283 1
284 255
284 118
284 221
285 2
285 25
285 252
286 191
286 4
286 245
287 131
287 7
287 32
288 19
288 150
288 38
289 0
289 32
289 29
290 58
290 3
290 282
291 54
291 68
291 238
292 206
292 9
292 44
293 28
293 0
293 30
294 1
294 254
294 80
295 30
295 49
295 24
296 293
296 40
296 39
297 230
297 5
297 162
298 194
298 270
298 232
299 275
299 133
299 214
300 8
300 189
300 36
301 17
301 59
301 206
302 40
302 0
302 71
303 282
303 141
303 0
304 204
304 156
304 14
305 102
305 79
305 1
306 37
306 189
306 20
307 246
307 33
307 178
308 152
308 108
308 57
309 181
309 120
309 1
310 71
310 295
310 191
311 29
311 173
311 254
312 123
312 133
312 104
313 56
313 257
313 114
314 8
314 170
314 2
315 68
315 166
315 118
316 163
316 195
316 16
317 316
317 8
317 44
318 272
318 7
318 0
319 302
319 67
319 199
320 141
320 125
320 252
321 269
321 53
321 178
322 182
322 1
322 50
323 113
323 40
323 55
324 48
324 0
324 292
325 282
325 0
325 45
326 37
326 16
326 1
327 182
327 138
327 244
328 237
328 5
328 39
329 25
329 140
329 42
330 9
330 228
330 16
331 108
331 199
331 3
332 81
332 28
332 108
333 149
333 5
333 12
334 37
334 86
334 85
335 252
335 180
335 243
336 1
336 63
336 293
337 262
337 9
337 138
338 8
338 188
338 18
339 0
339 94
339 14
340 34
340 40
340 259
341 74
341 272
341 62
342 9
342 37
342 101
343 1
343 122
343 45
344 19
344 328
344 3
345 144
345 30
345 37
346 9
346 274
346 27
347 211
347 65
347 42
348 34
348 14
348 109
349 95
349 40
349 93
350 0
350 319
350 61
351 159
351 214
351 32
352 33
352 76
352 3
353 45
353 18
353 306
354 143
354 7
354 95
355 148
355 88
355 222
356 11
356 124
356 272
357 35
357 8
357 0
358 329
358 63
358 307
359 289
359 163
359 14
360 122
360 59
360 138
361 306
361 356
361 35
362 5
362 145
362 4
363 5
363 348
363 130
364 158
364 75
364 166
365 28
365 20
365 248
366 151
366 62
366 74
367 51
367 0
367 40
368 217
368 150
368 0
369 24
369 155
369 272
370 7
370 3
370 1
371 33
371 194
371 171
372 10
372 14
372 6
373 31
373 252
373 182
374 117
374 34
374 102
375 165
375 267
375 57
376 33
376 219
376 0
377 138
377 3
377 87
378 238
378 186
378 129
379 178
379 306
379 30
380 304
380 60
380 113
381 50
381 184
381 28
382 299
382 68
382 87
383 114
383 18
383 321
384 329
384 1
384 140
385 19
385 312
385 37
386 13
386 42
386 124
387 15
387 282
387 20
388 160
388 94
388 32
389 291
389 5
389 314
390 6
390 51
390 76
391 379
391 249
391 243
392 301
392 126
392 162
393 40
393 354
393 67
394 115
394 2
394 157
395 339
395 129
395 5
396 18
396 32
396 255
397 14
397 1
397 381
398 254
398 366
398 37
399 0
399 16
399 269
400 352
400 11
400 10
401 254
401 53
401 345
402 131
402 244
402 195
403 3
403 68
403 67
404 257
404 87
404 271
405 156
405 199
405 63
406 123
406 3
406 254
407 256
407 179
407 210
408 122
408 247
408 86
409 216
409 154
409 22
410 343
410 81
410 346
411 243
411 0
411 166
412 0
412 162
412 96
413 49
413 84
413 1
414 273
414 51
414 146
415 114
415 0
415 31
416 215
416 11
416 218
417 2
417 244
417 231
418 172
418 35
418 214
419 74
419 132
419 59
420 90
420 379
420 365
421 343
421 236
421 240
422 148
422 125
422 137
423 109
423 17
423 181
424 21
424 189
424 300
425 2
425 245
425 314
426 78
426 346
426 351
427 229
427 338
427 401
428 335
428 106
428 67
429 293
429 116
429 187
430 255
430 116
430 18
431 59
431 300
431 310
432 224
432 57
432 253
433 248
433 287
433 343
434 342
434 138
434 280
435 109
435 0
435 59
436 274
436 283
436 0
437 430
437 324
437 178
438 23
438 255
438 136
439 193
439 437
439 14
440 148
440 212
440 214
441 157
441 106
441 176
442 118
442 235
442 0
443 78
443 50
443 22
444 406
444 0
444 51
445 86
445 414
445 192
446 407
446 55
446 93
447 32
447 19
447 227
448 232
448 221
448 252
449 120
449 333
449 29
450 377
450 149
450 6
451 34
451 49
451 52
452 3
452 303
452 321
453 298
453 191
453 132
454 0
454 48
454 37
455 18
455 0
455 217
456 245
456 3
456 14
457 255
457 368
457 4
458 237
458 0
458 448
459 327
459 320
459 7
460 59
460 0
460 297
461 431
461 6
461 426
462 267
462 18
462 238
463 404
463 51
463 194
464 118
464 0
464 68
465 7
465 63
465 68
466 248
466 32
466 244
467 154
467 315
467 11
468 106
468 282
468 48
469 163
469 113
469 3
470 43
470 3
470 0
471 0
471 1
471 30
472 20
472 132
472 199
473 353
473 197
473 68
474 455
474 34
474 62
475 408
475 267
475 33
476 431
476 22
476 165
477 400
477 53
477 194
478 0
478 134
478 435
479 345
479 454
479 8
480 162
480 199
480 9
481 192
481 236
481 120
482 451
482 201
482 2
483 71
483 3
483 6
484 6
484 255
484 461
485 456
485 14
485 284
486 460
486 255
486 16
487 173
487 291
487 33
488 160
488 199
488 454
489 3
489 165
489 4
490 317
490 25
490 2
491 35
491 3
491 64
492 4
492 149
492 164
493 359
493 321
493 5
494 323
494 206
494 255
495 418
495 235
495 83
496 151
496 1
496 112
497 496
497 35
497 446
498 25
498 269
498 278
499 400
499 10
499 1
500 482
500 142
500 137
501 252
501 273
501 215
502 32
502 108
502 492
503 210
503 164
503 115
504 345
504 339
504 1
505 246
505 46
505 13
506 107
506 25
506 281
507 2
507 414
507 82
508 2
508 298
508 12
509 24
509 3
509 133
510 4
510 339
510 454
511 132
511 71
511 75
512 246
512 300
512 3
513 75
513 294
513 435
514 52
514 197
514 24
515 136
515 305
515 252
516 346
516 8
516 1
517 63
517 35
517 0
518 321
518 12
518 180
519 140
519 490
519 34
520 22
520 275
520 161
521 40
521 141
521 489
522 11
522 20
522 235
523 14
523 371
523 25
524 478
524 14
524 7
525 463
525 448
525 58
526 354
526 3
526 60
527 362
527 67
527 1
528 434
528 278
528 383
529 221
529 3
529 33
530 63
530 68
530 0
531 56
531 12
531 75
532 51
532 476
532 31
533 12
533 343
533 127
534 39
534 30
534 143
535 488
535 8
535 307
536 114
536 3
536 279
537 292
537 235
537 0
538 376
538 33
538 168
539 268
539 40
539 416
540 45
540 431
540 419
541 7
541 366
541 271
542 427
542 13
542 293
543 115
543 315
543 3
544 217
544 44
544 24
545 211
545 0
545 111
546 18
546 59
546 333
547 30
547 273
547 342
548 103
548 11
548 122
549 122
549 69
549 536
550 261
550 11
550 114
551 450
551 378
551 231
552 313
552 125
552 0
553 118
553 96
553 46
554 0
554 244
554 236
555 20
555 165
555 542
556 3
556 78
556 269
557 388
557 114
557 68
558 1
558 101
558 25
559 450
559 24
559 208
560 464
560 281
560 371
561 72
561 69
561 300
562 145
562 35
562 5
563 131
563 29
563 35
564 102
564 3
564 559
565 214
565 12
565 553
566 73
566 449
566 211
567 97
567 35
567 44
568 119
568 393
568 111
569 178
569 6
569 506
570 426
570 244
570 51
571 132
571 371
571 32
572 16
572 30
572 95
573 114
573 504
573 12
574 0
574 145
574 46
575 0
575 469
575 342
576 15
576 222
576 141
577 3
577 114
577 0
578 0
578 9
578 221
579 373
579 191
579 19
580 577
580 0
580 98
581 2
581 53
581 6
582 37
582 34
582 57
583 72
583 531
583 17
584 152
584 206
584 161
585 52
585 3
585 342
586 172
586 62
586 395
587 3
587 201
587 1
588 550
588 499
588 110
589 151
589 372
589 261
590 573
590 162
590 426
591 553
591 287
591 0
592 536
592 511
592 496
593 190
593 34
593 167
594 0
594 86
594 55
595 223
595 265
595 353
596 243
596 55
596 159
597 282
597 25
597 492
598 301
598 271
598 329
599 279
599 66
599 132
600 551
600 35
600 537
601 543
601 154
601 224
602 44
602 259
602 20
603 5
603 267
603 122
604 86
604 25
604 46
605 101
605 245
605 12
606 289
606 218
606 121
607 49
607 21
607 377
608 6
608 4
608 28
609 8
609 6
609 67
610 16
610 67
610 22
611 16
611 44
611 96
612 437
612 466
612 449
613 4
613 46
613 307
614 496
614 235
614 20
615 128
615 238
615 105
616 33
616 3
616 310
617 10
617 571
617 311
618 117
618 42
618 531
619 30
619 408
619 57
620 276
620 145
620 435
621 397
621 12
621 468
622 17
622 292
622 247
623 560
623 614
623 125
624 17
624 190
624 508
625 235
625 38
625 122
626 391
626 120
626 345
627 358
627 374
627 11
628 216
628 544
628 167
629 11
629 120
629 257
630 95
630 239
630 58
631 245
631 91
631 239
632 38
632 3
632 568
633 208
633 131
633 496
634 222
634 25
634 198
635 1
635 122
635 9
636 372
636 308
636 150
637 207
637 597
637 586
638 1
638 60
638 187
639 159
639 18
639 0
640 597
640 22
640 346
641 284
641 264
641 18
642 296
642 254
642 496
643 7
643 67
643 330
644 0
644 590
644 31
645 229
645 33
645 344
646 350
646 22
646 113
647 558
647 122
647 285
648 24
648 517
648 242
649 438
649 580
649 91
650 170
650 20
650 256
651 187
651 25
651 10
652 500
652 531
652 63
653 273
653 503
653 320
654 199
654 160
654 39
655 116
655 74
655 549
656 20
656 100
656 92
657 68
657 3
657 286
658 8
658 69
658 251
659 86
659 113
659 69
660 11
660 29
660 4
661 27
661 478
661 19
662 6
662 248
662 628
663 4
663 418
663 107
664 431
664 279
664 527
665 227
665 415
665 71
666 11
666 332
666 603
667 248
667 0
667 160
668 34
668 71
668 10
669 8
669 506
669 46
670 22
670 2
670 247
671 2
671 108
671 79
672 398
672 530
672 255
673 10
673 599
673 144
674 24
674 0
674 521
675 508
675 418
675 255
676 303
676 37
676 117
677 556
677 186
677 435
678 162
678 74
678 657
679 661
679 533
679 295
680 63
680 449
680 44
681 130
681 179
681 524
682 173
682 202
682 25
683 376
683 570
683 18
684 40
684 510
684 37
685 77
685 292
685 625
686 407
686 69
686 29
687 50
687 464
687 0
688 549
688 131
688 41
689 339
689 25
689 227
690 218
690 616
690 79
691 549
691 141
691 343
692 24
692 118
692 74
693 57
693 255
693 231
694 480
694 345
694 23
695 333
695 113
695 1
696 477
696 254
696 158
697 223
697 133
697 542
698 33
698 614
698 519
699 254
699 0
699 37
700 37
700 14
700 574
701 67
701 345
701 97
702 340
702 132
702 114
703 20
703 538
703 351
704 562
704 578
704 526
705 8
705 0
705 130
706 195
706 300
706 472
707 45
707 74
707 448
708 108
708 79
708 559
709 5
709 59
709 527
710 186
710 0
710 61
711 479
711 58
711 118
712 14
712 133
712 354
713 203
713 30
713 186
714 589
714 69
714 101
715 18
715 416
715 566
716 594
716 172
716 448
717 0
717 37
717 478
718 7
718 487
718 235
719 698
719 706
719 40
720 273
720 95
720 122
721 25
721 430
721 188
722 86
722 3
722 639
723 11
723 118
723 673
724 55
724 35
724 298
725 3
725 419
725 179
726 244
726 300
726 718
727 218
727 487
727 726
728 666
728 21
728 145
729 5
729 3
729 98
730 257
730 80
730 321
731 518
731 104
731 0
732 13
732 363
732 294
733 3
733 8
733 476
734 184
734 39
734 601
735 69
735 19
735 68
736 91
736 397
736 194
737 568
737 44
737 124
738 401
738 355
738 3
739 2
739 261
739 256
740 3
740 2
740 151
741 40
741 300
741 344
742 114
742 667
742 390
743 30
743 477
743 68
744 579
744 319
744 481
745 63
745 243
745 157
746 572
746 685
746 25
747 184
747 272
747 52
748 516
748 168
748 37
749 395
749 3
749 215
750 13
750 7
750 217
751 137
751 152
751 31
752 4
752 15
752 140
753 42
753 456
753 333
754 179
754 2
754 310
755 306
755 156
755 3
756 393
756 33
756 460
757 521
757 692
757 243
758 100
758 343
758 553
759 296
759 54
759 117
760 50
760 391
760 296
761 111
761 233
761 252
762 238
762 599
762 39
763 24
763 176
763 3
764 531
764 42
764 469
765 60
765 81
765 11
766 344
766 346
766 79
767 448
767 0
767 764
768 44
768 212
768 376
769 3
769 73
769 42
770 63
770 160
770 556
771 49
771 416
771 382
772 167
772 0
772 291
773 306
773 572
773 49
774 78
774 11
774 525
775 25
775 53
775 219
776 83
776 530
776 711
777 46
777 383
777 0
778 478
778 458
778 16
779 411
779 19
779 363
780 58
780 252
780 458
781 559
781 371
781 4
782 381
782 124
782 245
783 73
783 2
783 19
784 693
784 111
784 306
785 129
785 413
785 458
786 85
786 39
786 204
787 272
787 11
787 44
788 623
788 131
788 419
789 291
789 4
789 71
790 3
790 246
790 52
791 399
791 533
791 712
792 353
792 138
792 15
793 63
793 658
793 53
794 401
794 663
794 305
795 153
795 194
795 221
796 504
796 109
796 86
797 15
797 404
797 517
798 421
798 138
798 154
799 245
799 692
799 463
800 756
800 254
800 320
801 141
801 259
801 39
802 268
802 269
802 184
803 214
803 735
803 579
804 233
804 503
804 520
805 491
805 301
805 460
806 157
806 25
806 52
807 150
807 0
807 194
808 287
808 344
808 111
809 226
809 243
809 32
810 179
810 103
810 197
811 371
811 217
811 411
812 436
812 1
812 0
813 415
813 226
813 686
814 546
814 218
814 58
815 351
815 608
815 506
816 67
816 49
816 21
817 273
817 806
817 18
818 292
818 39
818 254
819 319
819 132
819 188
820 22
820 51
820 421
821 0
821 194
821 1
822 61
822 298
822 254
823 414
823 67
823 638
824 25
824 239
824 371
825 48
825 57
825 397
826 71
826 656
826 546
827 292
827 744
827 85
828 255
828 464
828 225
829 578
829 82
829 477
830 49
830 705
830 25
831 115
831 90
831 71
832 0
832 254
832 707
833 18
833 492
833 5
834 393
834 0
834 5
835 744
835 0
835 78
836 347
836 506
836 662
837 351
837 318
837 177
838 284
838 1
838 17
839 300
839 191
839 117
840 12
840 84
840 278
841 453
841 40
841 8
842 734
842 31
842 120
843 124
843 1
843 4
844 0
844 243
844 71
845 336
845 33
845 136
846 160
846 0
846 33
847 231
847 271
847 62
848 141
848 160
848 3
849 0
849 71
849 58
850 397
850 8
850 308
851 292
851 518
851 184
852 559
852 71
852 154
853 19
853 34
853 347
854 447
854 418
854 100
855 14
855 210
855 575
856 506
856 65
856 0
857 71
857 817
857 496
858 132
858 655
858 361
859 16
859 408
859 114
860 32
860 5
860 219
861 233
861 322
861 46
862 58
862 126
862 599
863 104
863 524
863 11
864 302
864 686
864 727
865 284
865 441
865 16
866 847
866 255
866 343
867 27
867 0
867 93
868 76
868 690
868 330
869 376
869 3
869 639
870 3
870 711
870 569
871 428
871 235
871 46
872 380
872 275
872 492
873 736
873 782
873 3
874 418
874 25
874 505
875 267
875 60
875 120
876 74
876 94
876 612
877 1
877 295
877 43
878 689
878 401
878 543
879 408
879 248
879 235
880 219
880 152
880 741
881 456
881 104
881 37
882 53
882 526
882 15
883 685
883 191
883 27
884 49
884 68
884 229
885 171
885 376
885 298
886 265
886 553
886 586
887 2
887 500
887 282
888 614
888 411
888 177
889 249
889 216
889 298
890 3
890 7
890 20
891 10
891 183
891 86
892 14
892 0
892 184
893 133
893 40
893 59
894 280
894 42
894 141
895 1
895 355
895 474
896 340
896 319
896 8
897 112
897 365
897 423
898 170
898 3
898 715
899 426
899 294
899 25
900 1
900 279
900 339
901 32
901 126
901 377
902 54
902 147
902 63
903 63
903 481
903 292
904 91
904 796
904 463
905 287
905 4
905 37
906 114
906 227
906 145
907 439
907 817
907 342
908 453
908 106
908 799
909 69
909 195
909 35
910 870
910 801
910 616
911 172
911 599
911 7
912 11
912 553
912 447
913 177
913 400
913 320
914 162
914 703
914 516
915 161
915 455
915 7
916 319
916 544
916 895
917 423
917 510
917 99
918 284
918 55
918 92
919 258
919 46
919 35
920 835
920 911
920 803
921 312
921 507
921 485
922 5
922 655
922 463
923 738
923 203
923 910
924 2
924 333
924 69
925 207
925 205
925 289
926 531
926 783
926 44
927 628
927 3
927 27
928 419
928 912
928 457
929 550
929 34
929 734
930 271
930 273
930 0
931 51
931 565
931 467
932 510
932 186
932 496
933 51
933 137
933 839
934 46
934 235
934 463
935 2
935 37
935 267
936 190
936 664
936 494
937 49
937 20
937 324
938 642
938 0
938 121
939 99
939 202
939 274
940 930
940 109
940 430
941 670
941 648
941 159
942 458
942 641
942 32
943 3
943 767
943 835
944 161
944 263
944 216
945 104
945 915
945 490
946 63
946 132
946 422
947 744
947 520
947 208
948 11
948 16
948 328
949 660
949 80
949 164
950 741
950 347
950 5
951 3
951 947
951 929
952 828
952 305
952 686
953 103
953 945
953 44
954 769
954 25
954 51
955 867
955 323
955 146
956 152
956 599
956 292
957 52
957 653
957 296
958 252
958 0
958 165
959 69
959 11
959 85
960 191
960 806
960 875
961 27
961 729
961 271
962 11
962 37
962 876
963 364
963 190
963 54
964 170
964 48
964 19
965 16
965 124
965 895
966 172
966 3
966 7
967 32
967 326
967 391
968 512
968 340
968 422
969 585
969 674
969 179
970 156
970 8
970 65
971 150
971 3
971 921
972 70
972 16
972 744
973 122
973 102
973 697
974 895
974 59
974 712
975 254
975 28
975 569
976 5
976 306
976 892
977 59
977 32
977 694
978 945
978 303
978 301
979 891
979 104
979 383
980 6
980 930
980 29
981 765
981 904
981 113
982 373
982 72
982 789
983 6
983 102
983 639
984 264
984 192
984 809
985 418
985 789
985 109
986 0
986 464
986 577
987 515
987 141
987 177
988 705
988 685
988 446
989 51
989 134
989 16
990 11
990 543
990 696
991 170
991 633
991 919
992 17
992 629
992 517
993 686
993 443
993 693
994 197
994 813
994 397
995 521
995 948
995 947
996 3
996 267
996 59
997 673
997 610
997 29
998 125
998 653
998 460
999 478
999 23
999 5
