0 1
1 0
2 0
2 1
3 2
3 0
3 1
4 2
4 3
4 1
5 3
5 4
5 1
6 1
6 4
6 5
7 0
7 2
7 6
8 2
8 7
8 4
9 5
9 2
9 0
10 0
10 1
10 2
11 6
11 3
11 1
12 7
12 4
12 3
13 1
13 10
13 8
14 5
14 9
14 3
15 12
15 8
15 6
16 7
16 1
16 15
17 6
17 8
17 1
18 7
18 11
18 16
19 18
19 0
19 2
20 0
20 11
20 6
21 6
21 16
21 2
22 21
22 17
22 9
23 18
23 2
23 17
24 15
24 11
24 10
25 0
25 16
25 8
26 14
26 5
26 17
27 22
27 19
27 16
28 3
28 11
28 22
29 22
29 0
29 12
30 3
30 6
30 16
31 16
31 28
31 11
32 20
32 0
32 6
33 2
33 12
33 0
34 1
34 31
34 19
35 0
35 11
35 34
36 24
36 16
36 6
37 11
37 7
37 10
38 0
38 21
38 16
39 4
39 2
39 10
40 7
40 13
40 1
41 16
41 1
41 2
42 13
42 16
42 33
43 0
43 1
43 16
44 17
44 16
44 34
45 2
45 1
45 22
46 0
46 41
46 2
47 32
47 28
47 42
48 16
48 0
48 2
49 8
49 37
49 17
50 18
50 16
50 7
51 2
51 0
51 3
52 34
52 9
52 39
53 10
53 1
53 0
54 51
54 2
54 37
55 3
55 44
55 1
56 24
56 3
56 29
57 2
57 56
57 50
58 45
58 3
58 29
59 19
59 33
59 50
60 11
60 48
60 36
61 15
61 51
61 59
62 39
62 32
62 17
63 49
63 16
63 21
64 4
64 32
64 0
65 43
65 5
65 16
66 29
66 1
66 5
67 16
67 39
67 41
68 52
68 35
68 13
69 7
69 1
69 66
70 41
70 35
70 4
71 17
71 50
71 40
72 16
72 1
72 67
73 3
73 4
73 18
74 42
74 73
74 32
75 11
75 64
75 34
76 12
76 7
76 43
77 11
77 22
77 54
78 1
78 24
78 18
79 57
79 75
79 51
80 25
80 7
80 34
81 3
81 58
81 19
82 42
82 13
82 28
83 3
83 6
83 37
84 16
84 3
84 0
85 3
85 19
85 21
86 4
86 6
86 30
87 50
87 1
87 3
88 1
88 84
88 6
89 0
89 21
89 8
90 41
90 3
90 44
91 3
91 77
91 35
92 32
92 16
92 86
93 16
93 7
93 51
94 41
94 12
94 53
95 24
95 0
95 19
96 1
96 31
96 16
97 63
97 68
97 66
98 9
98 26
98 2
99 20
99 4
99 12
