0 1
1 0
2 1
2 0
3 0
3 2
3 1
4 1
4 3
4 2
5 3
5 0
5 2
6 0
6 3
6 2
7 2
7 1
7 5
8 4
8 1
8 3
9 3
9 1
9 8
10 3
10 1
10 2
11 7
11 0
11 6
12 0
12 1
12 7
13 1
13 5
13 10
14 7
14 2
14 3
15 1
15 13
15 2
16 1
16 12
16 7
17 2
17 6
17 0
18 1
18 14
18 8
19 2
19 5
19 3
20 14
20 0
20 2
21 1
21 10
21 2
22 1
22 13
22 20
23 3
23 16
23 13
24 18
24 1
24 7
25 23
25 8
25 6
26 20
26 18
26 22
27 24
27 1
27 4
28 7
28 13
28 3
29 3
29 27
29 2
30 0
30 19
30 2
31 20
31 14
31 1
32 20
32 2
32 1
33 3
33 1
33 0
34 3
34 27
34 0
35 16
35 4
35 3
36 10
36 5
36 13
37 2
37 0
37 1
38 13
38 36
38 3
39 6
39 0
39 2
40 15
40 17
40 1
41 0
41 16
41 31
42 21
42 41
42 1
43 26
43 14
43 31
44 0
44 26
44 13
45 16
45 24
45 2
46 0
46 2
46 15
47 40
47 1
47 16
48 1
48 13
48 44
49 3
49 13
49 2
