0 1
0 2
1 0
1 2
2 1
2 0
3 1
3 2
3 0
4 0
4 2
4 3
5 4
5 0
5 1
6 5
6 0
6 1
7 2
7 1
7 5
8 1
8 7
8 0
9 1
9 8
9 0
10 7
10 5
10 4
11 4
11 2
11 0
12 11
12 0
12 8
13 2
13 0
13 4
14 7
14 4
14 3
15 0
15 4
15 7
16 0
16 2
16 1
17 4
17 1
17 11
18 9
18 0
18 2
19 1
19 11
19 9
20 18
20 4
20 13
21 5
21 13
21 2
22 21
22 1
22 20
23 17
23 7
23 1
24 0
24 11
24 7
25 21
25 5
25 8
26 3
26 0
26 11
27 0
27 16
27 3
28 10
28 7
28 1
29 12
29 7
29 21
30 0
30 11
30 1
31 5
31 1
31 12
32 15
32 0
32 4
33 21
33 22
33 8
34 1
34 15
34 0
35 31
35 0
35 20
36 32
36 2
36 13
37 10
37 1
37 32
38 4
38 37
38 8
39 25
39 8
39 18
40 15
40 20
40 22
41 13
41 23
41 5
42 4
42 31
42 11
43 3
43 2
43 1
44 10
44 0
44 32
45 30
45 14
45 16
46 2
46 16
46 4
47 46
47 39
47 2
48 0
48 6
48 35
49 2
49 21
49 0
50 42
50 2
50 6
51 5
51 21
51 8
52 12
52 13
52 32
53 2
53 49
53 40
54 27
54 4
54 5
55 30
55 8
55 4
56 6
56 8
56 12
57 21
57 0
57 8
58 36
58 17
58 34
59 31
59 26
59 42
60 30
60 16
60 11
61 1
61 13
61 8
62 55
62 47
62 4
63 10
63 1
63 57
64 33
64 58
64 4
65 26
65 35
65 60
66 34
66 23
66 46
67 6
67 8
67 4
68 64
68 17
68 57
69 53
69 10
69 5
70 0
70 62
70 11
71 48
71 58
71 70
72 2
72 41
72 64
73 10
73 13
73 23
74 31
74 37
74 53
75 8
75 63
75 34
76 56
76 37
76 46
77 0
77 5
77 18
78 22
78 31
78 10
79 25
79 2
79 68
80 41
80 30
80 59
81 0
81 29
81 59
82 74
82 77
82 1
83 51
83 18
83 43
84 12
84 1
84 79
85 2
85 22
85 48
86 1
86 49
86 2
87 57
87 22
87 29
88 76
88 10
88 38
89 11
89 9
89 44
90 41
90 48
90 36
91 4
91 71
91 13
92 53
92 1
92 70
93 4
93 21
93 64
94 52
94 30
94 20
95 27
95 10
95 11
96 10
96 33
96 76
97 49
97 31
97 6
98 50
98 83
98 31
99 1
99 43
99 23
