0 1
0 2
0 3
0 4
0 5
0 7
0 9
0 12
0 13
0 16
0 18
0 21
0 26
0 35
0 43
1 0
1 2
1 3
1 4
1 5
1 6
1 10
1 11
1 13
1 15
1 22
1 25
1 27
1 28
1 30
1 32
1 33
1 34
1 35
1 37
1 42
2 1
2 0
2 3
2 19
2 23
2 34
2 45
3 1
3 2
3 0
3 4
3 6
3 8
3 12
3 16
3 17
3 26
3 29
3 31
3 40
4 1
4 3
4 0
4 5
4 6
4 7
4 9
4 18
4 28
4 33
4 45
4 49
5 0
5 1
5 4
5 13
5 14
5 21
5 26
5 30
5 31
5 36
5 40
5 44
6 3
6 1
6 4
6 7
6 8
6 9
6 11
6 18
6 27
6 38
6 42
7 4
7 6
7 0
7 8
7 21
7 32
7 34
7 37
7 49
8 6
8 7
8 3
8 10
8 14
8 15
8 16
8 19
8 27
8 33
8 43
8 47
9 0
9 6
9 4
9 10
9 11
9 17
9 19
9 20
10 9
10 8
10 1
10 12
10 41
10 45
11 6
11 9
11 1
11 24
11 28
11 43
11 46
12 3
12 10
12 0
12 14
12 20
12 39
13 0
13 1
13 5
13 36
13 44
14 8
14 12
14 5
14 15
14 22
14 23
14 32
14 35
15 1
15 14
15 8
15 30
15 42
15 46
16 8
16 3
16 0
16 17
16 25
16 29
16 31
16 44
16 47
17 3
17 16
17 9
18 6
18 0
18 4
19 8
19 9
19 2
19 20
20 9
20 12
20 19
20 24
20 25
20 29
20 38
21 5
21 7
21 0
21 22
21 23
21 40
21 46
21 47
21 48
22 1
22 14
22 21
22 24
23 14
23 21
23 2
24 22
24 20
24 11
24 37
25 16
25 20
25 1
25 39
26 0
26 5
26 3
26 41
26 48
27 8
27 6
27 1
28 11
28 4
28 1
29 16
29 20
29 3
30 15
30 5
30 1
30 36
31 5
31 3
31 16
32 7
32 14
32 1
33 4
33 8
33 1
33 39
34 1
34 7
34 2
34 38
34 48
35 1
35 0
35 14
36 5
36 30
36 13
37 1
37 7
37 24
37 41
38 6
38 20
38 34
38 49
39 25
39 12
39 33
40 5
40 3
40 21
41 10
41 26
41 37
42 15
42 6
42 1
43 0
43 8
43 11
44 13
44 16
44 5
45 10
45 2
45 4
46 11
46 15
46 21
47 16
47 8
47 21
48 26
48 21
48 34
49 4
49 7
49 38
