0 1
0 2
0 3
0 6
0 8
0 10
0 11
0 45
0 54
0 64
0 73
0 76
0 78
0 85
0 87
0 97
0 98
0 119
0 147
0 152
0 158
0 191
0 211
0 216
0 252
0 290
0 303
0 325
0 329
0 413
0 445
0 451
0 505
0 513
0 526
0 540
0 548
0 728
0 739
0 743
0 818
0 843
1 0
1 2
1 3
1 4
1 5
1 6
1 7
1 8
1 13
1 19
1 35
1 47
1 52
1 55
1 58
1 65
1 75
1 89
1 91
1 96
1 159
1 164
1 172
1 175
1 212
1 221
1 269
1 279
1 404
1 436
1 579
1 707
1 902
1 940
1 987
2 0
2 1
2 3
2 4
2 7
2 14
2 19
2 28
2 66
2 79
2 114
2 137
2 138
2 237
2 275
2 339
2 699
2 704
2 784
2 862
2 863
2 917
3 2
3 1
3 0
3 4
3 5
3 15
3 37
3 50
3 63
3 78
3 83
3 93
3 132
3 219
3 428
3 471
3 608
3 654
3 660
3 875
4 3
4 1
4 2
4 5
4 12
4 15
4 33
4 68
4 86
4 104
4 264
4 376
4 410
4 445
4 463
4 501
4 519
4 617
4 661
4 671
5 4
5 3
5 1
5 6
5 8
5 10
5 11
5 12
5 14
5 22
5 23
5 36
5 37
5 42
5 64
5 68
5 85
5 97
5 112
5 240
5 279
5 502
5 606
5 685
5 745
5 772
5 912
5 985
6 5
6 0
6 1
6 7
6 9
6 12
6 13
6 21
6 29
6 32
6 45
6 58
6 117
6 196
6 310
6 547
6 692
6 724
6 754
6 862
6 963
6 997
7 2
7 1
7 6
7 9
7 13
7 22
7 27
7 34
7 43
7 70
7 77
7 79
7 107
7 121
7 187
7 191
7 290
7 308
7 320
7 386
7 388
7 504
7 518
7 605
7 749
7 827
7 882
7 975
8 5
8 1
8 0
8 9
8 17
8 20
8 27
8 33
8 36
8 41
8 72
8 88
8 111
8 119
8 233
8 234
8 263
8 361
8 426
8 428
8 476
8 484
8 826
8 992
9 8
9 7
9 6
9 10
9 14
9 16
9 25
9 31
9 35
9 50
9 64
9 120
9 133
9 183
9 205
9 244
9 299
9 336
9 361
9 550
9 712
9 799
9 954
10 5
10 0
10 9
10 11
10 15
10 16
10 24
10 29
10 42
10 53
10 60
10 62
10 70
10 84
10 90
10 97
10 118
10 124
10 152
10 156
10 169
10 264
10 281
10 322
10 333
10 342
10 381
10 383
10 462
10 497
10 514
10 561
10 566
10 571
10 573
10 637
10 755
10 789
10 795
10 826
10 843
11 5
11 10
11 0
11 43
11 62
11 66
11 190
11 210
11 306
11 405
11 905
12 5
12 6
12 4
12 16
12 17
12 20
12 24
12 27
12 30
12 31
12 38
12 56
12 58
12 87
12 140
12 143
12 148
12 164
12 199
12 222
12 223
12 337
12 359
12 486
12 493
12 507
12 624
12 654
12 717
12 727
12 884
12 902
12 980
13 7
13 6
13 1
13 19
13 21
13 25
13 30
13 77
13 99
13 150
13 153
13 165
13 310
13 323
13 403
13 459
13 522
13 688
13 723
14 9
14 2
14 5
14 18
14 30
14 46
14 49
14 51
14 56
14 62
14 89
14 124
14 125
14 132
14 133
14 180
14 202
14 220
14 262
14 301
14 316
14 334
14 448
14 559
14 646
14 687
14 803
14 826
14 950
14 978
15 3
15 10
15 4
15 18
15 34
15 39
15 42
15 50
15 59
15 77
15 81
15 85
15 102
15 110
15 111
15 132
15 139
15 158
15 189
15 195
15 235
15 284
15 285
15 291
15 297
15 409
15 433
15 502
15 550
15 611
15 666
15 698
15 805
15 896
16 12
16 10
16 9
16 17
16 18
16 20
16 21
16 23
16 24
16 25
16 26
16 39
16 44
16 47
16 52
16 56
16 66
16 71
16 93
16 99
16 128
16 129
16 134
16 154
16 155
16 173
16 175
16 176
16 221
16 225
16 229
16 241
16 242
16 296
16 313
16 318
16 365
16 398
16 425
16 458
16 647
16 748
16 860
16 991
17 12
17 8
17 16
17 22
17 40
17 41
17 45
17 65
17 73
17 100
17 101
17 106
17 128
17 192
17 328
17 721
17 737
17 934
17 961
18 15
18 16
18 14
18 28
18 31
18 46
18 52
18 55
18 57
18 60
18 101
18 157
18 223
18 237
18 241
18 336
18 393
18 398
18 598
18 706
18 837
18 975
19 1
19 13
19 2
19 35
19 102
19 140
19 224
19 335
19 340
19 349
19 407
19 424
19 512
19 581
20 12
20 8
20 16
20 23
20 26
20 28
20 38
20 40
20 57
20 67
20 80
20 83
20 86
20 92
20 121
20 141
20 144
20 175
20 181
20 196
20 200
20 302
20 342
20 344
20 355
20 384
20 391
20 398
20 405
20 479
20 485
20 623
20 641
20 651
20 658
20 740
20 741
20 786
21 13
21 16
21 6
21 51
21 68
21 69
21 73
21 145
21 162
21 173
21 214
21 226
21 312
21 465
21 486
21 649
21 661
21 714
21 879
21 951
22 5
22 7
22 17
22 33
22 54
22 61
22 70
22 84
22 103
22 115
22 122
22 141
22 322
22 518
22 543
22 728
22 815
22 851
22 907
23 20
23 5
23 16
23 34
23 49
23 80
23 135
23 267
23 376
23 377
23 487
23 922
24 10
24 16
24 12
24 43
24 59
24 65
24 72
24 141
24 145
24 146
24 303
24 404
25 16
25 13
25 9
25 26
25 36
25 39
25 80
25 86
25 95
25 146
25 200
25 292
25 348
25 431
25 452
25 459
25 571
25 580
25 770
25 947
26 25
26 16
26 20
26 32
26 44
26 53
26 91
26 171
26 216
26 218
26 228
26 396
26 484
26 524
26 548
26 557
26 631
26 885
26 888
27 7
27 8
27 12
27 32
27 46
27 47
27 54
27 69
27 100
27 116
27 118
27 158
27 163
27 473
27 622
27 855
27 889
27 895
27 898
28 2
28 18
28 20
28 29
28 40
28 81
28 123
28 134
28 142
28 194
28 257
28 937
29 28
29 10
29 6
29 126
29 156
29 185
29 195
29 245
29 291
29 562
29 733
29 797
29 853
30 13
30 12
30 14
30 37
30 82
30 616
30 713
30 894
31 12
31 9
31 18
31 38
31 69
31 74
31 75
31 81
31 90
31 95
31 96
31 110
31 129
31 249
31 283
31 389
31 395
31 415
31 436
31 468
31 481
31 511
31 564
32 26
32 27
32 6
32 67
32 197
32 206
32 226
32 290
32 307
32 422
32 750
32 756
33 8
33 4
33 22
33 590
33 591
33 834
33 859
33 886
33 959
34 23
34 7
34 15
34 59
34 116
34 139
34 204
34 205
34 315
34 326
34 418
34 448
34 558
34 693
34 761
35 9
35 19
35 1
35 92
35 238
35 329
35 331
35 399
35 402
35 504
35 615
35 637
35 802
35 805
36 8
36 25
36 5
36 48
36 75
36 98
36 193
36 289
36 362
36 373
36 524
36 573
36 594
36 620
36 918
36 998
37 3
37 5
37 30
37 51
37 78
37 82
37 185
37 375
37 447
37 708
37 721
37 777
38 31
38 20
38 12
38 76
38 102
38 154
38 160
38 172
38 186
38 242
38 286
38 461
38 591
38 705
38 782
38 928
39 25
39 16
39 15
39 44
39 49
39 53
39 292
39 395
39 403
39 481
39 578
39 627
39 810
39 939
40 17
40 28
40 20
40 41
40 48
40 74
40 89
40 111
40 114
40 116
40 117
40 126
40 127
40 144
40 180
40 352
40 535
40 838
41 40
41 8
41 17
41 92
41 265
41 287
41 293
41 301
41 308
41 652
41 655
41 675
41 770
42 10
42 5
42 15
42 57
42 61
42 87
42 135
42 138
42 243
42 271
42 457
42 491
42 725
42 919
43 11
43 24
43 7
43 166
43 169
43 203
43 304
43 560
43 569
43 666
44 26
44 39
44 16
44 71
44 103
44 129
44 165
44 230
44 296
44 492
45 0
45 6
45 17
45 60
45 63
45 110
45 127
45 152
45 153
45 157
45 209
45 269
45 289
45 309
45 555
45 722
45 858
46 18
46 27
46 14
46 63
46 88
46 167
46 198
46 287
46 305
46 523
46 551
46 583
46 597
46 618
46 842
47 27
47 1
47 16
47 48
47 259
47 261
47 305
47 432
47 479
47 545
47 549
47 583
47 710
47 752
47 829
48 40
48 36
48 47
48 130
48 142
48 178
48 184
48 200
48 203
48 265
48 360
48 380
48 467
48 630
48 757
48 765
48 775
49 39
49 23
49 14
49 55
49 84
49 101
49 107
49 108
49 174
49 194
49 245
49 258
49 267
49 273
49 315
49 375
49 387
49 429
49 470
49 616
49 704
49 757
49 760
49 911
49 976
50 3
50 15
50 9
50 107
50 168
50 284
50 321
50 359
50 584
51 14
51 21
51 37
51 79
51 90
51 94
51 351
51 355
51 356
51 386
51 575
51 910
52 18
52 1
52 16
52 61
52 166
52 190
52 337
52 658
52 931
53 10
53 39
53 26
53 179
53 342
53 413
53 490
53 514
53 538
53 657
53 678
53 759
54 27
54 22
54 0
54 171
54 208
54 340
54 343
54 490
54 594
54 896
55 49
55 1
55 18
55 67
55 136
55 193
55 409
55 435
55 452
55 644
55 710
55 718
55 757
55 788
55 876
55 904
55 954
56 16
56 14
56 12
56 108
56 136
56 207
56 217
56 360
56 509
56 555
56 717
56 787
56 968
57 42
57 20
57 18
57 112
57 127
57 260
57 301
57 356
57 439
57 457
57 609
57 680
58 12
58 6
58 1
58 112
58 182
58 417
58 689
58 770
59 15
59 34
59 24
59 74
59 103
59 117
59 181
59 827
59 964
60 10
60 45
60 18
60 151
60 288
60 389
60 515
60 646
60 918
61 22
61 42
61 52
61 113
61 590
62 10
62 14
62 11
62 113
62 188
62 422
62 600
62 613
62 614
62 888
63 3
63 46
63 45
63 95
63 104
63 105
63 115
63 123
63 148
63 160
63 286
63 314
63 343
63 371
63 379
63 397
63 487
63 684
63 695
63 729
63 731
63 755
63 870
63 959
64 5
64 9
64 0
64 136
64 137
64 159
64 181
64 272
64 308
64 367
64 370
64 489
64 744
64 762
64 786
65 24
65 17
65 1
65 94
65 106
65 108
65 254
65 285
65 287
65 528
65 579
65 786
65 958
66 16
66 11
66 2
66 123
66 254
66 256
66 325
66 405
66 602
66 880
66 953
67 32
67 55
67 20
67 71
67 93
67 131
67 358
67 400
67 461
67 589
67 791
68 4
68 21
68 5
68 72
68 173
68 182
68 213
68 439
68 794
68 800
69 31
69 21
69 27
70 10
70 22
70 7
70 125
70 147
70 149
70 201
70 273
70 317
70 319
70 351
70 361
70 366
70 400
70 431
70 522
70 577
70 588
70 636
70 785
70 943
70 991
71 16
71 67
71 44
71 109
71 172
71 187
71 217
71 234
71 278
71 300
71 353
71 446
71 776
71 825
71 996
72 24
72 68
72 8
72 96
72 114
72 122
72 153
72 222
72 274
72 314
72 599
72 612
72 873
72 941
73 17
73 0
73 21
73 156
73 165
73 195
73 257
73 497
73 611
73 633
73 693
73 808
73 848
74 59
74 40
74 31
74 76
74 128
74 263
74 304
74 344
74 367
74 669
74 794
75 1
75 31
75 36
75 354
75 369
75 373
75 655
75 885
76 38
76 74
76 0
76 179
76 333
76 463
76 626
77 13
77 15
77 7
77 120
77 149
77 192
77 366
77 378
77 380
77 414
77 794
77 813
77 954
78 3
78 0
78 37
78 83
78 98
78 122
78 204
78 495
78 509
78 520
78 521
78 654
78 775
79 7
79 2
79 51
79 82
79 88
79 94
79 109
79 143
79 213
79 228
79 293
79 766
80 20
80 25
80 23
80 109
80 157
80 228
80 421
80 655
80 668
81 28
81 15
81 31
81 211
81 283
81 814
81 818
82 30
82 79
82 37
82 146
82 246
82 351
82 357
82 411
82 615
82 712
82 715
82 754
82 830
83 78
83 3
83 20
83 170
83 289
83 432
83 434
83 472
83 610
83 900
83 917
84 10
84 49
84 22
84 170
84 187
84 192
84 478
84 739
85 5
85 0
85 15
85 185
85 202
85 248
85 377
85 735
86 25
86 4
86 20
86 91
86 104
86 189
86 191
86 206
86 227
86 232
86 249
86 327
86 347
86 392
86 401
86 474
86 478
86 509
87 42
87 12
87 0
87 170
87 239
87 260
87 441
87 469
87 500
87 513
87 642
87 644
87 958
88 46
88 8
88 79
88 105
88 143
88 531
89 40
89 14
89 1
89 327
89 360
89 550
89 587
89 612
89 621
89 674
89 704
89 758
89 989
90 51
90 10
90 31
90 147
90 155
90 608
91 86
91 26
91 1
91 137
91 174
91 177
91 183
91 244
91 397
91 425
91 435
91 455
91 517
92 41
92 20
92 35
92 100
92 131
92 204
92 235
92 310
92 839
93 3
93 16
93 67
93 177
93 197
93 206
93 220
93 234
93 328
93 439
93 525
93 906
94 51
94 79
94 65
94 105
94 119
94 142
94 169
94 236
94 250
94 272
94 275
94 304
94 423
94 475
94 584
95 31
95 25
95 63
95 99
95 159
95 163
95 227
95 244
95 352
95 395
95 499
95 578
95 952
96 1
96 31
96 72
96 489
97 5
97 10
97 0
97 106
97 151
97 160
97 180
97 324
97 609
98 36
98 78
98 0
98 135
98 184
98 233
98 253
98 282
98 299
98 327
98 350
99 16
99 13
99 95
99 196
99 319
99 354
99 390
99 424
99 575
99 738
100 92
100 27
100 17
100 512
100 677
101 49
101 17
101 18
101 282
101 615
101 635
101 645
102 15
102 19
102 38
102 131
102 174
102 259
102 428
102 486
102 768
102 781
102 963
103 59
103 44
103 22
104 86
104 4
104 63
104 207
104 233
104 341
104 374
104 396
104 703
104 773
105 94
105 63
105 88
105 120
105 260
105 326
105 735
105 955
106 65
106 17
106 97
106 130
106 214
106 224
106 262
106 270
106 401
106 474
106 533
106 536
106 611
106 626
107 50
107 49
107 7
107 318
107 453
107 604
107 663
107 745
108 49
108 56
108 65
108 124
108 236
108 295
108 448
108 962
109 79
109 71
109 80
109 393
109 427
109 454
109 637
109 791
109 901
110 15
110 31
110 45
110 113
110 339
110 470
110 602
110 685
110 953
111 40
111 8
111 15
111 121
111 164
111 271
111 334
111 447
112 58
112 57
112 5
112 202
112 356
112 501
113 62
113 61
113 110
113 215
113 231
113 728
114 40
114 72
114 2
114 115
114 231
114 624
114 831
114 875
115 22
115 114
115 63
115 118
115 179
115 219
115 229
115 261
115 278
115 311
115 577
116 27
116 40
116 34
117 40
117 6
117 59
117 250
117 280
117 345
117 371
117 373
117 541
117 542
117 726
117 984
118 115
118 10
118 27
118 126
118 216
118 391
118 659
118 901
119 0
119 94
119 8
119 247
120 9
120 105
120 77
120 176
120 225
120 551
120 722
121 20
121 7
121 111
121 125
121 138
121 139
121 266
121 302
121 353
121 368
121 397
121 495
121 595
121 607
121 711
121 746
121 894
122 78
122 22
122 72
122 130
122 307
122 452
122 464
123 28
123 66
123 63
123 296
123 384
123 440
124 14
124 10
124 108
124 154
124 225
124 309
124 365
124 406
124 761
125 70
125 121
125 14
125 256
126 29
126 40
126 118
126 145
126 298
126 352
126 761
126 800
126 848
127 45
127 40
127 57
127 133
127 266
127 317
127 364
127 403
127 472
127 483
127 520
127 846
128 74
128 16
128 17
128 134
128 140
128 150
128 182
128 230
128 274
128 278
128 391
128 577
128 583
128 687
128 769
128 792
128 858
128 880
129 16
129 44
129 31
129 144
129 150
129 163
129 177
129 184
129 201
129 238
129 277
129 293
129 321
129 362
129 539
129 652
129 818
129 850
129 855
130 48
130 106
130 122
130 161
130 316
130 444
131 102
131 92
131 67
131 151
131 208
131 212
131 565
131 982
132 14
132 3
132 15
132 148
132 190
132 209
132 307
132 895
132 996
133 9
133 127
133 14
133 188
133 433
133 715
133 847
133 865
133 926
134 16
134 128
134 28
134 203
134 210
134 323
134 435
134 515
134 534
135 98
135 42
135 23
135 222
136 55
136 64
136 56
136 149
136 166
136 623
136 819
136 904
136 967
137 91
137 2
137 64
137 229
137 251
137 306
137 538
138 42
138 121
138 2
138 320
138 581
138 810
138 964
139 34
139 121
139 15
139 167
139 536
140 128
140 19
140 12
140 213
140 580
140 613
140 695
140 707
140 755
141 22
141 24
141 20
141 978
142 28
142 48
142 94
142 253
142 285
142 311
142 411
142 456
142 579
142 624
142 661
142 939
143 12
143 88
143 79
143 220
143 603
144 20
144 40
144 129
144 217
144 573
145 24
145 21
145 126
145 161
145 178
145 316
145 453
145 592
146 82
146 24
146 25
146 198
146 241
146 286
146 331
146 419
146 621
146 653
147 70
147 0
147 90
147 186
147 198
147 208
147 408
147 441
147 480
147 589
147 636
148 63
148 12
148 132
148 186
148 536
148 572
148 682
148 927
149 77
149 70
149 136
149 168
149 176
149 419
149 522
149 556
150 128
150 129
150 13
150 162
150 237
150 303
150 381
150 430
150 438
150 628
150 660
150 899
151 60
151 131
151 97
151 155
151 209
151 258
152 0
152 45
152 10
152 350
152 465
153 13
153 45
153 72
153 218
153 315
153 330
153 697
153 751
154 124
154 16
154 38
154 224
154 467
155 151
155 16
155 90
155 162
155 340
156 29
156 73
156 10
156 178
156 215
156 280
156 385
156 508
156 842
157 80
157 45
157 18
157 418
157 443
157 450
157 458
157 516
157 962
158 15
158 27
158 0
158 161
158 251
158 267
158 276
158 349
158 482
158 723
159 95
159 64
159 1
159 384
160 63
160 97
160 38
160 171
160 197
160 232
160 329
160 503
160 562
161 145
161 158
161 130
161 214
161 226
161 375
161 549
161 716
162 150
162 155
162 21
162 219
162 253
162 272
162 447
162 503
162 546
162 782
163 129
163 95
163 27
163 167
163 188
163 246
163 279
163 632
163 887
164 111
164 12
164 1
164 409
164 527
164 549
164 643
164 681
165 44
165 13
165 73
165 183
165 317
165 570
166 52
166 43
166 136
166 168
166 231
167 163
167 139
167 46
167 245
168 50
168 166
168 149
168 201
168 207
168 347
168 574
169 10
169 43
169 94
169 270
169 870
170 87
170 84
170 83
170 205
170 374
170 466
170 528
170 632
170 927
171 54
171 26
171 160
171 601
172 1
172 71
172 38
172 259
172 295
173 68
173 21
173 16
173 235
173 243
173 254
173 294
173 298
173 481
173 507
173 675
173 686
173 817
174 102
174 91
174 49
174 210
174 323
174 324
174 378
174 456
174 457
174 531
174 559
174 819
174 930
174 943
175 16
175 1
175 20
175 189
175 464
175 582
175 670
175 913
175 999
176 16
176 120
176 149
176 199
176 438
176 790
177 93
177 91
177 129
177 412
177 496
177 690
177 889
178 145
178 48
178 156
178 294
178 334
178 868
178 892
179 53
179 115
179 76
179 248
179 330
179 343
179 368
179 386
179 399
179 620
179 774
179 875
180 97
180 40
180 14
180 274
180 388
180 696
181 20
181 59
181 64
181 193
181 194
181 639
181 932
181 938
181 957
182 128
182 68
182 58
182 238
182 309
182 421
182 449
182 468
182 593
182 668
183 91
183 9
183 165
183 568
183 638
183 642
183 845
183 903
183 993
184 48
184 129
184 98
184 462
184 947
185 37
185 85
185 29
185 414
185 426
185 656
186 147
186 148
186 38
186 326
186 346
186 694
186 808
186 890
187 84
187 71
187 7
187 221
187 227
187 255
187 273
187 275
187 348
187 385
187 461
187 667
187 864
188 133
188 163
188 62
188 251
188 265
188 299
188 390
188 653
188 701
188 703
189 15
189 175
189 86
189 349
189 541
189 724
189 988
190 11
190 52
190 132
190 248
190 357
190 429
190 776
190 874
191 0
191 86
191 7
191 252
191 256
191 320
191 341
191 482
191 672
192 17
192 77
192 84
192 199
192 211
192 242
192 249
192 459
192 723
192 729
192 838
192 920
192 983
193 181
193 55
193 36
193 971
194 181
194 49
194 28
194 498
194 743
195 29
195 15
195 73
195 218
195 533
195 679
195 803
196 6
196 20
196 99
196 246
196 404
196 494
196 668
196 732
197 93
197 160
197 32
197 742
197 857
198 46
198 147
198 146
198 262
198 627
198 643
198 881
199 12
199 192
199 176
199 844
200 25
200 48
200 20
200 314
200 697
200 876
200 967
201 70
201 168
201 129
201 451
201 492
201 562
201 646
201 919
202 85
202 14
202 112
202 212
202 261
202 345
202 593
202 759
203 48
203 43
203 134
203 313
204 34
204 92
204 78
204 236
204 269
204 453
204 601
204 677
204 772
204 949
205 170
205 34
205 9
205 223
205 548
205 570
205 883
205 930
206 93
206 86
206 32
206 215
206 280
206 297
206 443
206 444
206 478
206 749
207 56
207 168
207 104
207 257
207 390
207 476
207 663
207 796
208 54
208 131
208 147
208 247
208 645
208 730
208 780
208 904
209 132
209 151
209 45
209 638
209 774
210 134
210 174
210 11
210 544
210 882
210 970
211 192
211 0
211 81
211 344
211 460
211 477
211 497
211 574
212 131
212 1
212 202
212 773
212 809
212 958
213 79
213 68
213 140
213 252
213 382
213 576
213 887
214 21
214 161
214 106
214 250
214 300
214 363
214 429
214 442
214 543
214 680
214 700
215 113
215 156
215 206
215 488
216 26
216 0
216 118
216 240
216 255
216 258
216 264
216 306
216 394
216 506
216 664
216 738
216 791
216 872
216 888
217 144
217 71
217 56
217 768
217 914
218 26
218 195
218 153
218 263
218 268
218 297
218 358
218 596
218 908
219 115
219 3
219 162
219 239
219 247
219 266
219 440
220 14
220 143
220 93
221 1
221 187
221 16
221 300
221 510
221 871
222 12
222 72
222 135
222 526
222 742
222 872
223 18
223 205
223 12
223 232
223 277
223 437
223 595
223 816
223 978
224 154
224 19
224 106
224 230
224 416
224 420
224 727
224 751
224 828
224 845
225 16
225 120
225 124
225 240
225 357
225 369
225 449
225 527
225 565
225 572
225 684
225 713
225 779
226 32
226 21
226 161
226 407
226 477
226 656
226 781
226 827
226 841
227 95
227 187
227 86
227 268
227 341
227 376
227 552
227 771
228 79
228 26
228 80
228 292
228 399
228 427
228 493
229 115
229 16
229 137
229 239
229 764
229 897
230 128
230 224
230 44
230 281
230 311
230 335
230 500
230 546
230 555
230 814
231 113
231 166
231 114
231 302
231 328
231 789
232 86
232 160
232 223
232 332
232 566
232 599
232 725
232 763
233 8
233 104
233 98
233 282
234 71
234 8
234 93
234 276
234 382
234 392
234 408
234 560
234 660
234 804
234 815
234 865
234 893
235 173
235 15
235 92
235 295
235 473
235 600
235 792
236 204
236 94
236 108
236 243
236 511
236 538
237 150
237 18
237 2
237 277
237 319
237 566
237 659
238 182
238 35
238 129
238 338
238 714
238 811
238 936
239 229
239 87
239 219
239 693
239 812
240 225
240 5
240 216
240 338
240 369
240 498
240 591
240 667
240 935
241 16
241 18
241 146
241 393
241 415
241 535
241 793
241 798
241 832
241 884
242 38
242 192
242 16
242 288
242 915
243 236
243 173
243 42
243 488
243 567
243 744
244 95
244 91
244 9
244 570
244 974
245 167
245 29
245 49
245 469
245 737
246 82
246 196
246 163
246 662
246 699
247 119
247 219
247 208
247 366
247 450
247 955
248 190
248 179
248 85
248 466
248 516
248 683
248 701
248 765
249 86
249 31
249 192
249 270
249 312
249 610
250 117
250 214
250 94
250 255
250 305
251 188
251 137
251 158
251 460
251 505
251 557
251 807
251 940
252 0
252 191
252 213
252 382
252 539
252 605
252 914
253 142
253 98
253 162
253 271
253 362
253 430
253 440
253 485
253 576
254 173
254 65
254 66
254 852
255 216
255 187
255 250
255 372
255 473
255 578
256 125
256 66
256 191
256 335
256 441
257 207
257 73
257 28
257 455
257 809
257 861
258 49
258 151
258 216
259 102
259 47
259 172
259 531
259 541
260 57
260 87
260 105
260 423
260 558
260 571
261 202
261 47
261 115
261 346
261 436
262 14
262 106
262 198
262 281
262 433
262 485
262 760
262 840
263 218
263 8
263 74
263 401
263 503
263 537
263 628
263 797
263 806
263 839
263 916
264 216
264 4
264 10
264 333
265 48
265 41
265 188
266 127
266 121
266 219
266 332
266 640
267 158
267 23
267 49
267 268
267 414
267 565
268 227
268 267
268 218
268 377
268 833
269 45
269 1
269 204
269 284
269 372
269 442
269 664
269 821
269 844
269 892
269 980
270 106
270 169
270 249
270 348
270 380
270 564
270 747
271 42
271 111
271 253
271 291
271 350
272 94
272 162
272 64
272 347
272 412
273 187
273 49
273 70
273 337
273 872
274 128
274 72
274 180
274 364
274 494
274 734
275 94
275 2
275 187
275 276
275 318
275 521
275 801
276 234
276 275
276 158
276 606
276 763
276 909
277 129
277 223
277 237
277 354
277 363
277 523
277 701
278 128
278 71
278 115
278 595
278 648
278 705
278 764
278 802
278 825
279 5
279 1
279 163
279 298
279 846
279 997
280 156
280 206
280 117
280 553
280 605
281 10
281 230
281 262
281 587
282 233
282 98
282 101
282 283
282 288
282 387
283 282
283 81
283 31
283 427
283 586
284 15
284 50
284 269
284 294
284 345
284 857
285 65
285 15
285 142
285 542
285 642
286 63
286 146
286 38
286 790
286 929
286 959
286 966
287 46
287 41
287 65
287 346
287 364
287 682
288 282
288 242
288 60
288 370
288 416
288 580
288 852
289 45
289 36
289 83
289 402
289 445
289 455
289 488
289 708
289 831
290 0
290 32
290 7
290 442
290 524
290 710
291 29
291 15
291 271
291 383
291 561
291 780
291 836
291 900
292 39
292 228
292 25
292 355
292 359
292 406
292 592
292 734
292 735
292 973
293 129
293 41
293 79
293 374
293 444
293 458
293 529
293 645
293 996
294 178
294 284
294 173
294 417
294 829
294 990
295 235
295 108
295 172
295 491
296 44
296 16
296 123
296 313
296 412
296 420
296 712
296 744
296 869
296 942
297 206
297 15
297 218
297 379
297 621
297 855
297 856
298 279
298 126
298 173
298 510
298 608
298 905
298 986
299 188
299 9
299 98
299 462
299 496
299 534
299 809
300 214
300 221
300 71
300 895
300 950
301 41
301 14
301 57
301 389
301 632
301 657
302 121
302 231
302 20
302 312
302 331
302 593
302 720
302 824
303 150
303 0
303 24
303 325
303 371
303 752
304 94
304 43
304 74
304 324
304 402
304 413
304 653
304 835
305 47
305 46
305 250
305 609
305 644
305 662
306 11
306 216
306 137
306 426
306 671
306 680
307 132
307 32
307 122
307 466
307 484
307 782
307 915
308 41
308 64
308 7
308 771
309 124
309 182
309 45
309 322
309 896
310 6
310 92
310 13
310 372
310 533
310 659
311 230
311 115
311 142
311 321
312 249
312 21
312 302
312 596
312 684
312 957
313 16
313 296
313 203
313 803
314 200
314 63
314 72
314 635
314 822
315 34
315 153
315 49
315 793
315 833
316 145
316 130
316 14
316 330
316 506
317 70
317 165
317 127
317 353
317 500
317 683
318 107
318 275
318 16
318 388
318 468
318 600
318 698
318 882
318 939
319 99
319 237
319 70
319 415
319 812
319 832
320 138
320 7
320 191
320 370
320 460
320 703
321 311
321 50
321 129
321 648
322 22
322 309
322 10
322 431
323 174
323 134
323 13
324 304
324 97
324 174
324 358
324 417
324 421
324 631
324 891
324 956
325 0
325 66
325 303
325 385
325 493
325 810
326 105
326 186
326 34
326 365
326 434
326 501
326 780
326 998
327 89
327 98
327 86
327 759
327 835
328 231
328 17
328 93
328 523
328 945
329 0
329 35
329 160
329 469
329 851
330 179
330 316
330 153
330 332
330 411
330 651
331 146
331 35
331 302
331 336
331 396
332 232
332 330
332 266
332 339
332 472
332 587
332 665
332 736
332 878
333 76
333 10
333 264
333 546
333 630
334 14
334 178
334 111
334 446
334 451
334 456
334 776
334 992
335 230
335 19
335 256
336 18
336 331
336 9
336 338
336 716
336 990
337 52
337 12
337 273
337 394
337 454
337 475
337 727
337 731
337 874
337 920
338 238
338 336
338 240
339 332
339 2
339 110
339 629
339 953
340 54
340 155
340 19
340 788
340 821
341 104
341 191
341 227
341 490
341 678
341 709
341 768
342 20
342 10
342 53
342 567
342 640
343 179
343 54
343 63
343 530
343 542
344 74
344 211
344 20
344 988
345 284
345 202
345 117
345 502
345 650
346 287
346 186
346 261
346 392
346 418
346 594
347 86
347 168
347 272
347 766
348 187
348 270
348 25
348 496
348 676
348 876
349 19
349 158
349 189
349 378
349 400
349 747
350 98
350 152
350 271
351 70
351 51
351 82
351 367
351 394
351 585
352 40
352 126
352 95
352 463
352 690
352 691
352 850
352 968
353 317
353 71
353 121
353 363
353 636
353 700
353 758
354 277
354 75
354 99
355 292
355 20
355 51
355 616
355 799
355 834
355 906
356 51
356 112
356 57
356 612
357 82
357 190
357 225
357 633
358 218
358 67
358 324
358 530
358 867
359 292
359 50
359 12
359 529
359 560
359 665
359 678
360 56
360 48
360 89
360 425
361 9
361 70
361 8
361 406
361 919
362 36
362 253
362 129
362 610
362 618
362 923
363 277
363 353
363 214
363 434
363 563
363 639
363 961
363 972
364 127
364 274
364 287
364 438
364 639
364 890
364 998
365 326
365 124
365 16
365 432
365 619
365 718
365 798
365 823
366 77
366 70
366 247
366 368
366 419
366 420
366 711
366 756
366 779
366 867
366 994
367 74
367 351
367 64
368 121
368 179
368 366
368 450
368 925
369 240
369 75
369 225
369 599
369 606
369 695
369 763
370 64
370 320
370 288
370 381
370 422
370 663
370 733
370 908
371 117
371 303
371 63
372 310
372 255
372 269
372 383
372 454
372 603
372 677
372 702
372 706
372 771
372 867
373 36
373 75
373 117
373 498
373 530
373 946
373 999
374 293
374 170
374 104
374 410
374 519
374 795
375 37
375 161
375 49
375 379
375 767
375 811
376 227
376 4
376 23
376 696
376 773
376 864
376 916
377 268
377 23
377 85
377 532
377 824
377 999
378 174
378 77
378 349
378 508
378 817
379 375
379 63
379 297
379 706
379 837
380 270
380 48
380 77
380 387
380 726
381 150
381 10
381 370
381 951
382 234
382 252
382 213
382 547
382 558
382 930
383 291
383 10
383 372
383 489
384 123
384 159
384 20
384 584
384 796
385 187
385 325
385 156
385 407
385 408
385 416
385 487
385 569
385 702
385 772
385 881
386 51
386 7
386 179
386 747
387 282
387 49
387 380
387 525
388 7
388 318
388 180
388 504
388 572
388 575
388 778
389 301
389 31
389 60
389 410
389 495
389 777
390 99
390 188
390 207
390 662
390 859
390 981
391 20
391 128
391 118
391 475
391 492
391 494
391 764
391 856
391 860
392 234
392 346
392 86
392 499
392 906
392 976
393 241
393 109
393 18
394 216
394 337
394 351
394 540
394 568
395 31
395 95
395 39
395 424
395 753
395 861
395 981
396 331
396 104
396 26
396 910
397 91
397 121
397 63
397 525
397 634
397 880
398 16
398 18
398 20
398 806
399 35
399 179
399 228
399 557
400 70
400 349
400 67
400 513
400 863
401 263
401 106
401 86
401 471
401 657
401 669
401 729
401 942
402 35
402 304
402 289
402 707
402 718
403 127
403 13
403 39
403 467
403 679
403 941
404 196
404 24
404 1
405 20
405 11
405 66
405 479
405 622
405 625
405 649
405 658
405 736
406 361
406 292
406 124
406 539
406 925
407 226
407 385
407 19
407 446
407 464
407 528
408 234
408 147
408 385
408 521
408 597
408 656
409 55
409 164
409 15
409 641
409 785
410 374
410 389
410 4
410 423
411 82
411 142
411 330
411 800
411 899
412 296
412 272
412 177
412 643
412 989
413 53
413 0
413 304
413 960
413 982
414 185
414 77
414 267
414 477
414 601
414 619
414 634
414 652
414 814
414 994
415 241
415 31
415 319
415 556
415 820
415 877
416 385
416 224
416 288
416 449
417 324
417 294
417 58
417 674
417 936
418 157
418 34
418 346
418 437
418 482
418 614
418 670
419 366
419 149
419 146
419 543
419 544
419 590
419 625
419 626
419 669
419 739
419 774
419 940
419 956
420 296
420 366
420 224
420 537
420 808
421 182
421 80
421 324
421 563
422 62
422 32
422 370
422 430
422 640
422 688
423 410
423 260
423 94
424 99
424 19
424 395
424 672
424 752
424 962
425 91
425 360
425 16
425 569
425 798
426 185
426 306
426 8
426 437
426 545
426 692
426 730
427 228
427 109
427 283
427 443
427 618
428 102
428 3
428 8
428 672
428 870
429 190
429 49
429 214
429 480
429 507
429 857
430 422
430 253
430 150
431 70
431 25
431 322
432 83
432 365
432 47
432 483
432 630
433 262
433 133
433 15
433 491
433 511
433 725
434 326
434 363
434 83
434 514
434 705
434 784
435 91
435 134
435 55
435 471
435 732
436 31
436 261
436 1
436 567
437 426
437 223
437 418
438 364
438 150
438 176
439 68
439 57
439 93
439 650
439 992
440 253
440 219
440 123
441 256
441 87
441 147
442 290
442 214
442 269
442 499
442 602
443 157
443 206
443 427
444 206
444 130
444 293
444 480
445 0
445 4
445 289
445 506
445 753
445 952
446 407
446 71
446 334
447 162
447 37
447 111
447 856
447 893
448 14
448 34
448 108
448 634
448 901
448 907
449 182
449 225
449 416
449 515
450 368
450 247
450 157
450 476
451 0
451 334
451 201
451 527
452 122
452 25
452 55
452 682
452 686
452 974
453 107
453 204
453 145
453 544
453 598
453 720
453 883
453 923
454 337
454 109
454 372
454 694
455 91
455 289
455 257
455 554
456 334
456 174
456 142
456 537
456 681
456 850
457 174
457 57
457 42
457 519
457 547
458 16
458 293
458 157
458 508
458 629
458 709
458 878
459 192
459 13
459 25
459 778
460 251
460 211
460 320
460 839
461 38
461 187
461 67
461 470
461 638
461 696
461 801
461 816
462 299
462 10
462 184
462 553
463 352
463 4
463 76
463 517
463 854
463 913
463 979
464 407
464 175
464 122
464 465
464 835
464 963
465 21
465 152
465 464
465 483
466 248
466 170
466 307
466 613
466 879
467 48
467 154
467 403
467 474
468 182
468 31
468 318
468 935
469 87
469 329
469 245
470 110
470 49
470 461
470 617
470 724
470 750
470 941
471 435
471 401
471 3
472 83
472 332
472 127
472 734
472 845
472 884
473 255
473 27
473 235
474 86
474 467
474 106
474 740
475 391
475 94
475 337
475 806
476 450
476 207
476 8
476 520
476 622
477 226
477 414
477 211
477 505
477 586
478 84
478 86
478 206
479 20
479 405
479 47
479 551
479 625
479 719
480 444
480 147
480 429
480 554
480 568
480 589
480 829
480 957
481 173
481 31
481 39
481 679
481 685
482 418
482 158
482 191
482 892
482 984
483 465
483 432
483 127
483 976
484 307
484 26
484 8
484 604
484 908
485 253
485 20
485 262
485 878
485 898
486 12
486 102
486 21
487 23
487 63
487 385
487 603
488 289
488 243
488 215
489 96
489 64
489 383
489 801
490 53
490 54
490 341
490 666
490 946
491 42
491 433
491 295
491 559
491 582
492 44
492 201
492 391
492 554
493 325
493 12
493 228
493 722
493 821
493 831
493 851
494 391
494 196
494 274
494 529
494 532
494 648
494 849
494 986
495 121
495 389
495 78
495 676
495 886
496 299
496 348
496 177
496 994
497 211
497 10
497 73
498 194
498 373
498 240
498 517
498 694
498 823
498 968
499 392
499 95
499 442
499 526
499 921
499 926
500 230
500 317
500 87
500 518
500 778
501 4
501 326
501 112
501 633
501 944
502 345
502 15
502 5
502 702
503 162
503 263
503 160
504 35
504 7
504 388
505 477
505 251
505 0
506 445
506 216
506 316
507 12
507 429
507 173
507 540
508 378
508 458
508 156
508 510
509 86
509 78
509 56
509 651
510 221
510 508
510 298
510 553
511 31
511 236
511 433
511 512
511 516
512 511
512 19
512 100
512 534
513 87
513 400
513 0
513 858
513 918
514 53
514 10
514 434
515 60
515 449
515 134
515 561
515 592
515 762
516 511
516 248
516 157
516 961
517 498
517 91
517 463
517 709
517 740
517 938
518 500
518 22
518 7
518 985
519 4
519 457
519 374
519 585
519 862
520 476
520 78
520 127
521 408
521 78
521 275
522 70
522 149
522 13
522 849
523 46
523 328
523 277
523 588
524 26
524 36
524 290
524 629
524 743
525 397
525 93
525 387
525 535
525 973
526 222
526 0
526 499
526 532
526 552
526 817
526 997
527 164
527 225
527 451
527 649
527 689
528 65
528 170
528 407
529 359
529 293
529 494
529 688
529 965
530 358
530 373
530 343
530 731
531 174
531 259
531 88
531 932
532 377
532 526
532 494
532 681
532 760
532 767
532 868
532 951
533 195
533 106
533 310
533 545
533 777
534 299
534 512
534 134
534 720
535 241
535 525
535 40
535 664
535 854
536 148
536 139
536 106
536 614
536 627
536 813
536 912
537 263
537 456
537 420
538 137
538 53
538 236
538 700
539 129
539 252
539 406
540 394
540 507
540 0
540 647
540 730
540 804
540 869
541 117
541 259
541 189
541 563
541 564
541 576
541 620
541 628
541 787
541 833
542 117
542 343
542 285
543 214
543 22
543 419
543 556
543 586
543 650
543 860
543 903
544 453
544 210
544 419
544 598
544 686
544 869
545 426
545 47
545 533
545 552
545 585
545 617
546 162
546 230
546 333
546 733
547 457
547 6
547 382
547 588
547 769
548 26
548 205
548 0
549 161
549 47
549 164
549 711
550 9
550 89
550 15
550 797
551 46
551 479
551 120
551 736
551 784
552 227
552 545
552 526
552 574
552 607
553 280
553 462
553 510
553 732
553 812
553 822
553 894
554 492
554 455
554 480
554 597
554 631
554 929
555 230
555 45
555 56
556 415
556 149
556 543
557 251
557 26
557 399
557 671
557 956
558 34
558 260
558 382
559 174
559 491
559 14
559 960
560 359
560 43
560 234
560 854
560 871
561 10
561 515
561 291
561 698
561 987
562 29
562 201
562 160
562 952
563 541
563 421
563 363
564 541
564 270
564 31
564 719
565 225
565 267
565 131
566 10
566 232
566 237
566 674
566 925
567 436
567 342
567 243
567 758
568 183
568 394
568 480
569 385
569 43
569 425
569 697
570 244
570 205
570 165
570 762
571 260
571 10
571 25
571 582
571 746
571 917
571 926
572 148
572 388
572 225
572 581
572 623
573 36
573 10
573 144
573 754
574 211
574 552
574 168
574 673
574 746
574 822
575 51
575 388
575 99
575 993
576 541
576 213
576 253
576 596
576 853
576 921
577 70
577 115
577 128
577 607
577 737
578 255
578 95
578 39
579 65
579 142
579 1
579 687
579 866
580 140
580 25
580 288
580 641
581 19
581 138
581 572
581 635
581 972
582 491
582 175
582 571
583 128
583 47
583 46
583 756
584 94
584 384
584 50
584 866
585 519
585 351
585 545
586 543
586 477
586 283
587 281
587 332
587 89
587 647
587 985
588 70
588 547
588 523
588 902
588 938
589 480
589 147
589 67
590 419
590 61
590 33
590 719
590 783
591 240
591 38
591 33
592 515
592 292
592 145
592 604
592 891
592 910
593 182
593 302
593 202
594 36
594 346
594 54
594 619
595 223
595 121
595 278
596 312
596 218
596 576
596 716
596 877
597 408
597 46
597 554
598 453
598 18
598 544
598 804
599 232
599 72
599 369
600 62
600 318
600 235
600 949
601 171
601 204
601 414
601 853
602 442
602 66
602 110
603 143
603 487
603 372
604 484
604 107
604 592
604 673
604 924
605 252
605 280
605 7
606 369
606 276
606 5
606 675
606 741
607 121
607 552
607 577
607 767
608 90
608 298
608 3
608 823
609 305
609 57
609 97
609 789
609 879
610 362
610 83
610 249
610 863
611 15
611 73
611 106
612 89
612 72
612 356
612 788
612 922
613 62
613 140
613 466
613 665
613 792
614 418
614 62
614 536
614 916
615 35
615 82
615 101
615 847
615 989
616 355
616 49
616 30
616 690
617 470
617 545
617 4
617 691
617 742
618 427
618 362
618 46
618 708
619 365
619 594
619 414
620 541
620 36
620 179
621 297
621 146
621 89
622 27
622 476
622 405
622 936
623 20
623 572
623 136
624 142
624 114
624 12
625 419
625 405
625 479
626 419
626 76
626 106
626 948
627 536
627 198
627 39
628 263
628 150
628 541
628 987
629 524
629 339
629 458
630 333
630 432
630 48
631 554
631 26
631 324
632 170
632 301
632 163
632 667
632 842
633 357
633 501
633 73
633 928
634 397
634 448
634 414
635 314
635 101
635 581
635 691
635 945
636 353
636 147
636 70
636 841
636 970
636 984
637 109
637 10
637 35
638 461
638 209
638 183
638 785
638 913
638 942
639 181
639 364
639 363
640 342
640 266
640 422
641 20
641 409
641 580
641 873
642 285
642 87
642 183
643 412
643 164
643 198
643 836
644 55
644 87
644 305
644 699
645 293
645 208
645 101
645 836
646 201
646 14
646 60
646 683
646 912
647 16
647 540
647 587
647 715
647 813
647 848
647 947
648 321
648 278
648 494
649 527
649 405
649 21
649 714
650 439
650 543
650 345
650 802
650 969
651 330
651 20
651 509
651 670
652 129
652 414
652 41
652 748
652 753
652 983
653 188
653 304
653 146
653 982
654 3
654 78
654 12
655 41
655 80
655 75
656 226
656 408
656 185
656 881
657 53
657 401
657 301
657 748
657 830
658 52
658 20
658 405
659 237
659 310
659 118
659 713
659 721
660 150
660 234
660 3
661 21
661 142
661 4
661 775
661 799
662 246
662 305
662 390
662 673
663 370
663 207
663 107
663 689
663 805
664 535
664 269
664 216
665 359
665 613
665 332
666 43
666 15
666 490
666 741
666 793
666 807
667 240
667 632
667 187
667 820
668 196
668 80
668 182
668 811
668 841
669 74
669 419
669 401
669 943
669 988
670 651
670 418
670 175
670 676
671 4
671 306
671 557
671 898
671 972
672 191
672 424
672 428
673 574
673 604
673 662
673 749
674 417
674 566
674 89
675 41
675 173
675 606
675 887
676 670
676 495
676 348
676 868
677 100
677 372
677 204
677 692
678 341
678 359
678 53
679 403
679 195
679 481
680 57
680 214
680 306
681 532
681 456
681 164
681 909
682 287
682 148
682 452
683 248
683 646
683 317
684 312
684 225
684 63
685 5
685 110
685 481
685 751
686 173
686 452
686 544
687 128
687 579
687 14
688 13
688 422
688 529
689 58
689 527
689 663
689 779
690 616
690 352
690 177
691 635
691 352
691 617
691 795
691 971
692 6
692 677
692 426
692 745
692 995
693 73
693 34
693 239
694 498
694 454
694 186
694 765
694 828
695 63
695 369
695 140
695 726
695 807
696 376
696 461
696 180
696 920
697 569
697 153
697 200
698 561
698 318
698 15
698 970
699 2
699 246
699 644
699 861
700 538
700 353
700 214
700 964
701 188
701 277
701 248
701 717
702 502
702 385
702 372
703 320
703 104
703 188
704 2
704 89
704 49
705 38
705 278
705 434
706 18
706 372
706 379
707 402
707 140
707 1
707 820
708 289
708 37
708 618
709 341
709 458
709 517
709 846
709 885
710 47
710 55
710 290
710 889
710 977
711 121
711 366
711 549
711 903
711 986
712 9
712 296
712 82
713 659
713 30
713 225
713 824
713 921
714 649
714 238
714 21
714 783
714 834
715 647
715 82
715 133
716 596
716 161
716 336
716 783
716 979
717 701
717 12
717 56
717 995
718 402
718 365
718 55
718 790
718 915
719 479
719 590
719 564
720 534
720 302
720 453
720 980
721 17
721 37
721 659
722 120
722 45
722 493
722 977
723 192
723 158
723 13
723 852
724 6
724 189
724 470
724 937
724 944
725 232
725 42
725 433
726 117
726 695
726 380
727 224
727 12
727 337
727 750
727 897
728 22
728 113
728 0
729 401
729 63
729 192
730 208
730 426
730 540
730 873
731 337
731 530
731 63
732 435
732 553
732 196
732 781
733 546
733 370
733 29
734 472
734 292
734 274
734 865
735 292
735 105
735 85
736 405
736 332
736 551
736 738
736 900
737 245
737 17
737 577
738 736
738 216
738 99
739 419
739 84
739 0
740 474
740 517
740 20
741 20
741 666
741 606
742 197
742 222
742 617
742 828
742 837
743 194
743 0
743 524
743 937
744 64
744 296
744 243
745 692
745 107
745 5
745 891
746 121
746 574
746 571
746 816
746 977
747 349
747 270
747 386
747 933
748 657
748 16
748 652
749 206
749 7
749 673
749 766
750 727
750 470
750 32
750 849
751 153
751 224
751 685
752 424
752 303
752 47
752 787
752 933
753 395
753 445
753 652
753 847
753 946
754 573
754 82
754 6
755 10
755 140
755 63
756 366
756 583
756 32
757 55
757 49
757 48
757 843
758 567
758 353
758 89
758 769
759 53
759 202
759 327
759 960
760 262
760 49
760 532
761 34
761 124
761 126
761 796
761 897
762 64
762 515
762 570
762 927
763 232
763 276
763 369
764 229
764 391
764 278
764 886
765 694
765 248
765 48
766 749
766 347
766 79
767 607
767 375
767 532
767 928
768 102
768 217
768 341
769 758
769 547
769 128
769 975
770 25
770 41
770 58
771 308
771 372
771 227
771 832
771 931
772 5
772 385
772 204
772 859
772 934
773 104
773 212
773 376
773 819
774 209
774 179
774 419
774 893
775 78
775 48
775 661
776 71
776 190
776 334
776 922
777 37
777 533
777 389
778 388
778 459
778 500
779 689
779 366
779 225
779 969
780 326
780 291
780 208
781 732
781 226
781 102
782 162
782 307
782 38
782 969
782 979
783 716
783 590
783 714
784 551
784 434
784 2
785 409
785 638
785 70
786 20
786 64
786 65
787 56
787 752
787 541
787 944
788 55
788 340
788 612
789 609
789 231
789 10
790 286
790 176
790 718
791 67
791 109
791 216
791 934
792 613
792 128
792 235
793 666
793 241
793 315
793 924
794 77
794 68
794 74
794 840
794 877
795 691
795 10
795 374
795 933
796 207
796 384
796 761
797 29
797 550
797 263
797 840
798 425
798 241
798 365
799 661
799 9
799 355
800 411
800 126
800 68
800 905
801 275
801 489
801 461
802 35
802 278
802 650
802 815
803 14
803 195
803 313
803 949
804 234
804 598
804 540
805 663
805 15
805 35
806 475
806 398
806 263
807 666
807 251
807 695
808 73
808 186
808 420
808 914
809 212
809 257
809 299
809 825
810 39
810 138
810 325
811 238
811 668
811 375
811 923
811 965
812 553
812 319
812 239
813 536
813 647
813 77
814 230
814 414
814 81
815 802
815 22
815 234
815 948
816 461
816 746
816 223
817 526
817 173
817 378
818 81
818 0
818 129
818 864
818 929
819 174
819 136
819 773
819 844
820 667
820 707
820 415
821 340
821 269
821 493
821 838
822 553
822 314
822 574
823 365
823 608
823 498
824 713
824 302
824 377
825 809
825 71
825 278
826 8
826 10
826 14
826 830
827 59
827 7
827 226
828 694
828 742
828 224
828 948
829 294
829 480
829 47
830 657
830 826
830 82
831 289
831 493
831 114
832 241
832 771
832 319
833 268
833 315
833 541
833 883
834 33
834 355
834 714
834 950
835 464
835 304
835 327
836 645
836 643
836 291
837 742
837 379
837 18
838 192
838 821
838 40
839 92
839 263
839 460
840 797
840 794
840 262
841 636
841 668
841 226
842 632
842 46
842 156
842 931
843 0
843 757
843 10
844 819
844 269
844 199
844 974
845 224
845 472
845 183
846 279
846 709
846 127
846 890
846 935
847 753
847 615
847 133
848 126
848 647
848 73
848 866
848 907
849 750
849 522
849 494
849 874
850 456
850 352
850 129
851 493
851 22
851 329
851 899
852 254
852 723
852 288
853 29
853 576
853 601
853 981
854 560
854 463
854 535
854 911
855 27
855 129
855 297
856 297
856 447
856 391
857 284
857 429
857 197
858 513
858 45
858 128
859 772
859 33
859 390
860 543
860 391
860 16
861 257
861 395
861 699
862 6
862 519
862 2
862 911
863 610
863 2
863 400
863 871
863 991
864 818
864 187
864 376
865 133
865 734
865 234
866 579
866 584
866 848
867 372
867 358
867 366
868 676
868 178
868 532
869 296
869 540
869 544
870 428
870 63
870 169
870 909
871 221
871 863
871 560
872 273
872 222
872 216
873 730
873 641
873 72
874 849
874 337
874 190
875 179
875 114
875 3
875 990
876 200
876 55
876 348
877 415
877 596
877 794
878 485
878 332
878 458
879 21
879 609
879 466
880 128
880 397
880 66
881 385
881 656
881 198
882 318
882 7
882 210
883 453
883 833
883 205
884 12
884 241
884 472
885 26
885 709
885 75
886 495
886 764
886 33
887 163
887 675
887 213
888 62
888 26
888 216
889 177
889 27
889 710
890 364
890 186
890 846
891 745
891 592
891 324
892 482
892 269
892 178
893 447
893 774
893 234
894 30
894 121
894 553
895 132
895 27
895 300
896 15
896 309
896 54
897 727
897 761
897 229
898 671
898 485
898 27
899 411
899 851
899 150
899 924
900 83
900 736
900 291
900 966
901 118
901 448
901 109
902 1
902 12
902 588
902 945
903 183
903 711
903 543
904 136
904 55
904 208
905 11
905 800
905 298
906 93
906 355
906 392
907 848
907 22
907 448
908 370
908 484
908 218
909 870
909 276
909 681
909 971
910 396
910 51
910 592
911 862
911 854
911 49
912 5
912 536
912 646
913 175
913 638
913 463
914 808
914 217
914 252
915 307
915 242
915 718
916 614
916 263
916 376
917 571
917 83
917 2
918 60
918 36
918 513
919 42
919 201
919 361
920 192
920 696
920 337
921 713
921 499
921 576
922 776
922 23
922 612
922 932
923 811
923 362
923 453
923 966
924 899
924 604
924 793
925 406
925 566
925 368
926 133
926 499
926 571
926 993
927 762
927 148
927 170
928 633
928 38
928 767
929 554
929 818
929 286
930 382
930 174
930 205
931 52
931 771
931 842
932 922
932 531
932 181
933 795
933 747
933 752
934 772
934 791
934 17
934 973
935 240
935 846
935 468
936 417
936 238
936 622
937 743
937 724
937 28
938 588
938 517
938 181
939 318
939 142
939 39
940 1
940 251
940 419
940 955
941 470
941 72
941 403
942 401
942 638
942 296
943 174
943 70
943 669
943 965
944 501
944 724
944 787
945 902
945 328
945 635
946 490
946 373
946 753
947 647
947 184
947 25
948 815
948 626
948 828
949 803
949 204
949 600
949 967
950 300
950 14
950 834
951 21
951 381
951 532
952 562
952 445
952 95
953 110
953 66
953 339
954 77
954 55
954 9
955 940
955 247
955 105
956 324
956 557
956 419
957 181
957 480
957 312
958 212
958 65
958 87
959 33
959 286
959 63
960 559
960 413
960 759
961 516
961 363
961 17
962 424
962 108
962 157
963 464
963 6
963 102
964 59
964 138
964 700
965 943
965 811
965 529
966 923
966 900
966 286
967 200
967 136
967 949
968 352
968 56
968 498
969 779
969 650
969 782
970 210
970 698
970 636
971 193
971 691
971 909
972 671
972 363
972 581
972 995
973 525
973 292
973 934
974 452
974 244
974 844
975 7
975 18
975 769
976 483
976 392
976 49
977 722
977 710
977 746
977 983
978 141
978 223
978 14
979 716
979 463
979 782
980 720
980 12
980 269
981 853
981 390
981 395
982 131
982 653
982 413
983 652
983 977
983 192
984 636
984 117
984 482
985 587
985 5
985 518
986 711
986 494
986 298
987 628
987 1
987 561
988 669
988 189
988 344
989 412
989 615
989 89
990 294
990 336
990 875
991 70
991 16
991 863
992 8
992 334
992 439
993 575
993 183
993 926
994 496
994 366
994 414
995 692
995 972
995 717
996 132
996 71
996 293
997 279
997 6
997 526
998 36
998 326
998 364
999 373
999 377
999 175
