0 1
0 2
0 3
0 5
0 8
0 10
0 13
1 0
1 2
1 3
1 4
1 10
1 15
2 0
2 1
2 3
2 4
2 5
2 6
2 8
2 17
3 2
3 0
3 1
3 4
3 7
3 12
3 13
3 16
4 1
4 3
4 2
4 5
4 6
4 9
4 11
4 14
4 15
4 19
5 4
5 0
5 2
5 6
5 7
5 11
5 13
5 19
6 5
6 2
6 4
6 7
6 9
6 14
6 17
7 5
7 3
7 6
7 8
7 12
7 16
8 7
8 0
8 2
8 9
8 17
9 6
9 4
9 8
9 10
9 11
9 18
10 1
10 0
10 9
11 5
11 9
11 4
11 12
11 16
11 18
12 11
12 3
12 7
12 14
13 0
13 5
13 3
13 18
14 6
14 4
14 12
14 15
15 4
15 14
15 1
16 7
16 3
16 11
16 19
17 6
17 8
17 2
18 11
18 13
18 9
19 16
19 5
19 4
