0 1
1 0
2 0
2 1
3 2
3 0
3 1
4 3
4 0
4 2
5 1
5 0
5 3
6 0
6 4
6 1
7 0
7 5
7 1
8 7
8 4
8 6
9 1
9 4
9 5
10 1
10 3
10 5
11 10
11 0
11 5
12 0
12 2
12 4
13 12
13 10
13 0
14 2
14 6
14 7
15 11
15 7
15 10
16 7
16 2
16 3
17 16
17 1
17 0
18 13
18 14
18 1
19 14
19 11
19 0
20 10
20 1
20 5
21 0
21 9
21 3
22 4
22 15
22 5
23 14
23 16
23 11
24 0
24 23
24 21
25 0
25 9
25 4
26 14
26 24
26 3
27 8
27 3
27 21
28 22
28 16
28 8
29 7
29 6
29 3
30 13
30 29
30 15
31 0
31 8
31 20
32 0
32 11
32 10
33 3
33 0
33 19
34 0
34 13
34 4
35 4
35 11
35 6
36 14
36 0
36 6
37 4
37 20
37 1
38 11
38 14
38 10
39 16
39 8
39 1
40 7
40 8
40 18
41 33
41 3
41 2
42 35
42 5
42 14
43 14
43 27
43 4
44 11
44 7
44 39
45 21
45 0
45 9
46 20
46 6
46 43
47 34
47 11
47 39
48 8
48 1
48 0
49 1
49 0
49 21
50 0
50 30
50 37
51 3
51 7
51 25
52 29
52 11
52 25
53 1
53 7
53 14
54 34
54 43
54 46
55 7
55 20
55 9
56 27
56 55
56 3
57 48
57 19
57 11
58 52
58 25
58 18
59 33
59 27
59 43
60 37
60 0
60 48
61 43
61 1
61 45
62 7
62 2
62 6
63 1
63 37
63 6
64 20
64 15
64 37
65 51
65 5
65 57
66 0
66 47
66 58
67 29
67 0
67 14
68 7
68 0
68 54
69 5
69 8
69 13
70 10
70 2
70 8
71 62
71 20
71 21
72 1
72 70
72 25
73 10
73 22
73 3
74 59
74 1
74 4
75 18
75 4
75 39
76 55
76 14
76 75
77 20
77 63
77 36
78 21
78 22
78 8
79 37
79 20
79 45
80 5
80 3
80 7
81 38
81 79
81 23
82 6
82 32
82 49
83 3
83 60
83 13
84 53
84 37
84 3
85 58
85 37
85 11
86 43
86 28
86 2
87 8
87 14
87 55
88 28
88 75
88 79
89 58
89 33
89 38
90 37
90 88
90 7
91 7
91 29
91 19
92 10
92 3
92 20
93 43
93 5
93 8
94 14
94 39
94 7
95 7
95 41
95 51
96 2
96 31
96 4
97 54
97 27
97 9
98 8
98 18
98 0
99 8
99 49
99 84
