0 1
0 2
0 3
0 4
0 5
0 6
0 11
0 14
0 15
0 17
1 0
1 2
1 3
1 4
1 8
1 9
1 15
2 1
2 0
2 3
2 6
2 8
2 11
2 12
2 19
3 1
3 2
3 0
3 4
3 5
3 6
3 7
3 9
3 10
3 12
4 3
4 0
4 1
4 5
4 8
4 10
4 14
5 3
5 4
5 0
5 7
5 10
5 15
5 17
6 0
6 3
6 2
6 7
6 9
6 11
6 13
6 18
7 6
7 3
7 5
7 16
7 18
8 1
8 2
8 4
8 13
8 18
8 19
9 1
9 6
9 3
9 12
9 13
9 19
10 3
10 4
10 5
10 14
10 16
10 17
11 6
11 2
11 0
12 3
12 2
12 9
13 8
13 9
13 6
14 10
14 0
14 4
15 5
15 0
15 1
15 16
16 10
16 15
16 7
17 0
17 10
17 5
18 7
18 6
18 8
19 2
19 9
19 8
