0 1
1 0
2 0
2 1
3 1
3 0
3 2
4 0
4 1
4 3
5 1
5 0
5 3
6 2
6 3
6 0
7 5
7 3
7 6
8 0
8 1
8 5
9 0
9 3
9 1
10 1
10 7
10 2
11 2
11 0
11 1
12 0
12 1
12 7
13 7
13 0
13 6
14 0
14 4
14 2
15 0
15 4
15 3
16 0
16 9
16 6
17 10
17 15
17 12
18 9
18 16
18 14
19 1
19 3
19 2
20 2
20 7
20 1
21 2
21 1
21 0
22 18
22 20
22 1
23 13
23 1
23 2
24 2
24 8
24 12
25 23
25 15
25 2
26 1
26 14
26 16
27 26
27 9
27 20
28 3
28 6
28 0
29 2
29 9
29 26
30 28
30 0
30 17
31 3
31 27
31 7
32 13
32 7
32 3
33 0
33 3
33 7
34 9
34 5
34 4
35 32
35 16
35 3
36 28
36 16
36 11
37 7
37 1
37 29
38 9
38 3
38 2
39 14
39 5
39 33
40 2
40 36
40 14
41 29
41 2
41 12
42 36
42 5
42 33
43 5
43 1
43 10
44 25
44 1
44 0
45 3
45 33
45 36
46 31
46 0
46 12
47 0
47 3
47 1
48 21
48 32
48 9
49 1
49 31
49 0
