0 1
1 0
2 1
2 0
3 2
3 1
3 0
4 0
4 1
4 2
5 0
5 4
5 2
6 0
6 1
6 2
7 4
7 1
7 2
8 0
8 1
8 2
9 1
9 7
9 0
10 5
10 2
10 4
11 2
11 1
11 3
12 1
12 7
12 0
13 1
13 2
13 11
14 0
14 7
14 1
15 1
15 2
15 0
16 2
16 6
16 4
17 4
17 13
17 2
18 1
18 7
18 13
19 0
19 11
19 14
20 1
20 0
20 19
21 0
21 1
21 2
22 15
22 4
22 5
23 1
23 11
23 4
24 13
24 1
24 0
25 1
25 2
25 23
26 0
26 17
26 13
27 1
27 13
27 25
28 0
28 8
28 24
29 11
29 2
29 6
30 8
30 10
30 1
31 7
31 8
31 23
32 21
32 1
32 4
33 7
33 8
33 22
34 4
34 1
34 7
35 6
35 24
35 5
36 26
36 9
36 2
37 14
37 5
37 36
38 27
38 11
38 8
39 8
39 2
39 1
40 36
40 24
40 5
41 32
41 8
41 9
42 8
42 13
42 2
43 34
43 41
43 8
44 15
44 21
44 1
45 2
45 26
45 42
46 21
46 23
46 4
47 12
47 43
47 8
48 1
48 46
48 7
49 5
49 1
49 25
50 19
50 40
50 36
51 5
51 4
51 46
52 4
52 0
52 8
53 32
53 2
53 26
54 2
54 1
54 12
55 36
55 2
55 32
56 1
56 7
56 26
57 13
57 24
57 1
58 2
58 1
58 45
59 1
59 12
59 53
60 34
60 50
60 1
61 44
61 24
61 2
62 13
62 2
62 53
63 58
63 43
63 8
64 36
64 5
64 19
65 34
65 32
65 16
66 0
66 5
66 16
67 20
67 0
67 36
68 41
68 22
68 0
69 58
69 29
69 61
70 29
70 13
70 2
71 42
71 13
71 10
72 35
72 22
72 1
73 0
73 41
73 47
74 58
74 27
74 18
75 2
75 20
75 0
76 0
76 14
76 32
77 52
77 22
77 28
78 1
78 3
78 39
79 57
79 16
79 63
80 30
80 1
80 12
81 51
81 18
81 8
82 75
82 29
82 42
83 5
83 13
83 21
84 24
84 75
84 72
85 46
85 1
85 44
86 79
86 33
86 47
87 0
87 6
87 22
88 71
88 1
88 46
89 1
89 22
89 34
90 30
90 26
90 15
91 12
91 4
91 46
92 70
92 63
92 85
93 6
93 72
93 64
94 30
94 25
94 51
95 61
95 27
95 58
96 0
96 61
96 47
97 2
97 4
97 76
98 97
98 4
98 83
99 30
99 16
99 36
