1 0
2 0
2 1
3 1
3 2
3 0
4 0
4 2
4 3
5 1
5 4
5 3
6 2
6 0
6 3
7 1
7 0
7 2
8 2
8 0
8 1
9 4
9 2
9 5
10 1
10 4
10 3
11 2
11 10
11 1
12 9
12 8
12 1
13 2
13 0
13 12
14 12
14 1
14 4
15 2
15 4
15 3
16 8
16 14
16 12
17 0
17 16
17 3
18 4
18 5
18 10
19 8
19 16
19 1
20 0
20 1
20 3
21 6
21 1
21 2
22 3
22 21
22 20
23 2
23 8
23 12
24 8
24 3
24 1
25 2
25 20
25 0
26 17
26 5
26 12
27 6
27 14
27 0
28 24
28 2
28 12
29 14
29 0
29 1
30 12
30 9
30 16
31 9
31 27
31 16
32 8
32 9
32 19
33 3
33 22
33 9
34 0
34 17
34 1
35 12
35 2
35 3
36 5
36 26
36 10
37 10
37 4
37 9
38 2
38 1
38 13
39 38
39 5
39 25
40 2
40 12
40 3
41 5
41 40
41 1
42 3
42 9
42 33
43 36
43 40
43 34
44 4
44 22
44 40
45 0
45 3
45 24
46 20
46 6
46 3
47 35
47 22
47 5
48 14
48 20
48 0
49 32
49 3
49 0
