0 1
0 2
0 3
0 4
0 5
0 6
0 9
0 10
0 14
0 26
0 37
0 62
0 65
0 89
1 0
1 2
1 3
1 4
1 6
1 7
1 12
1 15
1 16
1 20
1 21
1 23
1 40
1 51
1 74
1 78
2 1
2 0
2 3
2 7
2 8
2 16
2 19
2 83
2 87
2 88
3 2
3 0
3 1
3 4
3 5
3 7
3 8
3 14
3 15
3 18
3 19
3 28
3 40
3 52
3 54
3 56
4 1
4 3
4 0
4 5
4 9
4 11
4 14
4 24
4 25
4 30
4 31
4 32
4 34
4 36
4 39
4 47
4 61
4 63
4 68
4 73
4 89
4 93
4 96
5 4
5 0
5 3
5 6
5 12
5 13
5 17
5 22
5 23
5 25
5 43
5 45
5 46
5 54
6 5
6 0
6 1
6 8
6 10
6 13
6 42
6 44
6 50
6 97
7 2
7 3
7 1
7 10
7 22
7 30
7 35
7 55
7 59
7 64
7 68
7 96
8 3
8 6
8 2
8 9
8 19
8 32
8 39
9 0
9 4
9 8
9 11
9 16
9 18
9 31
9 33
9 56
9 65
9 86
9 99
10 7
10 0
10 6
10 11
10 12
10 21
10 24
10 41
10 43
10 44
10 77
10 79
11 4
11 10
11 9
11 13
11 15
11 18
11 20
11 27
11 53
11 62
11 82
12 10
12 5
12 1
12 27
12 31
12 91
13 6
13 5
13 11
13 17
13 22
13 46
13 61
13 81
14 3
14 4
14 0
14 20
14 38
14 43
15 1
15 11
15 3
15 24
15 27
15 30
15 42
15 47
15 59
15 76
16 1
16 2
16 9
16 17
16 23
16 36
16 40
16 48
17 16
17 5
17 13
17 39
18 3
18 9
18 11
18 21
18 45
18 51
18 64
19 3
19 8
19 2
19 63
19 67
19 73
19 76
19 88
20 14
20 1
20 11
20 29
20 33
20 34
20 37
20 41
21 1
21 10
21 18
21 28
21 29
21 36
21 66
22 5
22 13
22 7
22 29
22 72
23 16
23 1
23 5
23 25
23 26
23 28
23 45
23 53
23 77
23 78
23 81
23 87
24 10
24 4
24 15
24 26
25 5
25 4
25 23
25 34
25 37
25 49
25 57
26 24
26 23
26 0
27 15
27 12
27 11
27 48
27 68
27 69
27 83
27 84
27 94
28 3
28 21
28 23
28 41
28 49
28 80
28 85
29 22
29 20
29 21
29 32
29 33
29 42
30 15
30 4
30 7
30 38
30 46
30 86
31 4
31 12
31 9
31 35
31 90
32 29
32 8
32 4
32 38
32 86
33 20
33 9
33 29
33 35
33 50
33 89
34 4
34 25
34 20
35 7
35 33
35 31
35 53
35 55
35 58
35 71
36 4
36 21
36 16
36 48
36 56
36 60
36 85
37 25
37 0
37 20
37 50
37 52
37 80
37 91
38 30
38 32
38 14
38 49
39 8
39 4
39 17
40 3
40 16
40 1
40 51
40 58
40 71
40 73
40 74
40 81
40 94
41 10
41 28
41 20
41 44
41 47
41 54
41 98
42 15
42 29
42 6
43 10
43 14
43 5
43 52
43 61
43 66
44 6
44 10
44 41
45 23
45 5
45 18
45 60
46 5
46 13
46 30
46 55
46 67
46 69
47 15
47 4
47 41
47 57
47 79
48 27
48 36
48 16
48 87
49 38
49 25
49 28
49 70
50 6
50 33
50 37
50 60
51 18
51 1
51 40
52 3
52 37
52 43
52 58
52 64
52 71
53 23
53 11
53 35
53 63
54 41
54 3
54 5
54 72
54 98
55 46
55 35
55 7
55 70
56 3
56 36
56 9
56 57
56 69
57 47
57 25
57 56
57 59
58 40
58 52
58 35
58 75
58 82
59 57
59 7
59 15
60 45
60 50
60 36
60 62
60 65
60 67
60 82
61 43
61 13
61 4
61 66
62 60
62 11
62 0
62 70
62 85
62 94
63 19
63 4
63 53
63 74
63 78
63 79
64 18
64 7
64 52
64 72
64 83
65 60
65 0
65 9
65 80
66 21
66 43
66 61
67 60
67 46
67 19
67 93
68 7
68 4
68 27
68 84
69 27
69 56
69 46
70 49
70 55
70 62
70 77
70 90
71 35
71 40
71 52
71 75
71 92
72 64
72 54
72 22
72 75
73 4
73 19
73 40
73 76
73 88
74 40
74 63
74 1
74 84
74 95
75 72
75 71
75 58
75 90
76 73
76 15
76 19
77 10
77 70
77 23
77 95
78 63
78 23
78 1
79 63
79 47
79 10
79 91
79 95
79 97
80 65
80 28
80 37
80 99
81 23
81 13
81 40
81 92
81 99
82 11
82 58
82 60
83 2
83 64
83 27
84 68
84 74
84 27
84 92
84 98
85 28
85 62
85 36
86 32
86 9
86 30
87 48
87 23
87 2
87 96
88 73
88 2
88 19
89 4
89 0
89 33
90 70
90 31
90 75
91 12
91 79
91 37
92 71
92 84
92 81
92 93
93 92
93 67
93 4
94 27
94 62
94 40
95 77
95 79
95 74
95 97
96 87
96 7
96 4
97 79
97 6
97 95
98 54
98 84
98 41
99 80
99 9
99 81
