0 1
0 2
0 3
0 4
0 5
0 6
0 8
1 0
1 2
1 3
1 4
1 6
1 7
1 11
2 0
2 1
2 3
2 4
2 5
2 8
2 12
3 2
3 1
3 0
3 9
3 10
3 37
3 39
4 0
4 2
4 1
4 5
4 6
4 7
4 8
5 0
5 4
5 2
5 7
5 14
5 18
5 31
6 4
6 0
6 1
6 11
6 16
6 19
6 25
7 1
7 4
7 5
7 9
7 10
7 13
7 17
8 2
8 4
8 0
8 9
8 10
8 12
8 28
9 8
9 3
9 7
9 12
9 15
9 22
9 43
10 8
10 7
10 3
10 11
10 16
10 20
10 22
11 6
11 10
11 1
11 13
11 19
11 21
11 36
12 2
12 8
12 9
12 44
13 2
13 7
13 11
13 15
13 24
13 25
13 26
14 5
14 4
14 0
15 0
15 13
15 9
16 10
16 0
16 6
16 36
16 41
17 7
17 2
17 4
17 18
17 20
17 25
17 30
18 2
18 17
18 5
18 30
19 11
19 6
19 4
19 42
19 48
20 2
20 10
20 17
20 26
20 28
20 41
20 43
21 4
21 1
21 11
21 28
21 31
22 10
22 2
22 9
22 29
23 0
23 4
23 1
23 29
23 45
23 46
24 4
24 13
24 2
24 34
25 13
25 17
25 6
25 26
25 27
25 40
26 20
26 13
26 25
26 32
26 36
27 25
27 10
27 7
27 29
27 32
27 49
28 20
28 21
28 8
29 22
29 27
29 23
29 33
30 17
30 18
30 10
31 6
31 21
31 5
31 35
32 10
32 27
32 26
33 17
33 5
33 29
33 34
33 48
34 24
34 33
34 8
35 31
35 0
35 17
36 16
36 11
36 26
37 3
37 10
37 2
38 1
38 0
38 10
38 42
38 46
39 0
39 3
39 6
40 0
40 25
40 17
41 4
41 16
41 20
42 38
42 19
42 17
42 44
43 20
43 9
43 17
44 12
44 10
44 42
45 2
45 4
45 23
46 38
46 17
46 23
47 8
47 0
47 7
48 33
48 19
48 8
49 5
49 27
49 17
