0 1
1 0
2 1
2 0
3 2
3 1
3 0
4 2
4 0
4 1
5 0
5 1
5 2
6 0
6 3
6 1
7 3
7 2
7 0
8 7
8 0
8 2
9 2
9 6
9 7
10 7
10 0
10 1
11 3
11 10
11 9
12 10
12 1
12 6
13 5
13 10
13 2
14 13
14 5
14 9
15 13
15 10
15 9
16 2
16 1
16 3
17 1
17 0
17 5
18 14
18 9
18 6
19 9
19 1
19 10
20 9
20 7
20 1
21 5
21 0
21 3
22 8
22 21
22 3
23 3
23 8
23 13
24 0
24 16
24 1
25 1
25 6
25 5
26 3
26 2
26 21
27 3
27 21
27 11
28 0
28 1
28 13
29 1
29 2
29 0
30 1
30 2
30 22
31 3
31 30
31 1
32 11
32 14
32 9
33 22
33 9
33 14
34 17
34 12
34 5
35 15
35 7
35 30
36 35
36 13
36 5
37 12
37 35
37 7
38 4
38 7
38 5
39 0
39 13
39 1
40 33
40 30
40 3
41 1
41 3
41 7
42 4
42 0
42 2
43 41
43 2
43 12
44 2
44 20
44 21
45 1
45 3
45 18
46 43
46 8
46 5
47 1
47 0
47 4
48 22
48 3
48 33
49 24
49 9
49 3
50 33
50 9
50 12
51 15
51 22
51 46
52 33
52 14
52 13
53 5
53 2
53 44
54 25
54 13
54 19
55 16
55 21
55 5
56 3
56 12
56 46
57 34
57 12
57 44
58 55
58 5
58 19
59 5
59 3
59 17
60 44
60 14
60 30
61 20
61 9
61 36
62 3
62 31
62 7
63 2
63 0
63 62
64 3
64 0
64 51
65 49
65 7
65 16
66 3
66 45
66 12
67 12
67 18
67 34
68 61
68 11
68 9
69 39
69 65
69 40
70 0
70 14
70 3
71 43
71 45
71 3
72 36
72 53
72 3
73 29
73 18
73 21
74 15
74 51
74 0
75 0
75 7
75 24
76 66
76 56
76 9
77 51
77 18
77 45
78 53
78 8
78 51
79 46
79 40
79 33
80 4
80 33
80 0
81 38
81 0
81 37
82 72
82 66
82 2
83 51
83 27
83 7
84 13
84 51
84 54
85 8
85 12
85 17
86 31
86 0
86 50
87 37
87 12
87 38
88 3
88 82
88 79
89 48
89 5
89 36
90 81
90 48
90 18
91 79
91 85
91 53
92 68
92 8
92 71
93 44
93 15
93 1
94 26
94 2
94 76
95 44
95 9
95 7
96 2
96 38
96 62
97 4
97 33
97 0
98 28
98 16
98 10
99 14
99 36
99 9
100 3
100 1
100 11
101 1
101 63
101 2
102 39
102 79
102 2
103 54
103 15
103 46
104 28
104 2
104 26
105 10
105 84
105 75
106 23
106 80
106 86
107 49
107 64
107 51
108 9
108 3
108 54
109 21
109 20
109 41
110 109
110 17
110 3
111 1
111 59
111 22
112 9
112 0
112 106
113 106
113 0
113 14
114 51
114 90
114 107
115 5
115 15
115 7
116 0
116 9
116 2
117 9
117 14
117 3
118 55
118 66
118 75
119 11
119 96
119 65
120 62
120 54
120 9
121 82
121 9
121 3
122 28
122 10
122 115
123 14
123 33
123 120
124 50
124 13
124 8
125 46
125 14
125 65
126 18
126 54
126 3
127 25
127 22
127 98
128 5
128 89
128 29
129 103
129 1
129 5
130 5
130 73
130 7
131 10
131 3
131 24
132 16
132 14
132 115
133 21
133 103
133 25
134 78
134 5
134 2
135 17
135 38
135 54
136 19
136 62
136 58
137 30
137 28
137 23
138 60
138 38
138 5
139 93
139 14
139 1
140 50
140 55
140 12
141 28
141 13
141 63
142 5
142 92
142 9
143 34
143 53
143 5
144 87
144 64
144 8
145 13
145 5
145 2
146 53
146 120
146 115
147 69
147 5
147 71
148 13
148 11
148 67
149 7
149 39
149 2
150 56
150 134
150 3
151 120
151 93
151 9
152 3
152 44
152 2
153 53
153 46
153 71
154 7
154 12
154 49
155 5
155 62
155 85
156 117
156 18
156 32
157 32
157 125
157 72
158 13
158 127
158 54
159 68
159 71
159 76
160 120
160 1
160 103
161 139
161 104
161 36
162 75
162 139
162 137
163 0
163 18
163 110
164 1
164 120
164 130
165 86
165 10
165 28
166 1
166 7
166 82
167 111
167 43
167 147
168 63
168 41
168 3
169 9
169 0
169 3
170 0
170 12
170 147
171 143
171 168
171 50
172 19
172 66
172 1
173 26
173 9
173 5
174 2
174 26
174 160
175 80
175 2
175 115
176 66
176 77
176 136
177 137
177 2
177 173
178 103
178 9
178 121
179 2
179 0
179 14
180 3
180 5
180 13
181 12
181 47
181 34
182 14
182 139
182 148
183 15
183 3
183 53
184 46
184 53
184 168
185 37
185 3
185 122
186 44
186 41
186 1
187 35
187 45
187 3
188 56
188 0
188 108
189 131
189 105
189 29
190 73
190 33
190 113
191 168
191 78
191 54
192 182
192 145
192 104
193 1
193 34
193 64
194 17
194 5
194 161
195 11
195 41
195 122
196 87
196 67
196 139
197 186
197 9
197 119
198 76
198 178
198 33
199 5
199 3
199 31
200 18
200 155
200 107
201 123
201 108
201 140
202 145
202 52
202 128
203 65
203 14
203 1
204 61
204 145
204 44
205 172
205 15
205 173
206 108
206 9
206 52
207 127
207 41
207 10
208 109
208 185
208 7
209 99
209 67
209 173
210 127
210 1
210 35
211 46
211 10
211 3
212 22
212 14
212 71
213 67
213 18
213 8
214 25
214 10
214 9
215 11
215 3
215 106
216 173
216 159
216 102
217 67
217 33
217 29
218 1
218 113
218 43
219 216
219 1
219 186
220 62
220 52
220 18
221 115
221 3
221 1
222 45
222 115
222 61
223 184
223 218
223 5
224 209
224 170
224 124
225 8
225 140
225 77
226 40
226 46
226 33
227 105
227 17
227 71
228 209
228 169
228 119
229 10
229 53
229 82
230 49
230 145
230 32
231 7
231 186
231 193
232 113
232 49
232 194
233 43
233 37
233 143
234 113
234 211
234 183
235 97
235 121
235 14
236 8
236 92
236 5
237 206
237 151
237 142
238 10
238 115
238 12
239 100
239 63
239 36
240 82
240 150
240 69
241 15
241 208
241 55
242 75
242 57
242 191
243 73
243 177
243 4
244 0
244 15
244 41
245 111
245 50
245 185
246 16
246 239
246 209
247 39
247 34
247 51
248 2
248 26
248 39
249 43
249 182
249 18
250 116
250 40
250 12
251 16
251 150
251 45
252 240
252 105
252 84
253 12
253 71
253 16
254 3
254 243
254 252
255 9
255 5
255 17
256 5
256 160
256 6
257 246
257 143
257 53
258 251
258 5
258 71
259 113
259 3
259 125
260 86
260 3
260 37
261 104
261 183
261 14
262 13
262 124
262 230
263 156
263 43
263 182
264 14
264 45
264 9
265 174
265 171
265 46
266 19
266 71
266 170
267 183
267 264
267 143
268 24
268 169
268 134
269 1
269 41
269 67
270 99
270 41
270 184
271 124
271 120
271 154
272 21
272 235
272 86
273 115
273 8
273 99
274 7
274 49
274 208
275 215
275 238
275 53
276 244
276 95
276 274
277 5
277 101
277 64
278 276
278 41
278 163
279 179
279 267
279 24
280 201
280 18
280 243
281 97
281 65
281 84
282 254
282 1
282 18
283 9
283 15
283 95
284 110
284 57
284 182
285 6
285 9
285 12
286 126
286 13
286 9
287 30
287 173
287 129
288 28
288 143
288 266
289 170
289 236
289 21
290 95
290 50
290 3
291 64
291 249
291 25
292 71
292 6
292 22
293 92
293 182
293 87
294 25
294 18
294 10
295 12
295 47
295 150
296 56
296 245
296 293
297 289
297 55
297 15
298 11
298 0
298 241
299 39
299 5
299 27
300 70
300 79
300 31
301 118
301 46
301 136
302 179
302 137
302 114
303 289
303 155
303 9
304 91
304 46
304 100
305 117
305 114
305 9
306 41
306 138
306 222
307 192
307 106
307 136
308 220
308 171
308 2
309 2
309 146
309 162
310 79
310 37
310 150
311 194
311 157
311 55
312 20
312 57
312 71
313 126
313 155
313 307
314 19
314 6
314 10
315 64
315 27
315 265
316 241
316 118
316 186
317 247
317 0
317 2
318 71
318 83
318 214
319 44
319 70
319 160
320 38
320 135
320 95
321 48
321 1
321 9
322 128
322 2
322 173
323 120
323 136
323 79
324 92
324 93
324 61
325 46
325 18
325 314
326 64
326 9
326 160
327 314
327 42
327 254
328 268
328 71
328 288
329 3
329 67
329 32
330 18
330 117
330 307
331 229
331 136
331 9
332 30
332 25
332 1
333 204
333 63
333 31
334 5
334 189
334 27
335 229
335 8
335 266
336 54
336 5
336 239
337 102
337 9
337 280
338 106
338 73
338 202
339 190
339 263
339 244
340 115
340 202
340 221
341 14
341 9
341 256
342 107
342 242
342 6
343 13
343 3
343 15
344 91
344 16
344 307
345 103
345 114
345 227
346 71
346 325
346 0
347 122
347 297
347 119
348 143
348 306
348 46
349 166
349 1
349 327
350 65
350 15
350 326
351 263
351 195
351 174
352 287
352 197
352 285
353 259
353 221
353 69
354 78
354 33
354 5
355 163
355 103
355 9
356 245
356 14
356 108
357 181
357 129
357 2
358 2
358 5
358 41
359 39
359 2
359 109
360 15
360 170
360 329
361 208
361 169
361 85
362 339
362 29
362 81
363 0
363 96
363 319
364 67
364 336
364 1
365 5
365 194
365 45
366 86
366 2
366 266
367 3
367 103
367 184
368 138
368 194
368 206
369 62
369 104
369 284
370 194
370 290
370 223
371 107
371 45
371 69
372 6
372 170
372 87
373 345
373 54
373 339
374 221
374 119
374 358
375 79
375 50
375 28
376 3
376 60
376 75
377 13
377 162
377 333
378 262
378 1
378 50
379 33
379 233
379 169
380 78
380 2
380 14
381 13
381 7
381 2
382 76
382 13
382 5
383 5
383 16
383 146
384 376
384 1
384 140
385 290
385 2
385 46
386 54
386 323
386 87
387 9
387 17
387 146
388 280
388 19
388 256
389 3
389 120
389 136
390 166
390 41
390 335
391 9
391 56
391 146
392 385
392 149
392 148
393 8
393 37
393 2
394 139
394 176
394 260
395 131
395 325
395 7
396 261
396 144
396 2
397 254
397 66
397 256
398 98
398 124
398 332
399 11
399 267
399 327
400 189
400 158
400 244
401 9
401 372
401 289
402 15
402 41
402 306
403 377
403 15
403 39
404 10
404 308
404 14
405 371
405 386
405 356
406 143
406 288
406 267
407 398
407 210
407 76
408 178
408 377
408 2
409 172
409 166
409 153
410 48
410 15
410 34
411 91
411 254
411 150
412 279
412 46
412 258
413 396
413 5
413 54
414 2
414 311
414 290
415 5
415 1
415 30
416 253
416 21
416 115
417 127
417 71
417 45
418 75
418 97
418 123
419 60
419 412
419 142
420 57
420 41
420 29
421 336
421 1
421 19
422 231
422 80
422 274
423 140
423 28
423 309
424 111
424 132
424 9
425 113
425 259
425 201
426 63
426 99
426 4
427 5
427 132
427 71
428 5
428 33
428 35
429 280
429 18
429 248
430 9
430 3
430 10
431 386
431 203
431 137
432 323
432 53
432 369
433 49
433 13
433 66
434 1
434 20
434 56
435 323
435 146
435 160
436 130
436 14
436 69
437 9
437 277
437 398
438 266
438 42
438 120
439 122
439 124
439 19
440 78
440 422
440 91
441 120
441 288
441 10
442 335
442 46
442 78
443 39
443 208
443 425
444 139
444 3
444 115
445 271
445 17
445 223
446 99
446 63
446 6
447 7
447 50
447 53
448 17
448 13
448 93
449 39
449 111
449 442
450 40
450 104
450 38
451 124
451 404
451 299
452 206
452 307
452 168
453 202
453 134
453 349
454 413
454 58
454 34
455 430
455 17
455 38
456 24
456 334
456 65
457 280
457 0
457 107
458 139
458 20
458 32
459 141
459 79
459 375
460 25
460 34
460 174
461 387
461 9
461 166
462 448
462 79
462 194
463 180
463 323
463 259
464 37
464 9
464 275
465 164
465 5
465 397
466 258
466 5
466 13
467 411
467 71
467 32
468 71
468 254
468 54
469 161
469 1
469 305
470 440
470 8
470 63
471 21
471 242
471 57
472 87
472 290
472 340
473 392
473 469
473 352
474 41
474 242
474 0
475 162
475 16
475 292
476 62
476 6
476 307
477 360
477 462
477 435
478 44
478 1
478 119
479 111
479 6
479 39
480 38
480 448
480 405
481 113
481 100
481 331
482 65
482 2
482 5
483 50
483 54
483 69
484 405
484 35
484 103
485 267
485 3
485 13
486 121
486 447
486 424
487 271
487 61
487 336
488 37
488 5
488 369
489 108
489 206
489 48
490 14
490 176
490 9
491 252
491 40
491 54
492 5
492 71
492 104
493 1
493 458
493 9
494 43
494 96
494 27
495 19
495 15
495 30
496 356
496 36
496 137
497 234
497 71
497 405
498 364
498 1
498 21
499 116
499 69
499 61
