0 1
1 0
2 1
2 0
3 0
3 1
3 2
4 2
4 1
4 0
5 0
5 3
5 4
6 1
6 3
6 0
7 4
7 2
7 5
8 2
8 5
8 1
9 1
9 0
9 4
10 2
10 0
10 1
11 0
11 3
11 2
12 0
12 3
12 2
13 4
13 11
13 3
14 0
14 10
14 11
15 4
15 11
15 3
16 12
16 14
16 3
17 3
17 2
17 10
18 3
18 0
18 12
19 12
19 4
19 17
20 19
20 7
20 2
21 10
21 8
21 18
22 3
22 0
22 1
23 12
23 21
23 15
24 0
24 1
24 4
25 11
25 19
25 8
26 21
26 13
26 9
27 3
27 0
27 9
28 10
28 15
28 7
29 21
29 15
29 7
30 11
30 24
30 1
31 4
31 8
31 23
32 16
32 3
32 31
33 16
33 2
33 30
34 28
34 16
34 11
35 16
35 4
35 2
36 28
36 16
36 12
37 0
37 2
37 21
38 30
38 8
38 0
39 4
39 1
39 2
40 18
40 39
40 29
41 18
41 37
41 0
42 19
42 27
42 4
43 26
43 21
43 0
44 11
44 7
44 4
45 4
45 13
45 10
46 18
46 16
46 40
47 24
47 1
47 34
48 34
48 3
48 2
49 45
49 7
49 2
50 7
50 30
50 19
51 16
51 12
51 21
52 25
52 20
52 2
53 13
53 7
53 34
54 1
54 9
54 49
55 2
55 13
55 20
56 32
56 44
56 54
57 5
57 21
57 16
58 15
58 0
58 3
59 54
59 3
59 5
60 20
60 30
60 1
61 12
61 27
61 3
62 12
62 6
62 3
63 37
63 2
63 22
64 47
64 0
64 1
65 10
65 1
65 52
66 2
66 38
66 12
67 32
67 58
67 5
68 2
68 25
68 21
69 14
69 10
69 16
70 2
70 60
70 68
71 54
71 49
71 41
72 15
72 4
72 0
73 3
73 19
73 2
74 2
74 8
74 36
75 66
75 34
75 0
76 8
76 62
76 33
77 72
77 62
77 3
78 6
78 12
78 3
79 5
79 24
79 3
80 3
80 53
80 4
81 18
81 15
81 3
82 44
82 13
82 63
83 30
83 0
83 25
84 54
84 40
84 3
85 24
85 22
85 59
86 85
86 18
86 1
87 18
87 33
87 3
88 8
88 46
88 38
89 12
89 31
89 61
90 37
90 3
90 38
91 1
91 16
91 11
92 17
92 0
92 1
93 8
93 56
93 61
94 13
94 1
94 32
95 5
95 40
95 74
96 66
96 62
96 2
97 15
97 10
97 45
98 16
98 52
98 18
99 5
99 77
99 8
100 5
100 41
100 13
101 25
101 68
101 2
102 101
102 58
102 12
103 69
103 83
103 60
104 16
104 32
104 5
105 31
105 34
105 103
106 41
106 69
106 24
107 23
107 54
107 40
108 17
108 20
108 24
109 40
109 73
109 61
110 60
110 18
110 53
111 24
111 17
111 3
112 18
112 4
112 66
113 73
113 32
113 0
114 98
114 62
114 4
115 62
115 1
115 54
116 85
116 60
116 30
117 21
117 11
117 2
118 60
118 23
118 54
119 103
119 100
119 104
120 1
120 49
120 59
121 41
121 34
121 53
122 3
122 18
122 27
123 1
123 34
123 25
124 10
124 40
124 3
125 91
125 93
125 56
126 4
126 21
126 86
127 91
127 26
127 17
128 97
128 56
128 111
129 3
129 127
129 51
130 12
130 89
130 74
131 27
131 3
131 11
132 1
132 123
132 69
133 8
133 34
133 81
134 4
134 2
134 0
135 46
135 25
135 69
136 5
136 126
136 106
137 1
137 16
137 21
138 0
138 4
138 87
139 91
139 11
139 107
140 1
140 24
140 13
141 92
141 64
141 23
142 72
142 112
142 110
143 24
143 27
143 61
144 2
144 143
144 21
145 50
145 67
145 0
146 19
146 1
146 119
147 24
147 110
147 70
148 81
148 60
148 3
149 50
149 18
149 31
150 53
150 73
150 0
151 114
151 121
151 103
152 97
152 2
152 34
153 125
153 117
153 81
154 76
154 56
154 123
155 35
155 11
155 38
156 100
156 39
156 67
157 18
157 152
157 117
158 53
158 85
158 147
159 14
159 3
159 11
160 59
160 22
160 3
161 1
161 137
161 112
162 1
162 0
162 52
163 88
163 33
163 27
164 15
164 136
164 38
165 110
165 6
165 2
166 148
166 1
166 27
167 11
167 155
167 163
168 11
168 9
168 53
169 56
169 21
169 18
170 0
170 60
170 53
171 25
171 21
171 4
172 2
172 31
172 94
173 85
173 20
173 5
174 93
174 10
174 15
175 14
175 30
175 154
176 92
176 112
176 84
177 112
177 132
177 75
178 126
178 60
178 3
179 32
179 58
179 8
180 1
180 130
180 33
181 47
181 177
181 18
182 10
182 24
182 0
183 130
183 177
183 25
184 73
184 2
184 147
185 27
185 72
185 184
186 125
186 155
186 7
187 1
187 144
187 10
188 54
188 132
188 150
189 3
189 23
189 127
190 19
190 40
190 121
191 15
191 135
191 83
192 117
192 98
192 144
193 126
193 5
193 168
194 124
194 2
194 11
195 98
195 6
195 38
196 21
196 2
196 32
197 127
197 15
197 73
198 81
198 28
198 27
199 4
199 125
199 18
200 175
200 168
200 74
201 109
201 1
201 43
202 117
202 40
202 104
203 187
203 96
203 175
204 9
204 4
204 114
205 147
205 202
205 9
206 70
206 1
206 5
207 3
207 200
207 16
208 56
208 21
208 0
209 202
209 37
209 138
210 0
210 13
210 139
211 31
211 35
211 178
212 4
212 0
212 30
213 198
213 5
213 1
214 193
214 23
214 109
215 126
215 70
215 18
216 25
216 36
216 174
217 18
217 11
217 0
218 2
218 205
218 15
219 99
219 117
219 103
220 202
220 94
220 27
221 122
221 5
221 1
222 14
222 3
222 0
223 2
223 206
223 72
224 38
224 8
224 11
225 2
225 8
225 99
226 51
226 24
226 37
227 84
227 142
227 138
228 2
228 156
228 222
229 177
229 85
229 11
230 121
230 31
230 16
231 218
231 70
231 0
232 60
232 202
232 34
233 5
233 193
233 52
234 2
234 107
234 212
235 169
235 51
235 5
236 116
236 25
236 3
237 11
237 56
237 25
238 39
238 196
238 25
239 5
239 223
239 1
240 11
240 3
240 107
241 137
241 0
241 144
242 15
242 147
242 81
243 2
243 0
243 118
244 189
244 98
244 17
245 4
245 146
245 16
246 10
246 131
246 199
247 89
247 155
247 81
248 26
248 24
248 85
249 213
249 18
249 225
250 168
250 133
250 4
251 56
251 24
251 198
252 134
252 18
252 2
253 8
253 96
253 2
254 172
254 145
254 40
255 39
255 1
255 200
256 42
256 0
256 4
257 58
257 125
257 244
258 2
258 31
258 151
259 11
259 137
259 51
260 15
260 8
260 3
261 58
261 10
261 4
262 168
262 91
262 4
263 152
263 66
263 105
264 30
264 60
264 142
265 0
265 173
265 252
266 6
266 151
266 25
267 4
267 25
267 58
268 30
268 38
268 64
269 152
269 145
269 25
270 0
270 2
270 53
271 3
271 4
271 77
272 30
272 11
272 256
273 195
273 152
273 17
274 20
274 127
274 18
275 27
275 60
275 130
276 89
276 229
276 12
277 256
277 88
277 1
278 12
278 1
278 200
279 220
279 81
279 151
280 62
280 111
280 245
281 206
281 24
281 13
282 185
282 231
282 195
283 85
283 231
283 7
284 20
284 1
284 38
285 72
285 114
285 34
286 119
286 244
286 282
287 38
287 103
287 285
288 109
288 8
288 169
289 1
289 9
289 40
290 15
290 34
290 2
291 165
291 33
291 27
292 1
292 58
292 2
293 13
293 198
293 171
294 30
294 32
294 38
295 25
295 175
295 18
296 2
296 38
296 0
297 168
297 1
297 109
298 263
298 2
298 178
299 268
299 11
299 2
300 21
300 76
300 74
301 277
301 122
301 0
302 138
302 7
302 288
303 277
303 28
303 59
304 3
304 264
304 11
305 63
305 7
305 205
306 87
306 35
306 32
307 193
307 5
307 25
308 3
308 2
308 113
309 7
309 33
309 277
310 159
310 263
310 192
311 202
311 175
311 1
312 160
312 17
312 32
313 122
313 286
313 306
314 40
314 4
314 1
315 272
315 152
315 103
316 312
316 56
316 82
317 224
317 175
317 232
318 173
318 89
318 15
319 300
319 83
319 226
320 33
320 71
320 2
321 21
321 295
321 2
322 96
322 198
322 99
323 67
323 7
323 12
324 242
324 198
324 2
325 217
325 12
325 306
326 313
326 13
326 215
327 268
327 222
327 7
328 161
328 319
328 18
329 78
329 271
329 265
330 122
330 270
330 1
331 27
331 2
331 15
332 299
332 168
332 12
333 2
333 44
333 206
334 104
334 23
334 256
335 37
335 27
335 19
336 40
336 5
336 18
337 160
337 115
337 20
338 19
338 92
338 295
339 2
339 163
339 79
340 195
340 2
340 76
341 31
341 270
341 285
342 337
342 56
342 198
343 304
343 27
343 18
344 18
344 268
344 5
345 35
345 41
345 286
346 183
346 12
346 142
347 35
347 123
347 218
348 259
348 74
348 126
349 140
349 8
349 16
350 54
350 28
350 147
351 4
351 300
351 265
352 314
352 64
352 2
353 0
353 11
353 85
354 311
354 262
354 320
355 4
355 174
355 256
356 110
356 60
356 16
357 111
357 21
357 298
358 43
358 306
358 2
359 227
359 4
359 17
360 87
360 339
360 1
361 168
361 277
361 308
362 4
362 21
362 34
363 31
363 320
363 12
364 21
364 281
364 113
365 37
365 173
365 71
366 3
366 251
366 0
367 152
367 361
367 132
368 1
368 13
368 133
369 6
369 129
369 198
370 125
370 0
370 60
371 105
371 81
371 59
372 144
372 177
372 148
373 21
373 2
373 27
374 21
374 306
374 1
375 96
375 94
375 173
376 213
376 277
376 20
377 11
377 58
377 219
378 1
378 21
378 84
379 343
379 2
379 0
380 285
380 100
380 0
381 370
381 25
381 147
382 111
382 14
382 12
383 206
383 177
383 17
384 145
384 0
384 16
385 243
385 4
385 127
386 232
386 67
386 164
387 294
387 20
387 21
388 304
388 37
388 114
389 1
389 147
389 232
390 287
390 27
390 35
391 271
391 86
391 346
392 84
392 21
392 205
393 176
393 11
393 119
394 10
394 9
394 82
395 373
395 15
395 44
396 237
396 4
396 22
397 306
397 200
397 49
398 12
398 127
398 24
399 27
399 110
399 201
400 3
400 133
400 224
401 241
401 128
401 3
402 27
402 277
402 383
403 266
403 8
403 51
404 59
404 54
404 381
405 266
405 2
405 180
406 147
406 31
406 3
407 145
407 108
407 1
408 380
408 174
408 281
409 23
409 300
409 104
410 0
410 85
410 60
411 200
411 14
411 28
412 212
412 117
412 36
413 7
413 344
413 278
414 16
414 68
414 361
415 54
415 345
415 12
416 76
416 15
416 57
417 347
417 402
417 188
418 2
418 224
418 5
419 218
419 110
419 7
420 61
420 14
420 367
421 3
421 403
421 29
422 54
422 177
422 217
423 223
423 134
423 31
424 196
424 386
424 362
425 235
425 364
425 315
426 177
426 296
426 180
427 231
427 281
427 44
428 229
428 13
428 4
429 393
429 90
429 360
430 314
430 413
430 206
431 194
431 73
431 38
432 251
432 343
432 4
433 208
433 56
433 1
434 288
434 3
434 217
435 4
435 110
435 77
436 3
436 67
436 4
437 289
437 12
437 346
438 112
438 1
438 61
439 392
439 56
439 429
440 256
440 101
440 103
441 233
441 343
441 261
442 1
442 8
442 2
443 10
443 363
443 247
444 91
444 109
444 147
445 217
445 0
445 43
446 121
446 302
446 89
447 32
447 117
447 209
448 9
448 231
448 209
449 0
449 103
449 168
450 73
450 45
450 87
451 76
451 3
451 146
452 348
452 438
452 10
453 377
453 310
453 6
454 21
454 1
454 99
455 175
455 404
455 341
456 38
456 392
456 87
457 2
457 200
457 349
458 71
458 295
458 7
459 12
459 21
459 2
460 334
460 1
460 87
461 63
461 2
461 363
462 11
462 180
462 383
463 395
463 68
463 106
464 150
464 41
464 397
465 146
465 4
465 308
466 86
466 222
466 1
467 2
467 3
467 58
468 44
468 59
468 81
469 41
469 183
469 87
470 32
470 105
470 35
471 295
471 23
471 172
472 51
472 373
472 358
473 60
473 72
473 448
474 290
474 60
474 209
475 299
475 3
475 224
476 34
476 129
476 217
477 114
477 117
477 174
478 85
478 20
478 265
479 202
479 14
479 425
480 452
480 10
480 282
481 293
481 328
481 194
482 422
482 113
482 440
483 100
483 383
483 200
484 165
484 2
484 14
485 15
485 119
485 147
486 267
486 126
486 170
487 372
487 402
487 4
488 135
488 13
488 20
489 298
489 0
489 10
490 265
490 222
490 12
491 11
491 13
491 198
492 148
492 112
492 363
493 206
493 277
493 6
494 12
494 7
494 146
495 18
495 82
495 363
496 56
496 251
496 34
497 16
497 451
497 212
498 2
498 173
498 10
499 16
499 377
499 7
500 55
500 4
500 337
501 22
501 13
501 275
502 130
502 2
502 125
503 97
503 0
503 131
504 322
504 318
504 13
505 170
505 185
505 97
506 280
506 17
506 146
507 92
507 440
507 82
508 404
508 8
508 88
509 277
509 265
509 324
510 281
510 265
510 19
511 413
511 27
511 147
512 99
512 275
512 89
513 190
513 168
513 285
514 48
514 397
514 376
515 187
515 28
515 160
516 11
516 483
516 175
517 21
517 40
517 19
518 366
518 125
518 33
519 21
519 495
519 125
520 184
520 502
520 4
521 195
521 312
521 45
522 12
522 24
522 2
523 198
523 369
523 38
524 100
524 68
524 426
525 347
525 26
525 285
526 8
526 250
526 21
527 33
527 146
527 16
528 11
528 468
528 208
529 0
529 2
529 198
530 294
530 201
530 87
531 334
531 271
531 16
532 33
532 326
532 114
533 4
533 137
533 275
534 234
534 165
534 9
535 91
535 21
535 1
536 121
536 19
536 125
537 114
537 27
537 120
538 206
538 15
538 415
539 7
539 51
539 212
540 98
540 0
540 104
541 23
541 38
541 74
542 7
542 2
542 346
543 33
543 194
543 37
544 372
544 284
544 206
545 0
545 26
545 8
546 483
546 491
546 61
547 30
547 274
547 100
548 53
548 5
548 109
549 33
549 60
549 7
550 472
550 481
550 346
551 151
551 71
551 349
552 261
552 412
552 268
553 152
553 212
553 89
554 355
554 348
554 32
555 374
555 413
555 2
556 374
556 208
556 177
557 3
557 21
557 247
558 3
558 244
558 310
559 542
559 394
559 555
560 4
560 460
560 129
561 363
561 33
561 152
562 363
562 22
562 175
563 64
563 51
563 113
564 457
564 100
564 455
565 147
565 31
565 140
566 384
566 68
566 500
567 60
567 3
567 33
568 223
568 206
568 491
569 27
569 53
569 156
570 344
570 288
570 72
571 4
571 258
571 269
572 544
572 89
572 2
573 34
573 104
573 169
574 49
574 91
574 313
575 270
575 121
575 144
576 537
576 156
576 89
577 493
577 206
577 231
578 8
578 490
578 33
579 491
579 223
579 155
580 118
580 225
580 459
581 545
581 246
581 114
582 78
582 121
582 198
583 449
583 345
583 243
584 103
584 440
584 152
585 315
585 397
585 110
586 499
586 274
586 62
587 527
587 152
587 35
588 2
588 379
588 30
589 580
589 245
589 101
590 500
590 298
590 214
591 161
591 152
591 18
592 566
592 483
592 202
593 32
593 364
593 513
594 4
594 357
594 12
595 11
595 343
595 221
596 177
596 0
596 461
597 124
597 476
597 11
598 192
598 337
598 10
599 490
599 100
599 12
600 0
600 53
600 101
601 3
601 116
601 369
602 18
602 194
602 1
603 573
603 79
603 462
604 565
604 422
604 245
605 20
605 201
605 11
606 437
606 16
606 80
607 15
607 7
607 175
608 341
608 117
608 177
609 7
609 30
609 52
610 560
610 295
610 182
611 260
611 377
611 288
612 128
612 12
612 366
613 32
613 56
613 590
614 60
614 364
614 549
615 45
615 107
615 202
616 14
616 56
616 329
617 544
617 119
617 4
618 41
618 10
618 402
619 202
619 33
619 99
620 196
620 18
620 198
621 31
621 56
621 473
622 318
622 291
622 560
623 2
623 76
623 324
624 213
624 425
624 145
625 602
625 460
625 386
626 161
626 271
626 3
627 41
627 321
627 0
628 302
628 18
628 217
629 139
629 79
629 202
630 306
630 363
630 11
631 295
631 161
631 423
632 30
632 198
632 6
633 18
633 6
633 8
634 377
634 223
634 56
635 222
635 38
635 379
636 15
636 19
636 402
637 301
637 509
637 85
638 81
638 23
638 4
639 200
639 2
639 283
640 172
640 542
640 117
641 79
641 262
641 1
642 440
642 222
642 19
643 255
643 356
643 23
644 112
644 484
644 483
645 184
645 241
645 132
646 318
646 17
646 28
647 28
647 145
647 414
648 29
648 286
648 644
649 394
649 140
649 16
650 114
650 626
650 563
651 4
651 468
651 298
652 109
652 306
652 1
653 438
653 116
653 137
654 614
654 343
654 15
655 0
655 1
655 614
656 386
656 56
656 168
657 392
657 3
657 2
658 317
658 647
658 25
659 159
659 291
659 306
660 295
660 494
660 56
661 131
661 526
661 3
662 412
662 23
662 343
663 53
663 16
663 410
664 18
664 571
664 15
665 393
665 656
665 626
666 169
666 219
666 2
667 659
667 11
667 5
668 204
668 79
668 413
669 518
669 488
669 114
670 109
670 513
670 527
671 177
671 52
671 155
672 645
672 12
672 378
673 72
673 98
673 10
674 570
674 0
674 500
675 77
675 122
675 100
676 155
676 288
676 3
677 89
677 72
677 185
678 8
678 583
678 4
679 53
679 469
679 41
680 429
680 110
680 607
681 48
681 457
681 471
682 140
682 191
682 397
683 30
683 2
683 468
684 310
684 198
684 15
685 310
685 450
685 346
686 417
686 282
686 201
687 42
687 11
687 425
688 1
688 13
688 524
689 224
689 184
689 53
690 40
690 166
690 322
691 199
691 31
691 24
692 64
692 614
692 127
693 147
693 16
693 201
694 198
694 206
694 17
695 49
695 83
695 12
696 2
696 29
696 31
697 17
697 77
697 403
698 4
698 28
698 493
699 18
699 68
699 265
700 271
700 409
700 602
701 4
701 666
701 7
702 45
702 8
702 553
703 17
703 439
703 363
704 333
704 132
704 163
705 31
705 2
705 670
706 1
706 156
706 357
707 173
707 202
707 0
708 3
708 1
708 693
709 122
709 194
709 59
710 175
710 113
710 33
711 0
711 163
711 73
712 415
712 261
712 204
713 173
713 93
713 223
714 4
714 476
714 47
715 3
715 223
715 168
716 532
716 707
716 621
717 244
717 107
717 324
718 0
718 505
718 31
719 398
719 334
719 292
720 110
720 668
720 295
721 561
721 576
721 94
722 166
722 1
722 61
723 2
723 421
723 145
724 353
724 1
724 4
725 261
725 84
725 61
726 126
726 524
726 215
727 204
727 697
727 11
728 218
728 56
728 25
729 592
729 97
729 41
730 94
730 447
730 440
731 490
731 688
731 682
732 1
732 318
732 135
733 715
733 89
733 11
734 1
734 177
734 104
735 2
735 291
735 0
736 334
736 8
736 266
737 300
737 4
737 366
738 83
738 477
738 551
739 168
739 43
739 31
740 18
740 7
740 264
741 31
741 81
741 410
742 162
742 101
742 4
743 454
743 668
743 298
744 137
744 122
744 30
745 40
745 259
745 51
746 50
746 26
746 40
747 1
747 371
747 431
748 615
748 7
748 405
749 604
749 74
749 237
750 115
750 126
750 402
751 129
751 364
751 163
752 380
752 188
752 121
753 718
753 121
753 168
754 204
754 289
754 265
755 0
755 156
755 202
756 568
756 60
756 537
757 160
757 432
757 88
758 26
758 587
758 366
759 440
759 249
759 757
760 126
760 94
760 599
761 31
761 3
761 468
762 18
762 731
762 1
763 231
763 53
763 18
764 704
764 2
764 75
765 192
765 558
765 228
766 5
766 35
766 104
767 57
767 339
767 329
768 318
768 2
768 578
769 332
769 85
769 31
770 36
770 11
770 426
771 332
771 2
771 738
772 261
772 186
772 68
773 436
773 12
773 288
774 527
774 616
774 650
775 119
775 363
775 192
776 609
776 19
776 458
777 240
777 2
777 19
778 1
778 221
778 7
779 228
779 615
779 18
780 595
780 196
780 152
781 2
781 330
781 573
782 626
782 295
782 479
783 3
783 689
783 521
784 25
784 11
784 285
785 606
785 147
785 691
786 92
786 302
786 732
787 282
787 175
787 56
788 491
788 238
788 720
789 43
789 72
789 27
790 566
790 347
790 25
791 19
791 2
791 194
792 266
792 460
792 19
793 330
793 25
793 176
794 12
794 692
794 768
795 4
795 489
795 378
796 168
796 17
796 725
797 452
797 368
797 127
798 2
798 492
798 610
799 532
799 60
799 274
800 12
800 370
800 1
801 114
801 675
801 187
802 289
802 693
802 65
803 442
803 103
803 4
804 265
804 318
804 30
805 120
805 5
805 12
806 743
806 446
806 2
807 568
807 27
807 443
808 190
808 18
808 125
809 87
809 540
809 131
810 16
810 111
810 650
811 126
811 551
811 143
812 0
812 244
812 557
813 237
813 25
813 526
814 379
814 537
814 268
815 694
815 779
815 209
816 731
816 85
816 69
817 2
817 178
817 224
818 696
818 24
818 744
819 51
819 90
819 18
820 481
820 180
820 118
821 255
821 307
821 266
822 237
822 205
822 111
823 440
823 814
823 691
824 472
824 303
824 136
825 202
825 412
825 527
826 15
826 819
826 12
827 651
827 61
827 214
828 250
828 353
828 432
829 725
829 561
829 28
830 466
830 326
830 363
831 243
831 458
831 3
832 528
832 10
832 5
833 327
833 198
833 177
834 528
834 808
834 225
835 8
835 40
835 54
836 112
836 231
836 91
837 109
837 0
837 132
838 146
838 82
838 578
839 96
839 3
839 437
840 403
840 15
840 214
841 85
841 4
841 351
842 5
842 81
842 111
843 666
843 12
843 288
844 99
844 205
844 255
845 4
845 657
845 357
846 40
846 2
846 590
847 269
847 23
847 700
848 334
848 178
848 247
849 202
849 386
849 614
850 235
850 18
850 1
851 107
851 7
851 35
852 60
852 281
852 479
853 707
853 44
853 287
854 7
854 620
854 250
855 608
855 424
855 206
856 134
856 253
856 671
857 2
857 677
857 1
858 495
858 2
858 542
859 222
859 117
859 739
860 416
860 3
860 512
861 3
861 844
861 177
862 468
862 126
862 437
863 545
863 43
863 38
864 509
864 461
864 640
865 782
865 109
865 495
866 168
866 214
866 563
867 545
867 430
867 27
868 377
868 140
868 2
869 147
869 532
869 694
870 23
870 3
870 177
871 44
871 18
871 200
872 140
872 603
872 469
873 124
873 355
873 664
874 312
874 5
874 630
875 573
875 4
875 329
876 598
876 2
876 125
877 739
877 821
877 66
878 2
878 672
878 351
879 345
879 643
879 318
880 203
880 460
880 500
881 0
881 139
881 345
882 275
882 68
882 6
883 318
883 393
883 440
884 402
884 317
884 135
885 31
885 2
885 151
886 578
886 232
886 117
887 596
887 11
887 287
888 121
888 66
888 690
889 281
889 677
889 38
890 8
890 43
890 820
891 117
891 464
891 132
892 729
892 7
892 56
893 6
893 573
893 431
894 97
894 41
894 18
895 173
895 626
895 152
896 268
896 275
896 132
897 417
897 200
897 23
898 18
898 277
898 618
899 397
899 28
899 11
900 644
900 364
900 111
901 254
901 53
901 2
902 469
902 402
902 256
903 684
903 786
903 353
904 31
904 2
904 545
905 31
905 25
905 7
906 173
906 147
906 249
907 557
907 603
907 483
908 2
908 747
908 114
909 260
909 6
909 461
910 777
910 31
910 462
911 14
911 738
911 56
912 2
912 202
912 410
913 11
913 778
913 137
914 4
914 260
914 20
915 146
915 6
915 440
916 112
916 832
916 54
917 447
917 2
917 31
918 96
918 426
918 607
919 70
919 739
919 363
920 789
920 559
920 412
921 905
921 15
921 727
922 205
922 343
922 718
923 1
923 11
923 16
924 17
924 457
924 19
925 3
925 514
925 53
926 498
926 92
926 588
927 412
927 571
927 11
928 399
928 0
928 303
929 432
929 168
929 85
930 463
930 112
930 451
931 33
931 422
931 327
932 244
932 81
932 7
933 387
933 25
933 27
934 143
934 443
934 503
935 5
935 81
935 27
936 231
936 237
936 772
937 840
937 698
937 23
938 831
938 775
938 110
939 106
939 266
939 806
940 428
940 938
940 693
941 1
941 402
941 328
942 14
942 45
942 488
943 60
943 691
943 215
944 77
944 105
944 287
945 291
945 168
945 787
946 542
946 76
946 132
947 99
947 620
947 470
948 752
948 165
948 0
949 8
949 379
949 792
950 249
950 493
950 626
951 291
951 191
951 263
952 41
952 339
952 1
953 72
953 13
953 281
954 860
954 92
954 847
955 15
955 24
955 198
956 100
956 468
956 493
957 22
957 38
957 847
958 24
958 29
958 11
959 841
959 572
959 909
960 86
960 161
960 391
961 81
961 69
961 295
962 21
962 209
962 14
963 481
963 2
963 12
964 694
964 476
964 242
965 578
965 456
965 184
966 173
966 222
966 504
967 695
967 31
967 719
968 608
968 0
968 357
969 371
969 11
969 486
970 271
970 281
970 551
971 140
971 152
971 116
972 823
972 18
972 787
973 694
973 156
973 16
974 403
974 15
974 60
975 137
975 11
975 2
976 19
976 147
976 311
977 139
977 27
977 843
978 54
978 300
978 858
979 271
979 170
979 454
980 3
980 601
980 131
981 483
981 918
981 236
982 152
982 106
982 64
983 112
983 1
983 63
984 44
984 12
984 486
985 539
985 587
985 397
986 60
986 346
986 421
987 112
987 688
987 18
988 126
988 156
988 859
989 581
989 540
989 256
990 312
990 461
990 135
991 640
991 12
991 89
992 463
992 112
992 78
993 194
993 412
993 140
994 64
994 318
994 9
995 98
995 20
995 239
996 397
996 654
996 8
997 560
997 1
997 60
998 656
998 626
998 357
999 32
999 519
999 815
