0 1
1 0
2 1
2 0
3 2
3 0
3 1
4 0
4 2
4 3
5 3
5 2
5 4
6 3
6 2
6 0
7 3
7 2
7 0
8 2
8 3
8 5
9 3
9 2
9 6
10 1
10 4
10 3
11 2
11 4
11 0
12 7
12 0
12 3
13 3
13 6
13 0
14 11
14 8
14 3
15 2
15 12
15 3
16 3
16 2
16 0
17 0
17 6
17 4
18 3
18 17
18 2
19 0
19 4
19 3
20 17
20 0
20 2
21 4
21 11
21 3
22 0
22 16
22 3
23 2
23 20
23 0
24 8
24 17
24 2
25 1
25 12
25 5
26 0
26 12
26 9
27 19
27 2
27 25
28 17
28 2
28 20
29 19
29 12
29 5
30 11
30 3
30 17
31 0
31 20
31 18
32 4
32 3
32 9
33 3
33 20
33 0
34 0
34 2
34 8
35 3
35 28
35 2
36 8
36 35
36 2
37 8
37 10
37 20
38 2
38 6
38 17
39 30
39 3
39 10
40 18
40 29
40 2
41 0
41 2
41 6
42 8
42 21
42 29
43 25
43 4
43 42
44 7
44 1
44 38
45 3
45 1
45 38
46 0
46 24
46 42
47 3
47 7
47 26
48 0
48 21
48 2
49 14
49 44
49 2
