1 0
2 0
2 1
3 0
3 1
3 2
4 0
4 1
4 3
5 0
5 1
5 3
6 0
6 1
6 3
7 2
7 0
7 6
8 5
8 3
8 0
9 4
9 2
9 3
10 3
10 6
10 2
11 3
11 0
11 10
12 6
12 10
12 3
13 0
13 3
13 6
14 10
14 6
14 2
15 7
15 9
15 2
16 5
16 7
16 0
17 1
17 0
17 3
18 16
18 0
18 17
19 18
19 16
19 9
20 3
20 19
20 17
21 16
21 6
21 10
22 16
22 12
22 18
23 5
23 6
23 12
24 0
24 2
24 8
25 6
25 11
25 23
26 11
26 17
26 1
27 7
27 9
27 3
28 10
28 14
28 5
29 7
29 13
29 21
30 4
30 3
30 8
31 18
31 11
31 29
32 0
32 16
32 3
33 7
33 13
33 21
34 17
34 23
34 10
35 8
35 3
35 9
36 0
36 11
36 31
37 0
37 3
37 4
38 13
38 17
38 9
39 2
39 9
39 23
40 3
40 9
40 0
41 10
41 22
41 0
42 3
42 21
42 30
43 5
43 1
43 3
44 2
44 3
44 9
45 5
45 23
45 34
46 16
46 0
46 2
47 29
47 16
47 18
48 6
48 9
48 45
49 2
49 6
49 5
