0 1
0 2
0 3
0 4
0 5
0 6
0 8
1 0
1 2
1 3
1 4
1 5
1 6
1 7
2 1
2 0
2 3
2 7
2 9
2 10
2 13
3 0
3 2
3 1
3 4
3 5
3 8
3 10
4 0
4 1
4 3
4 6
4 14
4 22
4 23
5 1
5 0
5 3
5 7
5 14
5 15
5 20
6 1
6 4
6 0
6 11
6 13
6 17
6 18
7 2
7 1
7 5
7 10
7 11
7 15
7 19
8 1
8 3
8 0
8 77
9 2
9 0
9 1
9 14
9 16
9 27
9 48
10 3
10 7
10 2
10 21
10 29
10 36
10 50
11 7
11 6
11 3
11 12
11 13
11 15
11 16
12 11
12 3
12 0
12 19
12 27
12 35
12 38
13 2
13 6
13 11
13 20
13 23
13 33
13 42
14 9
14 5
14 4
14 17
14 18
14 33
14 34
15 7
15 11
15 5
15 18
15 21
15 36
15 55
16 1
16 11
16 9
16 20
16 24
16 32
16 33
17 14
17 3
17 6
17 50
17 60
18 15
18 6
18 14
18 52
18 65
18 67
18 71
19 12
19 3
19 7
19 58
19 82
19 97
20 16
20 13
20 5
20 41
20 46
20 53
20 97
21 15
21 10
21 11
21 87
21 98
22 4
22 0
22 5
22 43
23 3
23 4
23 13
23 45
24 16
24 1
24 5
24 39
24 42
24 57
25 1
25 2
25 3
25 41
25 58
25 66
25 72
26 5
26 1
26 0
26 29
26 60
26 94
27 3
27 9
27 12
27 57
28 6
28 7
28 1
28 55
28 75
28 76
28 89
29 6
29 10
29 26
29 96
30 0
30 1
30 6
30 35
30 44
30 69
30 89
31 4
31 11
31 5
31 37
31 40
32 5
32 1
32 16
32 34
32 39
32 45
32 50
33 14
33 16
33 13
34 32
34 1
34 14
34 38
34 44
34 49
34 76
35 6
35 30
35 12
35 71
36 7
36 10
36 15
36 43
36 49
36 80
36 81
37 1
37 31
37 3
37 56
37 95
38 12
38 34
38 5
38 89
39 24
39 3
39 32
39 55
39 57
39 59
39 60
40 31
40 5
40 6
40 46
40 47
40 67
40 75
41 5
41 20
41 25
41 43
42 1
42 13
42 24
42 72
43 22
43 36
43 41
43 64
43 94
44 30
44 16
44 34
44 51
45 32
45 23
45 2
45 63
45 78
46 1
46 20
46 40
47 40
47 0
47 13
47 73
48 9
48 7
48 11
48 62
48 77
48 92
49 34
49 11
49 36
49 93
50 32
50 17
50 10
50 86
51 1
51 0
51 44
51 64
52 32
52 18
52 11
53 20
53 13
53 16
53 70
54 1
54 10
54 0
54 69
54 85
54 90
55 15
55 28
55 39
55 79
56 37
56 32
56 14
56 97
57 27
57 24
57 39
57 73
57 98
58 19
58 25
58 10
59 3
59 14
59 39
59 91
60 17
60 26
60 39
60 65
61 1
61 14
61 15
62 48
62 14
62 32
62 75
63 15
63 1
63 45
64 43
64 4
64 51
64 68
64 76
65 18
65 4
65 60
65 68
65 78
65 90
65 95
66 1
66 4
66 25
66 87
67 1
67 40
67 18
67 85
68 6
68 65
68 64
68 77
68 93
68 99
69 30
69 15
69 54
70 53
70 12
70 5
71 15
71 18
71 35
72 25
72 15
72 42
73 57
73 47
73 7
74 32
74 15
74 0
75 62
75 40
75 28
75 80
76 28
76 64
76 34
76 87
77 48
77 68
77 8
77 86
78 0
78 45
78 65
79 4
79 55
79 0
80 75
80 36
80 9
81 3
81 36
81 6
82 3
82 19
82 34
82 90
83 14
83 40
83 1
83 85
84 1
84 7
84 32
85 83
85 67
85 54
86 77
86 16
86 50
87 66
87 76
87 21
88 32
88 9
88 11
89 38
89 30
89 28
90 82
90 65
90 54
91 59
91 9
91 7
92 48
92 3
92 15
92 93
93 92
93 68
93 49
94 26
94 43
94 34
94 99
95 65
95 37
95 11
96 25
96 1
96 29
97 19
97 20
97 56
98 57
98 1
98 21
99 1
99 94
99 68
