0 1
0 2
0 3
1 0
1 2
1 3
2 0
2 1
2 3
3 0
3 1
3 2
4 1
4 2
4 3
5 1
5 4
5 3
6 1
6 4
6 3
7 4
7 0
7 6
8 5
8 0
8 1
9 0
9 4
9 3
10 4
10 5
10 8
11 3
11 1
11 10
12 0
12 1
12 10
13 3
13 0
13 4
14 8
14 1
14 9
15 0
15 3
15 1
16 15
16 2
16 1
17 12
17 0
17 7
18 8
18 6
18 15
19 0
19 9
19 7
20 4
20 7
20 6
21 0
21 19
21 3
22 3
22 6
22 1
23 7
23 0
23 14
24 3
24 6
24 7
25 3
25 4
25 14
26 1
26 23
26 22
27 3
27 13
27 26
28 6
28 24
28 5
29 28
29 19
29 21
30 6
30 1
30 12
31 29
31 3
31 4
32 4
32 0
32 3
33 2
33 13
33 3
34 25
34 8
34 18
35 10
35 1
35 13
36 20
36 1
36 9
37 26
37 3
37 19
38 22
38 0
38 34
39 2
39 19
39 24
40 1
40 37
40 4
41 23
41 26
41 10
42 7
42 13
42 4
43 19
43 30
43 3
44 1
44 5
44 3
45 1
45 4
45 0
46 10
46 13
46 14
47 10
47 18
47 39
48 10
48 35
48 3
49 1
49 17
49 15
