0 1
0 2
1 0
1 2
2 1
2 0
3 2
3 0
3 1
4 0
4 2
4 1
5 0
5 1
5 2
6 2
6 5
6 1
7 1
7 2
7 6
8 5
8 0
8 2
9 0
9 2
9 6
10 0
10 5
10 1
11 2
11 8
11 6
12 6
12 7
12 1
13 0
13 2
13 9
14 0
14 9
14 2
15 3
15 0
15 5
16 1
16 0
16 6
17 0
17 10
17 1
18 4
18 2
18 0
19 0
19 2
19 18
20 0
20 16
20 7
21 0
21 2
21 7
22 0
22 7
22 21
23 21
23 12
23 10
24 2
24 7
24 12
25 2
25 5
25 24
26 3
26 2
26 5
27 8
27 5
27 19
28 1
28 10
28 7
29 21
29 6
29 0
30 21
30 24
30 29
31 8
31 2
31 21
32 0
32 7
32 18
33 1
33 19
33 13
34 4
34 21
34 19
35 4
35 0
35 3
36 7
36 24
36 35
37 29
37 22
37 19
38 1
38 5
38 20
39 17
39 3
39 18
40 1
40 21
40 29
41 2
41 9
41 8
42 8
42 0
42 25
43 17
43 1
43 3
44 12
44 25
44 2
45 16
45 21
45 42
46 2
46 33
46 44
47 0
47 10
47 24
48 40
48 28
48 42
49 0
49 46
49 19
50 29
50 28
50 23
51 28
51 40
51 1
52 14
52 30
52 23
53 0
53 14
53 1
54 10
54 41
54 21
55 44
55 28
55 1
56 10
56 38
56 16
57 30
57 22
57 13
58 2
58 8
58 14
59 4
59 30
59 24
60 7
60 53
60 50
61 29
61 52
61 6
62 33
62 25
62 2
63 3
63 40
63 33
64 36
64 2
64 41
65 2
65 0
65 36
66 0
66 25
66 2
67 29
67 42
67 17
68 66
68 0
68 31
69 40
69 25
69 36
70 19
70 0
70 8
71 35
71 37
71 16
72 0
72 60
72 34
73 22
73 48
73 41
74 3
74 30
74 2
75 26
75 0
75 56
76 24
76 37
76 2
77 74
77 15
77 31
78 66
78 51
78 71
79 1
79 2
79 46
80 2
80 6
80 40
81 21
81 30
81 18
82 9
82 3
82 6
83 57
83 10
83 72
84 4
84 31
84 2
85 39
85 1
85 21
86 2
86 80
86 8
87 0
87 18
87 6
88 7
88 54
88 18
89 71
89 60
89 1
90 88
90 25
90 1
91 36
91 0
91 13
92 24
92 12
92 89
93 81
93 7
93 45
94 60
94 7
94 24
95 73
95 80
95 67
96 8
96 3
96 1
97 12
97 0
97 11
98 0
98 53
98 1
99 88
99 28
99 53
