0 1
1 0
2 0
2 1
3 2
3 0
3 1
4 0
4 3
4 2
5 0
5 2
5 3
6 2
6 4
6 3
7 2
7 0
7 3
8 0
8 2
8 1
9 7
9 5
9 3
10 2
10 0
10 1
11 9
11 0
11 7
12 2
12 10
12 0
13 2
13 6
13 11
14 11
14 5
14 3
15 1
15 2
15 13
16 9
16 8
16 15
17 1
17 2
17 9
18 3
18 5
18 0
19 3
19 9
19 4
20 9
20 4
20 0
21 7
21 11
21 3
22 9
22 11
22 13
23 0
23 13
23 3
24 20
24 9
24 12
25 9
25 2
25 4
26 1
26 22
26 16
27 2
27 3
27 1
28 16
28 3
28 4
29 23
29 22
29 21
30 8
30 1
30 0
31 21
31 0
31 6
32 28
32 2
32 0
33 11
33 17
33 31
34 19
34 2
34 28
35 3
35 1
35 12
36 3
36 9
36 31
37 12
37 11
37 3
38 31
38 6
38 9
39 31
39 0
39 23
40 2
40 26
40 34
41 12
41 1
41 7
42 22
42 3
42 1
43 0
43 42
43 3
44 38
44 7
44 0
45 3
45 8
45 28
46 19
46 2
46 1
47 1
47 42
47 37
48 7
48 20
48 33
49 11
49 10
49 15
