0 1
0 2
0 3
0 4
1 0
1 2
1 3
1 5
2 1
2 0
2 3
2 4
3 2
3 0
3 1
3 4
4 3
4 0
4 2
4 5
5 2
5 4
5 1
5 6
6 4
6 5
6 0
6 7
7 6
7 0
7 2
7 16
8 1
8 2
8 5
8 11
9 1
9 5
9 3
9 18
10 2
10 3
10 5
10 17
11 6
11 8
11 1
11 19
12 4
12 2
12 1
12 20
13 4
13 6
13 3
13 14
14 13
14 3
14 4
14 28
15 2
15 3
15 5
15 44
16 6
16 7
16 4
16 26
17 2
17 10
17 8
17 38
18 7
18 2
18 9
18 31
19 1
19 13
19 11
19 43
20 12
20 3
20 2
20 38
21 0
21 6
21 2
21 37
22 5
22 3
22 13
22 41
23 4
23 3
23 5
23 27
24 9
24 4
24 0
24 37
25 6
25 7
25 1
26 9
26 16
26 0
26 32
27 0
27 1
27 23
27 37
28 10
28 14
28 3
28 29
29 0
29 7
29 28
30 0
30 2
30 4
30 36
31 9
31 4
31 18
32 13
32 2
32 26
32 35
33 28
33 3
33 26
33 43
34 7
34 2
34 8
35 5
35 32
35 6
36 30
36 28
36 14
37 27
37 21
37 24
38 20
38 17
38 3
39 11
39 17
39 3
40 26
40 5
40 3
40 44
41 22
41 2
41 4
41 46
42 7
42 20
42 18
43 19
43 0
43 33
44 15
44 3
44 40
45 0
45 3
45 5
46 33
46 0
46 41
47 1
47 5
47 13
48 7
48 2
48 23
49 3
49 2
49 5
