0 1
0 2
0 3
0 4
0 5
0 7
0 16
0 17
1 0
1 2
1 3
1 4
1 6
1 11
1 12
1 14
1 17
1 19
2 0
2 1
2 3
2 4
2 5
2 6
2 11
2 15
2 16
2 18
3 2
3 1
3 0
3 5
3 7
3 8
3 9
3 10
3 13
3 17
3 18
4 0
4 2
4 1
4 7
4 8
4 15
5 2
5 0
5 3
5 6
5 9
5 12
6 5
6 1
6 2
6 8
6 9
6 14
7 0
7 4
7 3
7 10
7 13
7 19
8 4
8 6
8 3
8 10
9 3
9 6
9 5
9 13
10 3
10 7
10 8
10 11
10 12
10 14
11 10
11 1
11 2
12 10
12 1
12 5
13 3
13 7
13 9
13 15
13 16
14 1
14 10
14 6
15 2
15 4
15 13
16 0
16 13
16 2
16 18
16 19
17 3
17 0
17 1
18 3
18 2
18 16
19 16
19 7
19 1
