0 1
0 2
0 3
0 6
0 10
0 26
0 28
0 35
0 45
1 0
1 2
1 3
1 4
1 7
1 10
1 20
1 22
1 32
1 39
1 47
2 0
2 1
2 3
2 4
2 5
2 6
2 9
2 15
2 16
2 17
2 19
2 20
2 23
2 30
2 42
2 44
2 46
2 47
3 1
3 2
3 0
3 4
3 5
3 8
3 10
3 13
3 15
3 19
3 21
3 27
3 29
4 1
4 3
4 2
4 5
4 6
4 7
4 14
4 41
5 4
5 3
5 2
5 8
5 9
5 11
5 12
5 13
5 25
5 33
5 40
5 47
6 0
6 4
6 2
6 7
6 8
6 11
6 13
6 21
6 40
7 6
7 1
7 4
7 16
8 5
8 3
8 6
8 9
8 11
8 12
8 34
9 8
9 5
9 2
9 12
9 31
9 32
10 0
10 3
10 1
10 14
10 17
10 20
10 24
10 25
10 38
11 8
11 6
11 5
11 14
11 29
11 34
11 43
12 5
12 9
12 8
12 16
12 29
13 5
13 3
13 6
13 15
13 24
13 27
13 31
13 32
13 36
13 45
14 10
14 11
14 4
14 17
14 18
14 23
14 28
14 35
14 41
15 2
15 13
15 3
15 26
15 30
15 31
15 49
16 7
16 2
16 12
16 18
17 10
17 14
17 2
17 18
17 21
17 22
17 25
17 46
18 17
18 16
18 14
18 19
19 3
19 2
19 18
19 22
19 42
20 1
20 2
20 10
20 23
20 35
20 43
20 44
20 45
21 6
21 3
21 17
21 24
21 36
22 17
22 19
22 1
22 26
22 37
22 38
22 48
23 14
23 20
23 2
24 13
24 21
24 10
24 28
24 33
24 34
24 49
25 5
25 10
25 17
25 36
25 42
25 48
26 22
26 15
26 0
26 27
27 3
27 26
27 13
27 33
27 39
27 41
28 24
28 14
28 0
29 11
29 3
29 12
29 30
30 29
30 15
30 2
30 37
31 15
31 13
31 9
32 9
32 13
32 1
32 39
33 24
33 5
33 27
33 37
34 24
34 8
34 11
34 40
34 46
35 20
35 14
35 0
35 38
36 21
36 25
36 13
37 33
37 30
37 22
38 22
38 10
38 35
39 27
39 32
39 1
40 5
40 34
40 6
41 14
41 27
41 4
42 19
42 25
42 2
42 43
43 20
43 11
43 42
43 44
44 20
44 43
44 2
45 0
45 13
45 20
46 2
46 34
46 17
46 48
46 49
47 1
47 2
47 5
48 25
48 46
48 22
49 15
49 24
49 46
