0 1
1 0
2 1
2 0
3 0
3 1
3 2
4 1
4 2
4 0
5 2
5 0
5 1
6 0
6 1
6 4
7 4
7 0
7 1
8 2
8 1
8 0
9 1
9 2
9 6
10 8
10 2
10 0
11 0
11 6
11 9
12 1
12 0
12 9
13 0
13 1
13 4
14 7
14 0
14 8
15 1
15 4
15 11
16 3
16 1
16 4
17 2
17 1
17 0
18 0
18 7
18 5
19 6
19 16
19 8
20 1
20 0
20 2
21 0
21 1
21 8
22 14
22 8
22 2
23 0
23 22
23 2
24 19
24 16
24 1
25 6
25 7
25 14
26 22
26 8
26 3
27 23
27 16
27 19
28 26
28 6
28 19
29 1
29 0
29 22
30 8
30 10
30 12
31 29
31 22
31 0
32 0
32 1
32 4
33 14
33 16
33 0
34 23
34 0
34 20
35 0
35 7
35 22
36 15
36 16
36 35
37 6
37 31
37 30
38 5
38 1
38 7
39 8
39 18
39 29
40 27
40 4
40 0
41 2
41 24
41 0
42 4
42 6
42 2
43 7
43 19
43 42
44 1
44 26
44 11
45 0
45 1
45 6
46 8
46 15
46 7
47 25
47 30
47 6
48 1
48 0
48 4
49 1
49 4
49 0
50 6
50 5
50 36
51 6
51 43
51 9
52 2
52 14
52 1
53 22
53 16
53 19
54 19
54 1
54 6
55 36
55 26
55 6
56 4
56 10
56 20
57 9
57 44
57 1
58 4
58 52
58 46
59 4
59 56
59 33
60 23
60 38
60 58
61 60
61 13
61 39
62 26
62 38
62 1
63 2
63 34
63 6
64 10
64 32
64 9
65 24
65 58
65 1
66 8
66 59
66 32
67 35
67 7
67 9
68 26
68 52
68 19
69 64
69 7
69 14
70 2
70 25
70 13
71 0
71 6
71 54
72 7
72 52
72 42
73 2
73 26
73 32
74 0
74 8
74 56
75 74
75 44
75 42
76 4
76 5
76 39
77 1
77 70
77 75
78 37
78 1
78 0
79 21
79 37
79 35
80 4
80 6
80 53
81 71
81 0
81 55
82 34
82 53
82 4
83 28
83 4
83 22
84 5
84 83
84 8
85 36
85 38
85 0
86 16
86 7
86 35
87 72
87 6
87 5
88 16
88 69
88 47
89 33
89 65
89 19
90 46
90 86
90 39
91 32
91 1
91 56
92 63
92 2
92 4
93 42
93 23
93 9
94 70
94 4
94 29
95 19
95 28
95 29
96 94
96 41
96 8
97 14
97 60
97 7
98 39
98 85
98 56
99 1
99 45
99 74
100 78
100 40
100 8
101 70
101 40
101 20
102 0
102 42
102 2
103 49
103 34
103 4
104 1
104 47
104 14
105 1
105 102
105 73
106 0
106 3
106 6
107 20
107 24
107 4
108 6
108 83
108 4
109 6
109 72
109 74
110 36
110 89
110 44
111 95
111 0
111 107
112 0
112 19
112 46
113 3
113 103
113 9
114 52
114 59
114 4
115 74
115 53
115 44
116 1
116 0
116 40
117 13
117 47
117 0
118 31
118 41
118 1
119 37
119 98
119 14
120 0
120 22
120 94
121 40
121 21
121 15
122 119
122 58
122 7
123 24
123 29
123 2
124 30
124 42
124 4
125 75
125 26
125 83
126 51
126 68
126 86
127 12
127 117
127 126
128 6
128 8
128 18
129 3
129 56
129 1
130 15
130 42
130 101
131 28
131 11
131 7
132 19
132 130
132 58
133 0
133 86
133 73
134 0
134 4
134 73
135 105
135 0
135 12
136 69
136 38
136 132
137 8
137 121
137 10
138 85
138 93
138 1
139 3
139 49
139 59
140 8
140 6
140 47
141 51
141 40
141 33
142 106
142 29
142 0
143 14
143 52
143 142
144 1
144 0
144 34
145 105
145 30
145 31
146 102
146 18
146 134
147 89
147 97
147 8
148 37
148 16
148 144
149 86
149 147
149 20
150 12
150 25
150 29
151 77
151 1
151 39
152 56
152 35
152 14
153 19
153 5
153 30
154 11
154 33
154 28
155 37
155 7
155 3
156 98
156 53
156 78
157 135
157 39
157 51
158 0
158 38
158 4
159 13
159 31
159 2
160 64
160 84
160 1
161 49
161 58
161 34
162 6
162 129
162 7
163 130
163 1
163 20
164 37
164 157
164 1
165 62
165 160
165 158
166 49
166 28
166 120
167 26
167 9
167 12
168 165
168 4
168 105
169 107
169 90
169 113
170 108
170 61
170 74
171 114
171 84
171 29
172 93
172 47
172 107
173 72
173 78
173 119
174 9
174 96
174 83
175 3
175 4
175 30
176 113
176 166
176 53
177 99
177 107
177 64
178 105
178 20
178 30
179 121
179 112
179 38
180 105
180 173
180 28
181 39
181 5
181 147
182 48
182 13
182 161
183 7
183 68
183 56
184 17
184 25
184 39
185 46
185 138
185 134
186 64
186 63
186 93
187 49
187 170
187 104
188 75
188 14
188 173
189 14
189 9
189 82
190 181
190 52
190 137
191 11
191 1
191 83
192 47
192 102
192 51
193 185
193 130
193 154
194 130
194 1
194 20
195 1
195 90
195 42
196 114
196 7
196 4
197 53
197 40
197 60
198 184
198 75
198 26
199 91
199 26
199 25
200 155
200 6
200 28
201 29
201 31
201 7
202 49
202 72
202 170
203 141
203 200
203 1
204 47
204 36
204 14
205 0
205 38
205 5
206 34
206 190
206 116
207 189
207 39
207 147
208 4
208 75
208 44
209 62
209 86
209 155
210 129
210 1
210 44
211 29
211 129
211 71
212 130
212 0
212 195
213 37
213 5
213 25
214 3
214 46
214 187
215 130
215 28
215 4
216 53
216 152
216 75
217 9
217 96
217 124
218 89
218 1
218 211
219 1
219 52
219 36
220 1
220 142
220 108
221 34
221 211
221 185
222 4
222 132
222 102
223 195
223 7
223 45
224 134
224 166
224 1
225 174
225 0
225 37
226 200
226 71
226 115
227 196
227 119
227 19
228 11
228 40
228 3
229 71
229 73
229 1
230 64
230 174
230 199
231 146
231 23
231 16
232 142
232 6
232 9
233 23
233 24
233 26
234 8
234 10
234 34
235 141
235 216
235 0
236 29
236 17
236 19
237 53
237 7
237 20
238 5
238 86
238 0
239 38
239 131
239 30
240 142
240 171
240 5
241 86
241 53
241 19
242 49
242 113
242 81
243 2
243 217
243 9
244 19
244 89
244 3
245 0
245 4
245 128
246 5
246 75
246 163
247 44
247 2
247 16
248 1
248 124
248 53
249 15
249 74
249 120
250 107
250 3
250 4
251 173
251 250
251 223
252 4
252 40
252 6
253 104
253 4
253 5
254 37
254 14
254 222
255 1
255 155
255 30
256 34
256 232
256 231
257 189
257 79
257 221
258 0
258 188
258 87
259 14
259 38
259 221
260 13
260 49
260 4
261 227
261 109
261 8
262 171
262 215
262 4
263 52
263 44
263 38
264 75
264 189
264 37
265 22
265 23
265 128
266 68
266 170
266 46
267 6
267 50
267 168
268 100
268 1
268 56
269 205
269 97
269 44
270 1
270 107
270 129
271 2
271 172
271 211
272 6
272 261
272 147
273 93
273 110
273 64
274 115
274 61
274 14
275 250
275 166
275 32
276 3
276 0
276 253
277 156
277 158
277 9
278 86
278 0
278 29
279 58
279 76
279 155
280 93
280 31
280 177
281 28
281 136
281 34
282 16
282 31
282 14
283 4
283 43
283 14
284 163
284 1
284 64
285 49
285 38
285 102
286 63
286 28
286 202
287 207
287 71
287 119
288 43
288 10
288 39
289 125
289 6
289 16
290 279
290 52
290 96
291 1
291 56
291 75
292 155
292 201
292 42
293 46
293 196
293 49
294 81
294 74
294 237
295 200
295 184
295 51
296 17
296 209
296 9
297 29
297 34
297 169
298 23
298 24
298 89
299 11
299 169
299 228
300 19
300 252
300 75
301 74
301 1
301 6
302 173
302 49
302 38
303 42
303 213
303 291
304 1
304 85
304 189
305 152
305 131
305 195
306 36
306 1
306 53
307 71
307 297
307 19
308 8
308 19
308 27
309 19
309 184
309 9
310 2
310 5
310 29
311 11
311 178
311 102
312 178
312 26
312 213
313 213
313 281
313 263
314 240
314 24
314 220
315 94
315 22
315 101
316 22
316 51
316 23
317 71
317 44
317 100
318 75
318 129
318 89
319 238
319 279
319 248
320 94
320 189
320 174
321 193
321 221
321 220
322 172
322 64
322 319
323 115
323 142
323 56
324 39
324 217
324 3
325 46
325 19
325 4
326 57
326 62
326 14
327 4
327 10
327 137
328 98
328 279
328 1
329 81
329 65
329 130
330 19
330 256
330 122
331 59
331 195
331 179
332 143
332 22
332 252
333 18
333 7
333 52
334 72
334 10
334 6
335 207
335 222
335 105
336 66
336 50
336 56
337 56
337 134
337 142
338 40
338 35
338 184
339 322
339 162
339 5
340 160
340 218
340 70
341 74
341 70
341 135
342 33
342 341
342 38
343 226
343 34
343 68
344 72
344 221
344 4
345 73
345 1
345 11
346 0
346 286
346 74
347 1
347 227
347 19
348 286
348 26
348 264
349 280
349 78
349 27
350 158
350 238
350 172
351 348
351 3
351 205
352 327
352 100
352 71
353 40
353 1
353 38
354 173
354 7
354 22
355 78
355 29
355 4
356 103
356 259
356 150
357 231
357 81
357 78
358 5
358 224
358 129
359 322
359 201
359 264
360 130
360 76
360 1
361 345
361 298
361 120
362 225
362 62
362 236
363 322
363 109
363 227
364 243
364 8
364 73
365 247
365 139
365 23
366 280
366 261
366 9
367 89
367 312
367 51
368 191
368 49
368 99
369 6
369 160
369 8
370 179
370 14
370 91
371 8
371 176
371 103
372 201
372 56
372 19
373 184
373 37
373 350
374 263
374 141
374 0
375 317
375 336
375 26
376 1
376 264
376 282
377 70
377 78
377 257
378 8
378 325
378 3
379 187
379 44
379 254
380 89
380 221
380 27
381 178
381 143
381 7
382 56
382 4
382 142
383 287
383 28
383 217
384 10
384 143
384 41
385 119
385 257
385 0
386 40
386 222
386 8
387 122
387 56
387 107
388 16
388 266
388 218
389 1
389 218
389 284
390 87
390 320
390 5
391 119
391 26
391 28
392 44
392 339
392 0
393 103
393 58
393 0
394 38
394 363
394 365
395 182
395 357
395 83
396 7
396 151
396 5
397 0
397 113
397 232
398 154
398 225
398 334
399 137
399 72
399 70
400 146
400 5
400 22
401 11
401 25
401 142
402 7
402 33
402 189
403 59
403 40
403 258
404 188
404 69
404 217
405 205
405 27
405 47
406 37
406 171
406 229
407 147
407 36
407 40
408 333
408 134
408 18
409 10
409 177
409 365
410 325
410 1
410 231
411 4
411 341
411 342
412 134
412 190
412 196
413 53
413 107
413 297
414 102
414 1
414 51
415 314
415 272
415 284
416 165
416 197
416 56
417 26
417 86
417 20
418 52
418 40
418 103
419 396
419 1
419 38
420 124
420 97
420 0
421 175
421 371
421 333
422 83
422 352
422 288
423 30
423 398
423 132
424 258
424 301
424 327
425 402
425 237
425 60
426 24
426 42
426 56
427 77
427 0
427 22
428 26
428 289
428 77
429 19
429 86
429 187
430 96
430 9
430 16
431 86
431 78
431 5
432 169
432 398
432 1
433 26
433 13
433 219
434 74
434 175
434 1
435 6
435 173
435 398
436 53
436 22
436 334
437 297
437 133
437 94
438 4
438 418
438 387
439 32
439 6
439 41
440 11
440 38
440 234
441 217
441 196
441 26
442 27
442 110
442 257
443 405
443 28
443 279
444 309
444 0
444 80
445 76
445 124
445 187
446 86
446 9
446 315
447 340
447 7
447 38
448 365
448 265
448 9
449 21
449 321
449 27
450 173
450 11
450 0
451 45
451 227
451 279
452 155
452 212
452 172
453 157
453 38
453 184
454 442
454 372
454 348
455 4
455 6
455 202
456 132
456 46
456 12
457 255
457 56
457 181
458 29
458 72
458 214
459 151
459 155
459 64
460 7
460 353
460 17
461 213
461 295
461 231
462 0
462 261
462 51
463 74
463 227
463 10
464 86
464 11
464 106
465 266
465 2
465 262
466 45
466 51
466 4
467 163
467 195
467 53
468 72
468 179
468 2
469 1
469 355
469 73
470 451
470 259
470 136
471 30
471 417
471 34
472 149
472 165
472 37
473 4
473 52
473 294
474 142
474 206
474 253
475 9
475 134
475 1
476 38
476 84
476 302
477 435
477 97
477 29
478 205
478 57
478 55
479 366
479 2
479 9
480 45
480 59
480 325
481 454
481 6
481 0
482 358
482 422
482 433
483 207
483 343
483 312
484 192
484 86
484 37
485 17
485 16
485 403
486 129
486 0
486 304
487 313
487 212
487 155
488 9
488 0
488 476
489 196
489 229
489 5
490 0
490 129
490 429
491 29
491 142
491 472
492 5
492 40
492 275
493 321
493 324
493 130
494 222
494 8
494 153
495 5
495 43
495 255
496 162
496 0
496 19
497 8
497 28
497 72
498 18
498 235
498 40
499 279
499 359
499 68
500 5
500 4
500 73
501 1
501 354
501 434
502 483
502 387
502 181
503 45
503 140
503 146
504 400
504 127
504 71
505 42
505 435
505 335
506 497
506 8
506 453
507 441
507 36
507 190
508 328
508 24
508 412
509 128
509 53
509 40
510 193
510 168
510 4
511 326
511 1
511 424
512 164
512 2
512 22
513 353
513 1
513 124
514 12
514 80
514 262
515 238
515 153
515 58
516 287
516 316
516 300
517 338
517 19
517 3
518 103
518 115
518 86
519 104
519 414
519 264
520 6
520 338
520 33
521 352
521 215
521 250
522 72
522 419
522 431
523 86
523 181
523 57
524 57
524 442
524 19
525 396
525 98
525 345
526 381
526 0
526 256
527 130
527 392
527 284
528 238
528 355
528 36
529 296
529 11
529 304
530 319
530 1
530 73
531 207
531 162
531 52
532 202
532 219
532 127
533 350
533 240
533 280
534 72
534 284
534 40
535 292
535 16
535 142
536 1
536 8
536 0
537 461
537 400
537 376
538 1
538 185
538 0
539 19
539 445
539 142
540 450
540 28
540 396
541 74
541 93
541 228
542 184
542 235
542 387
543 4
543 152
543 70
544 234
544 381
544 220
545 526
545 0
545 419
546 41
546 115
546 55
547 56
547 51
547 7
548 419
548 229
548 174
549 26
549 98
549 12
550 8
550 530
550 19
551 144
551 152
551 31
552 23
552 475
552 46
553 38
553 76
553 473
554 20
554 71
554 514
555 501
555 399
555 64
556 279
556 284
556 481
557 0
557 336
557 144
558 511
558 41
558 4
559 4
559 59
559 375
560 38
560 120
560 464
561 331
561 6
561 74
562 54
562 40
562 20
563 42
563 107
563 495
564 0
564 29
564 44
565 241
565 56
565 129
566 93
566 6
566 130
567 470
567 6
567 2
568 56
568 22
568 532
569 49
569 297
569 1
570 28
570 60
570 75
571 0
571 7
571 1
572 466
572 536
572 238
573 121
573 482
573 307
574 284
574 423
574 297
575 89
575 470
575 322
576 103
576 40
576 370
577 0
577 83
577 190
578 50
578 51
578 147
579 244
579 429
579 263
580 533
580 312
580 195
581 1
581 192
581 50
582 245
582 538
582 567
583 257
583 516
583 11
584 403
584 2
584 72
585 0
585 169
585 383
586 71
586 95
586 262
587 5
587 116
587 163
588 254
588 238
588 391
589 41
589 0
589 37
590 78
590 23
590 316
591 47
591 87
591 279
592 20
592 19
592 25
593 503
593 342
593 368
594 37
594 195
594 202
595 241
595 426
595 250
596 251
596 9
596 1
597 7
597 228
597 97
598 548
598 46
598 98
599 58
599 348
599 9
600 8
600 71
600 45
601 74
601 20
601 412
602 8
602 159
602 34
603 228
603 321
603 121
604 82
604 338
604 319
605 212
605 19
605 37
606 234
606 492
606 439
607 40
607 56
607 58
608 44
608 2
608 22
609 157
609 280
609 490
610 286
610 46
610 459
611 51
611 333
611 421
612 595
612 0
612 47
613 26
613 14
613 231
614 202
614 40
614 190
615 518
615 155
615 38
616 350
616 171
616 8
617 294
617 560
617 211
618 215
618 53
618 317
619 211
619 200
619 39
620 28
620 6
620 14
621 380
621 89
621 608
622 350
622 157
622 29
623 159
623 1
623 11
624 42
624 0
624 184
625 37
625 60
625 453
626 195
626 468
626 5
627 52
627 53
627 17
628 196
628 5
628 38
629 195
629 282
629 41
630 207
630 228
630 187
631 169
631 51
631 25
632 39
632 353
632 373
633 33
633 1
633 61
634 468
634 569
634 561
635 219
635 228
635 120
636 259
636 624
636 299
637 567
637 327
637 584
638 119
638 540
638 63
639 72
639 336
639 234
640 195
640 276
640 184
641 189
641 520
641 372
642 107
642 65
642 46
643 73
643 63
643 446
644 45
644 1
644 366
645 8
645 396
645 187
646 256
646 147
646 371
647 336
647 616
647 338
648 93
648 336
648 476
649 411
649 365
649 304
650 0
650 23
650 65
651 280
651 255
651 336
652 7
652 380
652 257
653 121
653 25
653 26
654 278
654 245
654 93
655 56
655 456
655 433
656 91
656 219
656 33
657 536
657 86
657 250
658 544
658 2
658 4
659 4
659 225
659 130
660 24
660 22
660 119
661 582
661 38
661 128
662 129
662 134
662 41
663 159
663 39
663 49
664 454
664 17
664 215
665 8
665 380
665 215
666 402
666 358
666 170
667 64
667 567
667 9
668 9
668 522
668 287
669 454
669 617
669 236
670 19
670 422
670 33
671 14
671 100
671 108
672 255
672 232
672 85
673 190
673 233
673 345
674 503
674 405
674 124
675 69
675 0
675 14
676 263
676 6
676 329
677 655
677 421
677 26
678 29
678 122
678 514
679 2
679 19
679 320
680 575
680 68
680 232
681 32
681 533
681 303
682 286
682 6
682 80
683 87
683 122
683 195
684 648
684 31
684 7
685 339
685 362
685 0
686 38
686 5
686 279
687 5
687 74
687 22
688 287
688 34
688 611
689 381
689 7
689 437
690 676
690 5
690 336
691 567
691 29
691 151
692 1
692 19
692 89
693 98
693 40
693 127
694 365
694 138
694 22
695 320
695 42
695 166
696 217
696 221
696 2
697 29
697 42
697 221
698 173
698 489
698 68
699 371
699 598
699 6
700 363
700 43
700 657
701 252
701 1
701 130
702 228
702 75
702 169
703 674
703 97
703 74
704 299
704 33
704 100
705 280
705 233
705 689
706 657
706 9
706 13
707 171
707 320
707 110
708 154
708 51
708 343
709 21
709 221
709 236
710 454
710 464
710 571
711 74
711 533
711 66
712 271
712 29
712 35
713 7
713 673
713 201
714 227
714 256
714 94
715 23
715 680
715 232
716 280
716 619
716 35
717 427
717 36
717 239
718 62
718 1
718 533
719 11
719 537
719 335
720 657
720 635
720 1
721 52
721 16
721 303
722 28
722 55
722 391
723 171
723 470
723 676
724 31
724 565
724 6
725 245
725 599
725 66
726 310
726 229
726 18
727 341
727 376
727 124
728 20
728 7
728 147
729 554
729 142
729 545
730 347
730 8
730 14
731 667
731 13
731 225
732 287
732 257
732 1
733 534
733 13
733 709
734 0
734 678
734 476
735 30
735 611
735 120
736 32
736 144
736 442
737 557
737 14
737 18
738 327
738 1
738 453
739 238
739 312
739 89
740 189
740 205
740 463
741 74
741 394
741 221
742 231
742 232
742 201
743 734
743 438
743 23
744 83
744 681
744 257
745 704
745 4
745 446
746 172
746 46
746 289
747 24
747 737
747 48
748 554
748 8
748 22
749 32
749 324
749 496
750 19
750 119
750 20
751 4
751 105
751 271
752 280
752 29
752 86
753 363
753 100
753 153
754 149
754 387
754 202
755 559
755 0
755 492
756 103
756 0
756 453
757 401
757 9
757 213
758 222
758 94
758 45
759 679
759 389
759 727
760 715
760 1
760 22
761 511
761 474
761 20
762 163
762 314
762 37
763 433
763 14
763 635
764 466
764 50
764 51
765 411
765 12
765 235
766 219
766 95
766 20
767 238
767 86
767 303
768 115
768 666
768 1
769 468
769 263
769 678
770 764
770 664
770 0
771 643
771 317
771 1
772 236
772 0
772 56
773 94
773 601
773 97
774 244
774 498
774 666
775 173
775 682
775 296
776 23
776 480
776 289
777 284
777 31
777 187
778 240
778 7
778 404
779 718
779 33
779 654
780 348
780 745
780 335
781 725
781 0
781 669
782 202
782 403
782 60
783 25
783 1
783 75
784 509
784 1
784 620
785 8
785 103
785 522
786 23
786 187
786 37
787 212
787 97
787 78
788 87
788 206
788 362
789 84
789 6
789 56
790 291
790 7
790 746
791 575
791 87
791 654
792 777
792 87
792 36
793 219
793 5
793 672
794 11
794 26
794 529
795 243
795 22
795 409
796 436
796 275
796 78
797 13
797 74
797 26
798 113
798 23
798 403
799 115
799 564
799 143
800 655
800 222
800 40
801 584
801 61
801 165
802 16
802 714
802 201
803 14
803 86
803 222
804 8
804 47
804 736
805 231
805 150
805 4
806 195
806 250
806 333
807 33
807 518
807 380
808 268
808 4
808 560
809 279
809 503
809 150
810 681
810 783
810 19
811 379
811 9
811 93
812 1
812 0
812 575
813 75
813 453
813 255
814 431
814 809
814 27
815 682
815 196
815 134
816 148
816 303
816 789
817 287
817 716
817 49
818 6
818 399
818 86
819 84
819 0
819 171
820 398
820 308
820 6
821 129
821 779
821 86
822 654
822 430
822 641
823 527
823 178
823 330
824 483
824 318
824 124
825 295
825 713
825 103
826 0
826 183
826 626
827 130
827 255
827 592
828 27
828 146
828 130
829 231
829 507
829 165
830 39
830 5
830 15
831 12
831 10
831 271
832 370
832 827
832 425
833 659
833 521
833 23
834 322
834 544
834 30
835 667
835 9
835 13
836 407
836 513
836 288
837 65
837 461
837 697
838 17
838 619
838 4
839 4
839 676
839 400
840 16
840 26
840 32
841 279
841 24
841 466
842 1
842 333
842 359
843 293
843 272
843 17
844 0
844 240
844 222
845 78
845 522
845 404
846 45
846 19
846 41
847 31
847 1
847 344
848 7
848 6
848 228
849 461
849 210
849 611
850 110
850 807
850 36
851 764
851 93
851 297
852 414
852 728
852 464
853 93
853 23
853 270
854 701
854 4
854 16
855 74
855 6
855 849
856 634
856 9
856 45
857 440
857 779
857 626
858 29
858 87
858 0
859 404
859 638
859 570
860 650
860 6
860 511
861 59
861 98
861 10
862 4
862 1
862 754
863 699
863 680
863 22
864 26
864 446
864 6
865 83
865 184
865 1
866 231
866 764
866 212
867 279
867 371
867 84
868 612
868 22
868 686
869 380
869 37
869 497
870 248
870 65
870 77
871 483
871 303
871 145
872 132
872 517
872 215
873 797
873 33
873 6
874 170
874 308
874 3
875 313
875 493
875 147
876 33
876 293
876 343
877 184
877 315
877 644
878 7
878 1
878 853
879 678
879 38
879 284
880 663
880 526
880 35
881 8
881 839
881 6
882 559
882 1
882 248
883 122
883 42
883 235
884 3
884 53
884 446
885 586
885 34
885 286
886 611
886 73
886 343
887 589
887 4
887 54
888 628
888 2
888 493
889 599
889 7
889 633
890 632
890 548
890 1
891 546
891 228
891 221
892 353
892 213
892 851
893 488
893 14
893 29
894 293
894 355
894 184
895 152
895 240
895 722
896 779
896 216
896 279
897 573
897 1
897 851
898 293
898 37
898 29
899 40
899 673
899 105
900 54
900 4
900 119
901 325
901 105
901 660
902 74
902 708
902 330
903 77
903 33
903 504
904 446
904 207
904 213
905 833
905 522
905 76
906 284
906 51
906 103
907 279
907 102
907 501
908 9
908 20
908 509
909 36
909 442
909 791
910 95
910 50
910 0
911 597
911 698
911 66
912 323
912 800
912 58
913 900
913 187
913 532
914 871
914 126
914 248
915 201
915 682
915 360
916 297
916 122
916 196
917 0
917 582
917 200
918 9
918 779
918 84
919 16
919 184
919 875
920 189
920 398
920 252
921 78
921 181
921 891
922 498
922 53
922 37
923 786
923 215
923 638
924 524
924 91
924 857
925 231
925 685
925 160
926 188
926 230
926 694
927 0
927 533
927 392
928 365
928 218
928 59
929 33
929 588
929 1
930 718
930 184
930 646
931 31
931 125
931 84
932 182
932 407
932 213
933 261
933 799
933 86
934 840
934 74
934 682
935 2
935 475
935 247
936 34
936 72
936 704
937 155
937 653
937 89
938 238
938 24
938 680
939 137
939 109
939 181
940 184
940 634
940 41
941 681
941 875
941 250
942 447
942 297
942 660
943 665
943 11
943 38
944 29
944 847
944 100
945 659
945 125
945 200
946 62
946 34
946 221
947 802
947 916
947 24
948 575
948 187
948 887
949 7
949 31
949 662
950 117
950 215
950 4
951 4
951 195
951 166
952 87
952 33
952 513
953 851
953 727
953 149
954 0
954 419
954 656
955 0
955 450
955 71
956 380
956 509
956 9
957 682
957 414
957 0
958 34
958 0
958 1
959 742
959 375
959 29
960 29
960 883
960 37
961 875
961 100
961 117
962 23
962 748
962 315
963 16
963 279
963 507
964 69
964 195
964 124
965 826
965 521
965 72
966 759
966 55
966 404
967 290
967 710
967 212
968 284
968 860
968 81
969 82
969 784
969 702
970 571
970 347
970 888
971 50
971 5
971 45
972 432
972 33
972 723
973 715
973 53
973 227
974 646
974 361
974 238
975 8
975 372
975 74
976 633
976 33
976 808
977 533
977 368
977 529
978 0
978 735
978 289
979 14
979 453
979 8
980 11
980 221
980 847
981 475
981 840
981 507
982 661
982 14
982 227
983 865
983 483
983 9
984 27
984 129
984 29
985 22
985 663
985 314
986 6
986 83
986 49
987 46
987 959
987 69
988 137
988 784
988 417
989 943
989 23
989 571
990 146
990 848
990 89
991 147
991 726
991 242
992 975
992 166
992 832
993 4
993 280
993 639
994 24
994 38
994 704
995 886
995 287
995 920
996 387
996 829
996 639
997 361
997 188
997 913
998 5
998 49
998 221
999 216
999 349
999 599
