0 1
1 0
2 1
2 0
3 0
3 1
3 2
4 1
4 0
4 2
5 4
5 1
5 3
6 1
6 3
6 2
7 1
7 0
7 2
8 7
8 1
8 0
9 1
9 4
9 0
10 7
10 9
10 0
11 7
11 1
11 6
12 0
12 7
12 1
13 1
13 7
13 3
14 1
14 2
14 5
15 1
15 11
15 7
16 7
16 5
16 2
17 2
17 1
17 5
18 1
18 6
18 9
19 4
19 2
19 11
20 15
20 5
20 14
21 0
21 9
21 3
22 5
22 7
22 14
23 7
23 5
23 10
24 0
24 2
24 15
25 0
25 4
25 7
26 7
26 3
26 20
27 1
27 0
27 10
28 23
28 4
28 18
29 21
29 7
29 28
30 0
30 1
30 3
31 7
31 6
31 24
32 3
32 16
32 18
33 16
33 4
33 7
34 1
34 17
34 7
35 33
35 22
35 15
36 31
36 18
36 33
37 21
37 14
37 10
38 30
38 5
38 11
39 1
39 14
39 5
40 14
40 1
40 32
41 6
41 5
41 1
42 36
42 9
42 0
43 39
43 1
43 25
44 0
44 6
44 5
45 21
45 5
45 7
46 12
46 1
46 41
47 3
47 7
47 14
48 14
48 25
48 16
49 18
49 10
49 0
50 7
50 2
50 18
51 8
51 1
51 41
52 39
52 6
52 34
53 47
53 5
53 14
54 5
54 1
54 48
55 31
55 32
55 0
56 24
56 5
56 48
57 41
57 13
57 6
58 5
58 49
58 53
59 2
59 14
59 0
60 6
60 1
60 46
61 47
61 30
61 0
62 14
62 7
62 5
63 1
63 33
63 5
64 32
64 54
64 7
65 24
65 0
65 21
66 10
66 6
66 20
67 36
67 1
67 14
68 3
68 7
68 25
69 36
69 23
69 58
70 58
70 25
70 14
71 59
71 29
71 60
72 28
72 2
72 3
73 40
73 0
73 1
74 0
74 5
74 43
75 7
75 42
75 14
76 20
76 6
76 29
77 37
77 51
77 21
78 54
78 4
78 1
79 8
79 3
79 6
80 20
80 1
80 49
81 3
81 40
81 50
82 55
82 13
82 27
83 25
83 11
83 0
84 7
84 3
84 73
85 5
85 29
85 0
86 2
86 30
86 11
87 12
87 18
87 0
88 53
88 5
88 73
89 2
89 78
89 18
90 27
90 53
90 5
91 29
91 3
91 39
92 39
92 21
92 46
93 0
93 63
93 7
94 56
94 33
94 58
95 14
95 5
95 50
96 48
96 24
96 14
97 6
97 49
97 0
98 3
98 14
98 57
99 30
99 1
99 53
100 5
100 44
100 27
101 0
101 2
101 50
102 61
102 58
102 22
103 59
103 36
103 82
104 5
104 98
104 1
105 25
105 53
105 35
106 105
106 78
106 2
107 14
107 26
107 47
108 64
108 10
108 18
109 24
109 98
109 25
110 74
110 21
110 25
111 36
111 7
111 84
112 55
112 11
112 20
113 51
113 5
113 45
114 8
114 77
114 72
115 29
115 60
115 34
116 25
116 63
116 21
117 39
117 33
117 0
118 7
118 58
118 2
119 46
119 1
119 115
120 97
120 29
120 25
121 4
121 7
121 19
122 95
122 14
122 19
123 1
123 109
123 5
124 25
124 76
124 1
125 17
125 1
125 11
126 0
126 21
126 4
127 38
127 1
127 79
128 7
128 14
128 0
129 41
129 49
129 91
130 7
130 129
130 3
131 1
131 24
131 20
132 57
132 6
132 1
133 14
133 2
133 5
134 126
134 122
134 93
135 39
135 0
135 56
136 58
136 40
136 122
137 135
137 23
137 41
138 5
138 4
138 32
139 30
139 71
139 54
140 18
140 56
140 28
141 116
141 123
141 135
142 54
142 50
142 59
143 62
143 74
143 26
144 77
144 2
144 6
145 14
145 5
145 7
146 58
146 1
146 7
147 2
147 38
147 3
148 106
148 77
148 22
149 28
149 5
149 0
150 114
150 64
150 39
151 1
151 45
151 40
152 145
152 40
152 20
153 69
153 5
153 33
154 145
154 36
154 135
155 98
155 4
155 71
156 0
156 7
156 5
157 140
157 143
157 41
158 14
158 39
158 32
159 7
159 72
159 104
160 1
160 53
160 54
161 57
161 48
161 18
162 133
162 8
162 71
163 104
163 39
163 33
164 55
164 31
164 0
165 3
165 116
165 82
166 79
166 54
166 77
167 24
167 0
167 25
168 65
168 78
168 39
169 12
169 5
169 61
170 9
170 25
170 101
171 76
171 111
171 3
172 132
172 54
172 141
173 15
173 8
173 5
174 4
174 36
174 137
175 113
175 16
175 87
176 32
176 19
176 16
177 117
177 88
177 91
178 108
178 84
178 160
179 9
179 104
179 0
180 141
180 32
180 150
181 62
181 173
181 1
182 157
182 19
182 130
183 154
183 82
183 132
184 0
184 14
184 173
185 170
185 48
185 90
186 55
186 0
186 9
187 2
187 46
187 133
188 133
188 118
188 0
189 47
189 50
189 7
190 160
190 139
190 3
191 31
191 47
191 0
192 155
192 1
192 15
193 29
193 167
193 10
194 165
194 20
194 135
195 179
195 78
195 71
196 20
196 45
196 160
197 104
197 91
197 186
198 32
198 100
198 20
199 88
199 93
199 7
200 183
200 171
200 41
201 7
201 29
201 192
202 51
202 41
202 20
203 1
203 122
203 109
204 170
204 6
204 47
205 48
205 15
205 3
206 0
206 136
206 91
207 11
207 111
207 4
208 98
208 154
208 14
209 129
209 109
209 142
210 1
210 24
210 98
211 20
211 69
211 0
212 145
212 78
212 7
213 18
213 1
213 13
214 22
214 34
214 25
215 71
215 46
215 20
216 116
216 199
216 101
217 169
217 117
217 2
218 125
218 0
218 55
219 60
219 58
219 0
220 129
220 205
220 58
221 124
221 33
221 28
222 219
222 28
222 6
223 50
223 138
223 157
224 96
224 218
224 21
225 2
225 105
225 169
226 50
226 165
226 0
227 5
227 161
227 51
228 32
228 51
228 90
229 141
229 131
229 7
230 206
230 204
230 74
231 15
231 13
231 65
232 217
232 20
232 218
233 215
233 198
233 74
234 61
234 23
234 65
235 65
235 167
235 19
236 132
236 58
236 77
237 28
237 148
237 163
238 1
238 223
238 45
239 207
239 4
239 176
240 154
240 44
240 166
241 53
241 110
241 166
242 167
242 238
242 93
243 1
243 199
243 21
244 40
244 1
244 5
245 68
245 5
245 220
246 25
246 76
246 51
247 1
247 149
247 161
248 210
248 71
248 50
249 47
249 0
249 214
250 24
250 126
250 33
251 190
251 22
251 206
252 208
252 14
252 191
253 6
253 131
253 41
254 40
254 111
254 66
255 121
255 15
255 165
256 90
256 154
256 133
257 68
257 242
257 121
258 97
258 4
258 33
259 133
259 45
259 1
260 9
260 0
260 92
261 102
261 184
261 6
262 90
262 45
262 150
263 5
263 14
263 161
264 120
264 18
264 62
265 7
265 163
265 77
266 15
266 13
266 209
267 223
267 141
267 43
268 229
268 54
268 233
269 252
269 170
269 235
270 116
270 152
270 210
271 53
271 169
271 41
272 177
272 125
272 221
273 19
273 233
273 196
274 121
274 88
274 203
275 9
275 1
275 64
276 45
276 5
276 91
277 70
277 160
277 81
278 7
278 14
278 217
279 243
279 150
279 14
280 56
280 15
280 199
281 8
281 60
281 4
282 4
282 91
282 249
283 78
283 2
283 3
284 189
284 7
284 69
285 154
285 103
285 4
286 198
286 5
286 95
287 15
287 5
287 249
288 1
288 20
288 261
289 53
289 4
289 201
290 100
290 32
290 19
291 277
291 55
291 42
292 69
292 261
292 193
293 14
293 264
293 249
294 204
294 13
294 133
295 14
295 78
295 154
296 229
296 274
296 89
297 49
297 24
297 1
298 278
298 243
298 98
299 24
299 1
299 58
300 18
300 29
300 210
301 123
301 45
301 155
302 131
302 292
302 1
303 116
303 46
303 29
304 120
304 60
304 16
305 199
305 2
305 40
306 124
306 266
306 166
307 4
307 187
307 7
308 132
308 51
308 196
309 0
309 10
309 240
310 45
310 286
310 267
311 15
311 7
311 95
312 218
312 7
312 2
313 2
313 7
313 247
314 3
314 43
314 13
315 203
315 5
315 271
316 53
316 305
316 204
317 248
317 266
317 2
318 12
318 278
318 115
319 146
319 141
319 45
320 74
320 151
320 14
321 46
321 105
321 184
322 0
322 282
322 171
323 28
323 57
323 122
324 2
324 154
324 3
325 99
325 209
325 286
326 88
326 157
326 319
327 69
327 135
327 79
328 14
328 5
328 45
329 253
329 109
329 238
330 71
330 48
330 299
331 123
331 115
331 78
332 151
332 7
332 98
333 266
333 0
333 42
334 51
334 274
334 76
335 328
335 1
335 32
336 0
336 244
336 70
337 205
337 91
337 224
338 68
338 151
338 14
339 100
339 16
339 245
340 234
340 278
340 2
341 150
341 20
341 13
342 7
342 252
342 25
343 0
343 48
343 56
344 115
344 295
344 204
345 168
345 2
345 249
346 132
346 24
346 60
347 244
347 299
347 21
348 132
348 0
348 199
349 2
349 5
349 82
350 22
350 36
350 20
351 57
351 140
351 44
352 24
352 3
352 59
353 242
353 0
353 53
354 168
354 180
354 14
355 98
355 153
355 0
356 0
356 162
356 1
357 48
357 63
357 27
358 206
358 169
358 98
359 49
359 55
359 242
360 319
360 247
360 79
361 3
361 53
361 45
362 7
362 16
362 66
363 25
363 53
363 7
364 74
364 291
364 18
365 147
365 287
365 234
366 204
366 274
366 145
367 64
367 39
367 27
368 7
368 40
368 8
369 262
369 292
369 1
370 14
370 299
370 116
371 29
371 69
371 145
372 211
372 15
372 170
373 14
373 370
373 275
374 6
374 217
374 24
375 282
375 33
375 63
376 12
376 71
376 0
377 81
377 167
377 5
378 0
378 170
378 104
379 25
379 51
379 30
380 135
380 27
380 125
381 47
381 105
381 42
382 357
382 360
382 111
383 274
383 2
383 53
384 379
384 274
384 229
385 53
385 65
385 310
386 14
386 259
386 155
387 122
387 49
387 46
388 1
388 162
388 326
389 1
389 33
389 45
390 298
390 7
390 1
391 170
391 12
391 22
392 36
392 0
392 337
393 102
393 238
393 29
394 337
394 291
394 389
395 72
395 193
395 22
396 261
396 54
396 292
397 41
397 62
397 15
398 15
398 95
398 139
399 103
399 284
399 15
400 31
400 89
400 255
401 93
401 105
401 177
402 222
402 256
402 335
403 18
403 78
403 134
404 24
404 47
404 133
405 2
405 309
405 50
406 37
406 208
406 310
407 10
407 284
407 25
408 104
408 336
408 13
409 92
409 184
409 6
410 135
410 187
410 53
411 11
411 169
411 160
412 393
412 333
412 27
413 226
413 146
413 309
414 22
414 30
414 248
415 203
415 92
415 148
416 327
416 2
416 20
417 121
417 249
417 34
418 14
418 183
418 60
419 7
419 74
419 46
420 7
420 58
420 154
421 154
421 60
421 218
422 45
422 16
422 336
423 3
423 238
423 5
424 49
424 423
424 191
425 252
425 145
425 111
426 197
426 361
426 56
427 365
427 21
427 412
428 5
428 60
428 14
429 364
429 332
429 3
430 311
430 2
430 32
431 222
431 9
431 177
432 0
432 197
432 13
433 21
433 29
433 99
434 90
434 414
434 246
435 63
435 329
435 299
436 105
436 139
436 47
437 7
437 91
437 164
438 20
438 0
438 15
439 334
439 58
439 395
440 54
440 60
440 147
441 51
441 268
441 40
442 67
442 50
442 266
443 122
443 2
443 362
444 264
444 349
444 4
445 266
445 234
445 18
446 4
446 229
446 262
447 4
447 58
447 246
448 1
448 0
448 12
449 266
449 229
449 199
450 26
450 133
450 146
451 189
451 165
451 5
452 450
452 104
452 1
453 55
453 357
453 2
454 174
454 66
454 12
455 96
455 7
455 353
456 394
456 162
456 20
457 122
457 54
457 322
458 138
458 7
458 268
459 54
459 130
459 141
460 99
460 121
460 242
461 88
461 343
461 2
462 256
462 0
462 217
463 268
463 21
463 3
464 379
464 29
464 304
465 228
465 210
465 330
466 197
466 116
466 1
467 2
467 369
467 361
468 185
468 302
468 170
469 241
469 133
469 113
470 41
470 31
470 157
471 321
471 58
471 189
472 235
472 1
472 5
473 29
473 170
473 411
474 455
474 93
474 196
475 400
475 56
475 418
476 134
476 29
476 7
477 160
477 23
477 132
478 5
478 0
478 67
479 204
479 89
479 360
480 367
480 195
480 116
481 261
481 53
481 274
482 167
482 40
482 69
483 105
483 162
483 38
484 78
484 192
484 50
485 3
485 190
485 30
486 312
486 14
486 10
487 26
487 466
487 47
488 92
488 7
488 265
489 109
489 5
489 192
490 88
490 3
490 34
491 81
491 33
491 47
492 50
492 455
492 13
493 235
493 65
493 305
494 29
494 4
494 92
495 217
495 36
495 325
496 2
496 458
496 479
497 95
497 21
497 45
498 59
498 160
498 357
499 404
499 1
499 32
