0 1
0 2
0 3
0 4
0 6
0 8
0 14
1 0
1 2
1 3
1 4
1 11
2 1
2 0
2 3
2 5
2 6
2 8
2 9
2 10
2 11
2 13
2 17
3 2
3 0
3 1
3 4
3 5
3 7
3 8
3 13
3 16
3 19
4 3
4 0
4 1
4 5
4 6
4 7
4 12
4 17
4 19
5 2
5 4
5 3
5 9
5 12
5 18
6 4
6 2
6 0
6 7
6 11
6 12
6 16
7 3
7 6
7 4
7 10
8 2
8 3
8 0
8 9
8 10
8 14
8 15
8 18
9 2
9 5
9 8
10 2
10 7
10 8
11 1
11 6
11 2
12 5
12 4
12 6
12 13
12 14
12 16
12 19
13 3
13 2
13 12
13 15
13 18
14 8
14 12
14 0
14 15
15 13
15 8
15 14
16 6
16 12
16 3
16 17
17 16
17 2
17 4
18 8
18 5
18 13
19 12
19 4
19 3
