0 1
1 0
2 1
2 0
3 2
3 1
3 0
4 0
4 3
4 1
5 3
5 0
5 1
6 5
6 3
6 0
7 0
7 3
7 1
8 1
8 6
8 0
9 6
9 0
9 4
10 4
10 7
10 1
11 0
11 6
11 1
12 3
12 0
12 7
13 2
13 1
13 12
14 10
14 6
14 12
15 13
15 11
15 0
16 3
16 9
16 4
17 13
17 4
17 1
18 0
18 3
18 6
19 3
19 1
19 15
20 19
20 0
20 17
21 3
21 2
21 1
22 4
22 0
22 1
23 3
23 8
23 20
24 18
24 3
24 19
25 0
25 4
25 8
26 2
26 19
26 0
27 6
27 7
27 19
28 12
28 3
28 1
29 26
29 1
29 24
30 6
30 1
30 18
31 22
31 0
31 2
32 11
32 18
32 22
33 23
33 0
33 6
34 24
34 3
34 0
35 26
35 8
35 12
36 11
36 20
36 3
37 5
37 11
37 3
38 6
38 25
38 16
39 0
39 38
39 4
40 11
40 20
40 4
41 26
41 3
41 29
42 34
42 20
42 25
43 2
43 30
43 4
44 40
44 2
44 23
45 4
45 19
45 27
46 3
46 0
46 31
47 11
47 24
47 19
48 46
48 42
48 19
49 16
49 27
49 1
50 0
50 3
50 30
51 28
51 1
51 13
52 3
52 22
52 19
53 21
53 2
53 4
54 6
54 19
54 0
55 13
55 0
55 32
56 7
56 0
56 53
57 43
57 36
57 13
58 0
58 4
58 50
59 3
59 18
59 32
60 0
60 7
60 11
61 4
61 7
61 3
62 0
62 6
62 40
63 19
63 20
63 14
64 1
64 20
64 0
65 33
65 0
65 6
66 0
66 48
66 7
67 1
67 19
67 41
68 55
68 63
68 51
69 22
69 1
69 41
70 1
70 26
70 2
71 12
71 22
71 5
72 4
72 57
72 52
73 3
73 18
73 28
74 11
74 37
74 22
75 3
75 54
75 21
76 3
76 22
76 1
77 4
77 42
77 74
78 33
78 8
78 10
79 15
79 74
79 6
80 16
80 32
80 11
81 77
81 3
81 67
82 0
82 12
82 2
83 26
83 48
83 64
84 54
84 27
84 0
85 4
85 11
85 20
86 5
86 71
86 31
87 39
87 0
87 36
88 19
88 4
88 33
89 19
89 37
89 83
90 74
90 3
90 53
91 22
91 43
91 6
92 32
92 20
92 27
93 50
93 1
93 29
94 4
94 43
94 62
95 62
95 25
95 33
96 24
96 20
96 21
97 13
97 49
97 4
98 72
98 70
98 17
99 38
99 21
99 6
