0 1
0 2
0 3
0 4
0 7
0 8
0 30
0 32
0 34
0 36
0 46
1 0
1 2
1 3
1 5
1 6
1 7
1 9
1 11
1 15
1 16
1 18
1 19
1 30
1 31
2 1
2 0
2 3
2 4
2 5
2 10
2 12
2 13
2 14
2 15
2 19
2 20
2 22
2 24
2 40
3 0
3 1
3 2
3 4
3 5
3 9
3 12
3 13
3 17
3 20
3 21
3 23
3 29
3 42
4 0
4 2
4 3
4 6
4 10
4 12
4 20
4 22
4 25
4 37
4 41
5 3
5 1
5 2
5 6
5 13
5 16
5 17
5 22
5 26
5 28
5 29
5 33
5 35
5 42
5 48
6 1
6 4
6 5
6 7
6 8
6 23
6 26
6 27
6 36
6 45
6 48
7 0
7 1
7 6
7 8
7 9
7 15
7 19
7 32
7 44
8 7
8 0
8 6
8 10
8 11
8 21
8 46
9 7
9 3
9 1
9 11
9 16
9 23
10 2
10 8
10 4
10 18
10 24
10 45
11 8
11 9
11 1
11 14
11 27
11 34
11 48
12 3
12 4
12 2
12 18
12 33
13 5
13 2
13 3
13 14
13 17
13 25
13 37
13 47
14 13
14 2
14 11
14 40
14 41
14 43
15 2
15 1
15 7
15 29
15 34
16 1
16 5
16 9
16 46
17 5
17 13
17 3
18 10
18 1
18 12
19 2
19 7
19 1
19 27
19 30
20 4
20 3
20 2
20 21
20 28
20 31
20 33
20 36
20 38
20 49
21 3
21 8
21 20
21 26
22 5
22 2
22 4
22 39
23 3
23 6
23 9
23 24
23 25
23 28
23 31
23 32
23 35
24 2
24 10
24 23
24 39
24 43
25 23
25 4
25 13
26 21
26 5
26 6
27 6
27 19
27 11
27 35
27 45
28 23
28 5
28 20
29 5
29 3
29 15
29 39
30 1
30 19
30 0
30 43
31 23
31 20
31 1
31 37
32 23
32 7
32 0
32 38
32 44
32 47
33 12
33 5
33 20
33 41
34 15
34 11
34 0
34 42
35 23
35 27
35 5
35 38
35 49
36 0
36 20
36 6
37 31
37 13
37 4
38 35
38 20
38 32
38 49
39 22
39 29
39 24
39 40
40 39
40 14
40 2
41 14
41 4
41 33
42 5
42 34
42 3
42 47
43 24
43 30
43 14
43 44
44 43
44 7
44 32
45 27
45 10
45 6
46 0
46 16
46 8
47 42
47 13
47 32
48 5
48 11
48 6
49 35
49 38
49 20
