0 1
1 0
2 1
2 0
3 0
3 1
3 2
4 1
4 3
4 0
5 0
5 3
5 1
6 1
6 0
6 5
7 1
7 5
7 2
8 1
8 3
8 2
9 5
9 2
9 3
10 1
10 0
10 2
11 2
11 0
11 1
12 8
12 0
12 2
13 8
13 0
13 1
14 2
14 1
14 6
15 8
15 1
15 6
16 10
16 3
16 1
17 1
17 0
17 14
18 0
18 6
18 8
19 0
19 11
19 1
20 0
20 5
20 2
21 5
21 1
21 9
22 14
22 15
22 0
23 10
23 11
23 5
24 10
24 8
24 4
25 11
25 0
25 8
26 1
26 3
26 25
27 6
27 20
27 1
28 8
28 1
28 6
29 15
29 1
29 6
30 4
30 23
30 2
31 2
31 8
31 0
32 1
32 9
32 4
33 1
33 27
33 8
34 2
34 0
34 25
35 2
35 13
35 24
36 31
36 34
36 20
37 28
37 24
37 6
38 25
38 1
38 4
39 6
39 8
39 4
40 25
40 5
40 38
41 28
41 31
41 30
42 0
42 33
42 19
43 2
43 1
43 7
44 19
44 3
44 40
45 4
45 10
45 3
46 0
46 16
46 24
47 6
47 31
47 16
48 5
48 35
48 30
49 8
49 40
49 1
50 10
50 2
50 0
51 40
51 24
51 0
52 3
52 0
52 36
53 1
53 14
53 23
54 40
54 2
54 35
55 12
55 27
55 9
56 8
56 37
56 0
57 21
57 1
57 10
58 2
58 45
58 12
59 2
59 4
59 8
60 6
60 13
60 0
61 59
61 44
61 14
62 14
62 20
62 13
63 45
63 0
63 14
64 6
64 31
64 48
65 11
65 64
65 17
66 8
66 65
66 1
67 17
67 5
67 59
68 1
68 33
68 24
69 33
69 8
69 25
70 41
70 43
70 10
71 10
71 1
71 6
72 2
72 26
72 8
73 59
73 10
73 60
74 0
74 1
74 16
75 2
75 1
75 47
76 28
76 27
76 56
77 0
77 40
77 8
78 12
78 1
78 58
79 64
79 60
79 2
80 46
80 49
80 4
81 68
81 6
81 2
82 43
82 77
82 31
83 61
83 31
83 48
84 1
84 36
84 16
85 5
85 59
85 57
86 85
86 2
86 34
87 3
87 8
87 10
88 0
88 2
88 6
89 0
89 25
89 2
90 36
90 0
90 64
91 70
91 37
91 7
92 47
92 10
92 20
93 0
93 20
93 10
94 17
94 2
94 19
95 26
95 78
95 5
96 34
96 76
96 1
97 94
97 29
97 70
98 8
98 28
98 64
99 64
99 85
99 2
100 2
100 23
100 0
101 0
101 45
101 8
102 60
102 58
102 24
103 0
103 83
103 8
104 52
104 64
104 7
105 99
105 34
105 1
106 3
106 0
106 96
107 82
107 52
107 11
108 64
108 77
108 14
109 20
109 36
109 24
110 16
110 3
110 93
111 3
111 4
111 65
112 3
112 17
112 111
113 1
113 93
113 15
114 1
114 59
114 4
115 10
115 6
115 2
116 4
116 57
116 28
117 30
117 97
117 36
118 59
118 32
118 95
119 42
119 63
119 19
120 49
120 0
120 84
121 21
121 69
121 59
122 1
122 96
122 120
123 45
123 120
123 28
124 45
124 31
124 49
125 89
125 43
125 4
126 8
126 2
126 10
127 8
127 4
127 3
128 1
128 2
128 64
129 71
129 43
129 0
130 127
130 17
130 20
131 59
131 0
131 33
132 5
132 2
132 9
133 129
133 44
133 30
134 118
134 52
134 99
135 16
135 6
135 1
136 7
136 116
136 51
137 49
137 10
137 62
138 108
138 1
138 65
139 37
139 6
139 138
140 132
140 0
140 2
141 13
141 128
141 59
142 100
142 20
142 22
143 96
143 43
143 2
144 83
144 29
144 40
145 35
145 111
145 100
146 0
146 27
146 58
147 35
147 141
147 0
148 125
148 141
148 142
149 20
149 70
149 4
150 13
150 4
150 15
151 107
151 9
151 13
152 13
152 117
152 8
153 1
153 25
153 34
154 18
154 20
154 101
155 8
155 42
155 129
156 22
156 120
156 15
157 89
157 32
157 28
158 116
158 1
158 37
159 28
159 42
159 23
160 92
160 46
160 85
161 27
161 47
161 95
162 96
162 142
162 15
163 33
163 132
163 5
164 9
164 113
164 20
165 58
165 1
165 33
166 114
166 101
166 105
167 17
167 46
167 63
168 0
168 108
168 8
169 41
169 31
169 3
170 8
170 2
170 64
171 3
171 111
171 146
172 52
172 16
172 4
173 72
173 136
173 16
174 64
174 117
174 0
175 5
175 122
175 97
176 113
176 29
176 31
177 19
177 30
177 27
178 2
178 4
178 6
179 4
179 78
179 6
180 0
180 34
180 1
181 3
181 44
181 28
182 117
182 179
182 9
183 70
183 59
183 134
184 90
184 0
184 131
185 40
185 44
185 49
186 33
186 123
186 19
187 4
187 8
187 59
188 69
188 20
188 8
189 163
189 46
189 118
190 5
190 48
190 184
191 25
191 6
191 137
192 71
192 0
192 136
193 134
193 0
193 77
194 76
194 2
194 34
195 77
195 108
195 43
196 99
196 0
196 6
197 185
197 1
197 151
198 0
198 30
198 40
199 131
199 48
199 30
200 64
200 40
200 33
201 3
201 64
201 117
202 37
202 106
202 1
203 112
203 31
203 5
204 60
204 10
204 8
205 39
205 174
205 32
206 151
206 40
206 1
207 11
207 25
207 42
208 125
208 1
208 115
209 111
209 118
209 64
210 188
210 157
210 14
211 26
211 172
211 51
212 118
212 14
212 123
213 117
213 116
213 92
214 1
214 115
214 9
215 125
215 33
215 60
216 84
216 52
216 27
217 96
217 128
217 180
218 31
218 8
218 117
219 28
219 143
219 162
220 25
220 18
220 79
221 134
221 25
221 71
222 0
222 20
222 31
223 157
223 90
223 8
224 4
224 90
224 10
225 107
225 1
225 170
226 21
226 59
226 63
227 8
227 107
227 1
228 27
228 155
228 173
229 180
229 14
229 83
230 33
230 77
230 96
231 0
231 13
231 78
232 6
232 1
232 14
233 158
233 33
233 201
234 69
234 3
234 40
235 233
235 181
235 42
236 232
236 228
236 105
237 49
237 20
237 2
238 6
238 125
238 175
239 73
239 14
239 53
240 20
240 180
240 37
241 35
241 155
241 177
242 2
242 68
242 43
243 106
243 8
243 5
244 24
244 0
244 10
245 8
245 0
245 107
246 10
246 125
246 71
247 63
247 20
247 133
248 167
248 114
248 76
249 63
249 40
249 141
250 28
250 13
250 71
251 33
251 0
251 85
252 125
252 186
252 140
253 20
253 51
253 152
254 149
254 10
254 59
255 9
255 185
255 0
256 11
256 215
256 194
257 105
257 114
257 35
258 0
258 19
258 120
259 2
259 85
259 48
260 156
260 9
260 42
261 6
261 8
261 0
262 0
262 79
262 44
263 76
263 54
263 85
264 130
264 19
264 125
265 5
265 0
265 150
266 214
266 29
266 6
267 23
267 244
267 40
268 225
268 62
268 2
269 114
269 136
269 101
270 1
270 197
270 25
271 195
271 43
271 144
272 217
272 4
272 155
273 7
273 115
273 235
274 35
274 241
274 26
275 96
275 75
275 6
276 1
276 25
276 108
277 231
277 0
277 143
278 222
278 59
278 23
279 264
279 92
279 106
280 115
280 16
280 47
281 1
281 8
281 10
282 4
282 145
282 272
283 240
283 70
283 64
284 52
284 156
284 96
285 120
285 3
285 1
286 225
286 33
286 65
287 279
287 36
287 28
288 130
288 20
288 43
289 247
289 31
289 33
290 30
290 68
290 23
291 247
291 117
291 13
292 22
292 223
292 135
293 173
293 16
293 61
294 158
294 162
294 14
295 255
295 230
295 6
296 130
296 40
296 191
297 210
297 28
297 74
298 185
298 3
298 6
299 185
299 32
299 48
300 15
300 162
300 0
301 52
301 85
301 5
302 151
302 298
302 27
303 1
303 110
303 31
304 127
304 132
304 20
305 171
305 111
305 211
306 2
306 34
306 180
307 0
307 5
307 247
308 66
308 13
308 281
309 86
309 65
309 48
310 127
310 227
310 6
311 33
311 40
311 98
312 116
312 16
312 173
313 33
313 142
313 0
314 96
314 105
314 54
315 3
315 108
315 20
316 59
316 125
316 10
317 10
317 93
317 79
318 6
318 185
318 233
319 142
319 24
319 18
320 40
320 74
320 143
321 206
321 302
321 3
322 182
322 11
322 155
323 8
323 6
323 313
324 135
324 81
324 1
325 71
325 160
325 198
326 227
326 59
326 63
327 189
327 283
327 8
328 31
328 8
328 40
329 63
329 302
329 59
330 169
330 150
330 2
331 11
331 49
331 59
332 35
332 5
332 264
333 19
333 30
333 2
334 15
334 10
334 123
335 329
335 116
335 28
336 108
336 100
336 23
337 242
337 56
337 47
338 16
338 1
338 95
339 14
339 4
339 120
340 214
340 145
340 332
341 31
341 14
341 192
342 0
342 33
342 6
343 45
343 127
343 0
344 284
344 115
344 315
345 40
345 312
345 230
346 140
346 273
346 136
347 61
347 98
347 25
348 25
348 27
348 104
349 167
349 30
349 5
350 160
350 289
350 10
351 98
351 111
351 89
352 340
352 53
352 52
353 284
353 134
353 212
354 1
354 4
354 115
355 59
355 0
355 293
356 20
356 0
356 7
357 122
357 279
357 150
358 43
358 3
358 11
359 146
359 138
359 305
360 15
360 293
360 27
361 101
361 0
361 147
362 233
362 13
362 77
363 57
363 10
363 125
364 95
364 222
364 356
365 273
365 47
365 121
366 8
366 0
366 184
367 47
367 71
367 100
368 167
368 164
368 155
369 31
369 40
369 337
370 237
370 266
370 1
371 98
371 14
371 362
372 316
372 301
372 41
373 359
373 120
373 202
374 11
374 110
374 107
375 312
375 40
375 88
376 217
376 304
376 45
377 174
377 0
377 300
378 192
378 163
378 31
379 30
379 46
379 100
380 41
380 36
380 85
381 5
381 33
381 123
382 2
382 116
382 120
383 1
383 22
383 223
384 5
384 24
384 107
385 314
385 167
385 40
386 155
386 2
386 95
387 299
387 90
387 210
388 173
388 142
388 2
389 168
389 113
389 308
390 44
390 64
390 107
391 130
391 123
391 92
392 350
392 130
392 12
393 8
393 16
393 90
394 6
394 51
394 43
395 116
395 230
395 0
396 292
396 0
396 100
397 99
397 74
397 112
398 154
398 79
398 6
399 28
399 1
399 397
400 37
400 181
400 338
401 1
401 215
401 136
402 116
402 1
402 35
403 302
403 155
403 294
404 221
404 35
404 245
405 246
405 271
405 66
406 45
406 150
406 368
407 335
407 49
407 0
408 51
408 185
408 40
409 270
409 6
409 20
410 147
410 216
410 58
411 34
411 9
411 3
412 379
412 26
412 127
413 335
413 174
413 238
414 134
414 29
414 141
415 193
415 33
415 59
416 1
416 401
416 39
417 93
417 105
417 239
418 220
418 199
418 247
419 287
419 172
419 142
420 184
420 210
420 82
421 212
421 289
421 94
422 268
422 226
422 6
423 114
423 79
423 272
424 226
424 143
424 62
425 11
425 6
425 260
426 63
426 122
426 27
427 139
427 0
427 72
428 281
428 2
428 310
429 96
429 52
429 16
430 13
430 127
430 114
431 406
431 63
431 49
432 0
432 327
432 211
433 10
433 227
433 195
434 307
434 153
434 134
435 288
435 10
435 50
436 20
436 151
436 13
437 8
437 78
437 209
438 1
438 130
438 289
439 1
439 43
439 35
440 19
440 406
440 117
441 117
441 1
441 47
442 325
442 273
442 210
443 58
443 63
443 30
444 169
444 22
444 27
445 9
445 341
445 201
446 331
446 14
446 173
447 84
447 194
447 175
448 5
448 14
448 25
449 2
449 110
449 322
450 443
450 73
450 123
451 28
451 61
451 301
452 163
452 98
452 213
453 46
453 2
453 193
454 25
454 169
454 52
455 12
455 169
455 143
456 55
456 317
456 442
457 172
457 393
457 257
458 39
458 164
458 137
459 125
459 141
459 432
460 111
460 48
460 245
461 3
461 230
461 20
462 379
462 280
462 400
463 79
463 59
463 348
464 385
464 337
464 358
465 73
465 397
465 261
466 90
466 27
466 5
467 63
467 96
467 175
468 46
468 293
468 2
469 325
469 62
469 141
470 283
470 13
470 356
471 322
471 112
471 4
472 156
472 62
472 10
473 216
473 172
473 226
474 42
474 31
474 406
475 56
475 350
475 111
476 148
476 64
476 467
477 262
477 13
477 322
478 231
478 121
478 1
479 114
479 20
479 478
480 124
480 155
480 143
481 164
481 90
481 63
482 286
482 205
482 28
483 76
483 324
483 1
484 90
484 216
484 80
485 110
485 6
485 0
486 443
486 230
486 222
487 20
487 120
487 13
488 201
488 10
488 121
489 156
489 312
489 285
490 110
490 91
490 98
491 149
491 36
491 93
492 52
492 429
492 368
493 361
493 208
493 73
494 302
494 440
494 11
495 45
495 10
495 477
496 48
496 2
496 114
497 8
497 312
497 28
498 78
498 384
498 111
499 271
499 48
499 216
