0 1
0 2
0 3
1 0
1 2
1 3
2 0
2 1
2 3
3 1
3 2
3 0
4 0
4 2
4 3
5 2
5 0
5 1
6 0
6 3
6 2
7 0
7 1
7 6
8 3
8 1
8 0
9 2
9 3
9 0
10 4
10 2
10 9
11 1
11 10
11 2
12 3
12 0
12 1
13 7
13 9
13 3
14 2
14 0
14 3
15 0
15 11
15 9
16 0
16 5
16 9
17 7
17 1
17 0
18 1
18 11
18 0
19 1
19 10
19 2
20 7
20 5
20 9
21 7
21 2
21 6
22 0
22 14
22 7
23 2
23 11
23 0
24 6
24 0
24 1
25 2
25 7
25 22
26 0
26 3
26 7
27 19
27 5
27 3
28 3
28 22
28 0
29 11
29 10
29 3
30 29
30 10
30 2
31 10
31 3
31 24
32 11
32 0
32 1
33 14
33 1
33 0
34 2
34 25
34 0
35 3
35 13
35 27
36 2
36 5
36 4
37 1
37 19
37 9
38 6
38 34
38 9
39 26
39 3
39 6
40 2
40 3
40 31
41 13
41 0
41 6
42 5
42 2
42 4
43 1
43 11
43 12
44 4
44 13
44 32
45 1
45 36
45 17
46 11
46 2
46 8
47 40
47 7
47 4
48 19
48 0
48 9
49 3
49 6
49 19
50 2
50 3
50 19
51 1
51 7
51 39
52 31
52 2
52 10
53 1
53 10
53 0
54 3
54 2
54 1
55 16
55 5
55 15
56 31
56 34
56 1
57 5
57 3
57 2
58 53
58 10
58 3
59 15
59 4
59 8
60 47
60 0
60 45
61 11
61 19
61 16
62 50
62 46
62 2
63 53
63 27
63 0
64 22
64 49
64 6
65 43
65 14
65 2
66 46
66 33
66 62
67 1
67 14
67 7
68 64
68 10
68 5
69 48
69 39
69 46
70 61
70 50
70 2
71 18
71 3
71 12
72 24
72 15
72 22
73 57
73 8
73 2
74 3
74 57
74 22
75 0
75 7
75 5
76 46
76 33
76 2
77 19
77 16
77 48
78 53
78 17
78 11
79 64
79 69
79 51
80 53
80 59
80 9
81 7
81 47
81 9
82 38
82 57
82 3
83 7
83 22
83 0
84 1
84 38
84 24
85 3
85 29
85 40
86 6
86 43
86 10
87 2
87 5
87 4
88 64
88 7
88 25
89 0
89 10
89 14
90 30
90 29
90 41
91 11
91 26
91 9
92 50
92 5
92 14
93 38
93 6
93 2
94 18
94 58
94 31
95 14
95 53
95 11
96 1
96 69
96 35
97 3
97 31
97 33
98 67
98 61
98 6
99 0
99 57
99 26
100 12
100 9
100 0
101 1
101 72
101 76
102 6
102 35
102 93
103 0
103 102
103 13
104 49
104 33
104 14
105 2
105 10
105 0
106 0
106 33
106 21
107 31
107 7
107 1
108 9
108 4
108 1
109 53
109 2
109 57
110 2
110 50
110 35
111 0
111 75
111 11
112 50
112 33
112 92
113 8
113 3
113 31
114 0
114 17
114 14
115 113
115 99
115 63
116 82
116 0
116 70
117 108
117 14
117 17
118 57
118 115
118 10
119 27
119 74
119 111
120 12
120 50
120 11
121 0
121 10
121 1
122 90
122 97
122 87
123 22
123 42
123 1
124 1
124 69
124 64
125 67
125 55
125 101
126 30
126 2
126 35
127 2
127 30
127 38
128 79
128 26
128 127
129 4
129 11
129 71
130 2
130 0
130 11
131 5
131 9
131 3
132 81
132 84
132 3
133 1
133 90
133 14
134 25
134 17
134 94
135 28
135 1
135 21
136 28
136 7
136 94
137 55
137 0
137 25
138 45
138 121
138 40
139 17
139 91
139 3
140 46
140 25
140 47
141 31
141 82
141 121
142 49
142 24
142 2
143 121
143 0
143 81
144 42
144 6
144 122
145 2
145 12
145 25
146 39
146 36
146 62
147 128
147 27
147 36
148 128
148 1
148 137
149 84
149 37
149 148
150 1
150 6
150 10
151 2
151 22
151 91
152 53
152 3
152 2
153 67
153 35
153 2
154 76
154 73
154 5
155 9
155 94
155 31
156 0
156 33
156 6
157 81
157 31
157 155
158 1
158 6
158 122
159 101
159 56
159 110
160 145
160 4
160 128
161 146
161 22
161 3
162 99
162 100
162 29
163 152
163 58
163 10
164 23
164 7
164 3
165 14
165 22
165 93
166 9
166 14
166 27
167 57
167 2
167 81
168 7
168 58
168 140
169 87
169 31
169 2
170 150
170 5
170 38
171 32
171 0
171 128
172 0
172 98
172 31
173 2
173 15
173 25
174 146
174 2
174 64
175 31
175 2
175 140
176 99
176 130
176 6
177 3
177 4
177 76
178 9
178 4
178 125
179 1
179 35
179 152
180 19
180 48
180 11
181 38
181 70
181 1
182 21
182 6
182 73
183 32
183 78
183 169
184 100
184 152
184 165
185 18
185 46
185 85
186 59
186 53
186 3
187 180
187 3
187 0
188 54
188 108
188 1
189 127
189 0
189 58
190 50
190 74
190 103
191 3
191 0
191 36
192 67
192 6
192 48
193 3
193 90
193 157
194 83
194 154
194 74
195 78
195 16
195 3
196 75
196 53
196 0
197 0
197 31
197 130
198 136
198 31
198 11
199 24
199 112
199 50
200 61
200 2
200 114
201 122
201 79
201 5
202 31
202 24
202 176
203 118
203 59
203 86
204 3
204 121
204 91
205 10
205 0
205 50
206 3
206 14
206 38
207 17
207 78
207 163
208 207
208 40
208 24
209 79
209 3
209 8
210 16
210 168
210 7
211 97
211 20
211 53
212 4
212 95
212 78
213 72
213 14
213 3
214 40
214 47
214 165
215 72
215 3
215 8
216 0
216 3
216 54
217 176
217 85
217 0
218 152
218 34
218 145
219 203
219 26
219 25
220 39
220 161
220 60
221 170
221 136
221 0
222 180
222 22
222 58
223 153
223 29
223 87
224 38
224 2
224 57
225 210
225 10
225 41
226 68
226 3
226 0
227 9
227 34
227 10
228 138
228 117
228 77
229 2
229 104
229 140
230 207
230 192
230 3
231 111
231 76
231 14
232 176
232 67
232 194
233 24
233 1
233 54
234 153
234 22
234 95
235 0
235 213
235 48
236 47
236 3
236 219
237 63
237 3
237 81
238 0
238 147
238 106
239 3
239 8
239 92
240 76
240 14
240 75
241 161
241 12
241 2
242 1
242 220
242 59
243 8
243 122
243 9
244 50
244 62
244 1
245 98
245 15
245 14
246 127
246 172
246 8
247 3
247 5
247 87
248 0
248 10
248 193
249 28
249 150
249 2
250 215
250 0
250 225
251 167
251 243
251 163
252 4
252 13
252 243
253 49
253 116
253 113
254 63
254 11
254 196
255 123
255 115
255 10
256 3
256 145
256 19
257 9
257 243
257 59
258 98
258 10
258 232
259 10
259 40
259 57
260 163
260 0
260 56
261 7
261 143
261 1
262 102
262 153
262 3
263 24
263 203
263 82
264 30
264 210
264 39
265 111
265 134
265 244
266 25
266 194
266 111
267 9
267 1
267 22
268 117
268 141
268 6
269 6
269 47
269 90
270 223
270 136
270 0
271 24
271 35
271 2
272 7
272 167
272 242
273 8
273 231
273 50
274 55
274 67
274 42
275 272
275 50
275 255
276 264
276 271
276 17
277 154
277 84
277 244
278 11
278 7
278 222
279 134
279 6
279 85
280 11
280 39
280 58
281 48
281 111
281 203
282 95
282 75
282 235
283 2
283 16
283 120
284 1
284 42
284 7
285 55
285 7
285 24
286 87
286 1
286 30
287 113
287 247
287 31
288 98
288 117
288 2
289 56
289 43
289 116
290 208
290 5
290 3
291 16
291 14
291 1
292 269
292 59
292 4
293 71
293 11
293 95
294 107
294 122
294 6
295 79
295 101
295 9
296 116
296 131
296 277
297 242
297 138
297 73
298 71
298 1
298 53
299 2
299 3
299 109
300 147
300 61
300 273
301 111
301 0
301 18
302 3
302 26
302 136
303 191
303 134
303 109
304 89
304 31
304 153
305 105
305 3
305 186
306 45
306 9
306 3
307 36
307 99
307 33
308 78
308 17
308 221
309 244
309 6
309 18
310 139
310 238
310 215
311 50
311 160
311 1
312 288
312 34
312 6
313 1
313 14
313 303
314 53
314 0
314 31
315 1
315 187
315 201
316 64
316 154
316 272
317 5
317 11
317 315
318 152
318 63
318 143
319 121
319 136
319 127
320 109
320 125
320 192
321 20
321 57
321 155
322 231
322 5
322 112
323 31
323 211
323 10
324 2
324 8
324 108
325 1
325 125
325 243
326 121
326 68
326 81
327 10
327 67
327 247
328 247
328 163
328 40
329 127
329 317
329 171
330 127
330 297
330 112
331 90
331 157
331 76
332 311
332 148
332 239
333 58
333 28
333 36
334 125
334 127
334 303
335 2
335 3
335 120
336 9
336 2
336 24
337 174
337 4
337 311
338 42
338 139
338 206
339 62
339 261
339 15
340 174
340 4
340 0
341 2
341 117
341 152
342 227
342 62
342 50
343 92
343 10
343 55
344 177
344 256
344 20
345 303
345 169
345 153
346 29
346 0
346 315
347 180
347 37
347 304
348 152
348 28
348 21
349 321
349 11
349 88
350 11
350 0
350 246
351 113
351 165
351 26
352 59
352 10
352 0
353 5
353 27
353 260
354 209
354 4
354 143
355 92
355 346
355 236
356 40
356 3
356 11
357 57
357 163
357 192
358 117
358 59
358 231
359 48
359 3
359 111
360 359
360 62
360 91
361 172
361 6
361 29
362 7
362 3
362 90
363 165
363 72
363 216
364 7
364 33
364 29
365 17
365 19
365 34
366 59
366 346
366 53
367 1
367 150
367 71
368 342
368 20
368 244
369 288
369 280
369 113
370 98
370 159
370 119
371 236
371 30
371 3
372 71
372 309
372 354
373 292
373 2
373 3
374 87
374 238
374 186
375 57
375 59
375 34
376 0
376 53
376 186
377 14
377 243
377 95
378 159
378 25
378 207
379 28
379 14
379 181
380 252
380 72
380 209
381 357
381 376
381 76
382 6
382 7
382 299
383 91
383 104
383 7
384 277
384 30
384 46
385 3
385 359
385 122
386 76
386 20
386 2
387 42
387 0
387 140
388 210
388 5
388 183
389 236
389 211
389 7
390 186
390 161
390 35
391 119
391 57
391 169
392 20
392 176
392 5
393 229
393 3
393 339
394 110
394 386
394 2
395 62
395 381
395 68
396 198
396 370
396 155
397 9
397 67
397 15
398 22
398 108
398 283
399 261
399 2
399 111
400 324
400 19
400 11
401 9
401 14
401 1
402 46
402 314
402 163
403 251
403 46
403 7
404 206
404 153
404 71
405 135
405 178
405 343
406 22
406 33
406 240
407 207
407 317
407 111
408 372
408 207
408 1
409 131
409 290
409 0
410 31
410 129
410 57
411 81
411 8
411 59
412 57
412 8
412 14
413 182
413 67
413 299
414 338
414 0
414 111
415 174
415 27
415 1
416 297
416 82
416 40
417 53
417 18
417 13
418 416
418 104
418 233
419 39
419 81
419 9
420 171
420 165
420 412
421 11
421 142
421 1
422 24
422 163
422 33
423 240
423 395
423 2
424 115
424 394
424 303
425 239
425 343
425 127
426 59
426 159
426 3
427 346
427 97
427 130
428 216
428 134
428 423
429 283
429 84
429 276
430 38
430 30
430 90
431 14
431 206
431 295
432 11
432 2
432 26
433 202
433 266
433 313
434 2
434 35
434 61
435 120
435 3
435 304
436 0
436 11
436 94
437 30
437 233
437 153
438 356
438 264
438 410
439 114
439 58
439 125
440 138
440 421
440 117
441 53
441 83
441 86
442 207
442 263
442 58
443 243
443 42
443 374
444 297
444 105
444 279
445 199
445 0
445 22
446 26
446 314
446 42
447 357
447 190
447 381
448 3
448 392
448 93
449 320
449 386
449 201
450 46
450 277
450 35
451 438
451 448
451 99
452 376
452 33
452 163
453 190
453 303
453 9
454 117
454 168
454 169
455 245
455 429
455 0
456 2
456 240
456 165
457 1
457 247
457 6
458 17
458 56
458 3
459 402
459 9
459 386
460 88
460 0
460 238
461 76
461 27
461 174
462 3
462 7
462 14
463 249
463 115
463 31
464 111
464 266
464 302
465 231
465 40
465 421
466 461
466 446
466 190
467 168
467 386
467 225
468 94
468 78
468 101
469 47
469 40
469 192
470 460
470 122
470 303
471 17
471 14
471 174
472 428
472 111
472 5
473 37
473 170
473 0
474 333
474 337
474 268
475 272
475 288
475 125
476 11
476 90
476 395
477 363
477 127
477 9
478 30
478 243
478 35
479 290
479 10
479 316
480 373
480 317
480 95
481 261
481 362
481 78
482 338
482 47
482 384
483 44
483 4
483 46
484 290
484 235
484 162
485 111
485 410
485 201
486 4
486 57
486 3
487 220
487 172
487 439
488 0
488 266
488 17
489 447
489 265
489 3
490 76
490 359
490 437
491 10
491 38
491 59
492 341
492 298
492 252
493 71
493 118
493 1
494 107
494 2
494 247
495 83
495 1
495 272
496 426
496 117
496 489
497 260
497 165
497 294
498 11
498 10
498 469
499 192
499 35
499 51
