0 1
0 2
0 3
1 0
1 2
1 3
2 1
2 0
2 3
3 1
3 0
3 2
4 3
4 1
4 0
5 4
5 0
5 1
6 3
6 0
6 4
7 0
7 3
7 1
8 1
8 6
8 2
9 3
9 6
9 2
10 1
10 3
10 0
11 9
11 0
11 6
12 7
12 6
12 0
13 10
13 0
13 3
14 4
14 2
14 0
15 8
15 1
15 2
16 2
16 5
16 9
17 13
17 3
17 6
18 1
18 12
18 15
19 6
19 13
19 9
20 7
20 3
20 1
21 15
21 8
21 2
22 14
22 6
22 10
23 6
23 1
23 7
24 6
24 8
24 3
25 20
25 6
25 13
26 6
26 2
26 0
27 17
27 12
27 1
28 7
28 1
28 0
29 0
29 23
29 3
30 8
30 6
30 26
31 2
31 30
31 7
32 27
32 10
32 14
33 3
33 12
33 9
34 21
34 9
34 28
35 18
35 1
35 9
36 9
36 7
36 23
37 6
37 30
37 32
38 3
38 1
38 19
39 9
39 5
39 7
40 9
40 1
40 30
41 21
41 3
41 1
42 38
42 0
42 19
43 21
43 10
43 20
44 1
44 5
44 30
45 18
45 16
45 9
46 0
46 3
46 19
47 1
47 6
47 13
48 3
48 6
48 10
49 16
49 1
49 44
50 3
50 34
50 1
51 33
51 0
51 7
52 19
52 12
52 7
53 0
53 33
53 10
54 24
54 1
54 3
55 38
55 3
55 4
56 33
56 2
56 10
57 10
57 1
57 2
58 0
58 31
58 1
59 0
59 54
59 56
60 10
60 26
60 39
61 22
61 3
61 12
62 8
62 10
62 35
63 51
63 10
63 31
64 36
64 2
64 3
65 5
65 38
65 9
66 18
66 23
66 0
67 5
67 1
67 4
68 10
68 12
68 27
69 16
69 0
69 2
70 57
70 12
70 27
71 66
71 3
71 36
72 49
72 19
72 1
73 1
73 17
73 18
74 1
74 22
74 38
75 2
75 6
75 74
76 32
76 1
76 64
77 30
77 19
77 5
78 15
78 1
78 23
79 3
79 32
79 17
80 44
80 5
80 36
81 1
81 42
81 10
82 61
82 5
82 17
83 76
83 10
83 62
84 34
84 42
84 11
85 7
85 52
85 5
86 49
86 10
86 48
87 10
87 49
87 25
88 8
88 21
88 43
89 5
89 40
89 3
90 21
90 6
90 0
91 2
91 34
91 9
92 0
92 12
92 38
93 17
93 1
93 57
94 3
94 12
94 0
95 3
95 7
95 13
96 50
96 60
96 17
97 2
97 20
97 41
98 52
98 0
98 3
99 18
99 1
99 19
100 2
100 21
100 12
101 6
101 0
101 1
102 5
102 32
102 69
103 49
103 30
103 86
104 77
104 61
104 3
105 0
105 55
105 3
106 10
106 0
106 97
107 6
107 0
107 44
108 48
108 20
108 39
109 45
109 58
109 99
110 45
110 27
110 78
111 67
111 10
111 3
112 45
112 21
112 61
113 77
113 66
113 4
114 1
114 2
114 6
115 64
115 21
115 100
116 13
116 3
116 60
117 74
117 80
117 37
118 61
118 3
118 10
119 27
119 41
119 10
120 4
120 10
120 8
121 65
121 30
121 21
122 6
122 5
122 30
123 85
123 1
123 10
124 69
124 0
124 20
125 6
125 0
125 36
126 3
126 21
126 76
127 38
127 18
127 4
128 37
128 10
128 34
129 17
129 91
129 26
130 79
130 58
130 1
131 0
131 12
131 97
132 11
132 6
132 0
133 37
133 10
133 0
134 12
134 86
134 97
135 109
135 100
135 15
136 67
136 9
136 59
137 34
137 10
137 37
138 13
138 53
138 10
139 119
139 102
139 17
140 116
140 1
140 7
141 91
141 6
141 49
142 7
142 74
142 76
143 68
143 26
143 92
144 97
144 111
144 42
145 126
145 32
145 6
146 2
146 1
146 67
147 10
147 3
147 33
148 0
148 23
148 51
149 9
149 12
149 38
150 51
150 6
150 124
151 1
151 136
151 17
152 32
152 2
152 102
153 72
153 42
153 17
154 116
154 53
154 40
155 142
155 62
155 29
156 3
156 55
156 102
157 1
157 143
157 119
158 10
158 59
158 42
159 3
159 113
159 91
160 4
160 50
160 1
161 13
161 7
161 79
162 67
162 122
162 140
163 155
163 37
163 96
164 13
164 12
164 46
165 2
165 17
165 73
166 3
166 42
166 163
167 32
167 126
167 2
168 102
168 23
168 126
169 3
169 0
169 63
170 3
170 146
170 52
171 37
171 2
171 21
172 131
172 12
172 167
173 63
173 126
173 131
174 76
174 116
174 7
175 1
175 152
175 32
176 31
176 3
176 171
177 0
177 49
177 17
178 1
178 32
178 40
179 22
179 91
179 3
180 21
180 60
180 161
181 75
181 65
181 1
182 19
182 33
182 8
183 10
183 1
183 0
184 2
184 5
184 145
185 6
185 34
185 150
186 125
186 92
186 133
187 106
187 10
187 61
188 130
188 0
188 8
189 0
189 53
189 40
190 54
190 172
190 65
191 72
191 49
191 75
192 71
192 31
192 0
193 167
193 107
193 50
194 57
194 8
194 12
195 10
195 160
195 137
196 126
196 107
196 6
197 24
197 150
197 32
198 1
198 12
198 7
199 149
199 79
199 131
200 9
200 1
200 86
201 80
201 116
201 3
202 114
202 2
202 10
203 154
203 2
203 195
204 112
204 7
204 32
205 13
205 47
205 174
206 7
206 37
206 8
207 46
207 74
207 19
208 176
208 73
208 198
209 6
209 193
209 19
210 63
210 15
210 9
211 17
211 89
211 124
212 144
212 210
212 106
213 83
213 79
213 2
214 6
214 76
214 4
215 130
215 135
215 34
216 175
216 44
216 125
217 156
217 3
217 115
218 26
218 164
218 196
219 140
219 49
219 23
220 3
220 73
220 137
221 19
221 8
221 11
222 47
222 4
222 136
223 194
223 73
223 61
224 18
224 17
224 47
225 75
225 43
225 50
226 176
226 108
226 9
227 5
227 11
227 9
228 8
228 137
228 149
229 13
229 42
229 212
230 124
230 154
230 12
231 64
231 115
231 154
232 8
232 181
232 67
233 155
233 59
233 186
234 159
234 52
234 10
235 7
235 2
235 112
236 140
236 197
236 44
237 35
237 12
237 115
238 104
238 149
238 7
239 102
239 101
239 155
240 10
240 50
240 73
241 26
241 8
241 174
242 12
242 0
242 1
243 116
243 83
243 0
244 55
244 2
244 8
245 236
245 136
245 35
246 90
246 97
246 7
247 31
247 0
247 2
248 17
248 126
248 88
249 26
249 233
249 32
250 147
250 118
250 16
251 60
251 139
251 5
252 3
252 1
252 227
253 0
253 31
253 117
254 29
254 2
254 77
255 11
255 47
255 161
256 13
256 30
256 79
257 162
257 160
257 230
258 27
258 68
258 3
259 126
259 73
259 4
260 197
260 127
260 26
261 47
261 138
261 260
262 150
262 61
262 126
263 6
263 29
263 3
264 80
264 60
264 4
265 83
265 10
265 247
266 178
266 174
266 41
267 179
267 40
267 144
268 246
268 205
268 257
269 97
269 245
269 93
270 144
270 19
270 188
271 2
271 12
271 49
272 69
272 266
272 60
273 114
273 0
273 35
274 0
274 31
274 39
275 12
275 255
275 27
276 248
276 256
276 22
277 73
277 64
277 90
278 199
278 8
278 4
279 74
279 102
279 8
280 33
280 5
280 60
281 147
281 68
281 6
282 181
282 195
282 100
283 3
283 52
283 175
284 189
284 182
284 83
285 144
285 8
285 1
286 10
286 118
286 41
287 2
287 227
287 26
288 10
288 144
288 62
289 179
289 3
289 72
290 14
290 85
290 0
291 10
291 134
291 107
292 59
292 99
292 40
293 5
293 6
293 102
294 2
294 59
294 214
295 262
295 49
295 31
296 132
296 1
296 12
297 273
297 104
297 139
298 148
298 235
298 17
299 193
299 1
299 0
300 183
300 41
300 244
301 241
301 233
301 64
302 60
302 155
302 0
303 273
303 258
303 131
304 37
304 221
304 1
305 238
305 192
305 153
306 106
306 3
306 0
307 74
307 83
307 210
308 59
308 3
308 2
309 38
309 0
309 122
310 10
310 251
310 3
311 183
311 302
311 12
312 8
312 303
312 293
313 55
313 201
313 247
314 77
314 16
314 44
315 6
315 0
315 203
316 80
316 6
316 3
317 213
317 56
317 194
318 40
318 242
318 7
319 92
319 311
319 156
320 137
320 255
320 152
321 208
321 198
321 186
322 97
322 181
322 159
323 241
323 154
323 155
324 236
324 48
324 30
325 168
325 122
325 40
326 143
326 42
326 8
327 10
327 225
327 38
328 38
328 1
328 67
329 43
329 259
329 289
330 57
330 92
330 83
331 237
331 254
331 5
332 213
332 64
332 20
333 142
333 6
333 315
334 154
334 159
334 21
335 0
335 187
335 90
336 26
336 149
336 67
337 106
337 38
337 17
338 64
338 12
338 81
339 103
339 8
339 71
340 2
340 14
340 22
341 184
341 18
341 332
342 30
342 0
342 1
343 107
343 212
343 287
344 248
344 335
344 85
345 187
345 321
345 2
346 212
346 12
346 155
347 42
347 71
347 8
348 324
348 60
348 33
349 329
349 203
349 0
350 116
350 106
350 209
351 142
351 42
351 102
352 1
352 48
352 141
353 0
353 102
353 18
354 267
354 42
354 69
355 114
355 180
355 1
356 281
356 235
356 166
357 290
357 0
357 23
358 332
358 0
358 10
359 57
359 176
359 286
360 15
360 20
360 35
361 22
361 159
361 254
362 35
362 340
362 3
363 133
363 126
363 32
364 0
364 3
364 360
365 37
365 17
365 73
366 236
366 123
366 150
367 75
367 44
367 157
368 164
368 152
368 193
369 1
369 6
369 47
370 74
370 86
370 205
371 7
371 137
371 310
372 60
372 238
372 10
373 201
373 12
373 0
374 0
374 336
374 1
375 126
375 144
375 47
376 351
376 21
376 12
377 221
377 39
377 2
378 155
378 256
378 235
379 278
379 354
379 160
380 197
380 46
380 30
381 160
381 12
381 139
382 34
382 77
382 43
383 235
383 1
383 303
384 116
384 284
384 210
385 60
385 37
385 364
386 256
386 174
386 140
387 7
387 344
387 54
388 17
388 1
388 27
389 295
389 11
389 179
390 73
390 259
390 161
391 35
391 59
391 256
392 328
392 382
392 16
393 260
393 1
393 37
394 2
394 281
394 47
395 170
395 48
395 5
396 5
396 60
396 91
397 206
397 54
397 6
398 55
398 10
398 69
399 24
399 285
399 72
400 1
400 18
400 233
401 366
401 0
401 294
402 76
402 7
402 3
403 60
403 62
403 73
404 35
404 99
404 32
405 64
405 30
405 61
406 0
406 159
406 25
407 60
407 246
407 29
408 10
408 262
408 368
409 39
409 66
409 332
410 5
410 48
410 64
411 210
411 35
411 24
412 149
412 98
412 225
413 12
413 241
413 15
414 225
414 76
414 260
415 154
415 91
415 297
416 91
416 5
416 126
417 126
417 101
417 32
418 153
418 42
418 49
419 104
419 132
419 183
420 62
420 118
420 9
421 193
421 2
421 371
422 27
422 14
422 126
423 34
423 1
423 247
424 28
424 256
424 5
425 411
425 200
425 253
426 415
426 97
426 235
427 160
427 91
427 51
428 8
428 153
428 89
429 424
429 302
429 35
430 282
430 174
430 8
431 394
431 253
431 0
432 5
432 17
432 226
433 32
433 274
433 16
434 7
434 199
434 144
435 3
435 1
435 47
436 3
436 1
436 98
437 173
437 138
437 113
438 38
438 129
438 7
439 42
439 1
439 37
440 159
440 32
440 3
441 41
441 30
441 414
442 32
442 373
442 20
443 277
443 179
443 1
444 91
444 140
444 59
445 82
445 350
445 7
446 303
446 29
446 136
447 58
447 156
447 34
448 362
448 324
448 218
449 69
449 421
449 1
450 86
450 141
450 362
451 10
451 20
451 8
452 410
452 338
452 3
453 310
453 318
453 22
454 5
454 332
454 69
455 0
455 98
455 3
456 194
456 216
456 442
457 194
457 409
457 189
458 96
458 127
458 432
459 37
459 39
459 324
460 160
460 0
460 121
461 421
461 23
461 0
462 95
462 67
462 22
463 149
463 98
463 4
464 55
464 409
464 35
465 31
465 357
465 0
466 7
466 0
466 457
467 126
467 144
467 149
468 157
468 138
468 55
469 60
469 243
469 462
470 224
470 162
470 373
471 21
471 79
471 50
472 47
472 440
472 15
473 0
473 114
473 36
474 33
474 26
474 195
475 32
475 34
475 2
476 10
476 173
476 423
477 51
477 174
477 85
478 276
478 251
478 0
479 144
479 97
479 443
480 12
480 35
480 63
481 95
481 136
481 1
482 22
482 284
482 90
483 255
483 390
483 284
484 362
484 181
484 429
485 2
485 29
485 247
486 127
486 297
486 320
487 353
487 221
487 8
488 0
488 334
488 485
489 151
489 366
489 3
490 116
490 41
490 334
491 67
491 7
491 150
492 15
492 243
492 13
493 10
493 77
493 93
494 126
494 17
494 375
495 3
495 291
495 115
496 218
496 152
496 273
497 347
497 305
497 1
498 281
498 1
498 63
499 12
499 174
499 486
500 208
500 185
500 51
501 29
501 138
501 339
502 473
502 60
502 8
503 193
503 405
503 47
504 476
504 210
504 190
505 303
505 183
505 444
506 92
506 6
506 236
507 449
507 19
507 409
508 1
508 361
508 197
509 421
509 284
509 304
510 10
510 0
510 35
511 185
511 300
511 366
512 255
512 285
512 331
513 40
513 52
513 123
514 420
514 24
514 22
515 68
515 64
515 476
516 63
516 475
516 157
517 464
517 8
517 424
518 13
518 339
518 228
519 284
519 53
519 197
520 241
520 126
520 331
521 429
521 328
521 405
522 195
522 507
522 196
523 137
523 469
523 233
524 71
524 64
524 148
525 64
525 0
525 39
526 48
526 28
526 32
527 0
527 454
527 80
528 421
528 210
528 16
529 511
529 152
529 510
530 10
530 145
530 3
531 3
531 94
531 5
532 181
532 162
532 424
533 106
533 124
533 194
534 286
534 41
534 232
535 1
535 74
535 192
536 525
536 234
536 3
537 366
537 7
537 79
538 17
538 43
538 0
539 341
539 455
539 180
540 501
540 34
540 106
541 23
541 210
541 229
542 297
542 258
542 35
543 247
543 74
543 2
544 197
544 9
544 472
545 453
545 54
545 497
546 95
546 425
546 50
547 452
547 501
547 483
548 55
548 35
548 247
549 209
549 5
549 63
550 139
550 523
550 3
551 252
551 15
551 104
552 174
552 303
552 114
553 412
553 119
553 398
554 38
554 48
554 1
555 11
555 190
555 1
556 19
556 144
556 86
557 164
557 356
557 412
558 12
558 295
558 2
559 7
559 3
559 408
560 394
560 396
560 35
561 3
561 110
561 7
562 205
562 96
562 8
563 3
563 115
563 0
564 17
564 245
564 222
565 126
565 16
565 541
566 210
566 0
566 317
567 526
567 5
567 532
568 0
568 17
568 495
569 310
569 554
569 60
570 369
570 306
570 448
571 18
571 6
571 335
572 245
572 91
572 115
573 153
573 32
573 200
574 126
574 492
574 236
575 298
575 193
575 199
576 439
576 12
576 514
577 566
577 56
577 552
578 2
578 353
578 26
579 0
579 543
579 72
580 34
580 112
580 220
581 69
581 267
581 296
582 362
582 359
582 154
583 85
583 361
583 35
584 37
584 3
584 59
585 140
585 154
585 501
586 297
586 505
586 210
587 101
587 75
587 7
588 176
588 0
588 227
589 127
589 26
589 190
590 338
590 130
590 10
591 445
591 23
591 382
592 47
592 2
592 64
593 423
593 80
593 486
594 11
594 16
594 46
595 520
595 20
595 246
596 23
596 450
596 278
597 377
597 19
597 155
598 101
598 72
598 487
599 2
599 366
599 41
600 47
600 2
600 297
601 49
601 288
601 1
602 195
602 423
602 147
603 431
603 161
603 63
604 30
604 227
604 5
605 126
605 190
605 359
606 213
606 525
606 121
607 109
607 168
607 2
608 361
608 447
608 181
609 40
609 8
609 210
610 97
610 564
610 344
611 381
611 37
611 211
612 497
612 30
612 175
613 3
613 10
613 584
614 181
614 518
614 19
615 253
615 376
615 523
616 270
616 66
616 41
617 63
617 136
617 3
618 77
618 1
618 126
619 535
619 1
619 10
620 165
620 201
620 217
621 252
621 484
621 241
622 64
622 431
622 69
623 3
623 236
623 51
624 128
624 455
624 284
625 430
625 353
625 97
626 31
626 359
626 2
627 145
627 223
627 89
628 256
628 1
628 43
629 174
629 390
629 17
630 2
630 302
630 40
631 608
631 22
631 104
632 0
632 1
632 6
633 160
633 310
633 463
634 34
634 561
634 6
635 141
635 227
635 405
636 210
636 351
636 139
637 113
637 175
637 546
638 243
638 156
638 635
639 258
639 1
639 572
640 292
640 243
640 279
641 382
641 131
641 15
642 483
642 424
642 35
643 273
643 82
643 151
644 564
644 40
644 2
645 139
645 167
645 134
646 449
646 310
646 23
647 118
647 56
647 122
648 6
648 269
648 120
649 220
649 24
649 10
650 181
650 135
650 51
651 153
651 400
651 624
652 585
652 528
652 462
653 378
653 35
653 19
654 5
654 101
654 271
655 7
655 220
655 37
656 115
656 247
656 35
657 206
657 619
657 13
658 125
658 543
658 56
659 4
659 10
659 43
660 74
660 218
660 197
661 1
661 93
661 156
662 587
662 20
662 303
663 168
663 141
663 64
664 161
664 356
664 360
665 197
665 3
665 9
666 432
666 91
666 503
667 197
667 607
667 635
668 112
668 108
668 222
669 132
669 636
669 221
670 0
670 599
670 262
671 21
671 45
671 287
672 496
672 39
672 147
673 279
673 637
673 579
674 99
674 85
674 28
675 91
675 11
675 580
676 76
676 111
676 262
677 234
677 428
677 463
678 42
678 78
678 456
679 118
679 576
679 2
680 18
680 2
680 542
681 251
681 131
681 10
682 229
682 10
682 45
683 328
683 247
683 207
684 0
684 425
684 8
685 683
685 464
685 22
686 121
686 23
686 13
687 12
687 6
687 42
688 160
688 427
688 282
689 172
689 390
689 273
690 54
690 126
690 411
691 19
691 10
691 243
692 420
692 19
692 324
693 235
693 656
693 306
694 16
694 84
694 74
695 446
695 424
695 345
696 17
696 37
696 131
697 6
697 534
697 1
698 15
698 7
698 12
699 3
699 13
699 540
700 139
700 405
700 33
701 30
701 565
701 68
702 366
702 439
702 644
703 65
703 84
703 59
704 84
704 557
704 549
705 37
705 72
705 195
706 14
706 487
706 99
707 61
707 558
707 155
708 12
708 495
708 208
709 42
709 14
709 254
710 40
710 502
710 124
711 95
711 75
711 541
712 258
712 622
712 159
713 78
713 390
713 139
714 136
714 399
714 8
715 326
715 397
715 431
716 5
716 37
716 7
717 140
717 108
717 598
718 694
718 39
718 470
719 619
719 168
719 460
720 460
720 385
720 47
721 526
721 258
721 126
722 154
722 1
722 479
723 424
723 68
723 32
724 643
724 425
724 255
725 54
725 24
725 92
726 15
726 253
726 51
727 442
727 140
727 30
728 153
728 77
728 85
729 394
729 718
729 0
730 615
730 432
730 14
731 13
731 45
731 481
732 107
732 543
732 8
733 159
733 50
733 37
734 473
734 461
734 15
735 429
735 97
735 192
736 181
736 137
736 285
737 509
737 277
737 227
738 60
738 31
738 7
739 573
739 97
739 126
740 460
740 129
740 116
741 247
741 41
741 556
742 291
742 51
742 253
743 583
743 497
743 508
744 713
744 307
744 254
745 372
745 97
745 702
746 150
746 22
746 554
747 0
747 444
747 7
748 225
748 10
748 83
749 191
749 157
749 125
750 336
750 332
750 2
751 59
751 12
751 188
752 0
752 40
752 51
753 683
753 10
753 281
754 602
754 635
754 192
755 45
755 90
755 574
756 20
756 19
756 683
757 245
757 412
757 1
758 0
758 511
758 104
759 576
759 600
759 17
760 215
760 354
760 210
761 42
761 183
761 1
762 539
762 17
762 354
763 277
763 21
763 59
764 126
764 75
764 743
765 604
765 106
765 44
766 32
766 201
766 454
767 210
767 30
767 89
768 5
768 17
768 6
769 445
769 320
769 762
770 482
770 323
770 1
771 759
771 345
771 92
772 190
772 276
772 1
773 1
773 544
773 243
774 154
774 64
774 10
775 183
775 5
775 160
776 2
776 656
776 6
777 398
777 156
777 83
778 17
778 28
778 277
779 165
779 154
779 63
780 350
780 22
780 153
781 5
781 10
781 506
782 0
782 336
782 387
783 168
783 29
783 401
784 664
784 15
784 209
785 1
785 359
785 368
786 165
786 10
786 69
787 45
787 150
787 743
788 448
788 690
788 103
789 550
789 68
789 194
790 93
790 151
790 556
791 17
791 541
791 26
792 604
792 38
792 296
793 59
793 344
793 457
794 5
794 1
794 2
795 8
795 282
795 90
796 486
796 216
796 125
797 316
797 10
797 1
798 245
798 690
798 691
799 720
799 1
799 160
800 600
800 409
800 502
801 401
801 28
801 2
802 14
802 383
802 419
803 608
803 537
803 310
804 454
804 372
804 261
805 60
805 503
805 622
806 6
806 281
806 7
807 210
807 225
807 118
808 269
808 13
808 102
809 802
809 66
809 2
810 649
810 0
810 718
811 149
811 223
811 460
812 694
812 373
812 6
813 10
813 184
813 252
814 596
814 92
814 328
815 97
815 91
815 195
816 215
816 158
816 372
817 1
817 312
817 9
818 191
818 30
818 209
819 189
819 48
819 598
820 297
820 606
820 653
821 598
821 769
821 122
822 90
822 61
822 236
823 90
823 644
823 711
824 6
824 369
824 625
825 340
825 344
825 50
826 811
826 35
826 245
827 304
827 3
827 369
828 790
828 302
828 529
829 683
829 28
829 328
830 104
830 131
830 40
831 44
831 12
831 175
832 331
832 353
832 11
833 162
833 270
833 10
834 608
834 24
834 2
835 336
835 223
835 193
836 431
836 2
836 230
837 158
837 3
837 186
838 92
838 607
838 2
839 10
839 18
839 310
840 687
840 30
840 480
841 406
841 542
841 540
842 508
842 8
842 12
843 781
843 640
843 64
844 5
844 53
844 815
845 721
845 6
845 593
846 422
846 247
846 51
847 703
847 820
847 428
848 392
848 509
848 23
849 46
849 73
849 92
850 804
850 505
850 813
851 140
851 126
851 302
852 242
852 17
852 393
853 201
853 390
853 483
854 0
854 691
854 530
855 154
855 322
855 0
856 220
856 287
856 480
857 121
857 437
857 262
858 150
858 252
858 87
859 6
859 32
859 30
860 674
860 161
860 0
861 89
861 2
861 693
862 313
862 27
862 1
863 97
863 616
863 759
864 192
864 508
864 72
865 78
865 7
865 155
866 243
866 192
866 3
867 9
867 74
867 649
868 32
868 7
868 822
869 55
869 160
869 110
870 409
870 346
870 0
871 195
871 64
871 43
872 499
872 688
872 1
873 771
873 85
873 73
874 329
874 276
874 217
875 61
875 19
875 104
876 10
876 526
876 154
877 56
877 647
877 173
878 0
878 688
878 836
879 30
879 316
879 161
880 33
880 627
880 132
881 153
881 623
881 90
882 12
882 26
882 47
883 7
883 153
883 328
884 127
884 48
884 842
885 104
885 542
885 303
886 41
886 619
886 7
887 54
887 3
887 32
888 88
888 72
888 255
889 670
889 330
889 2
890 795
890 51
890 29
891 362
891 564
891 4
892 19
892 777
892 68
893 296
893 269
893 437
894 61
894 216
894 200
895 0
895 130
895 148
896 159
896 32
896 308
897 499
897 390
897 100
898 21
898 3
898 2
899 3
899 246
899 251
900 749
900 1
900 885
901 103
901 310
901 877
902 607
902 818
902 12
903 267
903 66
903 224
904 431
904 508
904 650
905 6
905 260
905 72
906 574
906 203
906 15
907 257
907 543
907 299
908 758
908 527
908 18
909 140
909 438
909 0
910 36
910 663
910 279
911 102
911 123
911 1
912 276
912 598
912 184
913 106
913 7
913 1
914 215
914 6
914 295
915 446
915 62
915 223
916 864
916 594
916 242
917 285
917 491
917 431
918 615
918 903
918 362
919 155
919 232
919 267
920 152
920 369
920 144
921 67
921 63
921 581
922 882
922 21
922 5
923 633
923 42
923 72
924 24
924 895
924 749
925 203
925 44
925 328
926 918
926 851
926 543
927 66
927 5
927 10
928 255
928 893
928 222
929 538
929 49
929 751
930 74
930 78
930 242
931 3
931 12
931 16
932 44
932 3
932 49
933 523
933 906
933 196
934 223
934 444
934 32
935 909
935 67
935 805
936 505
936 148
936 89
937 120
937 719
937 787
938 301
938 635
938 303
939 709
939 210
939 559
940 506
940 26
940 3
941 805
941 63
941 746
942 328
942 547
942 159
943 204
943 23
943 560
944 456
944 258
944 933
945 62
945 85
945 7
946 84
946 688
946 45
947 75
947 706
947 19
948 79
948 521
948 154
949 54
949 243
949 842
950 63
950 59
950 253
951 819
951 31
951 233
952 786
952 193
952 65
953 252
953 0
953 69
954 76
954 80
954 157
955 42
955 303
955 569
956 187
956 30
956 692
957 59
957 55
957 42
958 32
958 189
958 101
959 274
959 818
959 6
960 533
960 269
960 90
961 24
961 353
961 387
962 8
962 46
962 12
963 41
963 188
963 8
964 728
964 10
964 464
965 46
965 286
965 847
966 581
966 508
966 532
967 30
967 218
967 434
968 665
968 855
968 772
969 3
969 872
969 6
970 791
970 124
970 76
971 271
971 649
971 193
972 173
972 59
972 94
973 786
973 9
973 170
974 66
974 177
974 6
975 194
975 563
975 589
976 564
976 341
976 85
977 119
977 10
977 482
978 736
978 28
978 385
979 141
979 608
979 7
980 278
980 26
980 61
981 49
981 68
981 857
982 243
982 3
982 48
983 591
983 140
983 447
984 917
984 23
984 922
985 140
985 503
985 439
986 91
986 14
986 789
987 336
987 59
987 300
988 284
988 42
988 648
989 30
989 767
989 42
990 69
990 33
990 144
991 114
991 512
991 60
992 244
992 915
992 31
993 338
993 608
993 292
994 153
994 335
994 60
995 0
995 228
995 150
996 2
996 559
996 72
997 43
997 880
997 360
998 682
998 1
998 464
999 476
999 114
999 86
