0 1
1 0
2 1
2 0
3 2
3 1
3 0
4 1
4 0
4 2
5 0
5 3
5 1
6 2
6 0
6 1
7 1
7 0
7 3
8 0
8 5
8 4
9 0
9 2
9 1
10 1
10 2
10 3
11 4
11 2
11 5
12 1
12 2
12 5
13 5
13 1
13 9
14 5
14 9
14 0
15 4
15 0
15 1
16 2
16 0
16 9
17 2
17 9
17 4
18 2
18 3
18 1
19 1
19 3
19 2
20 11
20 16
20 0
21 1
21 0
21 6
22 11
22 2
22 1
23 20
23 18
23 2
24 0
24 17
24 1
25 4
25 2
25 20
26 1
26 17
26 5
27 1
27 0
27 10
28 0
28 7
28 2
29 26
29 8
29 9
30 17
30 3
30 8
31 20
31 0
31 8
32 16
32 2
32 1
33 3
33 28
33 0
34 9
34 3
34 19
35 18
35 30
35 10
36 3
36 0
36 28
37 24
37 18
37 17
38 0
38 1
38 25
39 9
39 27
39 0
40 20
40 34
40 30
41 17
41 2
41 15
42 19
42 17
42 16
43 3
43 25
43 33
44 2
44 39
44 17
45 17
45 20
45 9
46 5
46 16
46 10
47 17
47 11
47 20
48 25
48 0
48 9
49 2
49 5
49 43
50 1
50 19
50 0
51 47
51 19
51 11
52 19
52 15
52 17
53 1
53 43
53 0
54 6
54 18
54 16
55 16
55 50
55 2
56 18
56 8
56 9
57 17
57 1
57 20
58 42
58 37
58 12
59 43
59 26
59 1
60 4
60 49
60 9
61 0
61 33
61 19
62 39
62 25
62 1
63 3
63 9
63 15
64 20
64 52
64 17
65 55
65 0
65 39
66 7
66 11
66 0
67 61
67 10
67 4
68 35
68 1
68 60
69 2
69 19
69 25
70 5
70 0
70 60
71 60
71 0
71 16
72 46
72 56
72 52
73 7
73 60
73 25
74 0
74 6
74 54
75 4
75 33
75 2
76 3
76 19
76 2
77 46
77 0
77 62
78 19
78 12
78 10
79 1
79 62
79 74
80 26
80 3
80 56
81 0
81 2
81 29
82 10
82 9
82 0
83 51
83 21
83 19
84 2
84 55
84 8
85 0
85 17
85 61
86 66
86 36
86 1
87 67
87 82
87 6
88 4
88 33
88 85
89 2
89 5
89 0
90 36
90 40
90 20
91 19
91 64
91 90
92 52
92 3
92 9
93 24
93 6
93 37
94 28
94 85
94 59
95 71
95 20
95 5
96 85
96 67
96 1
97 41
97 39
97 34
98 28
98 22
98 24
99 6
99 10
99 8
100 17
100 14
100 52
101 2
101 58
101 100
102 92
102 61
102 17
103 78
103 2
103 0
104 19
104 0
104 33
105 10
105 54
105 67
106 16
106 2
106 4
107 57
107 39
107 8
108 69
108 60
108 102
109 8
109 3
109 9
110 62
110 1
110 10
111 94
111 20
111 33
112 1
112 43
112 27
113 53
113 33
113 6
114 26
114 94
114 83
115 29
115 0
115 22
116 85
116 22
116 43
117 79
117 26
117 12
118 33
118 70
118 35
119 2
119 86
119 0
120 39
120 33
120 1
121 117
121 19
121 2
122 11
122 17
122 36
123 2
123 19
123 81
124 39
124 1
124 2
125 16
125 17
125 27
126 71
126 77
126 3
127 53
127 60
127 52
128 102
128 12
128 2
129 1
129 60
129 73
130 2
130 103
130 8
131 88
131 0
131 36
132 2
132 22
132 20
133 3
133 17
133 2
134 19
134 65
134 17
135 119
135 65
135 19
136 20
136 90
136 0
137 4
137 18
137 110
138 121
138 59
138 77
139 36
139 102
139 11
140 92
140 52
140 25
141 41
141 33
141 102
142 0
142 81
142 117
143 103
143 2
143 137
144 78
144 2
144 33
145 6
145 0
145 51
146 4
146 24
146 142
147 112
147 87
147 26
148 68
148 17
148 2
149 39
149 137
149 104
150 2
150 17
150 52
151 58
151 42
151 26
152 67
152 0
152 2
153 73
153 16
153 36
154 50
154 1
154 110
155 8
155 83
155 11
156 37
156 46
156 1
157 24
157 10
157 1
158 20
158 60
158 19
159 57
159 43
159 8
160 33
160 119
160 1
161 129
161 60
161 47
162 90
162 21
162 25
163 26
163 81
163 125
164 22
164 6
164 73
165 61
165 52
165 21
166 145
166 6
166 10
167 140
167 164
167 94
168 8
168 125
168 72
169 0
169 160
169 19
170 149
170 131
170 152
171 8
171 132
171 102
172 100
172 3
172 55
173 1
173 0
173 164
174 22
174 44
174 33
175 165
175 42
175 1
176 146
176 56
176 27
177 79
177 126
177 11
178 104
178 2
178 84
179 0
179 121
179 29
180 10
180 33
180 122
181 12
181 163
181 20
182 17
182 140
182 120
183 172
183 58
183 123
184 19
184 60
184 37
185 82
185 19
185 132
186 122
186 2
186 163
187 37
187 120
187 22
188 130
188 66
188 24
189 2
189 150
189 58
190 67
190 39
190 1
191 39
191 60
191 49
192 110
192 69
192 135
193 1
193 124
193 46
194 167
194 64
194 100
195 3
195 76
195 27
196 1
196 102
196 111
197 21
197 0
197 8
198 129
198 10
198 20
199 25
199 17
199 8
200 16
200 19
200 25
201 36
201 76
201 100
202 85
202 116
202 142
203 124
203 113
203 16
204 203
204 75
204 129
205 1
205 20
205 130
206 8
206 148
206 44
207 179
207 67
207 167
208 140
208 10
208 30
209 91
209 71
209 27
210 100
210 33
210 52
211 138
211 55
211 5
212 2
212 0
212 10
213 58
213 109
213 144
214 12
214 10
214 33
215 42
215 116
215 11
216 93
216 174
216 28
217 121
217 67
217 37
218 8
218 64
218 158
219 119
219 18
219 20
220 62
220 179
220 22
221 171
221 204
221 25
222 0
222 132
222 41
223 160
223 117
223 71
224 203
224 22
224 52
225 64
225 41
225 11
226 125
226 27
226 36
227 209
227 164
227 57
228 70
228 203
228 60
229 119
229 107
229 60
230 151
230 148
230 25
231 16
231 201
231 30
232 112
232 123
232 3
233 124
233 0
233 17
234 1
234 6
234 124
235 20
235 36
235 147
236 39
236 20
236 48
237 87
237 170
237 77
238 3
238 71
238 89
239 102
239 56
239 66
240 192
240 133
240 28
241 185
241 130
241 175
242 0
242 17
242 128
243 8
243 1
243 107
244 0
244 65
244 204
245 52
245 188
245 4
246 25
246 0
246 33
247 121
247 224
247 0
248 76
248 39
248 113
249 71
249 112
249 171
250 6
250 236
250 112
251 74
251 121
251 67
252 108
252 97
252 245
253 106
253 225
253 194
254 64
254 132
254 20
255 28
255 84
255 239
256 60
256 36
256 50
257 163
257 36
257 77
258 79
258 230
258 140
259 18
259 100
259 0
260 156
260 258
260 43
261 155
261 4
261 224
262 160
262 25
262 33
263 89
263 13
263 2
264 9
264 28
264 65
265 215
265 239
265 233
266 84
266 35
266 46
267 19
267 226
267 158
268 106
268 214
268 39
269 112
269 168
269 64
270 22
270 8
270 117
271 1
271 52
271 255
272 174
272 159
272 55
273 16
273 2
273 42
274 212
274 2
274 4
275 56
275 69
275 36
276 4
276 2
276 11
277 109
277 17
277 2
278 37
278 100
278 5
279 94
279 138
279 10
280 2
280 10
280 152
281 0
281 99
281 32
282 4
282 99
282 136
283 238
283 37
283 179
284 252
284 189
284 80
285 15
285 2
285 134
286 9
286 33
286 40
287 199
287 0
287 74
288 15
288 212
288 3
289 0
289 97
289 159
290 9
290 8
290 54
291 162
291 208
291 23
292 203
292 1
292 205
293 209
293 11
293 16
294 174
294 40
294 282
295 222
295 137
295 6
296 2
296 110
296 7
297 158
297 287
297 48
298 261
298 205
298 97
299 5
299 110
299 196
300 4
300 81
300 87
301 137
301 116
301 172
302 197
302 138
302 235
303 174
303 300
303 24
304 17
304 286
304 121
305 0
305 162
305 295
306 102
306 149
306 0
307 260
307 60
307 174
308 5
308 33
308 120
309 109
309 85
309 33
310 93
310 4
310 111
311 5
311 158
311 222
312 175
312 273
312 129
313 70
313 8
313 122
314 72
314 61
314 56
315 174
315 216
315 3
316 183
316 206
316 228
317 167
317 169
317 182
318 57
318 8
318 20
319 0
319 20
319 184
320 40
320 64
320 291
321 307
321 203
321 20
322 60
322 98
322 81
323 78
323 12
323 1
324 86
324 125
324 1
325 39
325 115
325 2
326 70
326 64
326 225
327 130
327 8
327 232
328 0
328 39
328 19
329 148
329 22
329 235
330 172
330 134
330 128
331 57
331 11
331 2
332 255
332 271
332 20
333 175
333 29
333 16
334 182
334 2
334 234
335 53
335 270
335 151
336 115
336 41
336 166
337 29
337 18
337 54
338 28
338 31
338 318
339 250
339 56
339 8
340 25
340 57
340 84
341 9
341 77
341 323
342 127
342 259
342 248
343 280
343 112
343 156
344 166
344 76
344 120
345 334
345 258
345 79
346 159
346 45
346 66
347 143
347 247
347 44
348 201
348 183
348 248
349 33
349 0
349 267
350 30
350 9
350 69
351 225
351 54
351 151
352 230
352 11
352 34
353 341
353 170
353 272
354 94
354 6
354 160
355 206
355 0
355 224
356 123
356 248
356 318
357 263
357 172
357 271
358 108
358 306
358 268
359 3
359 299
359 335
360 264
360 198
360 71
361 1
361 264
361 118
362 110
362 232
362 209
363 92
363 320
363 37
364 22
364 340
364 229
365 64
365 20
365 222
366 90
366 204
366 44
367 20
367 121
367 340
368 1
368 25
368 126
369 225
369 230
369 310
370 109
370 86
370 126
371 100
371 110
371 122
372 113
372 117
372 0
373 221
373 129
373 29
374 278
374 328
374 19
375 60
375 40
375 363
376 4
376 0
376 324
377 48
377 44
377 64
378 26
378 39
378 33
379 283
379 7
379 85
380 52
380 161
380 74
381 190
381 126
381 361
382 17
382 359
382 130
383 162
383 153
383 90
384 33
384 9
384 1
385 49
385 63
385 218
386 111
386 60
386 26
387 262
387 125
387 1
388 345
388 125
388 369
389 164
389 62
389 53
390 60
390 347
390 129
391 98
391 113
391 32
392 54
392 60
392 333
393 243
393 168
393 39
394 36
394 55
394 20
395 20
395 62
395 6
396 157
396 387
396 385
397 266
397 9
397 4
398 245
398 20
398 344
399 123
399 3
399 383
400 0
400 175
400 16
401 166
401 144
401 2
402 17
402 366
402 2
403 1
403 150
403 19
404 385
404 65
404 25
405 142
405 131
405 9
406 50
406 277
406 102
407 371
407 26
407 81
408 0
408 3
408 345
409 22
409 179
409 92
410 58
410 45
410 61
411 180
411 8
411 255
412 10
412 362
412 11
413 63
413 248
413 392
414 79
414 64
414 73
415 1
415 95
415 96
416 20
416 230
416 409
417 114
417 40
417 250
418 89
418 33
418 98
419 315
419 249
419 209
420 85
420 331
420 84
421 366
421 48
421 16
422 15
422 387
422 74
423 0
423 124
423 1
424 248
424 53
424 403
425 94
425 315
425 294
426 116
426 60
426 121
427 26
427 362
427 312
428 39
428 152
428 16
429 8
429 11
429 93
430 207
430 5
430 372
431 292
431 74
431 4
432 287
432 78
432 192
433 148
433 70
433 114
434 99
434 392
434 41
435 396
435 131
435 10
436 270
436 9
436 123
437 340
437 19
437 246
438 260
438 106
438 346
439 11
439 217
439 1
440 250
440 82
440 198
441 413
441 63
441 2
442 387
442 245
442 317
443 44
443 3
443 246
444 121
444 385
444 315
445 12
445 304
445 362
446 33
446 3
446 11
447 95
447 25
447 8
448 0
448 157
448 164
449 391
449 158
449 307
450 2
450 333
450 236
451 1
451 260
451 283
452 243
452 282
452 152
453 28
453 202
453 301
454 18
454 39
454 125
455 150
455 172
455 6
456 27
456 9
456 402
457 227
457 74
457 5
458 291
458 249
458 247
459 176
459 221
459 155
460 85
460 343
460 433
461 172
461 25
461 28
462 286
462 52
462 2
463 0
463 330
463 272
464 151
464 34
464 1
465 9
465 98
465 393
466 422
466 9
466 305
467 5
467 412
467 287
468 53
468 58
468 11
469 79
469 11
469 143
470 111
470 244
470 11
471 31
471 255
471 397
472 87
472 19
472 110
473 1
473 2
473 27
474 99
474 44
474 361
475 65
475 0
475 19
476 422
476 427
476 61
477 396
477 390
477 272
478 44
478 317
478 75
479 123
479 25
479 451
480 423
480 94
480 177
481 39
481 198
481 262
482 72
482 14
482 60
483 33
483 24
483 36
484 478
484 26
484 27
485 50
485 451
485 56
486 54
486 17
486 194
487 17
487 239
487 419
488 98
488 127
488 0
489 159
489 3
489 357
490 54
490 405
490 330
491 308
491 11
491 280
492 38
492 362
492 449
493 3
493 383
493 5
494 255
494 231
494 244
495 225
495 1
495 10
496 5
496 308
496 183
497 395
497 411
497 431
498 385
498 379
498 400
499 262
499 75
499 472
500 106
500 415
500 90
501 367
501 481
501 286
502 13
502 374
502 46
503 75
503 185
503 57
504 133
504 56
504 206
505 120
505 45
505 140
506 201
506 205
506 25
507 210
507 185
507 256
508 465
508 67
508 499
509 465
509 52
509 258
510 134
510 497
510 64
511 172
511 190
511 182
512 5
512 7
512 168
513 346
513 343
513 344
514 165
514 86
514 2
515 2
515 160
515 260
516 231
516 87
516 278
517 218
517 449
517 72
518 205
518 351
518 372
519 254
519 2
519 209
520 97
520 36
520 22
521 389
521 296
521 247
522 511
522 278
522 92
523 64
523 16
523 308
524 33
524 2
524 3
525 0
525 10
525 1
526 110
526 123
526 245
527 7
527 200
527 233
528 372
528 40
528 62
529 422
529 452
529 6
530 84
530 62
530 72
531 54
531 121
531 254
532 113
532 24
532 246
533 100
533 1
533 222
534 296
534 216
534 327
535 83
535 226
535 45
536 54
536 36
536 2
537 7
537 348
537 28
538 153
538 313
538 136
539 436
539 3
539 308
540 110
540 77
540 499
541 353
541 230
541 15
542 488
542 499
542 461
543 509
543 456
543 109
544 396
544 138
544 245
545 4
545 148
545 212
546 140
546 33
546 84
547 33
547 154
547 133
548 150
548 340
548 25
549 255
549 20
549 125
550 297
550 10
550 3
551 60
551 534
551 532
552 278
552 159
552 89
553 60
553 3
553 1
554 435
554 20
554 26
555 222
555 507
555 208
556 171
556 259
556 208
557 9
557 81
557 235
558 2
558 202
558 360
559 9
559 533
559 383
560 339
560 168
560 246
561 20
561 178
561 203
562 36
562 17
562 27
563 28
563 1
563 2
564 509
564 518
564 330
565 428
565 188
565 20
566 31
566 368
566 154
567 0
567 470
567 451
568 549
568 2
568 70
569 18
569 372
569 450
570 115
570 8
570 186
571 60
571 2
571 6
572 333
572 450
572 424
573 8
573 407
573 215
574 18
574 262
574 434
575 553
575 192
575 379
576 28
576 164
576 301
577 2
577 460
577 110
578 89
578 53
578 184
579 2
579 8
579 19
580 89
580 125
580 25
581 22
581 20
581 216
582 26
582 1
582 362
583 123
583 11
583 30
584 257
584 332
584 33
585 25
585 277
585 12
586 166
586 246
586 17
587 390
587 36
587 367
588 64
588 200
588 313
589 4
589 170
589 36
590 123
590 3
590 166
591 474
591 499
591 149
592 19
592 235
592 132
593 204
593 2
593 25
594 266
594 1
594 260
595 319
595 591
595 255
596 384
596 84
596 297
597 401
597 11
597 319
598 174
598 225
598 36
599 67
599 428
599 269
600 9
600 508
600 0
601 316
601 368
601 365
602 283
602 16
602 366
603 218
603 203
603 46
604 321
604 31
604 362
605 86
605 368
605 20
606 119
606 263
606 11
607 59
607 184
607 54
608 184
608 318
608 479
609 183
609 599
609 238
610 8
610 379
610 393
611 89
611 1
611 17
612 439
612 136
612 366
613 112
613 428
613 349
614 235
614 344
614 357
615 352
615 61
615 209
616 465
616 7
616 336
617 155
617 2
617 39
618 282
618 339
618 106
619 543
619 245
619 86
620 570
620 328
620 159
621 260
621 563
621 78
622 575
622 206
622 83
623 286
623 50
623 17
624 204
624 297
624 422
625 10
625 277
625 19
626 32
626 258
626 263
627 85
627 79
627 352
628 486
628 552
628 133
629 19
629 552
629 8
630 168
630 69
630 167
631 536
631 2
631 452
632 352
632 136
632 440
633 126
633 129
633 613
634 503
634 20
634 70
635 249
635 151
635 405
636 513
636 608
636 2
637 490
637 306
637 201
638 390
638 112
638 159
639 535
639 3
639 478
640 446
640 1
640 255
641 11
641 385
641 221
642 450
642 9
642 105
643 523
643 41
643 17
644 255
644 509
644 171
645 509
645 1
645 312
646 32
646 149
646 101
647 248
647 97
647 528
648 18
648 405
648 314
649 262
649 168
649 36
650 62
650 258
650 450
651 33
651 113
651 79
652 190
652 364
652 3
653 303
653 264
653 385
654 33
654 376
654 335
655 92
655 0
655 280
656 318
656 112
656 45
657 1
657 305
657 17
658 212
658 9
658 77
659 22
659 628
659 550
660 19
660 9
660 258
661 186
661 11
661 48
662 343
662 492
662 52
663 649
663 29
663 604
664 662
664 312
664 168
665 89
665 163
665 0
666 145
666 2
666 22
667 185
667 188
667 11
668 390
668 5
668 27
669 1
669 652
669 481
670 469
670 372
670 319
671 313
671 217
671 211
672 60
672 270
672 584
673 191
673 73
673 637
674 484
674 474
674 153
675 262
675 12
675 598
676 262
676 52
676 16
677 408
677 319
677 106
678 607
678 471
678 405
679 209
679 399
679 347
680 37
680 1
680 603
681 470
681 246
681 42
682 456
682 293
682 3
683 2
683 313
683 517
684 414
684 346
684 213
685 21
685 282
685 226
686 162
686 16
686 336
687 157
687 56
687 101
688 572
688 2
688 383
689 218
689 174
689 75
690 292
690 205
690 104
691 9
691 381
691 452
692 90
692 89
692 481
693 129
693 518
693 345
694 291
694 627
694 172
695 77
695 149
695 524
696 10
696 668
696 27
697 3
697 55
697 291
698 52
698 3
698 6
699 44
699 58
699 84
700 359
700 388
700 101
701 542
701 291
701 0
702 690
702 237
702 79
703 205
703 79
703 48
704 644
704 17
704 659
705 618
705 568
705 222
706 47
706 133
706 0
707 245
707 310
707 429
708 218
708 47
708 4
709 3
709 207
709 642
710 22
710 235
710 1
711 191
711 19
711 66
712 616
712 177
712 0
713 394
713 583
713 260
714 620
714 1
714 53
715 336
715 668
715 611
716 155
716 9
716 619
717 11
717 703
717 60
718 183
718 190
718 76
719 598
719 263
719 27
720 524
720 20
720 95
721 589
721 590
721 333
722 412
722 359
722 44
723 391
723 44
723 22
724 394
724 153
724 248
725 112
725 400
725 59
726 20
726 0
726 31
727 19
727 409
727 28
728 618
728 38
728 238
729 125
729 1
729 33
730 3
730 694
730 30
731 153
731 203
731 97
732 8
732 188
732 0
733 59
733 626
733 172
734 20
734 101
734 170
735 445
735 13
735 71
736 29
736 17
736 503
737 148
737 20
737 78
738 382
738 368
738 69
739 20
739 149
739 97
740 228
740 291
740 46
741 466
741 60
741 76
742 175
742 47
742 373
743 6
743 29
743 72
744 311
744 46
744 255
745 692
745 730
745 186
746 18
746 2
746 604
747 26
747 248
747 33
748 111
748 509
748 497
749 25
749 660
749 131
750 144
750 28
750 10
751 6
751 16
751 592
752 279
752 482
752 37
753 256
753 707
753 168
754 189
754 112
754 37
755 22
755 332
755 556
756 36
756 134
756 121
757 33
757 132
757 52
758 501
758 132
758 226
759 549
759 18
759 100
760 153
760 643
760 116
761 460
761 257
761 9
762 711
762 15
762 25
763 19
763 155
763 346
764 603
764 682
764 377
765 710
765 499
765 36
766 263
766 124
766 80
767 260
767 408
767 1
768 41
768 52
768 475
769 36
769 97
769 532
770 1
770 57
770 18
771 69
771 20
771 612
772 9
772 493
772 48
773 16
773 153
773 711
774 417
774 11
774 340
775 336
775 460
775 603
776 260
776 18
776 590
777 669
777 367
777 554
778 9
778 289
778 18
779 123
779 8
779 70
780 163
780 637
780 653
781 129
781 36
781 778
782 203
782 0
782 601
783 106
783 356
783 400
784 45
784 553
784 56
785 332
785 392
785 388
786 1
786 271
786 0
787 174
787 690
787 154
788 256
788 206
788 354
789 246
789 0
789 78
790 524
790 429
790 69
791 58
791 0
791 604
792 165
792 0
792 185
793 111
793 48
793 491
794 14
794 24
794 174
795 20
795 448
795 338
796 55
796 26
796 67
797 190
797 341
797 388
798 218
798 40
798 765
799 277
799 2
799 474
800 164
800 34
800 259
801 4
801 340
801 282
802 771
802 9
802 0
803 419
803 579
803 37
804 573
804 78
804 268
805 0
805 563
805 29
806 204
806 661
806 3
807 2
807 153
807 342
808 1
808 244
808 455
809 310
809 36
809 2
810 121
810 372
810 45
811 348
811 239
811 78
812 109
812 60
812 509
813 422
813 53
813 367
814 482
814 76
814 73
815 74
815 361
815 538
816 44
816 611
816 271
817 58
817 168
817 71
818 537
818 506
818 707
819 321
819 310
819 799
820 36
820 10
820 448
821 174
821 423
821 3
822 374
822 405
822 52
823 251
823 25
823 648
824 60
824 101
824 237
825 42
825 246
825 748
826 590
826 249
826 16
827 671
827 385
827 178
828 694
828 55
828 469
829 661
829 237
829 1
830 519
830 46
830 662
831 39
831 613
831 89
832 27
832 1
832 333
833 365
833 100
833 8
834 454
834 221
834 260
835 17
835 304
835 2
836 78
836 203
836 570
837 474
837 56
837 95
838 20
838 716
838 85
839 474
839 597
839 20
840 0
840 168
840 282
841 565
841 2
841 6
842 20
842 717
842 201
843 348
843 309
843 382
844 277
844 427
844 584
845 28
845 269
845 3
846 19
846 379
846 85
847 129
847 2
847 537
848 77
848 41
848 87
849 308
849 585
849 82
850 1
850 9
850 362
851 39
851 62
851 291
852 9
852 90
852 2
853 817
853 367
853 567
854 478
854 129
854 25
855 27
855 113
855 350
856 28
856 132
856 181
857 349
857 37
857 500
858 186
858 619
858 16
859 569
859 0
859 166
860 653
860 402
860 53
861 490
861 854
861 364
862 836
862 55
862 134
863 467
863 493
863 267
864 317
864 15
864 716
865 231
865 265
865 3
866 10
866 239
866 768
867 366
867 123
867 385
868 699
868 404
868 227
869 50
869 172
869 167
870 279
870 9
870 837
871 64
871 802
871 1
872 0
872 155
872 106
873 368
873 97
873 44
874 471
874 89
874 59
875 199
875 319
875 22
876 3
876 125
876 36
877 2
877 427
877 77
878 875
878 618
878 278
879 854
879 30
879 607
880 874
880 145
880 701
881 60
881 0
881 822
882 76
882 737
882 486
883 67
883 17
883 39
884 198
884 381
884 484
885 707
885 2
885 114
886 35
886 362
886 46
887 862
887 17
887 33
888 8
888 586
888 298
889 33
889 663
889 147
890 206
890 618
890 376
891 68
891 635
891 1
892 439
892 550
892 58
893 18
893 36
893 31
894 337
894 239
894 39
895 1
895 711
895 379
896 194
896 57
896 28
897 500
897 19
897 133
898 631
898 400
898 4
899 97
899 365
899 422
900 313
900 748
900 511
901 171
901 297
901 165
902 10
902 97
902 138
903 121
903 750
903 25
904 85
904 759
904 60
905 78
905 70
905 348
906 873
906 100
906 337
907 19
907 94
907 168
908 6
908 28
908 95
909 859
909 124
909 409
910 246
910 102
910 74
911 175
911 8
911 902
912 57
912 246
912 2
913 16
913 696
913 625
914 907
914 449
914 3
915 46
915 5
915 225
916 72
916 79
916 49
917 3
917 878
917 632
918 569
918 0
918 185
919 149
919 887
919 766
920 395
920 52
920 10
921 66
921 28
921 114
922 625
922 324
922 8
923 86
923 168
923 493
924 482
924 123
924 562
925 28
925 200
925 444
926 333
926 710
926 462
927 16
927 33
927 155
928 394
928 171
928 94
929 17
929 70
929 41
930 900
930 9
930 11
931 924
931 6
931 9
932 334
932 8
932 7
933 178
933 114
933 59
934 241
934 116
934 238
935 10
935 209
935 231
936 60
936 110
936 0
937 84
937 259
937 328
938 248
938 585
938 591
939 690
939 766
939 130
940 19
940 8
940 925
941 885
941 909
941 54
942 2
942 63
942 226
943 940
943 429
943 18
944 8
944 200
944 9
945 30
945 832
945 543
946 81
946 68
946 716
947 889
947 9
947 26
948 5
948 2
948 406
949 873
949 589
949 254
950 550
950 97
950 538
951 861
951 90
951 376
952 878
952 304
952 456
953 35
953 914
953 878
954 606
954 188
954 71
955 332
955 85
955 241
956 361
956 557
956 482
957 761
957 592
957 911
958 344
958 415
958 0
959 414
959 97
959 703
960 171
960 545
960 776
961 289
961 944
961 20
962 367
962 0
962 659
963 0
963 17
963 252
964 236
964 570
964 256
965 493
965 663
965 963
966 496
966 806
966 41
967 7
967 649
967 60
968 523
968 208
968 433
969 3
969 485
969 16
970 707
970 2
970 28
971 400
971 268
971 39
972 339
972 452
972 661
973 460
973 420
973 230
974 214
974 33
974 9
975 201
975 392
975 416
976 2
976 876
976 802
977 28
977 17
977 359
978 423
978 693
978 0
979 1
979 9
979 969
980 215
980 773
980 183
981 16
981 134
981 6
982 29
982 547
982 59
983 194
983 89
983 168
984 121
984 345
984 120
985 703
985 253
985 238
986 345
986 78
986 1
987 283
987 717
987 771
988 9
988 386
988 331
989 113
989 463
989 250
990 17
990 895
990 63
991 297
991 39
991 313
992 246
992 452
992 2
993 367
993 468
993 65
994 304
994 438
994 310
995 58
995 720
995 263
996 707
996 193
996 436
997 192
997 138
997 22
998 18
998 128
998 26
999 337
999 221
999 144
