0 1
1 0
2 1
2 0
3 0
3 1
3 2
4 1
4 0
4 3
5 1
5 0
5 3
6 2
6 1
6 0
7 1
7 3
7 0
8 7
8 0
8 2
9 3
9 1
9 5
10 1
10 4
10 5
11 1
11 3
11 0
12 4
12 3
12 0
13 6
13 0
13 1
14 3
14 0
14 4
15 2
15 3
15 8
16 0
16 9
16 13
17 1
17 5
17 2
18 0
18 11
18 9
19 0
19 7
19 1
20 2
20 0
20 4
21 0
21 11
21 17
22 4
22 8
22 3
23 5
23 2
23 11
24 11
24 8
24 6
25 5
25 7
25 0
26 7
26 1
26 23
27 12
27 3
27 0
28 2
28 22
28 4
29 1
29 0
29 2
30 11
30 0
30 2
31 17
31 1
31 5
32 5
32 0
32 3
33 1
33 23
33 0
34 2
34 0
34 1
35 3
35 1
35 23
36 13
36 7
36 0
37 15
37 27
37 2
38 9
38 2
38 13
39 8
39 2
39 16
40 5
40 20
40 0
41 2
41 30
41 5
42 4
42 18
42 20
43 40
43 8
43 41
44 6
44 0
44 41
45 39
45 4
45 31
46 8
46 11
46 1
47 14
47 23
47 19
48 41
48 3
48 37
49 33
49 13
49 1
50 30
50 3
50 4
51 26
51 43
51 14
52 45
52 9
52 0
53 7
53 0
53 23
54 5
54 4
54 2
55 36
55 13
55 4
56 2
56 4
56 8
57 4
57 17
57 36
58 3
58 43
58 8
59 8
59 2
59 11
60 3
60 16
60 2
61 56
61 36
61 18
62 1
62 11
62 30
63 23
63 34
63 30
64 17
64 3
64 2
65 3
65 2
65 25
66 43
66 61
66 7
67 8
67 9
67 7
68 51
68 25
68 6
69 47
69 1
69 23
70 13
70 5
70 8
71 33
71 49
71 46
72 45
72 32
72 2
73 18
73 0
73 28
74 6
74 32
74 21
75 24
75 52
75 3
76 0
76 55
76 2
77 9
77 4
77 3
78 24
78 46
78 21
79 24
79 2
79 20
80 55
80 6
80 4
81 39
81 5
81 34
82 1
82 2
82 80
83 16
83 2
83 0
84 1
84 13
84 50
85 33
85 2
85 4
86 33
86 32
86 5
87 1
87 15
87 0
88 57
88 81
88 2
89 25
89 66
89 75
90 13
90 10
90 67
91 2
91 48
91 43
92 33
92 61
92 3
93 2
93 0
93 8
94 21
94 92
94 29
95 0
95 32
95 21
96 2
96 39
96 56
97 5
97 21
97 10
98 18
98 70
98 26
99 80
99 44
99 0
100 80
100 9
100 66
101 1
101 4
101 5
102 42
102 38
102 24
103 58
103 51
103 97
104 75
104 82
104 44
105 3
105 93
105 33
106 1
106 25
106 3
107 17
107 1
107 87
108 11
108 2
108 23
109 30
109 2
109 40
110 38
110 7
110 93
111 25
111 8
111 16
112 8
112 96
112 95
113 69
113 72
113 17
114 41
114 25
114 87
115 13
115 81
115 1
116 2
116 81
116 0
117 79
117 23
117 16
118 2
118 39
118 4
119 13
119 1
119 98
120 30
120 53
120 24
121 6
121 16
121 65
122 14
122 47
122 59
123 1
123 66
123 23
124 45
124 81
124 3
125 5
125 1
125 74
126 34
126 4
126 2
127 8
127 20
127 16
128 86
128 43
128 4
129 32
129 1
129 3
130 46
130 109
130 71
131 19
131 58
131 5
132 0
132 109
132 32
133 97
133 2
133 23
134 87
134 17
134 36
135 100
135 87
135 43
136 41
136 63
136 112
137 22
137 18
137 4
138 22
138 92
138 2
139 138
139 2
139 8
140 105
140 2
140 34
141 136
141 25
141 1
142 52
142 34
142 0
143 10
143 15
143 49
144 8
144 116
144 100
145 140
145 13
145 7
146 77
146 1
146 50
147 33
147 17
147 41
148 36
148 46
148 61
149 104
149 23
149 17
150 2
150 28
150 9
151 60
151 123
151 2
152 127
152 87
152 3
153 88
153 3
153 121
154 1
154 17
154 138
155 58
155 135
155 23
156 131
156 30
156 13
157 33
157 116
157 102
158 122
158 2
158 41
159 90
159 94
159 17
160 94
160 50
160 28
161 77
161 49
161 8
162 34
162 43
162 14
163 145
163 79
163 140
164 81
164 2
164 45
165 2
165 43
165 47
166 1
166 10
166 23
167 10
167 11
167 8
168 47
168 36
168 88
169 65
169 5
169 30
170 83
170 2
170 30
171 0
171 13
171 75
172 5
172 0
172 31
173 80
173 13
173 10
174 23
174 24
174 131
175 116
175 77
175 151
176 153
176 39
176 119
177 13
177 71
177 5
178 119
178 0
178 25
179 25
179 13
179 37
180 97
180 160
180 120
181 23
181 146
181 0
182 51
182 109
182 29
183 147
183 33
183 80
184 126
184 11
184 57
185 183
185 110
185 1
186 11
186 15
186 51
187 82
187 16
187 4
188 17
188 48
188 8
189 13
189 0
189 94
190 36
190 99
190 91
191 131
191 40
191 5
192 106
192 164
192 41
193 15
193 7
193 138
194 0
194 101
194 109
195 0
195 3
195 7
196 26
196 33
196 68
197 5
197 84
197 38
198 13
198 8
198 1
199 33
199 3
199 16
200 187
200 43
200 169
201 23
201 81
201 32
202 137
202 97
202 116
203 46
203 6
203 23
204 174
204 116
204 148
205 148
205 24
205 194
206 47
206 61
206 148
207 14
207 129
207 6
208 0
208 16
208 117
209 69
209 16
209 43
210 49
210 165
210 22
211 28
211 2
211 43
212 34
212 5
212 23
213 2
213 99
213 159
214 13
214 204
214 17
215 16
215 138
215 208
216 15
216 13
216 94
217 3
217 0
217 111
218 98
218 93
218 100
219 39
219 161
219 48
220 117
220 152
220 1
221 14
221 27
221 148
222 1
222 122
222 23
223 168
223 15
223 88
224 117
224 13
224 50
225 96
225 103
225 25
226 28
226 58
226 0
227 121
227 147
227 51
228 0
228 9
228 13
229 130
229 24
229 58
230 138
230 2
230 115
231 137
231 224
231 138
232 33
232 90
232 107
233 53
233 231
233 18
234 4
234 134
234 199
235 71
235 152
235 227
236 0
236 218
236 37
237 162
237 135
237 6
238 73
238 85
238 16
239 1
239 56
239 138
240 23
240 6
240 68
241 14
241 160
241 1
242 38
242 68
242 4
243 101
243 9
243 162
244 207
244 86
244 178
245 53
245 141
245 123
246 17
246 11
246 23
247 20
247 0
247 166
248 236
248 8
248 110
249 178
249 208
249 24
250 56
250 127
250 3
251 158
251 180
251 164
252 195
252 137
252 23
253 5
253 15
253 146
254 160
254 10
254 204
255 47
255 0
255 206
256 71
256 77
256 242
257 80
257 4
257 70
258 23
258 20
258 79
259 0
259 9
259 1
260 249
260 0
260 7
261 127
261 19
261 229
262 194
262 3
262 11
263 25
263 15
263 41
264 59
264 11
264 116
265 4
265 210
265 111
266 108
266 164
266 138
267 16
267 1
267 40
268 65
268 233
268 211
269 149
269 168
269 2
270 20
270 11
270 2
271 0
271 61
271 3
272 97
272 41
272 5
273 13
273 76
273 94
274 36
274 33
274 136
275 210
275 4
275 63
276 41
276 18
276 51
277 235
277 258
277 0
278 158
278 229
278 70
279 45
279 252
279 15
280 30
280 8
280 88
281 4
281 120
281 98
282 167
282 138
282 272
283 50
283 1
283 95
284 149
284 2
284 14
285 235
285 225
285 165
286 0
286 88
286 90
287 275
287 279
287 224
288 178
288 272
288 36
289 262
289 111
289 23
290 31
290 132
290 18
291 121
291 209
291 151
292 158
292 243
292 235
293 16
293 180
293 229
294 8
294 34
294 132
295 9
295 1
295 108
296 7
296 279
296 189
297 37
297 207
297 160
298 37
298 125
298 71
299 23
299 239
299 53
300 105
300 272
300 1
301 227
301 180
301 44
302 202
302 264
302 4
303 44
303 77
303 26
304 0
304 25
304 3
305 141
305 226
305 95
306 123
306 40
306 26
307 31
307 2
307 67
308 39
308 261
308 34
309 97
309 42
309 186
310 3
310 171
310 270
311 5
311 6
311 50
312 143
312 152
312 88
313 0
313 13
313 50
314 6
314 87
314 231
315 149
315 9
315 7
316 6
316 152
316 45
317 38
317 249
317 292
318 147
318 39
318 13
319 48
319 194
319 2
320 178
320 167
320 6
321 30
321 43
321 17
322 147
322 160
322 42
323 130
323 3
323 4
324 212
324 158
324 52
325 5
325 101
325 310
326 313
326 208
326 1
327 34
327 195
327 20
328 36
328 305
328 5
329 310
329 24
329 104
330 53
330 89
330 279
331 108
331 180
331 138
332 69
332 330
332 116
333 68
333 57
333 33
334 44
334 0
334 24
335 4
335 20
335 191
336 109
336 77
336 17
337 17
337 2
337 44
338 23
338 110
338 212
339 83
339 15
339 159
340 164
340 32
340 16
341 329
341 21
341 169
342 229
342 117
342 43
343 1
343 138
343 189
344 68
344 224
344 281
345 318
345 292
345 297
346 99
346 28
346 334
347 4
347 61
347 116
348 315
348 253
348 8
349 343
349 110
349 70
350 64
350 283
350 104
351 253
351 34
351 75
352 75
352 3
352 61
353 267
353 0
353 3
354 16
354 81
354 95
355 121
355 68
355 298
356 9
356 243
356 95
357 327
357 152
357 22
358 17
358 2
358 283
359 1
359 210
359 24
360 66
360 4
360 0
361 312
361 101
361 16
362 129
362 328
362 39
363 22
363 7
363 16
364 7
364 165
364 65
365 158
365 138
365 211
366 161
366 34
366 165
367 131
367 50
367 347
368 130
368 8
368 235
369 277
369 34
369 2
370 116
370 301
370 6
371 2
371 183
371 13
372 95
372 8
372 310
373 199
373 80
373 17
374 186
374 1
374 305
375 66
375 45
375 4
376 63
376 187
376 193
377 23
377 4
377 3
378 2
378 361
378 71
379 13
379 116
379 79
380 255
380 140
380 57
381 23
381 15
381 83
382 67
382 250
382 285
383 171
383 88
383 3
384 88
384 57
384 372
385 283
385 55
385 3
386 252
386 83
386 253
387 212
387 116
387 189
388 86
388 4
388 3
389 212
389 29
389 226
390 93
390 67
390 219
391 106
391 258
391 66
392 206
392 48
392 328
393 96
393 8
393 229
394 233
394 199
394 141
395 40
395 378
395 1
396 138
396 51
396 120
397 0
397 134
397 16
398 50
398 165
398 1
399 74
399 40
399 43
400 110
400 226
400 197
401 0
401 159
401 17
402 65
402 48
402 61
403 0
403 147
403 109
404 71
404 47
404 250
405 277
405 105
405 17
406 213
406 1
406 123
407 45
407 229
407 148
408 337
408 98
408 105
409 246
409 195
409 2
410 200
410 0
410 212
411 17
411 34
411 95
412 365
412 9
412 94
413 90
413 212
413 2
414 285
414 15
414 243
415 77
415 388
415 169
416 161
416 36
416 77
417 289
417 46
417 134
418 108
418 186
418 128
419 24
419 2
419 142
420 272
420 352
420 43
421 199
421 43
421 298
422 40
422 85
422 383
423 189
423 110
423 33
424 229
424 4
424 154
425 118
425 88
425 115
426 129
426 21
426 236
427 39
427 101
427 93
428 274
428 295
428 25
429 232
429 66
429 310
430 242
430 191
430 208
431 57
431 304
431 202
432 340
432 2
432 378
433 169
433 130
433 39
434 85
434 283
434 3
435 341
435 2
435 250
436 67
436 88
436 404
437 2
437 332
437 121
438 20
438 1
438 418
439 106
439 353
439 208
440 154
440 5
440 212
441 360
441 43
441 299
442 52
442 9
442 278
443 148
443 299
443 106
444 23
444 1
444 357
445 38
445 148
445 327
446 16
446 363
446 96
447 56
447 106
447 37
448 4
448 27
448 70
449 237
449 447
449 61
450 135
450 161
450 48
451 194
451 67
451 34
452 245
452 61
452 333
453 7
453 87
453 197
454 38
454 313
454 277
455 22
455 8
455 87
456 1
456 17
456 164
457 31
457 7
457 209
458 5
458 24
458 346
459 24
459 4
459 304
460 399
460 23
460 213
461 38
461 191
461 248
462 347
462 2
462 325
463 11
463 342
463 438
464 0
464 325
464 347
465 416
465 42
465 255
466 465
466 74
466 5
467 310
467 1
467 0
468 426
468 89
468 428
469 16
469 38
469 1
470 409
470 77
470 173
471 190
471 106
471 24
472 25
472 363
472 194
473 420
473 55
473 52
474 23
474 105
474 296
475 262
475 440
475 157
476 444
476 40
476 180
477 87
477 181
477 279
478 235
478 23
478 158
479 17
479 0
479 25
480 225
480 443
480 97
481 104
481 23
481 210
482 90
482 23
482 2
483 11
483 174
483 191
484 115
484 6
484 13
485 179
485 318
485 11
486 158
486 91
486 81
487 326
487 3
487 252
488 95
488 159
488 34
489 391
489 18
489 132
490 264
490 464
490 56
491 49
491 6
491 217
492 105
492 33
492 181
493 258
493 2
493 490
494 443
494 2
494 68
495 120
495 72
495 109
496 16
496 328
496 307
497 216
497 2
497 3
498 32
498 172
498 190
499 40
499 50
499 32
500 209
500 6
500 495
501 138
501 402
501 11
502 7
502 27
502 371
503 46
503 33
503 224
504 110
504 224
504 40
505 182
505 467
505 458
506 189
506 290
506 385
507 276
507 22
507 58
508 34
508 11
508 35
509 120
509 3
509 65
510 3
510 57
510 25
511 36
511 271
511 224
512 379
512 212
512 481
513 385
513 474
513 40
514 4
514 21
514 310
515 108
515 477
515 174
516 261
516 83
516 3
517 488
517 105
517 336
518 43
518 355
518 161
519 202
519 44
519 74
520 395
520 497
520 239
521 15
521 9
521 202
522 277
522 106
522 4
523 3
523 44
523 4
524 24
524 2
524 34
525 202
525 142
525 432
526 153
526 11
526 43
527 186
527 429
527 0
528 172
528 24
528 483
529 19
529 264
529 24
530 159
530 180
530 3
531 227
531 0
531 41
532 180
532 251
532 22
533 130
533 439
533 2
534 13
534 283
534 441
535 413
535 290
535 16
536 8
536 262
536 17
537 5
537 131
537 7
538 242
538 120
538 464
539 53
539 436
539 484
540 424
540 191
540 161
541 11
541 205
541 472
542 109
542 376
542 510
543 348
543 262
543 209
544 20
544 74
544 542
545 543
545 29
545 57
546 488
546 24
546 234
547 310
547 415
547 17
548 84
548 180
548 504
549 34
549 134
549 13
550 192
550 65
550 290
551 8
551 80
551 4
552 97
552 436
552 23
553 378
553 13
553 43
554 546
554 333
554 295
555 176
555 325
555 28
556 14
556 461
556 1
557 535
557 503
557 119
558 36
558 76
558 294
559 489
559 44
559 169
560 68
560 231
560 7
561 197
561 251
561 1
562 189
562 2
562 252
563 31
563 28
563 434
564 13
564 74
564 473
565 20
565 312
565 29
566 53
566 47
566 206
567 148
567 263
567 509
568 127
568 384
568 46
569 429
569 229
569 384
570 366
570 26
570 252
571 116
571 293
571 3
572 5
572 165
572 9
573 162
573 25
573 212
574 213
574 1
574 11
575 105
575 79
575 53
576 32
576 8
576 39
577 227
577 148
577 318
578 0
578 240
578 66
579 388
579 450
579 578
580 11
580 24
580 313
581 104
581 186
581 14
582 325
582 350
582 160
583 362
583 491
583 201
584 117
584 576
584 57
585 258
585 8
585 1
586 63
586 50
586 21
587 202
587 233
587 3
588 112
588 408
588 1
589 5
589 67
589 261
590 231
590 9
590 109
591 440
591 354
591 108
592 576
592 253
592 1
593 269
593 325
593 299
594 218
594 341
594 356
595 85
595 67
595 290
596 47
596 322
596 188
597 8
597 138
597 378
598 142
598 0
598 32
599 7
599 138
599 429
600 428
600 49
600 36
601 305
601 266
601 546
602 583
602 138
602 30
603 120
603 9
603 8
604 157
604 5
604 103
605 250
605 13
605 45
606 440
606 198
606 510
607 93
607 547
607 510
608 542
608 386
608 0
609 49
609 385
609 53
610 389
610 3
610 271
611 560
611 456
611 257
612 25
612 56
612 505
613 1
613 196
613 37
614 235
614 109
614 66
615 440
615 34
615 504
616 87
616 393
616 25
617 142
617 225
617 287
618 248
618 58
618 8
619 502
619 23
619 420
620 65
620 375
620 495
621 355
621 8
621 103
622 463
622 590
622 97
623 14
623 24
623 514
624 161
624 3
624 384
625 348
625 94
625 36
626 184
626 191
626 302
627 145
627 248
627 2
628 20
628 434
628 41
629 8
629 424
629 281
630 316
630 25
630 443
631 90
631 17
631 2
632 2
632 97
632 11
633 276
633 7
633 26
634 87
634 132
634 35
635 105
635 145
635 1
636 97
636 38
636 243
637 47
637 88
637 143
638 605
638 599
638 190
639 171
639 131
639 427
640 192
640 262
640 0
641 243
641 3
641 326
642 3
642 193
642 15
643 147
643 4
643 6
644 224
644 70
644 250
645 253
645 493
645 1
646 399
646 93
646 279
647 15
647 253
647 589
648 2
648 182
648 17
649 573
649 558
649 137
650 41
650 20
650 75
651 215
651 116
651 279
652 325
652 238
652 3
653 8
653 579
653 471
654 97
654 148
654 8
655 141
655 512
655 399
656 178
656 533
656 250
657 1
657 163
657 656
658 3
658 294
658 380
659 222
659 116
659 19
660 581
660 586
660 591
661 131
661 236
661 71
662 655
662 15
662 138
663 643
663 212
663 579
664 309
664 39
664 25
665 254
665 43
665 90
666 35
666 1
666 4
667 492
667 277
667 545
668 68
668 375
668 43
669 426
669 312
669 372
670 92
670 147
670 585
671 438
671 66
671 47
672 43
672 404
672 202
673 108
673 313
673 657
674 168
674 334
674 1
675 601
675 636
675 303
676 420
676 41
676 250
677 7
677 80
677 24
678 94
678 17
678 154
679 117
679 570
679 50
680 56
680 195
680 663
681 50
681 187
681 45
682 654
682 544
682 1
683 21
683 415
683 97
684 13
684 158
684 41
685 351
685 160
685 0
686 214
686 137
686 66
687 2
687 510
687 34
688 70
688 632
688 36
689 141
689 39
689 132
690 226
690 528
690 70
691 9
691 688
691 314
692 77
692 0
692 21
693 625
693 504
693 498
694 59
694 321
694 583
695 409
695 544
695 364
696 174
696 202
696 16
697 130
697 227
697 36
698 434
698 15
698 513
699 2
699 3
699 439
700 630
700 30
700 61
701 46
701 494
701 90
702 16
702 352
702 128
703 66
703 89
703 152
704 533
704 492
704 202
705 131
705 583
705 0
706 43
706 517
706 138
707 148
707 74
707 1
708 40
708 225
708 308
709 66
709 505
709 561
710 664
710 310
710 2
711 543
711 43
711 180
712 283
712 503
712 325
713 103
713 367
713 571
714 521
714 371
714 467
715 77
715 308
715 616
716 696
716 4
716 62
717 682
717 26
717 137
718 56
718 17
718 3
719 107
719 498
719 106
720 88
720 258
720 2
721 80
721 161
721 44
722 164
722 573
722 656
723 19
723 229
723 262
724 366
724 70
724 3
725 376
725 362
725 103
726 600
726 390
726 24
727 690
727 712
727 97
728 614
728 17
728 355
729 310
729 635
729 4
730 11
730 3
730 289
731 1
731 389
731 306
732 378
732 253
732 260
733 333
733 69
733 655
734 218
734 628
734 641
735 168
735 131
735 163
736 108
736 540
736 320
737 231
737 211
737 0
738 195
738 711
738 610
739 44
739 323
739 3
740 109
740 226
740 112
741 202
741 529
741 323
742 233
742 252
742 17
743 4
743 272
743 595
744 345
744 290
744 483
745 171
745 148
745 281
746 543
746 228
746 77
747 43
747 471
747 23
748 34
748 79
748 425
749 508
749 48
749 17
750 434
750 696
750 583
751 376
751 644
751 449
752 482
752 47
752 105
753 329
753 30
753 191
754 3
754 604
754 131
755 0
755 380
755 117
756 17
756 90
756 289
757 80
757 90
757 366
758 737
758 116
758 440
759 672
759 360
759 61
760 3
760 750
760 374
761 261
761 116
761 24
762 225
762 85
762 424
763 1
763 8
763 138
764 138
764 131
764 738
765 747
765 177
765 158
766 34
766 512
766 573
767 278
767 2
767 45
768 723
768 385
768 108
769 252
769 116
769 33
770 5
770 585
770 735
771 769
771 1
771 23
772 380
772 322
772 328
773 692
773 13
773 90
774 19
774 1
774 395
775 353
775 70
775 463
776 259
776 554
776 38
777 505
777 341
777 563
778 312
778 462
778 95
779 112
779 90
779 34
780 229
780 238
780 471
781 39
781 503
781 258
782 1
782 264
782 38
783 177
783 520
783 587
784 187
784 697
784 143
785 2
785 24
785 8
786 580
786 23
786 25
787 343
787 277
787 294
788 299
788 282
788 702
789 13
789 355
789 526
790 0
790 1
790 157
791 58
791 769
791 97
792 34
792 172
792 16
793 488
793 6
793 367
794 7
794 48
794 30
795 138
795 492
795 519
796 108
796 737
796 0
797 97
797 87
797 24
798 90
798 517
798 72
799 2
799 25
799 28
800 61
800 323
800 721
801 127
801 105
801 66
802 395
802 15
802 0
803 138
803 409
803 66
804 1
804 383
804 585
805 108
805 15
805 168
806 488
806 195
806 29
807 462
807 193
807 68
808 44
808 456
808 148
809 47
809 1
809 0
810 87
810 247
810 36
811 47
811 295
811 118
812 459
812 90
812 309
813 16
813 0
813 21
814 122
814 187
814 23
815 469
815 703
815 138
816 692
816 290
816 489
817 116
817 24
817 581
818 495
818 47
818 7
819 16
819 140
819 807
820 381
820 333
820 690
821 131
821 29
821 738
822 469
822 350
822 367
823 345
823 0
823 326
824 582
824 50
824 36
825 336
825 744
825 360
826 791
826 710
826 357
827 579
827 14
827 546
828 5
828 269
828 94
829 2
829 292
829 323
830 75
830 96
830 149
831 158
831 172
831 66
832 283
832 8
832 329
833 47
833 462
833 326
834 2
834 77
834 258
835 765
835 415
835 68
836 224
836 404
836 27
837 482
837 142
837 599
838 638
838 41
838 4
839 467
839 114
839 253
840 161
840 360
840 389
841 829
841 327
841 171
842 439
842 442
842 387
843 20
843 383
843 129
844 419
844 6
844 378
845 231
845 455
845 131
846 160
846 18
846 109
847 334
847 367
847 762
848 41
848 834
848 143
849 109
849 4
849 691
850 2
850 229
850 800
851 2
851 242
851 622
852 806
852 120
852 249
853 147
853 310
853 324
854 161
854 28
854 785
855 312
855 705
855 30
856 190
856 34
856 329
857 283
857 766
857 391
858 30
858 375
858 41
859 599
859 168
859 494
860 437
860 69
860 591
861 539
861 3
861 109
862 6
862 542
862 46
863 0
863 535
863 246
864 427
864 158
864 676
865 13
865 430
865 105
866 665
866 202
866 232
867 704
867 281
867 125
868 332
868 69
868 43
869 83
869 684
869 555
870 360
870 211
870 10
871 205
871 33
871 15
872 794
872 306
872 644
873 46
873 23
873 4
874 209
874 640
874 147
875 370
875 66
875 618
876 312
876 767
876 793
877 654
877 39
877 279
878 202
878 397
878 33
879 34
879 30
879 58
880 207
880 392
880 0
881 667
881 222
881 650
882 2
882 765
882 341
883 1
883 443
883 869
884 166
884 17
884 644
885 186
885 36
885 141
886 107
886 138
886 233
887 191
887 411
887 50
888 298
888 277
888 88
889 44
889 225
889 675
890 46
890 542
890 739
891 300
891 225
891 724
892 712
892 334
892 179
893 15
893 105
893 7
894 357
894 152
894 0
895 202
895 471
895 467
896 488
896 66
896 411
897 777
897 762
897 250
898 13
898 37
898 138
899 6
899 33
899 46
900 434
900 34
900 755
901 173
901 138
901 35
902 3
902 25
902 2
903 109
903 11
903 162
904 19
904 155
904 164
905 2
905 385
905 37
906 23
906 467
906 810
907 142
907 70
907 13
908 868
908 31
908 81
909 65
909 392
909 225
910 814
910 5
910 399
911 775
911 561
911 3
912 14
912 26
912 543
913 326
913 158
913 600
914 95
914 426
914 277
915 105
915 450
915 375
916 213
916 383
916 225
917 197
917 913
917 0
918 28
918 504
918 8
919 582
919 25
919 97
920 613
920 106
920 421
921 2
921 657
921 138
922 61
922 249
922 401
923 546
923 162
923 505
924 447
924 236
924 247
925 676
925 713
925 2
926 289
926 523
926 280
927 401
927 138
927 66
928 18
928 464
928 574
929 649
929 661
929 28
930 622
930 267
930 583
931 7
931 0
931 149
932 390
932 745
932 0
933 350
933 512
933 185
934 202
934 469
934 16
935 105
935 209
935 693
936 37
936 82
936 104
937 861
937 239
937 526
938 95
938 292
938 265
939 176
939 110
939 143
940 408
940 482
940 935
941 25
941 0
941 337
942 392
942 36
942 5
943 619
943 228
943 289
944 13
944 16
944 726
945 712
945 772
945 108
946 23
946 134
946 78
947 630
947 2
947 525
948 742
948 550
948 229
949 691
949 351
949 738
950 65
950 2
950 235
951 585
951 123
951 116
952 543
952 632
952 505
953 165
953 0
953 101
954 89
954 420
954 28
955 23
955 75
955 63
956 13
956 332
956 343
957 11
957 58
957 76
958 429
958 35
958 943
959 557
959 561
959 699
960 367
960 3
960 26
961 302
961 761
961 503
962 30
962 734
962 458
963 117
963 34
963 310
964 1
964 23
964 148
965 250
965 39
965 370
966 1
966 59
966 286
967 329
967 389
967 815
968 43
968 16
968 685
969 186
969 311
969 205
970 48
970 561
970 312
971 152
971 16
971 738
972 813
972 7
972 0
973 14
973 459
973 594
974 380
974 579
974 23
975 367
975 497
975 30
976 120
976 736
976 886
977 66
977 398
977 711
978 106
978 360
978 618
979 29
979 456
979 181
980 372
980 20
980 797
981 138
981 277
981 310
982 581
982 913
982 32
983 101
983 4
983 114
984 96
984 838
984 321
985 697
985 517
985 838
986 15
986 9
986 591
987 83
987 510
987 981
988 17
988 591
988 141
989 24
989 85
989 323
990 70
990 947
990 111
991 353
991 333
991 773
992 235
992 266
992 6
993 640
993 72
993 808
994 390
994 310
994 699
995 66
995 13
995 138
996 792
996 0
996 588
997 327
997 23
997 367
998 20
998 959
998 367
999 579
999 336
999 500
