0 1
1 0
2 1
2 0
3 2
3 0
3 1
4 1
4 3
4 0
5 0
5 1
5 3
6 5
6 0
6 2
7 2
7 0
7 4
8 4
8 3
8 1
9 8
9 1
9 3
10 1
10 9
10 0
11 5
11 9
11 6
12 5
12 10
12 2
13 9
13 2
13 8
14 1
14 3
14 10
15 11
15 14
15 1
16 5
16 0
16 4
17 0
17 10
17 15
18 2
18 11
18 8
19 11
19 2
19 0
20 9
20 0
20 4
21 8
21 14
21 16
22 9
22 0
22 20
23 19
23 5
23 1
24 3
24 10
24 1
25 4
25 11
25 7
26 12
26 9
26 24
27 6
27 5
27 19
28 5
28 0
28 8
29 4
29 27
29 21
30 0
30 9
30 12
31 9
31 18
31 13
32 3
32 1
32 7
33 11
33 3
33 15
34 3
34 4
34 0
35 29
35 6
35 19
36 19
36 0
36 28
37 13
37 3
37 27
38 8
38 19
38 9
39 22
39 11
39 2
40 11
40 14
40 2
41 11
41 15
41 0
42 11
42 4
42 0
43 2
43 14
43 3
44 25
44 15
44 1
45 30
45 39
45 38
46 1
46 0
46 35
47 1
47 28
47 3
48 15
48 0
48 8
49 20
49 23
49 2
50 2
50 3
50 0
51 0
51 31
51 1
52 11
52 9
52 39
53 1
53 6
53 41
54 12
54 7
54 8
55 7
55 5
55 38
56 26
56 23
56 15
57 19
57 1
57 53
58 34
58 1
58 4
59 2
59 10
59 40
60 3
60 8
60 39
61 0
61 6
61 48
62 61
62 33
62 0
63 1
63 0
63 31
64 1
64 55
64 12
65 36
65 9
65 51
66 15
66 7
66 21
67 47
67 12
67 9
68 51
68 58
68 43
69 28
69 53
69 5
70 48
70 0
70 4
71 7
71 61
71 1
72 9
72 30
72 1
73 68
73 23
73 62
74 26
74 9
74 56
75 1
75 12
75 45
76 5
76 0
76 1
77 22
77 74
77 53
78 52
78 44
78 18
79 72
79 61
79 24
80 29
80 23
80 50
81 38
81 9
81 1
82 22
82 4
82 12
83 8
83 4
83 52
84 10
84 31
84 18
85 25
85 9
85 75
86 11
86 1
86 16
87 25
87 20
87 40
88 31
88 8
88 58
89 25
89 1
89 18
90 19
90 30
90 9
91 75
91 25
91 11
92 13
92 0
92 82
93 4
93 9
93 1
94 65
94 10
94 25
95 38
95 90
95 7
96 87
96 25
96 36
97 10
97 11
97 18
98 8
98 30
98 4
99 34
99 40
99 78
100 5
100 3
100 11
101 17
101 23
101 37
102 14
102 23
102 0
103 9
103 87
103 0
104 24
104 31
104 60
105 98
105 19
105 59
106 44
106 34
106 12
107 40
107 60
107 43
108 45
108 41
108 51
109 30
109 37
109 96
110 17
110 9
110 13
111 26
111 29
111 0
112 103
112 39
112 18
113 65
113 90
113 12
114 0
114 87
114 68
115 50
115 24
115 74
116 15
116 9
116 106
117 0
117 104
117 101
118 1
118 25
118 54
119 65
119 61
119 8
120 88
120 31
120 1
121 59
121 1
121 44
122 1
122 9
122 5
123 9
123 0
123 44
124 4
124 7
124 72
125 108
125 106
125 30
126 5
126 9
126 63
127 9
127 73
127 5
128 3
128 16
128 28
129 14
129 0
129 23
130 75
130 88
130 1
131 28
131 73
131 2
132 4
132 82
132 128
133 31
133 126
133 7
134 9
134 0
134 15
135 7
135 82
135 73
136 51
136 115
136 29
137 8
137 74
137 5
138 0
138 10
138 52
139 97
139 81
139 10
140 120
140 81
140 15
141 18
141 64
141 129
142 73
142 19
142 43
143 62
143 45
143 22
144 24
144 43
144 27
145 120
145 18
145 82
146 26
146 0
146 112
147 41
147 72
147 11
148 1
148 52
148 10
149 87
149 123
149 117
150 129
150 1
150 50
151 109
151 28
151 88
152 85
152 31
152 34
153 52
153 9
153 2
154 99
154 69
154 126
155 8
155 96
155 61
156 101
156 37
156 31
157 4
157 28
157 22
158 14
158 87
158 16
159 17
159 40
159 129
160 87
160 43
160 98
161 11
161 5
161 69
162 30
162 5
162 152
163 87
163 12
163 148
164 25
164 10
164 9
165 52
165 10
165 25
166 52
166 5
166 61
167 78
167 28
167 136
168 1
168 134
168 15
169 98
169 131
169 44
170 1
170 167
170 92
171 109
171 0
171 78
172 138
172 31
172 25
173 44
173 37
173 31
174 127
174 69
174 2
175 19
175 60
175 92
176 1
176 9
176 17
177 13
177 30
177 129
178 27
178 12
178 139
179 135
179 45
179 0
180 52
180 9
180 173
181 44
181 68
181 122
182 8
182 178
182 68
183 159
183 50
183 178
184 23
184 10
184 55
185 96
185 30
185 11
186 175
186 152
186 59
187 72
187 88
187 3
188 138
188 48
188 1
189 0
189 10
189 1
190 1
190 22
190 61
191 179
191 149
191 148
192 43
192 64
192 2
193 4
193 22
193 25
194 39
194 9
194 5
195 22
195 74
195 28
196 20
196 29
196 3
197 162
197 15
197 59
198 128
198 144
198 26
199 45
199 30
199 25
200 78
200 10
200 39
201 15
201 161
201 130
202 83
202 50
202 151
203 118
203 35
203 0
204 14
204 68
204 84
205 50
205 46
205 28
206 107
206 172
206 123
207 134
207 30
207 14
208 45
208 14
208 85
209 114
209 58
209 0
210 126
210 142
210 113
211 6
211 0
211 75
212 191
212 46
212 25
213 97
213 24
213 34
214 95
214 205
214 5
215 50
215 59
215 17
216 1
216 65
216 12
217 91
217 41
217 19
218 11
218 138
218 174
219 22
219 124
219 24
220 8
220 187
220 1
221 158
221 152
221 124
222 59
222 81
222 128
223 38
223 52
223 8
224 7
224 30
224 143
225 27
225 1
225 9
226 126
226 92
226 119
227 5
227 109
227 161
228 58
228 79
228 185
229 41
229 205
229 19
230 138
230 122
230 170
231 48
231 52
231 5
232 189
232 10
232 14
233 106
233 41
233 138
234 0
234 48
234 28
235 138
235 17
235 108
236 122
236 30
236 45
237 51
237 2
237 156
238 91
238 15
238 119
239 126
239 6
239 173
240 168
240 30
240 32
241 46
241 68
241 27
242 96
242 236
242 220
243 71
243 27
243 118
244 88
244 89
244 3
245 108
245 156
245 8
246 103
246 8
246 7
247 156
247 39
247 0
248 59
248 153
248 26
249 196
249 197
249 28
250 145
250 79
250 61
251 223
251 12
251 109
252 28
252 41
252 80
253 13
253 0
253 242
254 156
254 44
254 1
255 23
255 130
255 146
256 187
256 8
256 19
257 9
257 45
257 128
258 256
258 5
258 31
259 65
259 48
259 54
260 70
260 12
260 14
261 140
261 11
261 54
262 69
262 33
262 138
263 22
263 0
263 84
264 132
264 0
264 108
265 137
265 40
265 19
266 24
266 68
266 0
267 4
267 5
267 59
268 1
268 148
268 94
269 40
269 153
269 107
270 111
270 82
270 1
271 29
271 82
271 108
272 2
272 60
272 10
273 129
273 134
273 12
274 247
274 257
274 53
275 40
275 100
275 209
276 199
276 3
276 9
277 88
277 269
277 219
278 17
278 81
278 167
279 2
279 41
279 257
280 22
280 0
280 249
281 19
281 272
281 242
282 101
282 84
282 252
283 44
283 89
283 138
284 271
284 37
284 4
285 23
285 161
285 30
286 138
286 161
286 1
287 46
287 143
287 109
288 28
288 71
288 236
289 241
289 269
289 69
290 107
290 24
290 73
291 107
291 135
291 39
292 214
292 216
292 0
293 0
293 173
293 1
294 142
294 14
294 212
295 119
295 30
295 139
296 3
296 235
296 9
297 153
297 122
297 19
298 164
298 144
298 0
299 250
299 3
299 1
300 3
300 78
300 59
301 10
301 282
301 195
302 265
302 269
302 9
303 137
303 88
303 18
304 114
304 138
304 231
305 10
305 132
305 210
306 173
306 69
306 14
307 0
307 14
307 25
308 25
308 39
308 199
309 19
309 4
309 10
310 207
310 82
310 291
311 207
311 183
311 235
312 307
312 311
312 16
313 97
313 10
313 6
314 142
314 88
314 231
315 11
315 0
315 123
316 6
316 39
316 11
317 1
317 68
317 249
318 9
318 44
318 106
319 2
319 226
319 221
320 137
320 257
320 7
321 0
321 281
321 19
322 320
322 197
322 66
323 26
323 12
323 25
324 127
324 285
324 142
325 191
325 109
325 80
326 309
326 87
326 107
327 23
327 101
327 30
328 261
328 53
328 49
329 5
329 294
329 74
330 105
330 75
330 273
331 0
331 260
331 10
332 62
332 80
332 161
333 133
333 19
333 24
334 132
334 6
334 74
335 43
335 173
335 65
336 38
336 87
336 101
337 218
337 299
337 55
338 10
338 24
338 130
339 68
339 253
339 217
340 61
340 159
340 50
341 2
341 101
341 4
342 48
342 164
342 105
343 2
343 247
343 0
344 11
344 103
344 45
345 242
345 106
345 25
346 2
346 23
346 17
347 83
347 178
347 101
348 16
348 11
348 75
349 88
349 167
349 81
350 89
350 37
350 25
351 9
351 1
351 19
352 2
352 101
352 7
353 15
353 253
353 1
354 19
354 1
354 39
355 286
355 328
355 17
356 0
356 12
356 236
357 31
357 64
357 59
358 12
358 138
358 351
359 22
359 9
359 352
360 315
360 8
360 9
361 152
361 173
361 171
362 28
362 234
362 130
363 72
363 223
363 108
364 59
364 129
364 191
365 79
365 4
365 48
366 91
366 6
366 58
367 23
367 89
367 9
368 289
368 6
368 246
369 11
369 132
369 122
370 5
370 28
370 161
371 127
371 9
371 59
372 31
372 88
372 15
373 298
373 161
373 153
374 193
374 220
374 119
375 209
375 12
375 37
376 87
376 287
376 144
377 215
377 15
377 10
378 308
378 87
378 222
379 143
379 29
379 114
380 273
380 259
380 6
381 33
381 10
381 308
382 24
382 87
382 36
383 25
383 37
383 5
384 33
384 1
384 19
385 38
385 210
385 97
386 92
386 175
386 137
387 16
387 153
387 126
388 52
388 362
388 1
389 2
389 268
389 23
390 63
390 331
390 27
391 10
391 2
391 202
392 72
392 74
392 207
393 318
393 9
393 371
394 386
394 368
394 43
395 286
395 337
395 152
396 30
396 272
396 261
397 1
397 17
397 261
398 83
398 45
398 21
399 52
399 31
399 257
400 54
400 309
400 51
401 150
401 31
401 386
402 27
402 71
402 130
403 400
403 175
403 24
404 108
404 138
404 18
405 49
405 1
405 18
406 4
406 142
406 202
407 159
407 283
407 1
408 70
408 38
408 400
409 285
409 11
409 44
410 269
410 283
410 173
411 306
411 170
411 357
412 87
412 18
412 286
413 244
413 404
413 4
414 60
414 122
414 236
415 300
415 413
415 71
416 89
416 11
416 210
417 25
417 97
417 356
418 1
418 50
418 158
419 14
419 48
419 207
420 14
420 320
420 6
421 5
421 8
421 52
422 18
422 67
422 12
423 353
423 53
423 15
424 117
424 47
424 4
425 107
425 187
425 236
426 198
426 112
426 173
427 78
427 368
427 267
428 362
428 380
428 274
429 132
429 37
429 30
430 25
430 118
430 9
431 15
431 162
431 25
432 0
432 31
432 152
433 85
433 8
433 65
434 270
434 12
434 173
435 123
435 385
435 0
436 24
436 178
436 46
437 46
437 71
437 19
438 156
438 31
438 75
439 87
439 122
439 64
440 257
440 96
440 387
441 4
441 384
441 14
442 353
442 248
442 40
443 17
443 192
443 75
444 4
444 126
444 3
445 69
445 9
445 196
446 117
446 402
446 230
447 4
447 236
447 185
448 13
448 0
448 9
449 100
449 253
449 12
450 310
450 418
450 176
451 195
451 50
451 398
452 0
452 235
452 11
453 444
453 396
453 269
454 35
454 11
454 133
455 150
455 132
455 12
456 235
456 405
456 158
457 456
457 300
457 155
458 28
458 381
458 105
459 195
459 15
459 39
460 49
460 106
460 425
461 106
461 366
461 2
462 199
462 30
462 12
463 25
463 48
463 377
464 5
464 14
464 411
465 404
465 120
465 185
466 22
466 1
466 133
467 331
467 112
467 65
468 144
468 96
468 435
469 397
469 263
469 62
470 8
470 98
470 17
471 154
471 306
471 366
472 408
472 73
472 82
473 93
473 1
473 396
474 226
474 331
474 24
475 395
475 219
475 345
476 17
476 332
476 1
477 108
477 12
477 30
478 28
478 72
478 138
479 18
479 213
479 49
480 103
480 154
480 254
481 189
481 301
481 8
482 91
482 141
482 250
483 30
483 79
483 161
484 53
484 39
484 125
485 292
485 33
485 294
486 32
486 476
486 318
487 381
487 340
487 252
488 37
488 317
488 103
489 152
489 134
489 158
490 31
490 156
490 30
491 51
491 454
491 363
492 4
492 198
492 253
493 0
493 246
493 59
494 23
494 138
494 282
495 434
495 412
495 142
496 208
496 293
496 52
497 0
497 285
497 82
498 95
498 29
498 18
499 338
499 68
499 109
