0 1
0 2
0 3
0 6
0 11
0 22
0 28
0 31
0 79
0 120
0 139
0 187
0 212
0 236
0 275
0 339
0 359
0 529
0 552
0 574
0 582
1 0
1 2
1 3
1 4
1 5
1 6
1 9
1 10
1 11
1 18
1 31
1 43
1 49
1 92
1 96
1 114
1 176
1 229
1 248
1 264
1 277
1 283
1 349
1 435
1 510
1 646
1 659
1 706
1 766
1 771
1 789
2 0
2 1
2 3
2 4
2 5
2 7
2 8
2 9
2 12
2 18
2 20
2 26
2 29
2 34
2 41
2 59
2 61
2 90
2 111
2 158
2 160
2 185
2 215
2 225
2 230
2 279
2 314
2 340
2 360
2 368
2 383
2 389
2 437
2 483
2 505
2 508
2 523
2 545
2 584
2 633
2 676
2 783
2 813
2 837
2 853
2 918
2 927
2 993
3 1
3 2
3 0
3 4
3 7
3 8
3 9
3 10
3 23
3 27
3 34
3 50
3 57
3 62
3 80
3 97
3 108
3 109
3 118
3 148
3 156
3 163
3 308
3 351
3 378
3 420
3 532
3 604
3 678
3 898
3 933
4 3
4 1
4 2
4 5
4 8
4 16
4 17
4 23
4 27
4 28
4 37
4 42
4 48
4 61
4 63
4 66
4 71
4 76
4 77
4 79
4 83
4 84
4 101
4 105
4 107
4 108
4 110
4 118
4 149
4 166
4 167
4 223
4 256
4 260
4 265
4 285
4 306
4 348
4 380
4 501
4 693
4 698
4 802
4 921
4 941
4 954
4 963
4 964
5 2
5 1
5 4
5 6
5 7
5 13
5 19
5 32
5 47
5 48
5 75
5 85
5 102
5 137
5 138
5 140
5 151
5 163
5 172
5 184
5 222
5 311
5 347
5 372
5 434
5 466
5 518
5 898
6 1
6 0
6 5
6 14
6 15
6 16
6 17
6 18
6 20
6 25
6 29
6 38
6 50
6 51
6 54
6 55
6 92
6 115
6 143
6 160
6 207
6 213
6 228
6 291
6 297
6 309
6 313
6 393
6 435
6 447
6 471
6 502
6 507
6 525
6 609
6 628
6 666
6 700
6 729
6 748
6 772
6 957
7 2
7 5
7 3
7 12
7 19
7 24
7 40
7 190
7 343
8 4
8 2
8 3
8 10
8 12
8 13
8 15
8 20
8 21
8 27
8 35
8 38
8 48
8 53
8 56
8 70
8 71
8 87
8 90
8 93
8 114
8 117
8 128
8 166
8 215
8 224
8 405
8 468
8 486
8 525
8 581
8 624
8 691
8 701
8 711
8 758
8 961
9 2
9 1
9 3
9 11
9 15
9 17
9 25
9 33
9 39
9 222
9 290
9 302
9 613
9 849
10 3
10 1
10 8
10 14
10 24
10 35
10 36
10 41
10 75
10 116
10 216
10 258
10 259
10 302
10 369
10 521
10 815
10 847
11 9
11 1
11 0
11 13
11 14
11 31
11 40
11 46
11 70
11 132
11 134
11 140
11 144
11 171
11 180
11 183
11 358
11 434
11 452
11 468
11 615
11 629
11 696
11 699
11 725
11 754
11 848
11 880
11 935
11 992
12 7
12 8
12 2
12 22
12 29
12 30
12 42
12 69
12 74
12 111
12 141
12 155
12 197
12 203
12 220
12 282
12 511
12 534
12 538
12 547
12 566
12 694
12 807
12 957
12 974
13 8
13 11
13 5
13 16
13 25
13 32
13 39
13 40
13 42
13 57
13 82
13 84
13 93
13 95
13 141
13 157
13 341
13 707
13 732
13 747
13 810
13 977
14 11
14 10
14 6
14 19
14 94
14 110
14 125
14 152
14 349
14 406
14 506
15 6
15 8
15 9
15 21
15 24
15 106
15 127
15 143
15 154
15 185
15 241
15 296
15 302
15 370
15 511
15 601
16 13
16 4
16 6
16 30
16 35
16 36
16 85
16 266
16 331
16 410
16 461
16 503
16 597
16 895
17 6
17 4
17 9
17 28
17 44
17 69
17 83
17 87
17 91
17 97
17 176
17 182
17 208
17 234
17 264
17 320
17 425
17 442
17 808
18 2
18 1
18 6
18 26
18 33
18 55
18 77
18 155
18 237
18 319
18 363
18 400
18 451
18 787
19 5
19 7
19 14
19 21
19 46
19 58
19 59
19 67
19 170
19 180
19 203
19 215
19 466
19 550
19 581
19 662
19 881
19 883
20 8
20 2
20 6
20 47
20 52
20 127
20 134
20 164
20 191
20 266
20 496
20 587
20 676
20 677
20 826
21 19
21 15
21 8
21 22
21 26
21 30
21 68
21 82
21 89
21 128
21 142
21 262
21 273
21 431
21 508
21 537
21 579
21 726
21 738
21 786
22 12
22 0
22 21
22 23
22 37
22 54
22 79
22 82
22 102
22 121
22 124
22 130
22 163
22 188
22 242
22 283
22 493
22 551
22 580
22 639
22 641
22 708
22 718
22 952
22 984
23 4
23 3
23 22
23 37
23 39
23 45
23 68
23 181
23 201
23 260
23 364
23 409
23 539
23 543
23 790
23 877
24 15
24 10
24 7
24 44
24 72
24 119
24 151
24 197
24 206
24 295
24 388
24 802
25 13
25 6
25 9
25 36
25 38
25 44
25 49
25 52
25 53
25 73
25 89
25 109
25 132
25 145
25 625
25 696
25 853
25 953
25 967
26 21
26 2
26 18
26 34
26 64
26 153
26 158
26 183
26 196
26 269
26 275
26 330
26 342
26 502
26 671
26 697
27 4
27 3
27 8
27 32
27 61
27 64
27 65
27 81
27 112
27 137
27 157
27 288
27 290
27 324
27 326
27 373
27 431
27 543
28 0
28 17
28 4
28 49
28 60
28 105
28 123
28 161
28 322
28 656
28 662
28 757
29 6
29 2
29 12
29 91
29 98
29 119
29 206
29 266
29 303
29 325
29 328
29 384
29 414
29 556
29 598
29 954
30 12
30 16
30 21
30 41
30 98
30 186
30 192
30 502
30 648
31 0
31 1
31 11
31 33
31 62
31 85
31 87
31 90
31 135
31 195
31 233
31 285
31 381
31 487
31 507
31 513
31 537
31 833
32 27
32 5
32 13
32 43
32 46
32 65
32 149
32 219
32 292
32 331
32 401
32 558
32 750
33 31
33 9
33 18
33 45
33 47
33 53
33 58
33 96
33 187
33 206
33 210
33 240
33 298
33 421
33 427
33 428
33 730
33 794
34 3
34 2
34 26
34 99
34 115
34 173
34 179
34 238
34 252
34 337
34 414
34 477
34 523
34 770
34 788
34 819
34 885
35 16
35 8
35 10
35 56
35 60
35 113
35 164
35 400
35 447
35 670
36 10
36 16
36 25
36 67
36 86
36 116
36 122
36 192
36 385
36 396
36 616
36 657
36 883
36 904
37 4
37 23
37 22
37 43
37 86
37 110
37 202
37 231
37 265
37 310
37 387
37 399
37 453
37 456
37 986
38 6
38 8
38 25
38 105
38 112
38 135
38 136
38 199
38 451
38 524
38 633
38 645
38 803
38 832
38 894
39 13
39 9
39 23
39 51
39 52
39 66
39 106
39 122
39 213
39 231
39 250
39 342
39 526
39 560
39 712
39 804
39 883
40 13
40 7
40 11
40 76
40 106
40 120
40 124
40 141
40 147
40 301
40 433
41 2
41 10
41 30
41 54
41 88
41 133
41 198
41 230
41 305
41 314
41 334
41 358
41 407
41 422
41 549
41 602
41 607
41 905
42 4
42 12
42 13
42 104
42 107
42 115
42 148
42 155
42 157
42 224
42 234
42 245
42 317
42 553
42 556
42 644
42 652
42 763
43 1
43 32
43 37
43 55
43 62
43 73
43 74
43 76
43 181
43 190
43 211
43 221
43 235
43 288
43 296
43 365
43 371
43 714
43 763
43 866
43 887
43 957
44 17
44 24
44 25
44 45
44 111
44 145
44 161
44 204
44 240
44 255
44 309
44 354
44 446
44 500
44 771
45 23
45 33
45 44
45 50
45 51
45 59
45 60
45 78
45 81
45 129
45 209
45 220
45 263
45 280
45 381
45 555
45 913
46 19
46 32
46 11
46 58
46 100
46 101
46 145
46 231
46 270
46 314
46 383
46 559
46 610
46 843
47 33
47 5
47 20
47 73
47 92
47 112
47 136
47 201
47 278
47 308
47 336
47 375
47 515
47 679
47 717
47 780
47 846
47 932
48 4
48 8
48 5
49 28
49 1
49 25
49 97
49 219
49 399
49 492
49 530
49 592
50 45
50 6
50 3
50 66
50 200
50 217
50 488
51 6
51 45
51 39
51 63
51 64
51 71
51 132
51 154
51 168
51 253
51 267
51 351
51 377
51 472
51 644
51 689
51 768
52 20
52 25
52 39
52 83
52 251
52 760
53 33
53 8
53 25
53 63
53 69
53 88
53 246
53 318
53 323
53 467
53 485
53 630
53 666
53 988
54 41
54 6
54 22
54 56
54 70
54 80
54 387
54 401
54 432
54 928
55 43
55 6
55 18
55 72
55 335
55 558
55 694
56 8
56 35
56 54
56 57
56 161
56 481
56 522
56 667
57 3
57 56
57 13
57 88
57 117
57 272
57 359
57 492
57 528
57 624
57 775
57 779
58 46
58 33
58 19
58 65
58 74
58 103
58 174
58 243
58 250
58 291
58 459
58 485
58 751
58 782
59 45
59 2
59 19
59 113
59 136
59 146
59 444
59 488
59 562
59 785
60 45
60 35
60 28
60 75
60 129
60 130
60 170
60 178
60 218
60 227
60 372
60 380
60 443
60 557
60 735
61 27
61 2
61 4
61 68
61 72
61 118
61 233
61 295
61 420
61 786
61 900
62 3
62 31
62 43
62 67
62 99
62 123
62 149
62 214
62 236
62 268
62 470
62 603
62 665
62 726
63 4
63 53
63 51
63 108
63 129
63 193
63 244
63 260
63 605
63 701
64 27
64 26
64 51
64 77
64 124
64 125
64 166
64 216
64 560
64 593
64 720
64 872
65 32
65 58
65 27
65 165
65 198
65 218
65 232
65 294
65 303
65 667
65 784
66 50
66 4
66 39
66 78
66 101
66 150
66 236
66 274
66 384
66 531
66 600
66 708
66 937
66 944
66 963
67 36
67 62
67 19
67 181
67 508
67 533
67 737
67 739
67 947
68 61
68 21
68 23
68 84
68 100
68 131
68 159
68 210
68 337
68 459
68 651
68 695
68 835
69 17
69 53
69 12
69 80
69 103
69 148
69 189
69 229
69 237
69 252
69 287
69 338
69 454
69 470
69 551
69 761
69 887
70 11
70 8
70 54
70 211
70 345
70 553
70 865
70 882
71 8
71 51
71 4
71 177
71 225
71 301
71 344
71 478
71 568
71 863
71 879
71 913
72 55
72 24
72 61
72 220
72 390
72 446
72 466
72 501
73 25
73 43
73 47
73 89
73 146
73 607
73 716
73 778
73 785
73 859
74 58
74 12
74 43
74 78
74 98
74 123
74 481
74 555
74 767
75 10
75 5
75 60
75 94
75 104
75 230
75 334
75 625
75 769
76 40
76 4
76 43
76 81
76 559
77 64
77 18
77 4
77 126
77 184
77 226
77 296
77 359
77 475
77 515
77 810
78 66
78 74
78 45
78 86
78 93
78 94
78 154
78 171
78 311
78 393
78 588
78 645
78 823
79 22
79 4
79 0
79 95
79 150
79 177
79 197
79 205
79 267
79 292
79 334
79 407
79 418
79 478
79 519
79 575
79 705
79 788
79 839
79 880
79 906
79 918
80 69
80 3
80 54
80 169
80 179
80 304
80 412
80 596
80 710
80 951
81 76
81 27
81 45
81 91
81 142
81 177
81 228
81 261
81 286
81 683
81 686
81 765
81 939
81 983
82 21
82 13
82 22
82 95
82 116
82 119
82 159
82 184
82 187
82 219
82 239
82 327
82 333
82 348
82 433
82 482
82 648
82 656
82 673
82 837
82 986
83 52
83 4
83 17
83 104
83 128
83 299
83 552
83 663
83 733
83 891
84 13
84 4
84 68
84 113
84 210
84 371
84 381
84 397
84 406
84 929
85 31
85 16
85 5
85 130
85 156
85 439
85 457
85 519
85 774
86 78
86 37
86 36
86 152
86 221
86 255
86 318
86 386
86 433
86 467
86 891
87 8
87 17
87 31
87 96
87 142
87 146
87 286
87 323
87 427
87 439
87 628
87 762
87 777
87 831
88 41
88 57
88 53
88 102
88 338
88 339
88 415
88 458
88 578
88 625
88 631
88 688
88 852
89 25
89 21
89 73
89 107
89 467
89 526
90 8
90 31
90 2
90 238
90 332
90 479
90 570
90 719
90 861
91 81
91 17
91 29
91 188
91 233
91 571
91 626
91 899
92 1
92 47
92 6
92 100
92 162
92 218
92 295
92 336
92 426
92 455
93 78
93 8
93 13
93 114
93 153
93 158
93 261
93 357
93 427
93 544
93 942
94 14
94 75
94 78
94 126
94 127
94 134
94 228
94 256
94 269
94 347
94 439
94 445
94 455
94 595
94 760
95 82
95 79
95 13
95 343
95 945
96 1
96 33
96 87
96 99
96 103
96 182
96 640
96 985
97 3
97 17
97 49
97 109
97 117
97 121
97 126
97 258
97 332
97 342
97 367
97 392
97 409
97 462
97 574
97 655
97 689
97 775
98 29
98 74
98 30
98 139
98 253
98 336
98 608
98 796
99 34
99 96
99 62
99 135
99 182
99 270
99 422
99 588
99 774
100 68
100 92
100 46
100 200
100 214
100 360
100 644
100 801
100 872
100 904
100 917
101 4
101 46
101 66
101 167
101 170
101 175
101 374
101 498
101 629
101 771
101 809
102 22
102 88
102 5
102 403
102 599
102 713
102 983
103 96
103 69
103 58
103 172
103 265
103 410
103 517
103 636
103 680
104 42
104 75
104 83
104 125
104 246
104 520
105 4
105 38
105 28
105 138
105 229
105 537
105 576
105 692
106 40
106 15
106 39
106 121
106 137
106 319
106 327
106 469
107 42
107 4
107 89
107 189
107 203
107 269
108 4
108 3
108 63
108 153
108 501
109 3
109 25
109 97
109 160
109 352
109 375
109 441
109 614
110 37
110 14
110 4
110 168
110 180
111 44
111 2
111 12
111 122
111 178
111 309
111 408
111 721
111 852
112 27
112 47
112 38
112 322
113 35
113 59
113 84
113 165
113 171
113 194
113 213
113 368
113 490
113 660
113 723
114 1
114 8
114 93
114 133
114 288
114 385
115 42
115 6
115 34
115 131
115 201
115 304
115 396
115 424
115 512
115 572
115 726
116 82
116 10
116 36
116 176
116 209
116 376
116 413
116 448
116 619
116 814
117 8
117 97
117 57
117 120
117 189
117 365
117 991
118 4
118 3
118 61
118 307
118 392
118 448
118 593
118 610
118 654
118 812
118 890
119 24
119 29
119 82
119 151
119 191
119 208
119 211
119 297
119 632
120 40
120 0
120 117
120 140
120 267
120 281
120 377
120 450
120 648
120 733
120 741
120 742
120 747
120 818
120 962
121 22
121 97
121 106
121 258
121 351
121 361
121 362
121 369
121 409
121 412
121 509
121 570
121 577
121 657
121 658
122 39
122 111
122 36
122 277
122 298
122 384
122 391
122 451
122 686
122 706
123 28
123 74
123 62
123 273
124 22
124 40
124 64
124 240
124 445
124 585
125 104
125 14
125 64
125 162
125 167
125 506
125 513
125 897
126 97
126 77
126 94
126 138
126 139
126 234
126 408
126 426
126 539
126 583
126 675
126 694
126 814
126 909
126 949
127 94
127 15
127 20
127 131
127 156
127 289
127 310
127 473
128 8
128 21
128 83
128 186
128 244
128 564
128 650
129 60
129 45
129 63
129 178
129 216
129 242
129 582
129 594
129 604
129 634
129 697
129 792
129 821
129 923
130 22
130 60
130 85
130 133
130 165
130 503
130 562
131 68
131 127
131 115
131 147
131 179
131 300
131 470
131 471
131 687
131 785
131 824
131 851
132 51
132 25
132 11
132 143
132 144
132 162
132 249
132 307
132 586
132 675
132 808
133 41
133 114
133 130
133 144
133 205
133 275
133 329
133 773
133 804
133 811
134 94
134 20
134 11
134 147
134 728
135 31
135 38
135 99
135 430
135 669
135 806
136 47
136 38
136 59
136 436
137 5
137 27
137 106
137 194
137 207
137 280
137 352
137 367
137 372
137 383
137 395
137 401
137 419
137 453
137 582
137 746
137 815
137 816
137 898
138 5
138 105
138 126
138 188
138 190
138 438
138 681
138 727
138 917
139 98
139 126
139 0
139 239
139 254
139 327
139 450
139 504
139 658
139 670
139 816
139 841
139 994
140 11
140 120
140 5
140 173
140 174
140 251
140 325
140 751
140 936
141 12
141 40
141 13
141 150
141 183
141 227
141 355
141 403
141 675
141 890
142 81
142 21
142 87
142 212
142 276
142 350
142 365
142 602
142 667
143 15
143 132
143 6
143 284
143 362
143 600
144 11
144 133
144 132
144 415
144 542
144 544
144 659
144 719
145 44
145 46
145 25
145 225
145 247
145 531
145 860
145 940
146 87
146 59
146 73
146 195
146 199
146 237
146 380
147 40
147 131
147 134
147 152
147 404
147 445
147 471
147 686
147 760
148 3
148 42
148 69
148 204
148 668
149 4
149 32
149 62
149 196
149 259
150 66
150 141
150 79
150 185
150 248
151 119
151 24
151 5
151 174
151 261
151 378
151 822
152 147
152 14
152 86
152 169
152 193
152 199
152 226
152 454
152 536
152 586
153 26
153 93
153 108
153 168
153 263
153 463
153 677
153 681
154 15
154 51
154 78
154 159
154 208
154 953
155 18
155 12
155 42
155 173
155 312
155 500
155 698
155 701
156 127
156 3
156 85
156 363
156 379
156 426
156 543
156 653
156 984
157 42
157 27
157 13
157 326
157 489
157 622
157 699
157 711
157 722
158 26
158 93
158 2
158 198
158 402
158 498
158 605
158 836
158 910
159 154
159 68
159 82
159 169
159 172
159 192
159 222
159 941
160 109
160 6
160 2
160 164
160 274
160 333
160 558
160 837
161 56
161 28
161 44
161 200
161 362
162 132
162 125
162 92
162 331
163 5
163 22
163 3
163 239
163 305
163 637
163 834
164 35
164 160
164 20
164 186
164 325
164 895
165 130
165 113
165 65
165 252
165 257
165 285
165 287
165 569
165 639
165 687
165 717
165 855
166 64
166 4
166 8
166 195
166 278
166 297
166 307
166 346
166 456
166 481
166 637
166 661
166 714
167 125
167 101
167 4
167 226
167 227
167 271
167 386
167 397
167 541
167 916
167 930
168 51
168 110
168 153
168 223
168 555
168 739
168 743
169 159
169 80
169 152
169 175
169 191
169 194
169 207
169 238
169 272
169 578
169 797
169 815
170 60
170 19
170 101
170 175
170 224
170 273
170 284
170 489
170 809
171 78
171 11
171 113
171 274
171 341
171 463
171 649
171 654
171 682
172 159
172 5
172 103
172 202
172 390
172 952
173 34
173 155
173 140
173 329
173 343
173 446
173 609
174 151
174 58
174 140
174 196
174 212
174 287
174 292
174 618
174 621
174 640
174 707
174 773
175 169
175 170
175 101
175 414
175 565
175 820
176 1
176 17
176 116
176 193
176 614
176 933
177 79
177 81
177 71
177 232
177 299
177 326
177 548
177 603
177 632
178 129
178 111
178 60
178 254
178 304
178 366
178 398
178 402
178 484
178 584
178 775
178 971
179 80
179 34
179 131
179 250
179 518
179 874
179 913
180 110
180 19
180 11
180 232
180 404
180 424
180 491
180 830
181 67
181 43
181 23
182 17
182 96
182 99
182 268
182 293
182 416
182 520
182 568
182 572
182 896
182 921
183 11
183 141
183 26
183 249
183 300
183 312
183 357
183 373
183 544
183 922
184 77
184 82
184 5
184 217
184 353
184 597
184 691
184 704
185 150
185 2
185 15
185 417
185 513
185 568
185 882
186 30
186 164
186 128
186 204
186 324
186 361
186 465
186 850
187 82
187 33
187 0
187 364
187 495
187 626
187 744
187 756
188 22
188 91
188 138
188 289
188 344
188 482
188 549
188 615
188 737
189 107
189 117
189 69
189 202
189 241
189 324
189 541
189 947
189 949
190 138
190 7
190 43
190 449
190 977
191 119
191 169
191 20
191 248
191 253
191 319
191 463
191 589
191 855
191 876
191 952
192 159
192 36
192 30
192 243
192 279
192 371
192 458
192 542
192 665
192 712
192 734
192 865
193 176
193 152
193 63
193 475
194 169
194 137
194 113
194 279
194 282
194 512
194 647
194 668
194 733
194 768
194 992
195 166
195 146
195 31
195 317
195 497
195 709
195 718
196 26
196 149
196 174
196 241
196 255
196 299
196 436
196 438
196 453
197 24
197 12
197 79
197 437
197 720
198 65
198 158
198 41
198 462
198 486
198 778
199 152
199 38
199 146
199 485
199 563
199 758
199 923
199 982
200 50
200 100
200 161
200 214
200 448
200 535
200 640
200 717
200 744
200 845
200 924
200 971
201 47
201 23
201 115
201 205
201 235
201 286
201 355
201 417
201 460
201 533
201 574
201 896
202 172
202 37
202 189
202 217
202 221
202 244
202 316
202 398
202 566
202 664
202 683
203 107
203 19
203 12
203 315
203 398
203 416
203 443
203 780
204 186
204 148
204 44
204 496
204 682
204 988
205 201
205 79
205 133
205 306
205 457
205 494
205 534
205 579
205 719
205 807
206 24
206 33
206 29
206 504
206 731
206 919
206 967
207 169
207 137
207 6
207 382
207 612
207 736
207 792
208 17
208 154
208 119
208 209
208 223
208 350
208 553
208 727
208 844
208 878
209 116
209 208
209 45
209 353
209 459
209 606
209 700
209 970
210 84
210 68
210 33
210 317
210 364
210 862
211 70
211 43
211 119
211 257
211 340
211 404
211 550
212 142
212 174
212 0
212 235
212 243
212 282
212 465
212 580
213 6
213 113
213 39
214 100
214 62
214 200
214 276
214 284
214 328
214 496
214 564
214 779
214 826
214 862
214 959
215 8
215 19
215 2
215 355
215 382
215 390
215 477
215 556
215 584
216 129
216 10
216 64
216 354
216 690
216 829
216 873
217 184
217 202
217 50
217 627
217 635
217 662
217 899
218 60
218 65
218 92
218 271
218 322
218 885
219 32
219 82
219 49
219 335
219 464
219 978
220 45
220 12
220 72
220 245
220 856
220 994
221 43
221 86
221 202
221 277
221 281
221 449
222 9
222 159
222 5
222 293
222 338
222 480
222 562
222 776
222 825
223 168
223 4
223 208
223 256
223 505
223 566
223 864
224 8
224 170
224 42
224 247
224 345
224 421
224 901
225 2
225 71
225 145
225 337
225 469
225 734
226 152
226 77
226 167
226 298
226 473
226 483
226 506
226 884
227 141
227 167
227 60
227 245
227 376
227 440
227 447
227 530
227 878
227 983
228 94
228 6
228 81
228 476
228 951
228 991
229 69
229 1
229 105
229 668
230 41
230 75
230 2
230 320
230 796
231 39
231 46
231 37
231 678
232 180
232 177
232 65
232 276
232 392
232 595
232 791
232 805
233 61
233 31
233 91
233 310
233 367
234 42
234 17
234 126
234 247
234 278
234 787
234 931
235 43
235 212
235 201
235 262
235 339
235 345
236 62
236 0
236 66
236 249
236 394
236 452
236 886
237 146
237 69
237 18
237 263
237 291
237 347
237 601
237 778
238 169
238 34
238 90
238 242
238 259
238 264
238 300
238 419
238 458
238 460
238 490
238 546
238 622
238 937
238 956
239 139
239 163
239 82
239 311
239 494
239 495
239 522
239 527
239 655
239 660
239 703
239 801
239 823
239 965
240 33
240 124
240 44
240 246
240 373
240 642
240 838
240 948
240 966
241 196
241 189
241 15
241 293
241 374
241 549
242 238
242 22
242 129
242 251
242 272
242 369
242 377
242 474
242 939
243 212
243 192
243 58
243 305
243 391
243 488
243 708
243 728
244 202
244 63
244 128
244 268
244 408
244 421
244 430
244 510
244 545
244 585
244 589
244 616
244 643
244 669
244 720
244 892
244 941
245 227
245 220
245 42
245 460
246 53
246 104
246 240
246 262
246 557
246 715
246 857
247 224
247 234
247 145
247 449
248 191
248 1
248 150
248 573
249 132
249 236
249 183
249 254
249 617
250 179
250 39
250 58
250 405
250 645
250 646
250 797
251 242
251 140
251 52
251 592
251 745
251 865
252 165
252 69
252 34
252 294
252 554
252 653
253 51
253 98
253 191
253 257
253 344
253 530
254 178
254 139
254 249
255 44
255 196
255 86
255 443
255 652
255 772
255 963
256 223
256 4
256 94
256 301
256 546
257 211
257 253
257 165
257 330
257 622
257 870
258 121
258 10
258 97
258 423
258 531
258 811
259 149
259 238
259 10
259 354
260 63
260 4
260 23
260 395
260 836
261 81
261 151
261 93
261 280
261 464
261 724
261 817
262 21
262 246
262 235
262 270
262 594
263 45
263 153
263 237
263 290
263 411
263 743
264 17
264 238
264 1
264 685
265 37
265 103
265 4
265 385
265 476
265 657
265 909
266 29
266 16
266 20
266 271
266 289
266 353
267 51
267 79
267 120
267 632
267 755
267 969
268 62
268 182
268 244
268 665
269 94
269 107
269 26
269 313
269 529
269 724
270 99
270 46
270 262
270 591
270 650
270 684
270 871
271 266
271 167
271 218
271 692
271 703
271 704
271 965
272 169
272 242
272 57
272 281
272 379
272 747
272 803
273 123
273 170
273 21
273 379
273 985
274 66
274 171
274 160
274 394
274 472
274 996
275 0
275 133
275 26
275 400
275 410
276 232
276 214
276 142
276 368
277 221
277 122
277 1
277 283
277 352
277 358
277 415
277 473
278 234
278 47
278 166
278 540
278 547
278 611
278 725
279 2
279 194
279 192
279 461
279 639
279 745
279 764
279 891
279 966
280 261
280 45
280 137
280 370
281 272
281 120
281 221
281 721
282 212
282 12
282 194
282 321
282 356
282 366
282 397
282 521
282 548
283 22
283 1
283 277
283 306
283 425
283 737
283 994
284 170
284 214
284 143
284 323
284 333
284 598
284 742
285 165
285 31
285 4
285 332
285 490
286 87
286 81
286 201
286 340
286 405
286 455
286 527
286 535
286 588
286 636
286 764
287 69
287 165
287 174
288 43
288 27
288 114
288 315
288 565
288 567
288 660
288 710
289 127
289 266
289 188
289 328
289 349
289 673
289 827
289 889
290 263
290 9
290 27
290 294
290 350
290 386
290 541
290 561
290 920
291 237
291 6
291 58
291 308
291 776
292 79
292 32
292 174
292 329
292 561
292 577
293 241
293 222
293 182
293 642
294 252
294 290
294 65
294 320
294 526
294 596
294 600
294 863
295 24
295 92
295 61
295 356
295 424
295 533
296 77
296 43
296 15
296 583
297 166
297 119
297 6
297 604
297 964
298 226
298 33
298 122
298 312
298 318
298 330
298 423
298 437
298 536
298 702
299 83
299 196
299 177
299 321
299 389
299 638
299 672
299 689
300 183
300 238
300 131
300 303
300 348
300 378
300 507
300 559
300 641
300 682
300 728
301 256
301 71
301 40
301 474
301 583
301 790
301 876
302 10
302 9
302 15
302 315
302 321
302 428
302 723
302 730
302 895
303 65
303 300
303 29
303 335
303 363
303 643
304 178
304 115
304 80
304 818
304 859
304 922
305 163
305 41
305 243
305 313
305 450
305 504
305 580
305 594
305 846
305 976
306 283
306 205
306 4
306 430
306 497
306 517
306 571
306 663
306 850
306 867
307 118
307 132
307 166
307 316
307 735
308 291
308 3
308 47
308 491
308 937
309 6
309 44
309 111
309 881
310 127
310 37
310 233
310 457
310 524
310 567
310 664
311 5
311 239
311 78
311 346
311 387
311 503
311 618
311 631
311 754
311 864
311 931
312 155
312 298
312 183
312 316
312 403
312 560
312 563
312 711
312 972
313 305
313 6
313 269
313 472
313 479
313 806
313 981
314 41
314 46
314 2
314 491
314 679
314 779
314 926
315 288
315 203
315 302
315 484
315 683
315 759
315 992
316 202
316 307
316 312
316 366
316 934
317 210
317 42
317 195
317 845
318 298
318 53
318 86
318 361
318 749
318 938
318 961
319 18
319 106
319 191
319 416
319 592
319 782
320 294
320 17
320 230
320 561
320 756
320 868
320 875
321 302
321 299
321 282
322 218
322 28
322 112
322 432
322 444
322 597
322 630
322 770
322 914
322 970
322 980
323 284
323 87
323 53
323 500
323 902
324 27
324 189
324 186
324 341
324 649
325 164
325 29
325 140
325 376
325 435
325 438
325 452
325 497
325 777
326 157
326 177
326 27
326 442
326 505
326 700
327 139
327 82
327 106
327 680
327 867
327 976
328 29
328 214
328 289
328 417
328 671
328 956
329 173
329 292
329 133
329 413
329 428
329 431
329 920
330 298
330 257
330 26
330 949
331 32
331 162
331 16
331 621
331 761
332 97
332 285
332 90
332 419
332 532
332 979
333 82
333 160
333 284
333 396
333 434
333 517
333 520
333 606
333 926
334 79
334 75
334 41
334 781
335 219
335 55
335 303
335 418
335 563
336 47
336 98
336 92
336 357
336 375
336 516
336 623
336 705
336 881
336 903
337 68
337 225
337 34
337 382
337 827
338 69
338 88
338 222
338 698
338 783
339 88
339 235
339 0
339 346
339 411
339 749
339 973
340 2
340 211
340 286
340 709
341 171
341 13
341 324
342 97
342 26
342 39
342 699
343 95
343 173
343 7
344 188
344 253
344 71
344 591
344 824
344 900
344 903
345 235
345 224
345 70
345 716
346 166
346 311
346 339
346 795
347 237
347 94
347 5
347 542
347 615
347 681
347 985
348 4
348 300
348 82
348 356
348 915
349 289
349 14
349 1
349 374
350 142
350 208
350 290
350 389
350 394
350 569
350 623
350 802
351 121
351 51
351 3
351 425
351 762
352 277
352 109
352 137
352 442
352 653
352 715
353 209
353 184
353 266
353 611
353 950
354 259
354 216
354 44
354 370
354 440
354 564
354 651
354 877
354 921
355 141
355 201
355 215
355 522
355 761
355 906
355 972
356 348
356 295
356 282
356 423
356 495
356 610
356 619
356 786
356 951
357 336
357 183
357 93
357 579
358 41
358 11
358 277
358 360
359 0
359 57
359 77
359 514
360 100
360 2
360 358
360 984
361 186
361 318
361 121
361 444
361 499
361 790
362 161
362 143
362 121
362 593
363 18
363 156
363 303
363 413
363 480
363 590
364 23
364 187
364 210
364 684
364 729
364 901
365 142
365 117
365 43
365 631
366 282
366 178
366 316
366 418
367 97
367 233
367 137
367 702
367 752
368 2
368 276
368 113
368 474
368 636
368 654
369 121
369 10
369 242
369 436
369 731
370 354
370 280
370 15
370 395
370 509
370 740
370 840
371 43
371 84
371 192
371 587
372 60
372 137
372 5
372 388
372 538
373 240
373 183
373 27
373 656
374 241
374 101
374 349
374 420
374 511
374 514
374 599
374 851
375 47
375 336
375 109
375 393
375 429
375 715
375 765
375 859
375 990
376 325
376 227
376 116
377 242
377 51
377 120
377 402
377 406
377 429
377 477
377 494
377 910
377 927
377 953
378 300
378 151
378 3
378 411
378 493
379 156
379 273
379 272
379 743
380 4
380 146
380 60
380 456
380 601
380 948
381 45
381 84
381 31
382 207
382 215
382 337
382 391
382 661
383 46
383 137
383 2
383 412
383 516
383 585
384 122
384 66
384 29
384 479
384 578
385 36
385 265
385 114
385 757
385 968
386 290
386 167
386 86
386 825
387 54
387 37
387 311
387 388
387 399
387 429
387 547
387 613
387 997
388 372
388 387
388 24
388 843
388 860
388 932
389 299
389 350
389 2
389 478
390 72
390 172
390 215
390 441
390 575
390 621
390 946
391 122
391 382
391 243
392 118
392 97
392 232
392 618
392 692
392 980
393 6
393 78
393 375
393 527
393 989
394 350
394 236
394 274
394 432
394 454
394 612
394 803
395 260
395 137
395 370
396 115
396 36
396 333
396 801
396 830
397 84
397 167
397 282
397 856
398 203
398 178
398 202
399 37
399 387
399 49
399 407
399 874
399 966
400 18
400 35
400 275
400 911
401 54
401 32
401 137
401 844
401 930
402 158
402 377
402 178
402 422
402 528
403 312
403 141
403 102
403 781
403 971
404 211
404 147
404 180
405 8
405 250
405 286
405 516
405 545
405 982
406 84
406 14
406 377
406 762
406 829
406 878
406 904
407 41
407 399
407 79
408 126
408 111
408 244
408 637
409 97
409 23
409 121
409 493
409 847
410 16
410 275
410 103
410 482
410 672
411 263
411 378
411 339
411 509
411 950
412 121
412 383
412 80
412 486
412 740
412 892
412 928
412 934
413 329
413 116
413 363
413 441
413 613
413 624
414 175
414 34
414 29
414 979
415 144
415 277
415 88
415 766
415 805
415 995
416 203
416 182
416 319
417 185
417 328
417 201
417 672
417 714
417 978
418 366
418 79
418 335
418 646
419 332
419 137
419 238
419 596
419 799
420 374
420 61
420 3
420 909
421 33
421 244
421 224
421 590
421 630
422 402
422 41
422 99
422 487
422 671
423 258
423 298
423 356
423 766
424 295
424 180
424 115
424 483
425 17
425 351
425 283
425 575
426 156
426 126
426 92
426 638
427 33
427 87
427 93
428 329
428 302
428 33
428 634
428 647
429 377
429 387
429 375
429 899
430 306
430 244
430 135
431 27
431 329
431 21
431 713
432 322
432 54
432 394
433 86
433 82
433 40
433 641
433 753
434 5
434 333
434 11
434 461
434 532
434 608
434 987
435 1
435 325
435 6
435 598
435 663
435 862
436 136
436 369
436 196
436 629
436 633
437 2
437 298
437 197
437 440
437 484
437 907
438 138
438 196
438 325
438 752
439 87
439 94
439 85
439 469
439 905
440 354
440 437
440 227
440 468
440 958
441 109
441 413
441 390
441 465
441 587
441 670
441 925
442 326
442 17
442 352
443 203
443 255
443 60
443 964
444 59
444 322
444 361
444 464
444 685
444 734
445 94
445 147
445 124
445 794
446 72
446 173
446 44
446 462
446 528
446 956
447 35
447 6
447 227
447 510
447 536
447 548
447 674
447 679
447 750
448 118
448 116
448 200
448 476
448 576
449 190
449 221
449 247
450 305
450 139
450 120
450 518
450 673
450 833
451 18
451 38
451 122
452 325
452 236
452 11
452 908
453 137
453 196
453 37
453 736
453 797
454 394
454 69
454 152
454 784
454 978
455 94
455 286
455 92
455 489
455 664
456 166
456 380
456 37
456 567
457 310
457 85
457 205
458 238
458 192
458 88
458 475
458 487
458 744
459 209
459 58
459 68
459 834
460 245
460 201
460 238
461 16
461 434
461 279
462 198
462 97
462 446
462 638
462 886
463 153
463 191
463 171
464 219
464 444
464 261
464 573
464 688
465 186
465 212
465 441
465 716
465 995
466 19
466 5
466 72
466 591
466 914
467 53
467 89
467 86
467 521
467 735
468 440
468 11
468 8
468 586
468 858
469 106
469 225
469 439
470 131
470 62
470 69
470 546
470 551
471 131
471 147
471 6
471 888
472 313
472 51
472 274
472 572
473 127
473 226
473 277
473 512
473 635
473 713
473 805
474 368
474 242
474 301
474 674
474 690
474 798
475 193
475 458
475 77
475 480
475 740
475 756
476 228
476 265
476 448
476 534
476 707
476 753
477 215
477 34
477 377
477 499
477 627
478 79
478 389
478 71
478 552
478 764
478 800
478 925
479 90
479 313
479 384
479 620
479 738
479 896
479 959
480 222
480 475
480 363
480 498
480 519
480 816
480 876
481 166
481 74
481 56
482 410
482 188
482 82
482 763
483 424
483 226
483 2
484 315
484 178
484 437
485 58
485 199
485 53
485 540
485 732
485 884
486 8
486 412
486 198
486 524
486 731
486 841
487 422
487 458
487 31
487 792
487 838
488 243
488 50
488 59
488 635
489 455
489 170
489 157
489 492
489 666
489 688
489 813
489 901
489 907
489 960
490 238
490 285
490 113
490 874
491 180
491 314
491 308
491 620
491 996
492 57
492 49
492 489
492 800
493 22
493 409
493 378
493 643
494 239
494 205
494 377
494 499
494 965
495 187
495 239
495 356
495 856
495 999
496 214
496 204
496 20
496 627
496 820
497 325
497 306
497 195
498 101
498 158
498 480
498 514
498 529
498 605
498 691
498 840
499 361
499 494
499 477
499 538
499 571
499 602
500 44
500 323
500 155
500 581
500 871
501 4
501 108
501 72
501 577
501 702
502 6
502 30
502 26
503 130
503 311
503 16
503 609
503 781
504 206
504 305
504 139
505 223
505 2
505 326
505 647
506 226
506 14
506 125
506 515
507 6
507 31
507 300
507 935
508 21
508 67
508 2
508 595
509 411
509 370
509 121
510 1
510 244
510 447
510 794
511 374
511 15
511 12
511 535
511 789
512 473
512 115
512 194
512 540
513 31
513 125
513 185
514 498
514 374
514 359
514 539
515 77
515 506
515 47
515 628
516 405
516 383
516 336
517 103
517 333
517 306
517 523
517 685
517 793
518 179
518 5
518 450
518 550
518 741
518 748
518 947
519 480
519 85
519 79
520 182
520 104
520 333
520 652
520 809
521 10
521 467
521 282
522 355
522 239
522 56
523 34
523 2
523 517
523 755
523 849
524 38
524 486
524 310
524 525
524 614
525 524
525 6
525 8
526 89
526 294
526 39
526 554
526 806
527 393
527 286
527 239
527 997
528 402
528 57
528 446
528 839
529 498
529 269
529 0
529 703
529 804
530 227
530 253
530 49
530 623
530 914
531 258
531 66
531 145
531 569
531 854
532 434
532 3
532 332
533 295
533 201
533 67
534 476
534 205
534 12
534 557
534 943
535 200
535 286
535 511
535 589
536 152
536 298
536 447
536 811
536 817
537 105
537 31
537 21
537 617
538 12
538 499
538 372
538 554
538 784
538 812
539 126
539 23
539 514
539 570
539 706
539 780
540 485
540 278
540 512
540 758
541 290
541 189
541 167
541 912
542 144
542 192
542 347
543 27
543 23
543 156
544 144
544 93
544 183
544 729
544 873
544 968
544 995
545 405
545 244
545 2
545 841
545 857
546 238
546 256
546 470
546 576
547 387
547 12
547 278
548 177
548 282
548 447
549 41
549 188
549 241
549 800
550 518
550 211
550 19
551 22
551 69
551 470
551 752
552 478
552 83
552 0
553 42
553 208
553 70
553 565
553 674
553 943
554 252
554 538
554 526
554 573
554 590
554 746
555 45
555 74
555 168
555 617
555 827
555 875
556 215
556 42
556 29
556 893
556 920
557 534
557 60
557 246
558 160
558 32
558 55
559 46
559 300
559 76
559 710
559 866
560 64
560 39
560 312
560 651
561 290
561 320
561 292
561 619
561 821
561 886
562 130
562 59
562 222
562 599
562 603
562 620
562 958
563 199
563 312
563 335
563 902
564 354
564 128
564 214
564 812
564 936
565 175
565 553
565 288
566 12
566 223
566 202
566 880
566 942
567 456
567 288
567 310
567 922
568 185
568 71
568 182
568 655
568 669
568 730
568 798
569 350
569 531
569 165
569 754
569 897
569 955
570 121
570 539
570 90
571 306
571 91
571 499
571 848
572 182
572 115
572 472
573 464
573 554
573 248
574 97
574 201
574 0
575 425
575 79
575 390
575 634
575 767
576 448
576 105
576 546
577 292
577 501
577 121
578 169
578 384
578 88
578 939
579 357
579 205
579 21
579 999
580 22
580 212
580 305
580 981
581 19
581 8
581 500
581 612
581 658
582 129
582 0
582 137
582 608
582 696
583 126
583 296
583 301
584 2
584 178
584 215
584 854
585 244
585 383
585 124
585 887
585 919
586 132
586 468
586 152
587 20
587 371
587 441
588 78
588 99
588 286
588 828
588 829
589 535
589 191
589 244
589 695
590 421
590 363
590 554
590 749
591 344
591 466
591 270
591 990
592 251
592 49
592 319
592 659
593 118
593 64
593 362
593 676
593 759
594 305
594 129
594 262
594 831
594 836
594 849
595 232
595 94
595 508
595 974
596 419
596 80
596 294
596 897
597 184
597 16
597 322
597 793
598 284
598 29
598 435
599 374
599 562
599 102
599 661
600 294
600 143
600 66
600 606
600 607
600 791
600 894
601 380
601 15
601 237
602 499
602 41
602 142
602 611
602 819
602 975
603 562
603 177
603 62
603 649
604 129
604 297
604 3
604 693
605 63
605 158
605 498
606 333
606 209
606 600
606 677
606 697
606 991
607 41
607 73
607 600
608 98
608 434
608 582
608 642
608 861
608 910
609 503
609 173
609 6
609 746
610 46
610 356
610 118
610 616
610 736
610 911
611 278
611 602
611 353
611 727
611 924
612 394
612 207
612 581
613 413
613 387
613 9
614 109
614 176
614 524
614 911
615 188
615 11
615 347
615 704
616 244
616 610
616 36
616 687
616 840
616 905
617 555
617 537
617 249
617 938
618 392
618 311
618 174
619 561
619 356
619 116
620 491
620 479
620 562
621 331
621 174
621 390
621 690
621 822
622 257
622 238
622 157
622 873
623 336
623 350
623 530
623 769
623 976
624 57
624 8
624 413
624 626
625 25
625 75
625 88
626 187
626 624
626 91
626 684
626 791
626 879
627 477
627 217
627 496
627 834
628 6
628 87
628 515
628 787
628 833
628 908
629 101
629 11
629 436
630 322
630 421
630 53
631 311
631 88
631 365
631 678
631 724
632 177
632 267
632 119
632 739
632 974
632 997
633 38
633 2
633 436
633 695
634 575
634 129
634 428
634 722
634 795
634 871
634 875
634 998
635 217
635 488
635 473
635 844
636 103
636 286
636 368
637 166
637 163
637 408
637 960
638 462
638 426
638 299
639 165
639 22
639 279
639 823
640 174
640 96
640 200
641 22
641 433
641 300
642 240
642 293
642 608
643 244
643 303
643 493
643 944
644 42
644 51
644 100
645 250
645 38
645 78
645 782
645 798
646 418
646 250
646 1
646 680
647 428
647 505
647 194
648 30
648 82
648 120
648 845
648 968
649 171
649 603
649 324
649 650
649 705
649 776
649 888
650 270
650 128
650 649
650 980
651 354
651 68
651 560
652 520
652 42
652 255
652 946
653 352
653 252
653 156
654 171
654 368
654 118
655 97
655 568
655 239
655 929
656 82
656 373
656 28
657 121
657 36
657 265
658 121
658 581
658 139
658 850
658 893
658 955
659 1
659 592
659 144
659 826
660 239
660 288
660 113
660 950
661 166
661 599
661 382
662 19
662 217
662 28
662 835
662 933
663 83
663 435
663 306
663 820
664 310
664 202
664 455
664 842
664 855
665 192
665 268
665 62
666 489
666 53
666 6
666 712
666 725
667 56
667 142
667 65
667 960
668 148
668 229
668 194
668 741
668 769
668 772
668 884
669 244
669 568
669 135
669 774
670 35
670 139
670 441
670 773
670 795
671 422
671 26
671 328
671 732
672 299
672 410
672 417
672 742
672 832
673 289
673 82
673 450
674 474
674 553
674 447
675 126
675 132
675 141
675 750
676 593
676 20
676 2
677 153
677 20
677 606
678 231
678 631
678 3
678 946
679 314
679 47
679 447
680 103
680 646
680 327
681 138
681 347
681 153
682 300
682 204
682 171
682 894
683 315
683 202
683 81
683 821
684 270
684 626
684 364
684 854
685 517
685 264
685 444
686 122
686 81
686 147
687 616
687 131
687 165
688 464
688 88
688 489
688 738
688 814
689 97
689 51
689 299
690 216
690 621
690 474
690 757
691 498
691 184
691 8
691 765
691 818
691 830
691 893
692 105
692 271
692 392
692 693
692 885
693 4
693 692
693 604
693 767
693 788
694 126
694 55
694 12
694 863
695 68
695 589
695 633
695 852
696 582
696 11
696 25
697 26
697 606
697 129
697 722
697 799
697 892
698 155
698 338
698 4
698 709
699 11
699 157
699 342
699 745
699 868
699 870
700 6
700 209
700 326
700 723
700 902
701 8
701 155
701 63
701 998
702 298
702 367
702 501
703 271
703 529
703 239
703 842
704 184
704 271
704 615
705 649
705 79
705 336
705 986
706 539
706 122
706 1
707 174
707 13
707 476
708 66
708 22
708 243
709 698
709 340
709 195
709 928
709 967
710 288
710 80
710 559
710 718
710 721
710 759
711 8
711 157
711 312
711 793
711 828
712 192
712 39
712 666
712 753
712 993
713 431
713 473
713 102
713 770
713 945
714 417
714 166
714 43
714 860
715 352
715 375
715 246
715 853
716 465
716 345
716 73
716 755
716 824
716 930
717 47
717 165
717 200
718 195
718 710
718 22
719 90
719 205
719 144
719 748
719 813
720 197
720 244
720 64
721 710
721 281
721 111
722 697
722 634
722 157
723 113
723 700
723 302
723 751
724 261
724 631
724 269
724 796
724 981
725 666
725 278
725 11
726 115
726 62
726 21
727 611
727 138
727 208
727 962
727 977
728 134
728 243
728 300
729 364
729 544
729 6
729 843
730 33
730 302
730 568
730 988
731 206
731 486
731 369
731 838
731 900
732 13
732 671
732 485
733 120
733 83
733 194
734 444
734 225
734 192
734 857
735 467
735 60
735 307
735 869
735 877
735 926
736 453
736 610
736 207
737 283
737 67
737 188
738 21
738 479
738 688
738 842
738 858
738 868
739 168
739 632
739 67
739 903
740 370
740 412
740 475
740 861
741 518
741 668
741 120
742 120
742 672
742 284
743 168
743 379
743 263
744 187
744 458
744 200
744 848
744 879
745 279
745 699
745 251
745 808
746 554
746 137
746 609
747 13
747 120
747 272
747 789
748 6
748 719
748 518
749 590
749 318
749 339
750 447
750 675
750 32
750 835
751 140
751 723
751 58
752 551
752 438
752 367
753 712
753 433
753 476
753 979
754 311
754 11
754 569
755 523
755 267
755 716
755 768
756 475
756 320
756 187
757 28
757 690
757 385
757 832
758 8
758 199
758 540
758 810
759 315
759 593
759 710
759 777
760 94
760 52
760 147
761 69
761 355
761 331
761 846
762 406
762 351
762 87
762 828
763 43
763 42
763 482
764 478
764 286
764 279
765 375
765 691
765 81
766 423
766 415
766 1
767 693
767 575
767 74
767 783
768 51
768 755
768 194
768 822
769 623
769 75
769 668
770 322
770 34
770 713
771 101
771 44
771 1
771 945
771 987
772 668
772 6
772 255
773 174
773 133
773 670
773 888
774 85
774 99
774 669
775 57
775 97
775 178
775 929
776 649
776 291
776 222
777 87
777 325
777 759
778 73
778 237
778 198
778 882
779 314
779 214
779 57
780 203
780 47
780 539
780 918
780 975
781 334
781 403
781 503
781 890
782 645
782 319
782 58
783 338
783 2
783 767
784 454
784 538
784 65
785 131
785 59
785 73
785 923
786 21
786 61
786 356
786 943
787 234
787 628
787 18
788 34
788 79
788 693
789 511
789 747
789 1
790 23
790 301
790 361
791 232
791 600
791 626
791 839
791 934
792 487
792 207
792 129
793 597
793 517
793 711
794 33
794 510
794 445
794 799
794 851
794 889
795 346
795 634
795 670
796 98
796 230
796 724
797 453
797 169
797 250
797 944
798 568
798 645
798 474
799 697
799 419
799 794
799 847
800 478
800 492
800 549
800 807
800 961
800 973
800 989
801 239
801 100
801 396
802 4
802 24
802 350
802 825
803 394
803 38
803 272
804 39
804 529
804 133
804 831
804 867
805 415
805 473
805 232
806 313
806 135
806 526
806 917
806 970
807 12
807 205
807 800
808 132
808 17
808 745
809 101
809 520
809 170
810 77
810 758
810 13
811 536
811 258
811 133
812 118
812 564
812 538
813 489
813 2
813 719
813 817
813 869
814 126
814 116
814 688
815 169
815 10
815 137
816 139
816 480
816 137
816 819
817 813
817 536
817 261
818 120
818 304
818 691
818 869
819 602
819 34
819 816
820 175
820 663
820 496
821 561
821 129
821 683
822 768
822 151
822 621
822 866
822 935
823 639
823 239
823 78
824 344
824 716
824 131
824 907
824 993
825 386
825 802
825 222
825 959
826 214
826 659
826 20
826 908
827 337
827 289
827 555
827 872
828 588
828 762
828 711
829 216
829 588
829 406
829 919
830 180
830 691
830 396
831 804
831 594
831 87
832 757
832 38
832 672
833 450
833 628
833 31
833 858
834 163
834 459
834 627
835 662
835 68
835 750
836 260
836 594
836 158
837 2
837 82
837 160
837 912
837 927
838 487
838 731
838 240
838 989
839 79
839 528
839 791
839 916
839 982
840 498
840 370
840 616
841 139
841 545
841 486
841 864
842 738
842 703
842 664
842 948
843 388
843 46
843 729
844 635
844 208
844 401
845 200
845 648
845 317
846 305
846 47
846 761
847 799
847 10
847 409
848 571
848 11
848 744
848 969
848 973
849 523
849 9
849 594
850 306
850 186
850 658
851 131
851 374
851 794
851 889
852 695
852 111
852 88
853 25
853 2
853 715
854 584
854 684
854 531
854 916
855 165
855 191
855 664
855 936
856 220
856 397
856 495
857 545
857 246
857 734
858 738
858 468
858 833
859 73
859 304
859 375
860 714
860 145
860 388
860 940
861 608
861 740
861 90
862 214
862 435
862 210
863 694
863 294
863 71
864 223
864 841
864 311
864 998
865 70
865 251
865 192
866 822
866 559
866 43
866 954
867 306
867 804
867 327
867 870
867 915
867 932
867 940
868 699
868 320
868 738
869 818
869 735
869 813
870 867
870 699
870 257
871 270
871 634
871 500
872 827
872 64
872 100
873 216
873 622
873 544
873 906
874 399
874 490
874 179
875 555
875 634
875 320
876 480
876 301
876 191
877 735
877 354
877 23
878 208
878 227
878 406
878 915
878 958
879 71
879 626
879 744
880 566
880 79
880 11
880 942
880 996
881 309
881 336
881 19
882 70
882 185
882 778
883 36
883 19
883 39
883 975
884 226
884 485
884 668
885 218
885 692
885 34
885 987
886 561
886 462
886 236
886 912
887 43
887 69
887 585
888 649
888 773
888 471
889 289
889 794
889 851
890 141
890 118
890 781
891 83
891 86
891 279
892 412
892 244
892 697
893 691
893 658
893 556
894 682
894 38
894 600
894 938
895 302
895 164
895 16
895 972
896 201
896 182
896 479
897 569
897 125
897 596
898 3
898 5
898 137
899 91
899 217
899 429
900 344
900 61
900 731
901 489
901 224
901 364
902 323
902 700
902 563
903 344
903 336
903 739
903 924
903 931
904 406
904 36
904 100
905 439
905 616
905 41
906 873
906 355
906 79
907 437
907 489
907 824
908 826
908 628
908 452
909 420
909 265
909 126
910 158
910 608
910 377
911 400
911 610
911 614
912 837
912 886
912 541
913 45
913 71
913 179
914 530
914 466
914 322
915 878
915 867
915 348
915 955
916 167
916 854
916 839
917 138
917 100
917 806
917 925
917 962
918 79
918 2
918 780
919 829
919 585
919 206
920 556
920 290
920 329
921 182
921 354
921 4
922 304
922 183
922 567
923 785
923 129
923 199
924 200
924 611
924 903
925 478
925 441
925 917
926 735
926 333
926 314
927 377
927 2
927 837
927 999
928 54
928 412
928 709
929 775
929 84
929 655
930 401
930 167
930 716
931 234
931 311
931 903
932 867
932 388
932 47
933 176
933 662
933 3
934 316
934 412
934 791
935 507
935 822
935 11
935 990
936 855
936 140
936 564
937 66
937 238
937 308
938 617
938 894
938 318
939 81
939 578
939 242
940 867
940 145
940 860
941 244
941 4
941 159
942 880
942 93
942 566
943 786
943 553
943 534
944 797
944 66
944 643
945 713
945 95
945 771
946 652
946 678
946 390
947 189
947 518
947 67
948 380
948 842
948 240
949 126
949 189
949 330
950 411
950 353
950 660
951 228
951 356
951 80
952 22
952 172
952 191
953 25
953 154
953 377
954 29
954 4
954 866
955 915
955 569
955 658
956 328
956 446
956 238
957 43
957 6
957 12
958 878
958 562
958 440
958 969
959 214
959 479
959 825
960 637
960 489
960 667
961 800
961 318
961 8
962 120
962 727
962 917
963 255
963 66
963 4
964 4
964 443
964 297
965 494
965 271
965 239
966 399
966 279
966 240
967 206
967 709
967 25
968 648
968 544
968 385
969 848
969 267
969 958
970 209
970 806
970 322
971 178
971 403
971 200
972 312
972 355
972 895
973 800
973 848
973 339
974 632
974 595
974 12
975 602
975 780
975 883
976 327
976 623
976 305
977 190
977 13
977 727
978 219
978 454
978 417
979 332
979 414
979 753
980 650
980 322
980 392
981 580
981 313
981 724
982 199
982 405
982 839
983 102
983 81
983 227
984 22
984 360
984 156
985 347
985 96
985 273
986 37
986 705
986 82
987 885
987 434
987 771
988 204
988 730
988 53
989 800
989 393
989 838
990 375
990 935
990 591
991 228
991 606
991 117
992 194
992 315
992 11
993 824
993 2
993 712
994 283
994 139
994 220
995 544
995 415
995 465
996 880
996 274
996 491
997 527
997 632
997 387
998 634
998 701
998 864
999 495
999 579
999 927
