0 1
0 2
0 3
0 4
0 5
0 7
0 9
0 16
0 17
0 18
1 0
1 2
1 3
1 4
1 6
1 7
1 8
2 1
2 0
2 3
2 4
2 5
2 6
2 7
2 8
2 10
2 11
2 12
2 14
3 0
3 1
3 2
3 5
3 10
3 12
3 19
4 0
4 1
4 2
4 8
4 9
4 11
4 14
5 2
5 3
5 0
5 6
5 19
6 1
6 2
6 5
6 14
6 15
7 0
7 2
7 1
7 13
8 2
8 4
8 1
8 9
8 17
8 18
8 19
9 8
9 0
9 4
9 10
9 13
9 15
9 16
9 18
10 3
10 9
10 2
10 11
10 12
10 13
10 15
10 17
11 2
11 4
11 10
12 2
12 10
12 3
13 10
13 9
13 7
14 6
14 2
14 4
14 16
15 6
15 9
15 10
16 14
16 0
16 9
17 0
17 10
17 8
18 8
18 9
18 0
19 3
19 8
19 5
