0 1
1 0
2 1
2 0
3 0
3 1
3 2
4 0
4 1
4 2
5 2
5 1
5 3
6 5
6 4
6 2
7 2
7 3
7 4
8 0
8 5
8 2
9 1
9 5
9 3
10 4
10 8
10 1
11 1
11 8
11 7
12 1
12 7
12 3
13 4
13 1
13 2
14 8
14 3
14 2
15 5
15 0
15 2
16 10
16 12
16 5
17 7
17 8
17 2
18 5
18 16
18 15
19 0
19 8
19 2
20 0
20 5
20 1
21 3
21 4
21 2
22 5
22 2
22 7
23 0
23 3
23 12
24 19
24 5
24 1
25 19
25 0
25 8
26 18
26 8
26 19
27 2
27 16
27 1
28 5
28 25
28 0
29 5
29 11
29 1
30 8
30 0
30 4
31 5
31 0
31 1
32 2
32 31
32 13
33 8
33 1
33 5
34 22
34 25
34 11
35 25
35 12
35 2
36 1
36 3
36 24
37 2
37 4
37 11
38 13
38 35
38 25
39 38
39 1
39 17
40 3
40 1
40 16
41 3
41 19
41 35
42 19
42 16
42 5
43 6
43 16
43 5
44 32
44 5
44 16
45 1
45 3
45 42
46 2
46 1
46 0
47 16
47 5
47 1
48 19
48 17
48 25
49 4
49 15
49 31
50 37
50 40
50 0
51 27
51 8
51 12
52 3
52 4
52 16
53 11
53 10
53 6
54 6
54 46
54 2
55 27
55 2
55 3
56 22
56 11
56 16
57 21
57 25
57 1
58 28
58 56
58 38
59 24
59 35
59 16
60 26
60 35
60 38
61 36
61 16
61 38
62 61
62 0
62 57
63 8
63 20
63 45
64 8
64 35
64 61
65 24
65 27
65 35
66 20
66 28
66 3
67 0
67 1
67 2
68 19
68 25
68 36
69 2
69 1
69 15
70 61
70 6
70 27
71 33
71 67
71 15
72 70
72 20
72 2
73 0
73 47
73 52
74 64
74 5
74 52
75 4
75 20
75 24
76 5
76 24
76 44
77 36
77 1
77 15
78 45
78 36
78 6
79 58
79 7
79 43
80 62
80 48
80 8
81 75
81 38
81 1
82 42
82 25
82 36
83 69
83 65
83 23
84 77
84 14
84 44
85 25
85 70
85 16
86 11
86 40
86 54
87 15
87 7
87 0
88 35
88 0
88 4
89 8
89 81
89 23
90 4
90 23
90 29
91 0
91 25
91 35
92 32
92 5
92 0
93 47
93 44
93 0
94 4
94 24
94 26
95 24
95 12
95 21
96 88
96 8
96 72
97 70
97 8
97 92
98 1
98 59
98 18
99 35
99 3
99 4
100 33
100 94
100 6
101 13
101 3
101 96
102 24
102 66
102 60
103 35
103 15
103 4
104 39
104 96
104 10
105 75
105 73
105 45
106 3
106 77
106 31
107 35
107 11
107 25
108 15
108 8
108 22
109 77
109 7
109 0
110 70
110 2
110 67
111 34
111 95
111 15
112 33
112 44
112 87
113 11
113 21
113 8
114 2
114 3
114 72
115 46
115 26
115 86
116 32
116 0
116 56
117 51
117 55
117 1
118 89
118 8
118 112
119 44
119 42
119 90
120 0
120 92
120 29
121 8
121 2
121 79
122 46
122 121
122 90
123 25
123 32
123 13
124 25
124 35
124 0
125 7
125 2
125 76
126 96
126 70
126 16
127 92
127 88
127 112
128 79
128 27
128 80
129 2
129 61
129 127
130 22
130 45
130 85
131 45
131 5
131 78
132 6
132 72
132 35
133 107
133 4
133 25
134 77
134 3
134 59
135 0
135 130
135 117
136 0
136 118
136 70
137 127
137 77
137 0
138 24
138 132
138 66
139 12
139 62
139 72
140 94
140 76
140 1
141 1
141 3
141 124
142 16
142 130
142 0
143 90
143 25
143 70
144 123
144 103
144 72
145 142
145 16
145 124
146 0
146 67
146 86
147 67
147 123
147 79
148 3
148 108
148 62
149 70
149 16
149 8
150 3
150 59
150 143
151 4
151 59
151 94
152 138
152 0
152 5
153 35
153 7
153 129
154 13
154 143
154 114
155 74
155 5
155 15
156 64
156 86
156 146
157 92
157 39
157 85
158 67
158 72
158 4
159 2
159 8
159 5
160 3
160 108
160 21
161 88
161 21
161 12
162 2
162 1
162 117
163 42
163 4
163 121
164 6
164 8
164 79
165 31
165 8
165 124
166 13
166 2
166 37
167 35
167 10
167 26
168 0
168 125
168 70
169 0
169 58
169 87
170 12
170 143
170 0
171 6
171 160
171 131
172 2
172 88
172 4
173 88
173 110
173 13
174 114
174 148
174 131
175 24
175 62
175 39
176 114
176 88
176 19
177 7
177 51
177 21
178 122
178 7
178 138
179 52
179 16
179 165
180 155
180 21
180 8
181 21
181 8
181 56
182 144
182 72
182 6
183 57
183 94
183 81
184 63
184 9
184 35
185 110
185 62
185 5
186 25
186 21
186 110
187 79
187 2
187 23
188 66
188 176
188 36
189 18
189 90
189 20
190 89
190 149
190 103
191 24
191 20
191 159
192 114
192 5
192 135
193 186
193 105
193 79
194 70
194 46
194 0
195 66
195 5
195 11
196 121
196 123
196 70
197 1
197 4
197 90
198 24
198 2
198 101
199 16
199 111
199 105
200 19
200 12
200 127
201 149
201 151
201 7
202 170
202 190
202 181
203 2
203 197
203 0
204 192
204 5
204 0
205 77
205 59
205 137
206 8
206 16
206 187
207 74
207 1
207 5
208 24
208 12
208 75
209 33
209 67
209 195
210 45
210 8
210 76
211 159
211 35
211 51
212 3
212 61
212 199
213 0
213 2
213 153
214 42
214 48
214 139
215 206
215 148
215 181
216 83
216 211
216 80
217 192
217 60
217 2
218 94
218 66
218 1
219 6
219 5
219 3
220 0
220 164
220 48
221 2
221 72
221 28
222 44
222 3
222 72
223 61
223 78
223 104
224 6
224 13
224 15
225 20
225 4
225 1
226 8
226 83
226 4
227 88
227 3
227 1
228 109
228 12
228 52
229 8
229 7
229 27
230 11
230 155
230 3
231 128
231 1
231 207
232 25
232 121
232 86
233 35
233 125
233 131
234 128
234 218
234 40
235 70
235 18
235 24
236 35
236 108
236 173
237 4
237 149
237 0
238 139
238 25
238 160
239 45
239 112
239 0
240 32
240 14
240 18
241 226
241 54
241 91
242 84
242 45
242 1
243 24
243 139
243 143
244 103
244 98
244 81
245 95
245 2
245 91
246 20
246 119
246 115
247 21
247 201
247 144
248 119
248 112
248 38
249 59
249 131
249 243
250 22
250 8
250 125
251 59
251 106
251 75
252 197
252 4
252 220
253 99
253 33
253 37
254 244
254 5
254 30
255 61
255 75
255 2
256 0
256 187
256 75
257 115
257 152
257 122
258 67
258 53
258 117
259 12
259 227
259 117
260 20
260 91
260 165
261 80
261 5
261 7
262 15
262 80
262 224
263 167
263 142
263 43
264 70
264 71
264 250
265 252
265 104
265 131
266 178
266 1
266 85
267 211
267 6
267 0
268 48
268 96
268 10
269 25
269 86
269 73
270 34
270 225
270 0
271 237
271 202
271 164
272 4
272 62
272 8
273 121
273 244
273 149
274 8
274 9
274 37
275 57
275 148
275 27
276 186
276 0
276 179
277 270
277 218
277 108
278 210
278 81
278 245
279 31
279 7
279 89
280 3
280 125
280 64
281 62
281 30
281 280
282 45
282 117
282 77
283 1
283 6
283 118
284 61
284 263
284 19
285 6
285 62
285 64
286 237
286 1
286 148
287 115
287 70
287 244
288 13
288 112
288 134
289 258
289 4
289 124
290 115
290 210
290 79
291 72
291 112
291 108
292 166
292 48
292 167
293 3
293 271
293 135
294 163
294 6
294 0
295 0
295 130
295 245
296 90
296 0
296 140
297 142
297 24
297 287
298 8
298 187
298 171
299 1
299 67
299 51
300 72
300 0
300 6
301 226
301 230
301 42
302 47
302 3
302 2
303 1
303 153
303 268
304 0
304 159
304 87
305 80
305 133
305 171
306 62
306 45
306 218
307 21
307 108
307 132
308 72
308 206
308 110
309 165
309 41
309 58
310 27
310 1
310 5
311 31
311 88
311 0
312 130
312 88
312 13
313 238
313 39
313 75
314 7
314 171
314 80
315 21
315 278
315 312
316 5
316 86
316 13
317 79
317 1
317 195
318 123
318 200
318 62
319 1
319 285
319 276
320 315
320 13
320 21
321 8
321 316
321 69
322 82
322 42
322 195
323 54
323 1
323 94
324 0
324 191
324 1
325 157
325 153
325 5
326 1
326 139
326 56
327 19
327 283
327 130
328 39
328 298
328 88
329 217
329 43
329 207
330 240
330 0
330 94
331 48
331 4
331 0
332 3
332 200
332 27
333 91
333 325
333 206
334 238
334 66
334 18
335 8
335 153
335 45
336 90
336 10
336 20
337 1
337 125
337 56
338 59
338 89
338 218
339 167
339 103
339 24
340 140
340 26
340 0
341 1
341 75
341 80
342 227
342 8
342 2
343 72
343 206
343 2
344 204
344 8
344 264
345 1
345 179
345 153
346 35
346 6
346 61
347 64
347 12
347 142
348 198
348 8
348 315
349 83
349 8
349 276
350 308
350 3
350 227
351 135
351 293
351 75
352 6
352 92
352 9
353 81
353 8
353 287
354 154
354 1
354 32
355 21
355 317
355 4
356 270
356 6
356 89
357 11
357 101
357 232
358 11
358 47
358 24
359 0
359 64
359 41
360 235
360 77
360 128
361 0
361 8
361 35
362 170
362 103
362 288
363 121
363 149
363 70
364 258
364 152
364 227
365 112
365 35
365 302
366 1
366 95
366 6
367 174
367 11
367 47
368 235
368 16
368 1
369 343
369 47
369 46
370 216
370 87
370 25
371 65
371 83
371 264
372 15
372 20
372 35
373 16
373 121
373 256
374 213
374 13
374 6
375 150
375 220
375 368
376 45
376 90
376 61
377 67
377 347
377 350
378 114
378 87
378 25
379 310
379 133
379 20
380 98
380 273
380 318
381 76
381 27
381 148
382 81
382 317
382 125
383 16
383 239
383 139
384 7
384 315
384 295
385 247
385 88
385 190
386 130
386 7
386 280
387 85
387 255
387 3
388 59
388 4
388 12
389 131
389 195
389 364
390 71
390 212
390 1
391 64
391 26
391 75
392 360
392 94
392 299
393 369
393 99
393 90
394 96
394 9
394 103
395 230
395 286
395 373
396 2
396 273
396 359
397 358
397 123
397 196
398 2
398 227
398 8
399 1
399 155
399 65
400 61
400 177
400 351
401 197
401 10
401 81
402 200
402 52
402 8
403 163
403 46
403 2
404 7
404 388
404 15
405 114
405 221
405 8
406 2
406 67
406 10
407 8
407 98
407 13
408 287
408 195
408 233
409 277
409 130
409 8
410 70
410 0
410 28
411 62
411 188
411 4
412 388
412 275
412 91
413 22
413 212
413 75
414 1
414 411
414 8
415 87
415 14
415 387
416 70
416 19
416 61
417 8
417 133
417 20
418 70
418 164
418 365
419 307
419 347
419 3
420 62
420 127
420 363
421 130
421 15
421 70
422 70
422 23
422 87
423 390
423 110
423 250
424 4
424 80
424 16
425 200
425 96
425 37
426 298
426 10
426 11
427 166
427 8
427 349
428 5
428 116
428 2
429 113
429 373
429 0
430 1
430 405
430 121
431 2
431 53
431 207
432 166
432 108
432 59
433 259
433 2
433 359
434 10
434 302
434 231
435 220
435 419
435 184
436 45
436 227
436 61
437 38
437 372
437 325
438 414
438 0
438 231
439 240
439 115
439 45
440 4
440 206
440 1
441 48
441 77
441 16
442 317
442 228
442 299
443 263
443 12
443 277
444 2
444 192
444 261
445 16
445 8
445 204
446 179
446 133
446 25
447 8
447 206
447 38
448 1
448 328
448 369
449 20
449 431
449 142
450 359
450 14
450 27
451 19
451 181
451 378
452 42
452 240
452 133
453 403
453 62
453 115
454 62
454 80
454 301
455 171
455 5
455 63
456 2
456 3
456 32
457 80
457 243
457 5
458 45
458 237
458 94
459 0
459 81
459 197
460 233
460 8
460 153
461 130
461 0
461 101
462 130
462 24
462 162
463 154
463 266
463 92
464 3
464 416
464 433
465 20
465 43
465 61
466 85
466 378
466 121
467 317
467 38
467 7
468 431
468 90
468 42
469 1
469 7
469 255
470 265
470 16
470 132
471 35
471 5
471 337
472 8
472 1
472 243
473 210
473 62
473 1
474 18
474 94
474 165
475 0
475 238
475 69
476 380
476 147
476 5
477 130
477 168
477 87
478 70
478 65
478 400
479 114
479 70
479 94
480 374
480 1
480 142
481 1
481 97
481 414
482 351
482 75
482 51
483 258
483 127
483 16
484 459
484 404
484 253
485 214
485 166
485 232
486 363
486 461
486 183
487 290
487 0
487 114
488 1
488 4
488 80
489 368
489 257
489 22
490 45
490 192
490 143
491 0
491 153
491 471
492 133
492 291
492 24
493 230
493 20
493 243
494 31
494 156
494 461
495 138
495 411
495 46
496 153
496 275
496 2
497 460
497 455
497 158
498 370
498 217
498 246
499 259
499 88
499 364
