0 1
1 0
2 0
2 1
3 2
3 1
3 0
4 0
4 1
4 2
5 1
5 2
5 4
6 0
6 4
6 1
7 6
7 1
7 0
8 1
8 5
8 2
9 7
9 6
9 2
10 3
10 6
10 2
11 0
11 1
11 4
12 1
12 4
12 6
13 3
13 10
13 7
14 7
14 6
14 4
15 11
15 4
15 0
16 1
16 2
16 0
17 5
17 1
17 7
18 2
18 10
18 17
19 13
19 17
19 2
20 6
20 7
20 10
21 6
21 2
21 20
22 7
22 2
22 13
23 6
23 7
23 5
24 7
24 2
24 1
25 4
25 7
25 6
26 5
26 8
26 7
27 2
27 0
27 21
28 5
28 2
28 1
29 1
29 0
29 7
30 4
30 9
30 3
31 26
31 7
31 29
32 7
32 2
32 25
33 20
33 2
33 26
34 3
34 6
34 4
35 5
35 1
35 15
36 1
36 5
36 24
37 35
37 32
37 8
38 32
38 2
38 3
39 1
39 34
39 6
40 2
40 29
40 7
41 2
41 15
41 7
42 0
42 6
42 19
43 15
43 3
43 28
44 7
44 10
44 24
45 7
45 13
45 9
46 11
46 15
46 19
47 28
47 2
47 7
48 4
48 2
48 7
49 18
49 8
49 0
50 27
50 2
50 10
51 15
51 2
51 29
52 16
52 14
52 46
53 27
53 34
53 10
54 22
54 5
54 20
55 6
55 2
55 20
56 14
56 21
56 22
57 42
57 25
57 54
58 17
58 9
58 27
59 5
59 4
59 18
60 19
60 0
60 15
61 39
61 15
61 0
62 56
62 22
62 42
63 7
63 54
63 15
64 2
64 35
64 26
65 7
65 2
65 1
66 1
66 51
66 28
67 34
67 53
67 18
68 4
68 6
68 1
69 24
69 27
69 32
70 12
70 50
70 13
71 14
71 8
71 17
72 19
72 17
72 3
73 2
73 16
73 61
74 51
74 58
74 7
75 4
75 49
75 1
76 61
76 2
76 8
77 14
77 0
77 6
78 17
78 2
78 58
79 2
79 53
79 39
80 65
80 24
80 42
81 7
81 0
81 61
82 13
82 7
82 63
83 80
83 15
83 38
84 29
84 47
84 2
85 15
85 68
85 35
86 18
86 11
86 20
87 40
87 6
87 32
88 8
88 5
88 42
89 29
89 39
89 28
90 4
90 7
90 35
91 2
91 59
91 3
92 15
92 78
92 68
93 7
93 15
93 17
94 42
94 35
94 43
95 76
95 83
95 9
96 95
96 57
96 42
97 54
97 33
97 64
98 3
98 19
98 2
99 21
99 15
99 54
