0 1
1 0
2 0
2 1
3 1
3 0
3 2
4 0
4 2
4 1
5 2
5 0
5 1
6 3
6 1
6 2
7 0
7 2
7 3
8 2
8 0
8 5
9 3
9 2
9 0
10 9
10 2
10 0
11 8
11 0
11 2
12 1
12 7
12 6
13 3
13 12
13 2
14 4
14 10
14 2
15 1
15 2
15 0
16 0
16 15
16 1
17 14
17 15
17 9
18 2
18 0
18 10
19 16
19 0
19 9
20 1
20 2
20 17
21 3
21 0
21 8
22 8
22 18
22 3
23 11
23 13
23 1
24 22
24 0
24 8
25 15
25 1
25 11
26 0
26 10
26 25
27 20
27 13
27 0
28 2
28 19
28 11
29 3
29 0
29 7
30 2
30 24
30 9
31 29
31 10
31 2
32 0
32 1
32 13
33 0
33 5
33 10
34 3
34 8
34 18
35 19
35 7
35 9
36 1
36 20
36 19
37 9
37 1
37 0
38 24
38 11
38 23
39 0
39 26
39 2
40 0
40 31
40 28
41 2
41 36
41 1
42 0
42 18
42 22
43 2
43 9
43 1
44 11
44 3
44 2
45 43
45 0
45 36
46 0
46 10
46 9
47 13
47 10
47 14
48 2
48 0
48 9
49 30
49 2
49 0
50 0
50 26
50 10
51 1
51 29
51 41
52 11
52 1
52 12
53 5
53 19
53 2
54 2
54 18
54 9
55 36
55 0
55 6
56 16
56 20
56 28
57 17
57 2
57 39
58 1
58 0
58 19
59 14
59 5
59 17
60 36
60 11
60 0
61 18
61 47
61 31
62 29
62 17
62 43
63 2
63 9
63 29
64 36
64 30
64 40
65 19
65 1
65 47
66 0
66 19
66 9
67 19
67 1
67 22
68 52
68 14
68 0
69 30
69 25
69 56
70 39
70 18
70 19
71 4
71 3
71 70
72 22
72 50
72 65
73 14
73 38
73 0
74 61
74 29
74 7
75 65
75 14
75 1
76 62
76 14
76 4
77 0
77 8
77 21
78 13
78 20
78 53
79 17
79 23
79 2
80 11
80 9
80 62
81 36
81 19
81 18
82 3
82 45
82 7
83 47
83 10
83 2
84 65
84 72
84 19
85 70
85 2
85 21
86 31
86 83
86 46
87 19
87 2
87 36
88 54
88 14
88 32
89 38
89 85
89 58
90 57
90 22
90 18
91 74
91 47
91 18
92 1
92 13
92 59
93 8
93 59
93 1
94 0
94 31
94 72
95 19
95 22
95 11
96 1
96 81
96 9
97 84
97 8
97 2
98 42
98 26
98 74
99 43
99 0
99 33
