0 1
1 0
2 1
2 0
3 0
3 1
3 2
4 0
4 1
4 2
5 1
5 2
5 3
6 3
6 2
6 0
7 5
7 0
7 1
8 1
8 2
8 0
9 0
9 8
9 1
10 0
10 5
10 8
11 3
11 1
11 7
12 1
12 7
12 3
13 1
13 2
13 11
14 5
14 1
14 2
15 7
15 0
15 4
16 1
16 5
16 4
17 11
17 2
17 5
18 1
18 13
18 5
19 12
19 2
19 1
20 17
20 5
20 3
21 1
21 11
21 2
22 0
22 13
22 3
23 0
23 15
23 2
24 2
24 11
24 3
25 20
25 19
25 7
26 20
26 21
26 4
27 0
27 1
27 7
28 7
28 1
28 5
29 24
29 0
29 11
30 5
30 7
30 13
31 2
31 6
31 20
32 9
32 2
32 0
33 0
33 7
33 12
34 6
34 4
34 3
35 5
35 0
35 1
36 27
36 24
36 12
37 2
37 27
37 1
38 0
38 7
38 23
39 1
39 3
39 32
40 30
40 28
40 1
41 3
41 1
41 37
42 1
42 24
42 17
43 8
43 10
43 34
44 11
44 28
44 24
45 15
45 5
45 19
46 4
46 11
46 3
47 11
47 20
47 2
48 31
48 1
48 2
49 27
49 43
49 1
