0 1
0 2
0 3
0 4
0 5
0 6
0 7
0 10
0 12
0 14
0 23
0 26
0 27
0 29
0 35
0 37
0 47
0 55
0 59
0 72
0 98
1 0
1 2
1 3
1 4
1 6
1 8
1 11
1 51
1 58
1 65
1 74
2 1
2 0
2 3
2 4
2 5
2 6
2 10
2 11
2 12
2 14
2 15
2 21
2 43
2 48
2 57
2 59
2 77
2 94
3 1
3 2
3 0
3 7
3 9
3 15
3 40
3 47
3 49
3 86
3 93
4 2
4 1
4 0
4 5
4 9
4 13
4 17
4 20
4 21
4 22
4 28
4 31
4 36
4 37
4 41
4 44
4 48
4 58
4 64
4 84
4 87
4 89
4 94
5 2
5 4
5 0
5 7
5 8
5 13
5 18
5 19
5 25
5 27
5 35
5 53
5 67
5 80
5 83
6 1
6 2
6 0
6 22
6 41
6 42
6 64
6 81
7 5
7 0
7 3
7 8
7 12
7 16
7 42
7 66
8 1
8 7
8 5
8 9
8 10
8 13
8 18
8 19
8 22
8 23
8 33
8 42
8 45
8 52
8 68
8 70
8 76
8 79
8 84
9 3
9 8
9 4
9 15
9 16
9 27
9 34
9 56
9 59
9 62
9 81
10 8
10 0
10 2
10 11
10 18
10 25
10 34
10 57
10 86
11 2
11 1
11 10
12 2
12 0
12 7
12 14
12 17
12 32
12 51
12 61
13 4
13 5
13 8
13 25
13 28
13 29
13 46
13 52
14 2
14 0
14 12
14 16
14 17
14 19
14 20
14 33
14 37
14 49
14 65
14 67
14 71
15 9
15 2
15 3
15 30
15 38
15 66
15 73
15 97
15 98
16 14
16 9
16 7
16 20
16 24
16 39
16 41
16 50
16 75
16 91
17 4
17 12
17 14
17 26
17 38
17 49
17 58
18 5
18 8
18 10
18 75
18 77
18 90
19 5
19 14
19 8
19 24
19 28
19 32
19 45
19 62
19 66
20 16
20 4
20 14
20 21
20 23
20 30
20 31
20 39
20 45
20 70
21 20
21 2
21 4
21 26
21 29
21 61
21 63
21 74
21 85
22 8
22 4
22 6
22 43
22 72
22 95
23 20
23 8
23 0
23 24
24 19
24 16
24 23
24 33
24 72
24 86
25 13
25 10
25 5
25 30
25 38
25 53
25 73
25 79
26 0
26 17
26 21
26 34
26 40
26 48
26 51
27 9
27 0
27 5
27 35
27 44
27 47
27 50
28 4
28 13
28 19
28 31
28 96
28 98
29 21
29 13
29 0
29 32
29 39
29 60
30 15
30 20
30 25
30 36
30 80
31 20
31 28
31 4
32 19
32 12
32 29
32 36
32 44
32 46
32 78
32 91
33 8
33 14
33 24
33 52
34 10
34 26
34 9
34 40
34 60
34 69
34 99
35 27
35 5
35 0
35 43
35 46
35 54
35 65
35 92
35 94
36 32
36 4
36 30
36 63
37 4
37 0
37 14
37 54
37 56
37 61
37 63
37 68
37 85
38 25
38 15
38 17
38 82
39 16
39 20
39 29
39 55
39 71
39 76
39 88
39 93
40 3
40 34
40 26
41 4
41 16
41 6
41 92
42 7
42 8
42 6
43 2
43 35
43 22
44 27
44 4
44 32
44 50
44 53
44 64
45 20
45 19
45 8
45 54
45 76
46 32
46 13
46 35
46 69
47 27
47 0
47 3
47 56
47 69
47 83
47 95
48 26
48 4
48 2
48 68
48 87
48 89
48 97
49 14
49 17
49 3
49 80
49 82
49 85
49 93
50 27
50 16
50 44
50 55
50 87
51 1
51 12
51 26
52 33
52 8
52 13
52 92
53 25
53 44
53 5
53 57
53 60
53 95
53 96
54 45
54 37
54 35
54 78
55 50
55 39
55 0
56 9
56 37
56 47
56 78
57 2
57 10
57 53
57 70
58 4
58 17
58 1
58 74
58 90
59 0
59 9
59 2
59 75
59 79
60 53
60 29
60 34
60 62
60 96
61 21
61 12
61 37
61 67
61 99
62 9
62 60
62 19
62 71
63 21
63 37
63 36
63 84
64 44
64 4
64 6
65 35
65 14
65 1
66 7
66 15
66 19
67 5
67 14
67 61
67 89
68 8
68 48
68 37
68 97
69 47
69 46
69 34
69 77
69 99
70 8
70 20
70 57
70 83
71 62
71 39
71 14
71 81
72 24
72 0
72 22
72 73
72 88
73 72
73 25
73 15
73 91
74 1
74 58
74 21
75 18
75 59
75 16
76 8
76 45
76 39
76 82
77 2
77 69
77 18
78 32
78 54
78 56
79 25
79 8
79 59
80 30
80 49
80 5
81 9
81 71
81 6
82 76
82 49
82 38
83 5
83 47
83 70
84 4
84 63
84 8
85 49
85 37
85 21
86 10
86 3
86 24
86 88
87 48
87 50
87 4
88 86
88 72
88 39
88 90
89 4
89 48
89 67
90 18
90 58
90 88
91 16
91 73
91 32
92 52
92 35
92 41
93 49
93 39
93 3
94 2
94 4
94 35
95 53
95 22
95 47
96 53
96 60
96 28
97 68
97 15
97 48
98 0
98 28
98 15
99 34
99 61
99 69
