0 1
1 0
2 0
2 1
3 1
3 0
3 2
4 2
4 1
4 0
5 1
5 0
5 2
6 0
6 1
6 2
7 1
7 2
7 0
8 4
8 0
8 1
9 2
9 1
9 0
10 0
10 2
10 9
11 3
11 7
11 10
12 1
12 6
12 0
13 2
13 1
13 3
14 0
14 2
14 1
15 2
15 8
15 1
16 7
16 13
16 4
17 3
17 10
17 4
18 1
18 5
18 0
19 3
19 9
19 16
20 10
20 0
20 19
21 8
21 4
21 1
22 19
22 20
22 3
23 14
23 2
23 4
24 16
24 3
24 21
25 9
25 8
25 11
26 1
26 9
26 0
27 10
27 1
27 11
28 1
28 0
28 8
29 0
29 19
29 10
30 14
30 0
30 13
31 28
31 2
31 25
32 3
32 31
32 10
33 7
33 10
33 3
34 11
34 12
34 1
35 22
35 28
35 10
36 13
36 17
36 21
37 6
37 27
37 0
38 2
38 7
38 10
39 21
39 35
39 18
40 13
40 1
40 22
41 14
41 24
41 0
42 18
42 32
42 24
43 9
43 42
43 11
44 0
44 17
44 3
45 12
45 1
45 21
46 0
46 16
46 41
47 34
47 4
47 0
48 5
48 35
48 19
49 16
49 34
49 7
50 2
50 28
50 24
51 10
51 1
51 45
52 7
52 49
52 30
53 46
53 0
53 7
54 24
54 30
54 49
55 28
55 3
55 46
56 4
56 18
56 46
57 1
57 22
57 11
58 49
58 0
58 25
59 30
59 2
59 25
60 48
60 5
60 53
61 3
61 11
61 20
62 6
62 14
62 27
63 4
63 25
63 34
64 28
64 1
64 26
65 13
65 44
65 2
66 62
66 22
66 59
67 24
67 31
67 10
68 53
68 2
68 45
69 20
69 1
69 10
70 25
70 9
70 6
71 6
71 2
71 1
72 4
72 32
72 5
73 45
73 3
73 41
74 57
74 39
74 71
75 74
75 10
75 45
76 1
76 69
76 52
77 1
77 65
77 31
78 1
78 74
78 0
79 8
79 3
79 6
80 45
80 76
80 14
81 42
81 3
81 24
82 39
82 37
82 0
83 44
83 0
83 14
84 23
84 22
84 71
85 3
85 1
85 38
86 21
86 42
86 1
87 44
87 24
87 3
88 21
88 81
88 44
89 2
89 11
89 10
90 41
90 14
90 7
91 32
91 45
91 46
92 24
92 15
92 36
93 30
93 17
93 43
94 69
94 43
94 26
95 0
95 57
95 18
96 70
96 52
96 54
97 4
97 70
97 24
98 11
98 84
98 0
99 94
99 20
99 9
100 53
100 36
100 73
101 7
101 2
101 21
102 83
102 1
102 7
103 7
103 94
103 68
104 6
104 102
104 26
105 0
105 18
105 27
106 83
106 8
106 21
107 11
107 5
107 25
108 99
108 52
108 7
109 24
109 20
109 105
110 96
110 3
110 54
111 90
111 93
111 1
112 0
112 7
112 21
113 26
113 74
113 111
114 7
114 69
114 87
115 10
115 17
115 3
116 10
116 25
116 35
117 7
117 42
117 11
118 72
118 3
118 12
119 45
119 78
119 25
120 19
120 16
120 83
121 49
121 48
121 45
122 57
122 16
122 22
123 99
123 10
123 14
124 36
124 55
124 7
125 124
125 84
125 85
126 86
126 0
126 76
127 33
127 46
127 44
128 89
128 98
128 2
129 69
129 25
129 50
130 13
130 75
130 93
131 64
131 71
131 57
132 62
132 46
132 29
133 106
133 55
133 132
134 58
134 132
134 11
135 95
135 76
135 8
136 10
136 46
136 0
137 57
137 6
137 55
138 13
138 64
138 46
139 81
139 10
139 16
140 8
140 55
140 69
141 65
141 61
141 14
142 82
142 70
142 1
143 119
143 123
143 63
144 7
144 73
144 25
145 61
145 14
145 57
146 65
146 109
146 41
147 141
147 54
147 142
148 110
148 57
148 17
149 49
149 10
149 2
150 94
150 71
150 2
151 1
151 150
151 34
152 0
152 26
152 24
153 48
153 28
153 13
154 80
154 115
154 7
155 105
155 110
155 99
156 104
156 6
156 95
157 134
157 72
157 59
158 59
158 47
158 30
159 48
159 12
159 0
160 3
160 8
160 109
161 105
161 25
161 47
162 13
162 22
162 0
163 21
163 49
163 2
164 8
164 97
164 122
165 70
165 81
165 12
166 98
166 2
166 89
167 7
167 1
167 68
168 6
168 121
168 117
169 25
169 38
169 1
170 4
170 64
170 25
171 157
171 48
171 99
172 51
172 116
172 2
173 125
173 42
173 98
174 137
174 28
174 167
175 0
175 172
175 7
176 39
176 142
176 63
177 64
177 110
177 48
178 141
178 148
178 7
179 44
179 49
179 63
180 48
180 124
180 25
181 59
181 25
181 1
182 129
182 2
182 7
183 8
183 167
183 19
184 1
184 89
184 76
185 12
185 43
185 7
186 142
186 10
186 65
187 28
187 22
187 12
188 30
188 2
188 4
189 48
189 168
189 10
190 4
190 142
190 126
191 8
191 105
191 12
192 116
192 133
192 9
193 85
193 0
193 123
194 16
194 80
194 0
195 119
195 56
195 75
196 7
196 143
196 171
197 42
197 2
197 0
198 111
198 33
198 71
199 46
199 89
199 51
200 17
200 65
200 71
201 63
201 10
201 16
202 2
202 40
202 10
203 185
203 6
203 186
204 141
204 46
204 105
205 42
205 3
205 8
206 86
206 2
206 8
207 80
207 95
207 20
208 81
208 116
208 8
209 143
209 42
209 25
210 132
210 11
210 62
211 44
211 168
211 86
212 7
212 6
212 14
213 10
213 110
213 169
214 1
214 2
214 7
215 75
215 123
215 70
216 16
216 48
216 185
217 31
217 81
217 89
218 127
218 207
218 62
219 48
219 40
219 25
220 49
220 17
220 214
221 1
221 25
221 28
222 168
222 113
222 51
223 214
223 135
223 155
224 24
224 135
224 145
225 12
225 31
225 0
226 222
226 25
226 138
227 6
227 22
227 127
228 7
228 214
228 45
229 2
229 126
229 1
230 90
230 121
230 218
231 45
231 2
231 31
232 34
232 59
232 74
233 132
233 0
233 13
234 1
234 75
234 59
235 95
235 123
235 69
236 211
236 97
236 51
237 43
237 123
237 6
238 2
238 71
238 27
239 46
239 51
239 5
240 198
240 2
240 51
241 46
241 150
241 45
242 81
242 5
242 37
243 165
243 76
243 163
244 39
244 134
244 25
245 185
245 26
245 200
246 29
246 209
246 10
247 210
247 13
247 8
248 19
248 179
248 28
249 204
249 13
249 115
250 98
250 1
250 2
251 10
251 129
251 1
252 19
252 148
252 26
253 230
253 125
253 28
254 28
254 181
254 42
255 18
255 14
255 44
256 81
256 51
256 167
257 116
257 59
257 239
258 1
258 186
258 50
259 35
259 47
259 11
260 1
260 20
260 46
261 141
261 184
261 126
262 186
262 7
262 199
263 171
263 59
263 215
264 3
264 244
264 12
265 115
265 96
265 42
266 48
266 170
266 2
267 24
267 90
267 1
268 171
268 65
268 4
269 4
269 80
269 255
270 10
270 108
270 18
271 2
271 0
271 1
272 78
272 48
272 150
273 16
273 2
273 148
274 218
274 28
274 258
275 250
275 155
275 97
276 176
276 117
276 25
277 59
277 71
277 26
278 26
278 92
278 108
279 160
279 166
279 98
280 6
280 7
280 46
281 167
281 230
281 184
282 35
282 101
282 137
283 94
283 150
283 49
284 213
284 241
284 250
285 269
285 61
285 127
286 91
286 49
286 167
287 124
287 14
287 91
288 258
288 35
288 2
289 18
289 134
289 76
290 209
290 24
290 2
291 13
291 167
291 267
292 139
292 10
292 26
293 63
293 62
293 28
294 1
294 276
294 275
295 69
295 25
295 10
296 26
296 12
296 249
297 64
297 115
297 1
298 1
298 150
298 76
299 19
299 7
299 31
300 28
300 27
300 123
301 137
301 7
301 14
302 44
302 5
302 2
303 186
303 190
303 75
304 59
304 1
304 89
305 141
305 10
305 273
306 73
306 2
306 290
307 225
307 73
307 23
308 207
308 7
308 147
309 5
309 2
309 141
310 305
310 10
310 197
311 251
311 275
311 81
312 287
312 15
312 176
313 10
313 1
313 0
314 83
314 140
314 10
315 206
315 179
315 158
316 63
316 205
316 71
317 71
317 22
317 264
318 250
318 8
318 138
319 5
319 294
319 160
320 1
320 107
320 111
321 83
321 32
321 107
322 48
322 222
322 5
323 39
323 317
323 7
324 128
324 254
324 105
325 55
325 99
325 3
326 8
326 34
326 39
327 193
327 32
327 236
328 69
328 16
328 0
329 127
329 11
329 278
330 219
330 63
330 44
331 1
331 53
331 2
332 79
332 182
332 23
333 82
333 7
333 175
334 272
334 209
334 92
335 253
335 157
335 81
336 62
336 0
336 169
337 157
337 117
337 13
338 32
338 117
338 191
339 94
339 160
339 204
340 170
340 6
340 1
341 0
341 267
341 109
342 132
342 85
342 173
343 322
343 60
343 57
344 59
344 55
344 71
345 7
345 107
345 86
346 140
346 10
346 321
347 10
347 329
347 65
348 327
348 10
348 64
349 255
349 223
349 257
350 299
350 89
350 176
351 47
351 171
351 113
352 1
352 141
352 348
353 319
353 155
353 53
354 218
354 238
354 84
355 81
355 28
355 129
356 276
356 338
356 12
357 18
357 127
357 48
358 81
358 252
358 173
359 197
359 63
359 57
360 350
360 228
360 28
361 78
361 234
361 105
362 3
362 25
362 218
363 198
363 128
363 145
364 12
364 269
364 218
365 151
365 241
365 269
366 2
366 142
366 93
367 277
367 107
367 0
368 249
368 46
368 1
369 24
369 208
369 183
370 30
370 135
370 157
371 338
371 27
371 7
372 19
372 80
372 125
373 157
373 81
373 35
374 157
374 36
374 1
375 169
375 127
375 71
376 322
376 347
376 253
377 12
377 39
377 64
378 49
378 13
378 122
379 186
379 326
379 52
380 13
380 0
380 160
381 22
381 21
381 83
382 187
382 231
382 123
383 266
383 301
383 3
384 238
384 234
384 268
385 95
385 361
385 96
386 33
386 7
386 148
387 21
387 248
387 48
388 7
388 19
388 10
389 10
389 64
389 114
390 33
390 107
390 277
391 134
391 0
391 2
392 209
392 28
392 7
393 27
393 222
393 48
394 0
394 214
394 306
395 247
395 127
395 391
396 323
396 119
396 19
397 183
397 109
397 43
398 343
398 3
398 2
399 333
399 74
399 134
400 7
400 108
400 8
401 333
401 42
401 0
402 59
402 204
402 26
403 83
403 7
403 89
404 1
404 112
404 264
405 81
405 111
405 131
406 258
406 213
406 210
407 136
407 176
407 317
408 30
408 253
408 387
409 47
409 319
409 59
410 188
410 16
410 19
411 2
411 340
411 3
412 169
412 84
412 314
413 86
413 329
413 258
414 71
414 123
414 122
415 186
415 54
415 404
416 1
416 414
416 7
417 52
417 271
417 69
418 218
418 111
418 276
419 27
419 400
419 48
420 19
420 414
420 250
421 411
421 85
421 21
422 305
422 189
422 348
423 11
423 392
423 30
424 185
424 174
424 26
425 78
425 7
425 5
426 7
426 313
426 45
427 59
427 323
427 334
428 60
428 93
428 120
429 24
429 81
429 25
430 91
430 2
430 15
431 72
431 123
431 403
432 150
432 1
432 157
433 339
433 28
433 99
434 215
434 2
434 285
435 251
435 141
435 104
436 2
436 141
436 166
437 130
437 304
437 391
438 17
438 85
438 176
439 420
439 424
439 94
440 19
440 0
440 117
441 10
441 82
441 273
442 160
442 46
442 243
443 10
443 418
443 25
444 178
444 163
444 9
445 123
445 2
445 1
446 63
446 343
446 188
447 169
447 417
447 357
448 218
448 157
448 32
449 434
449 213
449 121
450 238
450 441
450 343
451 70
451 93
451 3
452 97
452 48
452 83
453 32
453 148
453 59
454 220
454 76
454 2
455 101
455 375
455 12
456 1
456 2
456 42
457 255
457 339
457 353
458 47
458 18
458 85
459 57
459 207
459 0
460 293
460 63
460 133
461 173
461 64
461 68
462 361
462 409
462 121
463 253
463 379
463 299
464 191
464 444
464 124
465 279
465 191
465 222
466 299
466 60
466 1
467 16
467 280
467 376
468 1
468 65
468 418
469 119
469 46
469 138
470 335
470 316
470 203
471 303
471 417
471 32
472 128
472 446
472 90
473 471
473 0
473 118
474 188
474 314
474 210
475 101
475 353
475 83
476 423
476 209
476 183
477 8
477 2
477 132
478 64
478 469
478 16
479 163
479 76
479 230
480 431
480 70
480 291
481 89
481 426
481 4
482 335
482 127
482 1
483 46
483 225
483 141
484 207
484 1
484 32
485 429
485 66
485 43
486 204
486 211
486 335
487 234
487 441
487 184
488 1
488 115
488 52
489 214
489 276
489 287
490 9
490 2
490 150
491 412
491 327
491 187
492 150
492 192
492 181
493 248
493 64
493 339
494 32
494 56
494 489
495 2
495 21
495 33
496 1
496 24
496 375
497 480
497 192
497 38
498 0
498 476
498 328
499 70
499 14
499 49
