0 1
0 2
0 3
0 4
0 7
0 9
0 11
0 16
1 0
1 2
1 3
1 4
1 5
1 6
1 8
1 13
1 14
1 16
2 0
2 1
2 3
2 4
2 5
2 6
2 8
3 0
3 2
3 1
3 7
3 8
3 9
3 10
3 13
3 14
4 2
4 0
4 1
4 5
4 6
4 10
4 11
4 12
4 18
5 2
5 4
5 1
5 7
5 11
5 13
5 15
6 1
6 2
6 4
6 9
6 10
6 17
6 18
7 0
7 5
7 3
7 17
7 19
8 1
8 2
8 3
8 12
8 17
9 6
9 3
9 0
9 15
10 4
10 6
10 3
10 12
10 14
10 15
10 16
11 0
11 5
11 4
11 19
12 8
12 4
12 10
13 5
13 3
13 1
13 18
14 1
14 3
14 10
15 9
15 5
15 10
16 10
16 1
16 0
17 8
17 6
17 7
18 13
18 6
18 4
18 19
19 18
19 7
19 11
