0 1
1 0
2 0
2 1
3 1
3 2
3 0
4 3
4 1
4 2
5 1
5 2
5 0
6 3
6 5
6 0
7 1
7 0
7 5
8 2
8 0
8 5
9 0
9 1
9 5
10 9
10 4
10 0
11 9
11 1
11 2
12 9
12 5
12 2
13 10
13 4
13 9
14 5
14 2
14 3
15 2
15 5
15 10
16 12
16 6
16 9
17 9
17 12
17 5
18 0
18 15
18 13
19 9
19 18
19 0
20 12
20 3
20 8
21 0
21 3
21 2
22 5
22 8
22 17
23 5
23 17
23 9
24 5
24 4
24 12
25 21
25 1
25 8
26 25
26 2
26 1
27 3
27 9
27 18
28 0
28 3
28 20
29 21
29 26
29 1
30 4
30 2
30 3
31 1
31 13
31 29
32 1
32 0
32 7
33 23
33 8
33 0
34 31
34 1
34 4
35 27
35 0
35 26
36 30
36 33
36 5
37 13
37 20
37 2
38 23
38 13
38 1
39 2
39 23
39 5
40 12
40 25
40 15
41 28
41 5
41 3
42 0
42 29
42 2
43 2
43 7
43 15
44 13
44 21
44 25
45 8
45 42
45 1
46 24
46 5
46 42
47 15
47 2
47 36
48 24
48 0
48 5
49 14
49 15
49 12
50 22
50 35
50 20
51 0
51 47
51 3
52 43
52 1
52 26
53 29
53 33
53 1
54 0
54 7
54 9
55 9
55 2
55 20
56 0
56 2
56 9
57 28
57 15
57 48
58 1
58 10
58 38
59 29
59 0
59 13
60 42
60 59
60 27
61 2
61 26
61 44
62 56
62 5
62 31
63 5
63 3
63 62
64 0
64 37
64 42
65 21
65 11
65 0
66 15
66 1
66 10
67 9
67 3
67 25
68 16
68 5
68 40
69 5
69 42
69 0
70 9
70 36
70 3
71 24
71 57
71 6
72 68
72 38
72 1
73 47
73 0
73 4
74 8
74 1
74 10
75 47
75 1
75 36
76 0
76 9
76 6
77 2
77 5
77 49
78 21
78 0
78 5
79 43
79 18
79 51
80 13
80 24
80 0
81 3
81 13
81 54
82 16
82 24
82 4
83 47
83 81
83 0
84 26
84 52
84 73
85 2
85 38
85 23
86 44
86 45
86 2
87 15
87 86
87 23
88 9
88 36
88 2
89 40
89 33
89 9
90 65
90 1
90 52
91 23
91 12
91 39
92 29
92 74
92 82
93 21
93 9
93 15
94 74
94 48
94 2
95 4
95 42
95 5
96 20
96 0
96 12
97 0
97 1
97 66
98 21
98 4
98 60
99 35
99 13
99 3
