0 1
0 2
0 3
1 0
1 2
1 3
2 0
2 1
2 3
3 0
3 1
3 2
4 0
4 1
4 3
5 0
5 3
5 2
6 2
6 0
6 1
7 2
7 4
7 0
8 4
8 3
8 7
9 3
9 8
9 1
10 1
10 7
10 8
11 1
11 5
11 3
12 4
12 8
12 0
13 2
13 10
13 0
14 10
14 9
14 2
15 8
15 13
15 1
16 1
16 3
16 0
17 10
17 0
17 3
18 5
18 2
18 0
19 13
19 12
19 8
20 0
20 2
20 13
21 11
21 3
21 13
22 1
22 11
22 3
23 22
23 4
23 2
24 1
24 15
24 8
25 0
25 21
25 15
26 8
26 16
26 10
27 5
27 0
27 1
28 1
28 22
28 26
29 16
29 12
29 7
30 7
30 27
30 2
31 25
31 3
31 29
32 7
32 0
32 17
33 1
33 27
33 28
34 17
34 29
34 21
35 9
35 28
35 10
36 9
36 8
36 11
37 2
37 32
37 0
38 30
38 3
38 11
39 3
39 13
39 29
40 19
40 0
40 1
41 14
41 38
41 8
42 31
42 1
42 15
43 14
43 16
43 18
44 2
44 16
44 25
45 6
45 22
45 4
46 4
46 12
46 7
47 14
47 28
47 3
48 16
48 23
48 19
49 9
49 14
49 4
50 48
50 0
50 19
51 1
51 10
51 5
52 2
52 12
52 25
53 3
53 6
53 7
54 29
54 50
54 51
55 8
55 28
55 0
56 3
56 31
56 0
57 2
57 25
57 1
58 51
58 18
58 16
59 29
59 1
59 16
60 3
60 10
60 26
61 3
61 13
61 11
62 4
62 58
62 9
63 3
63 10
63 6
64 1
64 47
64 8
65 61
65 54
65 2
66 31
66 21
66 34
67 36
67 44
67 2
68 1
68 29
68 33
69 39
69 58
69 35
70 1
70 53
70 7
71 63
71 52
71 13
72 51
72 3
72 20
73 12
73 55
73 41
74 54
74 48
74 53
75 3
75 63
75 17
76 2
76 16
76 65
77 34
77 54
77 76
78 1
78 36
78 2
79 35
79 67
79 1
80 30
80 0
80 68
81 69
81 28
81 78
82 71
82 13
82 15
83 74
83 66
83 3
84 31
84 13
84 3
85 16
85 46
85 35
86 51
86 48
86 23
87 56
87 36
87 19
88 51
88 54
88 44
89 7
89 50
89 64
90 52
90 1
90 2
91 16
91 2
91 46
92 3
92 0
92 37
93 44
93 19
93 69
94 36
94 31
94 19
95 34
95 56
95 19
96 40
96 3
96 90
97 12
97 14
97 21
98 76
98 47
98 23
99 33
99 71
99 52
100 99
100 6
100 12
101 0
101 48
101 8
102 41
102 17
102 5
103 69
103 43
103 1
104 54
104 18
104 93
105 90
105 51
105 48
106 3
106 59
106 48
107 21
107 17
107 80
108 92
108 10
108 23
109 16
109 12
109 34
110 105
110 31
110 21
111 1
111 64
111 22
112 29
112 44
112 13
113 100
113 15
113 5
114 14
114 51
114 102
115 8
115 72
115 3
116 42
116 1
116 21
117 46
117 98
117 10
118 4
118 25
118 108
119 78
119 10
119 51
120 0
120 1
120 32
121 13
121 6
121 3
122 10
122 47
122 23
123 83
123 74
123 62
124 121
124 3
124 36
125 37
125 29
125 116
126 44
126 1
126 14
127 0
127 45
127 44
128 0
128 3
128 36
129 29
129 79
129 9
130 1
130 93
130 31
131 41
131 25
131 63
132 131
132 12
132 87
133 79
133 5
133 14
134 36
134 103
134 101
135 1
135 3
135 76
136 3
136 71
136 70
137 0
137 135
137 14
138 66
138 18
138 0
139 1
139 6
139 35
140 51
140 10
140 46
141 65
141 6
141 2
142 2
142 4
142 36
143 3
143 51
143 66
144 14
144 28
144 43
145 19
145 2
145 1
146 6
146 59
146 78
147 77
147 130
147 3
148 135
148 109
148 54
149 50
149 36
149 8
150 60
150 69
150 23
151 111
151 140
151 51
152 74
152 0
152 15
153 51
153 11
153 145
154 32
154 1
154 13
155 11
155 131
155 28
156 84
156 2
156 35
157 34
157 69
157 92
158 18
158 14
158 102
159 34
159 142
159 105
160 29
160 0
160 8
161 2
161 5
161 34
162 10
162 3
162 8
163 142
163 145
163 25
164 56
164 122
164 102
165 107
165 49
165 13
166 61
166 5
166 1
167 5
167 21
167 110
168 75
168 71
168 0
169 115
169 14
169 65
170 158
170 145
170 3
171 54
171 14
171 63
172 41
172 66
172 93
173 129
173 154
173 22
174 87
174 173
174 115
175 153
175 0
175 10
176 15
176 111
176 51
177 1
177 158
177 5
178 6
178 14
178 68
179 60
179 76
179 145
180 45
180 30
180 7
181 88
181 156
181 41
182 71
182 154
182 1
183 154
183 143
183 119
184 72
184 89
184 6
185 27
185 30
185 68
186 90
186 28
186 2
187 18
187 175
187 11
188 21
188 100
188 58
189 80
189 54
189 52
190 10
190 187
190 156
191 76
191 12
191 2
192 66
192 36
192 13
193 38
193 39
193 148
194 164
194 69
194 154
195 2
195 78
195 84
196 111
196 154
196 104
197 8
197 110
197 19
198 82
198 57
198 31
199 16
199 198
199 76
200 105
200 76
200 13
201 22
201 16
201 0
202 51
202 29
202 1
203 41
203 140
203 62
204 4
204 5
204 2
205 3
205 1
205 13
206 96
206 18
206 34
207 32
207 64
207 14
208 44
208 11
208 3
209 26
209 136
209 27
210 192
210 8
210 104
211 4
211 1
211 19
212 38
212 204
212 7
213 145
213 91
213 104
214 31
214 121
214 127
215 0
215 76
215 12
216 52
216 15
216 58
217 8
217 173
217 23
218 23
218 80
218 65
219 31
219 199
219 35
220 152
220 174
220 212
221 132
221 216
221 108
222 27
222 55
222 51
223 68
223 14
223 218
224 154
224 174
224 3
225 121
225 196
225 48
226 185
226 48
226 181
227 100
227 2
227 127
228 32
228 18
228 23
229 112
229 0
229 29
230 28
230 180
230 27
231 185
231 36
231 63
232 100
232 44
232 5
233 69
233 67
233 126
234 4
234 215
234 135
235 103
235 174
235 118
236 0
236 20
236 19
237 2
237 0
237 3
238 19
238 75
238 86
239 83
239 77
239 60
240 54
240 239
240 10
241 153
241 29
241 13
242 209
242 17
242 79
243 5
243 0
243 33
244 98
244 70
244 157
245 51
245 63
245 212
246 2
246 198
246 41
247 167
247 245
247 13
248 8
248 243
248 22
249 184
249 21
249 51
250 8
250 1
250 106
251 21
251 218
251 200
252 1
252 3
252 186
253 32
253 170
253 77
254 12
254 0
254 53
255 212
255 52
255 186
256 228
256 123
256 0
257 149
257 33
257 251
258 40
258 52
258 71
259 13
259 60
259 56
260 33
260 71
260 218
261 243
261 38
261 100
262 1
262 242
262 36
263 99
263 48
263 190
264 127
264 42
264 125
265 82
265 164
265 197
266 26
266 46
266 11
267 220
267 103
267 252
268 241
268 187
268 74
269 166
269 193
269 79
270 160
270 163
270 6
271 72
271 3
271 108
272 34
272 186
272 5
273 24
273 55
273 237
274 212
274 48
274 144
275 76
275 15
275 183
276 81
276 134
276 103
277 147
277 97
277 2
278 173
278 145
278 0
279 105
279 76
279 16
280 193
280 51
280 66
281 169
281 241
281 74
282 181
282 78
282 199
283 11
283 5
283 9
284 167
284 88
284 63
285 78
285 281
285 76
286 3
286 281
286 64
287 65
287 36
287 106
288 192
288 264
288 71
289 90
289 89
289 125
290 99
290 16
290 1
291 7
291 78
291 6
292 235
292 41
292 255
293 195
293 270
293 123
294 136
294 98
294 15
295 61
295 261
295 32
296 180
296 194
296 106
297 174
297 209
297 119
298 126
298 145
298 44
299 211
299 24
299 72
300 267
300 57
300 55
301 2
301 19
301 222
302 1
302 284
302 211
303 231
303 8
303 14
304 142
304 230
304 0
305 6
305 136
305 189
306 44
306 115
306 31
307 112
307 51
307 188
308 44
308 234
308 202
309 159
309 76
309 1
310 199
310 127
310 47
311 21
311 154
311 273
312 3
312 195
312 28
313 63
313 216
313 110
314 9
314 51
314 2
315 279
315 5
315 197
316 287
316 1
316 159
317 298
317 1
317 250
318 41
318 266
318 310
319 79
319 13
319 78
320 17
320 140
320 16
321 12
321 3
321 186
322 25
322 8
322 64
323 304
323 158
323 1
324 36
324 88
324 218
325 61
325 64
325 197
326 156
326 302
326 277
327 144
327 243
327 199
328 2
328 306
328 193
329 150
329 36
329 174
330 255
330 285
330 11
331 9
331 25
331 13
332 54
332 66
332 23
333 218
333 13
333 78
334 202
334 129
334 250
335 325
335 15
335 193
336 98
336 14
336 39
337 21
337 104
337 3
338 83
338 92
338 12
339 34
339 286
339 8
340 313
340 33
340 56
341 306
341 335
341 102
342 33
342 340
342 43
343 319
343 280
343 90
344 111
344 159
344 167
345 36
345 54
345 186
346 66
346 7
346 136
347 103
347 31
347 1
348 31
348 15
348 6
349 76
349 233
349 102
350 121
350 287
350 145
351 29
351 264
351 1
352 19
352 311
352 121
353 135
353 108
353 8
354 60
354 98
354 280
355 35
355 74
355 171
356 308
356 216
356 11
357 84
357 15
357 324
358 59
358 109
358 47
359 193
359 6
359 1
360 2
360 3
360 185
361 339
361 48
361 7
362 167
362 274
362 22
363 179
363 2
363 5
364 215
364 181
364 61
365 335
365 237
365 13
366 197
366 143
366 10
367 318
367 8
367 223
368 194
368 2
368 0
369 66
369 16
369 327
370 3
370 356
370 319
371 51
371 222
371 14
372 62
372 12
372 337
373 120
373 1
373 3
374 3
374 174
374 125
375 28
375 15
375 31
376 209
376 16
376 214
377 19
377 270
377 157
378 239
378 212
378 61
379 13
379 27
379 289
380 333
380 41
380 362
381 0
381 54
381 19
382 0
382 207
382 8
383 362
383 0
383 174
384 185
384 14
384 1
385 1
385 19
385 36
386 80
386 265
386 97
387 102
387 321
387 19
388 50
388 1
388 376
389 260
389 78
389 3
390 66
390 3
390 141
391 5
391 183
391 302
392 13
392 48
392 386
393 2
393 99
393 330
394 86
394 254
394 47
395 197
395 145
395 3
396 219
396 392
396 71
397 61
397 291
397 0
398 24
398 115
398 322
399 29
399 170
399 122
400 314
400 279
400 261
401 28
401 3
401 41
402 34
402 159
402 348
403 336
403 152
403 13
404 1
404 50
404 18
405 143
405 220
405 6
406 13
406 1
406 228
407 165
407 194
407 154
408 5
408 78
408 207
409 184
409 102
409 22
410 273
410 174
410 376
411 8
411 129
411 12
412 12
412 131
412 384
413 383
413 394
413 193
414 252
414 199
414 8
415 166
415 18
415 349
416 46
416 14
416 327
417 174
417 51
417 78
418 151
418 398
418 298
419 8
419 250
419 183
420 348
420 31
420 199
421 16
421 241
421 37
422 70
422 151
422 411
423 15
423 3
423 288
424 44
424 108
424 332
425 174
425 33
425 312
426 131
426 78
426 296
427 220
427 8
427 217
428 25
428 3
428 168
429 245
429 92
429 143
430 35
430 274
430 410
431 325
431 221
431 104
432 68
432 14
432 6
433 408
433 215
433 21
434 304
434 364
434 307
435 87
435 4
435 347
436 239
436 10
436 220
437 5
437 227
437 132
438 1
438 8
438 64
439 113
439 250
439 109
440 44
440 385
440 1
441 366
441 16
441 41
442 14
442 346
442 189
443 35
443 383
443 2
444 35
444 298
444 51
445 34
445 4
445 115
446 3
446 170
446 5
447 284
447 243
447 108
448 125
448 366
448 234
449 151
449 41
449 8
450 349
450 410
450 29
451 175
451 55
451 73
452 371
452 36
452 74
453 103
453 369
453 15
454 107
454 330
454 373
455 13
455 421
455 438
456 2
456 7
456 98
457 46
457 51
457 3
458 110
458 27
458 0
459 201
459 195
459 39
460 54
460 3
460 289
461 16
461 103
461 58
462 283
462 66
462 458
463 232
463 51
463 61
464 243
464 28
464 126
465 66
465 394
465 114
466 27
466 330
466 8
467 110
467 423
467 432
468 151
468 341
468 8
469 399
469 22
469 250
470 71
470 13
470 181
471 48
471 10
471 446
472 92
472 394
472 384
473 302
473 281
473 153
474 156
474 12
474 402
475 59
475 31
475 7
476 1
476 296
476 401
477 186
477 10
477 200
478 47
478 5
478 2
479 125
479 86
479 136
480 79
480 269
480 316
481 111
481 110
481 25
482 10
482 13
482 76
483 341
483 44
483 273
484 304
484 57
484 127
485 369
485 363
485 2
486 174
486 107
486 317
487 88
487 68
487 3
488 285
488 21
488 133
489 116
489 279
489 10
490 119
490 151
490 23
491 215
491 319
491 64
492 193
492 222
492 21
493 20
493 403
493 14
494 377
494 154
494 52
495 0
495 124
495 340
496 305
496 441
496 23
497 312
497 134
497 8
498 154
498 10
498 1
499 136
499 14
499 59
500 360
500 100
500 420
501 32
501 4
501 215
502 126
502 73
502 1
503 33
503 169
503 464
504 254
504 179
504 277
505 8
505 336
505 6
506 51
506 257
506 50
507 8
507 5
507 151
508 29
508 245
508 443
509 44
509 29
509 11
510 19
510 355
510 254
511 12
511 159
511 401
512 34
512 382
512 340
513 500
513 507
513 192
514 31
514 44
514 303
515 1
515 219
515 304
516 39
516 302
516 105
517 76
517 8
517 1
518 464
518 63
518 289
519 98
519 341
519 2
520 195
520 40
520 1
521 48
521 0
521 225
522 162
522 99
522 6
523 8
523 468
523 427
524 118
524 179
524 98
525 24
525 133
525 349
526 347
526 185
526 95
527 4
527 19
527 51
528 53
528 524
528 172
529 35
529 431
529 296
530 21
530 507
530 72
531 2
531 176
531 60
532 108
532 320
532 1
533 11
533 185
533 167
534 299
534 502
534 328
535 6
535 463
535 78
536 245
536 102
536 439
537 50
537 7
537 44
538 69
538 191
538 83
539 6
539 7
539 14
540 35
540 2
540 458
541 173
541 21
541 14
542 450
542 129
542 65
543 443
543 183
543 70
544 18
544 104
544 79
545 308
545 327
545 36
546 51
546 454
546 57
547 424
547 163
547 256
548 290
548 325
548 492
549 502
549 34
549 89
550 183
550 215
550 55
551 2
551 12
551 3
552 137
552 109
552 5
553 31
553 252
553 10
554 257
554 13
554 2
555 336
555 15
555 16
556 163
556 144
556 231
557 546
557 59
557 151
558 42
558 145
558 464
559 193
559 491
559 49
560 100
560 98
560 76
561 14
561 235
561 72
562 352
562 51
562 10
563 319
563 58
563 216
564 371
564 6
564 402
565 512
565 82
565 9
566 230
566 26
566 445
567 217
567 71
567 36
568 356
568 304
568 1
569 37
569 51
569 24
570 63
570 107
570 7
571 314
571 83
571 327
572 454
572 349
572 34
573 231
573 3
573 186
574 41
574 63
574 2
575 354
575 14
575 1
576 14
576 36
576 319
577 257
577 28
577 152
578 3
578 302
578 2
579 323
579 466
579 189
580 403
580 6
580 474
581 4
581 11
581 217
582 3
582 281
582 386
583 173
583 41
583 2
584 368
584 408
584 207
585 352
585 34
585 308
586 524
586 536
586 9
587 56
587 42
587 409
588 0
588 459
588 33
589 115
589 477
589 132
590 201
590 1
590 12
591 51
591 76
591 68
592 423
592 34
592 0
593 170
593 388
593 417
594 465
594 46
594 372
595 398
595 341
595 431
596 440
596 1
596 267
597 262
597 173
597 251
598 442
598 39
598 217
599 47
599 408
599 487
600 40
600 287
600 125
601 347
601 22
601 379
602 6
602 529
602 43
603 544
603 185
603 121
604 497
604 197
604 49
605 266
605 88
605 346
606 3
606 44
606 358
607 494
607 511
607 51
608 8
608 34
608 218
609 434
609 65
609 2
610 13
610 577
610 441
611 13
611 110
611 15
612 86
612 505
612 16
613 2
613 371
613 45
614 6
614 137
614 371
615 343
615 135
615 83
616 356
616 8
616 136
617 360
617 261
617 286
618 13
618 431
618 194
619 199
619 24
619 0
620 369
620 104
620 82
621 392
621 1
621 454
622 432
622 243
622 19
623 100
623 38
623 51
624 276
624 18
624 327
625 3
625 161
625 124
626 542
626 47
626 2
627 117
627 119
627 32
628 386
628 140
628 87
629 362
629 502
629 500
630 69
630 151
630 446
631 25
631 223
631 418
632 603
632 43
632 17
633 383
633 288
633 35
634 144
634 399
634 352
635 432
635 199
635 14
636 209
636 134
636 217
637 398
637 523
637 209
638 315
638 443
638 197
639 0
639 119
639 408
640 10
640 72
640 66
641 508
641 193
641 396
642 255
642 267
642 219
643 81
643 76
643 523
644 184
644 63
644 325
645 526
645 172
645 7
646 44
646 11
646 481
647 56
647 266
647 193
648 388
648 121
648 13
649 554
649 640
649 152
650 383
650 16
650 332
651 3
651 13
651 7
652 157
652 68
652 583
653 5
653 0
653 99
654 424
654 183
654 412
655 198
655 544
655 193
656 157
656 193
656 68
657 194
657 529
657 597
658 163
658 276
658 45
659 234
659 3
659 102
660 102
660 127
660 58
661 490
661 11
661 442
662 0
662 149
662 252
663 22
663 399
663 218
664 3
664 134
664 587
665 128
665 241
665 526
666 506
666 494
666 213
667 28
667 2
667 129
668 71
668 174
668 260
669 19
669 1
669 583
670 167
670 161
670 279
671 616
671 302
671 9
672 561
672 218
672 660
673 89
673 3
673 169
674 0
674 250
674 36
675 91
675 324
675 114
676 23
676 191
676 653
677 360
677 24
677 185
678 323
678 179
678 595
679 626
679 193
679 157
680 163
680 341
680 62
681 513
681 69
681 22
682 46
682 134
682 1
683 670
683 74
683 523
684 516
684 8
684 199
685 74
685 217
685 144
686 336
686 223
686 8
687 411
687 322
687 7
688 507
688 313
688 482
689 16
689 144
689 11
690 608
690 79
690 103
691 157
691 455
691 312
692 286
692 2
692 316
693 561
693 55
693 526
694 344
694 24
694 158
695 287
695 12
695 210
696 207
696 656
696 10
697 601
697 147
697 55
698 6
698 44
698 197
699 10
699 1
699 44
700 396
700 7
700 307
701 356
701 72
701 218
702 0
702 562
702 5
703 181
703 612
703 127
704 227
704 121
704 344
705 4
705 6
705 0
706 156
706 185
706 243
707 505
707 2
707 173
708 64
708 341
708 58
709 227
709 0
709 548
710 174
710 3
710 261
711 348
711 111
711 223
712 425
712 290
712 180
713 31
713 443
713 336
714 613
714 47
714 678
715 454
715 2
715 260
716 157
716 259
716 245
717 273
717 145
717 197
718 14
718 38
718 354
719 477
719 2
719 702
720 5
720 652
720 165
721 236
721 16
721 591
722 592
722 657
722 425
723 127
723 599
723 32
724 78
724 44
724 426
725 677
725 528
725 1
726 277
726 350
726 582
727 193
727 621
727 680
728 194
728 341
728 281
729 270
729 86
729 689
730 65
730 32
730 368
731 208
731 213
731 238
732 393
732 68
732 394
733 443
733 187
733 655
734 291
734 8
734 340
735 37
735 503
735 4
736 319
736 16
736 29
737 335
737 261
737 341
738 115
738 468
738 582
739 557
739 9
739 222
740 516
740 430
740 44
741 328
741 167
741 218
742 45
742 524
742 61
743 57
743 279
743 92
744 173
744 77
744 25
745 95
745 144
745 1
746 408
746 702
746 113
747 13
747 3
747 19
748 160
748 271
748 151
749 487
749 327
749 321
750 0
750 153
750 92
751 610
751 651
751 2
752 709
752 536
752 341
753 390
753 708
753 83
754 45
754 701
754 106
755 200
755 259
755 434
756 66
756 115
756 159
757 0
757 572
757 10
758 31
758 323
758 145
759 323
759 422
759 632
760 126
760 677
760 169
761 174
761 670
761 623
762 111
762 336
762 315
763 72
763 4
763 307
764 520
764 371
764 470
765 567
765 220
765 19
766 14
766 43
766 654
767 110
767 741
767 461
768 734
768 643
768 649
769 8
769 410
769 0
770 424
770 218
770 51
771 0
771 189
771 663
772 410
772 679
772 261
773 61
773 90
773 0
774 2
774 212
774 54
775 345
775 332
775 38
776 613
776 9
776 386
777 251
777 223
777 534
778 369
778 4
778 429
779 447
779 31
779 643
780 276
780 203
780 157
781 8
781 80
781 255
782 13
782 61
782 0
783 389
783 77
783 144
784 20
784 403
784 102
785 464
785 58
785 2
786 469
786 686
786 3
787 332
787 444
787 660
788 55
788 21
788 1
789 317
789 612
789 10
790 14
790 170
790 12
791 582
791 3
791 420
792 498
792 87
792 47
793 488
793 514
793 54
794 3
794 458
794 165
795 16
795 279
795 700
796 321
796 580
796 494
797 724
797 660
797 523
798 477
798 780
798 307
799 89
799 63
799 120
800 265
800 618
800 158
801 252
801 781
801 520
802 635
802 279
802 532
803 0
803 524
803 634
804 529
804 318
804 599
805 247
805 44
805 412
806 438
806 35
806 453
807 30
807 13
807 366
808 503
808 90
808 340
809 17
809 151
809 14
810 197
810 277
810 580
811 31
811 382
811 4
812 8
812 325
812 119
813 514
813 54
813 19
814 471
814 113
814 314
815 546
815 797
815 492
816 636
816 36
816 8
817 691
817 3
817 73
818 3
818 341
818 677
819 156
819 460
819 320
820 243
820 8
820 131
821 280
821 290
821 470
822 132
822 321
822 188
823 589
823 822
823 36
824 82
824 519
824 17
825 337
825 199
825 344
826 4
826 559
826 703
827 221
827 21
827 31
828 16
828 121
828 131
829 118
829 157
829 4
830 169
830 179
830 134
831 239
831 5
831 159
832 108
832 773
832 494
833 220
833 367
833 144
834 502
834 463
834 14
835 746
835 738
835 150
836 767
836 80
836 324
837 131
837 180
837 706
838 394
838 107
838 5
839 150
839 599
839 25
840 751
840 79
840 103
841 519
841 5
841 145
842 2
842 235
842 104
843 763
843 551
843 839
844 66
844 810
844 20
845 321
845 58
845 55
846 207
846 483
846 63
847 247
847 633
847 294
848 23
848 24
848 140
849 506
849 5
849 149
850 433
850 693
850 0
851 349
851 549
851 32
852 6
852 319
852 49
853 86
853 0
853 594
854 41
854 347
854 193
855 175
855 79
855 170
856 583
856 114
856 6
857 2
857 13
857 51
858 255
858 14
858 225
859 322
859 280
859 126
860 139
860 616
860 3
861 212
861 8
861 678
862 224
862 8
862 661
863 403
863 52
863 302
864 8
864 10
864 575
865 405
865 3
865 314
866 123
866 152
866 58
867 618
867 62
867 92
868 706
868 46
868 269
869 210
869 56
869 248
870 102
870 547
870 143
871 11
871 283
871 526
872 54
872 416
872 286
873 115
873 55
873 669
874 3
874 277
874 495
875 144
875 29
875 300
876 287
876 45
876 112
877 686
877 856
877 44
878 14
878 360
878 10
879 803
879 344
879 837
880 354
880 220
880 151
881 287
881 618
881 462
882 104
882 794
882 457
883 638
883 3
883 787
884 140
884 77
884 562
885 733
885 721
885 32
886 57
886 616
886 0
887 4
887 179
887 83
888 13
888 353
888 690
889 16
889 3
889 218
890 51
890 11
890 544
891 495
891 67
891 1
892 470
892 6
892 202
893 661
893 570
893 261
894 257
894 328
894 75
895 5
895 589
895 281
896 3
896 16
896 47
897 477
897 809
897 527
898 418
898 175
898 261
899 279
899 855
899 291
900 492
900 1
900 483
901 2
901 479
901 663
902 12
902 699
902 16
903 265
903 845
903 14
904 154
904 710
904 383
905 43
905 514
905 136
906 0
906 51
906 44
907 276
907 266
907 58
908 615
908 474
908 44
909 99
909 188
909 22
910 66
910 25
910 800
911 773
911 585
911 548
912 624
912 98
912 508
913 538
913 10
913 84
914 0
914 698
914 90
915 92
915 642
915 70
916 84
916 149
916 10
917 215
917 94
917 390
918 166
918 532
918 256
919 423
919 137
919 55
920 15
920 10
920 71
921 668
921 5
921 635
922 1
922 55
922 562
923 508
923 356
923 21
924 74
924 10
924 613
925 14
925 186
925 458
926 245
926 101
926 119
927 182
927 241
927 18
928 904
928 822
928 499
929 139
929 79
929 325
930 448
930 10
930 185
931 5
931 830
931 737
932 242
932 207
932 580
933 775
933 134
933 79
934 23
934 636
934 551
935 257
935 872
935 281
936 652
936 16
936 677
937 2
937 140
937 54
938 93
938 6
938 12
939 167
939 81
939 312
940 61
940 3
940 6
941 66
941 365
941 11
942 136
942 16
942 426
943 43
943 115
943 878
944 48
944 13
944 115
945 554
945 324
945 758
946 75
946 31
946 584
947 650
947 497
947 476
948 151
948 71
948 336
949 3
949 296
949 2
950 227
950 31
950 913
951 594
951 61
951 243
952 356
952 866
952 2
953 612
953 360
953 10
954 125
954 6
954 722
955 36
955 60
955 430
956 216
956 198
956 779
957 692
957 706
957 567
958 41
958 8
958 14
959 49
959 676
959 601
960 778
960 51
960 48
961 15
961 13
961 369
962 47
962 675
962 432
963 57
963 0
963 13
964 2
964 51
964 931
965 902
965 8
965 2
966 24
966 56
966 503
967 25
967 957
967 956
968 348
968 465
968 104
969 32
969 1
969 667
970 610
970 21
970 362
971 35
971 815
971 386
972 223
972 111
972 696
973 819
973 216
973 10
974 2
974 10
974 55
975 549
975 494
975 398
976 743
976 526
976 217
977 347
977 19
977 66
978 9
978 79
978 3
979 883
979 460
979 64
980 276
980 167
980 336
981 114
981 946
981 585
982 620
982 2
982 558
983 571
983 74
983 0
984 86
984 82
984 266
985 606
985 9
985 69
986 98
986 535
986 63
987 967
987 2
987 3
988 773
988 985
988 615
989 837
989 496
989 366
990 33
990 670
990 131
991 296
991 688
991 50
992 22
992 738
992 79
993 8
993 706
993 510
994 136
994 518
994 219
995 273
995 5
995 638
996 80
996 41
996 680
997 14
997 80
997 10
998 238
998 561
998 67
999 15
999 142
999 99
