0 1
0 2
1 0
1 2
2 0
2 1
3 2
3 0
3 1
4 1
4 3
4 0
5 1
5 4
5 0
6 4
6 0
6 5
7 6
7 0
7 2
8 6
8 1
8 5
9 6
9 1
9 0
10 2
10 6
10 4
11 1
11 0
11 5
12 4
12 2
12 8
13 0
13 8
13 1
14 2
14 12
14 6
15 0
15 1
15 2
16 7
16 2
16 0
17 2
17 0
17 8
18 16
18 3
18 14
19 14
19 7
19 10
20 2
20 8
20 5
21 8
21 0
21 2
22 0
22 2
22 8
23 14
23 1
23 10
24 3
24 0
24 1
25 0
25 5
25 8
26 2
26 8
26 3
27 23
27 5
27 1
28 16
28 6
28 1
29 0
29 1
29 5
30 21
30 2
30 3
31 0
31 14
31 23
32 22
32 27
32 18
33 22
33 14
33 19
34 3
34 27
34 0
35 14
35 3
35 1
36 1
36 10
36 21
37 2
37 20
37 1
38 11
38 29
38 20
39 21
39 18
39 19
40 21
40 2
40 22
41 22
41 6
41 13
42 10
42 18
42 22
43 1
43 0
43 27
44 32
44 39
44 43
45 6
45 8
45 22
46 33
46 44
46 39
47 6
47 8
47 37
48 1
48 7
48 27
49 27
49 16
49 4
50 37
50 43
50 2
51 4
51 49
51 15
52 0
52 2
52 28
53 46
53 27
53 0
54 50
54 21
54 43
55 2
55 29
55 10
56 1
56 55
56 3
57 27
57 2
57 18
58 18
58 8
58 29
59 2
59 3
59 37
60 31
60 29
60 6
61 35
61 34
61 56
62 36
62 3
62 8
63 2
63 19
63 0
64 38
64 59
64 22
65 5
65 23
65 13
66 14
66 19
66 42
67 22
67 5
67 0
68 17
68 1
68 2
69 18
69 63
69 13
70 32
70 19
70 2
71 20
71 0
71 8
72 34
72 27
72 19
73 27
73 53
73 49
74 59
74 27
74 32
75 1
75 56
75 36
76 14
76 55
76 27
77 40
77 27
77 49
78 20
78 44
78 37
79 10
79 37
79 3
80 0
80 22
80 5
81 2
81 20
81 0
82 26
82 19
82 44
83 61
83 43
83 5
84 5
84 19
84 22
85 19
85 71
85 21
86 50
86 59
86 84
87 53
87 28
87 4
88 16
88 29
88 8
89 50
89 52
89 51
90 10
90 75
90 0
91 2
91 29
91 22
92 22
92 0
92 44
93 61
93 32
93 2
94 69
94 75
94 29
95 0
95 18
95 46
96 72
96 50
96 43
97 45
97 1
97 6
98 95
98 8
98 2
99 33
99 31
99 69
