0 1
0 2
0 3
0 4
0 6
0 7
0 8
1 0
1 2
1 3
1 5
1 16
1 20
1 26
2 0
2 1
2 3
2 4
2 5
2 6
2 8
3 2
3 0
3 1
3 4
3 9
3 10
3 12
4 2
4 0
4 3
4 5
4 6
4 7
4 12
5 1
5 2
5 4
5 18
5 19
5 28
5 46
6 4
6 2
6 0
6 7
6 8
6 25
6 41
7 6
7 4
7 0
7 10
7 13
7 14
7 16
8 2
8 6
8 0
8 9
8 33
8 39
8 63
9 8
9 0
9 3
9 12
9 15
9 25
9 29
10 3
10 7
10 2
10 11
10 14
10 18
10 70
11 0
11 2
11 10
11 30
11 40
11 64
11 101
12 4
12 3
12 9
12 13
12 15
12 17
12 22
13 2
13 12
13 7
13 43
13 45
13 90
13 91
14 7
14 10
14 4
14 19
14 35
14 49
14 67
15 9
15 12
15 3
15 28
15 34
15 37
15 102
16 7
16 3
16 1
16 23
16 60
16 113
16 126
17 3
17 0
17 12
17 21
17 24
17 26
17 28
18 10
18 5
18 7
18 24
18 62
18 162
18 227
19 14
19 0
19 5
19 50
19 63
19 64
19 74
20 4
20 1
20 2
20 22
20 27
20 32
20 155
21 2
21 7
21 17
21 39
21 43
21 44
21 51
22 12
22 7
22 20
22 59
22 60
22 126
22 160
23 12
23 7
23 16
23 139
23 156
23 258
23 330
24 12
24 18
24 17
24 26
24 27
24 42
24 47
25 0
25 6
25 9
25 32
25 38
25 47
25 66
26 24
26 17
26 1
26 47
26 77
26 229
26 372
27 24
27 2
27 20
27 70
27 78
27 80
27 128
28 5
28 15
28 17
28 30
28 50
28 79
28 93
29 7
29 9
29 0
29 32
29 56
29 60
29 72
30 28
30 11
30 4
30 33
30 36
30 54
30 64
31 17
31 12
31 3
31 37
31 48
31 65
31 112
32 20
32 29
32 25
32 34
32 40
32 45
32 76
33 30
33 7
33 8
33 43
33 44
33 72
33 73
34 2
34 32
34 15
34 84
34 85
34 125
34 138
35 14
35 17
35 3
35 39
35 77
35 85
35 110
36 12
36 30
36 9
36 51
36 58
36 126
36 142
37 15
37 2
37 31
37 90
37 287
37 471
37 501
38 17
38 12
38 25
38 44
38 109
38 130
38 402
39 35
39 8
39 21
39 140
39 272
39 290
39 354
40 11
40 32
40 17
40 68
40 149
40 268
40 306
41 6
41 0
41 7
41 178
41 310
41 958
42 0
42 2
42 24
42 67
42 71
42 112
42 169
43 21
43 33
43 13
43 52
43 224
43 414
43 956
44 38
44 21
44 33
44 71
44 91
44 148
44 157
45 13
45 0
45 32
45 51
45 57
45 144
45 279
46 7
46 5
46 0
46 61
46 94
46 361
46 403
47 26
47 24
47 25
47 50
47 75
47 86
47 97
48 31
48 3
48 5
48 327
48 331
48 434
48 450
49 7
49 17
49 14
49 135
49 342
49 434
49 535
50 19
50 28
50 47
50 215
50 331
50 702
51 21
51 45
51 36
51 104
51 121
51 157
51 172
52 4
52 43
52 12
52 87
52 185
52 301
52 303
53 6
53 7
53 1
53 96
53 106
53 151
53 159
54 24
54 4
54 30
54 61
54 130
54 181
54 422
55 2
55 6
55 3
55 86
55 286
55 317
55 753
56 24
56 0
56 29
56 344
56 591
56 761
56 923
57 9
57 45
57 1
57 78
57 145
57 151
57 180
58 24
58 1
58 36
58 65
58 88
58 156
58 196
59 0
59 6
59 22
59 341
59 384
59 435
59 930
60 22
60 29
60 16
60 76
60 80
60 98
60 103
61 4
61 46
61 54
61 65
61 115
61 141
61 161
62 4
62 18
62 3
62 107
62 180
62 257
62 276
63 8
63 19
63 6
63 591
63 748
64 19
64 30
64 11
64 68
64 75
64 218
64 333
65 61
65 31
65 58
65 106
65 110
65 138
65 139
66 25
66 21
66 12
66 72
66 82
66 145
66 182
67 14
67 42
67 7
67 198
67 335
67 343
67 353
68 40
68 64
68 4
68 74
68 78
68 406
68 408
69 6
69 2
69 0
69 113
69 165
69 207
69 367
70 27
70 0
70 10
70 445
70 685
71 42
71 44
71 8
71 197
71 240
71 272
71 717
72 66
72 33
72 29
72 84
72 106
72 112
72 144
73 12
73 33
73 30
73 91
73 150
73 173
73 197
74 68
74 6
74 19
74 150
74 232
74 252
74 645
75 47
75 64
75 5
75 80
75 192
75 209
75 233
76 6
76 60
76 32
76 83
76 129
76 209
76 217
77 35
77 26
77 8
77 102
77 161
77 244
77 308
78 27
78 57
78 68
78 95
78 100
78 105
78 119
79 17
79 8
79 28
79 100
79 184
79 205
79 212
80 60
80 75
80 27
80 177
80 214
80 368
80 371
81 1
81 14
81 17
81 310
81 357
82 2
82 5
82 66
82 101
82 218
82 334
82 337
83 76
83 2
83 5
83 88
83 122
83 138
83 153
84 3
84 72
84 34
84 86
84 92
84 236
84 282
85 34
85 35
85 24
85 152
85 160
85 204
85 224
86 55
86 84
86 47
86 342
86 349
86 412
86 670
87 12
87 4
87 52
87 89
87 142
87 175
87 245
88 83
88 25
88 58
88 109
88 132
88 312
88 582
89 3
89 87
89 0
89 95
89 100
89 154
89 441
90 4
90 13
90 37
90 210
90 257
90 266
90 358
91 73
91 44
91 13
91 93
91 183
91 199
91 200
92 7
92 3
92 84
92 111
92 153
92 252
92 782
93 4
93 91
93 28
93 116
93 123
93 167
93 260
94 46
94 1
94 12
94 102
94 178
94 222
94 262
95 89
95 1
95 78
95 99
95 123
95 127
95 206
96 7
96 53
96 8
96 165
96 359
96 379
96 406
97 9
97 47
97 14
97 99
97 435
97 477
97 693
98 6
98 9
98 60
98 141
98 151
98 176
98 300
99 97
99 5
99 95
99 101
99 116
99 118
99 120
100 78
100 89
100 79
100 172
100 285
100 307
100 437
101 11
101 99
101 82
101 116
101 150
101 222
101 332
102 94
102 15
102 77
102 103
102 121
102 142
102 285
103 102
103 60
103 8
103 134
103 141
103 196
103 221
104 19
104 10
104 51
104 147
104 220
104 235
104 306
105 24
105 13
105 78
105 194
105 311
105 437
105 676
106 65
106 72
106 53
106 130
106 143
106 152
106 193
107 62
107 21
107 0
107 458
107 461
107 880
108 21
108 5
108 19
108 185
108 253
108 295
108 432
109 38
109 47
109 88
109 178
109 241
109 436
109 642
110 65
110 35
110 0
110 137
110 169
110 408
110 422
111 6
111 17
111 92
111 327
111 485
111 674
111 805
112 72
112 42
112 31
112 114
112 119
112 123
112 131
113 16
113 69
113 7
113 249
113 395
113 720
113 725
114 24
114 7
114 112
115 17
115 10
115 61
115 164
115 250
115 254
115 372
116 101
116 93
116 99
116 340
116 663
116 830
116 942
117 10
117 3
117 0
118 99
118 9
118 29
118 415
118 431
118 528
118 601
119 3
119 112
119 78
119 147
119 261
119 297
119 363
120 4
120 99
120 35
120 266
120 478
120 486
120 513
121 102
121 51
121 0
121 213
121 529
121 531
121 549
122 30
122 99
122 83
122 157
122 158
122 240
122 243
123 112
123 95
123 93
123 168
123 188
123 231
123 260
124 11
124 6
124 78
124 319
124 361
124 806
124 979
125 28
125 34
125 2
125 241
125 413
125 974
126 22
126 36
126 16
126 264
126 377
126 456
126 631
127 17
127 4
127 95
127 163
127 188
127 505
127 894
128 12
128 27
128 2
128 184
128 245
128 293
128 439
129 76
129 13
129 4
129 176
129 263
129 512
129 657
130 38
130 54
130 106
130 184
130 414
130 554
130 822
131 6
131 112
131 99
131 154
131 179
131 194
131 204
132 60
132 12
132 88
132 256
132 299
132 847
133 3
133 47
133 21
133 488
133 543
133 791
134 12
134 47
134 103
134 282
134 613
135 5
135 1
135 49
135 143
135 400
135 555
135 855
136 1
136 78
136 30
136 221
136 382
136 493
136 903
137 78
137 110
137 4
137 404
137 490
137 569
137 686
138 34
138 65
138 83
138 156
138 219
138 229
138 235
139 23
139 7
139 65
139 160
139 168
139 202
139 408
140 39
140 19
140 3
140 601
140 678
140 680
140 902
141 98
141 61
141 103
141 170
141 198
141 246
141 250
142 87
142 102
142 36
142 171
142 186
142 247
142 258
143 24
143 135
143 106
143 225
143 305
143 326
143 533
144 45
144 72
144 4
144 459
144 473
144 526
145 57
145 7
145 66
145 566
145 581
145 722
145 778
146 28
146 99
146 4
146 193
146 244
146 298
146 331
147 104
147 24
147 119
147 181
147 220
147 222
147 241
148 1
148 44
148 11
148 179
148 487
148 566
148 755
149 30
149 40
149 33
149 191
149 206
149 291
149 685
150 101
150 73
150 74
150 159
150 260
150 730
151 98
151 53
151 57
151 169
151 205
151 251
151 359
152 106
152 85
152 24
152 355
152 413
153 92
153 65
153 83
153 173
153 186
153 208
153 270
154 89
154 131
154 112
154 344
154 577
155 20
155 0
155 15
155 190
155 276
155 508
155 584
156 58
156 23
156 138
156 328
156 617
156 730
156 799
157 51
157 44
157 122
157 159
157 248
157 391
157 494
158 65
158 122
158 11
158 420
158 426
158 478
158 489
159 53
159 150
159 157
159 217
159 231
159 326
159 332
160 85
160 139
160 22
160 228
160 278
160 352
160 439
161 61
161 19
161 77
161 166
161 183
161 325
161 546
162 18
162 53
162 2
162 189
162 318
162 747
163 2
163 9
163 127
163 438
163 755
163 835
164 28
164 60
164 115
164 213
164 368
165 96
165 69
165 8
165 275
165 652
165 682
166 161
166 3
166 99
166 229
166 329
166 479
166 872
167 93
167 1
167 2
167 351
168 139
168 123
168 2
168 193
168 398
168 796
169 110
169 42
169 151
169 201
169 305
169 759
169 852
170 8
170 141
170 10
170 525
170 614
170 624
170 673
171 19
171 142
171 53
171 172
171 207
171 354
171 375
172 100
172 171
172 51
172 212
172 271
172 278
172 286
173 153
173 32
173 73
173 192
173 292
173 338
173 865
174 17
174 10
174 1
174 311
174 441
174 641
174 698
175 72
175 87
175 65
175 411
175 813
175 891
175 939
176 99
176 129
176 98
176 234
176 380
176 463
176 516
177 80
177 27
177 10
177 271
177 292
177 353
177 358
178 41
178 109
178 94
178 252
178 321
178 324
178 426
179 131
179 51
179 148
179 384
179 625
179 688
180 7
180 57
180 62
180 638
180 653
181 51
181 147
181 54
181 256
181 285
181 376
181 731
182 66
182 0
182 15
182 186
182 226
182 230
182 320
183 161
183 35
183 91
183 334
183 386
183 725
183 776
184 130
184 79
184 128
184 219
184 237
184 339
184 377
185 52
185 5
185 108
185 200
185 297
185 430
185 547
186 153
186 142
186 182
186 250
186 253
186 370
186 381
187 16
187 57
187 1
187 203
187 750
188 5
188 123
188 127
188 274
188 467
188 624
188 632
189 12
189 7
189 162
189 243
189 333
189 523
189 593
190 155
190 44
190 112
190 308
190 338
190 531
190 914
191 149
191 0
191 8
191 234
192 30
192 75
192 173
192 555
192 697
193 146
193 106
193 168
193 231
193 239
193 301
193 356
194 105
194 131
194 10
194 601
195 112
195 34
195 0
195 315
195 387
195 548
195 750
196 34
196 58
196 103
196 255
196 370
196 557
196 636
197 12
197 73
197 71
197 318
197 486
197 586
197 627
198 141
198 67
198 27
198 294
198 343
198 444
198 664
199 5
199 91
199 60
199 291
199 477
199 483
199 782
200 25
200 91
200 185
200 282
200 323
200 470
200 476
201 12
201 8
201 169
201 280
201 446
201 481
201 855
202 12
202 19
202 139
202 271
202 366
202 375
202 474
203 187
203 20
203 7
203 387
203 672
203 953
204 131
204 47
204 85
204 355
204 746
204 886
205 79
205 12
205 151
205 289
205 381
205 570
206 149
206 91
206 95
206 326
206 428
206 827
207 171
207 69
207 19
207 298
207 400
207 468
207 514
208 78
208 153
208 28
208 258
208 380
208 607
209 76
209 75
209 36
209 421
209 476
209 676
209 720
210 90
210 32
210 3
210 216
210 265
210 270
210 298
211 9
211 22
211 11
211 730
211 974
212 172
212 79
212 22
212 215
212 529
212 576
212 587
213 25
213 164
213 121
213 255
213 291
213 321
213 509
214 80
214 9
214 0
214 294
214 334
214 501
214 512
215 50
215 36
215 212
215 559
216 99
216 42
216 210
216 247
216 273
216 293
216 881
217 76
217 7
217 159
217 283
217 360
217 363
217 580
218 64
218 99
218 82
218 268
218 345
218 494
218 649
219 184
219 112
219 138
219 264
219 502
219 533
219 557
220 104
220 147
220 19
220 281
220 325
220 352
220 396
221 2
221 103
221 136
221 233
221 415
221 504
221 536
222 147
222 94
222 101
222 269
222 278
222 332
222 412
223 10
223 30
223 5
223 323
223 370
223 621
223 735
224 85
224 43
224 25
224 449
224 895
225 60
225 143
225 6
225 251
225 377
225 508
225 703
226 182
226 16
226 4
226 266
226 511
227 18
227 0
227 7
227 371
227 611
228 8
228 160
228 60
228 289
228 296
228 312
228 790
229 166
229 26
229 138
229 552
229 578
230 106
230 0
230 182
231 193
231 123
231 159
231 306
231 307
231 635
232 74
232 27
232 21
232 254
232 365
232 401
232 873
233 221
233 75
233 58
233 523
233 927
234 191
234 17
234 176
234 675
235 104
235 61
235 138
235 245
235 705
236 27
236 13
236 84
236 346
236 561
237 7
237 184
237 99
237 340
237 622
238 3
238 24
238 85
238 349
238 630
238 758
238 912
239 12
239 34
239 193
239 450
239 719
239 765
239 783
240 71
240 122
240 3
240 399
240 636
241 147
241 125
241 109
241 364
241 772
241 976
242 19
242 61
242 27
242 314
242 373
242 714
242 804
243 60
243 189
243 122
243 456
244 77
244 19
244 146
244 586
244 783
244 901
245 235
245 87
245 128
245 388
245 714
245 909
245 940
246 19
246 57
246 141
246 301
246 321
246 934
247 85
247 216
247 142
247 911
248 91
248 157
248 24
248 388
248 402
248 497
248 740
249 57
249 147
249 113
249 472
249 716
249 793
250 186
250 115
250 141
250 668
250 762
250 915
251 225
251 12
251 151
251 683
251 887
252 74
252 92
252 178
252 403
252 560
252 763
253 108
253 112
253 186
253 369
253 394
253 432
253 451
254 51
254 115
254 232
254 279
254 569
254 618
255 11
255 213
255 196
255 442
255 761
256 132
256 181
256 76
256 316
256 354
257 28
257 90
257 62
257 933
258 23
258 208
258 142
258 305
258 440
258 522
258 625
259 22
259 2
259 21
259 525
260 123
260 93
260 150
261 2
261 36
261 119
261 345
261 546
262 106
262 94
262 99
262 287
262 314
262 465
262 695
263 25
263 129
263 27
264 126
264 5
264 219
264 776
264 996
265 53
265 210
265 29
266 90
266 226
266 120
266 313
266 446
266 623
267 3
267 112
267 22
267 277
267 378
267 468
267 696
268 218
268 16
268 40
268 406
268 633
268 652
269 32
269 222
269 1
269 714
269 757
270 42
270 153
270 210
270 584
270 899
271 172
271 202
271 177
271 469
272 71
272 39
272 123
272 466
272 791
272 859
273 32
273 216
273 44
273 366
273 800
274 188
274 17
274 24
274 351
274 469
274 709
275 29
275 165
275 12
276 17
276 155
276 62
276 393
276 963
276 987
277 141
277 267
277 91
277 320
277 514
277 711
277 950
278 172
278 222
278 160
278 307
278 407
278 424
278 432
279 254
279 45
279 4
279 283
279 445
279 882
280 201
280 93
280 25
280 524
281 72
281 220
281 47
281 371
282 84
282 134
282 200
282 626
282 794
282 923
282 931
283 60
283 279
283 217
283 289
283 684
284 0
284 3
284 28
284 288
284 300
284 515
284 615
285 100
285 102
285 181
285 678
285 956
286 55
286 1
286 172
286 324
286 580
287 262
287 37
287 131
287 315
288 284
288 16
288 17
288 572
288 742
288 926
289 205
289 283
289 228
289 340
289 520
290 76
290 16
290 39
290 781
290 856
290 952
291 199
291 213
291 149
291 447
292 177
292 173
292 33
292 394
292 582
293 216
293 16
293 128
293 304
293 315
293 389
293 673
294 19
294 214
294 198
294 544
294 916
295 108
295 24
295 60
296 34
296 18
296 228
297 119
297 123
297 185
297 309
297 453
297 612
297 775
298 207
298 210
298 146
299 132
299 33
299 13
299 898
300 284
300 87
300 98
300 463
300 576
301 193
301 52
301 246
301 382
301 390
302 24
302 62
302 87
302 536
303 98
303 12
303 52
303 569
303 808
303 830
304 122
304 293
304 106
304 444
304 482
304 614
304 900
305 169
305 143
305 258
305 346
305 380
305 547
305 679
306 231
306 104
306 40
306 447
306 499
306 787
307 231
307 100
307 278
307 464
307 778
308 77
308 73
308 190
308 539
308 608
308 669
308 677
309 103
309 297
309 91
309 684
309 700
309 826
310 41
310 81
310 87
310 766
311 105
311 99
311 174
311 316
311 351
311 458
311 600
312 31
312 228
312 88
312 369
312 692
313 266
313 40
313 147
313 363
313 374
313 568
313 962
314 58
314 262
314 242
315 293
315 287
315 195
316 311
316 256
316 210
316 725
317 29
317 72
317 55
317 713
317 816
318 197
318 162
318 34
319 24
319 6
319 124
319 417
319 434
319 674
319 801
320 277
320 182
320 60
320 454
321 246
321 213
321 178
321 493
321 745
321 867
322 12
322 34
322 22
322 655
322 913
323 104
323 223
323 200
323 583
323 665
323 711
323 951
324 178
324 286
324 5
324 465
324 517
324 768
325 220
325 161
325 13
325 503
325 619
325 634
325 643
326 206
326 159
326 143
326 695
326 696
326 970
327 111
327 24
327 48
327 330
327 498
327 571
328 7
328 42
328 156
328 404
328 658
328 739
328 998
329 166
329 83
329 13
329 571
330 327
330 23
330 122
330 350
330 431
330 520
330 594
331 48
331 50
331 146
331 461
331 646
331 721
331 999
332 101
332 222
332 159
332 490
333 64
333 189
333 5
333 672
333 773
334 214
334 82
334 183
334 740
335 147
335 67
335 106
335 336
335 409
335 454
335 495
336 12
336 335
336 36
336 385
336 592
336 594
336 621
337 82
337 24
337 35
337 376
337 388
338 27
338 173
338 190
338 344
338 373
338 399
338 437
339 184
339 10
339 24
339 566
340 116
340 289
340 237
340 379
340 448
340 466
340 520
341 5
341 84
341 59
341 464
341 762
341 882
342 49
342 86
342 14
342 795
343 198
343 98
343 67
343 641
344 154
344 56
344 338
344 516
344 792
344 863
344 943
345 218
345 261
345 3
345 467
345 733
345 800
345 902
346 236
346 305
346 30
346 378
346 628
347 75
347 62
347 172
347 348
347 534
347 545
347 774
348 84
348 347
348 1
348 777
348 829
349 86
349 52
349 238
349 428
349 516
349 550
349 708
350 30
350 42
350 330
350 402
350 554
350 993
351 167
351 311
351 274
351 543
352 220
352 160
352 36
352 453
352 997
353 5
353 67
353 177
353 457
353 599
354 39
354 171
354 256
354 393
354 411
354 445
354 486
355 17
355 204
355 152
356 147
356 193
356 60
356 470
357 81
357 5
357 7
357 397
358 90
358 98
358 177
358 492
358 957
359 18
359 151
359 96
359 460
360 79
360 217
360 13
360 629
360 751
360 779
360 780
361 65
361 124
361 46
361 734
362 52
362 24
362 6
362 401
362 712
362 775
362 852
363 217
363 119
363 313
363 701
363 831
364 241
364 12
364 40
364 697
364 990
365 28
365 20
365 232
365 430
366 273
366 147
366 202
366 540
367 69
367 25
367 153
367 770
367 838
368 76
368 80
368 164
369 312
369 85
369 253
369 533
369 646
369 737
369 934
370 223
370 186
370 196
370 836
371 227
371 281
371 80
371 415
371 433
371 503
371 692
372 26
372 4
372 115
372 654
372 849
372 913
372 947
373 242
373 338
373 29
373 611
374 313
374 12
374 90
374 423
374 439
374 460
374 513
375 202
375 171
375 6
375 376
376 337
376 375
376 181
376 853
376 986
377 126
377 225
377 184
378 346
378 78
378 267
378 382
378 385
378 553
378 568
379 5
379 340
379 96
379 423
379 574
379 881
380 176
380 208
380 305
380 490
380 804
380 815
380 826
381 205
381 2
381 186
381 455
381 747
381 893
382 378
382 136
382 301
382 398
382 512
383 36
383 122
383 65
384 179
384 82
384 59
384 425
385 336
385 378
385 184
385 442
385 473
385 704
385 718
386 177
386 24
386 183
387 195
387 203
387 64
387 537
387 547
388 337
388 248
388 245
388 900
389 141
389 293
389 45
389 496
389 921
390 301
390 153
390 72
390 851
391 51
391 157
391 58
391 483
392 51
392 76
392 33
392 706
393 354
393 76
393 276
393 630
393 728
393 897
394 30
394 292
394 253
394 410
394 521
394 548
395 10
395 113
395 6
395 619
396 104
396 4
396 220
396 526
396 828
397 357
397 52
397 22
397 474
397 687
397 759
397 974
398 382
398 168
398 112
398 585
399 338
399 35
399 240
399 632
400 207
400 30
400 135
400 405
400 462
400 551
400 983
401 64
401 232
401 362
401 919
401 955
402 248
402 350
402 38
402 702
402 707
403 151
403 252
403 46
403 435
403 539
403 694
404 328
404 137
404 34
405 2
405 400
405 22
405 817
405 907
406 268
406 68
406 96
406 800
407 278
407 142
407 171
407 744
408 68
408 110
408 139
408 564
408 671
408 751
408 764
409 67
409 335
409 33
409 580
409 762
409 790
410 83
410 5
410 394
410 593
411 139
411 354
411 175
411 481
412 86
412 222
412 4
412 482
412 799
413 17
413 125
413 152
413 895
414 130
414 43
414 45
414 436
414 438
414 988
415 371
415 118
415 221
415 519
416 65
416 29
416 28
416 666
417 38
417 319
417 57
418 62
418 30
418 19
418 768
419 42
419 16
419 33
420 69
420 158
420 28
420 480
420 485
420 491
420 613
421 99
421 51
421 209
421 466
421 487
422 110
422 54
422 40
422 450
422 493
422 880
423 4
423 374
423 379
423 462
423 470
423 660
424 102
424 101
424 278
424 590
424 667
424 803
424 860
425 384
425 93
425 7
425 440
426 158
426 178
426 52
426 498
426 528
427 7
427 8
427 19
428 206
428 349
428 64
428 438
428 711
429 67
429 16
429 65
430 112
430 185
430 365
430 602
431 118
431 330
431 112
431 947
432 278
432 108
432 253
433 33
433 14
433 371
434 48
434 319
434 49
434 456
434 801
434 847
435 59
435 97
435 403
435 506
435 760
435 781
435 928
436 414
436 109
436 106
436 510
436 539
436 609
436 935
437 100
437 105
437 338
437 479
438 428
438 163
438 414
438 994
439 160
439 374
439 128
439 455
439 497
440 258
440 44
440 425
440 451
440 910
441 2
441 174
441 89
441 660
442 3
442 255
442 385
442 729
442 760
442 936
443 2
443 102
443 12
443 607
444 304
444 89
444 198
444 553
444 572
444 932
444 943
445 354
445 279
445 70
446 201
446 266
446 27
446 617
446 628
447 306
447 291
447 33
447 542
447 588
447 852
448 75
448 340
448 24
448 731
448 944
449 224
449 177
449 24
449 802
450 48
450 422
450 239
450 563
451 76
451 253
451 440
452 5
452 39
452 28
453 352
453 34
453 297
453 609
453 662
453 821
453 850
454 335
454 320
454 159
455 381
455 439
455 119
455 530
455 664
455 715
455 879
456 434
456 126
456 243
456 540
456 595
457 103
457 24
457 353
458 107
458 311
458 89
458 839
459 182
459 144
459 13
459 945
460 11
460 359
460 374
460 571
460 992
461 87
461 331
461 107
461 505
461 585
461 753
461 912
462 423
462 82
462 400
462 525
463 176
463 300
463 122
464 341
464 4
464 307
464 596
465 262
465 324
465 7
465 556
466 421
466 340
466 272
466 467
466 767
467 345
467 466
467 188
467 596
467 738
467 752
468 220
468 267
468 207
468 513
468 567
469 271
469 274
469 178
469 821
470 200
470 423
470 356
470 639
470 734
471 15
471 84
471 37
471 485
471 616
471 873
472 13
472 101
472 249
472 945
473 385
473 153
473 144
473 589
473 931
474 397
474 202
474 100
474 799
475 87
475 8
475 122
476 200
476 209
476 115
476 544
477 97
477 94
477 199
477 658
478 158
478 120
478 138
478 954
479 6
479 437
479 166
479 499
479 579
479 629
479 651
480 171
480 0
480 420
480 568
480 985
481 411
481 38
481 201
481 500
481 592
481 600
481 681
482 412
482 108
482 304
482 607
482 686
482 971
482 987
483 391
483 0
483 199
484 44
484 30
484 12
484 896
485 111
485 471
485 420
486 120
486 197
486 354
486 559
487 421
487 148
487 4
487 681
488 133
488 110
488 123
489 83
489 158
489 6
490 380
490 332
490 137
490 984
491 4
491 24
491 420
491 500
492 119
492 358
492 15
492 841
493 422
493 136
493 321
494 35
494 218
494 157
494 584
494 878
494 897
495 106
495 335
495 153
495 531
495 590
495 603
495 633
496 106
496 84
496 389
496 535
496 821
496 860
497 248
497 439
497 1
497 558
497 610
497 638
497 699
498 13
498 426
498 327
498 640
498 784
498 792
498 888
499 306
499 84
499 479
500 481
500 7
500 491
500 961
501 142
501 37
501 214
502 128
502 99
502 219
503 128
503 371
503 325
503 765
504 221
504 30
504 93
504 507
504 993
505 461
505 127
505 75
505 565
505 876
506 147
506 28
506 435
506 996
507 504
507 101
507 22
507 694
508 99
508 155
508 225
508 698
508 744
508 917
509 7
509 213
509 354
510 119
510 436
510 210
510 619
510 823
511 110
511 226
511 3
511 701
511 786
511 963
512 382
512 214
512 129
513 120
513 374
513 468
514 46
514 207
514 277
514 576
514 596
514 723
514 750
515 284
515 68
515 13
516 349
516 176
516 344
516 562
516 597
516 699
517 17
517 324
517 65
518 94
518 53
518 77
519 51
519 415
519 6
519 551
519 706
520 289
520 330
520 340
520 648
520 889
521 394
521 3
521 95
522 202
522 258
522 95
522 647
523 31
523 233
523 189
523 626
523 941
524 280
524 75
524 172
524 616
524 742
525 259
525 462
525 170
525 741
526 144
526 4
526 396
526 549
526 803
527 89
527 95
527 29
527 529
528 426
528 94
528 118
529 121
529 212
529 527
529 653
529 671
530 91
530 200
530 455
530 680
530 697
531 190
531 121
531 495
531 588
531 650
531 666
531 833
532 172
532 47
532 61
532 994
533 143
533 219
533 369
533 546
533 811
533 960
534 67
534 347
534 37
534 790
534 846
534 930
535 49
535 496
535 122
536 42
536 302
536 221
536 540
536 682
537 94
537 67
537 387
537 668
537 691
537 794
538 202
538 12
538 159
539 308
539 436
539 403
540 366
540 456
540 536
540 610
541 141
541 76
541 69
541 767
542 447
542 207
542 115
542 784
543 351
543 139
543 133
543 735
544 476
544 103
544 294
544 620
544 722
544 878
544 957
545 347
545 61
545 10
546 261
546 161
546 533
547 185
547 387
547 305
547 552
547 960
548 195
548 394
548 67
548 833
549 21
549 526
549 121
549 593
549 652
550 349
550 25
550 202
550 612
551 519
551 19
551 400
551 802
552 229
552 547
552 17
552 612
553 57
553 378
553 444
553 716
554 7
554 130
554 350
554 796
554 909
554 978
555 62
555 135
555 192
555 724
556 143
556 5
556 465
557 219
557 139
557 196
557 565
557 578
558 68
558 497
558 33
559 486
559 215
559 31
559 985
560 252
560 153
560 354
561 6
561 7
561 236
562 49
562 516
562 110
562 636
563 151
563 58
563 450
564 58
564 408
564 186
564 588
564 616
564 918
565 505
565 106
565 557
565 892
566 148
566 145
566 339
566 903
567 159
567 202
567 468
567 610
568 313
568 378
568 480
568 874
569 303
569 254
569 137
569 608
569 618
569 771
570 87
570 38
570 205
570 736
571 327
571 329
571 460
571 643
571 718
572 220
572 288
572 444
572 807
573 207
573 17
573 122
574 11
574 171
574 379
574 704
575 66
575 60
575 10
576 514
576 212
576 300
577 69
577 94
577 154
577 922
578 18
578 229
578 557
579 479
579 67
579 185
579 808
580 409
580 286
580 217
580 862
581 145
581 14
581 33
581 969
582 292
582 89
582 88
582 640
582 810
582 981
583 323
583 42
583 24
584 270
584 155
584 494
584 909
585 398
585 106
585 461
586 52
586 197
586 244
586 688
586 717
587 121
587 21
587 212
588 447
588 531
588 564
588 825
589 473
589 42
589 151
589 723
590 424
590 220
590 495
590 633
590 740
590 798
591 63
591 56
591 1
591 885
592 481
592 336
592 77
592 629
592 726
593 410
593 549
593 189
593 597
593 615
593 645
593 690
594 100
594 330
594 336
594 954
595 104
595 456
595 64
595 627
595 814
595 822
596 464
596 514
596 467
596 877
597 17
597 593
597 516
597 628
597 715
598 25
598 19
598 24
599 353
599 83
599 0
599 667
600 311
600 0
600 481
600 644
600 897
601 118
601 194
601 140
602 220
602 68
602 430
602 632
602 878
603 58
603 102
603 495
603 682
604 27
604 112
604 100
605 52
605 24
605 6
605 618
606 36
606 42
606 110
607 208
607 482
607 443
607 872
608 569
608 42
608 308
609 436
609 54
609 453
609 733
609 798
610 567
610 497
610 540
611 373
611 227
611 52
611 818
612 550
612 297
612 552
612 763
612 983
613 23
613 134
613 420
614 170
614 304
614 22
614 880
615 593
615 420
615 284
616 471
616 564
616 524
616 709
616 741
616 891
617 156
617 22
617 446
617 620
617 704
617 732
617 849
618 605
618 254
618 569
618 863
618 876
619 325
619 510
619 395
619 656
620 617
620 17
620 544
620 949
621 336
621 253
621 223
622 237
622 15
622 158
623 266
623 22
623 5
623 660
623 716
623 811
623 864
624 188
624 2
624 170
624 785
625 30
625 258
625 179
626 282
626 523
626 219
626 883
627 595
627 197
627 99
628 446
628 346
628 597
628 817
629 479
629 592
629 360
629 791
629 793
629 802
630 1
630 393
630 238
631 221
631 126
631 210
632 602
632 188
632 399
632 837
633 268
633 495
633 590
633 707
633 977
634 25
634 24
634 325
634 899
635 231
635 99
635 89
636 196
636 240
636 562
637 66
637 83
637 44
637 726
638 180
638 497
638 62
639 470
639 40
639 115
639 973
640 498
640 582
640 24
640 810
641 20
641 174
641 343
641 788
641 803
641 867
642 143
642 109
642 6
643 571
643 325
643 24
643 670
643 904
644 151
644 600
644 222
645 593
645 74
645 28
645 692
646 331
646 369
646 28
647 354
647 160
647 522
647 667
647 950
648 53
648 520
648 77
649 48
649 12
649 218
649 651
649 657
649 764
650 2
650 99
650 531
650 948
651 479
651 649
651 218
651 710
652 165
652 549
652 268
653 158
653 180
653 529
653 761
653 840
654 13
654 372
654 193
655 322
655 64
655 5
656 68
656 619
656 73
657 35
657 129
657 649
657 732
658 220
658 477
658 328
659 11
659 54
659 22
659 847
660 623
660 441
660 423
660 713
661 177
661 210
661 46
661 760
662 453
662 118
662 93
663 76
663 354
663 116
664 198
664 455
664 122
664 894
665 119
665 323
665 19
666 531
666 416
666 2
667 599
667 647
667 424
668 2
668 250
668 537
668 953
669 11
669 6
669 308
670 30
670 86
670 643
670 755
670 815
670 942
671 408
671 27
671 529
671 907
671 982
672 128
672 203
672 333
672 776
673 293
673 253
673 170
674 319
674 0
674 111
675 78
675 234
675 12
675 973
675 992
676 105
676 209
676 3
676 742
677 278
677 308
677 153
678 338
678 285
678 140
678 722
678 795
679 3
679 17
679 305
679 756
679 785
680 530
680 140
680 24
680 715
680 874
681 95
681 487
681 481
681 693
682 603
682 536
682 165
683 251
683 2
683 94
683 816
684 283
684 15
684 309
685 79
685 70
685 149
686 40
686 137
686 482
686 788
687 397
687 24
687 12
688 179
688 218
688 586
689 340
689 157
689 24
689 718
690 65
690 593
690 128
691 21
691 109
691 537
691 820
691 972
692 312
692 371
692 645
692 703
693 97
693 681
693 17
693 705
694 403
694 131
694 507
695 89
695 262
695 326
696 267
696 326
696 28
697 192
697 364
697 530
697 805
698 174
698 508
698 20
698 781
698 920
698 938
699 516
699 101
699 497
700 309
700 19
700 32
700 940
701 363
701 100
701 511
701 926
702 50
702 31
702 402
702 830
703 225
703 68
703 692
704 574
704 617
704 385
705 693
705 34
705 235
705 931
706 392
706 39
706 519
707 633
707 402
707 29
708 349
708 2
708 17
709 616
709 274
709 420
709 824
709 986
710 651
710 27
710 19
711 277
711 428
711 323
711 826
712 362
712 139
712 177
712 887
713 660
713 28
713 317
714 269
714 242
714 245
714 995
715 455
715 680
715 597
716 623
716 249
716 553
716 771
717 586
717 24
717 71
718 571
718 385
718 689
718 777
718 796
718 809
718 812
719 24
719 239
719 72
719 845
720 209
720 113
720 68
721 331
721 33
721 153
721 745
722 145
722 544
722 678
723 589
723 514
723 53
723 828
724 555
724 207
724 158
725 113
725 316
725 183
725 884
725 936
726 592
726 19
726 637
726 990
727 85
727 24
727 52
728 393
728 60
728 17
729 479
729 86
729 442
729 773
729 851
730 156
730 211
730 150
730 868
731 448
731 19
731 181
731 812
731 871
731 902
732 657
732 617
732 181
733 345
733 609
733 15
733 854
734 79
734 470
734 361
734 812
735 112
735 223
735 543
736 340
736 371
736 570
737 369
737 31
737 161
738 46
738 467
738 27
739 122
739 221
739 328
740 590
740 248
740 334
741 525
741 616
741 325
742 288
742 676
742 524
743 73
743 2
743 102
744 378
744 508
744 407
744 922
745 721
745 321
745 33
746 39
746 72
746 204
746 839
746 967
747 162
747 381
747 94
748 22
748 63
748 11
748 923
749 146
749 3
749 19
750 187
750 195
750 514
751 408
751 360
751 33
752 101
752 14
752 467
752 783
752 809
752 903
753 461
753 31
753 55
754 378
754 78
754 29
754 869
754 951
755 670
755 163
755 148
755 896
756 679
756 22
756 193
757 94
757 269
757 172
757 823
758 24
758 238
758 65
759 169
759 17
759 397
760 442
760 435
760 661
761 56
761 653
761 255
762 409
762 341
762 250
763 252
763 113
763 612
763 797
764 408
764 184
764 649
765 82
765 239
765 503
766 310
766 189
766 214
767 541
767 466
767 497
768 354
768 324
768 418
768 886
769 28
769 7
769 147
770 367
770 121
770 47
771 716
771 569
771 7
771 914
771 932
772 241
772 120
772 54
773 729
773 95
773 333
774 28
774 347
774 7
775 362
775 297
775 99
775 998
776 672
776 264
776 183
776 935
777 718
777 16
777 348
778 5
778 145
778 307
778 951
778 999
779 105
779 12
779 360
780 212
780 360
780 42
780 860
781 435
781 290
781 698
782 58
782 199
782 92
782 990
783 244
783 752
783 239
784 498
784 178
784 542
784 927
785 624
785 49
785 679
786 6
786 511
786 142
786 848
786 998
787 153
787 12
787 306
787 870
788 641
788 686
788 78
789 200
789 115
789 220
790 534
790 409
790 228
791 133
791 629
791 272
792 85
792 344
792 498
792 833
793 47
793 629
793 249
793 920
794 148
794 537
794 282
794 843
795 305
795 342
795 678
795 952
795 999
796 718
796 168
796 554
797 30
797 763
797 88
798 609
798 590
798 57
799 474
799 156
799 412
800 273
800 345
800 406
801 319
801 434
801 220
801 877
802 629
802 551
802 449
803 526
803 641
803 424
804 242
804 217
804 380
805 111
805 126
805 697
806 36
806 102
806 124
807 572
807 171
807 497
808 579
808 3
808 303
809 718
809 12
809 752
809 889
810 108
810 582
810 640
810 869
810 905
811 623
811 92
811 533
811 892
811 898
811 936
812 734
812 718
812 731
813 175
813 718
813 42
814 72
814 595
814 35
814 879
815 670
815 2
815 380
816 51
816 317
816 683
817 405
817 628
817 28
818 30
818 143
818 611
818 857
819 197
819 354
819 199
819 859
820 170
820 3
820 691
820 965
821 496
821 453
821 469
821 845
822 595
822 335
822 130
823 757
823 28
823 510
823 928
824 30
824 123
824 709
824 874
825 16
825 588
825 311
825 846
826 309
826 380
826 711
827 64
827 0
827 206
827 975
828 76
828 723
828 396
829 2
829 348
829 207
830 303
830 702
830 116
830 958
831 363
831 217
831 99
832 65
832 593
832 98
833 792
833 531
833 548
834 138
834 5
834 0
835 24
835 100
835 163
836 21
836 65
836 370
837 123
837 141
837 632
837 900
838 47
838 200
838 367
839 30
839 458
839 746
839 875
840 593
840 31
840 653
841 170
841 492
841 42
842 40
842 495
842 64
843 7
843 33
843 794
844 44
844 51
844 109
845 719
845 821
845 420
846 534
846 825
846 4
847 132
847 659
847 434
848 481
848 87
848 786
849 120
849 617
849 372
850 171
850 453
850 129
851 390
851 12
851 729
852 169
852 362
852 447
853 46
853 376
853 33
854 30
854 733
854 78
855 354
855 135
855 201
856 176
856 290
856 2
856 861
857 118
857 85
857 818
858 223
858 297
858 258
859 272
859 819
859 72
860 780
860 424
860 496
860 868
861 856
861 93
861 30
862 354
862 424
862 580
863 344
863 135
863 618
864 130
864 623
864 77
865 173
865 0
865 172
866 479
866 98
866 171
867 641
867 321
867 72
868 860
868 170
868 730
869 754
869 810
869 10
870 67
870 156
870 787
871 65
871 731
871 121
872 166
872 85
872 607
873 232
873 7
873 471
873 948
873 968
874 680
874 568
874 824
875 217
875 26
875 839
876 618
876 505
876 100
877 801
877 45
877 596
878 602
878 494
878 544
879 814
879 17
879 455
880 422
880 614
880 107
881 57
881 379
881 216
882 341
882 279
882 33
883 21
883 14
883 626
884 26
884 617
884 725
885 139
885 195
885 591
886 15
886 204
886 768
886 921
887 176
887 712
887 251
887 908
888 52
888 33
888 498
889 210
889 520
889 809
890 158
890 5
890 99
891 31
891 175
891 616
892 101
892 565
892 811
893 9
893 381
893 196
894 40
894 664
894 127
895 4
895 413
895 224
895 929
896 484
896 36
896 755
896 921
897 393
897 494
897 600
898 299
898 811
898 110
899 270
899 39
899 634
900 837
900 388
900 304
900 907
901 143
901 4
901 244
902 140
902 345
902 731
903 752
903 566
903 136
903 961
904 47
904 643
904 29
905 718
905 810
905 30
906 218
906 8
906 75
907 405
907 900
907 671
908 887
908 147
908 216
909 245
909 584
909 554
910 65
910 94
910 440
911 10
911 85
911 247
912 461
912 238
912 34
913 0
913 322
913 372
914 6
914 771
914 190
915 250
915 20
915 27
916 158
916 294
916 202
917 40
917 508
917 159
918 99
918 33
918 564
919 401
919 182
919 7
920 793
920 698
920 297
921 886
921 896
921 389
921 967
922 186
922 744
922 577
922 959
923 56
923 282
923 748
924 186
924 76
924 90
925 184
925 0
925 23
926 53
926 701
926 288
926 950
927 233
927 28
927 784
928 823
928 435
928 37
928 965
929 100
929 209
929 895
930 59
930 29
930 534
931 282
931 705
931 473
932 96
932 444
932 771
933 257
933 123
933 371
934 369
934 78
934 246
935 60
935 776
935 436
935 968
936 442
936 811
936 725
937 253
937 176
937 24
938 145
938 698
938 73
939 258
939 175
939 100
939 941
940 76
940 700
940 245
941 939
941 51
941 523
942 116
942 670
942 54
943 444
943 344
943 340
944 448
944 73
944 96
945 472
945 459
945 267
946 213
946 199
946 93
947 115
947 431
947 372
948 873
948 139
948 650
949 620
949 31
949 73
950 926
950 647
950 277
950 964
951 778
951 754
951 323
952 795
952 290
952 30
953 623
953 203
953 668
954 137
954 478
954 594
955 401
955 69
955 11
956 285
956 325
956 43
957 358
957 209
957 544
958 514
958 41
958 830
959 922
959 338
959 119
960 547
960 15
960 533
961 106
961 903
961 500
962 369
962 313
962 58
963 511
963 182
963 276
964 142
964 160
964 950
965 928
965 12
965 820
966 131
966 99
966 101
967 746
967 921
967 61
968 354
968 935
968 873
969 581
969 24
969 14
970 378
970 7
970 326
971 482
971 116
971 129
972 22
972 691
972 177
973 675
973 122
973 639
973 983
974 397
974 125
974 211
975 76
975 827
975 45
976 241
976 169
976 138
977 16
977 218
977 633
978 5
978 554
978 113
979 86
979 220
979 124
980 297
980 11
980 531
981 11
981 582
981 37
982 75
982 671
982 52
983 400
983 973
983 612
983 991
984 157
984 16
984 490
985 559
985 232
985 480
986 172
986 376
986 709
987 424
987 482
987 276
988 207
988 414
988 305
989 182
989 93
989 479
990 726
990 364
990 782
991 23
991 99
991 983
992 460
992 675
992 28
993 5
993 350
993 504
994 532
994 438
994 221
995 714
995 31
995 4
996 264
996 506
996 146
997 352
997 17
997 338
998 328
998 775
998 786
999 331
999 778
999 795
