0 1
1 0
2 1
2 0
3 0
3 1
3 2
4 2
4 1
4 0
5 2
5 1
5 0
6 4
6 2
6 0
7 4
7 0
7 1
8 1
8 2
8 3
9 6
9 0
9 1
10 1
10 4
10 0
11 10
11 0
11 7
12 3
12 2
12 0
13 10
13 1
13 9
14 2
14 0
14 6
15 7
15 8
15 14
16 4
16 5
16 10
17 2
17 4
17 3
18 6
18 4
18 2
19 9
19 8
19 2
20 4
20 1
20 15
21 5
21 4
21 0
22 1
22 19
22 0
23 20
23 5
23 2
24 1
24 22
24 21
25 9
25 22
25 5
26 20
26 22
26 2
27 16
27 4
27 15
28 8
28 1
28 5
29 1
29 23
29 15
30 3
30 7
30 6
31 4
31 21
31 3
32 1
32 6
32 0
33 0
33 3
33 4
34 4
34 11
34 5
35 27
35 11
35 1
36 6
36 4
36 8
37 16
37 1
37 23
38 28
38 9
38 18
39 5
39 33
39 15
40 4
40 10
40 20
41 3
41 39
41 10
42 9
42 0
42 6
43 26
43 15
43 10
44 4
44 16
44 0
45 3
45 18
45 9
46 6
46 12
46 23
47 10
47 0
47 30
48 1
48 40
48 20
49 48
49 2
49 29
50 16
50 3
50 41
51 15
51 10
51 2
52 24
52 18
52 26
53 38
53 2
53 37
54 10
54 44
54 17
55 26
55 0
55 28
56 18
56 4
56 2
57 4
57 9
57 0
58 1
58 19
58 38
59 48
59 1
59 4
60 30
60 6
60 13
61 7
61 12
61 1
62 2
62 1
62 12
63 9
63 37
63 1
64 4
64 19
64 63
65 4
65 5
65 2
66 15
66 0
66 37
67 63
67 9
67 17
68 1
68 3
68 23
69 4
69 30
69 48
70 27
70 28
70 38
71 20
71 1
71 4
72 34
72 40
72 66
73 1
73 24
73 21
74 1
74 72
74 53
75 54
75 31
75 5
76 66
76 37
76 48
77 68
77 0
77 6
78 10
78 73
78 30
79 8
79 2
79 0
80 15
80 3
80 29
81 18
81 15
81 17
82 18
82 10
82 7
83 12
83 22
83 4
84 2
84 0
84 5
85 81
85 0
85 21
86 68
86 17
86 20
87 0
87 67
87 20
88 6
88 7
88 1
89 14
89 44
89 48
90 23
90 4
90 66
91 6
91 45
91 28
92 91
92 16
92 62
93 6
93 63
93 0
94 2
94 74
94 70
95 18
95 86
95 74
96 44
96 21
96 4
97 10
97 41
97 20
98 2
98 20
98 5
99 1
99 63
99 30
100 0
100 26
100 20
101 5
101 40
101 67
102 10
102 34
102 81
103 87
103 59
103 91
104 56
104 18
104 87
105 95
105 4
105 68
106 24
106 10
106 74
107 5
107 1
107 22
108 4
108 27
108 39
109 8
109 94
109 47
110 26
110 9
110 18
111 3
111 44
111 61
112 20
112 71
112 10
113 0
113 105
113 65
114 20
114 73
114 3
115 74
115 113
115 0
116 77
116 65
116 68
117 1
117 50
117 0
118 64
118 20
118 1
119 18
119 21
119 11
120 26
120 29
120 106
121 41
121 61
121 56
122 27
122 108
122 15
123 83
123 22
123 5
124 2
124 8
124 93
125 65
125 66
125 96
126 73
126 22
126 0
127 73
127 126
127 8
128 69
128 98
128 8
129 49
129 10
129 100
130 127
130 26
130 29
131 33
131 4
131 20
132 9
132 3
132 118
133 2
133 22
133 24
134 37
134 112
134 2
135 9
135 94
135 15
136 86
136 10
136 36
137 118
137 66
137 62
138 49
138 26
138 7
139 0
139 116
139 20
140 7
140 57
140 29
141 4
141 112
141 104
142 24
142 22
142 10
143 98
143 75
143 82
144 20
144 21
144 22
145 100
145 2
145 5
146 68
146 4
146 28
147 24
147 137
147 15
148 122
148 4
148 126
149 42
149 105
149 16
150 95
150 60
150 132
151 21
151 5
151 112
152 89
152 5
152 1
153 140
153 55
153 63
154 5
154 135
154 1
155 137
155 31
155 71
156 20
156 6
156 35
157 13
157 0
157 24
158 0
158 86
158 10
159 68
159 86
159 21
160 123
160 2
160 22
161 1
161 39
161 29
162 1
162 93
162 85
163 20
163 66
163 144
164 0
164 115
164 49
165 5
165 8
165 2
166 19
166 62
166 10
167 69
167 111
167 7
168 146
168 17
168 140
169 1
169 73
169 4
170 15
170 1
170 24
171 29
171 86
171 166
172 111
172 20
172 124
173 1
173 24
173 6
174 18
174 5
174 69
175 101
175 1
175 20
176 109
176 23
176 168
177 27
177 74
177 117
178 10
178 64
178 21
179 4
179 48
179 129
180 133
180 63
180 73
181 58
181 49
181 126
182 74
182 6
182 0
183 27
183 67
183 19
184 4
184 11
184 132
185 93
185 0
185 29
186 101
186 46
186 26
187 171
187 104
187 37
188 117
188 38
188 34
189 21
189 186
189 30
190 93
190 121
190 33
191 20
191 126
191 4
192 6
192 0
192 11
193 127
193 4
193 161
194 28
194 62
194 0
195 22
195 143
195 186
196 163
196 98
196 10
197 147
197 195
197 75
198 2
198 169
198 8
199 28
199 127
199 10
200 125
200 4
200 10
201 20
201 35
201 3
202 10
202 74
202 132
203 125
203 72
203 10
204 176
204 66
204 20
205 11
205 56
205 20
206 55
206 19
206 12
207 14
207 179
207 5
208 143
208 8
208 21
209 1
209 71
209 24
210 3
210 18
210 66
211 74
211 17
211 144
212 7
212 99
212 6
213 98
213 20
213 3
214 94
214 110
214 112
215 156
215 1
215 115
216 127
216 138
216 83
217 4
217 124
217 73
218 188
218 65
218 44
219 218
219 125
219 204
220 5
220 122
220 23
221 3
221 20
221 8
222 110
222 21
222 4
223 48
223 2
223 75
224 72
224 45
224 20
225 0
225 21
225 15
226 212
226 62
226 86
227 79
227 73
227 0
228 188
228 17
228 208
229 79
229 24
229 171
230 0
230 72
230 99
231 115
231 63
231 23
232 118
232 2
232 10
233 146
233 26
233 73
234 1
234 96
234 6
235 116
235 75
235 212
236 71
236 198
236 171
237 49
237 161
237 46
238 180
238 79
238 3
239 225
239 13
239 157
240 62
240 40
240 108
241 191
241 118
241 4
242 94
242 159
242 0
243 0
243 3
243 79
244 232
244 16
244 160
245 19
245 220
245 23
246 201
246 5
246 0
247 208
247 119
247 67
248 221
248 210
248 37
249 84
249 3
249 53
250 5
250 147
250 11
251 171
251 0
251 5
252 104
252 228
252 91
253 2
253 75
253 104
254 32
254 4
254 119
255 2
255 23
255 48
256 250
256 3
256 10
257 97
257 51
257 211
258 110
258 5
258 9
259 188
259 190
259 199
260 0
260 16
260 257
261 85
261 8
261 2
262 100
262 191
262 140
263 140
263 125
263 10
264 95
264 58
264 4
265 33
265 66
265 250
266 53
266 170
266 5
267 8
267 225
267 194
268 38
268 20
268 83
269 1
269 93
269 4
270 113
270 18
270 72
271 93
271 202
271 15
272 0
272 166
272 182
273 65
273 224
273 15
274 3
274 113
274 4
275 142
275 4
275 149
276 11
276 224
276 169
277 23
277 111
277 139
278 8
278 135
278 71
279 163
279 20
279 203
280 4
280 3
280 5
281 73
281 250
281 4
282 26
282 97
282 3
283 91
283 11
283 24
284 43
284 212
284 76
285 20
285 5
285 94
286 10
286 109
286 5
287 105
287 22
287 91
288 0
288 1
288 236
289 6
289 16
289 232
290 142
290 155
290 56
291 254
291 21
291 161
292 226
292 26
292 114
293 114
293 161
293 6
294 79
294 182
294 17
295 8
295 2
295 195
296 253
296 111
296 22
297 228
297 10
297 26
298 219
298 83
298 0
299 0
299 148
299 91
300 22
300 59
300 191
301 12
301 6
301 218
302 171
302 11
302 281
303 238
303 249
303 6
304 4
304 94
304 68
305 9
305 18
305 241
306 48
306 60
306 157
307 90
307 132
307 62
308 24
308 27
308 159
309 119
309 56
309 206
310 110
310 1
310 4
311 32
311 143
311 5
312 4
312 105
312 304
313 2
313 290
313 27
314 309
314 191
314 72
315 56
315 62
315 255
316 64
316 20
316 0
317 37
317 16
317 137
318 72
318 4
318 307
319 33
319 202
319 11
320 46
320 257
320 5
321 1
321 54
321 8
322 4
322 73
322 203
323 260
323 1
323 139
324 83
324 177
324 1
325 14
325 246
325 37
326 26
326 2
326 12
327 138
327 15
327 298
328 138
328 1
328 227
329 22
329 93
329 1
330 10
330 50
330 142
331 242
331 155
331 54
332 8
332 122
332 85
333 8
333 10
333 123
334 142
334 299
334 16
335 11
335 210
335 1
336 304
336 121
336 246
337 145
337 30
337 5
338 39
338 66
338 8
339 220
339 23
339 191
340 260
340 56
340 22
341 4
341 24
341 39
342 201
342 85
342 23
343 147
343 87
343 271
344 220
344 109
344 314
345 329
345 271
345 35
346 22
346 101
346 19
347 101
347 54
347 30
348 330
348 64
348 1
349 246
349 63
349 54
350 6
350 1
350 17
351 4
351 8
351 11
352 76
352 17
352 10
353 16
353 6
353 0
354 19
354 97
354 308
355 169
355 9
355 24
356 4
356 21
356 3
357 256
357 231
357 203
358 71
358 10
358 309
359 47
359 160
359 86
360 127
360 299
360 10
361 171
361 216
361 156
362 73
362 328
362 94
363 120
363 353
363 131
364 13
364 20
364 65
365 49
365 73
365 201
366 202
366 35
366 5
367 65
367 0
367 2
368 103
368 290
368 178
369 236
369 141
369 12
370 155
370 122
370 220
371 36
371 146
371 1
372 10
372 159
372 346
373 273
373 50
373 4
374 351
374 151
374 197
375 295
375 172
375 354
376 292
376 32
376 73
377 37
377 176
377 8
378 1
378 75
378 146
379 139
379 6
379 44
380 171
380 108
380 22
381 44
381 1
381 13
382 129
382 329
382 177
383 71
383 94
383 0
384 172
384 15
384 8
385 22
385 70
385 8
386 210
386 20
386 304
387 206
387 372
387 74
388 24
388 277
388 159
389 6
389 10
389 7
390 179
390 55
390 4
391 253
391 132
391 9
392 6
392 159
392 95
393 27
393 2
393 7
394 308
394 4
394 316
395 22
395 157
395 71
396 0
396 73
396 153
397 2
397 4
397 38
398 35
398 90
398 1
399 59
399 176
399 340
400 49
400 0
400 139
401 250
401 9
401 53
402 57
402 30
402 232
403 380
403 10
403 90
404 79
404 61
404 118
405 219
405 74
405 37
406 117
406 255
406 237
407 0
407 7
407 23
408 249
408 65
408 259
409 271
409 187
409 228
410 271
410 385
410 79
411 2
411 277
411 360
412 147
412 137
412 67
413 93
413 8
413 111
414 271
414 229
414 140
415 268
415 106
415 30
416 232
416 49
416 76
417 261
417 227
417 169
418 411
418 362
418 255
419 24
419 168
419 404
420 57
420 83
420 299
421 63
421 5
421 122
422 9
422 131
422 23
423 4
423 178
423 82
424 100
424 4
424 182
425 44
425 17
425 4
426 126
426 2
426 197
427 74
427 44
427 0
428 0
428 310
428 316
429 261
429 93
429 197
430 2
430 16
430 41
431 20
431 164
431 98
432 7
432 127
432 233
433 90
433 274
433 60
434 29
434 228
434 103
435 73
435 274
435 68
436 15
436 0
436 127
437 353
437 262
437 3
438 4
438 425
438 225
439 1
439 232
439 28
440 184
440 183
440 83
441 58
441 0
441 387
442 400
442 241
442 254
443 426
443 157
443 390
444 171
444 395
444 302
445 183
445 98
445 85
446 55
446 111
446 280
447 1
447 3
447 23
448 4
448 325
448 10
449 3
449 38
449 14
450 63
450 255
450 1
451 224
451 277
451 111
452 96
452 150
452 87
453 16
453 161
453 1
454 4
454 78
454 49
455 375
455 329
455 220
456 153
456 349
456 323
457 93
457 0
457 111
458 247
458 90
458 68
459 21
459 19
459 186
460 308
460 10
460 277
461 1
461 119
461 18
462 372
462 136
462 23
463 3
463 300
463 68
464 15
464 241
464 208
465 77
465 292
465 117
466 406
466 196
466 138
467 253
467 6
467 130
468 353
468 287
468 1
469 23
469 87
469 67
470 8
470 193
470 192
471 98
471 0
471 18
472 37
472 20
472 72
473 34
473 83
473 4
474 228
474 411
474 74
475 135
475 250
475 289
476 20
476 126
476 70
477 6
477 289
477 426
478 292
478 0
478 49
479 44
479 1
479 8
480 219
480 186
480 22
481 267
481 158
481 294
482 12
482 294
482 312
483 1
483 305
483 304
484 71
484 182
484 22
485 12
485 5
485 7
486 247
486 198
486 126
487 215
487 121
487 20
488 110
488 271
488 85
489 123
489 26
489 22
490 72
490 170
490 257
491 4
491 38
491 182
492 263
492 0
492 6
493 275
493 94
493 24
494 8
494 491
494 10
495 17
495 274
495 129
496 371
496 445
496 168
497 4
497 17
497 23
498 470
498 6
498 221
499 62
499 18
499 408
