0 1
0 2
1 0
1 2
2 1
2 0
3 2
3 1
3 0
4 1
4 2
4 0
5 1
5 0
5 2
6 4
6 1
6 2
7 2
7 5
7 6
8 2
8 7
8 6
9 1
9 0
9 4
10 2
10 1
10 5
11 4
11 0
11 3
12 0
12 1
12 8
13 7
13 9
13 1
14 4
14 12
14 13
15 1
15 8
15 5
16 9
16 1
16 8
17 8
17 15
17 0
18 2
18 13
18 14
19 1
19 9
19 10
20 12
20 9
20 6
21 17
21 14
21 2
22 17
22 1
22 8
23 2
23 4
23 16
24 1
24 22
24 4
25 24
25 16
25 2
26 1
26 9
26 20
27 8
27 5
27 2
28 11
28 8
28 15
29 15
29 16
29 27
30 29
30 0
30 2
31 21
31 3
31 22
32 12
32 9
32 14
33 19
33 2
33 27
34 14
34 12
34 3
35 34
35 17
35 2
36 22
36 19
36 12
37 17
37 9
37 8
38 8
38 2
38 12
39 23
39 25
39 8
40 3
40 1
40 15
41 2
41 15
41 1
42 21
42 1
42 15
43 22
43 24
43 37
44 1
44 9
44 42
45 30
45 9
45 21
46 6
46 38
46 36
47 1
47 11
47 29
48 16
48 19
48 14
49 2
49 26
49 11
50 2
50 7
50 33
51 9
51 17
51 3
52 2
52 27
52 26
53 2
53 6
53 52
54 19
54 34
54 28
55 16
55 7
55 9
56 24
56 19
56 16
57 34
57 2
57 6
58 8
58 52
58 36
59 8
59 2
59 34
60 39
60 2
60 28
61 2
61 16
61 4
62 16
62 26
62 60
63 16
63 1
63 21
64 0
64 24
64 11
65 31
65 52
65 60
66 23
66 48
66 17
67 0
67 25
67 16
68 35
68 36
68 42
69 2
69 41
69 8
70 0
70 5
70 7
71 22
71 4
71 60
72 30
72 29
72 0
73 37
73 41
73 15
74 68
74 2
74 15
75 8
75 17
75 26
76 22
76 17
76 31
77 52
77 9
77 69
78 2
78 65
78 74
79 7
79 42
79 2
80 15
80 24
80 6
81 16
81 14
81 6
82 61
82 34
82 15
83 72
83 42
83 60
84 30
84 54
84 4
85 14
85 17
85 78
86 8
86 23
86 3
87 77
87 54
87 2
88 5
88 2
88 17
89 81
89 8
89 11
90 14
90 6
90 8
91 0
91 52
91 23
92 2
92 9
92 4
93 15
93 45
93 62
94 5
94 86
94 78
95 4
95 3
95 24
96 5
96 25
96 85
97 51
97 4
97 1
98 85
98 52
98 16
99 53
99 20
99 49
100 15
100 1
100 73
101 9
101 15
101 8
102 22
102 1
102 87
103 74
103 98
103 39
104 2
104 8
104 15
105 9
105 63
105 6
106 4
106 98
106 48
107 39
107 18
107 36
108 74
108 4
108 9
109 4
109 101
109 9
110 8
110 7
110 20
111 60
111 26
111 15
112 73
112 2
112 1
113 8
113 89
113 79
114 35
114 16
114 5
115 15
115 8
115 107
116 68
116 82
116 96
117 56
117 46
117 26
118 24
118 15
118 9
119 117
119 50
119 2
120 53
120 0
120 5
121 35
121 4
121 45
122 4
122 26
122 2
123 49
123 8
123 4
124 121
124 62
124 1
125 120
125 7
125 78
126 110
126 22
126 105
127 108
127 28
127 41
128 7
128 16
128 9
129 90
129 29
129 15
130 4
130 85
130 56
131 33
131 9
131 23
132 57
132 15
132 75
133 93
133 65
133 15
134 1
134 2
134 59
135 12
135 34
135 2
136 105
136 8
136 15
137 15
137 24
137 101
138 17
138 0
138 3
139 16
139 9
139 85
140 37
140 74
140 21
141 24
141 129
141 11
142 81
142 39
142 2
143 121
143 95
143 141
144 2
144 116
144 137
145 22
145 71
145 27
146 48
146 16
146 116
147 2
147 80
147 143
148 4
148 111
148 15
149 48
149 2
149 1
150 3
150 9
150 7
151 6
151 92
151 147
152 78
152 12
152 89
153 58
153 120
153 15
154 55
154 9
154 78
155 134
155 11
155 68
156 56
156 147
156 137
157 154
157 67
157 1
158 112
158 45
158 61
159 62
159 156
159 45
160 110
160 67
160 26
161 90
161 73
161 155
162 159
162 114
162 89
163 2
163 8
163 112
164 42
164 98
164 52
165 24
165 51
165 9
166 8
166 7
166 15
167 46
167 103
167 96
168 115
168 2
168 4
169 8
169 85
169 138
170 147
170 18
170 54
171 49
171 1
171 136
172 9
172 97
172 2
173 0
173 89
173 158
174 93
174 9
174 95
175 15
175 17
175 18
176 142
176 2
176 7
177 110
177 113
177 52
178 114
178 174
178 129
179 1
179 5
179 12
180 150
180 11
180 8
181 122
181 7
181 45
182 87
182 65
182 147
183 2
183 7
183 89
184 42
184 9
184 49
185 18
185 59
185 21
186 9
186 2
186 22
187 119
187 150
187 35
188 0
188 110
188 113
189 85
189 5
189 61
190 172
190 169
190 24
191 179
191 36
191 39
192 5
192 77
192 49
193 2
193 38
193 86
194 20
194 149
194 58
195 1
195 57
195 49
196 10
196 26
196 2
197 72
197 154
197 149
198 6
198 57
198 56
199 193
199 110
199 2
200 42
200 23
200 75
201 16
201 106
201 51
202 12
202 41
202 31
203 13
203 71
203 11
204 7
204 103
204 99
205 156
205 80
205 1
206 195
206 49
206 190
207 20
207 69
207 9
208 34
208 6
208 206
209 31
209 13
209 15
210 8
210 206
210 201
211 107
211 203
211 110
212 86
212 46
212 203
213 172
213 117
213 30
214 80
214 20
214 107
215 2
215 121
215 15
216 7
216 37
216 32
217 3
217 19
217 50
218 204
218 2
218 61
219 15
219 61
219 22
220 22
220 219
220 132
221 9
221 144
221 52
222 19
222 44
222 15
223 42
223 170
223 15
224 27
224 2
224 37
225 52
225 42
225 201
226 85
226 18
226 157
227 175
227 45
227 2
228 10
228 224
228 60
229 218
229 20
229 65
230 39
230 156
230 8
231 1
231 133
231 151
232 10
232 151
232 9
233 30
233 16
233 217
234 1
234 14
234 16
235 1
235 156
235 230
236 221
236 90
236 7
237 9
237 29
237 212
238 0
238 9
238 106
239 67
239 7
239 16
240 22
240 12
240 147
241 118
241 35
241 176
242 27
242 3
242 112
243 1
243 110
243 15
244 180
244 93
244 198
245 48
245 96
245 146
246 18
246 23
246 2
247 147
247 214
247 93
248 150
248 97
248 4
249 49
249 52
249 108
250 22
250 72
250 0
251 9
251 214
251 15
252 105
252 119
252 86
253 180
253 210
253 42
254 36
254 52
254 1
255 17
255 119
255 4
256 16
256 221
256 2
257 46
257 1
257 9
258 2
258 101
258 4
259 135
259 9
259 27
260 153
260 1
260 104
261 1
261 226
261 215
262 12
262 5
262 206
263 2
263 5
263 191
264 35
264 22
264 16
265 46
265 255
265 191
266 7
266 12
266 8
267 220
267 6
267 14
268 19
268 16
268 7
269 64
269 22
269 180
270 160
270 56
270 1
271 48
271 15
271 83
272 258
272 149
272 109
273 137
273 8
273 221
274 69
274 135
274 238
275 204
275 7
275 0
276 104
276 238
276 194
277 7
277 52
277 160
278 31
278 147
278 155
279 48
279 8
279 4
280 2
280 180
280 35
281 19
281 176
281 71
282 213
282 2
282 45
283 4
283 7
283 248
284 4
284 31
284 126
285 31
285 103
285 8
286 207
286 7
286 105
287 143
287 264
287 3
288 234
288 2
288 246
289 15
289 1
289 116
290 253
290 26
290 20
291 173
291 30
291 196
292 153
292 86
292 12
293 95
293 195
293 23
294 34
294 236
294 19
295 14
295 154
295 36
296 5
296 45
296 23
297 283
297 127
297 280
298 244
298 274
298 28
299 283
299 11
299 23
300 238
300 132
300 218
301 14
301 220
301 190
302 52
302 221
302 60
303 115
303 111
303 3
304 21
304 1
304 96
305 232
305 73
305 113
306 209
306 24
306 9
307 90
307 7
307 224
308 18
308 108
308 302
309 127
309 45
309 46
310 24
310 13
310 14
311 147
311 272
311 17
312 225
312 0
312 89
313 154
313 20
313 15
314 73
314 190
314 219
315 2
315 277
315 192
316 3
316 271
316 23
317 41
317 0
317 2
318 23
318 73
318 250
319 8
319 6
319 149
320 0
320 39
320 63
321 16
321 276
321 4
322 112
322 5
322 304
323 17
323 114
323 21
324 274
324 8
324 199
325 166
325 54
325 35
326 246
326 245
326 4
327 0
327 1
327 234
328 166
328 193
328 103
329 237
329 23
329 2
330 63
330 1
330 50
331 22
331 80
331 37
332 57
332 9
332 42
333 323
333 52
333 2
334 53
334 111
334 103
335 99
335 261
335 1
336 97
336 116
336 288
337 7
337 62
337 54
338 143
338 134
338 237
339 213
339 62
339 260
340 103
340 6
340 204
341 276
341 234
341 230
342 17
342 137
342 93
343 253
343 331
343 327
344 294
344 333
344 4
345 1
345 160
345 81
346 30
346 77
346 274
347 25
347 1
347 118
348 98
348 52
348 93
349 84
349 261
349 15
350 295
350 134
350 45
351 201
351 7
351 37
352 7
352 36
352 30
353 210
353 284
353 172
354 6
354 316
354 7
355 208
355 42
355 3
356 344
356 4
356 11
357 5
357 13
357 26
358 110
358 75
358 65
359 57
359 133
359 20
360 205
360 17
360 0
361 7
361 253
361 95
362 133
362 110
362 151
363 23
363 143
363 266
364 108
364 45
364 82
365 15
365 257
365 8
366 187
366 57
366 73
367 149
367 356
367 133
368 274
368 16
368 261
369 26
369 0
369 75
370 9
370 104
370 44
371 90
371 59
371 234
372 68
372 197
372 9
373 127
373 14
373 118
374 118
374 171
374 248
375 181
375 230
375 206
376 197
376 46
376 320
377 309
377 15
377 6
378 361
378 11
378 18
379 316
379 335
379 73
380 6
380 74
380 30
381 52
381 274
381 304
382 316
382 11
382 373
383 6
383 177
383 1
384 376
384 200
384 101
385 25
385 56
385 29
386 233
386 4
386 156
387 18
387 356
387 39
388 352
388 37
388 258
389 94
389 15
389 4
390 51
390 121
390 62
391 234
391 75
391 101
392 176
392 296
392 111
393 38
393 310
393 77
394 30
394 1
394 17
395 74
395 22
395 24
396 116
396 234
396 89
397 286
397 101
397 12
398 48
398 26
398 364
399 109
399 113
399 30
400 7
400 0
400 39
401 110
401 47
401 211
402 241
402 377
402 166
403 110
403 25
403 6
404 185
404 21
404 83
405 133
405 101
405 331
406 120
406 147
406 50
407 69
407 97
407 197
408 379
408 205
408 27
409 132
409 21
409 407
410 111
410 122
410 94
411 12
411 71
411 90
412 106
412 406
412 197
413 4
413 126
413 154
414 1
414 42
414 16
415 221
415 206
415 5
416 3
416 105
416 15
417 395
417 16
417 409
418 35
418 230
418 4
419 35
419 325
419 326
420 209
420 342
420 56
421 25
421 110
421 5
422 4
422 149
422 320
423 306
423 22
423 18
424 4
424 154
424 34
425 85
425 171
425 12
426 351
426 60
426 275
427 72
427 60
427 22
428 4
428 42
428 118
429 36
429 132
429 4
430 16
430 206
430 264
431 257
431 221
431 15
432 1
432 39
432 184
433 121
433 167
433 81
434 0
434 405
434 128
435 402
435 21
435 7
436 214
436 111
436 69
437 284
437 231
437 274
438 77
438 96
438 2
439 52
439 28
439 355
440 252
440 25
440 147
441 91
441 258
441 8
442 12
442 7
442 255
443 52
443 81
443 442
444 73
444 118
444 346
445 234
445 344
445 62
446 60
446 279
446 4
447 1
447 203
447 111
448 9
448 104
448 79
449 18
449 354
449 253
450 446
450 147
450 2
451 431
451 13
451 25
452 259
452 30
452 194
453 23
453 169
453 416
454 378
454 22
454 16
455 74
455 94
455 34
456 0
456 4
456 246
457 16
457 263
457 174
458 330
458 11
458 245
459 131
459 23
459 389
460 56
460 15
460 400
461 211
461 248
461 96
462 135
462 7
462 23
463 126
463 3
463 261
464 277
464 37
464 8
465 286
465 149
465 101
466 307
466 80
466 194
467 5
467 247
467 89
468 1
468 43
468 98
469 71
469 11
469 30
470 261
470 266
470 393
471 2
471 277
471 380
472 335
472 16
472 4
473 34
473 23
473 206
474 452
474 412
474 283
475 24
475 144
475 457
476 131
476 8
476 1
477 10
477 2
477 255
478 1
478 97
478 52
479 100
479 0
479 81
480 151
480 133
480 268
481 118
481 135
481 463
482 96
482 179
482 84
483 119
483 425
483 301
484 4
484 196
484 1
485 143
485 48
485 57
486 234
486 166
486 27
487 359
487 1
487 4
488 111
488 272
488 1
489 104
489 85
489 290
490 119
490 398
490 1
491 5
491 268
491 326
492 255
492 174
492 385
493 1
493 9
493 45
494 120
494 45
494 8
495 133
495 7
495 384
496 5
496 0
496 163
497 62
497 90
497 45
498 220
498 181
498 154
499 159
499 81
499 448
