0 1
1 0
2 0
2 1
3 2
3 0
3 1
4 1
4 2
4 3
5 3
5 1
5 0
6 2
6 1
6 0
7 0
7 1
7 2
8 0
8 1
8 2
9 7
9 0
9 2
10 1
10 0
10 2
11 0
11 1
11 10
12 1
12 11
12 5
13 0
13 1
13 2
14 10
14 0
14 2
15 1
15 0
15 5
16 1
16 6
16 3
17 2
17 1
17 13
18 10
18 16
18 6
19 5
19 6
19 7
20 12
20 10
20 9
21 1
21 5
21 6
22 21
22 10
22 5
23 7
23 1
23 16
24 6
24 12
24 10
25 0
25 5
25 1
26 2
26 0
26 15
27 0
27 9
27 5
28 1
28 5
28 14
29 1
29 2
29 14
30 5
30 6
30 0
31 5
31 18
31 20
32 2
32 7
32 19
33 1
33 32
33 16
34 5
34 20
34 0
35 5
35 26
35 12
36 1
36 0
36 3
37 32
37 20
37 1
38 2
38 3
38 5
39 3
39 16
39 1
40 25
40 5
40 6
41 1
41 3
41 31
42 37
42 16
42 33
43 1
43 2
43 5
44 20
44 18
44 3
45 2
45 9
45 4
46 40
46 2
46 37
47 7
47 10
47 21
48 2
48 3
48 1
49 5
49 37
49 14
