0 1
0 2
0 3
0 5
0 7
0 9
0 13
1 0
1 2
1 3
1 4
1 6
1 10
1 19
2 1
2 0
2 3
2 4
2 5
2 7
2 8
3 2
3 1
3 0
3 4
3 5
3 6
3 7
4 3
4 1
4 2
4 9
4 11
4 13
4 28
5 0
5 3
5 2
5 6
5 8
5 9
5 10
6 1
6 3
6 5
6 11
6 12
6 14
6 23
7 3
7 2
7 0
7 10
7 13
7 16
7 18
8 3
8 2
8 5
8 11
8 12
8 14
8 18
9 5
9 0
9 4
9 15
9 16
9 18
9 20
10 1
10 7
10 5
10 15
10 29
10 51
10 78
11 8
11 4
11 6
11 28
11 43
11 55
11 64
12 6
12 8
12 5
12 14
12 17
12 62
13 4
13 7
13 0
13 15
13 34
13 35
13 44
14 8
14 12
14 6
14 20
14 29
14 33
14 86
15 10
15 13
15 9
15 26
15 52
15 75
16 7
16 9
16 2
16 24
16 28
16 30
17 5
17 2
17 12
17 19
17 22
17 38
17 40
18 9
18 8
18 7
18 77
19 2
19 1
19 17
19 24
19 25
19 37
19 41
20 14
20 9
20 3
20 22
20 30
20 57
21 7
21 8
21 3
21 27
21 53
21 56
22 8
22 20
22 17
22 27
22 44
22 45
22 50
23 3
23 6
23 8
23 92
24 19
24 16
24 1
24 26
24 41
24 87
24 95
25 5
25 7
25 19
25 32
25 35
25 70
26 24
26 0
26 15
26 39
26 59
27 21
27 1
27 22
27 49
27 60
27 89
28 16
28 11
28 4
28 30
28 31
28 32
28 33
29 3
29 10
29 14
29 44
29 72
29 93
30 16
30 20
30 28
30 34
30 55
30 93
31 28
31 9
31 3
31 46
31 53
31 83
32 0
32 28
32 25
32 36
32 40
32 47
32 58
33 1
33 28
33 14
33 97
34 13
34 30
34 7
34 35
34 40
34 45
34 71
35 13
35 25
35 34
35 54
35 61
35 72
36 2
36 32
36 1
37 2
37 5
37 19
37 48
37 54
37 61
38 0
38 1
38 17
38 73
39 26
39 0
39 8
40 32
40 17
40 34
40 43
40 59
40 66
40 68
41 8
41 19
41 24
41 49
41 52
42 3
42 7
42 1
42 84
42 99
43 40
43 3
43 11
44 29
44 22
44 13
44 63
44 72
44 79
44 88
45 34
45 28
45 22
46 31
46 2
46 13
46 52
47 3
47 32
47 28
47 70
48 37
48 1
48 3
48 56
48 76
49 27
49 3
49 41
49 62
49 78
50 8
50 22
50 2
51 4
51 10
51 5
52 46
52 15
52 41
52 68
52 74
52 89
53 28
53 21
53 31
53 73
54 35
54 37
54 3
54 62
54 73
54 85
55 0
55 30
55 11
55 78
56 2
56 21
56 48
56 83
57 5
57 22
57 20
57 64
57 77
57 95
58 2
58 4
58 32
59 26
59 1
59 40
59 67
60 4
60 27
60 7
60 84
61 8
61 37
61 35
61 80
61 95
62 54
62 49
62 12
62 76
63 7
63 44
63 13
63 65
63 69
64 57
64 11
64 22
64 68
64 98
65 9
65 63
65 6
66 32
66 28
66 40
67 19
67 59
67 22
67 99
68 52
68 40
68 64
68 69
68 90
69 11
69 68
69 63
70 6
70 47
70 25
70 80
71 34
71 6
71 4
72 44
72 35
72 29
72 97
73 53
73 38
73 54
74 52
74 3
74 0
74 98
75 15
75 8
75 19
76 62
76 48
76 2
76 82
77 57
77 0
77 18
77 85
77 87
78 10
78 49
78 55
78 96
78 99
79 0
79 13
79 44
80 61
80 4
80 70
81 4
81 3
81 1
82 7
82 76
82 17
83 1
83 56
83 31
84 42
84 13
84 60
85 77
85 13
85 54
86 14
86 5
86 32
86 93
87 2
87 24
87 77
88 2
88 14
88 44
89 52
89 11
89 27
90 2
90 68
90 40
91 4
91 2
91 9
92 34
92 8
92 23
93 86
93 30
93 29
94 10
94 34
94 9
94 98
95 24
95 61
95 57
96 3
96 9
96 78
97 3
97 33
97 72
98 74
98 94
98 64
99 67
99 42
99 78
