0 1
0 2
0 3
0 4
0 5
1 0
1 2
1 3
1 4
1 5
2 1
2 0
2 3
2 4
2 7
3 1
3 2
3 0
3 5
3 10
4 2
4 1
4 0
4 6
4 11
5 3
5 1
5 0
5 6
5 8
6 5
6 1
6 4
6 7
6 8
7 6
7 2
7 1
7 13
7 15
8 6
8 0
8 5
8 9
8 15
9 2
9 5
9 8
9 20
9 25
10 1
10 6
10 3
10 12
10 13
11 4
11 3
11 2
11 73
12 2
12 10
12 1
12 25
12 41
13 7
13 10
13 4
13 15
13 24
14 6
14 1
14 5
14 34
15 13
15 8
15 7
15 18
15 19
16 2
16 5
16 7
16 75
17 3
17 1
17 5
17 23
17 38
18 5
18 7
18 15
18 19
18 32
19 15
19 3
19 18
19 27
19 29
20 0
20 7
20 9
20 42
20 67
21 5
21 15
21 7
21 53
21 67
22 15
22 8
22 2
22 39
23 5
23 17
23 8
23 24
23 43
24 13
24 7
24 23
24 29
24 35
25 9
25 13
25 12
25 34
25 38
26 4
26 9
26 2
26 36
27 19
27 6
27 3
27 37
27 44
28 5
28 15
28 0
28 45
28 53
29 2
29 24
29 19
29 84
29 92
30 2
30 7
30 3
30 45
30 61
31 4
31 13
31 3
31 81
32 0
32 3
32 18
32 44
32 59
33 15
33 18
33 6
33 48
34 25
34 2
34 14
34 35
34 36
35 2
35 34
35 24
35 36
35 48
36 34
36 26
36 35
36 49
36 77
37 18
37 1
37 27
37 40
37 50
38 3
38 17
38 25
38 47
38 73
39 8
39 22
39 6
39 59
39 91
40 7
40 4
40 37
40 56
40 61
41 5
41 4
41 12
42 20
42 13
42 2
42 55
42 57
43 34
43 23
43 3
44 27
44 13
44 32
44 67
44 85
45 28
45 30
45 1
45 74
45 81
46 5
46 23
46 1
47 1
47 18
47 38
48 35
48 10
48 33
48 54
48 70
49 3
49 5
49 36
49 56
49 66
50 5
50 24
50 37
50 51
51 1
51 50
51 9
51 72
51 91
52 27
52 7
52 10
53 5
53 28
53 21
53 63
54 8
54 9
54 48
54 57
54 68
55 1
55 3
55 42
55 62
55 74
56 4
56 40
56 49
56 72
56 81
57 34
57 42
57 54
58 5
58 10
58 12
59 32
59 39
59 2
59 90
60 35
60 27
60 3
60 99
61 30
61 8
61 40
62 1
62 24
62 55
62 83
63 2
63 53
63 0
63 95
64 5
64 1
64 10
65 15
65 34
65 19
66 25
66 49
66 10
66 92
67 21
67 20
67 44
67 90
67 93
68 35
68 1
68 54
69 35
69 54
69 8
70 4
70 1
70 48
70 94
71 42
71 5
71 34
72 51
72 56
72 34
72 96
73 38
73 15
73 11
73 94
73 98
74 45
74 55
74 1
75 27
75 16
75 4
75 80
76 12
76 7
76 35
76 78
76 96
77 36
77 27
77 0
78 28
78 76
78 0
78 80
78 83
79 15
79 3
79 24
79 87
79 92
80 75
80 5
80 78
81 45
81 31
81 56
82 34
82 35
82 0
83 13
83 78
83 62
84 27
84 1
84 29
84 91
85 2
85 28
85 44
85 95
86 10
86 48
86 34
87 79
87 2
87 78
88 36
88 23
88 5
89 10
89 12
89 44
90 49
90 59
90 67
91 51
91 39
91 84
92 29
92 79
92 66
93 40
93 67
93 4
94 13
94 70
94 73
95 85
95 63
95 8
96 72
96 76
96 3
97 45
97 34
97 39
98 73
98 15
98 4
99 3
99 9
99 60
