0 1
1 0
2 1
2 0
3 0
3 1
3 2
4 1
4 2
4 3
5 1
5 3
5 0
6 4
6 0
6 5
7 1
7 6
7 0
8 3
8 2
8 0
9 6
9 1
9 5
10 0
10 9
10 2
11 7
11 3
11 5
12 0
12 5
12 3
13 2
13 3
13 5
14 0
14 2
14 13
15 6
15 13
15 3
16 5
16 9
16 0
17 9
17 2
17 7
18 0
18 7
18 16
19 10
19 3
19 1
20 3
20 5
20 0
21 5
21 9
21 12
22 1
22 0
22 10
23 0
23 9
23 3
24 23
24 3
24 6
25 0
25 3
25 19
26 1
26 2
26 0
27 11
27 10
27 0
28 23
28 12
28 1
29 14
29 7
29 5
30 9
30 10
30 14
31 3
31 19
31 2
32 9
32 6
32 14
33 0
33 18
33 5
34 17
34 26
34 5
35 5
35 31
35 2
36 3
36 7
36 8
37 20
37 0
37 23
38 18
38 17
38 0
39 9
39 2
39 33
40 13
40 30
40 5
41 5
41 4
41 13
42 2
42 30
42 5
43 0
43 17
43 16
44 14
44 13
44 16
45 34
45 17
45 5
46 10
46 7
46 15
47 2
47 19
47 36
48 31
48 0
48 3
49 7
49 23
49 2
