0 1
0 2
1 0
1 2
2 0
2 1
3 1
3 2
3 0
4 2
4 0
4 1
5 4
5 0
5 3
6 3
6 2
6 1
7 1
7 4
7 0
8 0
8 1
8 4
9 6
9 1
9 2
10 1
10 9
10 7
11 1
11 10
11 6
12 8
12 5
12 1
13 1
13 6
13 2
14 9
14 6
14 7
15 1
15 7
15 4
16 1
16 15
16 6
17 1
17 2
17 3
18 15
18 4
18 1
19 0
19 5
19 13
20 0
20 4
20 3
21 2
21 1
21 4
22 15
22 9
22 10
23 3
23 6
23 2
24 4
24 1
24 5
25 4
25 0
25 22
26 23
26 11
26 15
27 9
27 15
27 4
28 5
28 2
28 3
29 2
29 20
29 6
30 18
30 20
30 4
31 2
31 7
31 23
32 24
32 3
32 9
33 1
33 20
33 9
34 6
34 24
34 20
35 7
35 1
35 13
36 7
36 35
36 4
37 15
37 6
37 0
38 0
38 15
38 17
39 10
39 15
39 35
40 0
40 26
40 10
41 1
41 4
41 19
42 10
42 2
42 31
43 2
43 11
43 37
44 15
44 2
44 10
45 15
45 41
45 0
46 1
46 11
46 4
47 21
47 20
47 0
48 2
48 12
48 32
49 16
49 29
49 24
