0 1
0 2
0 3
0 4
1 0
1 2
1 3
1 4
2 0
2 1
2 3
2 4
3 0
3 1
3 2
3 6
4 2
4 0
4 1
4 6
5 2
5 1
5 0
5 8
6 2
6 3
6 4
6 8
7 3
7 1
7 4
7 16
8 6
8 1
8 5
8 10
9 2
9 3
9 0
9 14
10 0
10 3
10 8
10 17
11 0
11 2
11 5
11 15
12 5
12 2
12 8
12 22
13 2
13 1
13 4
13 22
14 8
14 2
14 9
14 72
15 4
15 2
15 11
15 20
16 6
16 7
16 8
16 17
17 10
17 8
17 16
17 22
18 11
18 10
18 3
18 40
19 4
19 5
19 8
19 23
20 15
20 6
20 10
20 30
21 1
21 0
21 2
21 46
22 13
22 12
22 17
22 28
23 3
23 4
23 19
23 45
24 4
24 3
24 16
24 30
25 0
25 6
25 4
25 47
26 16
26 12
26 2
26 38
27 4
27 3
27 0
27 39
28 9
28 22
28 3
28 31
29 1
29 6
29 4
30 4
30 20
30 24
30 44
31 28
31 13
31 3
31 40
32 17
32 4
32 2
32 45
33 2
33 12
33 3
33 55
34 8
34 11
34 4
34 39
35 1
35 3
35 2
35 70
36 3
36 0
36 16
36 48
37 1
37 4
37 16
37 80
38 0
38 26
38 2
38 63
39 2
39 27
39 34
39 43
40 6
40 31
40 18
40 59
41 26
41 22
41 3
41 69
42 12
42 2
42 15
42 52
43 15
43 39
43 11
43 78
44 30
44 10
44 3
44 89
45 32
45 23
45 13
45 65
46 26
46 21
46 4
46 66
47 25
47 13
47 27
47 70
48 23
48 21
48 36
48 63
49 4
49 13
49 16
49 62
50 2
50 0
50 12
50 95
51 10
51 23
51 3
51 78
52 13
52 42
52 6
52 59
53 9
53 3
53 2
53 61
54 1
54 6
54 24
55 7
55 2
55 33
56 13
56 9
56 1
57 10
57 6
57 30
58 16
58 0
58 13
59 16
59 52
59 40
59 60
60 59
60 2
60 30
61 36
61 53
61 22
62 49
62 3
62 23
63 38
63 0
63 48
63 77
64 8
64 49
64 2
64 94
65 16
65 28
65 45
66 53
66 9
66 46
67 2
67 15
67 7
68 2
68 8
68 13
69 41
69 7
69 8
69 71
70 35
70 1
70 47
71 69
71 4
71 30
71 97
72 6
72 4
72 14
73 69
73 48
73 4
73 74
74 3
74 73
74 17
75 32
75 13
75 33
76 2
76 20
76 0
77 0
77 59
77 63
78 3
78 51
78 43
78 93
79 2
79 11
79 26
80 11
80 4
80 37
81 24
81 47
81 49
82 23
82 2
82 42
83 30
83 0
83 42
84 24
84 2
84 5
85 6
85 1
85 30
86 11
86 7
86 30
87 16
87 11
87 30
88 34
88 10
88 32
89 32
89 34
89 44
89 93
90 4
90 24
90 10
91 6
91 2
91 8
92 2
92 13
92 30
93 78
93 89
93 10
93 98
94 13
94 64
94 22
95 1
95 50
95 18
96 63
96 12
96 8
97 6
97 71
97 63
98 42
98 93
98 2
99 4
99 23
99 73
