0 1
1 0
2 1
2 0
3 0
3 1
3 2
4 1
4 0
4 2
5 0
5 1
5 2
6 1
6 0
6 2
7 3
7 0
7 5
8 2
8 0
8 5
9 6
9 1
9 7
10 6
10 2
10 1
11 0
11 10
11 7
12 6
12 5
12 2
13 6
13 1
13 9
14 6
14 2
14 13
15 5
15 0
15 6
16 12
16 10
16 4
17 11
17 16
17 9
18 11
18 14
18 5
19 0
19 2
19 5
20 15
20 5
20 13
21 10
21 4
21 0
22 1
22 13
22 11
23 17
23 2
23 0
24 14
24 20
24 2
25 16
25 1
25 19
26 10
26 0
26 19
27 12
27 4
27 8
28 5
28 10
28 23
29 14
29 9
29 26
30 1
30 10
30 8
31 10
31 1
31 4
32 5
32 14
32 24
33 10
33 23
33 28
34 2
34 10
34 0
35 31
35 1
35 0
36 6
36 30
36 24
37 35
37 10
37 8
38 5
38 9
38 14
39 0
39 4
39 16
40 10
40 5
40 13
41 0
41 30
41 5
42 40
42 0
42 41
43 10
43 21
43 2
44 14
44 5
44 10
45 4
45 2
45 35
46 28
46 21
46 4
47 20
47 14
47 46
48 36
48 1
48 47
49 9
49 12
49 30
50 1
50 24
50 38
51 43
51 17
51 44
52 40
52 46
52 19
53 51
53 2
53 21
54 8
54 21
54 0
55 4
55 0
55 8
56 26
56 19
56 11
57 0
57 48
57 16
58 6
58 18
58 56
59 7
59 0
59 5
60 26
60 0
60 56
61 6
61 21
61 24
62 26
62 23
62 27
63 15
63 21
63 10
64 47
64 51
64 56
65 37
65 14
65 46
66 65
66 35
66 5
67 40
67 30
67 0
68 4
68 46
68 44
69 2
69 1
69 4
70 39
70 1
70 30
71 30
71 2
71 41
72 44
72 47
72 45
73 19
73 49
73 32
74 5
74 62
74 23
75 45
75 0
75 43
76 50
76 74
76 1
77 9
77 6
77 5
78 4
78 42
78 54
79 10
79 49
79 62
80 74
80 5
80 4
81 43
81 5
81 30
82 26
82 2
82 45
83 6
83 2
83 9
84 13
84 36
84 5
85 43
85 26
85 62
86 55
86 67
86 10
87 33
87 4
87 5
88 37
88 9
88 64
89 45
89 30
89 0
90 11
90 28
90 54
91 40
91 59
91 2
92 43
92 52
92 26
93 10
93 57
93 28
94 27
94 15
94 76
95 0
95 87
95 10
96 2
96 70
96 40
97 65
97 54
97 7
98 30
98 47
98 0
99 15
99 84
99 90
