0 1
1 0
2 1
2 0
3 2
3 1
3 0
4 2
4 0
4 1
5 4
5 1
5 0
6 0
6 5
6 1
7 5
7 1
7 2
8 3
8 0
8 1
9 1
9 2
9 0
10 7
10 6
10 8
11 1
11 6
11 8
12 8
12 9
12 5
13 0
13 8
13 6
14 8
14 9
14 1
15 0
15 2
15 7
16 7
16 9
16 0
17 7
17 1
17 6
18 0
18 1
18 8
19 13
19 1
19 6
20 2
20 10
20 11
21 3
21 2
21 20
22 8
22 20
22 0
23 2
23 0
23 9
24 0
24 15
24 1
25 12
25 10
25 2
26 2
26 23
26 0
27 9
27 11
27 5
28 0
28 9
28 1
29 23
29 1
29 7
30 16
30 4
30 0
31 17
31 1
31 7
32 2
32 10
32 13
33 8
33 1
33 3
34 12
34 10
34 0
35 3
35 0
35 9
36 0
36 11
36 18
37 16
37 13
37 7
38 1
38 3
38 7
39 28
39 1
39 2
40 0
40 26
40 6
41 1
41 6
41 25
42 1
42 27
42 0
43 30
43 40
43 1
44 21
44 2
44 29
45 5
45 10
45 36
46 1
46 26
46 11
47 15
47 17
47 14
48 0
48 7
48 38
49 22
49 20
49 44
50 0
50 1
50 7
51 26
51 34
51 41
52 3
52 1
52 20
53 26
53 47
53 0
54 1
54 13
54 37
55 22
55 43
55 46
56 49
56 3
56 50
57 40
57 43
57 0
58 11
58 45
58 26
59 5
59 13
59 32
60 10
60 1
60 49
61 1
61 26
61 7
62 26
62 10
62 5
63 1
63 23
63 6
64 47
64 27
64 16
65 1
65 20
65 26
66 47
66 15
66 3
67 49
67 0
67 3
68 1
68 10
68 4
69 0
69 55
69 38
70 45
70 8
70 0
71 6
71 17
71 66
72 67
72 17
72 71
73 65
73 8
73 28
74 11
74 9
74 2
75 21
75 9
75 1
76 0
76 67
76 10
77 8
77 70
77 71
78 75
78 0
78 11
79 0
79 3
79 60
80 23
80 79
80 57
81 72
81 49
81 57
82 0
82 60
82 73
83 18
83 1
83 17
84 66
84 67
84 47
85 38
85 23
85 48
86 13
86 11
86 0
87 17
87 3
87 7
88 71
88 11
88 7
89 50
89 55
89 45
90 48
90 25
90 0
91 25
91 47
91 1
92 5
92 65
92 17
93 38
93 9
93 17
94 11
94 6
94 2
95 91
95 1
95 74
96 74
96 13
96 66
97 10
97 9
97 73
98 14
98 79
98 84
99 14
99 65
99 1
100 26
100 33
100 5
101 79
101 17
101 7
102 14
102 53
102 48
103 101
103 1
103 20
104 13
104 71
104 0
105 3
105 31
105 2
106 15
106 0
106 67
107 20
107 26
107 33
108 47
108 50
108 2
109 56
109 85
109 94
110 23
110 6
110 4
111 26
111 28
111 88
112 17
112 84
112 109
113 42
113 24
113 47
114 1
114 80
114 0
115 78
115 26
115 93
116 0
116 71
116 1
117 26
117 38
117 34
118 98
118 3
118 0
119 15
119 63
119 0
120 19
120 8
120 20
121 30
121 56
121 20
122 10
122 86
122 109
123 108
123 79
123 27
124 30
124 7
124 55
125 16
125 98
125 67
126 81
126 1
126 79
127 40
127 121
127 46
128 2
128 71
128 81
129 33
129 3
129 8
130 3
130 68
130 1
131 101
131 32
131 57
132 3
132 0
132 76
133 79
133 33
133 1
134 2
134 76
134 81
135 57
135 1
135 35
136 6
136 13
136 1
137 2
137 65
137 3
138 38
138 80
138 88
139 6
139 49
139 53
140 75
140 17
140 81
141 13
141 8
141 111
142 9
142 0
142 16
143 128
143 37
143 20
144 64
144 6
144 112
145 33
145 29
145 105
146 35
146 33
146 3
147 5
147 14
147 146
148 66
148 31
148 27
149 105
149 17
149 8
150 5
150 6
150 14
151 92
151 16
151 17
152 7
152 65
152 66
153 95
153 108
153 120
154 141
154 44
154 153
155 129
155 73
155 50
156 76
156 97
156 103
157 35
157 143
157 1
158 74
158 70
158 30
159 156
159 57
159 49
160 156
160 0
160 4
161 17
161 87
161 64
162 1
162 62
162 49
163 13
163 122
163 6
164 146
164 6
164 135
165 164
165 1
165 66
166 67
166 20
166 132
167 35
167 13
167 8
168 0
168 33
168 34
169 2
169 70
169 11
170 103
170 42
170 21
171 95
171 24
171 10
172 20
172 32
172 104
173 118
173 110
173 9
174 1
174 75
174 99
175 10
175 8
175 2
176 75
176 143
176 139
177 156
177 72
177 90
178 96
178 32
178 28
179 3
179 32
179 39
180 8
180 6
180 115
181 2
181 37
181 12
182 2
182 5
182 3
183 13
183 2
183 164
184 4
184 17
184 0
185 142
185 60
185 83
186 26
186 46
186 2
187 169
187 139
187 75
188 0
188 2
188 137
189 136
189 56
189 125
190 67
190 89
190 2
191 6
191 1
191 88
192 38
192 81
192 60
193 105
193 13
193 8
194 57
194 34
194 76
195 104
195 21
195 42
196 52
196 65
196 71
197 0
197 26
197 1
198 17
198 4
198 0
199 0
199 27
199 66
200 65
200 7
200 73
201 82
201 188
201 108
202 73
202 35
202 9
203 3
203 156
203 48
204 16
204 7
204 48
205 11
205 193
205 3
206 15
206 99
206 23
207 13
207 103
207 18
208 57
208 118
208 56
209 10
209 108
209 17
210 0
210 203
210 1
211 11
211 60
211 21
212 66
212 0
212 142
213 2
213 6
213 59
214 14
214 99
214 69
215 13
215 81
215 11
216 104
216 95
216 15
217 13
217 56
217 141
218 1
218 74
218 128
219 75
219 31
219 210
220 15
220 109
220 200
221 10
221 14
221 67
222 8
222 47
222 100
223 1
223 89
223 99
224 49
224 6
224 7
225 71
225 17
225 38
226 35
226 104
226 76
227 20
227 32
227 156
228 135
228 95
228 125
229 226
229 13
229 6
230 109
230 34
230 16
231 6
231 54
231 57
232 8
232 9
232 75
233 14
233 47
233 103
234 121
234 157
234 72
235 17
235 78
235 13
236 121
236 20
236 58
237 4
237 200
237 33
238 14
238 0
238 34
239 6
239 24
239 55
240 0
240 56
240 55
241 204
241 199
241 152
242 80
242 1
242 90
243 62
243 181
243 127
244 76
244 226
244 36
245 45
245 20
245 3
246 47
246 195
246 193
247 17
247 2
247 16
248 108
248 8
248 66
249 13
249 6
249 33
250 113
250 229
250 28
251 30
251 186
251 1
252 82
252 66
252 21
253 5
253 75
253 47
254 117
254 104
254 207
255 72
255 2
255 30
256 14
256 127
256 48
257 45
257 108
257 34
258 158
258 8
258 27
259 29
259 190
259 226
260 256
260 143
260 237
261 234
261 44
261 95
262 208
262 245
262 58
263 56
263 26
263 105
264 189
264 2
264 141
265 0
265 216
265 156
266 55
266 183
266 1
267 25
267 21
267 7
268 144
268 30
268 127
269 168
269 8
269 16
270 38
270 129
270 181
271 30
271 66
271 73
272 50
272 104
272 83
273 0
273 4
273 161
274 11
274 229
274 130
275 159
275 239
275 51
276 108
276 241
276 182
277 43
277 162
277 179
278 17
278 71
278 198
279 19
279 73
279 51
280 157
280 6
280 10
281 133
281 16
281 34
282 26
282 119
282 251
283 0
283 282
283 34
284 23
284 34
284 7
285 2
285 26
285 269
286 17
286 26
286 82
287 65
287 189
287 11
288 73
288 16
288 241
289 288
289 81
289 8
290 22
290 46
290 0
291 186
291 207
291 20
292 9
292 226
292 2
293 2
293 0
293 1
294 31
294 98
294 60
295 17
295 20
295 13
296 136
296 72
296 171
297 183
297 14
297 2
298 28
298 196
298 77
299 60
299 9
299 30
300 141
300 202
300 115
301 67
301 299
301 109
302 60
302 224
302 3
303 150
303 294
303 84
304 66
304 7
304 0
305 248
305 22
305 8
306 38
306 85
306 129
307 200
307 16
307 194
308 238
308 1
308 195
309 8
309 159
309 77
310 26
310 297
310 66
311 20
311 232
311 190
312 57
312 216
312 84
313 120
313 148
313 265
314 271
314 96
314 20
315 7
315 129
315 50
316 97
316 56
316 71
317 224
317 256
317 259
318 123
318 9
318 84
319 124
319 7
319 56
320 75
320 34
320 94
321 22
321 0
321 295
322 97
322 61
322 11
323 76
323 160
323 9
324 31
324 67
324 218
325 50
325 62
325 72
326 140
326 137
326 6
327 103
327 4
327 11
328 56
328 84
328 118
329 310
329 154
329 20
330 4
330 304
330 80
331 38
331 4
331 109
332 6
332 9
332 248
333 314
333 2
333 45
334 148
334 1
334 187
335 44
335 244
335 11
336 151
336 116
336 18
337 1
337 141
337 57
338 66
338 153
338 129
339 174
339 208
339 66
340 7
340 262
340 226
341 120
341 320
341 269
342 76
342 243
342 289
343 248
343 71
343 174
344 186
344 254
344 256
345 81
345 335
345 7
346 20
346 89
346 65
347 311
347 70
347 222
348 261
348 64
348 310
349 52
349 247
349 43
350 4
350 103
350 241
351 7
351 17
351 156
352 144
352 261
352 96
353 246
353 0
353 204
354 294
354 10
354 13
355 137
355 75
355 171
356 337
356 176
356 250
357 54
357 0
357 23
358 153
358 266
358 7
359 250
359 317
359 21
360 156
360 19
360 12
361 80
361 246
361 84
362 35
362 272
362 240
363 172
363 2
363 158
364 214
364 9
364 20
365 292
365 16
365 79
366 353
366 1
366 251
367 26
367 13
367 349
368 21
368 340
368 259
369 105
369 223
369 85
370 26
370 317
370 2
371 1
371 0
371 56
372 109
372 367
372 0
373 52
373 302
373 9
374 19
374 47
374 20
375 0
375 40
375 210
376 334
376 199
376 7
377 60
377 2
377 74
378 323
378 330
378 5
379 106
379 191
379 277
380 334
380 164
380 80
381 11
381 363
381 90
382 167
382 320
382 66
383 84
383 33
383 139
384 26
384 310
384 142
385 73
385 23
385 195
386 7
386 26
386 202
387 188
387 97
387 96
388 121
388 156
388 1
389 202
389 64
389 67
390 9
390 24
390 26
391 4
391 282
391 152
392 21
392 136
392 216
393 3
393 8
393 6
394 79
394 174
394 290
395 4
395 103
395 197
396 376
396 345
396 175
397 118
397 7
397 225
398 65
398 223
398 195
399 322
399 2
399 72
400 71
400 128
400 13
401 143
401 2
401 96
402 116
402 26
402 1
403 160
403 402
403 112
404 142
404 3
404 43
405 8
405 6
405 11
406 314
406 20
406 1
407 158
407 4
407 56
408 19
408 115
408 17
409 282
409 38
409 81
410 27
410 123
410 13
411 232
411 31
411 216
412 182
412 314
412 24
413 0
413 201
413 47
414 56
414 33
414 51
415 30
415 7
415 1
416 413
416 298
416 352
417 293
417 241
417 41
418 381
418 3
418 56
419 130
419 370
419 159
420 31
420 365
420 186
421 7
421 382
421 84
422 46
422 352
422 232
423 384
423 1
423 7
424 420
424 198
424 137
425 10
425 13
425 72
426 45
426 0
426 314
427 313
427 91
427 321
428 136
428 6
428 139
429 323
429 2
429 13
430 157
430 20
430 16
431 38
431 73
431 1
432 1
432 110
432 7
433 96
433 284
433 410
434 427
434 173
434 2
435 26
435 6
435 2
436 204
436 103
436 123
437 157
437 206
437 49
438 171
438 0
438 164
439 135
439 20
439 250
440 340
440 6
440 428
441 26
441 404
441 8
442 3
442 80
442 59
443 0
443 248
443 367
444 214
444 3
444 255
445 56
445 194
445 154
446 366
446 287
446 46
447 73
447 139
447 274
448 56
448 327
448 281
449 58
449 79
449 7
450 266
450 30
450 0
451 185
451 0
451 9
452 40
452 10
452 371
453 6
453 296
453 422
454 263
454 261
454 3
455 248
455 367
455 4
456 0
456 85
456 309
457 71
457 27
457 447
458 167
458 0
458 71
459 241
459 20
459 2
460 49
460 9
460 250
461 360
461 359
461 221
462 351
462 227
462 226
463 73
463 75
463 212
464 172
464 160
464 261
465 108
465 73
465 1
466 323
466 89
466 143
467 1
467 199
467 0
468 16
468 92
468 214
469 14
469 6
469 23
470 293
470 108
470 32
471 204
471 251
471 182
472 32
472 379
472 1
473 33
473 13
473 374
474 11
474 103
474 160
475 336
475 268
475 18
476 10
476 136
476 163
477 318
477 369
477 50
478 241
478 392
478 370
479 56
479 57
479 36
480 14
480 405
480 0
481 403
481 17
481 14
482 242
482 307
482 5
483 316
483 3
483 0
484 328
484 244
484 466
485 105
485 122
485 51
486 225
486 43
486 0
487 143
487 363
487 388
488 104
488 6
488 387
489 214
489 43
489 204
490 450
490 210
490 0
491 30
491 60
491 108
492 32
492 310
492 332
493 353
493 40
493 239
494 11
494 466
494 411
495 42
495 66
495 432
496 303
496 17
496 6
497 38
497 341
497 362
498 80
498 191
498 1
499 236
499 264
499 164
