0 1
1 0
2 0
2 1
3 2
3 0
3 1
4 0
4 1
4 3
5 1
5 4
5 3
6 2
6 0
6 4
7 1
7 4
7 3
8 6
8 1
8 4
9 3
9 6
9 2
10 6
10 9
10 0
11 3
11 8
11 1
12 11
12 1
12 5
13 11
13 0
13 4
14 1
14 8
14 6
15 6
15 1
15 0
16 3
16 8
16 4
17 0
17 4
17 8
18 9
18 15
18 8
19 1
19 3
19 0
20 9
20 4
20 5
21 5
21 14
21 16
22 3
22 2
22 11
23 4
23 1
23 13
24 0
24 19
24 3
25 16
25 5
25 0
26 2
26 4
26 1
27 21
27 8
27 7
28 26
28 25
28 9
29 10
29 3
29 14
30 16
30 5
30 0
31 1
31 9
31 14
32 2
32 30
32 4
33 1
33 16
33 21
34 14
34 4
34 30
35 23
35 6
35 4
36 7
36 10
36 13
37 0
37 6
37 34
38 34
38 12
38 14
39 30
39 21
39 1
40 10
40 39
40 29
41 1
41 19
41 10
42 28
42 14
42 2
43 33
43 4
43 9
44 9
44 22
44 6
45 10
45 14
45 41
46 0
46 4
46 10
47 46
47 11
47 38
48 18
48 6
48 12
49 8
49 19
49 38
