0 1
1 0
2 0
2 1
3 1
3 0
3 2
4 2
4 0
4 3
5 0
5 4
5 3
6 0
6 5
6 1
7 6
7 4
7 0
8 4
8 6
8 3
9 6
9 1
9 8
10 3
10 1
10 8
11 3
11 1
11 2
12 0
12 1
12 2
13 1
13 6
13 8
14 10
14 11
14 4
15 5
15 8
15 0
16 8
16 1
16 13
17 0
17 8
17 16
18 0
18 11
18 4
19 1
19 3
19 6
20 9
20 15
20 13
21 1
21 0
21 20
22 1
22 0
22 2
23 7
23 17
23 3
24 23
24 21
24 19
25 17
25 11
25 20
26 6
26 10
26 1
27 15
27 0
27 10
28 11
28 6
28 8
29 11
29 5
29 4
30 4
30 3
30 2
31 28
31 11
31 12
32 25
32 3
32 20
33 7
33 5
33 2
34 3
34 25
34 15
35 1
35 7
35 0
36 0
36 20
36 8
37 28
37 12
37 20
38 20
38 0
38 3
39 5
39 3
39 1
40 7
40 1
40 17
41 22
41 1
41 0
42 1
42 38
42 26
43 6
43 28
43 11
44 8
44 0
44 22
45 20
45 18
45 30
46 23
46 16
46 11
47 1
47 28
47 0
48 5
48 0
48 17
49 32
49 22
49 1
50 34
50 49
50 17
51 26
51 37
51 49
52 20
52 17
52 11
53 1
53 3
53 12
54 19
54 42
54 39
55 15
55 12
55 0
56 15
56 20
56 25
57 52
57 3
57 32
58 33
58 57
58 15
59 52
59 20
59 5
60 17
60 49
60 1
61 1
61 39
61 20
62 1
62 18
62 20
63 11
63 20
63 10
64 3
64 62
64 53
65 35
65 8
65 4
66 1
66 32
66 23
67 29
67 3
67 49
68 51
68 54
68 11
69 28
69 17
69 48
70 1
70 8
70 28
71 3
71 0
71 1
72 46
72 71
72 3
73 1
73 15
73 72
74 1
74 3
74 6
75 59
75 12
75 0
76 34
76 38
76 46
77 8
77 9
77 5
78 2
78 17
78 24
79 11
79 15
79 9
80 18
80 68
80 0
81 46
81 15
81 1
82 77
82 1
82 11
83 17
83 70
83 38
84 54
84 71
84 8
85 18
85 8
85 12
86 3
86 52
86 13
87 4
87 8
87 3
88 29
88 83
88 11
89 59
89 26
89 80
90 29
90 43
90 49
91 1
91 48
91 32
92 65
92 50
92 23
93 1
93 3
93 70
94 70
94 64
94 78
95 9
95 43
95 33
96 12
96 1
96 17
97 5
97 47
97 37
98 90
98 60
98 3
99 80
99 21
99 24
