0 1
0 2
0 3
0 4
1 0
1 2
1 3
1 4
2 0
2 1
2 3
2 5
3 0
3 1
3 2
3 4
4 1
4 3
4 0
4 6
5 2
5 1
5 0
5 10
6 2
6 4
6 0
6 15
7 1
7 4
7 0
7 8
8 2
8 7
8 0
9 4
9 7
9 0
9 13
10 0
10 2
10 5
10 22
11 3
11 4
11 5
11 16
12 0
12 1
12 2
12 16
13 0
13 3
13 9
13 25
14 0
14 9
14 7
14 26
15 0
15 1
15 6
16 1
16 12
16 11
16 17
17 16
17 0
17 4
17 26
18 16
18 4
18 0
18 27
19 2
19 9
19 1
19 30
20 4
20 2
20 16
21 0
21 1
21 16
21 48
22 10
22 7
22 6
23 10
23 4
23 2
24 7
24 6
24 0
24 33
25 16
25 13
25 0
25 29
26 17
26 14
26 0
27 12
27 1
27 18
27 39
28 9
28 2
28 7
29 7
29 25
29 13
30 5
30 19
30 1
31 10
31 6
31 16
31 40
32 3
32 9
32 13
32 47
33 9
33 0
33 24
34 10
34 6
34 0
35 1
35 0
35 5
36 12
36 0
36 3
36 37
37 6
37 12
37 36
37 48
38 17
38 18
38 6
39 27
39 4
39 2
39 46
40 19
40 25
40 31
41 0
41 1
41 13
41 49
42 16
42 6
42 0
43 1
43 2
43 10
44 3
44 19
44 7
45 4
45 14
45 1
46 17
46 19
46 39
47 32
47 2
47 0
48 37
48 14
48 21
49 36
49 1
49 41
