0 1
1 0
2 0
2 1
3 0
3 2
3 1
4 0
4 2
4 1
5 1
5 3
5 0
6 0
6 3
6 4
7 0
7 1
7 6
8 3
8 1
8 4
9 4
9 7
9 0
10 8
10 6
10 4
11 4
11 7
11 0
12 0
12 7
12 2
13 7
13 6
13 4
14 4
14 6
14 1
15 0
15 8
15 2
16 11
16 12
16 0
17 14
17 4
17 3
18 1
18 6
18 2
19 4
19 0
19 8
20 0
20 16
20 14
21 18
21 20
21 1
22 4
22 1
22 3
23 22
23 3
23 1
24 0
24 1
24 7
25 0
25 17
25 3
26 23
26 4
26 8
27 1
27 8
27 0
28 22
28 6
28 1
29 17
29 1
29 2
30 1
30 11
30 12
31 11
31 15
31 3
32 20
32 2
32 23
33 29
33 11
33 22
34 17
34 2
34 9
35 1
35 16
35 7
36 22
36 0
36 5
37 30
37 7
37 26
38 3
38 20
38 12
39 26
39 22
39 14
40 35
40 0
40 8
41 31
41 7
41 23
42 20
42 31
42 11
43 14
43 26
43 2
44 6
44 7
44 20
45 1
45 10
45 4
46 42
46 2
46 4
47 8
47 31
47 16
48 2
48 0
48 12
49 34
49 30
49 2
50 0
50 9
50 22
51 16
51 50
51 6
52 17
52 0
52 42
53 29
53 51
53 3
54 2
54 45
54 22
55 53
55 24
55 34
56 3
56 1
56 54
57 5
57 21
57 42
58 30
58 43
58 6
59 6
59 20
59 41
60 49
60 52
60 14
61 14
61 50
61 22
62 51
62 10
62 5
63 4
63 56
63 2
64 23
64 7
64 16
65 0
65 53
65 17
66 8
66 6
66 7
67 22
67 17
67 60
68 1
68 27
68 50
69 22
69 34
69 2
70 1
70 9
70 2
71 27
71 2
71 70
72 62
72 26
72 4
73 50
73 1
73 27
74 0
74 35
74 12
75 6
75 63
75 3
76 3
76 16
76 43
77 49
77 53
77 50
78 43
78 6
78 29
79 54
79 31
79 1
80 22
80 54
80 61
81 6
81 9
81 11
82 4
82 75
82 1
83 42
83 77
83 1
84 42
84 11
84 63
85 4
85 12
85 2
86 0
86 6
86 22
87 37
87 26
87 27
88 14
88 53
88 1
89 0
89 17
89 2
90 2
90 43
90 10
91 43
91 20
91 2
92 2
92 60
92 6
93 70
93 6
93 11
94 7
94 11
94 62
95 16
95 9
95 0
96 22
96 42
96 88
97 10
97 67
97 87
98 70
98 48
98 1
99 22
99 75
99 0
