0 1
0 2
0 3
0 4
0 5
0 6
0 7
0 8
0 9
0 12
0 14
1 0
1 2
1 3
1 5
1 6
1 8
1 9
1 11
1 12
1 13
1 17
2 0
2 1
2 3
2 4
2 6
2 8
2 11
2 13
2 18
2 20
2 23
3 2
3 1
3 0
3 4
3 7
3 10
3 13
3 15
3 21
3 22
3 34
4 3
4 0
4 2
4 5
4 14
4 17
4 27
4 30
4 53
4 68
4 93
5 1
5 0
5 4
5 7
5 10
5 19
5 21
5 22
5 24
5 26
5 27
6 2
6 0
6 1
6 16
6 19
6 20
6 23
6 28
6 38
6 41
6 48
7 0
7 5
7 3
7 11
7 48
7 105
7 123
7 162
7 481
7 653
7 962
8 1
8 0
8 2
8 9
8 10
8 18
8 36
8 64
8 70
8 136
8 140
9 1
9 0
9 8
9 14
9 15
9 20
9 39
9 58
9 69
9 78
9 109
10 8
10 3
10 5
10 12
10 35
10 39
10 45
10 56
10 70
10 169
10 189
11 2
11 1
11 7
11 16
11 26
11 28
11 36
11 66
11 71
11 278
11 485
12 0
12 1
12 10
12 17
12 38
12 60
12 77
12 110
12 138
12 145
12 241
13 2
13 1
13 3
13 32
13 44
13 47
13 74
13 103
13 126
13 129
13 188
14 4
14 9
14 0
14 16
14 31
14 34
14 37
14 42
14 49
14 52
14 90
15 0
15 3
15 9
15 22
15 40
15 150
15 198
15 235
15 632
15 735
15 984
16 11
16 14
16 6
16 33
16 52
16 60
16 254
16 338
16 407
16 650
16 935
17 1
17 4
17 12
17 23
17 37
17 46
17 56
17 97
17 100
17 111
17 113
18 8
18 2
18 1
18 28
18 86
18 130
18 226
18 238
18 428
18 538
18 734
19 0
19 6
19 5
19 24
19 74
19 94
19 101
19 112
19 186
19 229
19 377
20 2
20 6
20 9
20 29
20 33
20 65
20 76
20 87
20 129
20 147
20 251
21 3
21 0
21 5
21 31
21 51
21 62
21 72
21 89
21 116
21 169
21 183
22 3
22 5
22 15
22 25
22 49
22 80
22 88
22 126
22 139
22 189
22 199
23 2
23 6
23 17
23 24
23 30
23 32
23 38
23 55
23 57
23 66
23 71
24 5
24 23
24 19
24 25
24 41
24 197
24 261
24 262
24 356
24 886
25 24
25 22
25 1
25 37
25 66
25 122
25 152
25 167
25 283
25 353
25 371
26 11
26 5
26 2
26 35
26 43
26 44
26 57
26 59
26 61
26 75
26 87
27 0
27 5
27 4
27 32
27 50
27 106
27 232
27 435
27 630
27 717
27 730
28 11
28 18
28 6
28 29
28 69
28 70
28 82
28 114
28 121
28 135
28 142
29 28
29 20
29 0
29 46
29 68
29 100
29 236
29 262
29 311
29 323
29 330
30 0
30 23
30 4
30 55
30 76
30 95
30 171
30 176
30 196
30 642
30 803
31 2
31 21
31 14
31 131
31 184
31 215
31 296
31 526
31 854
31 882
32 23
32 13
32 27
32 44
32 47
32 50
32 77
32 113
32 232
32 253
32 562
33 1
33 16
33 20
33 67
33 105
33 128
33 231
33 279
33 415
33 436
33 723
34 14
34 1
34 3
34 50
34 111
34 132
34 211
34 380
34 409
34 663
34 793
35 1
35 26
35 10
35 54
35 80
35 93
35 104
35 165
35 269
35 275
35 295
36 3
36 11
36 8
36 39
36 46
36 64
36 91
36 113
36 162
36 168
36 382
37 17
37 25
37 14
37 51
37 56
37 110
37 135
37 140
37 274
37 295
37 307
38 12
38 6
38 23
38 81
38 96
38 102
38 123
38 144
38 181
38 191
38 214
39 10
39 9
39 36
39 110
39 186
39 201
39 257
39 301
39 534
39 905
40 0
40 5
40 15
40 78
40 171
40 199
40 243
40 668
40 956
41 6
41 0
41 24
41 58
41 76
41 92
41 117
41 137
41 190
41 203
41 228
42 2
42 14
42 3
42 49
42 109
42 163
42 396
42 639
43 5
43 2
43 26
43 337
43 695
44 13
44 32
44 26
44 151
44 172
44 175
44 195
44 292
44 379
44 438
44 658
45 10
45 1
45 0
45 115
45 223
45 288
45 359
45 623
45 804
46 17
46 29
46 36
46 52
46 60
46 69
46 82
46 93
46 164
46 166
46 180
47 1
47 32
47 13
47 55
47 64
47 83
47 86
47 114
47 122
47 151
47 173
48 6
48 0
48 7
48 63
48 128
48 173
48 178
48 183
48 217
48 227
48 256
49 22
49 14
49 42
49 75
49 96
49 130
49 194
49 250
49 286
49 289
49 298
50 34
50 32
50 27
50 112
50 239
50 242
51 37
51 3
51 21
51 121
51 144
51 167
51 234
51 243
51 335
51 344
51 440
52 16
52 46
52 14
52 127
52 168
52 213
52 244
52 393
52 492
52 495
52 504
53 4
53 3
53 6
53 54
53 74
53 97
53 178
53 227
53 253
53 362
53 548
54 3
54 35
54 53
54 107
54 115
54 116
54 139
54 146
54 160
54 170
54 256
55 47
55 30
55 23
55 71
55 73
55 207
55 291
55 449
55 532
55 821
55 940
56 17
56 10
56 37
56 75
56 81
56 157
56 869
57 1
57 26
57 23
57 82
57 84
57 92
57 104
57 108
57 222
57 259
57 282
58 5
58 41
58 9
58 62
58 79
58 95
58 109
58 111
58 136
58 157
58 378
59 26
59 2
59 5
59 65
59 211
59 276
59 501
59 532
59 551
59 590
59 781
60 12
60 16
60 46
60 73
60 84
60 118
60 276
60 314
60 372
60 466
60 723
61 2
61 26
61 5
61 158
61 219
61 564
61 770
61 865
61 910
62 58
62 21
62 1
62 322
62 334
62 373
62 796
62 848
63 0
63 48
63 3
63 87
63 991
64 47
64 8
64 36
64 90
64 227
64 292
64 411
65 20
65 59
65 0
65 102
65 108
65 174
65 188
65 208
65 412
65 705
65 943
66 25
66 23
66 11
66 72
66 141
66 172
66 327
66 362
66 675
66 681
66 707
67 33
67 1
67 0
67 148
67 954
68 4
68 29
68 2
68 95
68 98
68 153
68 162
68 182
68 214
68 221
68 259
69 46
69 28
69 9
69 89
69 119
69 121
69 160
69 306
69 329
69 347
69 375
70 8
70 10
70 28
70 85
70 130
70 185
70 966
71 11
71 23
71 55
71 126
71 369
71 370
71 435
71 471
71 485
71 581
71 726
72 21
72 66
72 6
72 197
72 214
72 922
73 60
73 0
73 55
73 86
73 465
73 478
73 486
73 542
73 736
73 774
73 866
74 13
74 19
74 53
74 79
74 80
74 83
74 195
74 228
74 231
74 339
74 351
75 56
75 26
75 49
75 88
75 91
75 112
75 115
75 125
75 132
75 134
75 136
76 30
76 41
76 20
76 78
76 120
76 217
76 416
76 439
76 533
76 581
76 587
77 12
77 32
77 23
77 84
77 85
77 96
77 177
77 479
77 837
77 839
77 902
78 9
78 76
78 40
78 90
78 161
78 164
78 231
78 308
78 361
78 740
78 760
79 74
79 58
79 2
79 139
79 166
79 229
79 283
79 457
79 668
80 35
80 74
80 22
80 120
80 179
80 224
80 258
80 321
80 587
80 933
81 38
81 0
81 56
81 281
82 28
82 46
82 57
82 125
82 197
82 199
82 219
82 247
82 287
82 385
82 421
83 47
83 6
83 74
83 118
83 261
83 451
83 462
83 800
84 77
84 60
84 57
84 107
84 200
84 209
84 216
84 437
84 584
84 759
84 812
85 77
85 70
85 5
85 233
85 585
85 749
85 814
86 47
86 73
86 18
86 300
86 362
87 63
87 26
87 20
87 141
87 142
87 187
87 221
87 317
87 508
87 983
88 75
88 22
88 0
88 103
88 131
88 179
88 443
88 616
89 21
89 0
89 69
89 425
89 533
90 64
90 14
90 78
90 98
90 105
90 141
90 165
90 196
90 380
90 404
90 547
91 0
91 36
91 75
91 225
91 248
91 251
91 476
91 835
91 872
92 41
92 6
92 57
92 94
92 99
92 137
92 144
92 263
92 382
92 492
92 493
93 4
93 46
93 35
93 129
93 182
93 488
93 509
94 3
94 92
94 19
94 98
94 154
94 305
94 372
95 68
95 58
95 30
95 106
95 183
95 186
95 386
95 662
95 690
96 38
96 77
96 49
96 235
96 271
96 359
96 516
96 646
96 655
97 17
97 53
97 3
97 174
97 297
97 373
97 397
97 424
97 458
97 539
97 786
98 94
98 68
98 90
98 142
98 402
98 558
98 768
99 3
99 2
99 92
99 159
99 174
99 194
99 311
99 335
99 438
99 624
99 982
100 17
100 2
100 29
100 271
100 376
100 427
100 565
100 783
101 19
101 5
101 2
101 128
101 348
101 489
101 803
102 0
102 65
102 38
102 173
102 940
103 13
103 88
103 3
103 179
103 287
103 350
103 570
103 770
104 57
104 35
104 5
104 106
104 260
104 277
104 494
104 814
104 949
105 7
105 90
105 33
105 137
105 143
105 172
105 225
105 239
105 297
105 480
105 792
106 27
106 95
106 104
106 268
106 281
106 476
106 524
106 597
106 623
106 648
106 823
107 5
107 84
107 54
107 148
107 387
107 478
107 497
107 537
107 731
108 1
108 65
108 57
108 118
108 159
108 168
108 176
108 326
108 525
108 599
108 810
109 9
109 58
109 42
109 148
109 150
109 151
109 152
109 156
109 160
109 200
109 205
110 39
110 37
110 12
110 304
110 450
111 34
111 58
111 17
111 120
111 135
111 153
111 156
111 190
111 192
111 333
111 724
112 50
112 19
112 75
112 133
112 336
113 32
113 36
113 17
113 245
113 455
113 458
113 563
113 763
114 28
114 2
114 47
114 119
114 150
114 181
114 257
114 355
115 45
115 75
115 54
115 391
115 415
115 610
115 620
115 676
115 976
116 2
116 21
116 54
116 185
116 414
116 479
117 23
117 41
117 0
117 155
117 210
117 286
117 310
118 83
118 108
118 60
118 177
118 309
118 672
118 764
119 69
119 114
119 4
119 124
119 291
119 613
120 80
120 111
120 76
120 201
120 212
120 229
120 519
120 611
120 760
120 862
120 863
121 28
121 51
121 69
121 166
121 193
121 230
121 312
121 452
121 527
121 732
121 958
122 47
122 0
122 25
122 924
123 38
123 7
123 17
123 377
123 491
123 762
123 933
124 4
124 119
124 6
124 181
124 243
124 371
124 596
124 617
124 753
124 896
125 2
125 82
125 75
125 132
125 192
125 193
125 241
125 337
125 349
125 381
125 499
126 22
126 71
126 13
126 272
126 364
126 545
126 628
126 632
126 638
126 792
127 0
127 52
127 2
127 182
127 216
127 381
127 473
128 101
128 33
128 48
128 529
128 785
129 13
129 20
129 93
129 299
129 454
129 784
130 49
130 70
130 18
130 233
130 244
130 334
130 345
130 498
130 549
130 550
130 794
131 88
131 4
131 31
131 146
131 310
131 473
131 554
131 660
131 827
132 34
132 75
132 125
132 138
132 193
132 355
132 680
133 112
133 6
133 3
133 211
133 645
134 75
134 6
134 0
134 140
134 483
134 855
134 860
135 111
135 37
135 28
135 184
135 350
135 352
135 956
136 8
136 58
136 75
136 196
136 249
136 357
136 387
136 426
136 535
136 547
136 699
137 105
137 41
137 92
137 342
137 447
137 463
137 525
137 615
138 23
138 132
138 12
138 159
138 200
138 221
138 223
138 224
138 307
138 476
138 539
139 22
139 54
139 79
139 202
139 206
139 212
139 421
139 425
139 439
139 507
139 977
140 134
140 37
140 8
140 147
140 252
140 270
141 66
141 87
141 90
141 333
141 341
141 364
141 366
141 429
141 451
141 517
141 737
142 87
142 28
142 98
142 408
142 509
142 580
142 671
143 75
143 105
143 2
143 247
144 51
144 38
144 92
144 163
144 337
144 395
144 568
144 572
145 5
145 12
145 28
145 165
145 167
145 185
145 247
145 453
145 720
146 131
146 54
146 3
146 793
146 820
146 933
147 140
147 5
147 20
147 156
147 273
147 463
147 602
147 679
147 681
147 888
148 107
148 67
148 109
148 192
148 220
148 316
148 403
148 416
148 445
148 469
148 535
149 5
149 14
149 0
149 572
149 670
150 15
150 114
150 109
150 195
150 406
150 957
151 47
151 44
151 109
151 170
151 242
151 314
151 326
151 374
151 422
151 622
151 682
152 25
152 109
152 0
152 250
152 397
152 500
152 996
153 5
153 68
153 111
153 184
153 433
153 600
153 701
153 823
153 946
154 1
154 94
154 28
154 264
154 422
154 662
154 665
154 783
154 911
155 4
155 117
155 5
155 299
155 300
155 420
155 458
155 559
155 647
155 883
156 111
156 109
156 147
156 310
156 483
156 493
156 539
156 559
156 903
157 56
157 5
157 58
157 206
157 321
157 561
157 864
158 61
158 2
158 6
158 266
158 302
158 410
158 591
158 652
158 810
158 861
159 108
159 138
159 99
159 223
159 320
159 544
159 684
159 686
159 805
159 932
159 951
160 69
160 109
160 54
161 6
161 78
161 23
161 213
161 277
161 643
162 36
162 68
162 7
162 189
162 274
162 361
162 459
162 569
162 577
162 579
162 678
163 144
163 8
163 42
163 212
163 325
164 78
164 46
164 9
164 354
164 407
164 459
164 501
164 644
164 741
164 832
164 977
165 35
165 145
165 90
165 209
165 419
165 506
165 616
165 875
166 121
166 46
166 79
166 213
166 420
166 501
167 145
167 25
167 51
167 285
167 308
167 324
167 369
167 436
167 457
167 475
167 497
168 52
168 108
168 36
168 169
168 220
168 564
168 565
168 763
168 781
168 790
168 841
169 10
169 168
169 21
169 230
169 317
169 509
169 519
169 575
169 640
170 54
170 151
170 2
170 228
170 571
170 717
171 30
171 2
171 40
171 854
171 888
172 66
172 105
172 44
172 194
172 335
172 461
172 541
172 612
172 819
172 953
173 102
173 47
173 48
173 177
173 207
173 236
173 268
173 297
173 394
173 557
174 65
174 97
174 99
174 218
174 222
174 364
174 409
174 674
175 44
175 28
175 0
175 507
175 597
175 702
175 736
176 30
176 0
176 108
176 472
176 999
177 118
177 173
177 77
177 346
178 48
178 53
178 0
178 667
178 724
178 953
179 80
179 103
179 88
179 237
179 401
179 526
179 587
179 856
180 46
180 8
180 0
181 38
181 114
181 124
181 280
181 750
181 753
181 940
182 68
182 93
182 127
182 198
182 301
182 418
182 578
183 95
183 21
183 48
183 207
183 208
183 472
183 734
183 892
184 153
184 31
184 135
184 190
184 202
184 233
184 259
184 263
184 654
184 840
184 994
185 70
185 116
185 145
185 258
185 302
185 484
185 641
186 39
186 19
186 95
186 206
186 225
186 400
186 424
186 550
187 87
187 1
187 0
187 298
187 350
187 508
187 520
187 554
187 588
188 65
188 5
188 13
189 10
189 22
189 162
189 380
189 414
189 460
189 508
189 556
189 560
189 660
189 670
190 184
190 111
190 41
190 246
190 300
190 382
190 614
191 28
191 38
191 46
191 218
191 265
191 282
191 287
191 407
191 485
191 659
191 855
192 125
192 148
192 111
192 273
192 366
192 530
192 689
192 703
192 819
192 871
193 121
193 125
193 132
193 204
193 260
194 172
194 99
194 49
194 202
194 416
194 442
194 505
194 512
194 894
195 44
195 150
195 74
195 308
195 344
195 394
195 406
195 432
195 644
195 767
195 969
196 30
196 90
196 136
196 359
196 551
196 566
196 963
197 72
197 82
197 24
197 280
197 331
197 898
198 182
198 15
198 3
198 234
198 329
198 483
199 22
199 40
199 82
199 234
199 238
199 313
199 349
199 649
199 884
200 84
200 138
200 109
200 266
200 457
200 462
200 527
200 949
201 120
201 0
201 39
201 778
201 967
202 139
202 184
202 194
202 254
202 274
202 332
202 441
202 502
202 579
202 634
202 772
203 9
203 41
203 10
203 210
204 8
204 193
204 0
204 217
204 278
204 399
204 402
204 410
204 592
204 903
205 109
205 14
205 13
205 318
206 157
206 186
206 139
206 354
206 421
206 460
206 464
206 478
206 546
206 713
206 871
207 55
207 173
207 183
207 216
207 487
207 536
207 625
207 966
208 17
208 65
208 183
208 342
208 449
208 599
209 84
209 2
209 165
209 269
209 468
209 592
209 701
210 117
210 17
210 203
210 327
210 367
210 385
210 394
210 829
211 34
211 133
211 59
211 267
211 293
211 339
212 163
212 120
212 139
212 222
212 226
212 237
212 238
212 241
212 336
212 746
212 758
213 52
213 161
213 166
213 240
213 246
213 389
213 409
213 717
213 827
214 38
214 68
214 72
214 430
214 444
214 538
214 706
214 784
215 31
215 0
215 8
215 242
215 319
215 413
215 462
215 497
215 520
215 544
215 614
216 84
216 207
216 127
216 316
216 360
216 471
216 503
216 834
217 76
217 48
217 204
217 236
217 265
217 336
217 419
217 686
217 720
217 727
218 174
218 191
218 1
218 442
218 487
218 706
218 731
219 47
219 61
219 82
219 326
219 687
219 734
219 790
219 877
220 8
220 168
220 148
220 391
220 726
220 969
221 68
221 87
221 138
221 343
221 372
221 496
221 504
221 606
221 612
221 745
221 761
222 57
222 174
222 212
222 551
222 715
222 891
223 138
223 159
223 45
223 328
223 393
223 454
223 548
223 843
224 80
224 13
224 138
224 250
224 447
224 574
224 862
224 913
224 970
225 91
225 186
225 105
225 265
225 825
226 18
226 212
226 14
226 248
226 249
226 255
226 329
226 348
226 716
226 799
227 53
227 64
227 48
227 254
227 285
227 969
228 170
228 41
228 74
228 296
228 356
228 676
228 958
229 120
229 19
229 79
229 357
229 556
229 782
229 951
230 0
230 169
230 121
230 305
230 396
230 465
230 666
231 78
231 33
231 74
231 294
231 412
231 549
231 585
231 668
231 675
232 32
232 27
232 5
232 798
232 812
232 846
233 85
233 130
233 184
233 392
233 721
233 944
234 199
234 198
234 51
234 271
234 304
234 312
234 353
234 360
234 461
234 738
234 830
235 47
235 15
235 96
235 251
235 275
235 290
235 309
235 311
235 341
235 376
235 585
236 217
236 173
236 29
236 255
236 433
236 601
236 730
237 212
237 4
237 179
237 249
237 283
237 286
237 582
237 667
238 18
238 212
238 199
238 244
238 275
238 570
238 899
239 50
239 6
239 105
239 413
239 570
239 778
239 824
240 2
240 213
240 21
240 307
240 679
240 792
241 125
241 12
241 212
241 849
242 215
242 151
242 50
242 266
243 40
243 124
243 51
243 480
243 557
243 773
243 868
244 130
244 52
244 238
244 267
244 272
244 324
244 573
244 627
244 728
245 113
245 38
245 5
245 320
245 411
246 213
246 28
246 190
247 145
247 143
247 82
247 253
247 324
247 386
247 858
247 900
248 226
248 23
248 91
248 257
248 322
248 423
248 482
248 831
248 973
249 237
249 136
249 226
249 378
249 398
249 722
249 759
249 830
249 960
250 152
250 49
250 224
250 931
251 20
251 91
251 235
251 282
251 328
251 340
251 537
252 0
252 140
252 21
252 358
252 420
252 494
253 247
253 32
253 53
253 306
253 464
253 738
254 202
254 16
254 227
254 370
254 443
255 22
255 226
255 236
255 277
255 309
256 0
256 54
256 48
256 400
256 808
256 995
257 248
257 39
257 114
257 540
258 13
258 185
258 80
258 270
258 299
258 853
258 855
258 861
259 68
259 57
259 184
259 262
259 321
259 629
259 773
259 823
259 892
259 978
260 0
260 104
260 193
260 268
260 272
260 294
260 564
260 594
260 600
260 641
260 982
261 24
261 0
261 83
261 389
261 461
261 778
262 24
262 29
262 259
262 339
262 405
262 425
262 523
262 586
262 625
262 724
262 737
263 92
263 28
263 184
263 304
263 998
264 154
264 75
264 17
265 225
265 217
265 191
265 313
265 387
265 399
265 403
265 496
265 514
265 556
265 905
266 242
266 200
266 158
266 303
266 484
266 776
267 211
267 244
267 6
267 447
267 498
267 502
267 512
267 896
267 980
268 106
268 260
268 173
268 318
268 363
268 454
268 484
268 973
269 20
269 35
269 209
269 281
269 292
269 533
269 574
269 671
269 683
269 964
270 28
270 140
270 258
270 519
270 522
270 643
271 234
271 96
271 100
271 345
271 390
271 430
271 524
271 775
271 780
271 842
271 957
272 260
272 244
272 126
272 658
272 998
273 192
273 75
273 147
273 460
273 598
273 710
274 202
274 162
274 37
274 338
274 370
274 726
275 238
275 35
275 235
275 408
276 60
276 59
276 1
276 547
277 255
277 104
277 161
277 288
277 383
277 393
277 694
278 11
278 204
278 54
278 384
279 5
279 28
279 33
279 686
280 197
280 3
280 181
280 313
280 439
280 771
281 81
281 106
281 269
281 646
282 57
282 191
282 251
283 237
283 25
283 79
283 759
284 57
284 68
284 1
284 343
284 385
284 702
284 727
284 959
285 227
285 4
285 167
285 319
285 491
285 567
285 693
285 709
285 881
285 904
286 237
286 117
286 49
286 437
287 191
287 103
287 82
287 315
288 45
288 277
288 10
288 293
288 306
288 427
289 3
289 49
289 28
289 293
289 440
289 942
290 235
290 21
290 109
290 302
290 392
290 712
290 777
291 119
291 6
291 55
291 356
291 543
291 788
291 993
292 64
292 44
292 269
292 330
292 332
292 374
292 428
292 603
292 619
293 211
293 288
293 289
293 470
293 531
293 997
294 17
294 260
294 231
294 368
294 684
294 918
295 37
295 6
295 35
295 811
296 0
296 31
296 228
296 402
296 530
296 553
296 572
296 578
297 173
297 97
297 105
297 403
297 634
297 640
297 657
297 718
297 883
298 187
298 49
298 17
298 315
299 155
299 129
299 258
299 649
299 890
299 904
300 155
300 86
300 190
300 450
300 589
300 700
301 109
301 182
301 39
301 315
301 606
301 704
302 290
302 158
302 185
302 332
302 620
302 655
303 266
303 8
303 3
303 404
303 610
304 263
304 110
304 234
304 500
304 543
305 94
305 230
305 23
305 334
305 470
305 706
305 787
305 795
305 797
305 984
306 69
306 288
306 253
306 328
306 341
306 398
306 417
306 499
306 881
307 37
307 240
307 138
307 351
307 496
308 167
308 78
308 195
308 427
308 607
308 947
309 235
309 255
309 118
309 656
309 733
309 913
309 985
310 117
310 156
310 131
310 395
310 959
311 29
311 99
311 235
311 347
311 591
311 961
312 121
312 234
312 8
312 349
312 379
312 433
312 518
313 265
313 199
313 280
313 590
313 637
313 850
314 6
314 151
314 60
314 426
314 500
314 838
315 287
315 301
315 298
315 365
315 873
316 216
316 68
316 148
316 338
316 348
316 419
316 503
316 507
317 169
317 68
317 87
318 205
318 268
318 4
318 528
318 619
318 825
319 215
319 6
319 285
319 365
319 392
319 805
320 245
320 159
320 4
320 568
320 694
321 80
321 259
321 157
321 499
321 514
321 566
321 696
321 879
322 248
322 6
322 62
323 29
323 54
323 2
323 909
324 167
324 247
324 244
324 451
324 796
324 901
324 929
325 163
325 3
325 109
325 331
325 346
325 401
325 563
325 878
326 219
326 151
326 108
326 542
326 736
326 821
327 66
327 17
327 210
327 567
327 840
328 306
328 223
328 251
328 355
328 647
328 683
328 913
329 226
329 69
329 198
329 414
329 431
329 472
330 292
330 14
330 29
331 1
331 325
331 197
331 344
331 812
332 292
332 202
332 302
332 441
332 448
332 515
332 528
332 992
333 141
333 10
333 111
333 495
333 858
334 62
334 130
334 305
334 377
334 666
335 51
335 99
335 172
335 340
335 576
335 769
335 924
336 112
336 217
336 212
336 561
336 698
336 851
336 889
337 125
337 43
337 144
337 632
337 761
338 316
338 274
338 16
338 754
339 74
339 211
339 262
340 9
340 335
340 251
340 607
341 235
341 141
341 306
341 358
341 527
341 669
342 28
342 137
342 208
342 429
342 446
342 463
342 487
342 534
342 795
342 908
342 952
343 221
343 284
343 54
343 345
343 583
343 889
344 195
344 331
344 51
344 469
344 502
344 513
344 682
345 271
345 343
345 130
345 531
345 545
345 708
346 177
346 325
346 75
346 573
347 311
347 69
347 12
347 677
347 713
347 785
347 908
348 101
348 226
348 316
348 423
348 693
348 710
348 863
349 199
349 125
349 312
349 591
349 645
350 135
350 103
350 187
350 620
351 74
351 12
351 307
351 975
352 0
352 135
352 3
352 434
352 610
352 619
352 752
352 815
353 25
353 234
353 29
353 580
354 206
354 17
354 164
354 903
354 922
355 132
355 114
355 328
355 384
356 228
356 24
356 291
356 646
356 789
356 955
357 136
357 5
357 229
357 525
358 341
358 57
358 252
358 366
358 440
358 482
358 513
358 593
358 891
358 988
359 196
359 45
359 96
359 469
359 474
359 558
359 598
359 799
360 47
360 216
360 234
360 442
360 467
361 13
361 162
361 78
361 417
362 86
362 66
362 53
362 655
362 898
363 268
363 109
363 0
363 474
363 622
363 773
363 776
364 141
364 126
364 174
364 742
364 909
365 109
365 315
365 319
366 192
366 141
366 358
366 741
366 757
366 861
367 9
367 4
367 210
367 418
368 294
368 13
368 47
368 524
368 796
368 820
368 854
368 892
368 991
369 6
369 71
369 167
369 688
369 868
370 254
370 71
370 274
370 482
371 9
371 25
371 124
371 664
372 60
372 221
372 94
373 97
373 62
373 9
373 456
373 696
373 811
373 866
374 151
374 41
374 292
375 69
375 9
375 8
375 396
375 582
375 656
375 666
376 235
376 100
376 29
376 411
377 123
377 19
377 334
377 435
377 466
377 520
377 552
377 866
377 928
378 249
378 58
378 6
378 518
379 312
379 0
379 44
379 648
379 789
380 189
380 34
380 90
380 503
380 651
380 743
381 125
381 2
381 127
382 92
382 190
382 36
382 424
382 444
382 448
382 453
382 475
382 488
382 584
382 835
383 22
383 277
383 0
383 755
383 833
383 911
384 278
384 109
384 355
384 504
384 561
385 210
385 284
385 82
385 548
385 663
385 748
385 799
386 247
386 95
386 4
386 818
386 895
387 107
387 136
387 265
387 417
387 423
387 521
387 575
387 596
387 601
387 664
387 718
388 12
388 0
388 37
388 486
388 506
388 934
389 213
389 22
389 261
389 481
389 488
389 523
390 28
390 2
390 271
390 542
391 220
391 115
391 2
392 290
392 233
392 319
392 589
392 645
393 223
393 277
393 52
393 456
393 557
393 801
393 885
394 173
394 195
394 210
394 490
394 729
394 995
395 310
395 38
395 144
395 603
396 230
396 375
396 42
396 562
396 603
396 665
396 998
397 152
397 0
397 97
397 584
397 849
398 249
398 306
398 28
398 434
398 709
398 870
399 265
399 10
399 204
399 449
400 186
400 12
400 256
400 594
400 670
400 987
401 179
401 22
401 325
401 443
401 916
402 296
402 204
402 98
402 907
403 297
403 265
403 148
403 692
403 929
403 988
404 303
404 90
404 5
404 661
405 262
405 0
405 17
405 431
405 544
405 549
405 609
405 878
405 888
406 150
406 69
406 195
406 691
406 857
407 164
407 191
407 16
407 568
407 704
407 750
407 927
408 21
408 142
408 275
408 647
409 174
409 213
409 34
410 204
410 23
410 158
411 245
411 376
411 64
411 566
411 608
411 766
412 6
412 65
412 231
412 415
412 672
413 215
413 239
413 28
413 426
413 453
413 882
414 116
414 329
414 189
414 600
414 893
415 412
415 115
415 33
415 464
415 638
416 148
416 76
416 194
416 537
416 930
417 306
417 387
417 361
417 650
417 938
418 3
418 367
418 182
418 813
419 217
419 316
419 165
419 452
419 517
420 155
420 252
420 166
420 677
421 139
421 82
421 206
421 730
422 154
422 12
422 151
422 652
422 981
423 348
423 387
423 248
423 612
423 751
424 97
424 382
424 186
424 592
424 860
424 899
425 139
425 89
425 262
426 136
426 314
426 413
427 288
427 308
427 100
427 498
427 595
427 703
427 721
428 28
428 18
428 292
428 540
428 678
429 141
429 342
429 0
429 797
430 214
430 9
430 271
430 926
431 405
431 329
431 47
432 12
432 26
432 195
432 641
432 991
433 153
433 236
433 312
434 352
434 398
434 5
435 71
435 377
435 27
436 38
436 167
436 33
436 531
437 84
437 286
437 10
437 962
438 44
438 28
438 99
438 510
438 523
438 621
438 904
439 76
439 139
439 280
439 456
439 594
439 621
439 857
439 989
440 289
440 51
440 358
440 627
441 202
441 75
441 332
441 567
442 194
442 360
442 218
442 727
443 401
443 254
443 88
443 541
443 942
444 382
444 214
444 36
444 569
444 629
444 657
444 971
445 148
445 47
445 12
446 2
446 342
446 75
446 887
447 137
447 267
447 224
448 332
448 46
448 382
449 55
449 208
449 399
449 486
450 5
450 300
450 110
450 554
450 593
450 672
451 324
451 83
451 141
451 955
452 20
452 121
452 419
453 145
453 382
453 413
453 719
453 794
454 268
454 129
454 223
454 530
454 565
454 787
455 4
455 48
455 113
455 989
456 373
456 439
456 393
456 635
456 725
456 908
456 915
457 167
457 79
457 200
457 768
458 113
458 97
458 155
458 468
458 948
459 164
459 2
459 162
459 692
459 698
459 832
460 189
460 206
460 273
461 234
461 172
461 261
462 215
462 83
462 200
463 147
463 342
463 137
463 801
463 826
463 911
464 253
464 206
464 415
464 974
465 73
465 51
465 230
465 510
465 711
465 719
466 377
466 60
466 1
466 477
466 493
466 643
466 749
466 880
467 75
467 58
467 360
467 529
467 690
467 806
468 458
468 13
468 209
468 884
469 148
469 359
469 344
469 492
469 562
469 754
470 305
470 20
470 293
470 938
471 216
471 12
471 71
472 329
472 176
472 183
472 704
472 752
472 912
472 915
472 924
472 972
473 127
473 131
473 6
474 0
474 363
474 359
474 529
474 552
474 680
475 167
475 5
475 382
475 517
475 528
476 138
476 106
476 91
476 683
476 791
476 886
477 466
477 6
477 2
477 791
478 206
478 107
478 73
478 848
479 0
479 116
479 77
479 885
480 105
480 4
480 243
480 864
480 994
481 7
481 389
481 82
481 685
481 769
482 370
482 358
482 248
482 595
482 879
483 134
483 198
483 156
483 588
483 673
484 185
484 268
484 266
484 802
485 11
485 191
485 71
485 578
485 614
485 661
486 388
486 73
486 449
487 218
487 207
487 342
487 808
488 93
488 389
488 382
488 936
489 48
489 101
489 46
489 522
489 926
489 988
490 394
490 51
490 12
491 123
491 75
491 285
491 869
491 983
492 52
492 92
492 469
492 602
492 674
492 751
492 950
492 954
493 92
493 466
493 156
493 555
493 637
494 252
494 104
494 3
494 611
494 917
494 923
494 936
495 0
495 52
495 333
495 844
495 890
496 265
496 221
496 307
496 658
496 702
496 725
496 891
496 914
496 919
497 215
497 107
497 167
498 130
498 427
498 267
498 580
498 608
498 625
498 635
498 693
499 306
499 321
499 125
500 314
500 152
500 304
500 956
501 164
501 166
501 59
502 344
502 267
502 202
502 639
502 696
502 779
502 846
502 902
503 216
503 316
503 380
503 630
503 806
504 384
504 221
504 52
504 729
504 746
504 833
505 0
505 51
505 194
506 388
506 165
506 167
506 745
507 316
507 175
507 139
507 546
507 995
508 187
508 189
508 87
508 747
509 93
509 169
509 142
509 596
509 609
509 716
510 10
510 465
510 438
510 560
510 733
510 837
511 5
511 6
511 109
512 194
512 75
512 267
512 983
513 23
513 358
513 344
513 601
514 321
514 265
514 11
514 593
514 912
515 28
515 332
515 167
515 883
516 20
516 36
516 96
517 419
517 141
517 475
517 521
518 312
518 378
518 167
519 120
519 169
519 270
520 187
520 377
520 215
520 743
521 387
521 25
521 517
521 859
521 980
522 8
522 270
522 489
522 555
522 870
522 964
523 438
523 389
523 262
523 811
524 106
524 271
524 368
524 709
524 786
524 896
525 357
525 137
525 108
525 887
526 14
526 179
526 31
526 536
526 576
527 121
527 200
527 341
527 541
528 318
528 475
528 332
529 474
529 467
529 128
530 192
530 296
530 454
530 613
530 624
531 436
531 345
531 293
531 697
532 59
532 20
532 55
532 847
533 76
533 269
533 89
533 654
534 342
534 39
534 54
535 109
535 136
535 148
535 553
535 604
535 708
535 716
535 797
536 526
536 207
536 2
536 920
536 939
537 107
537 251
537 416
537 798
538 18
538 41
538 214
538 804
539 138
539 156
539 97
540 428
540 41
540 257
541 443
541 172
541 527
542 390
542 73
542 326
542 662
543 23
543 304
543 291
543 574
543 990
544 159
544 215
544 405
544 775
545 345
545 126
545 38
546 206
546 6
546 507
546 555
547 90
547 136
547 276
547 673
547 756
547 822
548 223
548 53
548 385
548 659
548 712
549 130
549 405
549 231
550 4
550 186
550 130
550 599
551 59
551 196
551 222
551 783
551 795
552 75
552 377
552 474
552 859
553 296
553 0
553 535
554 187
554 450
554 131
554 715
555 522
555 546
555 493
555 589
555 915
556 189
556 229
556 265
557 243
557 393
557 173
557 815
558 359
558 98
558 36
559 155
559 21
559 156
559 800
560 510
560 57
560 189
560 653
561 336
561 157
561 384
561 684
561 790
562 396
562 32
562 469
562 968
563 113
563 148
563 325
563 754
563 818
563 905
564 260
564 168
564 61
564 751
565 168
565 100
565 454
565 575
565 712
565 786
566 321
566 411
566 196
566 615
566 692
566 760
566 931
567 327
567 285
567 441
567 605
567 698
567 735
567 932
568 144
568 407
568 320
569 14
569 162
569 444
569 623
570 239
570 103
570 238
570 590
571 170
571 0
571 46
571 677
572 296
572 149
572 144
572 701
572 714
572 850
573 92
573 244
573 346
573 577
573 687
573 978
574 543
574 269
574 224
574 699
574 753
575 387
575 565
575 169
575 597
576 526
576 51
576 335
576 674
576 739
577 573
577 1
577 162
578 485
578 296
578 182
578 691
579 162
579 202
579 0
579 586
579 617
580 142
580 498
580 353
581 76
581 22
581 71
582 237
582 138
582 375
582 621
582 784
583 1
583 3
583 343
584 382
584 84
584 397
584 637
584 695
584 845
585 235
585 231
585 85
586 579
586 11
586 262
587 80
587 179
587 76
587 628
587 688
587 749
587 777
587 921
588 32
588 187
588 483
588 870
589 300
589 392
589 555
589 838
590 313
590 570
590 59
590 604
591 158
591 311
591 349
592 424
592 204
592 209
592 678
592 881
592 971
592 992
593 358
593 450
593 514
593 817
593 925
594 260
594 400
594 439
594 689
594 947
595 482
595 427
595 76
595 673
596 124
596 509
596 387
597 106
597 575
597 175
597 714
598 51
598 273
598 359
599 108
599 550
599 208
599 622
599 875
600 153
600 414
600 260
600 608
600 873
601 387
601 513
601 236
601 809
601 847
602 492
602 13
602 147
603 395
603 396
603 292
604 38
604 590
604 535
604 618
605 567
605 29
605 54
605 714
605 771
605 807
606 221
606 12
606 301
606 895
607 109
607 308
607 340
607 856
608 411
608 498
608 600
608 700
608 802
609 20
609 509
609 405
609 638
609 934
610 115
610 352
610 303
611 494
611 58
611 120
611 615
611 665
612 423
612 221
612 172
612 718
612 769
612 942
612 950
613 530
613 4
613 119
613 743
614 485
614 190
614 215
614 996
615 137
615 611
615 566
615 976
616 165
616 88
616 167
616 663
616 806
616 944
617 579
617 21
617 124
617 774
617 907
618 167
618 604
618 22
618 697
619 318
619 292
619 352
619 880
620 115
620 302
620 350
621 582
621 439
621 438
621 948
621 982
622 151
622 599
622 363
622 817
622 936
623 569
623 106
623 45
623 626
624 48
624 530
624 99
625 207
625 262
625 498
625 844
626 52
626 47
626 623
627 8
627 244
627 440
627 897
628 587
628 21
628 126
629 444
629 259
629 8
629 649
629 987
630 27
630 9
630 503
631 82
631 68
631 14
631 921
632 126
632 337
632 15
633 17
633 4
633 12
633 932
634 202
634 9
634 297
635 22
635 498
635 456
636 125
636 12
636 2
637 313
637 493
637 584
638 126
638 609
638 415
638 667
638 764
639 502
639 42
639 58
640 297
640 69
640 169
641 185
641 260
641 432
641 871
642 30
642 5
642 10
643 466
643 161
643 270
643 651
643 747
644 54
644 164
644 195
644 744
645 349
645 392
645 133
645 941
646 356
646 281
646 96
646 857
646 912
647 328
647 408
647 155
647 833
648 106
648 0
648 379
648 893
648 971
648 974
649 629
649 199
649 299
649 822
650 20
650 16
650 417
650 848
651 380
651 643
651 49
652 25
652 422
652 158
652 781
653 32
653 560
653 7
654 148
654 533
654 184
654 997
655 362
655 96
655 302
656 375
656 2
656 309
656 772
657 297
657 2
657 444
657 703
657 722
657 922
658 496
658 44
658 272
658 947
658 979
659 191
659 548
659 22
659 962
660 29
660 131
660 189
660 682
660 740
660 835
661 68
661 404
661 485
661 929
662 95
662 542
662 154
663 616
663 385
663 34
664 371
664 387
664 0
664 917
665 611
665 396
665 154
665 899
666 334
666 230
666 375
667 178
667 237
667 638
668 231
668 79
668 40
668 710
668 722
668 742
668 879
668 901
669 341
669 58
669 32
669 876
670 189
670 400
670 149
670 788
670 877
670 961
670 999
671 6
671 142
671 269
671 748
671 921
672 118
672 450
672 412
673 595
673 483
673 547
673 681
674 492
674 576
674 174
674 715
675 231
675 76
675 66
675 757
676 228
676 115
676 4
676 695
676 852
677 347
677 571
677 420
677 839
678 162
678 428
678 592
679 147
679 240
679 75
679 918
680 132
680 474
680 57
681 673
681 147
681 66
682 660
682 344
682 151
683 269
683 476
683 328
683 907
684 294
684 561
684 159
684 765
684 771
685 13
685 481
685 0
685 758
686 217
686 159
686 279
687 219
687 573
687 46
687 842
688 36
688 369
688 587
688 756
688 882
689 192
689 1
689 594
689 707
690 467
690 26
690 95
691 578
691 406
691 4
691 976
692 459
692 566
692 403
692 918
693 498
693 285
693 348
693 819
694 320
694 12
694 277
694 831
694 931
695 43
695 676
695 584
695 919
696 502
696 373
696 321
697 531
697 618
697 125
697 920
698 567
698 459
698 336
698 794
698 886
698 919
698 952
699 3
699 136
699 574
700 5
700 608
700 300
701 572
701 153
701 209
701 826
702 284
702 496
702 175
702 728
702 846
702 916
703 192
703 427
703 657
703 945
704 472
704 301
704 407
705 65
705 235
705 54
706 214
706 218
706 305
706 967
707 66
707 689
707 21
707 746
707 766
708 345
708 0
708 535
708 782
709 285
709 398
709 524
709 735
710 668
710 348
710 273
710 845
710 930
711 5
711 52
711 465
711 808
712 548
712 290
712 565
712 954
713 49
713 206
713 347
714 605
714 597
714 572
715 674
715 554
715 222
716 226
716 535
716 509
717 170
717 27
717 213
718 612
718 297
718 387
719 453
719 2
719 465
720 145
720 1
720 217
721 427
721 233
721 25
721 738
721 880
721 925
722 249
722 668
722 657
723 60
723 54
723 33
724 111
724 178
724 262
725 496
725 5
725 456
725 864
726 71
726 274
726 220
727 442
727 217
727 284
727 739
727 851
728 702
728 244
728 36
728 898
729 504
729 74
729 394
729 762
730 236
730 27
730 421
731 21
731 218
731 107
732 121
732 28
732 0
733 0
733 510
733 309
734 219
734 18
734 183
734 766
735 709
735 15
735 567
735 974
736 73
736 175
736 326
736 765
736 966
737 54
737 141
737 262
737 930
738 234
738 253
738 721
738 901
738 986
739 576
739 41
739 727
739 748
739 809
740 660
740 0
740 78
741 366
741 11
741 164
741 941
742 148
742 364
742 668
742 828
743 380
743 520
743 613
744 167
744 644
744 26
744 816
745 221
745 25
745 506
745 916
746 212
746 707
746 504
746 755
747 508
747 643
747 0
747 761
747 867
747 946
748 739
748 385
748 671
749 466
749 587
749 85
750 407
750 181
750 9
751 564
751 492
751 423
751 763
751 764
751 859
751 961
752 472
752 22
752 352
753 124
753 574
753 181
754 338
754 469
754 563
755 66
755 746
755 383
756 688
756 547
756 0
757 22
757 366
757 675
758 60
758 685
758 212
759 283
759 84
759 249
760 78
760 566
760 120
760 897
760 941
761 747
761 337
761 221
762 729
762 151
762 123
762 843
762 849
762 889
762 926
762 975
763 168
763 751
763 113
764 118
764 751
764 638
765 684
765 736
765 52
765 813
765 816
765 967
766 411
766 707
766 734
767 51
767 92
767 195
767 990
768 109
768 98
768 457
769 335
769 481
769 612
770 61
770 8
770 103
770 865
771 605
771 280
771 684
771 839
771 925
772 656
772 202
772 1
773 363
773 243
773 259
773 997
774 5
774 73
774 617
774 779
775 544
775 25
775 271
776 3
776 266
776 363
776 828
776 994
777 587
777 1
777 290
778 201
778 261
778 239
778 856
779 774
779 502
779 2
780 271
780 26
780 32
781 652
781 59
781 168
781 869
782 229
782 46
782 708
783 551
783 100
783 154
783 872
784 582
784 214
784 129
785 5
785 128
785 347
786 524
786 97
786 565
787 305
787 454
787 14
788 97
788 670
788 291
788 836
789 221
789 379
789 356
790 561
790 168
790 219
791 477
791 476
791 49
791 928
792 240
792 105
792 126
793 5
793 34
793 146
794 130
794 698
794 453
794 817
795 342
795 551
795 305
796 324
796 62
796 368
797 535
797 305
797 429
797 893
797 992
798 537
798 14
798 232
799 359
799 226
799 385
800 83
800 105
800 559
800 970
801 463
801 2
801 393
802 484
802 1
802 608
802 927
803 101
803 35
803 30
804 45
804 538
804 28
805 159
805 319
805 13
806 616
806 503
806 467
806 818
807 54
807 5
807 605
808 256
808 487
808 711
809 739
809 601
809 1
809 923
810 108
810 158
810 36
810 868
811 523
811 295
811 373
811 829
812 331
812 232
812 84
812 965
813 418
813 212
813 765
814 85
814 12
814 104
815 352
815 557
815 51
816 29
816 744
816 765
816 948
817 622
817 593
817 794
817 828
817 984
817 989
818 563
818 806
818 386
818 832
819 172
819 693
819 192
820 368
820 8
820 146
820 945
821 326
821 12
821 55
821 897
822 2
822 649
822 547
823 259
823 153
823 106
824 239
824 18
824 2
824 943
825 8
825 225
825 318
825 874
826 701
826 463
826 17
826 951
827 213
827 33
827 131
827 834
828 817
828 742
828 776
829 811
829 82
829 210
829 838
830 249
830 234
830 109
830 853
831 694
831 248
831 76
832 164
832 818
832 459
833 504
833 647
833 383
834 216
834 3
834 827
835 660
835 91
835 382
836 106
836 47
836 788
837 510
837 2
837 77
838 589
838 829
838 314
839 77
839 771
839 677
840 41
840 184
840 327
841 46
841 109
841 168
842 687
842 148
842 271
843 762
843 223
843 3
844 495
844 625
844 10
845 12
845 584
845 710
846 702
846 502
846 232
846 906
847 601
847 167
847 532
848 478
848 650
848 62
849 397
849 762
849 241
850 9
850 572
850 313
851 727
851 10
851 336
852 60
852 84
852 676
853 27
853 258
853 830
854 368
854 31
854 171
854 874
855 191
855 258
855 134
856 778
856 607
856 179
857 406
857 646
857 439
858 247
858 37
858 333
859 521
859 751
859 552
860 134
860 22
860 424
860 993
861 366
861 158
861 258
862 34
862 224
862 120
862 935
863 120
863 348
863 60
864 157
864 725
864 480
865 61
865 46
865 770
866 373
866 377
866 73
867 1
867 747
867 125
868 810
868 369
868 243
869 56
869 491
869 781
870 398
870 588
870 522
871 206
871 641
871 192
871 975
872 783
872 25
872 91
873 387
873 315
873 600
874 854
874 825
874 69
875 51
875 165
875 599
876 136
876 669
876 37
877 136
877 219
877 670
877 937
878 405
878 325
878 18
879 321
879 668
879 482
880 466
880 619
880 721
881 592
881 306
881 285
882 688
882 31
882 413
883 515
883 297
883 155
884 199
884 148
884 468
884 945
885 32
885 393
885 479
886 476
886 698
886 24
887 52
887 446
887 525
887 890
888 171
888 405
888 147
889 343
889 336
889 762
889 923
890 495
890 887
890 299
891 222
891 358
891 496
892 183
892 259
892 368
893 648
893 797
893 414
894 194
894 74
894 36
895 386
895 1
895 606
896 267
896 124
896 524
897 627
897 760
897 821
898 197
898 362
898 728
899 665
899 424
899 238
900 8
900 27
900 247
901 668
901 738
901 324
902 77
902 502
902 76
903 156
903 354
903 204
904 299
904 285
904 438
905 265
905 39
905 563
905 939
906 35
906 14
906 846
907 402
907 617
907 683
908 456
908 347
908 342
908 986
909 323
909 364
909 66
910 202
910 14
910 61
911 154
911 463
911 383
912 472
912 646
912 514
912 999
913 328
913 309
913 224
914 109
914 0
914 496
915 555
915 456
915 472
916 401
916 702
916 745
916 950
917 29
917 664
917 494
917 977
918 294
918 679
918 692
919 698
919 496
919 695
920 536
920 697
920 84
921 631
921 587
921 671
921 968
922 72
922 354
922 657
923 889
923 494
923 809
924 122
924 335
924 472
925 771
925 593
925 721
926 762
926 430
926 489
926 981
927 802
927 407
927 1
928 377
928 20
928 791
929 324
929 403
929 661
930 737
930 416
930 710
931 566
931 694
931 250
932 633
932 567
932 159
933 80
933 123
933 146
933 957
934 215
934 388
934 609
935 16
935 862
935 34
936 622
936 488
936 494
937 877
937 206
937 235
938 470
938 417
938 48
939 71
939 536
939 905
940 181
940 102
940 55
940 979
941 760
941 645
941 741
942 612
942 443
942 289
943 65
943 824
943 44
944 233
944 28
944 616
944 949
944 987
945 703
945 884
945 820
946 153
946 21
946 747
947 308
947 658
947 594
948 816
948 458
948 621
948 986
949 104
949 944
949 200
950 916
950 612
950 492
951 826
951 229
951 159
952 342
952 168
952 698
953 178
953 382
953 172
954 67
954 712
954 492
955 451
955 1
955 356
956 135
956 500
956 40
957 271
957 150
957 933
958 121
958 228
958 47
959 310
959 22
959 284
960 249
960 9
960 65
961 670
961 311
961 751
962 7
962 659
962 437
963 262
963 23
963 196
964 269
964 522
964 22
965 108
965 812
965 121
965 980
966 736
966 70
966 207
967 201
967 706
967 765
968 29
968 562
968 921
969 227
969 220
969 195
970 224
970 21
970 800
971 648
971 444
971 592
972 472
972 71
972 3
973 52
973 268
973 248
974 735
974 648
974 464
975 762
975 871
975 351
976 691
976 115
976 615
977 917
977 164
977 139
978 573
978 27
978 259
979 658
979 21
979 940
980 521
980 965
980 267
981 926
981 111
981 422
982 99
982 260
982 621
983 87
983 512
983 491
984 15
984 817
984 305
985 309
985 57
985 9
986 738
986 908
986 948
987 629
987 400
987 944
988 489
988 403
988 358
989 455
989 817
989 439
990 543
990 767
990 97
991 432
991 63
991 368
992 592
992 332
992 797
993 35
993 860
993 291
994 776
994 480
994 184
995 394
995 256
995 507
996 152
996 99
996 614
997 654
997 293
997 773
998 272
998 263
998 396
999 670
999 176
999 912
