0 1
0 2
0 3
0 6
0 10
0 11
0 12
0 13
0 18
0 19
0 30
1 0
1 2
1 3
1 4
1 5
1 7
1 9
1 13
1 17
1 28
1 29
2 1
2 0
2 3
2 4
2 6
2 8
2 16
2 19
2 95
2 130
2 255
3 0
3 2
3 1
3 4
3 5
3 8
3 18
3 21
3 23
3 33
3 42
4 2
4 3
4 1
4 5
4 9
4 10
4 12
4 14
4 15
4 22
4 29
5 4
5 3
5 1
5 6
5 7
5 14
5 15
5 32
5 76
5 89
5 103
6 5
6 2
6 0
6 7
6 8
6 9
6 16
6 17
6 21
6 25
6 30
7 5
7 6
7 1
7 13
7 17
7 25
7 32
7 35
7 43
7 62
7 63
8 3
8 6
8 2
8 10
8 11
8 18
8 49
8 69
8 85
8 101
8 118
9 4
9 6
9 1
9 21
9 31
9 49
9 57
9 99
9 114
9 167
9 179
10 4
10 8
10 0
10 11
10 12
10 14
10 44
10 51
10 61
10 81
10 92
11 8
11 0
11 10
11 20
11 31
11 41
11 48
11 91
12 10
12 4
12 0
12 28
12 87
12 97
12 150
12 158
12 225
12 333
12 334
13 1
13 7
13 0
13 15
13 16
13 19
13 24
13 36
13 52
13 76
13 133
14 5
14 4
14 10
14 26
14 27
14 46
14 47
14 51
14 56
14 86
14 234
15 4
15 13
15 5
15 64
15 77
15 112
15 148
15 192
15 443
16 2
16 13
16 6
16 22
16 23
16 24
16 25
16 50
16 97
16 122
16 184
17 6
17 7
17 1
17 20
17 23
17 26
17 65
17 74
17 113
17 168
17 174
18 0
18 8
18 3
18 20
18 27
18 28
18 30
18 55
18 62
18 78
18 90
19 0
19 13
19 2
19 38
19 40
19 44
19 46
19 50
19 73
19 79
19 136
20 11
20 18
20 17
20 22
20 26
20 32
20 39
20 81
20 95
20 99
20 124
21 9
21 3
21 6
21 34
21 49
21 65
21 74
21 101
21 120
21 131
21 141
22 20
22 4
22 16
22 60
22 134
22 251
22 262
22 284
22 309
22 357
22 382
23 17
23 3
23 16
23 24
23 42
23 52
23 104
23 132
23 140
23 143
23 159
24 16
24 13
24 23
24 27
24 36
24 54
24 100
24 126
24 154
24 164
24 232
25 7
25 16
25 6
25 33
25 34
25 36
25 45
25 92
25 276
25 389
25 400
26 20
26 14
26 17
26 29
26 34
26 77
26 83
26 90
26 132
26 169
26 209
27 14
27 18
27 24
27 98
27 131
27 221
27 426
28 1
28 18
28 12
28 48
28 51
28 53
28 108
28 127
28 132
28 170
28 381
29 26
29 4
29 1
29 41
29 44
29 116
29 321
30 6
30 0
30 18
30 37
30 38
30 40
30 58
30 80
30 107
30 128
30 130
31 9
31 4
31 11
31 98
31 152
31 162
31 215
31 359
31 458
32 7
32 20
32 5
32 40
32 42
32 45
32 88
32 91
32 93
32 136
32 159
33 3
33 25
33 1
33 94
33 117
33 130
33 164
33 186
33 191
33 228
33 273
34 21
34 26
34 25
34 35
34 41
34 461
35 34
35 7
35 0
35 61
35 64
35 78
35 81
35 191
35 216
35 224
35 388
36 13
36 24
36 25
36 38
36 43
36 53
36 93
36 103
36 105
36 146
36 174
37 30
37 4
37 0
37 50
37 79
37 260
37 315
37 334
37 489
38 36
38 30
38 19
38 57
38 69
38 71
38 221
38 424
39 6
39 1
39 20
39 64
39 87
39 109
39 123
39 137
39 199
39 219
39 281
40 19
40 30
40 32
40 47
40 55
40 59
40 63
40 66
40 89
40 120
40 149
41 34
41 11
41 29
41 45
41 60
41 68
41 70
41 78
41 80
41 86
41 111
42 32
42 23
42 3
42 96
42 128
42 249
42 281
42 299
43 7
43 3
43 36
43 53
43 139
43 140
43 234
43 478
44 29
44 19
44 10
44 61
44 333
45 41
45 32
45 25
45 73
45 76
45 111
45 144
45 254
45 449
46 19
46 4
46 14
46 54
46 56
46 72
46 82
46 92
46 113
46 197
46 225
47 0
47 14
47 40
47 58
47 66
47 84
47 88
47 100
48 11
48 28
48 1
48 111
48 116
49 8
49 21
49 9
49 121
49 133
49 135
49 148
49 200
49 240
49 269
49 371
50 37
50 19
50 16
50 59
50 74
50 123
50 125
50 153
50 197
50 207
50 287
51 14
51 10
51 28
51 57
51 63
51 88
51 102
51 175
51 217
51 248
51 316
52 13
52 0
52 23
52 59
52 114
52 166
52 167
52 246
52 347
52 425
53 28
53 36
53 43
53 68
53 87
53 115
53 267
53 292
53 381
54 24
54 1
54 46
54 71
54 96
54 97
54 138
54 154
54 156
54 161
54 189
55 18
55 1
55 40
55 58
55 73
55 98
55 106
55 107
55 204
55 290
56 0
56 14
56 46
56 60
57 9
57 38
57 51
57 72
57 83
57 109
57 110
57 142
57 163
57 271
57 273
58 30
58 55
58 47
58 75
58 168
58 237
58 245
58 258
58 345
58 355
59 52
59 50
59 40
59 75
59 163
59 193
59 259
60 56
60 22
60 41
60 71
60 173
60 247
60 273
60 403
60 449
61 10
61 44
61 35
61 95
61 96
61 241
61 466
62 18
62 1
62 7
62 134
62 182
62 210
62 215
62 306
62 489
63 7
63 51
63 40
63 66
63 67
63 68
63 72
63 104
63 145
63 152
63 209
64 15
64 35
64 39
64 100
64 126
64 142
64 313
64 322
64 404
65 21
65 17
65 1
65 117
66 47
66 40
66 63
66 82
66 102
66 232
66 251
66 280
66 365
67 1
67 6
67 63
67 112
67 171
68 53
68 41
68 63
68 110
68 165
68 330
68 367
68 396
68 408
69 8
69 38
69 4
69 114
69 135
69 148
69 160
69 311
70 41
70 0
70 4
70 222
70 229
70 318
70 423
71 38
71 60
71 54
71 146
71 237
71 288
71 313
71 420
71 460
72 46
72 57
72 63
72 80
72 174
72 447
72 460
73 45
73 55
73 19
73 90
73 176
73 208
73 304
73 347
73 397
74 50
74 17
74 21
74 75
74 77
74 82
74 91
74 147
74 155
74 242
74 486
75 74
75 58
75 59
75 139
75 141
75 221
75 385
76 13
76 5
76 45
76 84
76 85
76 102
76 118
76 156
76 157
76 188
76 234
77 26
77 74
77 15
77 240
77 292
77 304
77 373
77 458
78 41
78 18
78 35
79 37
79 1
79 19
79 125
79 129
79 145
79 153
79 178
79 203
79 216
79 284
80 30
80 41
80 72
80 152
80 196
80 391
80 485
81 10
81 35
81 20
81 99
81 236
81 261
81 380
81 437
82 46
82 66
82 74
82 86
82 119
82 139
82 328
83 57
83 26
83 7
83 121
83 213
83 235
84 47
84 4
84 76
84 172
84 265
84 276
85 8
85 1
85 76
85 108
85 190
85 383
86 41
86 82
86 14
86 188
86 238
86 285
86 323
86 413
86 495
87 39
87 53
87 12
87 195
87 232
87 286
87 319
88 51
88 47
88 32
88 156
88 172
88 189
88 214
88 269
88 411
88 418
88 440
89 40
89 7
89 5
89 110
89 131
89 142
89 147
89 258
89 316
89 341
89 463
90 73
90 18
90 26
90 119
90 137
90 146
90 257
90 277
90 352
90 354
91 32
91 74
91 11
91 170
91 395
91 484
92 10
92 25
92 46
92 120
92 122
92 133
92 138
92 161
92 185
92 190
92 204
93 36
93 3
93 32
93 106
93 128
93 187
93 305
93 358
94 33
94 6
94 10
94 124
95 20
95 2
95 61
95 112
95 149
95 181
95 353
95 479
96 42
96 61
96 54
96 104
96 127
96 257
96 276
96 374
97 12
97 16
97 54
97 105
97 183
97 207
97 249
98 27
98 31
98 55
98 145
98 176
99 20
99 81
99 9
99 108
99 163
99 199
99 252
99 330
99 364
100 24
100 47
100 64
100 125
100 151
100 168
100 314
100 395
100 418
101 18
101 21
101 8
101 119
101 186
101 201
101 275
101 285
101 310
101 402
101 491
102 76
102 66
102 51
102 206
102 399
103 36
103 5
103 1
103 106
103 182
103 239
103 257
103 407
104 23
104 96
104 63
104 107
104 238
104 330
105 36
105 97
105 0
105 212
105 325
105 364
105 378
106 93
106 103
106 55
106 181
106 291
106 321
106 345
106 361
107 30
107 104
107 55
107 175
107 183
107 200
108 85
108 28
108 99
108 126
108 147
109 3
109 57
109 39
109 153
109 155
109 169
109 231
110 68
110 57
110 89
110 123
110 180
110 369
111 41
111 45
111 48
111 121
111 160
111 180
111 185
111 238
111 389
112 15
112 95
112 67
112 179
112 189
112 239
112 264
112 302
112 404
113 0
113 46
113 17
113 244
113 332
113 392
114 52
114 9
114 69
114 167
114 445
115 1
115 3
115 53
116 48
116 0
116 29
116 136
116 141
116 290
116 350
116 390
117 65
117 41
117 33
117 188
117 233
117 471
118 8
118 1
118 76
118 127
118 205
118 206
118 207
118 218
118 402
118 423
118 431
119 90
119 82
119 101
119 155
119 254
119 291
119 413
119 420
120 21
120 92
120 40
120 135
120 205
120 274
120 381
121 49
121 83
121 111
121 122
121 151
121 242
121 319
121 397
121 435
122 16
122 121
122 92
123 39
123 50
123 110
123 129
123 211
123 307
123 398
123 456
123 487
124 5
124 20
124 94
124 209
124 244
125 100
125 50
125 79
125 149
125 239
125 308
125 356
125 391
125 456
126 64
126 108
126 24
126 187
126 279
126 377
126 405
126 415
127 118
127 28
127 96
127 166
127 212
127 309
127 413
127 488
128 93
128 42
128 30
128 431
128 451
129 79
129 18
129 123
129 143
129 294
130 2
130 33
130 30
130 195
130 222
130 336
131 21
131 27
131 89
131 202
131 247
131 456
132 23
132 28
132 26
132 194
133 92
133 49
133 13
133 140
133 173
133 208
133 213
133 339
134 62
134 8
134 22
134 144
134 382
134 386
135 49
135 69
135 120
135 300
135 334
136 19
136 116
136 32
136 150
136 214
136 298
136 300
137 1
137 39
137 90
137 250
137 326
137 453
138 92
138 54
138 41
138 346
138 403
138 482
139 75
139 43
139 82
139 171
139 183
139 324
139 414
139 490
140 133
140 23
140 43
140 199
140 256
140 268
140 434
141 116
141 75
141 21
141 361
141 399
142 89
142 57
142 64
142 171
143 23
143 129
143 3
143 366
144 45
144 134
144 5
144 160
144 190
144 224
144 332
144 356
145 63
145 98
145 79
145 302
146 90
146 36
146 71
146 309
146 340
146 451
147 74
147 89
147 108
147 185
147 187
147 462
148 15
148 69
148 49
148 275
148 317
148 473
149 95
149 40
149 125
149 231
149 282
150 12
150 0
150 136
150 158
150 287
151 100
151 21
151 121
151 258
151 394
152 80
152 63
152 31
152 154
152 206
153 109
153 79
153 50
153 410
153 479
154 24
154 54
154 152
154 296
154 323
154 406
155 74
155 119
155 109
155 219
155 463
156 76
156 88
156 54
156 166
157 76
157 10
157 1
158 41
158 12
158 150
158 194
158 197
158 282
158 416
158 450
159 23
159 41
159 32
159 181
159 230
159 254
159 255
160 111
160 69
160 144
160 278
160 370
161 54
161 23
161 92
161 357
162 31
162 3
162 6
162 272
163 99
163 59
163 57
163 191
163 406
163 499
164 24
164 33
164 3
164 176
164 339
165 40
165 68
165 8
166 127
166 156
166 52
166 475
167 52
167 9
167 114
167 268
167 488
168 17
168 100
168 58
169 26
169 6
169 109
170 91
170 23
170 28
170 241
171 67
171 142
171 139
171 313
171 360
171 401
171 496
172 84
172 30
172 88
172 214
172 227
172 233
172 253
172 337
172 366
172 367
172 368
173 60
173 133
173 4
173 212
173 223
173 262
173 267
173 285
173 332
173 344
173 395
174 36
174 17
174 72
174 179
174 297
174 340
175 107
175 51
175 6
175 227
175 497
176 164
176 73
176 98
177 17
177 23
177 3
177 401
177 470
178 19
178 79
178 4
179 9
179 112
179 174
179 180
179 429
179 459
180 179
180 110
180 111
180 204
180 277
180 432
181 106
181 159
181 95
182 103
182 62
182 23
182 194
182 213
182 247
182 291
182 317
182 320
182 354
183 107
183 139
183 97
184 4
184 16
184 41
184 340
185 111
185 147
185 92
185 192
185 218
185 274
185 387
185 492
186 23
186 101
186 33
186 196
186 269
186 287
186 322
186 408
187 126
187 147
187 93
188 86
188 76
188 117
189 88
189 54
189 112
190 92
190 144
190 85
190 229
190 249
190 250
190 476
190 495
191 33
191 163
191 35
191 487
192 185
192 20
192 15
192 201
192 235
193 59
193 10
193 1
194 158
194 182
194 132
195 130
195 0
195 87
195 346
196 1
196 186
196 80
196 468
197 50
197 158
197 46
197 319
197 348
197 385
197 419
197 469
198 54
198 3
198 8
198 286
199 99
199 140
199 39
199 224
199 324
199 328
199 335
199 354
199 481
200 6
200 49
200 107
201 192
201 101
201 6
201 315
202 19
202 16
202 131
202 263
202 266
202 351
203 32
203 21
203 79
203 263
203 464
204 180
204 55
204 92
204 261
205 118
205 120
205 7
206 118
206 152
206 102
206 230
206 260
207 50
207 97
207 118
207 314
208 133
208 32
208 73
208 211
208 261
208 306
208 365
208 437
209 124
209 63
209 26
209 311
209 426
209 447
209 449
210 62
210 16
210 40
210 248
210 264
210 277
210 329
210 459
211 1
211 208
211 123
211 433
212 173
212 127
212 105
212 262
212 312
213 83
213 182
213 133
213 217
213 428
214 88
214 136
214 172
214 226
214 352
215 62
215 1
215 31
215 407
216 79
216 35
216 40
216 229
216 272
216 329
216 370
217 51
217 213
217 3
217 235
217 245
217 251
217 384
217 450
217 463
217 493
218 185
218 118
218 16
218 220
218 337
218 347
219 155
219 17
219 39
219 222
220 20
220 218
220 18
220 228
221 38
221 75
221 27
221 236
221 288
221 448
222 70
222 219
222 130
222 260
222 338
222 369
222 390
222 421
222 488
223 4
223 173
223 3
223 226
223 307
223 422
224 35
224 199
224 144
224 428
225 40
225 46
225 12
225 265
226 9
226 214
226 223
226 388
227 175
227 92
227 172
227 233
227 378
228 33
228 1
228 220
228 270
228 278
228 375
229 216
229 190
229 70
229 446
230 92
230 159
230 206
230 279
230 387
230 440
230 468
231 109
231 149
231 8
232 87
232 66
232 24
232 243
232 295
232 492
233 172
233 117
233 227
233 412
234 43
234 14
234 76
234 379
234 465
235 83
235 192
235 217
235 300
235 383
236 1
236 221
236 81
237 58
237 71
237 63
237 263
237 312
237 415
237 432
238 86
238 104
238 111
239 125
239 103
239 112
240 18
240 49
240 77
241 170
241 61
241 8
241 243
241 362
241 427
242 74
242 1
242 121
242 360
242 373
242 376
242 422
243 241
243 23
243 232
243 336
243 482
244 113
244 124
244 13
245 58
245 7
245 217
245 270
245 339
245 410
245 452
246 18
246 63
246 52
246 256
246 301
246 439
247 60
247 182
247 131
247 303
247 355
247 430
248 51
248 210
248 30
248 280
248 289
249 42
249 190
249 97
249 270
249 302
250 137
250 1
250 190
250 275
250 379
250 380
251 217
251 66
251 22
251 325
251 327
252 99
252 7
252 23
252 265
253 18
253 172
253 14
253 321
253 442
254 45
254 119
254 159
254 281
255 26
255 2
255 159
256 140
256 246
256 16
256 295
257 103
257 96
257 90
258 89
258 58
258 151
258 266
258 470
259 36
259 59
259 9
259 409
260 37
260 206
260 222
260 272
261 81
261 208
261 204
261 293
261 297
261 429
261 477
262 22
262 173
262 212
262 267
262 444
262 446
262 477
263 237
263 202
263 203
263 371
264 17
264 112
264 210
264 384
264 455
265 252
265 84
265 225
265 304
265 394
265 419
265 472
265 476
266 202
266 258
266 18
267 173
267 262
267 53
268 167
268 140
268 14
268 283
268 286
268 410
269 49
269 186
269 88
269 271
269 274
269 327
269 394
270 245
270 228
270 249
270 310
271 57
271 269
271 8
271 308
271 329
271 424
272 216
272 260
272 162
273 33
273 57
273 60
273 283
273 298
274 185
274 269
274 120
274 311
274 350
274 417
275 101
275 148
275 250
275 322
275 438
276 96
276 84
276 25
276 350
276 469
277 210
277 90
277 180
277 405
278 160
278 228
278 33
279 126
279 7
279 230
279 434
280 14
280 248
280 66
280 364
281 39
281 42
281 254
281 290
281 427
282 158
282 1
282 149
282 346
282 406
283 268
283 273
283 5
283 363
283 409
283 433
284 79
284 7
284 22
284 374
284 396
284 484
284 490
285 86
285 101
285 173
285 363
286 87
286 268
286 198
287 50
287 150
287 186
287 299
288 63
288 71
288 221
289 248
289 32
289 36
290 281
290 116
290 55
291 106
291 182
291 119
291 353
291 480
292 53
292 77
292 7
292 296
292 301
292 384
293 4
293 2
293 261
294 79
294 9
294 129
295 256
295 232
295 4
295 375
295 425
295 427
295 443
296 292
296 154
296 30
297 174
297 21
297 261
297 465
298 273
298 136
298 41
299 63
299 42
299 287
300 235
300 135
300 136
300 356
300 363
301 292
301 21
301 246
301 325
301 351
301 497
302 145
302 249
302 112
302 442
303 247
303 0
303 26
303 335
303 445
303 483
304 77
304 73
304 265
305 1
305 93
305 92
305 458
306 17
306 208
306 62
307 223
307 7
307 123
307 342
307 467
308 125
308 271
308 6
308 331
308 372
308 414
308 436
309 127
309 22
309 146
309 341
309 360
309 393
309 472
310 270
310 7
310 101
311 274
311 209
311 69
311 368
312 237
312 46
312 212
312 369
312 419
312 437
313 64
313 171
313 71
314 207
314 7
314 100
314 320
315 39
315 37
315 201
315 343
315 393
316 51
316 89
316 10
317 148
317 1
317 182
317 494
318 70
318 30
318 7
318 485
319 87
319 197
319 121
320 182
320 314
320 51
320 375
321 253
321 106
321 29
321 412
322 64
322 275
322 186
322 486
323 16
323 86
323 154
324 139
324 16
324 199
324 457
325 251
325 105
325 301
325 377
326 92
326 1
326 137
326 348
326 374
326 402
326 442
327 20
327 251
327 269
327 344
328 46
328 82
328 199
329 271
329 216
329 210
329 343
330 104
330 68
330 99
331 21
331 63
331 308
332 144
332 173
332 113
333 92
333 44
333 12
334 12
334 135
334 37
334 361
334 392
335 199
335 303
335 0
336 243
336 14
336 130
336 464
337 172
337 24
337 218
338 3
338 222
338 5
338 400
339 133
339 164
339 245
339 441
340 174
340 184
340 146
340 373
340 499
341 17
341 89
341 309
342 17
342 40
342 307
343 33
343 315
343 329
343 414
344 173
344 17
344 327
344 396
345 33
345 58
345 106
346 282
346 195
346 138
347 218
347 52
347 73
347 386
347 479
348 2
348 326
348 197
349 5
349 57
349 16
350 276
350 274
350 116
350 380
350 421
350 494
351 301
351 8
351 202
352 50
352 90
352 214
353 291
353 40
353 95
353 464
353 477
354 199
354 182
354 90
354 359
354 418
354 461
354 476
354 499
355 247
355 32
355 58
356 300
356 144
356 125
356 436
357 161
357 22
357 32
357 423
358 93
358 0
358 8
359 7
359 31
359 354
359 454
360 242
360 309
360 171
361 106
361 334
361 141
362 241
362 33
362 30
363 283
363 285
363 300
363 433
364 280
364 105
364 99
364 407
365 208
365 39
365 66
365 487
366 143
366 36
366 172
366 416
367 68
367 172
367 54
367 383
368 311
368 13
368 172
368 497
369 312
369 110
369 222
370 216
370 160
370 18
371 49
371 263
371 40
372 308
372 49
372 79
373 77
373 340
373 242
374 96
374 284
374 326
375 228
375 295
375 320
375 391
375 399
375 470
376 5
376 1
376 242
377 13
377 126
377 325
377 389
378 227
378 105
378 33
379 250
379 30
379 234
379 438
379 467
379 492
380 81
380 250
380 350
380 483
381 53
381 120
381 28
381 398
381 473
382 22
382 134
382 8
383 367
383 85
383 235
384 292
384 264
384 217
385 1
385 197
385 75
386 54
386 347
386 134
386 434
387 32
387 185
387 230
388 226
388 35
388 28
388 435
389 377
389 111
389 25
389 483
390 8
390 116
390 222
390 498
391 125
391 80
391 375
391 439
392 113
392 334
392 92
393 32
393 315
393 309
394 151
394 269
394 265
394 422
394 447
395 173
395 100
395 91
395 454
396 68
396 284
396 344
396 430
396 478
397 121
397 1
397 73
397 431
398 1
398 381
398 123
399 141
399 102
399 375
399 408
400 25
400 338
400 0
401 172
401 171
401 177
402 326
402 101
402 118
403 20
403 138
403 60
404 112
404 64
404 24
405 126
405 8
405 277
405 472
406 154
406 163
406 282
406 455
406 475
407 103
407 364
407 215
408 68
408 399
408 186
408 426
408 498
409 283
409 35
409 259
409 448
409 478
410 153
410 268
410 245
410 421
411 49
411 88
411 79
412 233
412 57
412 321
413 119
413 127
413 86
414 139
414 308
414 343
414 441
415 126
415 237
415 7
415 448
416 14
416 366
416 158
416 490
417 12
417 274
417 0
417 495
418 354
418 88
418 100
418 432
419 312
419 197
419 265
420 71
420 24
420 119
421 350
421 410
421 222
422 242
422 394
422 223
423 357
423 118
423 70
424 38
424 24
424 271
424 453
424 484
425 21
425 295
425 52
426 209
426 27
426 408
427 241
427 281
427 295
428 224
428 213
428 50
429 179
429 25
429 261
429 445
430 247
430 396
430 25
431 118
431 128
431 397
432 237
432 180
432 418
432 474
433 211
433 363
433 283
434 140
434 279
434 386
435 4
435 121
435 388
435 457
436 356
436 10
436 308
436 455
437 81
437 312
437 208
438 0
438 379
438 275
439 32
439 391
439 246
440 1
440 230
440 88
440 444
441 17
441 414
441 339
442 253
442 302
442 326
443 295
443 8
443 15
443 486
444 440
444 262
444 8
445 429
445 114
445 303
446 262
446 4
446 229
447 394
447 72
447 209
448 415
448 221
448 409
449 60
449 209
449 45
450 158
450 24
450 217
451 128
451 146
451 50
452 245
452 51
452 5
453 424
453 6
453 137
453 462
453 494
454 18
454 359
454 395
455 264
455 436
455 406
456 123
456 131
456 125
456 480
457 435
457 324
457 46
458 77
458 305
458 31
459 179
459 32
459 210
460 57
460 72
460 71
461 34
461 354
461 8
462 453
462 147
462 12
463 89
463 155
463 217
463 471
464 203
464 336
464 353
465 234
465 297
465 17
466 49
466 92
466 61
467 379
467 307
467 23
468 9
468 230
468 196
469 197
469 276
469 7
470 177
470 258
470 375
470 489
471 117
471 463
471 54
472 405
472 309
472 265
473 148
473 17
473 381
474 19
474 432
474 17
475 166
475 173
475 406
476 354
476 190
476 265
477 353
477 261
477 262
478 409
478 396
478 43
479 153
479 347
479 95
480 291
480 39
480 456
481 7
481 12
481 199
482 243
482 16
482 138
483 303
483 389
483 380
484 91
484 424
484 284
485 318
485 80
485 30
486 322
486 74
486 443
487 123
487 365
487 191
488 167
488 222
488 127
489 470
489 37
489 62
490 416
490 139
490 284
491 101
491 1
491 3
492 379
492 185
492 232
493 7
493 30
493 217
494 317
494 453
494 350
495 86
495 190
495 417
496 9
496 51
496 171
497 175
497 368
497 301
498 390
498 41
498 408
499 340
499 354
499 163
