0 1
0 2
1 0
1 2
2 0
2 1
3 0
3 1
3 2
4 2
4 1
4 0
5 0
5 1
5 3
6 3
6 2
6 0
7 5
7 0
7 2
8 1
8 5
8 0
9 0
9 8
9 2
10 9
10 3
10 1
11 2
11 10
11 1
12 7
12 5
12 9
13 1
13 12
13 7
14 10
14 12
14 2
15 1
15 2
15 14
16 9
16 3
16 2
17 3
17 9
17 2
18 10
18 5
18 2
19 5
19 3
19 7
20 2
20 1
20 5
21 2
21 10
21 20
22 5
22 3
22 1
23 12
23 0
23 5
24 2
24 1
24 18
25 6
25 8
25 22
26 17
26 6
26 5
27 14
27 21
27 2
28 0
28 13
28 6
29 4
29 7
29 2
30 25
30 4
30 1
31 20
31 24
31 0
32 17
32 5
32 19
33 1
33 6
33 20
34 6
34 2
34 5
35 19
35 8
35 16
36 34
36 33
36 1
37 2
37 3
37 10
38 0
38 9
38 35
39 0
39 5
39 10
40 1
40 39
40 13
41 12
41 2
41 10
42 8
42 9
42 1
43 1
43 5
43 0
44 14
44 12
44 37
45 26
45 3
45 11
46 36
46 19
46 0
47 24
47 30
47 0
48 2
48 15
48 1
49 24
49 22
49 3
