0 1
0 2
0 3
0 4
1 0
1 2
1 3
1 4
2 0
2 1
2 3
2 6
3 0
3 1
3 2
3 4
4 0
4 3
4 1
4 12
5 0
5 1
5 3
5 7
6 0
6 3
6 2
6 10
7 0
7 5
7 1
7 8
8 0
8 7
8 5
8 10
9 5
9 7
9 1
9 15
10 7
10 6
10 8
10 14
11 1
11 7
11 2
11 44
12 7
12 4
12 5
12 21
13 6
13 5
13 1
13 17
14 10
14 2
14 3
14 15
15 9
15 14
15 7
15 39
16 10
16 6
16 3
16 23
17 13
17 5
17 4
17 30
18 2
18 9
18 5
18 24
19 3
19 10
19 1
19 37
20 3
20 5
20 2
20 33
21 4
21 12
21 6
21 44
22 3
22 9
22 0
22 23
23 12
23 16
23 22
23 24
24 18
24 23
24 16
24 40
25 0
25 5
25 6
25 36
26 3
26 6
26 12
26 63
27 7
27 12
27 5
27 41
28 18
28 16
28 3
28 38
29 9
29 2
29 3
29 52
30 3
30 16
30 17
30 41
31 4
31 9
31 2
31 339
32 1
32 9
32 5
32 117
33 20
33 5
33 22
33 40
34 6
34 5
34 10
34 74
35 23
35 17
35 16
35 43
36 25
36 23
36 9
36 44
37 10
37 19
37 16
37 47
38 5
38 13
38 28
38 61
39 15
39 17
39 28
39 47
40 1
40 24
40 33
40 68
41 27
41 7
41 30
41 222
42 18
42 15
42 7
42 96
43 8
43 6
43 35
43 47
44 21
44 36
44 11
44 46
45 18
45 2
45 5
45 92
46 15
46 7
46 44
46 84
47 37
47 43
47 39
47 49
48 2
48 16
48 18
48 123
49 2
49 47
49 39
49 53
50 23
50 44
50 16
50 58
51 3
51 12
51 1
51 54
52 24
52 33
52 29
52 73
53 35
53 49
53 1
53 189
54 51
54 25
54 3
54 56
55 15
55 19
55 47
55 97
56 17
56 54
56 23
57 2
57 19
57 5
57 66
58 47
58 54
58 50
58 115
59 3
59 10
59 16
59 397
60 37
60 18
60 7
60 121
61 38
61 35
61 6
61 150
62 10
62 30
62 0
62 875
63 5
63 10
63 26
63 114
64 54
64 35
64 1
64 114
65 3
65 5
65 22
65 402
66 35
66 57
66 17
66 76
67 20
67 0
67 19
67 197
68 43
68 20
68 40
68 128
69 5
69 38
69 57
69 80
70 24
70 28
70 9
70 104
71 16
71 44
71 25
71 187
72 16
72 10
72 37
72 267
73 50
73 52
73 7
73 86
74 34
74 2
74 24
74 155
75 23
75 3
75 2
75 107
76 66
76 1
76 3
76 82
77 22
77 5
77 44
77 160
78 16
78 1
78 6
78 83
79 24
79 54
79 12
79 151
80 1
80 69
80 23
80 676
81 30
81 21
81 3
81 238
82 6
82 76
82 13
82 549
83 47
83 6
83 78
83 103
84 46
84 6
84 27
84 293
85 1
85 11
85 23
85 197
86 4
86 73
86 3
86 90
87 2
87 22
87 66
87 734
88 6
88 47
88 66
88 144
89 4
89 28
89 18
89 106
90 13
90 54
90 86
90 101
91 9
91 35
91 7
91 154
92 5
92 28
92 45
92 125
93 43
93 35
93 54
93 177
94 9
94 52
94 1
94 555
95 30
95 21
95 5
95 215
96 18
96 10
96 42
96 210
97 26
97 18
97 55
97 181
98 14
98 23
98 33
98 697
99 15
99 3
99 78
99 159
100 10
100 2
100 4
100 142
101 7
101 90
101 8
101 111
102 1
102 10
102 35
102 129
103 1
103 83
103 3
103 386
104 10
104 70
104 37
104 807
105 3
105 5
105 54
105 112
106 5
106 89
106 25
106 125
107 75
107 3
107 10
107 204
108 78
108 70
108 55
108 112
109 4
109 44
109 3
109 441
110 5
110 18
110 36
110 132
111 11
111 101
111 76
111 122
112 5
112 108
112 105
112 301
113 70
113 5
113 23
113 496
114 30
114 64
114 63
114 242
115 0
115 58
115 28
115 205
116 64
116 44
116 11
116 169
117 23
117 7
117 32
117 150
118 4
118 1
118 7
118 310
119 55
119 32
119 3
119 148
120 54
120 32
120 37
120 145
121 35
121 60
121 3
121 138
122 39
122 1
122 111
122 649
123 13
123 48
123 28
123 126
124 16
124 14
124 12
124 340
125 106
125 15
125 92
125 128
126 58
126 123
126 108
126 184
127 28
127 24
127 52
128 28
128 125
128 68
128 135
129 108
129 90
129 102
129 139
130 49
130 27
130 3
131 3
131 52
131 106
131 482
132 125
132 27
132 110
132 192
133 36
133 52
133 92
133 147
134 36
134 102
134 44
134 221
135 39
135 128
135 5
135 141
136 92
136 110
136 14
136 504
137 33
137 44
137 54
137 170
138 121
138 68
138 5
138 173
139 129
139 0
139 1
139 152
140 42
140 14
140 3
140 205
141 47
141 2
141 135
141 174
142 100
142 46
142 75
142 162
143 47
143 23
143 38
143 475
144 68
144 83
144 88
144 418
145 36
145 120
145 1
145 295
146 14
146 57
146 120
146 178
147 133
147 2
147 15
147 266
148 119
148 3
148 35
148 172
149 83
149 44
149 52
149 201
150 76
150 61
150 117
150 349
151 64
151 68
151 79
151 384
152 55
152 44
152 139
152 243
153 30
153 46
153 10
153 267
154 90
154 2
154 91
154 202
155 10
155 28
155 74
155 439
156 5
156 21
156 119
156 220
157 9
157 101
157 10
158 14
158 28
158 73
158 232
159 79
159 50
159 99
159 176
160 17
160 49
160 77
160 170
161 25
161 24
161 9
161 742
162 40
162 142
162 14
162 256
163 18
163 55
163 108
163 199
164 54
164 108
164 135
164 249
165 17
165 117
165 4
165 492
166 46
166 11
166 105
167 39
167 73
167 33
167 739
168 61
168 16
168 106
168 422
169 116
169 12
169 17
169 318
170 49
170 137
170 160
170 179
171 5
171 54
171 44
171 193
172 46
172 148
172 25
172 432
173 15
173 138
173 50
173 186
174 39
174 66
174 141
174 355
175 6
175 24
175 18
175 250
176 3
176 54
176 159
176 217
177 93
177 78
177 40
177 348
178 146
178 1
178 21
178 187
179 14
179 135
179 170
179 286
180 89
180 0
180 54
180 315
181 14
181 12
181 97
181 353
182 24
182 1
182 4
182 201
183 10
183 91
183 69
183 372
184 74
184 126
184 28
184 226
185 14
185 54
185 120
185 242
186 38
186 106
186 173
186 878
187 178
187 5
187 71
187 392
188 27
188 28
188 105
189 2
189 11
189 53
189 216
190 10
190 5
190 11
190 254
191 54
191 170
191 0
191 299
192 132
192 24
192 10
192 270
193 53
193 2
193 171
193 342
194 58
194 105
194 128
194 321
195 64
195 101
195 37
196 97
196 27
196 1
196 229
197 67
197 23
197 85
197 320
198 11
198 10
198 86
198 453
199 163
199 8
199 35
199 251
200 2
200 76
200 90
200 214
201 141
201 182
201 149
201 320
202 154
202 2
202 60
202 343
203 43
203 26
203 33
203 387
204 107
204 34
204 9
204 352
205 115
205 78
205 140
205 273
206 90
206 47
206 1
206 808
207 0
207 60
207 48
208 30
208 0
208 102
208 212
209 24
209 12
209 48
209 351
210 96
210 120
210 135
210 284
211 3
211 54
211 53
211 273
212 69
212 54
212 208
212 233
213 22
213 116
213 44
213 253
214 5
214 14
214 200
214 300
215 53
215 148
215 95
215 257
216 2
216 189
216 16
216 231
217 21
217 28
217 176
217 232
218 120
218 5
218 3
218 347
219 77
219 57
219 50
219 240
220 58
220 108
220 156
220 261
221 24
221 134
221 23
221 277
222 41
222 23
222 90
222 249
223 37
223 0
223 116
223 273
224 66
224 12
224 17
225 2
225 5
225 159
225 272
226 120
226 184
226 3
226 464
227 24
227 96
227 101
227 429
228 126
228 49
228 54
228 274
229 19
229 196
229 7
230 21
230 30
230 14
230 436
231 28
231 54
231 216
231 238
232 158
232 110
232 217
232 341
233 132
233 212
233 14
233 283
234 189
234 11
234 45
234 282
235 2
235 21
235 11
235 404
236 108
236 66
236 135
236 289
237 28
237 142
237 63
237 265
238 81
238 231
238 36
238 524
239 37
239 12
239 189
239 390
240 36
240 219
240 17
240 254
241 101
241 58
241 15
241 245
242 114
242 185
242 37
242 560
243 22
243 152
243 77
243 376
244 185
244 19
244 6
245 4
245 16
245 241
245 321
246 219
246 71
246 2
246 429
247 101
247 39
247 184
248 106
248 117
248 58
248 289
249 222
249 164
249 37
249 370
250 3
250 175
250 42
250 482
251 189
251 199
251 170
251 310
252 117
252 28
252 173
252 308
253 213
253 57
253 86
253 304
254 190
254 96
254 240
254 373
255 19
255 159
255 64
255 304
256 95
256 49
256 162
256 303
257 39
257 64
257 215
257 284
258 51
258 199
258 99
258 322
259 120
259 231
259 25
259 443
260 123
260 119
260 182
260 453
261 18
261 220
261 39
262 102
262 163
262 199
262 523
263 1
263 47
263 22
263 281
264 99
264 92
264 54
264 403
265 83
265 129
265 237
266 241
266 147
266 8
266 349
267 21
267 153
267 72
267 295
268 128
268 10
268 54
269 208
269 20
269 53
269 371
270 54
270 216
270 192
270 298
271 32
271 0
271 222
271 339
272 225
272 63
272 21
272 298
273 211
273 205
273 223
273 275
274 228
274 35
274 57
274 336
275 29
275 11
275 273
275 363
276 15
276 100
276 60
277 221
277 171
277 17
277 288
278 3
278 231
278 37
278 533
279 146
279 24
279 92
279 434
280 90
280 2
280 24
280 307
281 263
281 5
281 173
281 363
282 234
282 15
282 69
282 291
283 233
283 5
283 162
283 617
284 210
284 12
284 257
284 477
285 6
285 46
285 225
285 374
286 179
286 101
286 160
287 120
287 220
287 222
287 364
288 147
288 277
288 212
288 369
289 248
289 6
289 236
289 372
290 119
290 60
290 51
290 307
291 18
291 282
291 16
291 543
292 44
292 107
292 3
292 311
293 84
293 16
293 257
293 667
294 126
294 3
294 2
294 404
295 39
295 145
295 267
295 576
296 3
296 49
296 241
296 642
297 184
297 58
297 43
297 391
298 270
298 18
298 272
298 605
299 191
299 10
299 153
299 317
300 267
300 214
300 58
300 342
301 123
301 22
301 112
301 905
302 34
302 216
302 99
302 383
303 44
303 257
303 256
303 346
304 54
304 255
304 253
304 308
305 205
305 3
305 158
305 431
306 2
306 16
306 6
306 493
307 79
307 280
307 290
307 391
308 304
308 6
308 252
308 325
309 101
309 290
309 160
310 25
310 251
310 118
310 444
311 45
311 54
311 292
311 321
312 23
312 15
312 219
312 332
313 91
313 120
313 256
313 606
314 185
314 5
314 90
314 390
315 180
315 2
315 70
315 842
316 4
316 152
316 142
316 418
317 28
317 5
317 299
318 11
318 169
318 117
318 369
319 135
319 69
319 52
320 201
320 35
320 197
320 348
321 311
321 194
321 245
321 647
322 63
322 258
322 137
322 348
323 142
323 114
323 255
323 350
324 11
324 201
324 3
324 920
325 308
325 114
325 145
325 370
326 5
326 148
326 60
326 422
327 9
327 79
327 145
328 10
328 199
328 39
328 575
329 0
329 201
329 163
329 404
330 69
330 41
330 148
330 596
331 191
331 40
331 153
332 117
332 83
332 312
332 385
333 23
333 125
333 219
334 15
334 111
334 154
334 611
335 217
335 44
335 10
336 85
336 274
336 126
336 362
337 35
337 24
337 63
337 374
338 277
338 312
338 208
338 711
339 31
339 63
339 271
339 430
340 10
340 124
340 44
340 393
341 248
341 232
341 1
341 402
342 300
342 32
342 193
342 489
343 202
343 189
343 3
344 33
344 24
344 193
344 531
345 77
345 97
345 271
345 591
346 78
346 85
346 303
346 547
347 218
347 219
347 0
347 411
348 322
348 320
348 177
348 883
349 266
349 150
349 2
349 570
350 323
350 11
350 47
350 450
351 63
351 209
351 169
351 614
352 204
352 52
352 2
352 555
353 181
353 257
353 71
353 376
354 123
354 54
354 22
354 560
355 174
355 33
355 2
355 658
356 25
356 47
356 106
356 374
357 210
357 290
357 208
357 427
358 17
358 7
358 158
358 488
359 47
359 108
359 17
359 465
360 15
360 304
360 257
361 41
361 15
361 178
361 401
362 336
362 9
362 16
362 367
363 140
363 281
363 275
363 689
364 287
364 159
364 217
365 21
365 223
365 33
365 602
366 63
366 14
366 323
366 624
367 85
367 362
367 23
367 446
368 92
368 48
368 61
369 318
369 5
369 288
369 537
370 249
370 135
370 325
370 698
371 30
371 236
371 269
371 549
372 183
372 202
372 289
372 409
373 71
373 142
373 254
373 589
374 285
374 356
374 337
375 34
375 159
375 74
375 584
376 267
376 243
376 353
376 811
377 124
377 202
377 32
377 490
378 102
378 176
378 275
379 2
379 6
379 16
379 485
380 90
380 50
380 34
380 787
381 69
381 97
381 1
381 521
382 43
382 240
382 20
383 76
383 251
383 302
383 451
384 182
384 245
384 151
385 332
385 129
385 2
385 506
386 71
386 5
386 103
386 630
387 77
387 203
387 210
387 458
388 0
388 23
388 66
388 780
389 33
389 5
389 134
389 417
390 2
390 314
390 239
390 414
391 285
391 307
391 297
391 486
392 187
392 3
392 203
392 589
393 340
393 134
393 60
393 472
394 74
394 249
394 39
394 415
395 123
395 12
395 288
395 613
396 1
396 147
396 97
397 121
397 59
397 266
397 607
398 210
398 14
398 97
398 566
399 23
399 311
399 218
399 483
400 49
400 270
400 54
401 234
401 361
401 12
401 523
402 65
402 341
402 114
402 536
403 264
403 10
403 163
404 329
404 294
404 235
404 591
405 263
405 171
405 54
406 228
406 299
406 3
406 841
407 1
407 20
407 5
408 292
408 43
408 273
408 535
409 178
409 258
409 372
409 440
410 75
410 140
410 44
410 649
411 178
411 132
411 347
411 621
412 192
412 233
412 58
412 437
413 134
413 178
413 189
413 435
414 41
414 390
414 336
415 394
415 196
415 47
416 43
416 58
416 22
416 585
417 389
417 258
417 11
418 144
418 316
418 269
419 10
419 307
419 21
419 617
420 72
420 83
420 144
420 785
421 303
421 33
421 232
421 747
422 168
422 2
422 326
422 762
423 150
423 106
423 66
423 746
424 273
424 58
424 50
424 436
425 32
425 42
425 13
425 799
426 1
426 18
426 13
426 664
427 357
427 1
427 35
427 513
428 177
428 25
428 193
428 432
429 11
429 246
429 227
429 637
430 11
430 339
430 176
431 32
431 182
431 305
431 448
432 428
432 172
432 28
432 459
433 289
433 1
433 38
433 497
434 279
434 197
434 124
435 413
435 54
435 200
435 516
436 37
436 424
436 230
436 928
437 3
437 12
437 412
437 450
438 21
438 257
438 339
438 569
439 155
439 11
439 182
439 573
440 409
440 12
440 339
441 6
441 45
441 109
441 462
442 28
442 212
442 144
442 461
443 259
443 45
443 111
444 2
444 310
444 66
444 595
445 336
445 146
445 280
445 517
446 367
446 14
446 5
446 758
447 114
447 19
447 357
447 570
448 63
448 431
448 233
448 501
449 204
449 307
449 183
449 464
450 350
450 202
450 437
450 561
451 248
451 383
451 37
452 222
452 6
452 10
453 260
453 198
453 299
453 465
454 225
454 27
454 300
454 724
455 219
455 243
455 125
455 763
456 168
456 58
456 3
456 457
457 156
457 456
457 362
457 680
458 387
458 84
458 41
458 474
459 432
459 230
459 1
459 824
460 47
460 125
460 83
461 442
461 149
461 121
461 569
462 441
462 45
462 264
462 788
463 92
463 5
463 35
463 695
464 449
464 23
464 226
464 536
465 453
465 359
465 10
465 750
466 361
466 86
466 271
466 469
467 144
467 332
467 341
467 569
468 9
468 92
468 0
469 153
469 466
469 135
469 747
470 184
470 123
470 16
470 872
471 146
471 35
471 193
472 437
472 162
472 393
472 526
473 103
473 259
473 137
473 524
474 458
474 53
474 259
474 616
475 4
475 143
475 160
475 805
476 280
476 211
476 135
477 100
477 284
477 264
477 672
478 267
478 290
478 219
479 78
479 111
479 139
479 550
480 3
480 40
480 361
481 3
481 1
481 120
481 522
482 250
482 131
482 78
482 611
483 173
483 39
483 399
483 849
484 44
484 10
484 390
485 134
485 3
485 379
485 534
486 329
486 168
486 391
486 588
487 280
487 181
487 111
487 935
488 358
488 4
488 141
489 310
489 342
489 179
489 533
490 256
490 44
490 377
490 529
491 86
491 230
491 18
491 883
492 165
492 144
492 60
492 786
493 306
493 27
493 125
493 879
494 248
494 154
494 58
494 807
495 0
495 222
495 453
496 339
496 113
496 84
496 941
497 152
497 413
497 433
498 182
498 212
498 77
498 508
499 121
499 307
499 367
499 529
500 176
500 300
500 38
500 793
501 433
501 448
501 236
501 827
502 23
502 1
502 132
503 25
503 65
503 60
503 660
504 274
504 136
504 115
505 134
505 284
505 466
506 342
506 385
506 41
506 539
507 176
507 54
507 234
507 542
508 154
508 498
508 68
509 47
509 15
509 124
510 152
510 44
510 163
510 551
511 466
511 54
511 12
511 518
512 353
512 72
512 318
512 539
513 427
513 36
513 63
513 528
514 6
514 260
514 15
514 592
515 66
515 205
515 4
516 435
516 23
516 68
516 563
517 135
517 204
517 445
518 60
518 511
518 339
518 720
519 37
519 277
519 212
520 5
520 341
520 6
520 621
521 357
521 381
521 114
521 570
522 263
522 481
522 2
522 829
523 146
523 401
523 262
523 867
524 473
524 347
524 238
525 199
525 131
525 2
525 653
526 472
526 15
526 43
526 613
527 251
527 152
527 125
528 399
528 342
528 513
528 567
529 499
529 54
529 490
529 601
530 73
530 91
530 21
530 830
531 344
531 433
531 41
531 564
532 145
532 472
532 7
533 320
533 278
533 489
533 761
534 300
534 485
534 132
534 718
535 119
535 47
535 408
535 565
536 464
536 402
536 336
536 539
537 433
537 369
537 269
537 687
538 126
538 111
538 300
538 543
539 506
539 536
539 512
539 652
540 3
540 4
540 97
541 12
541 54
541 216
541 643
542 54
542 0
542 507
542 834
543 190
543 538
543 291
544 49
544 75
544 57
544 883
545 64
545 5
545 92
545 566
546 18
546 192
546 2
547 346
547 135
547 158
547 674
548 347
548 294
548 250
549 82
549 371
549 27
549 561
550 479
550 44
550 2
550 679
551 123
551 510
551 29
551 607
552 199
552 96
552 390
552 571
553 54
553 9
553 114
553 782
554 323
554 162
554 68
554 630
555 352
555 231
555 94
555 600
556 83
556 45
556 24
557 33
557 8
557 282
557 639
558 178
558 16
558 4
558 897
559 24
559 151
559 108
560 369
560 354
560 242
560 582
561 450
561 16
561 549
561 876
562 285
562 3
562 10
563 68
563 516
563 131
563 849
564 202
564 531
564 481
564 643
565 535
565 21
565 339
566 136
566 545
566 398
567 35
567 528
567 144
567 992
568 4
568 511
568 101
568 995
569 438
569 461
569 467
569 784
570 447
570 349
570 521
570 791
571 552
571 372
571 266
571 590
572 3
572 154
572 250
572 965
573 347
573 340
573 439
573 741
574 201
574 49
574 308
574 638
575 9
575 328
575 1
575 686
576 35
576 24
576 295
576 773
577 176
577 12
577 38
577 837
578 170
578 53
578 15
578 703
579 36
579 128
579 135
580 11
580 65
580 84
581 46
581 28
581 171
582 280
582 272
582 560
582 618
583 4
583 49
583 143
583 991
584 114
584 15
584 375
584 913
585 416
585 210
585 7
585 622
586 105
586 42
586 37
587 521
587 299
587 50
588 204
588 510
588 486
588 629
589 373
589 136
589 392
589 660
590 5
590 3
590 571
591 404
591 5
591 345
591 708
592 66
592 47
592 514
593 232
593 449
593 242
594 234
594 358
594 35
594 933
595 444
595 171
595 78
596 322
596 22
596 330
596 673
597 0
597 3
597 58
598 3
598 284
598 164
598 776
599 23
599 42
599 15
600 202
600 555
600 1
601 23
601 529
601 95
601 846
602 1
602 365
602 100
602 645
603 97
603 516
603 1
604 253
604 44
604 466
605 257
605 54
605 298
606 4
606 65
606 313
606 648
607 551
607 397
607 235
607 695
608 182
608 75
608 282
608 785
609 84
609 155
609 404
610 47
610 177
610 97
610 782
611 18
611 334
611 482
611 996
612 18
612 202
612 389
612 657
613 526
613 114
613 395
613 708
614 156
614 351
614 67
614 693
615 178
615 458
615 499
615 856
616 78
616 474
616 27
617 283
617 419
617 164
617 736
618 334
618 582
618 128
619 54
619 284
619 60
619 971
620 342
620 2
620 120
620 869
621 69
621 520
621 411
621 661
622 585
622 489
622 185
622 763
623 151
623 294
623 91
623 748
624 366
624 19
624 137
624 667
625 18
625 2
625 54
625 671
626 131
626 46
626 30
627 342
627 232
627 171
627 868
628 41
628 336
628 549
629 8
629 588
629 35
630 386
630 554
630 394
630 655
631 90
631 7
631 18
631 997
632 182
632 8
632 16
633 88
633 281
633 391
633 858
634 428
634 304
634 119
634 736
635 222
635 416
635 14
635 746
636 314
636 510
636 199
636 668
637 429
637 433
637 204
638 115
638 574
638 159
638 884
639 557
639 526
639 450
639 641
640 61
640 35
640 0
640 691
641 11
641 639
641 42
641 750
642 296
642 132
642 398
642 985
643 541
643 564
643 52
643 934
644 54
644 40
644 280
644 734
645 66
645 602
645 1
646 136
646 264
646 14
647 321
647 9
647 121
648 606
648 164
648 437
649 122
649 410
649 325
650 72
650 201
650 386
650 804
651 371
651 83
651 170
651 833
652 273
652 539
652 240
652 668
653 272
653 536
653 525
654 412
654 401
654 24
655 630
655 203
655 23
655 943
656 97
656 170
656 399
657 47
657 313
657 612
658 347
658 117
658 355
659 602
659 394
659 225
659 850
660 503
660 589
660 144
660 798
661 621
661 1
661 14
661 816
662 155
662 8
662 366
663 512
663 54
663 158
663 765
664 498
664 426
664 24
665 211
665 437
665 17
666 379
666 3
666 44
667 624
667 293
667 269
667 684
668 7
668 636
668 652
668 759
669 499
669 300
669 233
670 0
670 535
670 132
671 416
671 625
671 1
671 762
672 432
672 477
672 297
673 596
673 35
673 197
674 547
674 639
674 85
675 456
675 445
675 3
675 965
676 490
676 80
676 412
677 526
677 2
677 250
677 910
678 412
678 187
678 345
679 64
679 550
679 41
679 855
680 457
680 42
680 3
680 959
681 84
681 582
681 204
682 630
682 10
682 69
682 719
683 64
683 458
683 399
684 10
684 13
684 667
685 457
685 71
685 43
685 973
686 575
686 3
686 367
687 467
687 404
687 537
687 897
688 129
688 248
688 585
689 132
689 363
689 589
689 932
690 15
690 28
690 554
691 640
691 141
691 122
691 748
692 392
692 140
692 5
693 398
693 245
693 614
693 991
694 457
694 35
694 630
695 330
695 463
695 607
695 812
696 510
696 90
696 550
696 968
697 98
697 330
697 424
697 731
698 370
698 269
698 507
698 766
699 75
699 169
699 313
700 142
700 438
700 74
701 1
701 339
701 2
701 958
702 52
702 42
702 549
703 171
703 578
703 132
703 959
704 260
704 447
704 165
704 727
705 300
705 201
705 582
705 898
706 458
706 101
706 230
706 754
707 334
707 109
707 398
708 591
708 0
708 613
708 756
709 23
709 437
709 232
709 760
710 39
710 78
710 367
710 776
711 101
711 27
711 338
711 740
712 330
712 102
712 178
712 808
713 461
713 155
713 201
714 3
714 0
714 448
714 978
715 162
715 114
715 238
715 856
716 129
716 9
716 38
717 212
717 336
717 154
718 534
718 42
718 9
719 249
719 682
719 272
719 751
720 314
720 129
720 518
721 37
721 393
721 362
722 83
722 218
722 313
722 790
723 386
723 506
723 239
723 956
724 121
724 454
724 25
725 272
725 284
725 277
726 6
726 3
726 240
726 890
727 479
727 0
727 704
727 906
728 409
728 210
728 449
728 881
729 30
729 68
729 320
730 69
730 428
730 429
730 771
731 92
731 697
731 156
732 4
732 112
732 66
733 596
733 20
733 520
733 956
734 644
734 101
734 87
735 433
735 96
735 372
736 201
736 634
736 617
736 795
737 10
737 0
737 299
738 149
738 281
738 50
738 937
739 18
739 269
739 167
740 711
740 2
740 526
741 158
741 159
741 573
741 917
742 297
742 161
742 71
743 10
743 199
743 267
744 336
744 129
744 453
745 169
745 273
745 630
746 635
746 423
746 45
747 57
747 469
747 421
748 691
748 623
748 1
749 205
749 122
749 150
750 465
750 19
750 641
751 719
751 117
751 121
751 777
752 482
752 183
752 613
753 310
753 389
753 0
754 366
754 706
754 555
754 892
755 3
755 68
755 312
755 788
756 198
756 89
756 708
756 773
757 554
757 46
757 172
758 446
758 19
758 549
759 668
759 507
759 13
759 954
760 11
760 233
760 709
761 571
761 533
761 176
762 671
762 419
762 422
762 889
763 622
763 455
763 5
763 852
764 16
764 20
764 60
764 851
765 320
765 663
765 48
766 422
766 393
766 698
766 829
767 123
767 516
767 447
768 573
768 14
768 68
768 780
769 198
769 17
769 456
769 961
770 453
770 218
770 366
771 6
771 730
771 54
772 274
772 7
772 591
773 756
773 92
773 576
774 416
774 9
774 256
775 393
775 354
775 446
776 710
776 598
776 85
776 805
777 668
777 0
777 751
777 915
778 3
778 551
778 5
779 347
779 264
779 75
780 63
780 388
780 768
781 10
781 39
781 513
782 553
782 610
782 241
782 871
783 24
783 535
783 691
784 156
784 3
784 569
784 891
785 420
785 5
785 608
786 492
786 178
786 92
787 109
787 380
787 5
788 174
788 755
788 462
788 800
789 246
789 453
789 23
790 299
790 536
790 722
791 69
791 570
791 45
792 60
792 39
792 282
793 258
793 490
793 500
794 94
794 6
794 184
795 253
795 736
795 2
796 37
796 238
796 536
797 126
797 513
797 606
798 420
798 58
798 660
798 825
799 425
799 3
799 201
799 965
800 230
800 788
800 18
801 466
801 511
801 445
802 21
802 87
802 499
803 312
803 541
803 16
803 905
804 217
804 650
804 12
805 510
805 776
805 475
806 667
806 585
806 256
807 311
807 494
807 104
808 206
808 344
808 712
808 984
809 511
809 3
809 253
810 176
810 199
810 169
811 52
811 376
811 153
812 242
812 589
812 695
813 240
813 68
813 264
814 538
814 671
814 174
815 128
815 639
815 296
816 287
816 661
816 270
817 117
817 399
817 3
818 36
818 395
818 305
819 272
819 0
819 697
820 474
820 162
820 30
821 159
821 164
821 120
822 131
822 86
822 27
822 968
823 54
823 66
823 174
823 828
824 340
824 526
824 459
825 439
825 608
825 798
825 898
826 671
826 161
826 257
827 4
827 501
827 357
828 125
828 823
828 23
829 766
829 522
829 23
830 530
830 361
830 185
830 893
831 42
831 5
831 302
832 258
832 1
832 273
832 950
833 551
833 16
833 651
834 320
834 542
834 4
835 202
835 525
835 18
835 890
836 15
836 54
836 329
837 267
837 102
837 577
837 918
838 431
838 269
838 69
839 18
839 176
839 58
840 47
840 10
840 99
840 917
841 406
841 285
841 124
841 902
842 516
842 315
842 461
843 297
843 132
843 15
844 1
844 420
844 6
845 177
845 129
845 69
846 601
846 598
846 128
847 44
847 216
847 3
848 39
848 537
848 1
849 483
849 372
849 563
849 992
850 23
850 570
850 659
851 18
851 764
851 71
851 948
852 763
852 201
852 22
853 16
853 570
853 180
854 535
854 57
854 245
855 148
855 679
855 366
856 554
856 615
856 715
857 485
857 91
857 53
858 66
858 633
858 79
859 93
859 183
859 528
860 239
860 334
860 17
861 352
861 115
861 560
862 54
862 5
862 105
863 412
863 77
863 228
864 7
864 171
864 5
865 230
865 347
865 385
866 44
866 391
866 245
867 499
867 523
867 39
868 340
868 99
868 627
869 64
869 28
869 620
870 704
870 7
870 435
871 442
871 782
871 10
872 470
872 450
872 18
873 350
873 96
873 71
874 466
874 449
874 253
874 906
875 536
875 62
875 457
876 45
876 561
876 201
877 383
877 695
877 691
878 160
878 186
878 212
879 99
879 493
879 120
880 33
880 176
880 109
880 930
881 6
881 728
881 541
882 511
882 173
882 596
883 348
883 544
883 491
884 2
884 638
884 285
885 663
885 320
885 253
886 135
886 728
886 492
887 126
887 416
887 380
888 52
888 160
888 42
888 992
889 762
889 184
889 66
890 726
890 259
890 835
891 630
891 784
891 355
892 754
892 409
892 54
893 449
893 606
893 830
894 249
894 492
894 233
895 0
895 570
895 69
896 450
896 272
896 24
896 931
897 687
897 558
897 196
898 825
898 705
898 35
898 939
899 15
899 706
899 182
900 232
900 318
900 485
901 138
901 667
901 192
902 294
902 841
902 14
902 970
903 124
903 3
903 6
904 536
904 105
904 315
905 273
905 803
905 301
906 727
906 766
906 874
906 940
907 3
907 391
907 77
908 23
908 193
908 236
908 938
909 375
909 534
909 227
909 921
910 35
910 677
910 3
911 161
911 148
911 223
912 107
912 128
912 10
913 201
913 584
913 394
914 311
914 183
914 78
914 957
915 777
915 219
915 181
916 200
916 230
916 300
917 840
917 741
917 511
918 41
918 837
918 135
919 53
919 677
919 243
920 324
920 79
920 9
921 269
921 909
921 349
922 14
922 27
922 554
923 711
923 494
923 50
924 84
924 501
924 526
925 154
925 71
925 439
926 257
926 267
926 16
926 953
927 612
927 28
927 711
928 267
928 14
928 436
929 542
929 187
929 143
930 204
930 880
930 236
931 140
931 896
931 395
932 474
932 290
932 689
933 594
933 140
933 522
934 473
934 117
934 643
935 1
935 487
935 246
936 425
936 118
936 77
937 462
937 118
937 738
938 104
938 7
938 908
939 339
939 898
939 135
940 453
940 906
940 422
941 281
941 37
941 496
942 336
942 58
942 236
943 655
943 147
943 506
944 34
944 312
944 299
944 945
945 944
945 5
945 39
946 10
946 160
946 129
947 6
947 896
947 220
948 58
948 851
948 705
949 134
949 118
949 41
950 2
950 832
950 18
951 11
951 178
951 163
952 259
952 538
952 60
953 926
953 230
953 225
954 53
954 50
954 759
955 6
955 697
955 197
956 652
956 733
956 723
956 982
957 62
957 914
957 385
958 165
958 701
958 249
959 680
959 703
959 97
960 78
960 479
960 272
961 769
961 108
961 491
962 394
962 50
962 17
963 523
963 914
963 0
964 146
964 15
964 272
965 675
965 572
965 799
966 239
966 254
966 76
967 667
967 183
967 154
968 696
968 822
968 299
969 40
969 68
969 263
970 92
970 554
970 902
971 41
971 19
971 619
972 944
972 163
972 121
973 269
973 341
973 685
974 3
974 44
974 272
975 176
975 54
975 65
975 986
976 373
976 536
976 429
977 26
977 176
977 114
978 43
978 714
978 70
979 218
979 47
979 0
980 178
980 837
980 131
981 373
981 474
981 0
982 606
982 61
982 956
983 187
983 212
983 3
984 358
984 132
984 808
985 185
985 642
985 288
986 357
986 297
986 975
987 956
987 427
987 121
988 489
988 9
988 68
989 282
989 431
989 117
990 32
990 514
990 241
991 41
991 583
991 693
992 888
992 567
992 849
993 15
993 105
993 6
994 764
994 366
994 348
995 568
995 15
995 135
996 611
996 5
996 63
997 631
997 708
997 571
998 10
998 0
998 469
999 489
999 906
999 397
