1 0
2 0
2 1
3 0
3 1
3 2
4 0
4 1
4 2
5 0
5 3
5 1
6 1
6 2
6 5
7 1
7 0
7 5
8 1
8 2
8 5
9 0
9 6
9 1
10 0
10 5
10 1
11 10
11 5
11 6
12 5
12 3
12 11
13 0
13 1
13 6
14 11
14 5
14 1
15 13
15 2
15 0
16 5
16 14
16 8
17 0
17 10
17 7
18 2
18 17
18 14
19 14
19 2
19 1
20 5
20 0
20 2
21 17
21 12
21 0
22 8
22 9
22 15
23 13
23 0
23 1
24 11
24 6
24 5
25 1
25 17
25 19
26 16
26 11
26 2
27 0
27 16
27 13
28 0
28 21
28 2
29 14
29 27
29 13
30 0
30 16
30 6
31 6
31 23
31 29
32 14
32 12
32 17
33 15
33 18
33 19
34 1
34 22
34 19
35 0
35 30
35 13
36 18
36 5
36 17
37 29
37 13
37 14
38 10
38 13
38 17
39 15
39 1
39 13
40 2
40 15
40 11
41 4
41 10
41 5
42 21
42 17
42 37
43 6
43 13
43 5
44 17
44 5
44 16
45 23
45 13
45 1
46 2
46 44
46 5
47 13
47 21
47 1
48 41
48 3
48 14
49 2
49 5
49 35
50 9
50 11
50 17
51 1
51 0
51 50
52 17
52 36
52 45
53 35
53 14
53 44
54 43
54 5
54 12
55 5
55 15
55 1
56 14
56 26
56 50
57 2
57 54
57 53
58 9
58 51
58 5
59 5
59 42
59 44
60 46
60 37
60 13
61 6
61 5
61 13
62 23
62 48
62 15
63 2
63 21
63 41
64 2
64 20
64 29
65 16
65 44
65 18
66 5
66 1
66 19
67 40
67 11
67 1
68 2
68 48
68 63
69 2
69 0
69 25
70 2
70 1
70 8
71 28
71 0
71 32
72 8
72 38
72 6
73 26
73 7
73 8
74 66
74 37
74 0
75 7
75 2
75 12
76 11
76 25
76 9
77 7
77 44
77 56
78 5
78 13
78 0
79 42
79 19
79 16
80 31
80 1
80 44
81 5
81 46
81 2
82 14
82 43
82 37
83 14
83 54
83 43
84 74
84 41
84 54
85 29
85 0
85 33
86 85
86 0
86 13
87 31
87 1
87 21
88 54
88 78
88 56
89 74
89 20
89 53
90 10
90 52
90 0
91 25
91 6
91 5
92 50
92 40
92 81
93 6
93 51
93 81
94 87
94 26
94 18
95 37
95 15
95 76
96 71
96 23
96 6
97 16
97 20
97 13
98 16
98 60
98 0
99 61
99 34
99 14
100 13
100 81
100 3
101 89
101 60
101 26
102 15
102 18
102 31
103 0
103 100
103 68
104 5
104 92
104 83
105 0
105 43
105 1
106 54
106 5
106 35
107 13
107 20
107 11
108 43
108 78
108 37
109 6
109 30
109 68
110 64
110 32
110 54
111 14
111 60
111 21
112 80
112 68
112 96
113 2
113 8
113 43
114 78
114 111
114 5
115 98
115 14
115 92
116 50
116 43
116 0
117 19
117 13
117 79
118 105
118 90
118 3
119 18
119 7
119 2
120 80
120 13
120 31
121 92
121 95
121 77
122 105
122 16
122 1
123 83
123 26
123 13
124 12
124 23
124 15
125 15
125 14
125 27
126 65
126 98
126 20
127 69
127 2
127 54
128 2
128 63
128 84
129 12
129 117
129 14
130 5
130 43
130 14
131 43
131 123
131 1
132 15
132 114
132 48
133 24
133 11
133 36
134 1
134 19
134 102
135 85
135 28
135 27
136 23
136 14
136 92
137 111
137 131
137 27
138 82
138 53
138 19
139 40
139 25
139 0
140 72
140 47
140 41
141 2
141 133
141 5
142 94
142 0
142 113
143 22
143 43
143 17
144 4
144 5
144 50
145 92
145 6
145 43
146 96
146 15
146 8
147 42
147 6
147 98
148 65
148 5
148 94
149 61
149 28
149 39
150 13
150 17
150 51
151 51
151 14
151 41
152 29
152 15
152 30
153 63
153 54
153 27
154 117
154 102
154 50
155 26
155 1
155 127
156 23
156 2
156 41
157 131
157 74
157 5
158 92
158 68
158 9
159 5
159 123
159 34
160 27
160 142
160 5
161 134
161 1
161 41
162 2
162 6
162 85
163 14
163 66
163 13
164 1
164 73
164 23
165 2
165 5
165 7
166 41
166 142
166 72
167 107
167 79
167 111
168 52
168 12
168 123
169 131
169 5
169 44
170 25
170 20
170 45
171 160
171 50
171 68
172 18
172 0
172 118
173 146
173 51
173 0
174 42
174 97
174 9
175 25
175 114
175 93
176 5
176 155
176 48
177 8
177 5
177 48
178 80
178 115
178 88
179 1
179 62
179 95
180 51
180 153
180 92
181 5
181 58
181 152
182 117
182 100
182 38
183 140
183 2
183 145
184 121
184 5
184 73
185 139
185 33
185 96
186 115
186 172
186 139
187 17
187 103
187 46
188 42
188 131
188 170
189 40
189 4
189 136
190 29
190 5
190 91
191 48
191 13
191 41
192 13
192 96
192 86
193 96
193 5
193 16
194 34
194 5
194 2
195 15
195 34
195 2
196 117
196 180
196 23
197 68
197 44
197 17
198 41
198 0
198 2
199 52
199 5
199 31
200 2
200 165
200 33
201 6
201 14
201 23
202 61
202 13
202 66
203 179
203 93
203 135
204 5
204 23
204 155
205 108
205 48
205 157
206 22
206 47
206 3
207 18
207 14
207 93
208 205
208 23
208 2
209 26
209 108
209 153
210 44
210 1
210 4
211 47
211 59
211 49
212 146
212 5
212 205
213 2
213 142
213 5
214 5
214 123
214 199
215 80
215 83
215 68
216 5
216 2
216 3
217 22
217 13
217 0
218 2
218 213
218 24
219 41
219 202
219 20
220 42
220 140
220 97
221 195
221 73
221 107
222 200
222 181
222 93
223 30
223 128
223 2
224 14
224 70
224 21
225 140
225 187
225 5
226 49
226 5
226 155
227 94
227 116
227 117
228 173
228 159
228 1
229 15
229 128
229 33
230 5
230 63
230 114
231 5
231 187
231 136
232 81
232 148
232 1
233 38
233 45
233 149
234 17
234 6
234 22
235 52
235 200
235 191
236 48
236 3
236 45
237 0
237 100
237 187
238 54
238 231
238 14
239 190
239 221
239 139
240 0
240 25
240 146
241 2
241 13
241 202
242 0
242 11
242 213
243 2
243 0
243 3
244 184
244 14
244 2
245 33
245 145
245 118
246 94
246 49
246 96
247 6
247 41
247 98
248 237
248 122
248 102
249 63
249 95
249 26
250 218
250 5
250 44
251 3
251 2
251 169
252 186
252 103
252 31
253 202
253 162
253 7
254 161
254 189
254 12
255 18
255 146
255 14
256 73
256 45
256 14
257 30
257 2
257 7
258 200
258 0
258 2
259 5
259 33
259 12
260 13
260 188
260 37
261 221
261 254
261 22
262 188
262 7
262 14
263 204
263 202
263 116
264 37
264 83
264 186
265 72
265 187
265 231
266 153
266 174
266 257
267 15
267 139
267 7
268 124
268 127
268 44
269 153
269 191
269 31
270 6
270 119
270 0
271 66
271 5
271 44
272 39
272 96
272 80
273 99
273 0
273 41
274 85
274 152
274 242
275 90
275 44
275 7
276 103
276 7
276 196
277 148
277 5
277 73
278 107
278 199
278 2
279 107
279 43
279 12
280 70
280 113
280 33
281 85
281 2
281 14
282 66
282 22
282 100
283 93
283 146
283 12
284 14
284 152
284 90
285 120
285 73
285 92
286 44
286 32
286 8
287 2
287 24
287 164
288 104
288 40
288 142
289 21
289 216
289 10
290 188
290 33
290 92
291 196
291 18
291 183
292 29
292 24
292 268
293 96
293 46
293 253
294 43
294 75
294 66
295 17
295 167
295 0
296 263
296 37
296 261
297 289
297 60
297 3
298 23
298 80
298 120
299 5
299 117
299 7
300 279
300 198
300 23
301 110
301 152
301 6
302 157
302 253
302 15
303 58
303 112
303 2
304 191
304 16
304 99
305 190
305 2
305 29
306 80
306 188
306 2
307 18
307 146
307 7
308 17
308 0
308 127
309 29
309 103
309 153
310 3
310 159
310 173
311 42
311 28
311 13
312 204
312 125
312 231
313 3
313 209
313 96
314 78
314 246
314 30
315 134
315 14
315 108
316 2
316 114
316 73
317 0
317 15
317 3
318 65
318 160
318 11
319 29
319 152
319 118
320 12
320 145
320 105
321 45
321 39
321 14
322 62
322 139
322 318
323 26
323 5
323 213
324 14
324 29
324 174
325 236
325 196
325 195
326 15
326 1
326 13
327 0
327 243
327 316
328 70
328 260
328 281
329 68
329 314
329 4
330 50
330 97
330 32
331 61
331 73
331 151
332 107
332 213
332 123
333 3
333 13
333 78
334 116
334 199
334 186
335 124
335 314
335 41
336 45
336 5
336 42
337 184
337 11
337 252
338 107
338 17
338 228
339 45
339 84
339 126
340 138
340 118
340 146
341 165
341 40
341 111
342 20
342 18
342 3
343 30
343 17
343 8
344 45
344 50
344 3
345 198
345 250
345 60
346 117
346 84
346 92
347 210
347 5
347 318
348 5
348 146
348 85
349 39
349 12
349 54
350 322
350 162
350 27
351 46
351 127
351 20
352 146
352 108
352 245
353 141
353 77
353 188
354 46
354 14
354 325
355 52
355 215
355 126
356 78
356 164
356 146
357 149
357 79
357 92
358 149
358 107
358 270
359 66
359 19
359 118
360 0
360 15
360 264
361 75
361 217
361 55
362 155
362 75
362 5
363 72
363 231
363 12
364 25
364 17
364 14
365 181
365 146
365 25
366 1
366 330
366 2
367 5
367 37
367 164
368 44
368 51
368 264
369 253
369 14
369 100
370 7
370 18
370 123
371 198
371 365
371 326
372 13
372 160
372 146
373 29
373 46
373 148
374 54
374 282
374 14
375 289
375 230
375 146
376 5
376 371
376 22
377 235
377 46
377 265
378 106
378 83
378 9
379 116
379 89
379 327
380 1
380 97
380 108
381 283
381 5
381 11
382 183
382 2
382 58
383 90
383 366
383 94
384 160
384 225
384 0
385 87
385 32
385 381
386 111
386 94
386 23
387 2
387 0
387 229
388 41
388 139
388 184
389 15
389 179
389 3
390 6
390 1
390 52
391 388
391 382
391 176
392 230
392 66
392 60
393 224
393 150
393 219
394 15
394 8
394 72
395 1
395 90
395 150
396 191
396 2
396 172
397 1
397 262
397 0
398 5
398 312
398 17
399 23
399 246
399 297
400 246
400 130
400 75
401 197
401 268
401 271
402 42
402 100
402 45
403 107
403 108
403 25
404 40
404 7
404 93
405 118
405 83
405 5
406 106
406 220
406 336
407 60
407 304
407 9
408 163
408 386
408 123
409 189
409 198
409 171
410 93
410 115
410 90
411 171
411 297
411 37
412 234
412 1
412 175
413 344
413 110
413 216
414 404
414 2
414 152
415 130
415 210
415 37
416 1
416 17
416 344
417 14
417 142
417 291
418 188
418 360
418 53
419 21
419 29
419 337
420 121
420 105
420 366
421 416
421 41
421 94
422 1
422 114
422 276
423 25
423 49
423 265
424 170
424 366
424 49
425 322
425 154
425 11
426 102
426 29
426 282
427 162
427 107
427 331
428 383
428 4
428 52
429 12
429 182
429 17
430 231
430 75
430 281
431 113
431 0
431 351
432 215
432 378
432 58
433 100
433 50
433 177
434 379
434 0
434 399
435 40
435 68
435 274
436 243
436 376
436 108
437 243
437 144
437 5
438 83
438 399
438 23
439 5
439 354
439 253
440 18
440 116
440 73
441 53
441 188
441 187
442 128
442 46
442 32
443 268
443 37
443 2
444 18
444 12
444 114
445 216
445 368
445 76
446 93
446 7
446 45
447 192
447 41
447 197
448 365
448 160
448 5
449 416
449 203
449 13
450 70
450 253
450 174
451 12
451 9
451 164
452 14
452 93
452 438
453 127
453 95
453 2
454 13
454 196
454 53
455 0
455 139
455 146
456 46
456 154
456 193
457 47
457 2
457 113
458 419
458 106
458 55
459 256
459 318
459 280
460 46
460 406
460 455
461 2
461 193
461 112
462 4
462 90
462 94
463 198
463 246
463 76
464 66
464 271
464 18
465 322
465 75
465 223
466 108
466 281
466 137
467 399
467 5
467 335
468 159
468 117
468 197
469 60
469 5
469 289
470 377
470 7
470 275
471 0
471 444
471 94
472 40
472 369
472 166
473 338
473 100
473 287
474 382
474 437
474 38
475 460
475 187
475 89
476 189
476 440
476 365
477 54
477 0
477 427
478 128
478 23
478 351
479 275
479 330
479 293
480 127
480 213
480 232
481 110
481 330
481 34
482 87
482 288
482 197
483 31
483 17
483 340
484 11
484 0
484 2
485 75
485 185
485 5
486 152
486 409
486 3
487 63
487 13
487 417
488 83
488 9
488 99
489 42
489 50
489 316
490 198
490 13
490 14
491 23
491 3
491 9
492 200
492 400
492 131
493 169
493 114
493 31
494 203
494 2
494 383
495 23
495 10
495 24
496 435
496 263
496 487
497 14
497 63
497 0
498 197
498 96
498 283
499 173
499 17
499 11
500 73
500 7
500 406
501 27
501 3
501 114
502 91
502 80
502 393
503 347
503 395
503 325
504 198
504 7
504 187
505 406
505 80
505 3
506 276
506 38
506 461
507 370
507 140
507 91
508 344
508 14
508 381
509 108
509 0
509 498
510 44
510 402
510 152
511 10
511 252
511 160
512 13
512 29
512 43
513 9
513 27
513 60
514 202
514 135
514 151
515 255
515 73
515 146
516 49
516 13
516 5
517 289
517 416
517 232
518 63
518 167
518 2
519 104
519 417
519 13
520 152
520 371
520 66
521 195
521 2
521 69
522 209
522 343
522 25
523 23
523 378
523 152
524 486
524 519
524 48
525 0
525 68
525 273
526 344
526 75
526 45
527 474
527 439
527 42
528 14
528 342
528 4
529 48
529 6
529 373
530 51
530 85
530 263
531 329
531 146
531 360
532 416
532 161
532 468
533 51
533 183
533 364
534 292
534 22
534 3
535 140
535 521
535 200
536 27
536 312
536 491
537 23
537 241
537 10
538 368
538 116
538 1
539 104
539 5
539 199
540 443
540 123
540 38
541 160
541 212
541 53
542 52
542 17
542 342
543 312
543 70
543 316
544 314
544 101
544 270
545 3
545 30
545 69
546 196
546 50
546 15
547 23
547 45
547 102
548 15
548 38
548 7
549 60
549 312
549 6
550 478
550 182
550 141
551 183
551 409
551 200
552 479
552 14
552 62
553 102
553 238
553 344
554 17
554 1
554 404
555 85
555 372
555 68
556 388
556 1
556 79
557 199
557 18
557 55
558 104
558 146
558 342
559 0
559 483
559 384
560 285
560 9
560 489
561 234
561 183
561 37
562 26
562 511
562 515
563 65
563 233
563 9
564 15
564 6
564 44
565 525
565 29
565 416
566 429
566 66
566 92
567 44
567 100
567 237
568 9
568 184
568 96
569 111
569 266
569 44
570 12
570 325
570 197
571 123
571 96
571 120
572 404
572 558
572 255
573 187
573 0
573 41
574 185
574 172
574 241
575 54
575 216
575 322
576 192
576 478
576 403
577 184
577 187
577 419
578 508
578 54
578 374
579 255
579 95
579 114
580 206
580 120
580 2
581 0
581 285
581 5
582 27
582 44
582 50
583 2
583 19
583 14
584 149
584 7
584 325
585 62
585 525
585 576
586 344
586 559
586 258
587 81
587 186
587 37
588 193
588 469
588 575
589 42
589 446
589 72
590 160
590 59
590 22
591 355
591 531
591 542
592 187
592 416
592 131
593 398
593 577
593 562
594 0
594 269
594 508
595 433
595 0
595 391
596 491
596 1
596 437
597 107
597 36
597 215
598 58
598 57
598 1
599 73
599 93
599 415
600 29
600 549
600 363
601 221
601 198
601 200
602 6
602 497
602 5
603 102
603 97
603 5
604 79
604 190
604 1
605 45
605 196
605 150
606 55
606 29
606 448
607 43
607 41
607 0
608 425
608 1
608 9
609 52
609 90
609 68
610 110
610 107
610 5
611 195
611 29
611 250
612 200
612 351
612 35
613 131
613 33
613 470
614 554
614 291
614 528
615 467
615 351
615 187
616 5
616 7
616 0
617 15
617 6
617 185
618 547
618 470
618 63
619 345
619 107
619 547
620 102
620 97
620 607
621 451
621 123
621 1
622 2
622 7
622 195
623 18
623 551
623 24
624 443
624 316
624 6
625 184
625 346
625 153
626 477
626 142
626 369
627 2
627 5
627 93
628 279
628 25
628 131
629 554
629 29
629 155
630 271
630 48
630 40
631 43
631 197
631 622
632 11
632 74
632 503
633 127
633 107
633 422
634 198
634 250
634 318
635 460
635 616
635 45
636 169
636 267
636 503
637 341
637 98
637 436
638 146
638 105
638 13
639 244
639 9
639 190
640 483
640 475
640 257
641 305
641 639
641 404
642 268
642 66
642 624
643 303
643 475
643 78
644 347
644 470
644 12
645 37
645 265
645 53
646 133
646 559
646 302
647 486
647 40
647 516
648 9
648 573
648 206
649 63
649 74
649 207
650 92
650 49
650 17
651 612
651 7
651 117
652 10
652 278
652 391
653 633
653 373
653 62
654 15
654 200
654 210
655 27
655 344
655 0
656 587
656 486
656 413
657 347
657 198
657 411
658 40
658 154
658 22
659 238
659 5
659 16
660 314
660 406
660 69
661 2
661 228
661 163
662 7
662 413
662 0
663 15
663 124
663 522
664 505
664 58
664 557
665 532
665 0
665 477
666 490
666 57
666 279
667 594
667 34
667 66
668 14
668 322
668 159
669 543
669 616
669 585
670 70
670 183
670 67
671 61
671 347
671 4
672 78
672 183
672 18
673 416
673 3
673 21
674 401
674 473
674 102
675 50
675 120
675 455
676 138
676 83
676 243
677 2
677 353
677 355
678 15
678 341
678 1
679 51
679 210
679 459
680 305
680 12
680 157
681 546
681 413
681 291
682 19
682 461
682 316
683 332
683 24
683 5
684 246
684 58
684 42
685 638
685 104
685 187
686 554
686 184
686 477
687 367
687 90
687 152
688 75
688 282
688 34
689 312
689 26
689 30
690 506
690 281
690 5
691 3
691 555
691 403
692 151
692 15
692 93
693 45
693 276
693 590
694 81
694 2
694 463
695 56
695 563
695 275
696 587
696 118
696 2
697 11
697 53
697 396
698 160
698 257
698 76
699 7
699 154
699 14
700 127
700 555
700 99
701 41
701 256
701 690
702 27
702 588
702 461
703 11
703 102
703 139
704 195
704 535
704 108
705 550
705 157
705 299
706 581
706 54
706 1
707 1
707 449
707 120
708 544
708 8
708 198
709 186
709 53
709 41
710 248
710 647
710 443
711 45
711 7
711 115
712 6
712 302
712 73
713 328
713 522
713 13
714 79
714 534
714 22
715 150
715 0
715 203
716 537
716 555
716 152
717 104
717 397
717 0
718 397
718 27
718 150
719 45
719 86
719 22
720 341
720 0
720 545
721 146
721 192
721 371
722 263
722 267
722 45
723 512
723 603
723 679
724 690
724 676
724 82
725 21
725 157
725 328
726 693
726 651
726 344
727 311
727 5
727 327
728 63
728 669
728 10
729 48
729 54
729 257
730 284
730 14
730 44
731 685
731 153
731 100
732 677
732 40
732 49
733 266
733 421
733 14
734 355
734 292
734 100
735 198
735 0
735 394
736 159
736 3
736 200
737 86
737 644
737 16
738 193
738 228
738 99
739 400
739 456
739 247
740 49
740 596
740 451
741 216
741 81
741 161
742 26
742 17
742 66
743 8
743 38
743 80
744 159
744 41
744 578
745 538
745 100
745 110
746 9
746 614
746 116
747 160
747 117
747 683
748 206
748 268
748 204
749 491
749 0
749 13
750 544
750 39
750 189
751 241
751 48
751 37
752 93
752 390
752 96
753 16
753 188
753 80
754 220
754 323
754 236
755 503
755 608
755 46
756 62
756 2
756 91
757 7
757 2
757 96
758 484
758 497
758 99
759 555
759 13
759 146
760 362
760 363
760 481
761 110
761 337
761 72
762 408
762 319
762 58
763 256
763 265
763 2
764 100
764 375
764 35
765 308
765 154
765 369
766 49
766 652
766 318
767 84
767 15
767 460
768 107
768 112
768 26
769 181
769 18
769 286
770 142
770 40
770 534
771 30
771 77
771 344
772 0
772 73
772 5
773 572
773 14
773 8
774 164
774 23
774 121
775 0
775 15
775 40
776 63
776 393
776 2
777 1
777 35
777 690
778 662
778 702
778 12
779 435
779 78
779 13
780 252
780 293
780 713
781 508
781 325
781 50
782 175
782 82
782 30
783 26
783 100
783 406
784 90
784 279
784 351
785 25
785 471
785 14
786 520
786 146
786 154
787 14
787 1
787 40
788 683
788 237
788 11
789 566
789 602
789 66
790 181
790 80
790 368
791 645
791 628
791 38
792 200
792 542
792 22
793 531
793 344
793 342
794 30
794 52
794 694
795 54
795 158
795 5
796 25
796 216
796 13
797 30
797 14
797 756
798 5
798 363
798 714
799 60
799 563
799 65
800 68
800 224
800 11
801 59
801 781
801 617
802 260
802 561
802 715
803 134
803 724
803 92
804 285
804 81
804 0
805 243
805 558
805 107
806 304
806 375
806 122
807 6
807 268
807 490
808 283
808 699
808 3
809 58
809 385
809 5
810 146
810 626
810 718
811 456
811 606
811 771
812 404
812 37
812 292
813 2
813 13
813 153
814 699
814 481
814 318
815 314
815 733
815 85
816 40
816 68
816 381
817 617
817 157
817 83
818 18
818 40
818 174
819 0
819 17
819 187
820 112
820 548
820 343
821 13
821 3
821 15
822 369
822 368
822 486
823 793
823 596
823 76
824 200
824 781
824 734
825 475
825 45
825 398
826 230
826 189
826 582
827 629
827 83
827 551
828 37
828 2
828 1
829 738
829 361
829 49
830 299
830 398
830 280
831 335
831 541
831 96
832 4
832 7
832 813
833 679
833 551
833 236
834 0
834 569
834 690
835 771
835 38
835 184
836 197
836 20
836 337
837 15
837 16
837 17
838 549
838 416
838 13
839 5
839 243
839 272
840 630
840 25
840 279
841 471
841 451
841 45
842 43
842 727
842 15
843 152
843 741
843 48
844 672
844 84
844 52
845 626
845 7
845 95
846 257
846 616
846 579
847 798
847 7
847 310
848 10
848 438
848 54
849 66
849 447
849 186
850 527
850 349
850 528
851 0
851 69
851 14
852 384
852 192
852 184
853 562
853 0
853 195
854 335
854 290
854 2
855 834
855 402
855 409
856 17
856 40
856 88
857 152
857 657
857 22
858 2
858 495
858 403
859 142
859 102
859 607
860 414
860 352
860 231
861 164
861 4
861 40
862 548
862 739
862 386
863 359
863 7
863 132
864 718
864 92
864 402
865 529
865 277
865 206
866 22
866 612
866 0
867 13
867 54
867 2
868 532
868 60
868 811
869 0
869 8
869 754
870 515
870 0
870 591
871 819
871 508
871 550
872 346
872 863
872 396
873 471
873 4
873 13
874 193
874 257
874 165
875 187
875 632
875 470
876 93
876 566
876 857
877 395
877 363
877 743
878 153
878 854
878 641
879 742
879 820
879 257
880 425
880 5
880 457
881 459
881 395
881 642
882 211
882 484
882 100
883 382
883 146
883 612
884 197
884 291
884 226
885 386
885 475
885 30
886 581
886 586
886 543
887 755
887 460
887 362
888 37
888 29
888 160
889 128
889 96
889 72
890 298
890 488
890 38
891 359
891 777
891 655
892 449
892 299
892 66
893 29
893 15
893 797
894 592
894 630
894 275
895 307
895 259
895 527
896 782
896 14
896 145
897 19
897 886
897 443
898 276
898 563
898 43
899 306
899 203
899 738
900 757
900 607
900 0
901 13
901 485
901 691
902 142
902 648
902 474
903 203
903 40
903 189
904 506
904 7
904 2
905 547
905 496
905 559
906 5
906 293
906 9
907 787
907 169
907 14
908 342
908 44
908 599
909 210
909 107
909 321
910 569
910 11
910 189
911 402
911 902
911 134
912 807
912 14
912 92
913 443
913 23
913 5
914 72
914 2
914 213
915 629
915 30
915 29
916 22
916 41
916 76
917 11
917 287
917 253
918 6
918 420
918 777
919 508
919 576
919 607
920 456
920 259
920 351
921 723
921 175
921 403
922 177
922 547
922 1
923 289
923 13
923 215
924 506
924 785
924 32
925 216
925 27
925 194
926 29
926 127
926 14
927 98
927 154
927 151
928 484
928 672
928 509
929 78
929 187
929 582
930 830
930 186
930 45
931 23
931 516
931 794
932 6
932 130
932 49
933 15
933 3
933 624
934 54
934 388
934 754
935 70
935 0
935 307
936 748
936 53
936 8
937 169
937 188
937 11
938 80
938 281
938 29
939 0
939 58
939 164
940 4
940 640
940 63
941 5
941 416
941 44
942 54
942 519
942 0
943 145
943 39
943 299
944 874
944 15
944 196
945 475
945 201
945 52
946 40
946 134
946 271
947 35
947 85
947 515
948 344
948 55
948 126
949 106
949 31
949 683
950 419
950 836
950 13
951 337
951 318
951 255
952 167
952 5
952 462
953 316
953 77
953 152
954 278
954 950
954 270
955 0
955 112
955 814
956 73
956 881
956 113
957 415
957 15
957 1
958 611
958 13
958 110
959 283
959 31
959 15
960 236
960 17
960 139
961 287
961 120
961 311
962 717
962 273
962 1
963 465
963 853
963 22
964 2
964 111
964 88
965 0
965 697
965 3
966 602
966 371
966 72
967 462
967 7
967 50
968 197
968 521
968 797
969 172
969 49
969 363
970 9
970 569
970 46
971 718
971 0
971 14
972 830
972 493
972 639
973 46
973 14
973 45
974 282
974 289
974 6
975 51
975 879
975 554
976 801
976 157
976 639
977 501
977 2
977 535
978 66
978 6
978 421
979 7
979 601
979 29
980 104
980 115
980 393
981 70
981 845
981 390
982 275
982 75
982 924
983 229
983 581
983 182
984 349
984 642
984 854
985 555
985 526
985 117
986 78
986 120
986 0
987 5
987 976
987 54
988 882
988 445
988 9
989 420
989 305
989 105
990 771
990 5
990 169
991 23
991 577
991 12
992 74
992 325
992 321
993 13
993 50
993 286
994 13
994 665
994 2
995 6
995 415
995 724
996 860
996 14
996 54
997 352
997 418
997 44
998 273
998 879
998 231
999 15
999 700
999 97
