0 1
1 0
2 1
2 0
3 1
3 0
3 2
4 1
4 0
4 3
5 3
5 4
5 1
6 3
6 4
6 0
7 4
7 1
7 0
8 7
8 5
8 3
9 1
9 2
9 8
10 5
10 8
10 1
11 3
11 4
11 6
12 1
12 0
12 3
13 3
13 1
13 7
14 3
14 12
14 0
15 5
15 11
15 3
16 12
16 0
16 3
17 4
17 0
17 8
18 6
18 17
18 8
19 11
19 1
19 0
20 0
20 7
20 1
21 0
21 5
21 4
22 3
22 1
22 8
23 8
23 11
23 5
24 2
24 3
24 1
25 6
25 3
25 18
26 1
26 8
26 3
27 11
27 4
27 18
28 21
28 3
28 11
29 8
29 11
29 1
30 16
30 7
30 3
31 26
31 20
31 22
32 20
32 22
32 1
33 0
33 3
33 12
34 6
34 20
34 32
35 1
35 3
35 22
36 22
36 0
36 25
37 11
37 27
37 3
38 0
38 2
38 10
39 12
39 8
39 38
40 23
40 22
40 12
41 37
41 5
41 8
42 1
42 5
42 15
43 32
43 35
43 17
44 1
44 20
44 30
45 11
45 8
45 1
46 7
46 1
46 19
47 42
47 22
47 7
48 41
48 7
48 3
49 1
49 3
49 22
