0 1
0 2
0 3
0 4
0 5
0 7
0 12
0 44
0 83
0 136
0 148
0 166
0 225
0 232
0 280
0 294
0 454
0 465
0 486
0 517
0 569
0 797
1 0
1 2
1 3
1 4
1 5
1 6
1 7
1 8
1 11
1 15
1 18
1 19
1 29
1 30
1 32
1 33
1 35
1 41
1 54
1 63
1 76
1 91
1 94
2 0
2 1
2 3
2 4
2 6
2 9
2 10
2 14
2 24
2 25
2 34
2 47
2 73
2 82
2 106
2 188
2 285
2 349
2 374
2 377
2 423
2 521
2 544
3 2
3 1
3 0
3 5
3 6
3 8
3 11
3 12
3 13
3 17
3 18
3 20
3 23
3 27
3 31
3 32
3 37
3 43
3 47
3 50
3 52
3 57
3 81
4 2
4 0
4 1
4 7
4 9
4 10
4 16
4 30
4 31
4 69
4 79
4 129
4 158
4 167
4 255
4 311
4 463
4 538
4 581
4 605
4 608
4 712
4 901
5 3
5 1
5 0
5 17
5 19
5 25
5 27
5 32
5 49
5 50
5 51
5 68
5 71
5 76
5 101
5 107
5 112
5 113
5 135
5 139
5 151
5 155
5 238
6 1
6 3
6 2
6 8
6 9
6 10
6 17
6 21
6 31
6 36
6 38
6 44
6 48
6 68
6 78
6 80
6 84
6 91
6 101
6 104
6 105
6 128
6 133
7 0
7 1
7 4
7 13
7 15
7 20
7 22
7 24
7 26
7 28
7 29
7 35
7 36
7 55
7 59
7 61
7 62
7 63
7 65
7 80
7 110
7 142
7 150
8 6
8 3
8 1
8 12
8 15
8 24
8 30
8 37
8 39
8 45
8 56
8 71
8 72
8 103
8 109
8 110
8 155
8 174
8 187
8 257
8 277
8 337
8 545
9 6
9 4
9 2
9 11
9 52
9 98
9 292
9 345
9 489
9 586
9 662
9 687
9 832
9 851
9 928
10 4
10 2
10 6
10 13
10 14
10 16
10 20
10 23
10 33
10 34
10 40
10 42
10 46
10 47
10 55
10 60
10 64
10 86
10 100
10 121
10 185
10 350
10 398
11 1
11 9
11 3
11 67
11 91
11 118
11 140
11 143
11 240
11 253
11 428
11 490
11 529
11 582
11 696
11 717
11 748
11 926
12 3
12 8
12 0
12 14
12 26
12 39
12 69
12 99
12 106
12 113
12 122
12 155
12 256
12 263
12 268
12 391
12 408
12 462
12 500
12 520
12 595
12 621
12 719
13 7
13 10
13 3
13 16
13 19
13 38
13 50
13 52
13 58
13 65
13 68
13 70
13 74
13 124
13 127
13 145
13 168
13 188
13 194
13 215
13 375
13 386
13 391
14 10
14 12
14 2
14 25
14 40
14 49
14 54
14 70
14 73
14 81
14 85
14 141
14 142
14 164
14 248
14 251
14 283
14 353
14 363
14 419
14 434
14 467
14 495
15 1
15 7
15 8
15 390
15 530
15 599
16 10
16 4
16 13
16 18
16 28
16 29
16 86
16 106
16 158
16 163
16 167
16 275
16 297
16 305
16 391
16 486
16 555
16 562
16 582
16 701
16 753
17 6
17 5
17 3
17 21
17 26
17 27
17 56
17 62
17 74
17 97
17 115
17 151
17 152
17 159
17 219
17 237
17 238
17 252
17 313
17 560
17 625
17 666
17 711
18 16
18 3
18 1
18 28
18 37
18 41
18 46
18 60
18 83
18 124
18 125
18 130
18 196
18 218
18 224
18 253
18 335
18 712
18 783
18 784
18 804
19 5
19 13
19 1
19 21
19 22
19 75
19 80
19 129
19 170
19 176
19 178
19 186
19 202
19 242
19 266
19 301
19 375
19 403
19 464
19 482
19 547
19 569
19 572
20 3
20 7
20 10
20 23
20 53
20 125
20 147
20 156
20 249
20 270
20 314
20 455
20 484
20 553
20 782
20 829
20 845
21 6
21 17
21 19
21 22
21 34
21 43
21 122
21 135
21 149
21 221
21 237
21 332
21 524
21 545
21 735
21 767
21 801
22 7
22 21
22 19
22 51
22 119
22 138
22 454
22 658
22 676
22 721
22 725
22 729
22 777
22 917
23 3
23 10
23 20
23 64
23 96
23 141
23 170
23 206
23 251
23 304
23 364
23 413
23 572
23 619
23 896
24 2
24 8
24 7
24 66
24 102
24 369
24 422
24 508
24 708
24 888
25 2
25 14
25 5
25 36
25 88
25 92
25 177
25 205
25 275
25 278
25 297
25 309
25 503
25 560
25 637
25 649
25 744
25 845
26 12
26 17
26 7
26 49
26 100
26 103
26 114
26 263
26 420
26 475
26 543
27 17
27 5
27 3
27 364
27 472
27 752
27 831
28 7
28 16
28 18
28 62
28 172
28 207
28 281
28 302
29 7
29 1
29 16
29 33
29 39
29 45
29 53
29 63
29 89
29 98
29 120
29 173
29 225
29 277
29 279
29 396
29 558
29 602
29 630
29 634
29 650
29 739
29 783
30 1
30 8
30 4
30 42
30 46
30 51
30 56
30 57
30 90
30 109
30 115
30 116
30 146
30 157
30 184
30 368
30 423
30 496
30 507
30 755
31 4
31 3
31 6
31 35
31 40
31 72
31 88
31 96
31 99
31 118
31 131
31 148
31 156
31 158
31 249
31 255
31 276
31 307
31 356
31 369
31 372
31 449
31 554
32 3
32 5
32 1
32 71
32 88
32 89
32 95
32 102
32 111
32 159
32 190
32 194
32 205
32 243
32 309
32 326
32 442
32 446
32 551
32 571
32 908
33 1
33 29
33 10
33 75
33 111
33 125
33 134
33 389
33 589
33 638
34 21
34 2
34 10
34 77
34 82
34 105
34 164
34 441
34 548
34 748
35 31
35 1
35 7
35 38
35 103
35 166
35 172
35 352
35 542
35 577
35 750
35 883
36 7
36 25
36 6
36 58
36 160
36 366
36 371
36 407
36 471
36 477
36 761
37 18
37 8
37 3
37 42
37 48
37 78
37 164
37 204
37 259
37 492
37 506
37 595
37 612
38 13
38 6
38 35
38 69
38 85
38 176
38 254
38 313
38 385
39 29
39 8
39 12
39 41
39 44
39 98
39 172
39 189
39 244
39 692
40 10
40 14
40 31
40 79
40 131
40 132
40 169
40 216
40 242
40 266
40 643
40 692
40 734
40 736
41 39
41 18
41 1
41 92
41 167
41 198
41 338
41 416
41 426
41 641
42 37
42 30
42 10
42 43
42 54
42 58
42 64
42 75
42 143
42 160
42 177
42 182
42 377
42 521
42 535
42 540
42 575
42 851
42 912
42 919
43 3
43 21
43 42
43 61
43 67
43 70
43 92
43 231
43 269
43 325
43 759
44 6
44 0
44 39
44 45
44 48
44 107
44 128
44 144
44 277
44 449
44 508
44 594
44 795
44 825
45 29
45 8
45 44
45 276
45 299
45 380
45 699
46 10
46 30
46 18
46 57
46 59
46 67
46 78
46 134
46 154
46 160
46 228
46 695
46 699
46 970
47 2
47 3
47 10
47 209
47 259
47 278
48 37
48 44
48 6
48 53
48 105
48 124
48 162
48 170
48 178
48 318
48 510
48 533
48 594
48 665
48 835
48 879
48 909
48 919
48 929
48 969
49 14
49 26
49 5
49 72
49 111
49 134
49 238
49 421
49 852
49 890
50 3
50 13
50 5
50 93
50 113
50 178
50 200
50 233
50 285
50 300
50 394
50 413
50 673
50 685
50 724
51 22
51 5
51 30
51 133
51 151
51 331
51 511
51 523
51 572
51 687
52 13
52 9
52 3
52 55
52 59
52 85
52 97
52 323
52 358
52 629
52 707
52 747
53 20
53 29
53 48
53 84
53 101
53 104
53 219
53 233
53 302
53 327
53 393
53 774
54 14
54 42
54 1
54 60
54 74
54 122
54 206
54 268
54 296
54 336
54 369
54 397
54 405
54 888
55 7
55 52
55 10
55 73
55 133
55 145
55 146
55 247
55 272
55 314
55 319
55 457
55 491
55 895
56 30
56 8
56 17
56 77
56 116
56 126
56 144
56 191
56 195
56 522
56 767
56 807
57 3
57 30
57 46
57 66
57 97
57 110
57 265
57 305
57 307
57 324
57 389
57 418
57 438
57 477
57 638
57 735
57 745
57 765
57 838
57 846
57 878
57 952
57 977
58 13
58 36
58 42
58 89
58 90
58 176
58 252
58 461
59 46
59 7
59 52
59 87
59 109
59 489
59 570
59 639
59 710
59 764
59 784
59 815
60 18
60 54
60 10
60 61
60 264
60 340
60 403
60 415
60 505
60 799
61 7
61 43
61 60
61 65
61 66
61 190
61 258
61 323
61 380
61 435
61 582
61 868
61 923
62 7
62 17
62 28
62 94
62 96
62 127
62 169
63 7
63 1
63 29
63 94
63 187
63 207
63 289
63 298
63 606
63 865
63 937
64 10
64 23
64 42
64 87
64 100
64 281
64 341
64 357
64 525
64 670
64 975
65 61
65 7
65 13
65 77
65 365
65 700
65 717
65 883
66 61
66 57
66 24
66 83
66 108
66 366
66 498
66 665
67 43
67 11
67 46
67 82
67 118
67 175
67 362
67 558
68 6
68 13
68 5
68 87
68 123
68 139
68 657
68 762
68 818
69 4
69 12
69 38
69 210
69 227
69 248
69 461
69 511
69 586
69 924
70 13
70 14
70 43
70 210
70 245
70 274
70 318
70 451
70 469
70 548
70 758
70 799
70 812
70 987
71 8
71 32
71 5
71 79
71 204
71 293
71 403
71 425
71 431
71 492
71 628
71 678
71 706
71 713
71 787
71 806
71 828
72 8
72 49
72 31
72 86
72 108
72 320
72 871
73 14
73 55
73 2
73 108
73 123
73 236
73 319
73 525
74 54
74 13
74 17
74 119
74 219
74 306
74 448
74 547
74 550
74 607
74 774
75 42
75 19
75 33
75 76
75 112
75 116
75 294
75 426
75 533
75 765
75 816
75 876
75 985
76 5
76 75
76 1
76 81
76 120
76 132
76 152
76 183
76 422
77 56
77 34
77 65
77 220
77 292
77 307
77 401
77 629
78 6
78 37
78 46
78 84
78 95
78 163
78 195
78 217
78 242
78 309
78 381
78 444
78 588
78 652
78 718
78 720
78 882
78 892
78 930
78 953
78 959
78 962
79 40
79 71
79 4
79 95
79 107
79 142
79 150
79 165
79 203
79 320
79 335
79 818
79 988
80 6
80 19
80 7
80 117
80 137
80 149
80 168
80 226
80 463
81 76
81 14
81 3
81 126
81 198
81 722
81 957
82 34
82 67
82 2
82 102
82 117
82 181
82 293
82 321
82 404
82 565
82 591
82 692
82 695
82 924
82 991
83 0
83 18
83 66
83 137
83 152
83 420
83 589
83 768
83 984
84 53
84 78
84 6
84 131
84 256
84 347
84 382
84 394
84 697
84 814
84 877
85 14
85 52
85 38
85 104
85 161
85 298
85 411
86 72
86 10
86 16
86 90
86 184
86 261
87 68
87 59
87 64
87 120
87 540
87 613
87 689
87 819
87 834
88 32
88 25
88 31
88 93
88 199
88 239
88 514
88 580
89 58
89 29
89 32
89 121
89 207
89 212
89 227
89 271
89 360
89 374
89 578
89 904
89 939
90 30
90 86
90 58
90 183
90 208
90 239
90 273
90 279
90 410
90 462
90 884
91 11
91 1
91 6
91 180
91 217
91 982
92 41
92 43
92 25
92 296
92 339
92 587
92 787
93 50
93 88
93 3
94 1
94 62
94 63
94 265
94 605
94 620
94 747
94 852
94 955
95 32
95 78
95 79
95 123
95 130
95 288
95 352
95 519
95 640
95 654
95 817
96 23
96 62
96 31
96 121
96 127
96 147
96 212
96 443
96 680
97 17
97 52
97 57
97 140
97 159
97 163
97 175
97 183
97 188
97 200
97 209
97 229
97 230
97 259
97 322
97 333
97 400
97 447
97 479
97 495
97 505
97 570
97 626
98 9
98 39
98 29
98 114
98 162
98 174
98 201
98 247
98 248
98 276
98 313
98 350
98 440
98 502
98 574
98 575
98 619
98 660
98 738
98 852
99 12
99 1
99 31
99 255
99 381
99 490
99 512
99 632
100 10
100 26
100 64
100 128
100 148
100 165
100 586
100 937
101 6
101 53
101 5
101 115
101 359
101 504
101 516
101 519
101 717
101 927
102 82
102 24
102 32
102 171
102 321
102 322
102 386
103 8
103 35
103 26
103 157
103 261
103 395
103 889
104 85
104 6
104 53
104 179
104 214
104 269
104 303
104 351
104 371
104 488
104 770
105 34
105 6
105 48
105 136
105 171
105 287
105 288
105 362
105 456
105 576
105 632
105 668
105 688
105 867
106 16
106 12
106 2
106 145
106 192
106 213
106 221
106 290
106 330
106 386
106 760
106 893
107 44
107 5
107 79
107 173
107 283
107 418
107 669
107 702
108 66
108 73
108 72
108 186
108 197
108 233
108 246
108 256
108 273
108 340
108 437
108 474
108 872
109 8
109 59
109 30
109 146
109 154
109 165
109 254
109 283
109 666
110 8
110 7
110 57
110 112
110 211
110 213
110 222
110 250
110 434
110 460
110 653
110 947
110 964
110 975
111 49
111 32
111 33
111 193
111 262
111 460
111 627
111 786
112 5
112 110
112 75
112 205
112 224
112 337
112 382
112 407
112 515
113 12
113 5
113 50
113 117
113 228
113 470
113 638
114 26
114 3
114 98
114 119
114 258
114 291
114 311
114 387
114 416
114 452
114 472
114 567
114 664
114 858
115 101
115 17
115 30
115 192
115 601
115 654
115 698
115 800
115 893
116 56
116 30
116 75
116 132
116 135
116 203
116 218
116 355
116 450
116 503
116 624
116 775
116 942
117 82
117 80
117 113
117 156
117 181
117 203
117 289
117 291
117 366
117 488
117 497
117 687
118 31
118 67
118 11
118 185
118 272
118 436
118 590
118 943
119 114
119 74
119 22
119 129
119 157
119 223
119 629
119 647
119 748
120 29
120 87
120 76
120 138
120 153
120 226
120 246
120 264
120 280
120 343
120 554
120 598
120 682
120 775
120 812
121 10
121 96
121 89
121 217
121 459
121 686
122 12
122 54
122 21
122 141
122 161
122 223
122 234
122 252
122 311
122 504
122 515
122 590
122 802
123 73
123 68
123 95
123 130
123 208
123 327
123 417
123 592
123 796
123 844
123 880
124 13
124 48
124 18
124 189
124 324
124 617
124 620
124 691
125 33
125 20
125 18
125 342
125 453
125 683
126 3
126 81
126 56
126 140
126 396
126 432
126 528
126 971
127 62
127 13
127 96
127 296
127 355
127 802
127 965
128 100
128 44
128 6
128 201
128 245
128 249
128 250
128 329
128 630
128 876
129 19
129 4
129 119
129 211
129 639
129 727
130 123
130 95
130 18
130 143
130 236
130 457
130 475
130 751
130 819
130 973
131 31
131 84
131 40
131 136
131 209
131 240
131 270
131 330
131 372
131 427
131 636
131 877
132 40
132 76
132 116
132 749
132 768
132 794
133 51
133 6
133 55
133 149
133 247
133 331
133 417
133 420
133 485
133 611
133 623
133 643
133 871
134 33
134 49
134 46
134 154
134 892
135 116
135 21
135 5
135 228
135 469
135 493
136 0
136 105
136 131
136 383
136 451
136 578
136 891
136 950
137 83
137 1
137 80
137 169
137 185
137 333
137 434
137 512
137 840
137 885
138 22
138 1
138 120
138 147
138 182
138 269
138 424
138 537
138 671
138 811
138 850
138 918
138 933
139 3
139 68
139 5
139 161
139 330
140 11
140 97
140 126
140 250
140 329
140 445
140 531
140 813
141 23
141 14
141 122
141 153
141 190
141 215
141 221
141 379
141 430
141 471
141 828
141 897
141 997
142 7
142 79
142 14
142 181
142 405
142 409
142 483
142 988
143 11
143 130
143 42
143 593
143 773
144 44
144 56
144 1
144 187
144 370
144 564
144 633
145 106
145 55
145 13
145 393
146 109
146 30
146 55
146 179
146 198
146 206
146 216
146 301
146 367
146 475
146 768
147 96
147 138
147 20
147 220
147 976
148 100
148 0
148 31
148 166
148 262
148 373
148 398
148 529
148 887
149 21
149 133
149 80
149 162
149 214
149 589
149 646
150 3
150 79
150 7
150 215
150 235
150 285
150 684
150 800
150 879
150 950
151 51
151 5
151 17
151 284
151 287
151 349
151 355
151 465
151 689
151 933
152 76
152 17
152 83
152 262
152 437
152 455
152 670
152 723
153 3
153 141
153 120
153 357
153 595
154 109
154 134
154 46
154 485
154 990
155 8
155 5
155 12
155 175
155 180
155 224
155 425
155 501
155 600
155 672
155 838
156 20
156 31
156 117
156 184
156 441
156 563
156 576
156 627
156 681
157 103
157 119
157 30
157 173
157 179
157 202
157 316
157 326
157 348
157 376
157 384
157 516
157 649
157 663
157 728
157 837
158 16
158 4
158 31
158 220
158 824
158 925
159 17
159 97
159 32
159 193
159 199
159 331
159 387
159 712
159 762
159 855
160 46
160 42
160 36
160 211
160 223
160 356
160 375
160 430
160 546
160 817
161 139
161 85
161 122
161 191
161 231
161 258
161 272
161 328
161 479
161 602
161 791
162 149
162 48
162 98
162 235
162 510
162 725
163 97
163 78
163 16
163 230
163 303
163 310
163 352
163 393
163 401
163 436
163 726
163 729
163 793
164 14
164 34
164 37
164 412
164 439
164 597
164 820
164 874
164 886
164 894
165 79
165 109
165 100
165 245
165 467
165 472
165 526
165 622
165 649
165 672
165 801
165 996
166 148
166 0
166 35
166 227
166 239
166 378
166 450
166 500
166 790
166 846
166 935
167 16
167 41
167 4
167 560
167 979
168 7
168 13
168 80
168 177
168 230
168 244
168 440
168 554
168 803
168 875
169 137
169 62
169 40
169 197
169 362
169 373
169 485
169 494
170 19
170 23
170 48
170 421
170 446
170 480
170 665
170 987
171 105
171 102
171 7
171 201
171 518
171 741
171 745
171 857
172 28
172 35
172 39
172 191
172 287
172 306
172 399
172 429
172 433
172 510
172 537
172 750
172 796
172 856
173 107
173 157
173 29
173 214
173 363
173 388
173 491
173 906
174 8
174 98
174 7
174 332
174 553
175 97
175 155
175 67
175 196
175 282
175 338
175 346
175 368
175 398
175 448
175 480
175 573
176 19
176 38
176 58
176 286
176 317
176 406
176 476
176 547
176 962
176 977
177 42
177 168
177 25
177 182
177 202
177 263
177 343
177 374
177 408
177 427
177 682
177 757
177 772
178 48
178 19
178 50
178 192
178 299
178 303
178 406
178 432
179 146
179 104
179 157
179 204
179 260
179 267
179 543
180 91
180 6
180 155
180 193
180 377
180 563
180 842
181 142
181 117
181 82
181 310
181 315
181 354
181 397
181 546
181 877
182 42
182 177
182 138
182 222
182 232
182 466
182 771
183 76
183 97
183 90
183 186
183 194
183 195
183 348
183 392
183 590
183 707
183 817
184 86
184 30
184 156
184 213
185 10
185 137
185 118
185 229
185 271
185 336
186 19
186 108
186 183
186 299
186 334
186 528
186 531
186 533
186 564
186 628
186 715
186 755
186 766
186 992
187 8
187 144
187 63
187 196
187 300
187 322
187 364
187 757
187 900
188 97
188 13
188 2
188 222
188 370
188 446
188 615
188 625
188 898
189 124
189 7
189 39
189 933
190 141
190 32
190 61
190 197
190 210
190 466
190 495
190 524
190 726
190 998
191 56
191 161
191 172
191 260
191 445
191 481
191 645
191 655
191 698
191 810
191 837
191 889
192 178
192 106
192 115
192 246
192 291
192 593
192 723
193 180
193 111
193 159
193 199
193 267
193 295
193 509
193 618
193 664
194 32
194 183
194 13
194 241
194 270
194 284
194 325
194 326
194 436
194 447
194 730
194 791
194 904
194 929
195 78
195 183
195 56
195 231
195 492
196 187
196 18
196 175
196 241
196 306
196 327
196 345
196 357
196 416
196 431
196 483
196 859
196 967
197 169
197 190
197 108
197 591
197 617
197 992
198 146
198 81
198 41
198 208
198 275
198 282
198 417
198 630
198 727
199 193
199 88
199 159
199 218
199 574
199 896
199 951
200 50
200 97
200 3
200 288
200 304
200 920
201 98
201 128
201 171
201 226
201 240
201 253
201 268
201 336
201 359
201 411
201 839
202 19
202 157
202 177
202 280
203 116
203 117
203 79
203 266
203 344
203 394
203 527
203 618
203 635
203 696
204 37
204 179
204 71
205 25
205 112
205 32
205 267
205 509
205 605
205 626
205 992
206 146
206 23
206 54
206 462
206 473
206 513
206 539
206 870
207 89
207 63
207 28
207 310
207 539
207 781
207 882
207 970
208 123
208 198
208 90
208 237
208 251
208 484
208 603
208 714
208 899
209 131
209 97
209 47
209 236
209 257
209 308
209 346
209 487
209 594
209 642
209 704
210 190
210 69
210 70
210 952
211 129
211 160
211 110
211 290
211 443
211 790
212 6
212 89
212 96
212 232
212 980
213 184
213 106
213 110
213 234
214 173
214 149
214 104
214 399
214 478
214 506
214 604
214 848
215 141
215 13
215 150
215 443
215 502
215 549
215 557
215 761
215 900
215 941
215 996
216 3
216 40
216 146
216 397
216 518
216 578
217 78
217 91
217 121
217 383
217 453
217 456
217 459
218 116
218 199
218 18
218 274
218 305
218 353
218 368
218 457
218 730
218 830
219 17
219 53
219 74
219 225
219 454
220 77
220 158
220 147
220 328
220 339
220 536
220 587
221 141
221 21
221 106
221 241
221 261
221 458
221 515
221 903
222 182
222 110
222 188
222 254
222 320
222 518
222 729
222 836
223 160
223 122
223 119
223 334
224 155
224 112
224 18
224 243
224 945
225 29
225 219
225 0
225 395
225 415
225 556
225 650
225 895
226 120
226 201
226 80
226 235
226 315
226 429
226 466
226 708
226 938
227 166
227 69
227 89
227 264
227 295
227 529
227 701
228 135
228 46
228 113
228 234
228 332
228 657
228 907
229 97
229 1
229 185
229 367
229 431
229 737
230 163
230 97
230 168
230 300
230 346
230 428
230 525
230 663
230 890
231 195
231 161
231 43
231 260
231 316
231 542
231 840
232 182
232 0
232 212
232 244
232 441
232 641
232 696
233 53
233 108
233 50
233 282
233 301
233 662
234 122
234 213
234 228
234 516
234 673
235 226
235 150
235 162
235 297
235 419
235 514
235 559
235 601
235 624
235 917
236 209
236 130
236 73
236 347
237 21
237 17
237 208
237 476
237 538
237 724
238 17
238 49
238 5
238 281
238 424
238 468
238 752
239 88
239 166
239 90
239 271
239 424
239 437
239 451
239 540
239 889
240 131
240 201
240 11
241 221
241 196
241 194
241 289
241 319
242 78
242 19
242 40
242 455
242 464
243 1
243 224
243 32
243 474
243 541
243 761
244 232
244 39
244 168
244 265
244 279
245 165
245 128
245 70
245 534
245 803
245 919
245 987
246 192
246 120
246 108
246 667
246 714
246 785
246 921
247 98
247 55
247 133
247 274
247 323
247 430
247 460
247 522
248 14
248 98
248 69
248 286
248 973
249 128
249 31
249 20
250 140
250 110
250 128
250 340
250 412
250 486
250 782
251 14
251 208
251 23
251 385
251 596
251 794
252 58
252 122
252 17
252 835
252 920
253 18
253 11
253 201
253 379
253 568
253 966
254 38
254 222
254 109
254 778
255 31
255 4
255 99
255 294
255 370
255 438
255 521
255 859
255 873
255 978
256 84
256 108
256 12
256 304
256 349
256 452
256 925
256 928
257 209
257 8
257 1
257 438
258 61
258 114
258 161
258 616
258 644
258 809
259 37
259 47
259 97
259 295
259 568
260 231
260 191
260 179
260 501
260 601
261 221
261 103
261 86
261 315
261 406
261 490
262 152
262 148
262 111
262 292
262 335
262 565
262 764
262 881
263 26
263 177
263 12
263 399
263 407
263 432
263 561
263 568
263 722
263 875
264 227
264 120
264 60
264 363
264 445
264 736
265 94
265 244
265 57
265 429
265 536
265 869
266 203
266 40
266 19
266 312
266 334
266 459
266 479
267 193
267 205
267 179
267 493
267 715
267 752
268 201
268 12
268 54
268 290
268 344
268 491
268 507
268 532
268 552
268 573
268 602
269 138
269 43
269 104
269 809
270 131
270 194
270 20
270 378
270 609
270 880
271 185
271 89
271 239
271 513
271 754
272 161
272 55
272 118
272 342
272 360
272 378
272 387
272 414
272 474
272 740
272 966
273 90
273 108
273 6
273 284
273 558
274 70
274 218
274 247
274 351
274 376
274 678
274 706
274 708
274 769
274 772
274 857
274 872
275 198
275 25
275 16
275 338
275 381
275 603
275 816
275 936
276 45
276 98
276 31
276 404
277 44
277 8
277 29
277 344
277 576
278 25
278 47
278 6
278 312
278 318
278 456
278 566
278 952
279 244
279 29
279 90
279 409
279 528
280 202
280 0
280 120
280 317
280 534
281 28
281 238
281 64
281 608
282 233
282 175
282 198
282 411
282 530
282 552
282 661
282 694
282 721
282 819
283 109
283 107
283 14
283 738
283 795
284 151
284 194
284 273
284 358
284 995
285 150
285 50
285 2
285 448
285 482
286 176
286 248
286 7
286 361
286 765
286 885
287 172
287 151
287 105
287 392
287 592
287 848
287 884
288 95
288 200
288 105
288 633
288 672
288 700
288 733
288 860
289 117
289 241
289 63
289 481
289 543
289 965
290 211
290 268
290 106
290 293
290 923
290 948
291 114
291 117
291 192
291 350
292 262
292 9
292 77
292 342
292 356
292 473
292 628
292 693
293 82
293 290
293 71
293 308
293 329
293 523
294 255
294 0
294 75
294 948
295 259
295 193
295 227
295 316
295 341
295 351
295 365
295 496
295 788
295 994
296 92
296 54
296 127
296 522
296 828
296 961
297 16
297 235
297 25
297 372
297 618
297 633
297 642
298 6
298 85
298 63
298 328
298 361
298 611
298 943
299 178
299 45
299 186
299 365
299 483
299 584
299 585
299 657
299 824
300 50
300 187
300 230
300 461
300 998
301 146
301 233
301 19
301 855
302 53
302 28
302 6
303 163
303 104
303 178
303 469
304 23
304 200
304 256
304 333
304 348
304 418
304 519
304 599
304 658
305 16
305 218
305 57
305 400
305 544
305 821
306 172
306 196
306 74
306 691
307 77
307 31
307 57
308 209
308 293
308 6
308 325
308 610
308 711
308 742
308 755
308 971
309 25
309 32
309 78
309 549
309 550
310 181
310 163
310 207
310 360
310 380
310 390
310 400
310 538
310 776
310 985
311 4
311 122
311 114
311 343
311 784
311 808
312 266
312 1
312 278
312 321
312 339
312 648
313 98
313 17
313 38
313 597
313 679
313 681
313 762
313 775
313 860
314 55
314 7
314 20
314 433
314 631
314 658
315 226
315 261
315 181
316 231
316 157
316 295
316 354
316 517
316 962
317 280
317 176
317 1
317 759
317 807
318 48
318 70
318 278
318 421
318 439
318 470
319 73
319 241
319 55
319 484
319 747
320 79
320 222
320 72
320 834
321 312
321 102
321 82
321 983
322 97
322 102
322 187
322 555
322 584
322 907
323 52
323 61
323 247
323 488
324 124
324 57
324 6
324 494
324 517
324 556
324 571
324 756
324 865
324 908
324 945
325 194
325 43
325 308
325 458
325 471
325 542
325 580
325 660
325 735
326 32
326 194
326 157
326 345
326 359
326 561
326 719
326 721
326 993
327 53
327 196
327 123
327 376
327 382
327 508
327 614
328 161
328 220
328 298
328 389
328 620
328 675
328 823
329 293
329 128
329 140
329 402
329 499
329 546
329 673
329 685
329 913
329 989
330 131
330 106
330 139
330 392
330 581
330 824
330 921
330 977
331 133
331 159
331 51
331 414
331 583
331 700
332 21
332 228
332 174
332 464
332 647
332 942
333 97
333 137
333 304
333 507
333 583
333 812
334 186
334 266
334 223
334 373
334 709
334 913
335 79
335 262
335 18
335 442
335 837
335 941
336 185
336 201
336 54
336 642
337 6
337 8
337 112
337 806
337 972
338 175
338 275
338 41
338 463
338 487
338 498
338 539
338 553
338 575
338 681
338 773
339 92
339 312
339 220
339 670
339 694
340 108
340 60
340 250
340 367
340 385
340 677
340 855
341 3
341 64
341 295
342 292
342 272
342 125
342 675
342 905
343 177
343 311
343 120
344 203
344 268
344 277
344 779
344 795
345 9
345 196
345 326
345 587
345 668
345 873
346 230
346 209
346 175
346 520
347 236
347 84
347 1
347 358
347 395
347 447
347 740
348 157
348 304
348 183
348 743
348 990
349 256
349 2
349 151
350 98
350 291
350 10
350 388
350 396
350 636
351 295
351 104
351 274
352 163
352 35
352 95
353 14
353 218
353 7
354 316
354 3
354 181
354 413
354 671
354 994
355 151
355 127
355 116
355 383
355 537
355 701
355 780
355 781
355 939
356 292
356 160
356 31
356 412
356 897
357 64
357 153
357 196
357 384
357 841
358 52
358 284
358 347
359 326
359 201
359 101
359 615
359 786
359 790
359 847
360 310
360 89
360 272
360 422
360 470
361 286
361 298
361 6
361 820
361 841
362 169
362 105
362 67
363 14
363 173
363 264
363 428
363 502
363 683
364 27
364 187
364 23
364 404
364 458
364 489
364 563
364 610
364 760
365 65
365 295
365 299
365 600
365 676
366 117
366 66
366 36
367 229
367 340
367 146
367 379
367 818
368 175
368 30
368 218
368 513
368 925
369 54
369 24
369 31
369 970
370 144
370 188
370 255
370 570
370 854
371 104
371 5
371 36
371 493
372 297
372 131
372 31
372 944
373 334
373 169
373 148
373 536
373 585
373 653
373 780
374 177
374 89
374 2
374 390
374 414
374 473
374 487
374 498
374 527
374 531
374 763
374 922
375 13
375 160
375 19
376 157
376 327
376 274
376 551
376 960
377 180
377 42
377 2
377 419
377 697
378 270
378 272
378 166
379 141
379 367
379 253
380 61
380 310
380 45
380 622
380 932
381 275
381 99
381 78
381 442
381 793
381 881
381 896
382 84
382 112
382 327
382 552
382 758
383 217
383 355
383 136
383 405
383 497
383 562
383 607
383 664
383 749
384 357
384 3
384 157
384 409
384 698
385 251
385 38
385 340
385 425
385 476
385 622
385 853
385 910
385 934
385 975
385 978
386 13
386 102
386 106
386 545
387 114
387 272
387 159
387 639
388 173
388 3
388 350
388 588
389 328
389 33
389 57
389 439
389 549
389 667
389 679
389 716
389 776
390 374
390 310
390 15
390 715
391 12
391 13
391 16
392 287
392 183
392 330
392 415
392 449
393 53
393 145
393 163
393 506
393 626
393 678
393 802
393 856
394 50
394 84
394 203
394 427
394 983
395 103
395 225
395 347
396 350
396 126
396 29
396 562
396 621
396 669
396 867
396 878
396 914
397 216
397 181
397 54
398 10
398 175
398 148
398 401
398 440
398 704
398 758
398 909
398 940
399 172
399 214
399 263
399 482
399 520
399 625
399 655
400 305
400 97
400 310
400 874
401 77
401 398
401 163
401 535
402 329
402 7
402 13
403 19
403 71
403 60
403 647
404 82
404 276
404 364
404 452
404 526
404 984
405 142
405 54
405 383
405 644
405 731
406 261
406 178
406 176
406 829
407 36
407 112
407 263
407 597
408 12
408 177
408 1
408 426
408 496
408 760
409 384
409 279
409 142
409 497
409 614
409 714
410 3
410 7
410 90
410 619
410 653
410 707
410 974
411 85
411 201
411 282
411 999
412 250
412 164
412 356
412 789
412 988
413 354
413 50
413 23
413 500
414 374
414 272
414 331
414 609
414 716
414 746
414 960
415 60
415 225
415 392
415 593
415 661
415 772
416 41
416 114
416 196
416 465
416 623
416 659
416 711
416 875
416 893
417 198
417 133
417 123
418 107
418 304
418 57
418 574
418 779
418 944
419 377
419 235
419 14
419 435
419 596
420 83
420 26
420 133
420 579
420 613
420 710
420 742
420 850
421 170
421 318
421 49
421 453
422 360
422 24
422 76
422 514
422 719
423 2
423 7
423 30
424 138
424 238
424 239
424 834
425 71
425 385
425 155
425 783
425 791
425 979
426 75
426 41
426 408
426 481
426 557
426 823
426 942
427 394
427 177
427 131
427 579
427 972
428 363
428 230
428 11
428 860
429 172
429 226
429 265
430 160
430 247
430 141
430 467
430 786
431 71
431 229
431 196
431 651
431 922
432 178
432 126
432 263
432 524
432 832
432 915
433 1
433 314
433 172
433 899
434 14
434 137
434 110
434 627
435 419
435 6
435 61
435 847
435 957
436 194
436 118
436 163
436 939
437 108
437 152
437 239
437 674
437 722
437 815
438 257
438 57
438 255
438 683
439 318
439 389
439 164
439 651
439 777
440 398
440 98
440 168
440 671
440 684
440 976
441 232
441 34
441 156
442 381
442 32
442 335
442 534
442 555
442 585
442 785
442 881
443 96
443 211
443 215
443 857
443 981
444 1
444 7
444 78
444 684
445 191
445 140
445 264
445 532
445 541
445 651
445 781
446 32
446 188
446 170
446 480
447 194
447 347
447 97
447 910
447 959
448 74
448 175
448 285
448 511
449 44
449 392
449 31
449 557
449 616
449 778
450 116
450 7
450 166
450 705
450 746
451 136
451 239
451 70
451 660
451 739
451 745
451 811
451 814
452 404
452 256
452 114
453 125
453 421
453 217
453 763
453 887
454 22
454 0
454 219
454 709
455 20
455 152
455 242
455 826
456 105
456 217
456 278
456 844
456 849
457 55
457 130
457 218
457 677
458 221
458 325
458 364
458 839
458 981
459 266
459 121
459 217
459 769
459 827
459 864
460 247
460 111
460 110
460 478
460 556
460 614
460 631
460 709
460 832
460 906
461 69
461 58
461 300
461 624
461 998
462 206
462 12
462 90
462 559
462 604
462 766
462 997
463 80
463 4
463 338
463 494
463 598
463 634
463 702
463 732
464 332
464 19
464 242
464 541
464 926
464 968
464 989
465 151
465 0
465 416
465 652
465 689
466 226
466 190
466 182
467 165
467 14
467 430
467 504
467 978
467 993
468 1
468 13
468 238
468 635
468 650
468 780
468 922
468 984
469 70
469 135
469 303
469 943
469 961
470 113
470 318
470 360
470 999
471 141
471 325
471 36
471 637
471 770
472 114
472 165
472 27
473 292
473 374
473 206
474 108
474 243
474 272
474 789
475 130
475 146
475 26
475 767
476 237
476 385
476 176
476 503
477 5
477 57
477 36
477 606
477 928
478 214
478 460
478 13
478 499
478 501
478 734
478 803
478 954
479 97
479 161
479 266
479 669
480 446
480 175
480 170
480 509
480 526
480 645
480 731
480 843
480 940
481 426
481 191
481 289
481 499
481 858
482 399
482 285
482 19
482 527
482 680
482 993
483 142
483 196
483 299
483 686
483 842
484 208
484 319
484 20
485 133
485 169
485 154
485 667
485 916
485 972
486 16
486 250
486 0
486 550
486 785
487 374
487 338
487 209
488 104
488 117
488 323
488 577
488 776
488 843
488 908
489 9
489 364
489 59
490 99
490 11
490 261
490 685
491 268
491 173
491 55
491 702
491 753
492 195
492 71
492 37
492 608
492 941
492 979
493 267
493 135
493 371
493 643
493 844
494 169
494 463
494 324
495 14
495 97
495 190
495 566
495 800
496 295
496 408
496 30
497 409
497 117
497 383
498 374
498 338
498 66
498 569
499 481
499 478
499 329
499 592
499 612
499 656
499 872
500 413
500 166
500 12
500 523
500 636
500 737
500 825
500 994
501 478
501 155
501 260
502 98
502 363
502 215
502 720
503 116
503 25
503 476
504 122
504 101
504 467
505 97
505 60
505 6
505 544
505 705
506 37
506 214
506 393
506 743
506 836
506 885
507 30
507 268
507 333
508 44
508 24
508 327
508 512
508 535
509 205
509 193
509 480
509 588
510 162
510 48
510 172
511 51
511 69
511 448
511 694
512 508
512 99
512 137
512 718
512 924
513 271
513 368
513 206
513 532
513 559
513 798
514 422
514 88
514 235
514 565
515 112
515 122
515 221
515 690
515 699
515 732
515 749
516 101
516 157
516 234
516 759
516 859
517 0
517 316
517 324
517 921
518 222
518 216
518 171
518 655
519 304
519 95
519 101
519 732
520 346
520 12
520 399
520 581
520 635
520 697
520 932
521 42
521 2
521 255
522 247
522 296
522 56
523 293
523 500
523 51
523 640
523 990
524 21
524 190
524 432
524 561
524 566
524 584
524 654
524 968
525 64
525 230
525 73
526 404
526 480
526 165
526 686
526 956
526 980
527 203
527 374
527 482
527 897
528 186
528 279
528 126
528 551
528 958
529 148
529 11
529 227
529 805
530 3
530 15
530 282
530 782
530 938
531 374
531 186
531 140
531 892
531 965
532 445
532 513
532 268
532 567
532 652
533 75
533 48
533 186
533 853
534 280
534 245
534 442
534 656
534 754
535 42
535 508
535 401
535 911
536 373
536 220
536 265
536 864
536 956
537 172
537 138
537 355
538 4
538 237
538 310
538 787
538 955
539 207
539 338
539 206
540 42
540 87
540 239
540 703
541 243
541 464
541 445
541 753
541 797
542 35
542 231
542 325
542 677
542 934
542 960
543 179
543 289
543 26
543 611
543 727
543 744
544 505
544 2
544 305
544 954
545 386
545 8
545 21
545 616
546 329
546 160
546 181
547 176
547 74
547 19
547 573
547 769
548 6
548 34
548 70
548 996
549 389
549 309
549 215
550 486
550 309
550 74
551 528
551 376
551 32
551 599
551 676
551 746
552 282
552 382
552 268
552 623
552 645
553 20
553 338
553 174
553 841
553 861
554 120
554 168
554 31
555 442
555 16
555 322
555 571
555 810
555 949
556 225
556 460
556 324
556 621
556 935
557 426
557 449
557 215
558 67
558 273
558 29
559 462
559 513
559 235
560 25
560 17
560 167
560 634
561 326
561 524
561 263
561 567
561 659
561 771
562 16
562 383
562 396
563 364
563 180
563 156
563 777
563 874
564 1
564 144
564 186
564 821
565 262
565 82
565 514
565 983
566 524
566 495
566 278
567 532
567 114
567 561
568 259
568 263
568 253
568 688
568 953
568 954
569 498
569 0
569 19
570 59
570 97
570 370
570 915
571 32
571 555
571 324
572 23
572 51
572 19
573 547
573 175
573 268
573 751
574 418
574 199
574 98
574 911
575 42
575 98
575 338
575 577
575 583
576 156
576 105
576 277
576 631
577 35
577 488
577 575
577 796
578 216
578 136
578 89
579 420
579 427
579 5
579 957
580 2
580 88
580 325
581 4
581 330
581 520
581 617
582 11
582 16
582 61
582 757
582 805
583 331
583 575
583 333
584 322
584 524
584 299
584 902
584 918
585 373
585 442
585 299
585 596
586 9
586 69
586 100
586 606
586 861
587 345
587 220
587 92
587 853
588 78
588 388
588 509
588 637
588 958
589 83
589 149
589 33
590 118
590 122
590 183
590 929
590 932
590 976
591 82
591 3
591 197
591 682
591 856
591 951
592 287
592 499
592 123
592 740
593 415
593 192
593 143
593 967
594 209
594 48
594 44
595 37
595 153
595 12
595 609
596 419
596 585
596 251
597 313
597 407
597 164
597 640
598 6
598 463
598 120
598 646
599 551
599 304
599 15
599 603
599 829
600 1
600 365
600 155
600 847
600 938
600 953
600 959
601 115
601 260
601 235
601 873
602 161
602 29
602 268
603 208
603 275
603 599
603 705
604 214
604 462
604 8
604 615
605 4
605 205
605 94
605 661
606 586
606 63
606 477
606 863
607 74
607 383
607 7
607 739
608 281
608 492
608 4
608 659
608 662
608 986
609 595
609 270
609 414
609 961
610 308
610 364
610 1
610 690
610 751
611 298
611 543
611 133
611 809
611 985
612 5
612 499
612 37
612 995
613 420
613 87
613 3
614 460
614 409
614 327
614 793
615 604
615 188
615 359
615 713
615 718
616 449
616 545
616 258
617 581
617 124
617 197
617 674
617 839
618 297
618 203
618 193
618 656
618 743
618 926
619 23
619 410
619 98
619 833
620 94
620 124
620 328
620 822
620 903
621 12
621 556
621 396
621 668
621 918
622 385
622 380
622 165
622 644
622 706
623 416
623 133
623 552
623 728
623 827
624 461
624 235
624 116
625 188
625 17
625 399
625 641
626 97
626 205
626 393
626 886
627 434
627 156
627 111
627 870
628 292
628 186
628 71
628 675
628 866
629 52
629 77
629 119
630 29
630 198
630 128
630 862
631 576
631 314
631 460
631 999
632 6
632 105
632 99
632 648
633 144
633 297
633 288
634 29
634 463
634 560
634 646
634 679
634 792
634 831
634 849
634 967
635 520
635 468
635 203
636 131
636 500
636 350
636 703
636 734
637 25
637 588
637 471
638 57
638 33
638 113
638 713
639 129
639 59
639 387
639 867
639 995
640 597
640 523
640 95
641 625
641 232
641 41
642 297
642 336
642 209
643 493
643 133
643 40
643 981
644 258
644 405
644 622
644 723
645 191
645 480
645 552
645 693
645 754
646 598
646 149
646 634
646 845
646 868
647 403
647 332
647 119
647 821
647 887
648 31
648 632
648 312
648 833
649 157
649 165
649 25
649 756
650 468
650 225
650 29
651 431
651 445
651 439
651 674
652 532
652 78
652 465
652 764
653 110
653 410
653 373
653 690
654 95
654 115
654 524
655 399
655 518
655 191
655 779
655 830
656 499
656 618
656 534
657 228
657 299
657 68
657 808
657 863
658 22
658 304
658 314
659 608
659 561
659 416
659 894
660 98
660 325
660 451
660 920
661 605
661 415
661 282
661 792
662 233
662 608
662 9
662 789
663 157
663 230
663 14
664 383
664 114
664 193
664 958
664 974
665 66
665 170
665 48
666 14
666 109
666 17
666 738
666 788
666 940
667 246
667 485
667 389
667 680
668 621
668 345
668 105
669 107
669 479
669 396
669 756
669 766
669 811
669 914
670 64
670 339
670 152
670 688
670 876
670 879
671 138
671 440
671 354
672 288
672 155
672 165
673 50
673 329
673 234
674 651
674 437
674 617
675 628
675 328
675 342
676 365
676 22
676 551
676 693
677 457
677 542
677 340
677 778
678 71
678 274
678 393
678 849
679 313
679 634
679 389
679 724
680 96
680 482
680 667
681 156
681 338
681 313
682 177
682 120
682 591
682 695
683 363
683 438
683 125
684 440
684 150
684 444
685 329
685 50
685 490
686 121
686 483
686 526
686 964
687 117
687 9
687 51
687 744
687 937
688 105
688 670
688 568
688 838
689 87
689 465
689 151
690 610
690 515
690 653
691 5
691 306
691 124
691 770
691 813
691 815
692 82
692 40
692 39
693 676
693 292
693 645
693 731
694 511
694 282
694 339
694 916
695 682
695 82
695 46
696 232
696 203
696 11
696 894
697 377
697 520
697 84
697 947
698 191
698 115
698 384
699 45
699 46
699 515
699 898
699 945
700 288
700 65
700 331
700 704
700 799
700 914
701 227
701 16
701 355
702 107
702 463
702 491
703 10
703 636
703 540
704 700
704 398
704 209
704 898
705 505
705 450
705 603
705 869
705 899
706 622
706 274
706 71
706 710
706 906
707 52
707 183
707 410
707 763
708 24
708 226
708 274
708 955
709 460
709 454
709 334
709 816
709 822
709 901
709 949
710 59
710 706
710 420
711 416
711 308
711 17
711 947
712 159
712 18
712 4
713 638
713 71
713 615
713 915
713 916
714 208
714 409
714 246
715 390
715 267
715 186
715 733
716 414
716 389
716 7
716 971
717 65
717 11
717 101
718 615
718 78
718 512
718 931
718 935
719 422
719 12
719 326
720 12
720 502
720 78
721 282
721 326
721 22
722 81
722 437
722 263
723 152
723 644
723 192
723 864
724 237
724 50
724 679
724 968
725 22
725 162
725 10
725 773
726 190
726 163
726 7
727 198
727 543
727 129
728 7
728 623
728 157
729 222
729 22
729 163
730 218
730 13
730 194
731 480
731 693
731 405
731 750
731 806
732 519
732 463
732 515
732 831
733 715
733 288
733 14
734 636
734 478
734 40
735 21
735 325
735 57
736 264
736 14
736 40
737 7
737 229
737 500
738 98
738 283
738 666
738 771
738 930
739 451
739 29
739 607
740 272
740 347
740 592
741 171
741 97
741 10
741 820
742 17
742 420
742 308
742 907
743 618
743 348
743 506
743 949
744 543
744 687
744 25
744 973
745 57
745 171
745 451
746 551
746 414
746 450
747 319
747 94
747 52
747 804
748 34
748 11
748 119
749 132
749 383
749 515
750 35
750 731
750 172
751 130
751 573
751 610
752 27
752 238
752 267
753 541
753 491
753 16
754 534
754 271
754 645
755 186
755 308
755 30
756 669
756 324
756 649
756 842
757 187
757 582
757 177
758 382
758 70
758 398
759 43
759 516
759 317
759 882
759 905
760 106
760 364
760 408
761 215
761 36
761 243
762 68
762 313
762 159
763 374
763 453
763 707
763 869
763 989
764 262
764 652
764 59
765 286
765 57
765 75
765 774
766 186
766 462
766 669
766 797
767 475
767 56
767 21
768 83
768 132
768 146
769 459
769 547
769 274
769 986
770 691
770 104
770 471
771 561
771 738
771 182
772 274
772 177
772 415
773 338
773 143
773 725
774 53
774 74
774 765
774 814
775 313
775 116
775 120
775 827
776 310
776 488
776 389
777 22
777 439
777 563
777 900
777 927
778 677
778 449
778 254
779 418
779 344
779 655
780 468
780 355
780 373
781 445
781 355
781 207
782 250
782 530
782 20
783 18
783 425
783 29
784 59
784 18
784 311
784 912
785 442
785 246
785 486
785 866
785 986
786 111
786 359
786 430
786 851
787 538
787 71
787 92
788 666
788 295
788 17
789 412
789 474
789 662
790 166
790 359
790 211
791 161
791 194
791 425
792 661
792 634
792 7
792 854
793 163
793 614
793 381
794 251
794 132
794 5
795 344
795 44
795 283
795 861
796 123
796 172
796 577
796 862
796 891
797 541
797 766
797 0
797 904
798 7
798 513
798 97
798 801
798 913
799 70
799 700
799 60
799 813
800 150
800 115
800 495
801 798
801 21
801 165
801 854
802 393
802 127
802 122
803 478
803 168
803 245
804 18
804 747
804 14
804 931
805 582
805 529
805 1
806 731
806 337
806 71
806 865
806 884
807 317
807 56
807 10
808 311
808 657
808 2
809 269
809 611
809 258
809 910
810 14
810 555
810 191
811 669
811 451
811 138
812 70
812 333
812 120
812 858
812 901
813 691
813 140
813 799
813 936
814 84
814 774
814 451
814 823
814 950
814 991
815 59
815 691
815 437
815 902
816 75
816 275
816 709
817 95
817 160
817 183
817 909
818 68
818 367
818 79
819 87
819 282
819 130
820 741
820 164
820 361
821 647
821 564
821 305
821 903
821 936
822 10
822 709
822 620
823 328
823 814
823 426
824 158
824 330
824 299
825 44
825 500
825 1
826 8
826 10
826 455
827 459
827 623
827 775
828 296
828 71
828 141
829 20
829 599
829 406
830 218
830 7
830 655
831 634
831 27
831 732
831 911
832 460
832 9
832 432
833 619
833 648
833 13
834 320
834 424
834 87
834 891
835 48
835 252
835 17
836 6
836 222
836 506
837 191
837 335
837 157
838 57
838 688
838 155
838 871
839 201
839 458
839 617
840 137
840 10
840 231
841 357
841 361
841 553
842 180
842 756
842 483
842 927
843 488
843 1
843 480
844 493
844 456
844 123
845 20
845 646
845 25
845 946
846 2
846 57
846 166
846 848
846 880
846 934
847 600
847 435
847 359
848 287
848 846
848 214
849 634
849 678
849 456
850 138
850 5
850 420
850 890
851 786
851 9
851 42
851 931
852 98
852 94
852 49
853 385
853 533
853 587
853 974
854 792
854 801
854 370
855 301
855 340
855 159
856 591
856 172
856 393
856 982
857 443
857 171
857 274
858 481
858 812
858 114
859 255
859 196
859 516
860 313
860 428
860 288
860 883
860 946
861 586
861 795
861 553
861 944
862 796
862 630
862 13
863 97
863 606
863 657
864 723
864 536
864 459
864 912
864 963
865 324
865 806
865 63
866 628
866 785
866 10
867 396
867 639
867 105
868 31
868 646
868 61
868 886
869 265
869 705
869 763
870 627
870 3
870 206
871 838
871 133
871 72
872 274
872 499
872 108
873 255
873 345
873 601
874 563
874 164
874 400
875 416
875 263
875 168
876 75
876 128
876 670
877 131
877 84
877 181
878 57
878 13
878 396
879 670
879 48
879 150
880 123
880 846
880 270
881 262
881 381
881 442
882 207
882 759
882 78
883 65
883 35
883 860
884 287
884 90
884 806
885 506
885 137
885 286
886 868
886 164
886 626
887 148
887 647
887 453
888 54
888 24
888 10
889 239
889 103
889 191
890 850
890 230
890 49
891 834
891 796
891 136
892 78
892 531
892 134
893 416
893 115
893 106
894 659
894 164
894 696
895 1
895 225
895 55
896 381
896 23
896 199
897 356
897 527
897 141
898 188
898 699
898 704
899 208
899 705
899 433
900 777
900 215
900 187
901 709
901 812
901 4
902 6
902 584
902 815
903 620
903 221
903 821
904 797
904 89
904 194
905 342
905 10
905 759
906 173
906 460
906 706
907 322
907 742
907 228
908 488
908 32
908 324
909 817
909 48
909 398
910 447
910 809
910 385
910 956
910 969
911 574
911 831
911 535
912 784
912 42
912 864
913 798
913 334
913 329
914 396
914 700
914 669
915 570
915 713
915 432
916 485
916 713
916 694
917 19
917 22
917 235
917 963
918 584
918 621
918 138
919 42
919 48
919 245
920 200
920 660
920 252
921 517
921 246
921 330
922 468
922 431
922 374
923 290
923 61
923 29
924 512
924 69
924 82
925 368
925 158
925 256
926 464
926 11
926 618
927 777
927 842
927 101
927 969
928 477
928 9
928 256
929 48
929 194
929 590
930 78
930 4
930 738
931 804
931 718
931 851
932 520
932 590
932 380
933 151
933 189
933 138
933 951
934 385
934 846
934 542
934 991
935 556
935 718
935 166
936 275
936 813
936 821
937 100
937 63
937 687
938 226
938 530
938 600
939 355
939 436
939 89
940 666
940 398
940 480
941 492
941 215
941 335
942 332
942 426
942 116
942 966
943 298
943 469
943 118
944 372
944 861
944 418
945 324
945 224
945 699
946 19
946 860
946 845
947 697
947 711
947 110
948 5
948 294
948 290
949 555
949 709
949 743
950 136
950 150
950 814
951 933
951 591
951 199
952 210
952 57
952 278
953 600
953 78
953 568
954 544
954 478
954 568
955 708
955 538
955 94
956 910
956 526
956 536
957 81
957 435
957 579
958 528
958 664
958 588
959 78
959 600
959 447
960 376
960 542
960 414
961 296
961 609
961 469
962 176
962 316
962 78
963 864
963 14
963 917
964 110
964 4
964 686
965 531
965 289
965 127
966 942
966 272
966 253
967 634
967 196
967 593
968 464
968 524
968 724
969 927
969 910
969 48
970 46
970 207
970 369
971 308
971 716
971 126
972 485
972 427
972 337
973 248
973 744
973 130
974 853
974 410
974 664
975 110
975 64
975 385
975 982
976 590
976 147
976 440
977 57
977 330
977 176
978 255
978 467
978 385
979 492
979 425
979 167
980 212
980 526
980 10
981 458
981 443
981 643
982 91
982 975
982 856
983 565
983 394
983 321
984 404
984 83
984 468
985 611
985 310
985 75
986 769
986 608
986 785
987 170
987 245
987 70
988 412
988 142
988 79
989 329
989 763
989 464
990 154
990 523
990 348
991 82
991 934
991 814
992 205
992 197
992 186
993 482
993 326
993 467
994 354
994 500
994 295
995 639
995 284
995 612
996 215
996 548
996 165
997 462
997 17
997 141
998 190
998 461
998 300
999 631
999 470
999 411
