0 1
1 0
2 1
2 0
3 0
3 1
3 2
4 2
4 1
4 0
5 0
5 1
5 2
6 4
6 2
6 0
7 2
7 0
7 3
8 7
8 3
8 2
9 1
9 2
9 3
10 2
10 1
10 3
11 2
11 0
11 5
12 0
12 2
12 8
13 3
13 4
13 1
14 1
14 3
14 0
15 0
15 2
15 1
16 7
16 0
16 10
17 11
17 1
17 2
18 14
18 15
18 7
19 16
19 8
19 6
20 1
20 5
20 2
21 7
21 8
21 2
22 3
22 21
22 7
23 18
23 15
23 0
24 7
24 2
24 3
25 1
25 16
25 4
26 2
26 8
26 1
27 8
27 0
27 6
28 1
28 3
28 5
29 28
29 11
29 7
30 8
30 26
30 25
31 4
31 20
31 2
32 16
32 5
32 2
33 24
33 0
33 23
34 4
34 21
34 20
35 2
35 3
35 0
36 2
36 15
36 11
37 7
37 9
37 21
38 12
38 2
38 11
39 11
39 30
39 1
40 20
40 30
40 35
41 26
41 1
41 25
42 2
42 11
42 34
43 24
43 8
43 7
44 39
44 18
44 22
45 30
45 32
45 1
46 15
46 21
46 7
47 11
47 16
47 2
48 21
48 36
48 42
49 28
49 13
49 36
50 11
50 2
50 45
51 27
51 26
51 3
52 10
52 42
52 15
53 9
53 1
53 8
54 48
54 35
54 43
55 3
55 1
55 16
56 44
56 5
56 50
57 27
57 11
57 46
58 6
58 36
58 0
59 23
59 36
59 56
60 7
60 3
60 24
61 46
61 4
61 6
62 3
62 19
62 2
63 39
63 3
63 2
64 11
64 4
64 46
65 7
65 6
65 21
66 46
66 0
66 59
67 13
67 50
67 23
68 20
68 4
68 53
69 15
69 1
69 34
70 47
70 36
70 5
71 54
71 48
71 0
72 11
72 0
72 33
73 11
73 3
73 0
74 7
74 1
74 11
75 2
75 35
75 27
76 68
76 15
76 5
77 36
77 26
77 8
78 0
78 6
78 2
79 4
79 21
79 14
80 25
80 29
80 76
81 2
81 53
81 59
82 79
82 60
82 9
83 70
83 2
83 36
84 15
84 77
84 2
85 26
85 81
85 13
86 15
86 83
86 48
87 29
87 60
87 46
88 0
88 1
88 21
89 21
89 49
89 50
90 4
90 60
90 44
91 72
91 50
91 20
92 15
92 55
92 1
93 38
93 3
93 13
94 13
94 16
94 61
95 16
95 15
95 26
96 7
96 4
96 15
97 1
97 23
97 15
98 27
98 2
98 36
99 18
99 72
99 95
