0 1
0 2
0 3
0 4
0 6
0 7
0 8
0 9
0 11
0 12
0 19
0 25
0 31
0 47
1 0
1 2
1 3
1 8
1 9
1 15
1 18
1 37
1 45
2 1
2 0
2 3
2 4
2 5
2 6
2 10
2 13
2 15
2 16
2 17
2 20
2 32
2 48
3 0
3 1
3 2
3 4
3 5
3 14
3 27
3 36
3 40
3 44
4 3
4 2
4 0
4 5
4 12
4 24
4 26
4 31
4 34
4 47
5 3
5 4
5 2
5 6
5 7
5 18
5 25
5 26
5 37
6 5
6 2
6 0
6 7
6 8
6 9
6 11
6 16
6 17
6 40
6 49
7 5
7 6
7 0
7 10
7 19
8 0
8 6
8 1
8 10
9 0
9 6
9 1
9 11
9 12
9 13
9 14
9 15
9 17
9 19
9 21
9 23
9 24
9 26
9 34
9 36
9 40
9 44
10 2
10 8
10 7
10 14
10 20
10 21
10 23
10 27
10 35
11 0
11 9
11 6
11 37
12 0
12 4
12 9
12 13
12 22
12 39
12 41
13 2
13 9
13 12
13 21
13 28
13 33
13 46
13 48
14 9
14 3
14 10
14 16
14 22
14 29
14 35
14 42
14 43
14 44
15 9
15 1
15 2
16 6
16 2
16 14
16 20
16 24
16 27
16 28
16 41
17 2
17 9
17 6
17 18
17 29
17 32
17 33
18 5
18 17
18 1
18 22
19 0
19 9
19 7
19 30
20 2
20 16
20 10
20 28
20 41
20 47
21 13
21 10
21 9
21 23
21 25
22 14
22 18
22 12
22 30
23 9
23 21
23 10
23 33
24 4
24 16
24 9
24 43
25 0
25 5
25 21
25 38
26 4
26 5
26 9
26 29
27 16
27 10
27 3
27 30
27 49
28 20
28 16
28 13
28 42
29 26
29 14
29 17
29 31
29 45
30 27
30 22
30 19
30 38
30 48
31 4
31 0
31 29
31 32
31 49
32 17
32 31
32 2
32 35
32 39
32 43
33 23
33 13
33 17
33 34
33 36
33 42
33 45
34 33
34 9
34 4
35 32
35 14
35 10
36 33
36 9
36 3
36 38
37 5
37 1
37 11
37 46
38 36
38 30
38 25
38 39
39 32
39 38
39 12
40 9
40 3
40 6
41 20
41 16
41 12
42 33
42 28
42 14
43 24
43 14
43 32
44 14
44 3
44 9
44 46
45 33
45 1
45 29
46 44
46 13
46 37
47 20
47 4
47 0
48 2
48 30
48 13
49 27
49 6
49 31
