0 1
1 0
2 0
2 1
3 0
3 1
3 2
4 1
4 0
4 2
5 2
5 0
5 3
6 0
6 1
6 5
7 0
7 3
7 1
8 7
8 5
8 1
9 2
9 0
9 1
10 5
10 7
10 0
11 5
11 1
11 0
12 2
12 1
12 6
13 0
13 9
13 3
14 8
14 13
14 0
15 1
15 13
15 7
16 0
16 5
16 3
17 1
17 3
17 0
18 12
18 1
18 5
19 15
19 4
19 18
20 0
20 15
20 5
21 1
21 20
21 18
22 6
22 0
22 21
23 9
23 2
23 22
24 1
24 3
24 5
25 0
25 8
25 3
26 7
26 13
26 19
27 24
27 17
27 20
28 1
28 2
28 3
29 1
29 0
29 15
30 6
30 13
30 5
31 5
31 0
31 4
32 5
32 23
32 0
33 0
33 27
33 20
34 12
34 10
34 25
35 20
35 25
35 13
36 0
36 6
36 13
37 25
37 8
37 20
38 19
38 4
38 5
39 13
39 10
39 1
40 35
40 1
40 5
41 35
41 15
41 0
42 36
42 7
42 5
43 13
43 1
43 27
44 36
44 4
44 0
45 30
45 0
45 12
46 13
46 33
46 6
47 5
47 2
47 16
48 43
48 27
48 30
49 19
49 0
49 20
50 5
50 16
50 12
51 0
51 44
51 6
52 5
52 4
52 24
53 4
53 17
53 3
54 32
54 3
54 14
55 6
55 47
55 52
56 13
56 53
56 35
57 27
57 1
57 13
58 0
58 20
58 34
59 47
59 20
59 43
60 55
60 0
60 13
61 0
61 7
61 50
62 30
62 22
62 4
63 46
63 51
63 2
64 6
64 0
64 13
65 59
65 0
65 42
66 1
66 13
66 42
67 0
67 1
67 13
68 19
68 56
68 23
69 59
69 14
69 42
70 19
70 69
70 48
71 28
71 1
71 13
72 42
72 27
72 25
73 21
73 42
73 51
74 9
74 18
74 6
75 0
75 29
75 15
76 5
76 35
76 75
77 17
77 13
77 36
78 0
78 51
78 2
79 15
79 78
79 14
80 57
80 2
80 25
81 14
81 32
81 13
82 50
82 0
82 1
83 3
83 56
83 50
84 3
84 81
84 2
85 0
85 40
85 56
86 27
86 47
86 13
87 35
87 31
87 9
88 42
88 13
88 5
89 5
89 84
89 17
90 5
90 23
90 1
91 73
91 1
91 50
92 50
92 29
92 0
93 25
93 70
93 33
94 43
94 42
94 11
95 0
95 1
95 50
96 93
96 14
96 16
97 33
97 68
97 52
98 32
98 29
98 51
99 36
99 52
99 24
