0 1
0 2
0 3
0 4
0 5
0 9
0 11
0 16
0 53
0 54
0 76
1 0
1 2
1 3
1 4
1 7
1 9
1 10
1 12
1 13
1 14
1 16
2 1
2 0
2 3
2 5
2 7
2 15
2 19
2 20
2 23
2 33
2 36
3 1
3 0
3 2
3 4
3 5
3 6
3 10
3 13
3 15
3 19
3 25
4 1
4 0
4 3
4 6
4 7
4 8
4 14
4 17
4 44
4 49
5 2
5 0
5 3
5 6
5 8
5 11
5 17
5 18
5 22
5 24
5 71
6 3
6 4
6 5
6 8
6 11
6 13
6 15
6 20
6 23
6 24
6 25
7 4
7 1
7 2
7 10
7 12
7 51
7 94
8 5
8 4
8 6
8 9
8 21
8 22
8 34
8 49
8 51
9 1
9 8
9 0
9 21
9 23
9 26
9 30
9 40
9 50
9 96
10 3
10 7
10 1
10 12
10 28
10 38
10 43
10 58
10 65
10 74
11 6
11 0
11 5
11 20
11 40
11 58
11 62
11 68
11 77
11 95
11 98
12 10
12 7
12 1
12 14
12 17
12 39
12 66
12 67
12 79
12 80
12 81
13 3
13 6
13 1
13 18
13 21
13 48
13 52
13 77
13 80
14 1
14 12
14 4
14 16
14 19
14 26
14 29
14 39
14 40
14 46
14 50
15 3
15 2
15 6
15 25
15 27
15 34
15 54
15 75
15 96
16 0
16 14
16 1
16 22
16 27
16 32
16 55
16 88
17 5
17 12
17 4
17 24
17 37
17 82
18 5
18 1
18 13
18 28
18 29
18 31
18 32
18 41
18 44
18 49
18 58
19 3
19 14
19 2
19 30
19 43
19 52
19 82
20 11
20 6
20 2
20 27
20 55
20 75
21 9
21 13
21 8
21 36
21 48
21 62
22 8
22 16
22 5
22 35
22 47
22 72
22 92
23 6
23 9
23 2
23 31
23 33
23 39
23 51
23 61
23 87
23 95
24 17
24 5
24 6
24 28
24 53
24 63
24 94
25 6
25 3
25 15
25 44
25 54
25 64
26 1
26 9
26 14
26 33
26 61
26 76
26 92
27 15
27 16
27 20
27 35
27 46
27 52
27 60
27 63
27 71
27 73
27 81
28 18
28 24
28 10
28 30
28 84
28 86
29 3
29 18
29 14
29 37
30 9
30 19
30 28
30 57
31 23
31 1
31 18
31 32
31 85
32 31
32 18
32 16
32 36
32 38
32 56
32 59
32 77
32 78
32 80
33 26
33 2
33 23
34 3
34 15
34 8
34 41
34 42
34 47
35 27
35 3
35 22
35 81
36 21
36 2
36 32
36 48
36 63
36 65
36 79
37 1
37 17
37 29
38 10
38 1
38 32
38 42
38 45
38 64
38 69
38 74
39 12
39 14
39 23
39 67
39 92
39 97
40 9
40 11
40 14
40 41
40 50
40 70
40 97
41 18
41 40
41 34
41 57
42 34
42 3
42 38
42 99
43 19
43 2
43 10
43 53
43 68
44 18
44 25
44 4
44 66
44 70
44 73
45 6
45 3
45 38
46 14
46 27
46 6
46 47
46 73
47 46
47 34
47 22
47 59
48 36
48 21
48 13
48 56
48 74
49 18
49 4
49 8
49 60
49 61
50 40
50 14
50 9
51 8
51 23
51 7
51 72
52 13
52 19
52 27
53 0
53 24
53 43
54 25
54 0
54 15
54 62
55 20
55 16
55 3
55 57
55 91
56 32
56 3
56 48
57 30
57 55
57 41
58 10
58 11
58 18
58 59
58 76
59 47
59 32
59 58
59 64
59 78
59 99
60 27
60 49
60 1
61 49
61 26
61 23
61 79
61 90
62 11
62 21
62 54
62 90
63 36
63 27
63 24
63 99
64 25
64 38
64 59
65 6
65 10
65 36
66 2
66 44
66 12
66 90
66 93
67 39
67 2
67 12
67 70
67 86
68 11
68 3
68 43
69 2
69 1
69 38
69 98
70 44
70 40
70 67
70 84
70 94
71 27
71 5
71 2
72 51
72 14
72 22
73 46
73 44
73 27
73 84
73 91
74 38
74 10
74 48
75 2
75 15
75 20
76 26
76 0
76 58
76 83
76 88
77 13
77 11
77 32
77 82
77 83
77 97
78 32
78 59
78 6
79 61
79 36
79 12
80 12
80 13
80 32
81 12
81 35
81 27
81 91
82 17
82 19
82 77
82 87
82 93
83 77
83 27
83 76
84 28
84 73
84 70
84 96
85 14
85 31
85 3
85 86
86 28
86 67
86 85
87 82
87 23
87 3
88 16
88 3
88 76
89 12
89 6
89 0
90 62
90 61
90 66
91 73
91 55
91 81
92 39
92 26
92 22
93 3
93 66
93 82
94 7
94 24
94 70
95 11
95 6
95 23
96 9
96 84
96 15
97 39
97 77
97 40
98 11
98 69
98 3
99 59
99 42
99 63
