0 1
0 2
0 3
1 0
1 2
1 3
2 1
2 0
2 3
3 0
3 2
3 1
4 2
4 3
4 0
5 3
5 1
5 0
6 2
6 1
6 3
7 4
7 2
7 1
8 3
8 6
8 7
9 2
9 7
9 1
10 8
10 3
10 2
11 7
11 1
11 2
12 0
12 4
12 9
13 2
13 1
13 7
14 7
14 0
14 1
15 12
15 9
15 8
16 2
16 1
16 5
17 16
17 2
17 0
18 12
18 10
18 0
19 1
19 18
19 0
20 6
20 3
20 8
21 1
21 9
21 18
22 20
22 3
22 6
23 1
23 14
23 21
24 3
24 10
24 2
25 2
25 0
25 1
26 24
26 9
26 6
27 0
27 3
27 20
28 7
28 27
28 24
29 3
29 14
29 7
30 27
30 7
30 2
31 21
31 9
31 11
32 1
32 4
32 0
33 2
33 18
33 11
34 7
34 20
34 2
35 33
35 3
35 27
36 6
36 26
36 14
37 7
37 4
37 9
38 14
38 36
38 2
39 1
39 0
39 7
40 6
40 36
40 14
41 24
41 25
41 2
42 9
42 7
42 30
43 35
43 21
43 38
44 20
44 6
44 43
45 21
45 32
45 37
46 2
46 39
46 18
47 22
47 7
47 21
48 27
48 7
48 21
49 2
49 18
49 1
