0 1
0 2
0 3
0 4
0 5
0 8
0 11
0 15
0 16
0 40
0 59
1 0
1 2
1 3
1 4
1 5
1 6
1 7
1 9
1 14
1 18
1 22
2 0
2 1
2 3
2 7
2 64
2 66
2 71
2 72
3 0
3 2
3 1
3 4
3 5
3 6
3 7
3 8
3 10
3 11
3 12
4 0
4 3
4 1
4 6
4 8
4 9
4 20
4 30
4 33
4 35
4 41
5 3
5 0
5 1
5 18
5 22
5 39
5 53
6 1
6 4
6 3
6 10
6 11
6 15
6 16
6 17
6 20
6 32
6 42
7 2
7 1
7 3
7 9
7 27
7 40
7 63
8 0
8 4
8 3
8 10
8 13
8 24
8 44
8 62
8 70
8 78
9 4
9 7
9 1
9 12
9 13
9 18
9 21
9 26
9 28
9 39
9 51
10 3
10 6
10 8
10 12
10 14
10 33
10 43
10 48
10 50
10 52
10 71
11 0
11 3
11 6
11 19
11 35
11 42
11 56
11 74
11 90
11 92
12 10
12 9
12 3
12 15
12 17
12 21
12 30
12 36
12 46
12 83
13 8
13 9
13 3
13 19
13 23
13 24
13 38
13 42
13 77
14 1
14 10
14 3
14 21
14 37
14 47
14 69
14 81
14 95
15 6
15 0
15 12
15 32
15 94
16 0
16 6
16 3
16 17
16 36
16 45
16 67
16 76
17 16
17 6
17 12
17 43
17 48
18 5
18 9
18 1
18 19
18 20
18 24
18 29
18 55
18 70
18 83
19 11
19 13
19 18
19 29
19 55
19 59
19 65
19 68
19 98
20 18
20 6
20 4
20 49
20 53
20 62
20 69
21 12
21 14
21 9
21 22
21 27
21 29
21 37
21 51
21 62
21 88
22 5
22 1
22 21
22 25
22 28
22 31
22 34
22 99
23 1
23 13
23 3
23 26
23 44
23 60
24 8
24 18
24 13
24 25
24 26
24 28
24 33
24 54
24 77
24 81
25 1
25 22
25 24
25 48
25 50
25 57
25 76
26 24
26 9
26 23
26 32
26 74
27 3
27 21
27 7
27 38
27 41
27 45
27 85
28 22
28 9
28 24
28 38
28 57
29 19
29 21
29 18
29 49
30 4
30 1
30 12
30 44
31 22
31 3
31 1
31 53
31 73
31 84
31 87
32 6
32 26
32 15
32 40
32 46
32 60
32 65
32 68
32 69
32 79
32 86
33 24
33 10
33 4
33 52
33 56
33 84
34 22
34 3
34 1
35 4
35 3
35 11
35 46
35 50
35 61
36 12
36 3
36 16
36 37
36 78
36 79
36 88
36 97
37 36
37 21
37 14
37 97
38 13
38 28
38 27
38 43
38 58
39 5
39 1
39 9
39 61
40 32
40 0
40 7
40 47
40 49
40 54
40 80
41 3
41 27
41 4
41 72
42 13
42 6
42 11
43 10
43 17
43 38
43 45
44 8
44 23
44 30
44 86
44 89
45 16
45 43
45 27
45 97
46 35
46 32
46 12
46 56
46 80
46 98
47 14
47 4
47 40
47 51
48 25
48 10
48 17
49 40
49 20
49 29
49 52
49 58
49 59
49 90
50 25
50 10
50 35
50 64
51 21
51 47
51 9
51 54
51 73
51 79
51 82
52 33
52 10
52 49
53 5
53 20
53 31
54 24
54 40
54 51
54 67
54 81
54 87
54 94
55 9
55 19
55 18
56 11
56 33
56 46
56 58
56 99
57 28
57 25
57 1
57 65
57 77
57 78
57 84
58 38
58 56
58 49
58 71
59 0
59 19
59 49
60 23
60 32
60 1
60 83
61 39
61 3
61 35
61 88
61 95
62 8
62 20
62 21
62 63
62 91
63 7
63 1
63 62
63 72
63 96
64 50
64 2
64 3
65 32
65 57
65 19
65 75
66 2
66 1
66 6
67 16
67 3
67 54
68 19
68 32
68 9
68 82
69 32
69 20
69 14
70 3
70 18
70 8
70 98
71 2
71 58
71 10
72 63
72 2
72 41
72 76
72 92
73 1
73 31
73 51
74 10
74 11
74 26
74 89
74 93
75 4
75 65
75 3
76 72
76 16
76 25
77 57
77 13
77 24
77 99
78 36
78 57
78 8
78 82
79 36
79 51
79 32
79 89
80 10
80 46
80 40
80 91
80 96
81 14
81 24
81 54
82 51
82 68
82 78
83 60
83 12
83 18
84 31
84 33
84 57
84 85
84 96
85 3
85 84
85 27
86 32
86 10
86 44
86 87
87 86
87 54
87 31
88 61
88 36
88 21
89 44
89 74
89 79
90 49
90 11
90 3
91 9
91 62
91 80
92 72
92 0
92 11
93 0
93 3
93 74
94 3
94 54
94 15
95 14
95 61
95 32
96 80
96 63
96 84
97 37
97 45
97 36
98 46
98 19
98 70
99 22
99 77
99 56
