0 1
0 2
1 0
1 2
2 0
2 1
3 1
3 2
3 0
4 0
4 1
4 3
5 0
5 4
5 2
6 0
6 2
6 5
7 0
7 6
7 5
8 0
8 6
8 2
9 0
9 1
9 5
10 1
10 6
10 5
11 6
11 1
11 9
12 1
12 7
12 0
13 11
13 2
13 1
14 2
14 5
14 3
15 1
15 7
15 10
16 14
16 10
16 3
17 8
17 14
17 1
18 15
18 9
18 1
19 6
19 0
19 9
20 3
20 13
20 1
21 0
21 14
21 2
22 16
22 2
22 19
23 18
23 6
23 13
24 3
24 0
24 15
25 0
25 1
25 14
26 16
26 13
26 0
27 17
27 0
27 21
28 0
28 17
28 9
29 18
29 17
29 6
30 9
30 23
30 5
31 14
31 2
31 23
32 31
32 2
32 3
33 3
33 10
33 5
34 1
34 0
34 27
35 19
35 0
35 31
36 14
36 1
36 0
37 11
37 22
37 6
38 5
38 37
38 2
39 3
39 0
39 1
40 14
40 0
40 21
41 13
41 0
41 4
42 0
42 2
42 27
43 40
43 34
43 14
44 0
44 28
44 9
45 40
45 4
45 17
46 28
46 6
46 14
47 1
47 23
47 3
48 10
48 37
48 18
49 22
49 7
49 39
50 2
50 44
50 1
51 16
51 3
51 11
52 0
52 23
52 37
53 16
53 0
53 23
54 19
54 25
54 1
55 38
55 0
55 1
56 13
56 49
56 25
57 0
57 15
57 13
58 2
58 5
58 8
59 32
59 22
59 3
60 7
60 3
60 1
61 32
61 11
61 0
62 0
62 22
62 51
63 53
63 3
63 29
64 62
64 7
64 27
65 14
65 3
65 23
66 6
66 36
66 32
67 1
67 45
67 48
68 46
68 5
68 1
69 2
69 16
69 0
70 49
70 1
70 17
71 1
71 37
71 5
72 6
72 18
72 27
73 0
73 56
73 31
74 67
74 16
74 4
75 1
75 21
75 72
76 11
76 0
76 41
77 2
77 73
77 14
78 17
78 27
78 68
79 1
79 61
79 0
80 45
80 29
80 40
81 71
81 67
81 65
82 1
82 9
82 0
83 3
83 11
83 1
84 73
84 82
84 9
85 7
85 1
85 81
86 10
86 58
86 1
87 6
87 56
87 39
88 66
88 3
88 39
89 26
89 82
89 2
90 18
90 7
90 0
91 2
91 3
91 1
92 58
92 6
92 27
93 35
93 20
93 15
94 66
94 31
94 13
95 62
95 14
95 65
96 20
96 61
96 13
97 14
97 77
97 3
98 58
98 57
98 16
99 3
99 35
99 82
