0 1
1 0
2 0
2 1
3 1
3 2
3 0
4 0
4 1
4 2
5 1
5 0
5 3
6 0
6 5
6 3
7 5
7 2
7 4
8 0
8 1
8 2
9 8
9 7
9 4
10 4
10 8
10 6
11 3
11 0
11 7
12 0
12 5
12 3
13 8
13 12
13 3
14 9
14 2
14 0
15 7
15 6
15 12
16 13
16 1
16 7
17 5
17 4
17 9
18 3
18 7
18 0
19 12
19 18
19 6
20 4
20 12
20 3
21 14
21 8
21 5
22 4
22 1
22 2
23 4
23 5
23 6
24 7
24 4
24 6
25 8
25 23
25 1
26 12
26 7
26 10
27 3
27 4
27 0
28 11
28 7
28 14
29 1
29 3
29 6
30 27
30 9
30 3
31 12
31 2
31 28
32 20
32 9
32 0
33 5
33 26
33 3
34 14
34 5
34 12
35 3
35 6
35 14
36 0
36 6
36 9
37 7
37 12
37 0
38 9
38 7
38 19
39 5
39 3
39 19
40 14
40 9
40 10
41 28
41 36
41 24
42 14
42 32
42 12
43 8
43 31
43 6
44 8
44 6
44 34
45 12
45 5
45 8
46 7
46 25
46 11
47 0
47 33
47 3
48 27
48 9
48 42
49 4
49 28
49 47
50 0
50 11
50 26
51 38
51 46
51 6
52 44
52 0
52 50
53 30
53 39
53 12
54 7
54 45
54 21
55 0
55 14
55 8
56 3
56 42
56 13
57 40
57 15
57 43
58 4
58 3
58 43
59 49
59 36
59 7
60 6
60 42
60 12
61 5
61 9
61 47
62 35
62 9
62 5
63 3
63 33
63 36
64 5
64 6
64 24
65 11
65 46
65 12
66 50
66 25
66 13
67 33
67 11
67 16
68 9
68 18
68 46
69 12
69 40
69 2
70 64
70 6
70 37
71 56
71 40
71 27
72 4
72 3
72 5
73 12
73 8
73 55
74 14
74 55
74 40
75 50
75 4
75 23
76 35
76 4
76 43
77 8
77 53
77 70
78 25
78 14
78 40
79 40
79 49
79 70
80 64
80 2
80 3
81 0
81 12
81 26
82 35
82 40
82 6
83 52
83 2
83 43
84 50
84 70
84 33
85 60
85 21
85 0
86 82
86 66
86 30
87 1
87 35
87 49
88 85
88 30
88 61
89 78
89 6
89 23
90 35
90 82
90 48
91 69
91 51
91 66
92 5
92 89
92 41
93 49
93 77
93 8
94 2
94 88
94 46
95 83
95 2
95 10
96 77
96 26
96 47
97 29
97 68
97 96
98 88
98 80
98 49
99 36
99 5
99 85
100 70
100 2
100 23
101 12
101 72
101 30
102 38
102 4
102 5
103 37
103 87
103 72
104 59
104 33
104 21
105 22
105 100
105 94
106 66
106 3
106 37
107 85
107 46
107 4
108 2
108 5
108 33
109 94
109 95
109 7
110 99
110 2
110 105
111 35
111 22
111 45
112 86
112 4
112 2
113 10
113 89
113 0
114 33
114 87
114 76
115 70
115 36
115 1
116 33
116 39
116 7
117 40
117 16
117 18
118 0
118 48
118 52
119 114
119 96
119 49
120 4
120 15
120 0
121 32
121 56
121 33
122 2
122 59
122 30
123 35
123 28
123 30
124 6
124 49
124 56
125 51
125 7
125 6
126 47
126 80
126 70
127 71
127 72
127 0
128 85
128 20
128 55
129 49
129 123
129 113
130 97
130 26
130 124
131 119
131 6
131 4
132 10
132 72
132 0
133 14
133 76
133 61
134 3
134 103
134 30
135 39
135 14
135 2
136 31
136 4
136 46
137 46
137 80
137 122
138 0
138 128
138 9
139 128
139 11
139 52
140 88
140 35
140 59
141 115
141 87
141 85
142 58
142 4
142 38
143 137
143 83
143 7
144 1
144 126
144 104
145 121
145 7
145 17
146 65
146 125
146 145
147 72
147 70
147 16
148 46
148 14
148 94
149 83
149 36
149 114
150 3
150 6
150 71
151 3
151 40
151 15
152 45
152 103
152 21
153 126
153 4
153 6
154 146
154 12
154 7
155 7
155 37
155 4
156 2
156 91
156 78
157 38
157 80
157 137
158 52
158 149
158 137
159 27
159 154
159 138
160 1
160 51
160 9
161 126
161 33
161 56
162 89
162 83
162 59
163 5
163 98
163 0
164 37
164 1
164 71
165 94
165 24
165 0
166 9
166 3
166 7
167 5
167 144
167 41
168 52
168 59
168 111
169 7
169 10
169 80
170 3
170 0
170 33
171 64
171 50
171 6
172 18
172 85
172 71
173 154
173 9
173 104
174 109
174 0
174 52
175 3
175 146
175 125
176 63
176 15
176 100
177 19
177 5
177 30
178 30
178 74
178 143
179 74
179 59
179 2
180 12
180 6
180 179
181 84
181 179
181 85
182 115
182 0
182 46
183 77
183 0
183 13
184 181
184 60
184 58
185 6
185 11
185 90
186 6
186 148
186 5
187 40
187 58
187 33
188 123
188 59
188 26
189 42
189 159
189 49
190 9
190 8
190 187
191 11
191 2
191 12
192 36
192 52
192 157
193 118
193 4
193 35
194 9
194 21
194 38
195 18
195 94
195 115
196 16
196 24
196 95
197 30
197 89
197 18
198 41
198 115
198 148
199 4
199 90
199 133
200 3
200 110
200 61
201 12
201 0
201 89
202 162
202 84
202 9
203 192
203 32
203 198
204 46
204 121
204 195
205 13
205 103
205 123
206 130
206 93
206 5
207 76
207 155
207 162
208 24
208 151
208 49
209 51
209 5
209 130
210 65
210 22
210 7
211 181
211 200
211 4
212 9
212 43
212 130
213 163
213 20
213 60
214 187
214 209
214 178
215 3
215 64
215 106
216 85
216 95
216 149
217 1
217 114
217 83
218 13
218 123
218 83
219 40
219 3
219 52
220 59
220 6
220 218
221 18
221 102
221 125
222 173
222 94
222 125
223 121
223 209
223 2
224 94
224 134
224 188
225 27
225 187
225 125
226 3
226 176
226 114
227 70
227 18
227 13
228 6
228 7
228 137
229 127
229 217
229 176
230 46
230 22
230 35
231 51
231 94
231 74
232 146
232 107
232 2
233 114
233 175
233 7
234 9
234 11
234 61
235 173
235 230
235 25
236 115
236 153
236 149
237 33
237 18
237 235
238 54
238 26
238 231
239 162
239 6
239 20
240 6
240 67
240 13
241 110
241 0
241 118
242 4
242 13
242 213
243 25
243 61
243 152
244 35
244 135
244 217
245 85
245 145
245 65
246 59
246 30
246 3
247 76
247 85
247 9
248 25
248 12
248 52
249 4
249 11
249 0
250 22
250 13
250 150
251 138
251 14
251 180
252 248
252 241
252 159
253 138
253 145
253 36
254 187
254 146
254 50
255 231
255 22
255 21
256 66
256 52
256 3
257 199
257 89
257 183
258 190
258 57
258 4
259 46
259 22
259 6
260 97
260 252
260 47
261 18
261 30
261 141
262 174
262 180
262 16
263 36
263 176
263 33
264 40
264 62
264 173
265 96
265 58
265 162
266 70
266 64
266 255
267 221
267 208
267 20
268 143
268 9
268 204
269 268
269 160
269 26
270 10
270 245
270 63
271 0
271 179
271 10
272 55
272 82
272 251
273 196
273 30
273 209
274 247
274 3
274 252
275 236
275 155
275 240
276 91
276 46
276 47
277 81
277 217
277 40
278 180
278 33
278 27
279 61
279 117
279 115
280 248
280 175
280 32
281 242
281 103
281 9
282 278
282 176
282 10
283 0
283 124
283 11
284 6
284 2
284 92
285 67
285 113
285 243
286 20
286 26
286 7
287 128
287 48
287 59
288 7
288 17
288 26
289 94
289 1
289 97
290 124
290 78
290 0
291 55
291 4
291 96
292 181
292 189
292 288
293 13
293 110
293 4
294 116
294 137
294 26
295 143
295 146
295 47
296 13
296 51
296 62
297 33
297 47
297 18
298 214
298 44
298 169
299 5
299 222
299 40
300 33
300 21
300 193
301 66
301 210
301 243
302 1
302 234
302 223
303 159
303 260
303 224
304 241
304 13
304 6
305 152
305 1
305 7
306 95
306 22
306 5
307 228
307 11
307 206
308 92
308 156
308 71
309 82
309 4
309 33
310 28
310 125
310 255
311 1
311 147
311 173
312 266
312 6
312 4
313 195
313 73
313 61
314 32
314 275
314 146
315 221
315 199
315 115
316 243
316 79
316 212
317 16
317 88
317 102
318 52
318 35
318 6
319 221
319 80
319 149
320 198
320 4
320 112
321 295
321 33
321 198
322 63
322 12
322 37
323 199
323 92
323 154
324 9
324 112
324 305
325 59
325 204
325 120
326 12
326 5
326 6
327 166
327 86
327 254
328 9
328 40
328 233
329 48
329 96
329 4
330 42
330 83
330 17
331 123
331 212
331 329
332 52
332 102
332 126
333 4
333 296
333 8
334 9
334 190
334 236
335 300
335 85
335 31
336 124
336 24
336 90
337 28
337 30
337 130
338 74
338 0
338 278
339 54
339 211
339 11
340 92
340 3
340 307
341 223
341 159
341 27
342 0
342 251
342 4
343 173
343 18
343 332
344 268
344 238
344 97
345 2
345 58
345 72
346 201
346 9
346 220
347 228
347 13
347 92
348 89
348 221
348 18
349 47
349 204
349 253
350 45
350 262
350 135
351 9
351 47
351 2
352 241
352 326
352 96
353 87
353 0
353 50
354 177
354 78
354 330
355 83
355 30
355 148
356 30
356 63
356 95
357 115
357 289
357 3
358 208
358 61
358 106
359 28
359 197
359 88
360 298
360 0
360 51
361 88
361 242
361 1
362 343
362 139
362 219
363 35
363 330
363 208
364 1
364 251
364 2
365 8
365 45
365 4
366 283
366 155
366 312
367 46
367 1
367 2
368 152
368 212
368 59
369 177
369 234
369 85
370 138
370 141
370 6
371 282
371 148
371 201
372 290
372 68
372 16
373 83
373 38
373 129
374 277
374 243
374 197
375 7
375 18
375 221
376 237
376 159
376 5
377 231
377 234
377 0
378 14
378 230
378 45
379 243
379 7
379 268
380 101
380 3
380 115
381 251
381 83
381 320
382 216
382 24
382 0
383 20
383 38
383 238
384 313
384 143
384 119
385 0
385 298
385 43
386 247
386 179
386 254
387 373
387 289
387 227
388 196
388 287
388 28
389 14
389 26
389 80
390 161
390 63
390 9
391 148
391 130
391 125
392 43
392 318
392 171
393 0
393 154
393 8
394 144
394 165
394 225
395 323
395 156
395 1
396 12
396 171
396 108
397 148
397 219
397 209
398 172
398 64
398 247
399 302
399 261
399 234
400 59
400 68
400 290
401 201
401 12
401 0
402 47
402 12
402 149
403 218
403 46
403 234
404 8
404 2
404 95
405 67
405 226
405 51
406 143
406 361
406 296
407 36
407 6
407 300
408 334
408 4
408 112
409 101
409 68
409 66
410 227
410 58
410 294
411 133
411 189
411 64
412 6
412 36
412 3
413 84
413 205
413 23
414 89
414 61
414 251
415 76
415 113
415 12
416 146
416 239
416 35
417 11
417 151
417 409
418 30
418 117
418 33
419 43
419 394
419 89
420 47
420 287
420 190
421 14
421 275
421 8
422 348
422 91
422 398
423 3
423 129
423 242
424 402
424 1
424 25
425 382
425 41
425 347
426 306
426 35
426 290
427 374
427 35
427 9
428 63
428 279
428 75
429 27
429 91
429 49
430 97
430 23
430 98
431 115
431 137
431 47
432 325
432 391
432 0
433 198
433 260
433 48
434 251
434 26
434 243
435 358
435 35
435 74
436 342
436 18
436 300
437 16
437 46
437 146
438 111
438 100
438 92
439 13
439 139
439 46
440 60
440 79
440 314
441 151
441 215
441 69
442 163
442 7
442 137
443 4
443 5
443 1
444 2
444 137
444 253
445 157
445 69
445 14
446 286
446 53
446 143
447 28
447 154
447 0
448 4
448 386
448 21
449 53
449 181
449 105
450 6
450 4
450 193
451 13
451 121
451 400
452 77
452 383
452 406
453 6
453 9
453 139
454 68
454 216
454 116
455 447
455 43
455 150
456 109
456 336
456 213
457 218
457 92
457 51
458 81
458 443
458 151
459 287
459 111
459 0
460 137
460 9
460 343
461 243
461 18
461 30
462 270
462 223
462 441
463 245
463 254
463 243
464 1
464 298
464 2
465 340
465 211
465 230
466 94
466 413
466 25
467 243
467 47
467 465
468 33
468 7
468 1
469 409
469 15
469 348
470 137
470 20
470 173
471 287
471 288
471 469
472 46
472 33
472 7
473 142
473 447
473 89
474 451
474 323
474 443
475 6
475 143
475 28
476 386
476 245
476 133
477 64
477 30
477 475
478 392
478 4
478 429
479 5
479 251
479 148
480 11
480 389
480 37
481 6
481 318
481 56
482 42
482 295
482 159
483 5
483 299
483 0
484 41
484 15
484 8
485 3
485 104
485 102
486 424
486 270
486 2
487 12
487 4
487 6
488 3
488 6
488 133
489 222
489 4
489 12
490 34
490 89
490 53
491 463
491 35
491 105
492 0
492 321
492 3
493 402
493 106
493 242
494 0
494 439
494 364
495 146
495 214
495 234
496 26
496 5
496 50
497 66
497 311
497 286
498 4
498 64
498 43
499 326
499 325
499 348
