0 1
0 2
0 3
0 5
0 6
0 7
0 8
1 0
1 2
1 3
1 4
1 5
1 6
1 7
2 0
2 1
2 3
2 4
2 9
2 16
2 17
3 0
3 1
3 2
3 4
3 5
3 6
3 9
4 1
4 3
4 2
4 11
4 15
4 24
4 25
5 3
5 1
5 0
5 7
5 8
5 10
5 16
6 1
6 0
6 3
6 8
6 15
6 19
6 24
7 0
7 5
7 1
7 9
7 10
7 12
7 13
8 6
8 0
8 5
8 18
8 22
8 23
8 45
9 7
9 2
9 3
9 14
9 21
9 26
9 33
10 1
10 5
10 7
10 32
10 36
11 3
11 0
11 4
11 41
12 7
12 1
12 0
12 34
12 47
13 0
13 3
13 7
13 18
13 26
13 47
14 7
14 3
14 9
14 15
14 21
14 30
14 33
15 14
15 4
15 6
15 22
15 28
16 3
16 2
16 5
16 25
16 48
17 7
17 0
17 2
17 28
17 30
17 42
18 7
18 8
18 13
18 39
18 48
18 49
19 0
19 7
19 6
19 21
19 31
20 2
20 0
20 5
21 14
21 9
21 19
21 26
21 31
21 35
21 49
22 15
22 0
22 8
22 24
22 28
23 8
23 1
23 2
23 35
23 36
23 43
24 6
24 4
24 22
24 45
25 4
25 2
25 16
25 29
25 37
26 21
26 13
26 9
26 34
27 0
27 1
27 2
28 22
28 17
28 15
28 31
28 38
28 46
29 25
29 1
29 4
30 14
30 6
30 17
30 32
31 19
31 21
31 28
31 40
32 10
32 3
32 30
32 39
32 44
33 14
33 9
33 5
33 37
34 26
34 12
34 6
34 36
34 39
35 21
35 23
35 1
35 37
36 23
36 10
36 34
36 38
36 41
37 33
37 25
37 35
37 43
38 36
38 2
38 28
39 18
39 32
39 34
40 31
40 6
40 9
41 11
41 6
41 36
42 6
42 17
42 3
43 7
43 37
43 23
44 3
44 9
44 32
45 5
45 8
45 24
45 49
46 7
46 28
46 3
46 48
47 12
47 13
47 2
48 16
48 18
48 46
49 18
49 21
49 45
