0 1
0 2
1 0
1 2
2 0
2 1
3 2
3 1
3 0
4 2
4 3
4 0
5 3
5 4
5 1
6 0
6 3
6 2
7 6
7 5
7 0
8 3
8 6
8 0
9 1
9 6
9 0
10 0
10 2
10 5
11 9
11 2
11 0
12 11
12 5
12 4
13 1
13 5
13 0
14 1
14 12
14 5
15 3
15 0
15 2
16 5
16 1
16 6
17 7
17 15
17 2
18 3
18 0
18 11
19 0
19 17
19 8
20 18
20 1
20 17
21 17
21 6
21 11
22 16
22 0
22 3
23 1
23 3
23 4
24 2
24 0
24 5
25 2
25 0
25 10
26 15
26 11
26 1
27 10
27 2
27 0
28 2
28 1
28 10
29 3
29 8
29 0
30 2
30 4
30 0
31 0
31 3
31 1
32 0
32 7
32 2
33 25
33 6
33 0
34 3
34 17
34 2
35 2
35 12
35 29
36 18
36 5
36 28
37 2
37 1
37 13
38 4
38 18
38 32
39 7
39 2
39 0
40 0
40 3
40 4
41 5
41 8
41 2
42 4
42 0
42 1
43 4
43 7
43 12
44 7
44 3
44 11
45 16
45 11
45 27
46 1
46 2
46 31
47 11
47 30
47 16
48 0
48 2
48 9
49 13
49 1
49 17
