0 1
1 0
2 0
2 1
3 2
3 0
3 1
4 1
4 3
4 2
5 2
5 3
5 0
6 1
6 3
6 0
7 0
7 3
7 5
8 5
8 6
8 1
9 0
9 2
9 5
10 3
10 7
10 0
11 1
11 0
11 9
12 7
12 0
12 5
13 11
13 3
13 0
14 1
14 9
14 7
15 2
15 9
15 1
16 1
16 14
16 0
17 0
17 9
17 5
18 0
18 6
18 16
19 3
19 7
19 17
20 11
20 9
20 19
21 0
21 12
21 11
22 3
22 1
22 0
23 8
23 9
23 5
24 13
24 11
24 2
25 9
25 1
25 10
26 14
26 5
26 19
27 24
27 1
27 18
28 19
28 8
28 15
29 11
29 0
29 17
30 9
30 11
30 26
31 0
31 24
31 28
32 13
32 23
32 11
33 6
33 27
33 28
34 0
34 2
34 5
35 3
35 0
35 23
36 15
36 0
36 6
37 19
37 0
37 32
38 10
38 1
38 0
39 8
39 3
39 0
40 16
40 7
40 29
41 10
41 24
41 5
42 15
42 10
42 9
43 7
43 1
43 9
44 7
44 26
44 29
45 11
45 8
45 13
46 15
46 19
46 0
47 30
47 28
47 23
48 25
48 17
48 28
49 42
49 26
49 0
