0 1
1 0
2 1
2 0
3 1
3 0
3 2
4 1
4 2
4 0
5 4
5 1
5 2
6 3
6 0
6 2
7 0
7 2
7 5
8 2
8 4
8 5
9 3
9 0
9 5
10 7
10 9
10 1
11 3
11 5
11 2
12 2
12 1
12 0
13 2
13 7
13 5
14 9
14 2
14 8
15 2
15 11
15 6
16 0
16 3
16 5
17 0
17 4
17 2
18 0
18 2
18 5
19 8
19 9
19 17
20 12
20 6
20 1
21 20
21 5
21 0
22 0
22 11
22 3
23 2
23 7
23 5
24 18
24 5
24 2
25 6
25 12
25 3
26 9
26 14
26 5
27 22
27 23
27 9
28 2
28 7
28 11
29 0
29 16
29 2
30 0
30 29
30 4
31 1
31 23
31 22
32 1
32 0
32 29
33 12
33 24
33 11
34 0
34 2
34 5
35 1
35 7
35 8
36 2
36 23
36 5
37 20
37 0
37 1
38 3
38 2
38 5
39 2
39 22
39 33
40 39
40 29
40 1
41 3
41 2
41 1
42 36
42 18
42 23
43 3
43 7
43 34
44 4
44 3
44 2
45 24
45 16
45 39
46 5
46 13
46 35
47 1
47 44
47 0
48 18
48 3
48 5
49 12
49 18
49 19
50 0
50 2
50 28
51 7
51 8
51 24
52 38
52 8
52 36
53 47
53 2
53 30
54 44
54 32
54 2
55 33
55 50
55 18
56 54
56 0
56 24
57 14
57 4
57 2
58 25
58 33
58 2
59 43
59 16
59 33
60 16
60 34
60 11
61 7
61 20
61 3
62 36
62 22
62 5
63 2
63 48
63 3
64 48
64 34
64 38
65 33
65 3
65 12
66 7
66 13
66 8
67 34
67 0
67 65
68 3
68 5
68 2
69 25
69 55
69 12
70 14
70 13
70 15
71 3
71 38
71 0
72 2
72 5
72 62
73 4
73 5
73 1
74 44
74 6
74 66
75 2
75 0
75 21
76 38
76 5
76 2
77 2
77 21
77 22
78 34
78 75
78 17
79 4
79 3
79 9
80 34
80 0
80 27
81 0
81 74
81 20
82 1
82 54
82 53
83 1
83 77
83 3
84 0
84 11
84 55
85 1
85 44
85 4
86 44
86 1
86 3
87 41
87 76
87 80
88 0
88 48
88 40
89 1
89 70
89 43
90 11
90 19
90 74
91 0
91 2
91 89
92 44
92 5
92 83
93 2
93 45
93 3
94 61
94 7
94 4
95 3
95 61
95 8
96 17
96 1
96 9
97 91
97 17
97 3
98 5
98 68
98 13
99 5
99 41
99 2
100 90
100 63
100 74
101 28
101 3
101 5
102 3
102 66
102 77
103 75
103 65
103 0
104 25
104 0
104 65
105 4
105 0
105 3
106 63
106 14
106 30
107 0
107 16
107 4
108 14
108 37
108 5
109 2
109 4
109 76
110 1
110 30
110 98
111 4
111 14
111 22
112 5
112 65
112 20
113 54
113 16
113 91
114 2
114 77
114 33
115 66
115 1
115 77
116 14
116 2
116 65
117 19
117 95
117 91
118 5
118 22
118 55
119 28
119 44
119 1
120 1
120 3
120 112
121 63
121 90
121 84
122 14
122 108
122 65
123 14
123 98
123 117
124 39
124 54
124 63
125 65
125 122
125 0
126 22
126 9
126 3
127 4
127 28
127 90
128 0
128 114
128 24
129 72
129 3
129 15
130 0
130 2
130 78
131 34
131 63
131 2
132 125
132 95
132 44
133 2
133 122
133 3
134 11
134 122
134 44
135 85
135 5
135 17
136 5
136 122
136 114
137 118
137 91
137 0
138 5
138 4
138 110
139 39
139 75
139 11
140 83
140 34
140 63
141 76
141 81
141 72
142 22
142 2
142 55
143 81
143 54
143 5
144 122
144 24
144 38
145 45
145 44
145 17
146 101
146 54
146 75
147 20
147 2
147 13
148 41
148 81
148 28
149 95
149 94
149 19
150 4
150 20
150 45
151 5
151 60
151 63
152 23
152 85
152 1
153 0
153 2
153 1
154 28
154 5
154 111
155 2
155 3
155 77
156 0
156 83
156 65
157 0
157 73
157 17
158 67
158 129
158 65
159 142
159 8
159 36
160 66
160 158
160 106
161 156
161 2
161 27
162 25
162 2
162 113
163 111
163 123
163 0
164 100
164 7
164 82
165 33
165 10
165 118
166 41
166 101
166 0
167 67
167 0
167 135
168 65
168 9
168 5
169 2
169 35
169 30
170 4
170 68
170 28
171 3
171 1
171 76
172 4
172 2
172 85
173 2
173 117
173 8
174 17
174 3
174 9
175 3
175 25
175 38
176 134
176 45
176 51
177 1
177 0
177 3
178 3
178 54
178 158
179 0
179 52
179 48
180 22
180 26
180 0
181 72
181 4
181 2
182 2
182 0
182 132
183 4
183 3
183 22
184 112
184 17
184 2
185 94
185 148
185 2
186 1
186 113
186 33
187 11
187 4
187 54
188 2
188 56
188 58
189 146
189 44
189 75
190 45
190 21
190 66
191 102
191 6
191 20
192 126
192 167
192 3
193 170
193 81
193 62
194 7
194 54
194 149
195 155
195 150
195 142
196 2
196 22
196 29
197 102
197 20
197 80
198 3
198 107
198 21
199 157
199 191
199 17
200 38
200 43
200 125
201 83
201 38
201 105
202 2
202 38
202 3
203 144
203 18
203 1
204 161
204 1
204 3
205 81
205 30
205 3
206 2
206 54
206 154
207 33
207 9
207 150
208 152
208 118
208 198
209 173
209 3
209 47
210 2
210 123
210 78
211 131
211 85
211 96
212 78
212 6
212 14
213 75
213 22
213 43
214 67
214 22
214 52
215 11
215 123
215 146
216 156
216 34
216 136
217 44
217 3
217 2
218 67
218 66
218 179
219 2
219 57
219 0
220 67
220 187
220 42
221 204
221 8
221 112
222 123
222 32
222 80
223 5
223 146
223 149
224 1
224 120
224 2
225 152
225 2
225 196
226 125
226 65
226 3
227 33
227 202
227 224
228 169
228 43
228 81
229 2
229 83
229 18
230 33
230 201
230 3
231 151
231 218
231 33
232 5
232 51
232 76
233 42
233 8
233 27
234 44
234 55
234 4
235 157
235 14
235 58
236 7
236 122
236 41
237 15
237 231
237 130
238 2
238 113
238 0
239 132
239 77
239 0
240 51
240 171
240 4
241 34
241 94
241 41
242 130
242 132
242 54
243 5
243 15
243 7
244 44
244 7
244 4
245 17
245 4
245 134
246 75
246 17
246 128
247 141
247 191
247 217
248 66
248 1
248 2
249 135
249 2
249 62
250 62
250 7
250 77
251 8
251 17
251 31
252 189
252 223
252 2
253 247
253 197
253 194
254 29
254 98
254 7
255 42
255 145
255 9
256 97
256 195
256 0
257 28
257 197
257 21
258 133
258 22
258 11
259 13
259 142
259 44
260 43
260 65
260 128
261 120
261 14
261 170
262 65
262 173
262 21
263 22
263 180
263 33
264 67
264 45
264 262
265 37
265 249
265 1
266 194
266 9
266 34
267 34
267 76
267 113
268 7
268 50
268 66
269 149
269 145
269 193
270 5
270 84
270 6
271 127
271 60
271 21
272 30
272 196
272 37
273 173
273 34
273 14
274 145
274 34
274 202
275 6
275 5
275 31
276 238
276 4
276 9
277 14
277 249
277 188
278 196
278 65
278 55
279 191
279 23
279 197
280 3
280 123
280 65
281 56
281 162
281 43
282 61
282 262
282 192
283 58
283 24
283 22
284 8
284 104
284 45
285 81
285 40
285 167
286 0
286 8
286 45
287 5
287 226
287 0
288 5
288 254
288 32
289 124
289 123
289 4
290 2
290 107
290 134
291 32
291 1
291 118
292 54
292 41
292 181
293 5
293 130
293 118
294 290
294 25
294 72
295 272
295 97
295 4
296 0
296 20
296 11
297 280
297 20
297 24
298 1
298 238
298 88
299 65
299 83
299 24
300 20
300 5
300 9
301 80
301 21
301 3
302 220
302 1
302 107
303 70
303 128
303 270
304 82
304 65
304 19
305 120
305 11
305 18
306 33
306 1
306 260
307 147
307 259
307 23
308 1
308 9
308 3
309 227
309 129
309 80
310 2
310 216
310 34
311 20
311 57
311 135
312 78
312 75
312 8
313 267
313 44
313 4
314 302
314 33
314 83
315 36
315 77
315 89
316 21
316 195
316 3
317 143
317 274
317 80
318 5
318 239
318 2
319 113
319 0
319 65
320 9
320 170
320 252
321 302
321 41
321 267
322 66
322 283
322 41
323 51
323 189
323 49
324 1
324 134
324 5
325 52
325 95
325 37
326 135
326 228
326 160
327 5
327 189
327 20
328 312
328 116
328 93
329 33
329 324
329 250
330 202
330 43
330 326
331 122
331 0
331 151
332 24
332 229
332 57
333 154
333 40
333 217
334 3
334 122
334 20
335 22
335 29
335 101
336 176
336 63
336 169
337 19
337 243
337 124
338 3
338 185
338 13
339 261
339 2
339 7
340 177
340 151
340 75
341 81
341 136
341 26
342 64
342 100
342 9
343 55
343 86
343 158
344 2
344 131
344 319
345 270
345 3
345 23
346 336
346 287
346 32
347 187
347 328
347 63
348 65
348 30
348 2
349 7
349 34
349 122
350 310
350 3
350 45
351 188
351 138
351 36
352 349
352 117
352 3
353 2
353 76
353 91
354 176
354 5
354 322
355 302
355 194
355 7
356 246
356 77
356 141
357 234
357 313
357 76
358 5
358 2
358 173
359 5
359 4
359 188
360 0
360 58
360 206
361 63
361 219
361 21
362 116
362 317
362 39
363 310
363 307
363 9
364 7
364 5
364 262
365 158
365 219
365 4
366 34
366 2
366 119
367 335
367 41
367 6
368 331
368 2
368 143
369 37
369 4
369 289
370 189
370 95
370 166
371 5
371 78
371 356
372 162
372 33
372 0
373 203
373 0
373 157
374 101
374 5
374 270
375 74
375 276
375 5
376 339
376 2
376 202
377 153
377 280
377 145
378 18
378 5
378 164
379 5
379 35
379 313
380 4
380 36
380 92
381 2
381 3
381 192
382 76
382 296
382 123
383 58
383 14
383 48
384 80
384 267
384 81
385 14
385 192
385 131
386 189
386 302
386 98
387 1
387 23
387 43
388 251
388 104
388 240
389 75
389 34
389 41
390 314
390 300
390 2
391 316
391 44
391 101
392 14
392 230
392 123
393 19
393 284
393 257
394 126
394 32
394 273
395 134
395 23
395 34
396 77
396 57
396 21
397 272
397 1
397 56
398 0
398 133
398 130
399 145
399 245
399 89
400 197
400 152
400 170
401 21
401 236
401 52
402 239
402 212
402 34
403 75
403 148
403 5
404 249
404 2
404 393
405 18
405 134
405 117
406 322
406 4
406 24
407 279
407 224
407 132
408 302
408 343
408 5
409 187
409 43
409 123
410 22
410 240
410 158
411 247
411 278
411 113
412 118
412 290
412 273
413 5
413 343
413 3
414 202
414 157
414 74
415 57
415 94
415 13
416 302
416 8
416 251
417 153
417 271
417 335
418 1
418 89
418 122
419 99
419 63
419 76
420 17
420 13
420 8
421 45
421 234
421 327
422 402
422 0
422 410
423 299
423 3
423 144
424 253
424 146
424 127
425 217
425 34
425 188
426 76
426 336
426 134
427 325
427 81
427 229
428 62
428 260
428 39
429 9
429 139
429 311
430 2
430 399
430 18
431 65
431 40
431 16
432 62
432 55
432 87
433 311
433 220
433 2
434 1
434 167
434 138
435 415
435 115
435 212
436 122
436 2
436 423
437 158
437 38
437 19
438 20
438 291
438 344
439 17
439 437
439 433
440 314
440 1
440 101
441 205
441 72
441 24
442 76
442 3
442 5
443 26
443 2
443 296
444 69
444 85
444 4
445 43
445 1
445 253
446 374
446 47
446 307
447 0
447 207
447 118
448 314
448 138
448 5
449 34
449 65
449 124
450 118
450 18
450 390
451 63
451 3
451 21
452 31
452 215
452 369
453 105
453 262
453 17
454 4
454 255
454 192
455 338
455 344
455 253
456 283
456 156
456 122
457 1
457 267
457 288
458 113
458 429
458 230
459 76
459 65
459 218
460 418
460 63
460 23
461 286
461 246
461 62
462 0
462 37
462 193
463 232
463 390
463 33
464 89
464 322
464 5
465 294
465 250
465 34
466 152
466 14
466 123
467 57
467 389
467 141
468 101
468 5
468 237
469 233
469 4
469 128
470 65
470 335
470 156
471 33
471 197
471 20
472 287
472 34
472 471
473 101
473 70
473 0
474 253
474 14
474 95
475 164
475 9
475 3
476 274
476 37
476 386
477 288
477 78
477 302
478 236
478 388
478 18
479 365
479 101
479 118
480 83
480 138
480 42
481 398
481 430
481 472
482 0
482 449
482 197
483 20
483 28
483 214
484 477
484 283
484 286
485 124
485 278
485 18
486 79
486 205
486 108
487 145
487 146
487 344
488 253
488 433
488 206
489 41
489 468
489 384
490 171
490 300
490 41
491 3
491 6
491 437
492 0
492 334
492 373
493 408
493 49
493 18
494 434
494 136
494 251
495 7
495 416
495 8
496 183
496 104
496 44
497 245
497 349
497 22
498 111
498 54
498 10
499 0
499 20
499 304
