0 1
0 2
1 0
1 2
2 1
2 0
3 0
3 2
3 1
4 1
4 3
4 0
5 2
5 4
5 3
6 2
6 0
6 1
7 3
7 5
7 2
8 2
8 3
8 5
9 4
9 2
9 1
10 3
10 5
10 1
11 2
11 3
11 1
12 0
12 11
12 3
13 0
13 12
13 3
14 3
14 2
14 1
15 14
15 0
15 3
16 12
16 1
16 3
17 1
17 16
17 0
18 0
18 8
18 15
19 3
19 15
19 5
20 4
20 9
20 12
21 1
21 11
21 8
22 5
22 1
22 2
23 13
23 0
23 6
24 5
24 22
24 1
25 13
25 17
25 1
26 15
26 8
26 12
27 11
27 15
27 3
28 20
28 0
28 8
29 15
29 2
29 10
30 19
30 22
30 3
31 21
31 27
31 18
32 12
32 16
32 28
33 20
33 11
33 12
34 31
34 32
34 13
35 9
35 6
35 3
36 22
36 31
36 16
37 5
37 16
37 0
38 16
38 28
38 0
39 2
39 10
39 15
40 3
40 28
40 2
41 6
41 25
41 14
42 28
42 6
42 40
43 28
43 5
43 11
44 3
44 38
44 2
45 16
45 37
45 3
46 11
46 35
46 19
47 9
47 15
47 1
48 39
48 12
48 37
49 14
49 32
49 11
50 12
50 14
50 13
51 2
51 25
51 14
52 22
52 46
52 16
53 10
53 46
53 8
54 37
54 16
54 28
55 37
55 32
55 12
56 41
56 12
56 1
57 49
57 53
57 39
58 6
58 24
58 9
59 16
59 21
59 12
60 27
60 55
60 20
61 41
61 11
61 37
62 60
62 1
62 10
63 49
63 30
63 53
64 1
64 6
64 13
65 7
65 43
65 2
66 46
66 55
66 8
67 58
67 10
67 4
68 63
68 10
68 32
69 5
69 1
69 60
70 37
70 28
70 46
71 5
71 70
71 37
72 67
72 6
72 5
73 1
73 16
73 11
74 22
74 3
74 15
75 63
75 6
75 57
76 29
76 16
76 0
77 48
77 5
77 30
78 73
78 6
78 10
79 14
79 3
79 54
80 24
80 37
80 21
81 12
81 1
81 51
82 3
82 37
82 67
83 41
83 5
83 66
84 14
84 22
84 56
85 46
85 5
85 49
86 42
86 14
86 56
87 85
87 22
87 46
88 6
88 24
88 3
89 15
89 30
89 5
90 0
90 3
90 89
91 73
91 9
91 13
92 85
92 10
92 37
93 19
93 14
93 3
94 3
94 47
94 43
95 12
95 89
95 2
96 46
96 5
96 73
97 2
97 66
97 82
98 53
98 5
98 72
99 60
99 11
99 15
