0 1
0 2
0 3
0 4
0 5
1 0
1 2
1 3
1 4
1 6
2 1
2 0
2 3
2 4
2 6
3 2
3 1
3 0
3 5
3 7
4 2
4 0
4 1
4 5
4 6
5 4
5 3
5 0
5 17
5 18
6 2
6 4
6 1
6 8
6 9
7 3
7 4
7 0
7 23
7 88
8 2
8 0
8 6
8 19
8 37
9 0
9 4
9 6
9 138
9 183
10 4
10 6
10 1
10 29
10 30
11 0
11 4
11 3
11 12
11 71
12 6
12 11
12 4
12 24
12 45
13 6
13 2
13 1
13 47
13 52
14 6
14 1
14 0
14 238
14 496
15 2
15 0
15 1
15 25
15 31
16 4
16 1
16 2
16 43
16 120
17 4
17 5
17 2
17 24
17 25
18 4
18 5
18 3
18 34
18 52
19 2
19 8
19 0
19 20
19 59
20 2
20 0
20 19
20 26
20 35
21 6
21 3
21 1
21 23
21 27
22 3
22 0
22 6
22 41
22 53
23 2
23 7
23 21
23 28
23 73
24 4
24 17
24 12
24 58
24 61
25 15
25 1
25 17
25 120
25 434
26 0
26 20
26 17
26 29
26 68
27 4
27 2
27 21
27 90
27 134
28 23
28 17
28 3
28 31
28 37
29 10
29 26
29 5
29 31
29 33
30 0
30 6
30 10
30 41
30 57
31 15
31 29
31 28
31 47
31 48
32 6
32 15
32 0
32 36
32 38
33 29
33 10
33 6
33 38
33 42
34 15
34 18
34 17
34 58
34 153
35 20
35 17
35 1
35 137
35 180
36 17
36 4
36 32
36 145
36 172
37 15
37 8
37 28
37 67
37 85
38 6
38 32
38 33
38 46
38 62
39 2
39 8
39 4
39 44
39 51
40 3
40 29
40 2
40 97
40 257
41 22
41 5
41 30
41 83
41 84
42 33
42 28
42 15
42 49
42 81
43 16
43 2
43 21
43 81
43 182
44 39
44 1
44 17
44 72
44 160
45 12
45 4
45 20
45 73
45 94
46 1
46 28
46 38
46 60
46 66
47 31
47 6
47 13
47 56
47 74
48 17
48 5
48 31
48 90
48 119
49 3
49 42
49 28
49 211
49 304
50 2
50 31
50 1
50 98
50 153
51 31
51 39
51 2
51 101
51 201
52 18
52 0
52 13
52 62
52 93
53 1
53 0
53 22
53 66
53 138
54 1
54 6
54 31
54 55
54 169
55 54
55 2
55 17
55 95
55 103
56 10
56 47
56 21
56 113
56 131
57 30
57 15
57 3
57 79
57 114
58 6
58 24
58 34
58 148
58 303
59 19
59 0
59 17
59 63
59 67
60 17
60 46
60 18
60 63
60 163
61 5
61 8
61 24
61 69
61 105
62 52
62 6
62 38
62 65
62 71
63 4
63 59
63 60
63 130
63 145
64 31
64 3
64 2
64 82
64 109
65 62
65 29
65 1
65 79
65 146
66 53
66 39
66 46
66 188
66 244
67 8
67 37
67 59
67 82
67 86
68 1
68 26
68 6
68 86
68 96
69 20
69 61
69 2
69 100
69 151
70 59
70 26
70 38
70 206
70 328
71 6
71 62
71 11
71 121
71 146
72 22
72 39
72 44
72 156
72 285
73 6
73 23
73 45
73 131
73 363
74 3
74 30
74 47
74 281
75 2
75 22
75 15
75 106
76 2
76 30
76 17
76 77
76 92
77 76
77 5
77 3
77 87
77 453
78 12
78 30
78 3
78 166
78 197
79 4
79 65
79 57
79 134
79 265
80 6
80 18
80 11
80 85
80 100
81 42
81 43
81 15
81 124
81 223
82 64
82 67
82 31
82 98
82 116
83 41
83 29
83 26
83 110
83 135
84 10
84 15
84 41
84 103
84 117
85 37
85 80
85 31
85 89
85 130
86 39
86 67
86 68
86 87
86 110
87 77
87 4
87 86
87 99
87 104
88 7
88 2
88 37
88 96
88 252
89 85
89 3
89 30
89 119
89 170
90 48
90 46
90 27
90 106
90 108
91 3
91 26
91 10
91 189
91 338
92 76
92 2
92 0
92 204
92 222
93 52
93 23
93 33
93 115
93 214
94 62
94 45
94 8
94 436
95 0
95 6
95 55
95 112
95 280
96 88
96 68
96 6
96 167
96 193
97 37
97 59
97 40
97 115
97 305
98 50
98 32
98 82
98 102
98 108
99 59
99 87
99 38
99 124
99 175
100 69
100 31
100 80
100 102
100 199
101 51
101 29
101 4
101 183
101 194
102 80
102 98
102 100
102 105
102 126
103 55
103 42
103 84
103 121
103 284
104 3
104 38
104 87
104 243
104 313
105 102
105 11
105 61
105 111
105 230
106 42
106 75
106 90
106 147
107 45
107 42
107 8
107 118
107 198
108 90
108 62
108 98
108 196
108 294
109 64
109 22
109 5
110 83
110 86
110 42
110 113
110 154
111 1
111 105
111 26
111 149
111 158
112 20
112 95
112 37
112 130
112 178
113 31
113 56
113 110
114 57
114 3
114 46
114 340
114 494
115 98
115 97
115 93
115 127
115 128
116 5
116 82
116 17
116 132
116 276
117 18
117 84
117 32
117 312
117 329
118 107
118 4
118 42
118 141
119 48
119 28
119 89
119 192
119 194
120 25
120 33
120 16
120 161
120 438
121 71
121 103
121 52
121 343
121 351
122 19
122 24
122 59
122 237
122 449
123 45
123 55
123 28
123 125
123 186
124 99
124 37
124 81
124 129
124 146
125 15
125 123
125 0
125 221
125 250
126 26
126 102
126 87
126 151
126 337
127 86
127 1
127 115
127 260
127 307
128 48
128 115
128 42
128 181
128 200
129 4
129 124
129 38
129 134
129 212
130 112
130 63
130 85
130 357
130 373
131 56
131 5
131 73
131 180
131 206
132 116
132 8
132 3
132 183
132 277
133 42
133 0
133 59
133 147
133 174
134 27
134 79
134 129
134 179
135 27
135 59
135 83
135 178
135 227
136 1
136 90
136 4
137 35
137 26
137 45
137 175
137 239
138 30
138 53
138 9
138 161
138 203
139 22
139 82
139 8
139 234
139 331
140 42
140 22
140 76
140 187
141 118
141 23
141 6
141 261
141 366
142 18
142 8
142 31
143 64
143 55
143 3
143 182
143 215
144 33
144 0
144 6
144 368
144 417
145 36
145 38
145 63
145 239
145 361
146 124
146 65
146 71
146 246
146 288
147 106
147 38
147 133
147 161
147 185
148 83
148 58
148 102
148 155
148 165
149 15
149 111
149 86
149 322
150 17
150 5
150 98
151 15
151 126
151 69
151 163
151 219
152 83
152 4
152 47
152 376
153 50
153 5
153 34
153 177
153 275
154 0
154 110
154 1
154 485
155 2
155 148
155 0
155 315
155 336
156 64
156 72
156 80
156 158
156 173
157 65
157 1
157 17
157 246
157 251
158 111
158 156
158 16
158 176
159 3
159 18
159 48
160 46
160 44
160 3
160 432
161 138
161 147
161 120
161 224
161 329
162 2
162 1
162 3
162 235
162 269
163 38
163 151
163 60
163 360
163 362
164 62
164 1
164 0
165 148
165 21
165 6
165 205
165 433
166 78
166 32
166 85
166 368
166 463
167 85
167 96
167 102
167 425
168 64
168 62
168 2
168 263
168 342
169 38
169 0
169 54
169 349
169 353
170 26
170 89
170 24
170 335
170 350
171 111
171 62
171 57
171 190
171 198
172 36
172 59
172 0
172 464
173 110
173 89
173 156
174 80
174 2
174 133
175 99
175 18
175 137
175 194
175 196
176 6
176 158
176 54
176 262
176 313
177 153
177 85
177 133
177 467
178 135
178 42
178 112
178 345
179 80
179 45
179 134
180 35
180 131
180 1
181 2
181 128
181 22
181 280
181 415
182 80
182 43
182 143
182 189
182 197
183 9
183 132
183 101
183 209
183 210
184 148
184 52
184 115
184 326
185 4
185 147
185 39
185 414
185 480
186 62
186 123
186 20
186 254
186 385
187 85
187 0
187 140
187 352
188 66
188 18
188 17
188 277
189 91
189 182
189 24
189 378
190 171
190 4
190 124
190 223
190 241
191 29
191 110
191 2
191 254
191 400
192 10
192 9
192 119
192 193
192 359
193 192
193 96
193 86
193 280
193 342
194 101
194 175
194 119
194 307
194 430
195 56
195 32
195 4
195 392
196 108
196 175
196 6
196 237
196 241
197 76
197 182
197 78
197 202
197 237
198 107
198 5
198 171
198 269
198 300
199 100
199 27
199 87
199 317
199 345
200 31
200 28
200 128
200 289
200 383
201 1
201 53
201 51
202 197
202 6
202 110
203 3
203 18
203 138
203 286
204 7
204 92
204 57
204 281
204 451
205 69
205 165
205 22
205 492
206 131
206 27
206 70
206 493
207 15
207 4
207 1
208 47
208 156
208 4
208 459
209 183
209 24
209 53
209 386
209 419
210 5
210 183
210 2
211 49
211 156
211 6
212 129
212 68
212 111
212 284
213 47
213 38
213 23
213 470
214 42
214 93
214 23
214 330
214 392
215 143
215 55
215 38
215 267
216 1
216 143
216 147
216 308
217 17
217 34
217 3
218 111
218 0
218 45
219 35
219 3
219 151
219 240
219 266
220 128
220 85
220 68
220 483
221 125
221 3
221 15
221 417
222 53
222 92
222 30
222 315
223 190
223 81
223 15
223 229
224 47
224 110
224 161
224 234
224 248
225 100
225 31
225 148
225 299
225 427
226 6
226 1
226 39
227 135
227 0
227 1
228 76
228 21
228 12
228 236
228 314
229 10
229 223
229 48
229 352
229 381
230 59
230 105
230 33
231 76
231 87
231 99
232 33
232 81
232 6
233 5
233 80
233 62
233 439
234 139
234 224
234 98
234 412
234 454
235 119
235 53
235 162
235 325
236 55
236 228
236 11
236 245
236 314
237 196
237 122
237 197
237 488
238 14
238 1
238 80
239 145
239 137
239 62
239 322
239 362
240 219
240 123
240 81
241 15
241 190
241 196
242 10
242 196
242 18
243 104
243 147
243 15
244 10
244 66
244 3
244 249
244 344
245 236
245 83
245 6
245 278
246 146
246 56
246 157
246 321
247 66
247 111
247 5
248 8
248 71
248 224
248 332
249 244
249 11
249 1
249 385
249 456
250 33
250 125
250 4
251 4
251 157
251 29
251 367
251 397
252 2
252 44
252 88
252 491
253 133
253 6
253 37
253 259
254 8
254 191
254 186
255 86
255 19
255 133
255 316
256 56
256 119
256 32
256 303
256 330
257 40
257 15
257 124
258 55
258 3
258 42
259 143
259 196
259 253
259 459
260 127
260 17
260 45
260 306
260 366
261 50
261 141
261 92
262 176
262 7
262 98
262 478
263 168
263 3
263 1
263 270
263 328
264 137
264 123
264 29
264 291
265 33
265 79
265 110
266 40
266 219
266 30
267 66
267 215
267 105
268 87
268 3
268 15
269 162
269 198
269 1
269 275
269 346
270 65
270 263
270 36
271 24
271 31
271 85
271 362
271 473
272 66
272 4
272 35
272 306
272 419
273 15
273 64
273 3
273 346
273 499
274 29
274 182
274 115
274 391
275 153
275 59
275 269
275 326
276 116
276 52
276 143
277 132
277 188
277 100
277 341
278 21
278 245
278 50
278 286
278 334
279 138
279 62
279 53
279 378
279 389
280 181
280 95
280 193
281 204
281 74
281 44
281 303
281 407
282 20
282 135
282 80
282 299
282 305
283 18
283 183
283 116
283 468
284 212
284 103
284 112
285 72
285 2
285 24
285 393
286 38
286 203
286 278
287 153
287 131
287 6
287 293
287 485
288 2
288 110
288 146
288 413
289 31
289 200
289 111
289 292
289 310
290 42
290 46
290 5
291 79
291 264
291 92
292 289
292 171
292 2
292 298
292 369
293 81
293 287
293 138
294 10
294 108
294 66
295 18
295 2
295 43
295 363
295 373
296 197
296 59
296 36
297 76
297 3
297 47
297 301
297 475
298 82
298 110
298 292
299 282
299 1
299 225
299 440
300 198
300 39
300 21
300 332
300 469
301 297
301 1
301 10
301 359
302 3
302 15
302 137
303 58
303 256
303 281
303 401
304 132
304 49
304 3
304 444
305 24
305 282
305 97
306 260
306 272
306 29
306 339
306 446
307 194
307 127
307 123
308 111
308 58
308 216
309 8
309 76
309 53
310 28
310 289
310 6
310 334
311 128
311 82
311 108
312 125
312 0
312 117
313 104
313 176
313 67
314 236
314 228
314 135
314 390
314 400
315 155
315 222
315 86
315 410
316 255
316 27
316 6
316 323
316 393
317 199
317 18
317 47
317 318
317 395
318 0
318 317
318 8
319 53
319 6
319 127
319 457
320 71
320 0
320 108
321 246
321 129
321 34
322 239
322 0
322 149
323 56
323 4
323 316
323 422
323 458
324 33
324 69
324 89
325 56
325 137
325 235
326 184
326 119
326 275
327 36
327 80
327 176
327 370
328 70
328 0
328 263
329 117
329 161
329 129
329 479
330 81
330 256
330 214
330 381
330 462
331 139
331 6
331 102
332 248
332 115
332 300
333 139
333 53
333 10
334 278
334 310
334 127
334 340
334 351
335 35
335 52
335 170
336 0
336 155
336 32
336 429
336 452
337 126
337 36
337 176
338 37
338 91
338 3
339 33
339 306
339 20
339 390
339 465
340 1
340 114
340 334
341 138
341 277
341 47
341 365
342 196
342 168
342 193
342 349
343 121
343 6
343 46
343 458
344 244
344 80
344 197
344 485
345 199
345 178
345 6
345 455
346 273
346 46
346 269
346 365
347 6
347 22
347 168
347 474
347 494
348 35
348 15
348 31
349 49
349 342
349 169
350 10
350 1
350 170
350 467
351 57
351 334
351 121
352 187
352 155
352 229
353 90
353 117
353 169
354 63
354 133
354 161
355 197
355 80
355 278
356 100
356 107
356 71
357 130
357 29
357 151
357 382
357 411
358 72
358 0
358 29
359 301
359 45
359 192
360 90
360 28
360 163
360 373
361 145
361 4
361 6
361 387
362 163
362 271
362 239
362 423
362 489
363 73
363 295
363 43
364 81
364 3
364 151
365 346
365 341
365 85
365 396
366 0
366 141
366 260
366 401
367 4
367 251
367 278
367 399
367 475
368 166
368 219
368 144
368 457
369 127
369 292
369 110
370 327
370 45
370 101
371 131
371 278
371 102
372 115
372 18
372 239
373 360
373 295
373 130
373 383
374 61
374 20
374 23
375 95
375 196
375 219
375 412
376 2
376 152
376 38
377 5
377 295
377 86
378 189
378 4
378 279
379 29
379 155
379 197
380 34
380 131
380 17
380 412
381 18
381 330
381 229
382 29
382 357
382 5
382 387
382 405
383 112
383 200
383 373
384 127
384 112
384 81
384 453
385 24
385 186
385 249
386 117
386 6
386 209
386 407
387 382
387 361
387 0
388 6
388 141
388 53
389 141
389 279
389 60
390 339
390 124
390 314
390 439
391 33
391 236
391 274
392 214
392 195
392 51
393 0
393 285
393 316
394 44
394 28
394 5
395 35
395 54
395 317
396 365
396 22
396 73
397 251
397 133
397 0
398 31
398 4
398 101
398 425
398 434
399 197
399 367
399 130
399 450
399 492
400 133
400 314
400 191
400 461
400 497
401 303
401 366
401 126
402 102
402 116
402 182
403 157
403 30
403 6
404 102
404 108
404 35
405 2
405 126
405 382
406 141
406 86
406 41
406 497
407 281
407 386
407 24
408 73
408 24
408 314
409 42
409 146
409 20
410 52
410 315
410 132
411 24
411 357
411 100
412 234
412 375
412 380
413 63
413 288
413 44
413 424
414 196
414 31
414 185
414 432
414 437
415 181
415 175
415 36
416 34
416 29
416 38
417 155
417 144
417 221
418 228
418 42
418 5
419 2
419 272
419 209
420 20
420 141
420 5
421 82
421 53
421 192
421 453
422 323
422 209
422 52
422 436
423 6
423 244
423 362
423 441
424 133
424 413
424 61
425 398
425 58
425 167
426 11
426 3
426 112
426 481
427 6
427 225
427 196
428 183
428 48
428 314
429 33
429 336
429 30
429 450
430 89
430 194
430 103
431 119
431 124
431 82
432 105
432 414
432 160
433 165
433 17
433 133
434 398
434 25
434 98
435 12
435 171
435 4
436 422
436 94
436 46
437 35
437 414
437 162
438 79
438 4
438 120
439 390
439 81
439 233
440 299
440 263
440 80
440 499
441 4
441 72
441 423
442 98
442 181
442 15
443 131
443 239
443 2
444 251
444 292
444 304
445 87
445 196
445 357
446 251
446 306
446 163
447 29
447 85
447 103
448 103
448 62
448 12
449 119
449 122
449 18
450 429
450 43
450 399
450 472
451 3
451 204
451 110
452 61
452 336
452 27
453 77
453 421
453 384
453 479
454 234
454 155
454 4
455 46
455 182
455 345
456 249
456 25
456 40
456 489
457 2
457 319
457 368
457 474
458 244
458 343
458 323
458 460
459 17
459 208
459 259
460 157
460 228
460 458
461 29
461 25
461 400
462 59
462 52
462 330
463 166
463 105
463 33
463 466
464 85
464 219
464 172
465 148
465 339
465 119
466 229
466 463
466 51
466 487
467 177
467 15
467 350
468 283
468 260
468 2
469 300
469 85
469 236
470 23
470 213
470 4
471 43
471 73
471 47
472 98
472 26
472 450
473 271
473 8
473 263
473 477
473 490
474 295
474 457
474 347
475 2
475 297
475 367
476 12
476 17
476 175
477 17
477 473
477 60
478 66
478 262
478 85
479 329
479 131
479 453
480 155
480 185
480 398
481 7
481 426
481 193
482 26
482 39
482 190
482 496
483 220
483 115
483 47
484 58
484 4
484 12
485 344
485 287
485 154
486 85
486 8
486 171
487 466
487 297
487 161
488 237
488 90
488 62
489 456
489 147
489 362
490 2
490 473
490 5
491 55
491 252
491 82
492 4
492 205
492 399
493 22
493 55
493 206
494 114
494 347
494 163
495 31
495 137
495 20
496 482
496 76
496 14
497 400
497 406
497 2
498 29
498 20
498 224
499 273
499 78
499 440
