0 1
0 2
0 3
0 4
0 5
0 6
0 8
1 0
1 2
1 3
1 4
1 6
1 7
1 10
2 0
2 1
2 3
2 4
2 5
2 9
2 17
3 0
3 2
3 1
3 5
3 9
3 13
3 14
4 1
4 0
4 2
4 7
4 10
4 11
4 13
5 2
5 3
5 0
5 6
5 8
5 26
5 57
6 0
6 5
6 1
6 7
6 12
6 13
6 16
7 4
7 1
7 6
7 8
7 14
7 17
7 19
8 7
8 0
8 5
8 11
8 20
8 21
8 31
9 2
9 0
9 3
9 18
9 25
9 29
9 36
10 0
10 1
10 4
10 12
10 17
10 22
10 24
11 4
11 0
11 8
11 45
11 50
11 58
11 59
12 10
12 0
12 6
12 74
12 92
12 100
12 107
13 3
13 4
13 6
13 66
13 71
13 90
13 101
14 7
14 0
14 3
14 15
14 44
14 49
14 66
15 0
15 4
15 14
15 40
15 47
15 52
15 54
16 0
16 6
16 4
16 36
16 55
16 104
16 106
17 7
17 10
17 2
17 19
17 28
17 30
17 34
18 9
18 1
18 6
18 19
18 94
18 113
18 115
19 7
19 18
19 17
19 42
19 45
19 70
19 88
20 0
20 2
20 8
20 49
20 68
20 310
20 592
21 2
21 6
21 8
21 32
21 131
21 362
21 476
22 10
22 3
22 7
22 23
22 27
22 29
22 96
23 22
23 1
23 7
23 33
23 52
23 61
23 68
24 1
24 10
24 6
24 28
24 32
24 39
24 55
25 9
25 0
25 6
25 43
25 61
25 187
25 205
26 6
26 2
26 5
26 45
26 51
26 55
26 78
27 22
27 6
27 0
27 33
27 35
27 38
27 41
28 17
28 24
28 0
28 30
28 34
28 52
28 80
29 3
29 22
29 9
29 42
29 64
29 73
29 87
30 17
30 28
30 1
30 47
30 49
30 121
30 145
31 8
31 2
31 7
31 37
31 56
31 61
31 179
32 21
32 8
32 24
32 81
32 83
32 85
32 111
33 27
33 23
33 6
33 38
33 50
33 73
33 83
34 4
34 17
34 28
34 44
34 65
34 72
34 129
35 10
35 3
35 27
35 39
35 77
35 80
35 84
36 9
36 0
36 16
36 133
36 208
36 462
36 731
37 0
37 31
37 4
37 238
37 260
37 306
37 352
38 27
38 7
38 33
38 67
38 88
38 100
38 118
39 24
39 35
39 10
39 40
39 134
39 192
39 598
40 39
40 10
40 15
40 226
40 236
40 322
40 343
41 3
41 8
41 27
41 46
41 92
41 147
41 163
42 8
42 19
42 29
42 240
42 279
42 290
42 634
43 25
43 8
43 4
43 135
43 145
43 171
43 190
44 34
44 7
44 14
44 137
44 139
44 153
44 188
45 11
45 26
45 19
45 93
45 145
45 148
45 218
46 41
46 8
46 9
46 59
46 141
46 274
46 293
47 30
47 4
47 15
47 50
47 62
47 72
47 93
48 8
48 2
48 10
48 73
48 162
48 179
48 276
49 20
49 14
49 30
49 62
49 149
49 160
49 186
50 11
50 33
50 47
50 64
50 67
50 114
50 140
51 26
51 6
51 3
51 211
51 371
52 23
52 28
52 15
52 94
52 106
52 146
52 150
53 6
53 8
53 2
53 63
53 253
53 258
54 15
54 17
54 10
54 174
54 507
54 726
54 858
55 26
55 16
55 24
55 69
55 138
55 139
55 246
56 0
56 3
56 31
56 90
56 116
56 123
56 198
57 8
57 5
57 9
57 178
57 223
57 802
57 858
58 1
58 3
58 11
58 98
58 99
58 109
58 140
59 46
59 11
59 6
59 114
59 163
59 170
59 364
60 2
60 0
60 4
60 71
60 332
60 416
60 457
61 31
61 25
61 23
61 63
61 76
61 77
61 105
62 49
62 47
62 8
62 69
62 75
62 79
62 86
63 53
63 4
63 61
63 69
63 70
63 353
63 654
64 8
64 29
64 50
64 70
64 147
64 240
64 295
65 10
65 6
65 34
65 101
65 117
65 127
65 135
66 3
66 14
66 13
66 116
66 127
66 156
66 181
67 50
67 38
67 4
67 251
67 472
67 493
67 494
68 7
68 20
68 23
68 255
68 366
68 508
68 648
69 55
69 63
69 62
69 81
69 96
69 127
69 130
70 63
70 64
70 19
70 192
70 243
70 278
70 508
71 60
71 7
71 13
71 574
71 922
72 47
72 3
72 34
72 165
72 191
72 193
72 245
73 29
73 33
73 48
73 81
73 241
73 277
73 445
74 2
74 8
74 12
74 119
74 417
74 589
74 938
75 7
75 62
75 6
75 110
75 264
75 481
75 581
76 6
76 61
76 4
76 316
76 359
77 3
77 35
77 61
77 85
77 118
77 134
77 149
78 1
78 26
78 3
78 89
78 138
78 201
78 309
79 0
79 62
79 10
79 508
79 547
80 0
80 35
80 28
80 105
80 115
80 123
80 188
81 32
81 73
81 69
81 124
81 126
81 151
81 531
82 2
82 28
82 1
82 111
82 177
82 213
82 307
83 32
83 0
83 33
83 144
83 185
83 200
83 261
84 28
84 35
84 1
84 197
84 273
84 278
84 317
85 32
85 77
85 2
85 102
85 114
85 122
85 152
86 17
86 6
86 62
86 104
86 274
86 434
86 460
87 4
87 62
87 29
87 171
87 203
87 250
87 252
88 19
88 38
88 1
88 139
88 144
88 215
88 243
89 8
89 78
89 15
89 121
89 128
89 164
89 176
90 3
90 56
90 13
90 106
90 202
90 214
90 230
91 33
91 1
91 2
91 117
91 168
91 242
91 362
92 41
92 7
92 12
92 193
92 324
92 370
92 379
93 45
93 47
93 14
93 96
93 97
93 99
93 132
94 18
94 8
94 52
94 202
94 282
94 335
94 403
95 29
95 24
95 7
95 337
95 413
95 464
95 492
96 22
96 93
96 69
96 131
96 132
96 183
96 224
97 10
97 93
97 26
97 100
97 180
97 380
97 918
98 58
98 3
98 22
98 102
98 363
99 7
99 58
99 93
99 590
99 717
99 969
100 38
100 97
100 12
100 307
100 336
100 374
100 518
101 65
101 35
101 13
101 125
101 151
101 177
101 256
102 85
102 0
102 98
102 235
102 301
103 27
103 8
103 14
103 137
103 266
103 286
103 375
104 86
104 28
104 16
104 200
104 212
104 273
104 316
105 61
105 80
105 15
105 158
105 347
105 370
105 422
106 52
106 16
106 90
106 142
106 152
106 156
106 209
107 6
107 12
107 13
107 616
108 13
108 62
108 10
108 110
108 235
108 285
108 374
109 24
109 27
109 58
109 143
109 153
109 176
109 196
110 108
110 75
110 17
110 166
110 237
110 334
110 474
111 82
111 27
111 32
111 126
111 182
111 222
111 415
112 23
112 61
112 6
112 234
112 286
112 303
112 354
113 32
113 3
113 18
113 250
113 582
114 59
114 50
114 85
114 128
114 136
114 148
114 239
115 80
115 2
115 18
115 175
115 396
115 397
115 549
116 6
116 66
116 56
116 302
116 870
117 35
117 65
117 91
117 119
117 310
117 776
118 38
118 0
118 77
118 267
118 326
118 485
119 17
119 117
119 74
119 559
119 794
120 4
120 23
120 5
120 158
120 412
120 421
121 30
121 89
121 13
121 128
121 319
121 391
121 394
122 19
122 11
122 85
122 155
122 714
122 959
123 16
123 80
123 56
123 180
123 281
123 293
123 386
124 81
124 10
124 3
124 513
125 101
125 8
125 62
125 165
125 185
125 579
126 111
126 14
126 81
126 191
126 259
126 265
126 427
127 65
127 69
127 66
127 133
127 598
127 720
127 744
128 114
128 121
128 89
128 282
128 429
128 483
128 507
129 13
129 35
129 34
129 194
129 238
129 283
129 302
130 69
130 0
130 8
130 331
130 517
131 21
131 96
131 7
131 206
131 785
131 801
132 93
132 96
132 0
132 185
132 261
132 426
132 479
133 8
133 36
133 127
133 247
133 348
133 478
133 578
134 77
134 4
134 39
134 148
134 204
134 244
134 314
135 43
135 33
135 65
135 228
135 242
135 411
135 456
136 4
136 114
136 3
136 250
136 332
136 557
137 44
137 103
137 1
137 169
137 248
137 387
137 417
138 78
138 55
138 3
138 220
138 230
138 233
138 308
139 55
139 88
139 44
139 147
139 240
139 327
139 364
140 58
140 50
140 16
140 186
140 207
140 247
140 367
141 46
141 14
141 8
141 381
141 547
141 560
141 863
142 22
142 106
142 17
142 197
142 204
142 465
142 799
143 50
143 109
143 7
143 151
144 8
144 83
144 88
144 251
144 398
144 444
144 684
145 43
145 45
145 30
145 155
145 234
145 257
145 304
146 32
146 34
146 52
146 328
146 673
147 41
147 64
147 139
147 168
147 192
147 263
147 271
148 114
148 45
148 134
148 227
148 291
148 294
148 349
149 49
149 22
149 77
149 448
149 461
149 794
149 919
150 52
150 65
150 15
150 277
150 482
150 643
151 101
151 143
151 81
151 196
151 211
151 296
151 354
152 106
152 85
152 13
152 426
153 9
153 109
153 44
153 161
153 162
153 174
153 542
154 47
154 28
154 26
154 175
154 199
154 219
154 448
155 4
155 122
155 145
155 176
155 469
155 847
155 987
156 106
156 29
156 66
156 375
156 405
156 453
157 8
157 62
157 16
157 258
157 413
157 430
157 440
158 105
158 120
158 4
158 238
158 273
158 650
158 691
159 35
159 12
159 5
159 331
159 363
159 380
159 627
160 22
160 4
160 49
160 319
160 635
161 50
161 61
161 153
161 292
161 335
161 467
162 48
162 35
162 153
162 225
162 684
162 743
163 41
163 59
163 7
163 197
163 206
163 223
163 226
164 10
164 89
164 22
164 437
164 477
164 595
164 689
165 16
165 72
165 125
165 340
165 383
165 397
165 460
166 110
166 19
166 47
166 209
166 393
166 645
166 751
167 14
167 0
167 16
167 182
167 289
167 521
167 539
168 91
168 29
168 147
168 267
168 379
168 562
169 47
169 50
169 137
169 229
169 468
169 496
169 586
170 59
170 7
170 11
170 291
170 636
171 87
171 52
171 43
171 338
171 438
171 463
171 693
172 17
172 19
172 47
172 184
172 190
172 198
172 269
173 1
173 7
173 35
173 589
173 703
173 807
174 30
174 54
174 153
174 328
174 402
174 420
174 642
175 154
175 8
175 115
175 233
175 362
176 109
176 89
176 155
176 424
177 101
177 82
177 69
177 225
177 228
177 338
177 394
178 61
178 22
178 57
178 232
178 277
178 304
178 359
179 7
179 31
179 48
179 211
179 326
179 351
179 373
180 123
180 97
180 85
180 221
180 386
180 408
180 860
181 69
181 66
181 22
181 444
181 654
181 775
182 167
182 33
182 111
182 215
182 317
182 492
183 96
183 10
183 18
183 184
183 210
183 395
183 599
184 172
184 61
184 183
184 539
184 578
184 649
184 655
185 125
185 83
185 132
185 218
185 241
185 246
185 333
186 140
186 34
186 49
186 195
186 293
186 656
186 828
187 2
187 10
187 25
187 202
187 357
187 450
187 548
188 44
188 26
188 80
188 253
188 325
188 503
188 754
189 77
189 44
189 69
189 194
189 201
189 222
189 369
190 62
190 172
190 43
190 485
190 895
190 996
191 72
191 126
191 77
191 217
191 245
191 315
191 428
192 147
192 39
192 70
192 986
193 72
193 35
193 92
193 767
194 61
194 129
194 189
194 760
195 7
195 186
195 26
195 400
195 786
196 109
196 151
196 10
196 203
196 264
196 390
196 736
197 142
197 84
197 163
197 232
197 280
197 421
197 699
198 32
198 172
198 56
198 543
198 640
198 657
198 798
199 154
199 3
199 14
199 266
200 35
200 83
200 104
200 232
200 528
200 559
200 637
201 189
201 78
201 2
201 535
201 606
201 856
201 957
202 90
202 187
202 94
202 244
202 270
202 297
202 385
203 196
203 34
203 87
203 391
203 400
203 595
204 134
204 31
204 142
204 231
204 237
205 25
205 0
205 77
205 219
205 221
205 225
205 275
206 163
206 2
206 131
206 299
206 499
206 542
206 570
207 140
207 31
207 69
207 464
208 22
208 27
208 36
208 311
208 403
208 499
208 791
209 16
209 166
209 106
209 285
209 290
209 337
209 509
210 183
210 3
210 93
210 396
210 723
211 179
211 51
211 151
211 226
211 264
211 311
211 479
212 104
212 1
212 93
212 350
212 988
212 993
213 82
213 50
213 65
213 626
213 973
214 30
214 90
214 33
214 428
214 511
215 88
215 182
215 4
215 217
215 255
215 357
215 454
216 85
216 1
216 7
216 219
216 280
216 333
216 431
217 0
217 215
217 191
217 255
217 313
217 437
217 474
218 6
218 45
218 185
218 223
218 341
218 546
218 633
219 154
219 216
219 205
219 334
219 550
219 638
219 765
220 0
220 138
220 3
220 462
221 77
221 205
221 180
221 582
221 908
222 7
222 111
222 189
222 377
222 680
223 218
223 163
223 57
223 330
223 520
223 567
223 574
224 11
224 69
224 96
224 760
224 884
225 162
225 205
225 177
225 256
225 284
225 490
226 163
226 40
226 211
226 268
226 420
226 467
226 718
227 2
227 148
227 61
227 428
227 600
228 135
228 1
228 177
228 276
228 480
228 926
229 169
229 65
229 58
229 411
229 780
230 90
230 93
230 138
230 352
230 367
230 377
230 538
231 77
231 6
231 204
231 337
231 561
231 887
232 178
232 197
232 200
232 373
233 138
233 106
233 175
233 284
233 493
233 672
233 719
234 12
234 112
234 145
235 15
235 108
235 102
235 336
235 359
235 563
235 593
236 93
236 40
236 14
236 543
236 841
237 204
237 106
237 110
237 287
238 129
238 158
238 37
238 260
238 268
238 288
238 327
239 65
239 69
239 114
239 898
240 139
240 64
240 42
240 320
240 321
240 391
240 445
241 185
241 73
241 29
241 480
242 135
242 91
242 19
242 343
242 826
242 843
242 850
243 70
243 34
243 88
243 501
243 538
243 819
244 19
244 134
244 202
244 387
244 446
244 477
244 564
245 19
245 72
245 191
245 321
245 327
245 601
245 671
246 55
246 185
246 8
246 295
246 375
246 533
246 556
247 133
247 140
247 19
247 303
247 675
247 762
248 137
248 4
248 29
248 339
248 377
248 653
248 708
249 3
249 114
249 29
249 324
249 325
249 519
249 919
250 136
250 87
250 113
250 551
251 22
251 144
251 67
251 888
252 87
252 24
252 34
253 9
253 188
253 53
253 798
253 824
254 4
254 3
254 66
254 354
254 614
255 217
255 68
255 215
255 349
255 503
256 101
256 6
256 225
256 310
256 347
256 454
256 514
257 145
257 52
257 49
257 262
257 345
257 348
257 415
258 157
258 53
258 6
259 34
259 126
259 27
259 288
259 425
259 677
259 821
260 37
260 0
260 238
261 3
261 83
261 132
261 265
261 576
262 34
262 10
262 257
263 147
263 16
263 27
263 409
263 419
263 443
263 732
264 211
264 196
264 75
264 323
264 439
264 732
264 763
265 56
265 126
265 261
265 292
265 298
265 579
265 605
266 199
266 103
266 32
266 318
266 340
266 652
266 780
267 14
267 168
267 118
267 427
267 463
267 576
267 985
268 238
268 35
268 226
268 423
268 620
269 2
269 90
269 172
270 22
270 23
270 202
270 313
270 965
271 6
271 147
271 61
271 463
271 521
271 931
271 950
272 11
272 85
272 0
272 833
272 876
273 84
273 158
273 104
273 285
273 388
273 651
274 13
274 86
274 46
275 50
275 3
275 205
275 289
275 523
275 570
275 715
276 228
276 48
276 29
276 882
277 150
277 73
277 178
277 367
277 468
278 70
278 84
278 6
278 436
278 630
278 684
279 85
279 42
279 66
279 314
279 378
279 422
279 532
280 50
280 197
280 216
280 332
280 629
281 123
281 147
281 44
281 828
282 27
282 128
282 94
282 531
282 789
283 18
283 11
283 129
283 312
283 342
284 2
284 233
284 225
284 346
284 353
284 487
284 656
285 108
285 209
285 273
285 418
285 516
285 767
285 840
286 103
286 6
286 112
286 483
286 675
287 237
287 41
287 50
287 519
287 850
288 259
288 5
288 238
288 291
289 1
289 167
289 275
289 340
289 355
289 963
290 42
290 209
290 35
290 307
290 329
290 402
290 572
291 148
291 288
291 170
291 322
291 335
291 446
291 467
292 161
292 89
292 265
292 491
292 550
292 704
292 716
293 46
293 186
293 123
293 330
293 352
293 458
294 148
294 15
294 35
294 301
294 486
295 77
295 246
295 64
295 567
295 795
295 912
296 69
296 46
296 151
297 202
297 4
297 163
297 565
297 997
298 85
298 265
298 26
298 372
299 0
299 206
299 58
299 666
299 704
300 12
300 0
300 27
300 455
301 102
301 96
301 294
301 466
301 473
301 809
302 17
302 129
302 116
302 347
302 355
302 783
303 247
303 3
303 112
303 305
303 544
303 626
304 145
304 24
304 178
304 381
304 515
304 657
304 679
305 303
305 30
305 4
305 336
305 378
305 845
305 936
306 29
306 87
306 37
306 395
306 747
306 776
307 82
307 290
307 100
307 321
307 525
307 641
308 49
308 138
308 17
308 444
308 667
309 8
309 78
309 7
309 369
309 379
309 877
309 953
310 117
310 256
310 20
310 313
310 399
310 441
310 464
311 211
311 208
311 33
311 317
311 328
311 394
311 760
312 29
312 283
312 35
313 270
313 310
313 217
313 500
313 552
313 602
313 622
314 34
314 279
314 134
314 881
314 944
314 948
315 17
315 34
315 191
315 366
315 524
315 983
316 104
316 13
316 76
316 585
317 84
317 311
317 182
317 325
317 659
317 702
317 879
318 266
318 66
318 14
318 526
319 1
319 160
319 121
320 22
320 47
320 240
320 345
320 600
320 719
320 784
321 307
321 240
321 245
321 505
321 506
321 810
322 40
322 291
322 8
322 353
322 805
323 6
323 78
323 264
323 512
323 645
323 955
323 972
324 249
324 92
324 17
324 683
324 705
324 731
324 811
325 317
325 188
325 249
325 326
325 380
325 481
325 721
326 118
326 325
326 179
326 471
326 554
327 139
327 238
327 245
327 447
327 541
327 804
327 846
328 174
328 311
328 146
328 376
328 392
328 419
328 451
329 290
329 10
329 49
329 333
329 530
329 638
330 18
330 223
330 293
330 813
330 901
331 159
331 3
331 130
331 459
331 681
332 280
332 136
332 60
332 583
332 641
332 686
332 779
333 216
333 329
333 185
333 366
333 396
334 77
334 219
334 110
334 351
334 385
334 471
334 740
335 161
335 291
335 94
336 305
336 235
336 100
337 231
337 95
337 209
337 368
337 534
338 171
338 22
338 177
339 62
339 248
339 28
339 406
339 677
340 289
340 266
340 165
340 435
340 545
341 65
341 218
341 7
341 361
341 714
341 741
342 49
342 283
342 44
342 350
342 445
342 493
342 518
343 61
343 242
343 40
343 439
344 6
344 9
344 24
344 351
344 641
345 320
345 257
345 29
345 447
345 730
345 834
346 47
346 12
346 284
346 494
346 627
347 302
347 105
347 256
347 407
347 475
347 608
347 833
348 257
348 19
348 133
348 401
348 546
349 255
349 62
349 148
349 363
349 386
349 931
350 342
350 8
350 212
351 179
351 334
351 344
351 356
351 566
352 293
352 230
352 37
352 358
352 510
352 666
352 982
353 63
353 284
353 322
353 398
353 857
353 862
353 895
354 254
354 151
354 112
354 437
354 563
354 770
355 302
355 84
355 289
355 368
355 835
356 0
356 351
356 10
356 457
356 602
356 691
357 187
357 215
357 3
357 572
357 579
358 27
358 35
358 352
358 517
359 76
359 235
359 178
359 414
359 472
359 636
359 708
360 66
360 35
360 129
360 502
360 654
360 939
361 341
361 46
361 61
361 401
361 406
361 470
361 892
362 175
362 21
362 91
362 405
363 349
363 159
363 98
363 432
363 618
363 648
363 764
364 4
364 59
364 139
364 429
364 452
364 491
364 663
365 28
365 151
365 2
365 940
366 315
366 333
366 68
366 572
366 704
366 761
367 230
367 140
367 277
367 382
367 527
367 592
367 882
368 355
368 145
368 337
368 500
368 546
369 134
369 309
369 189
369 676
369 847
369 875
370 105
370 32
370 92
370 984
371 96
371 8
371 51
371 762
372 298
372 9
372 30
372 537
373 232
373 179
373 5
373 515
373 959
374 100
374 12
374 108
374 529
374 670
374 682
374 930
375 246
375 156
375 103
375 498
375 647
375 701
375 708
376 10
376 88
376 328
376 588
377 222
377 248
377 230
377 414
377 416
377 553
377 568
378 19
378 279
378 305
378 410
378 911
379 92
379 168
379 309
379 389
379 656
380 159
380 97
380 325
380 561
380 645
380 700
380 849
381 304
381 4
381 141
381 404
381 455
381 591
381 769
382 9
382 34
382 367
382 450
383 172
383 46
383 165
383 652
383 873
384 17
384 4
384 47
384 495
384 927
385 202
385 334
385 139
386 349
386 123
386 180
386 613
386 904
387 5
387 137
387 244
387 397
387 924
388 77
388 273
388 13
388 769
388 854
388 922
389 379
389 65
389 12
389 534
389 678
389 784
390 1
390 196
390 82
390 398
390 459
391 240
391 121
391 203
391 486
391 544
391 580
391 717
392 147
392 29
392 328
392 653
393 166
393 145
393 0
394 177
394 121
394 311
394 671
394 695
394 737
395 306
395 183
395 47
396 333
396 115
396 210
397 387
397 165
397 115
397 511
397 961
398 390
398 353
398 144
399 45
399 310
399 179
399 562
399 765
400 29
400 203
400 195
400 410
401 348
401 3
401 361
401 648
402 29
402 290
402 174
402 435
402 597
403 208
403 6
403 94
403 419
404 2
404 45
404 381
404 537
404 613
404 770
405 156
405 362
405 185
405 509
405 569
405 603
405 688
406 361
406 0
406 339
406 470
406 476
406 517
406 644
407 347
407 101
407 46
407 552
407 605
407 889
407 893
408 180
408 134
408 47
408 478
408 545
408 855
408 984
409 8
409 263
409 177
409 447
409 516
410 378
410 1
410 400
410 529
411 229
411 96
411 135
411 526
412 120
412 19
412 88
412 575
412 777
413 157
413 95
413 19
413 629
414 377
414 359
414 189
414 584
414 886
415 257
415 111
415 7
415 667
415 896
416 60
416 15
416 377
416 477
416 836
417 137
417 74
417 90
417 986
418 285
418 8
418 1
418 513
419 328
419 263
419 403
419 473
419 673
419 935
419 991
420 172
420 226
420 174
421 197
421 24
421 120
421 701
421 718
422 279
422 105
422 41
422 439
422 664
422 721
422 782
423 268
423 84
423 88
423 738
423 755
423 827
424 34
424 145
424 176
424 565
424 582
424 750
425 259
425 145
425 114
425 637
425 752
425 800
425 872
426 132
426 139
426 152
426 540
427 267
427 145
427 126
427 999
428 214
428 227
428 191
428 541
428 889
429 0
429 128
429 364
429 457
429 996
430 157
430 50
430 29
430 691
430 699
430 727
431 7
431 216
431 163
431 554
432 363
432 38
432 12
432 436
432 669
433 2
433 32
433 11
434 205
434 86
434 7
435 340
435 19
435 402
435 555
435 639
436 69
436 432
436 278
436 865
437 217
437 354
437 164
437 458
437 462
437 532
437 610
438 93
438 48
438 171
439 422
439 343
439 264
439 763
439 839
440 4
440 157
440 5
440 465
440 977
441 8
441 31
441 310
441 532
442 96
442 3
442 2
442 466
442 804
443 92
443 178
443 263
443 504
443 722
444 308
444 181
444 144
444 624
444 872
444 893
444 925
445 342
445 73
445 240
445 492
445 668
445 901
446 112
446 291
446 244
446 487
446 495
446 612
447 327
447 409
447 345
447 476
447 936
448 154
448 14
448 149
448 688
448 875
449 0
449 205
449 126
450 382
450 187
450 151
450 515
450 530
450 616
450 884
451 34
451 328
451 134
451 527
451 575
451 623
451 778
452 12
452 364
452 65
452 514
453 191
453 156
453 4
453 584
453 831
454 215
454 134
454 256
454 533
454 790
454 820
454 866
455 300
455 17
455 381
455 568
455 854
455 879
456 5
456 135
456 6
456 835
457 60
457 356
457 429
457 619
457 696
458 293
458 27
458 437
458 484
458 585
458 932
459 390
459 19
459 331
459 606
459 962
459 966
460 86
460 165
460 109
460 610
460 907
460 994
461 149
461 65
461 4
461 558
461 980
462 437
462 36
462 220
462 524
462 611
462 712
463 271
463 267
463 171
463 519
463 597
463 636
463 670
464 95
464 310
464 207
464 589
464 746
464 767
464 941
465 14
465 142
465 440
465 591
465 669
465 997
466 6
466 442
466 301
467 291
467 161
467 226
467 914
468 106
468 277
468 169
469 155
469 111
469 12
469 510
469 877
470 135
470 406
470 361
470 635
470 663
470 778
470 904
471 334
471 326
471 5
471 675
472 359
472 67
472 91
473 419
473 0
473 301
474 217
474 110
474 8
474 891
475 347
475 2
475 52
475 770
475 793
476 21
476 447
476 406
477 164
477 416
477 244
477 905
478 408
478 133
478 48
478 622
478 856
479 211
479 8
479 132
479 668
479 878
480 241
480 216
480 228
480 484
480 698
480 981
481 75
481 22
481 325
481 967
482 138
482 150
482 10
482 625
483 19
483 128
483 286
483 627
483 861
483 943
484 291
484 458
484 480
484 670
484 907
485 190
485 118
485 205
486 59
486 391
486 294
487 145
487 446
487 284
487 650
488 132
488 3
488 217
488 820
489 8
489 3
489 104
489 724
490 33
490 87
490 225
490 769
490 957
490 960
490 991
491 292
491 364
491 101
491 591
491 947
492 182
492 445
492 95
493 67
493 233
493 342
493 661
494 3
494 67
494 346
494 553
495 446
495 384
495 28
495 533
496 169
496 139
496 11
497 4
497 257
497 101
497 562
497 895
498 65
498 375
498 140
499 208
499 206
499 52
500 313
500 368
500 8
500 513
501 163
501 92
501 243
501 514
501 814
502 360
502 22
502 82
502 608
502 803
503 255
503 88
503 188
503 817
503 923
504 443
504 10
504 145
504 573
504 633
504 672
505 4
505 123
505 321
505 923
506 96
506 321
506 55
507 54
507 33
507 128
507 617
507 686
507 731
508 70
508 79
508 68
508 602
508 751
508 944
509 405
509 209
509 73
509 807
510 352
510 469
510 205
511 29
511 397
511 214
511 722
512 323
512 65
512 66
512 885
513 418
513 500
513 124
514 501
514 256
514 452
514 744
515 373
515 304
515 450
516 23
516 285
516 409
516 621
516 885
516 897
516 946
517 358
517 130
517 406
517 720
518 342
518 100
518 0
519 249
519 463
519 287
519 697
519 759
520 223
520 103
520 1
520 580
520 792
520 868
521 271
521 6
521 167
521 793
522 3
522 62
522 129
523 70
523 275
523 177
523 644
524 315
524 2
524 462
524 952
525 30
525 307
525 17
525 774
525 835
525 943
526 318
526 411
526 93
526 611
526 655
527 367
527 451
527 177
527 736
528 7
528 200
528 73
528 899
529 374
529 12
529 410
530 329
530 450
530 165
530 724
530 766
530 972
531 282
531 27
531 81
531 741
531 778
532 441
532 279
532 437
533 454
533 495
533 246
533 563
533 830
534 389
534 337
534 67
535 201
535 25
535 4
536 27
536 137
536 7
536 816
537 157
537 372
537 404
537 621
537 643
537 674
537 705
538 230
538 17
538 243
538 806
538 892
539 167
539 59
539 184
539 815
540 426
540 28
540 177
540 913
541 85
541 327
541 428
541 614
541 991
542 0
542 206
542 153
542 587
542 681
543 291
543 236
543 198
543 990
544 391
544 28
544 303
544 629
545 408
545 340
545 96
545 738
546 218
546 348
546 368
546 929
547 79
547 141
547 58
548 240
548 89
548 187
549 80
549 115
549 187
549 560
549 696
550 292
550 219
550 58
551 0
551 140
551 250
552 163
552 313
552 407
552 604
552 764
552 867
552 904
553 494
553 377
553 16
554 431
554 30
554 326
554 840
554 969
555 291
555 5
555 435
555 781
556 246
556 84
556 30
557 0
557 69
557 136
557 947
558 73
558 121
558 461
558 631
558 884
558 888
559 163
559 200
559 119
559 861
560 549
560 17
560 141
560 754
560 892
561 231
561 3
561 380
562 497
562 168
562 399
562 577
562 703
562 863
562 882
563 354
563 235
563 533
563 794
563 838
564 2
564 62
564 244
565 424
565 66
565 297
566 351
566 28
566 114
567 295
567 135
567 223
567 644
567 685
567 819
567 960
568 455
568 377
568 59
568 657
569 50
569 405
569 4
569 777
570 275
570 72
570 206
570 639
570 701
571 48
571 115
571 6
571 601
572 357
572 366
572 290
572 773
572 973
573 504
573 137
573 7
574 223
574 71
574 95
574 606
574 712
574 739
574 853
575 412
575 134
575 451
576 2
576 267
576 261
576 861
577 562
577 8
577 191
578 184
578 133
578 167
578 677
578 707
578 866
579 357
579 125
579 265
579 786
579 905
580 391
580 520
580 33
581 3
581 9
581 75
581 830
581 909
582 424
582 221
582 113
582 653
582 689
582 700
583 9
583 148
583 332
583 880
584 111
584 453
584 414
584 586
584 607
584 733
584 785
585 458
585 316
585 244
586 169
586 47
586 584
587 542
587 30
587 114
588 14
588 376
588 138
588 874
589 464
589 74
589 173
589 900
589 989
590 114
590 88
590 99
591 465
591 491
591 381
591 594
591 692
592 367
592 20
592 206
593 75
593 235
593 8
593 715
593 908
594 30
594 591
594 22
594 814
594 844
594 879
595 16
595 203
595 164
596 121
596 62
596 179
596 689
597 463
597 402
597 13
597 612
597 927
598 127
598 39
598 135
599 183
599 104
599 148
599 673
600 227
600 257
600 320
600 649
600 942
601 245
601 66
601 571
601 687
602 356
602 508
602 313
602 721
602 805
603 223
603 405
603 28
603 786
603 983
604 552
604 145
604 209
605 265
605 407
605 3
605 655
606 459
606 201
606 574
607 29
607 169
607 584
608 502
608 347
608 2
609 8
609 377
609 85
609 669
610 460
610 437
610 1
610 695
611 526
611 462
611 43
611 686
612 597
612 83
612 446
613 4
613 404
613 386
614 541
614 85
614 254
614 838
615 16
615 185
615 135
615 755
615 903
616 450
616 4
616 107
616 764
617 93
617 100
617 507
617 846
618 28
618 363
618 215
618 925
619 65
619 132
619 457
619 796
619 883
619 995
620 0
620 268
620 437
621 215
621 537
621 516
622 478
622 92
622 313
622 658
622 659
622 753
622 881
623 290
623 451
623 94
623 723
624 33
624 444
624 7
624 821
625 49
625 179
625 482
625 901
626 303
626 109
626 213
627 483
627 346
627 159
627 719
627 887
628 75
628 342
628 6
629 413
629 544
629 280
629 797
629 805
630 172
630 278
630 52
630 759
631 157
631 205
631 558
631 789
632 29
632 24
632 217
632 687
633 33
633 504
633 218
634 42
634 95
634 7
635 160
635 470
635 19
635 640
635 866
635 937
635 975
636 359
636 170
636 463
637 200
637 52
637 425
637 804
638 219
638 329
638 145
638 745
638 750
639 211
639 435
639 570
640 14
640 635
640 198
640 682
641 307
641 332
641 344
642 174
642 151
642 38
642 808
642 809
643 50
643 150
643 537
644 523
644 406
644 567
644 788
644 914
645 323
645 166
645 380
646 28
646 69
646 134
646 963
647 310
647 375
647 32
647 841
648 68
648 363
648 401
648 734
649 600
649 15
649 184
649 735
650 158
650 19
650 487
650 745
650 945
651 3
651 1
651 273
652 266
652 13
652 383
652 949
653 582
653 248
653 392
653 781
653 795
653 801
654 360
654 63
654 181
655 605
655 184
655 526
656 379
656 284
656 186
656 837
656 871
657 568
657 304
657 198
658 622
658 66
658 18
658 900
659 317
659 206
659 622
659 664
660 52
660 28
660 174
661 27
661 493
661 153
662 34
662 28
662 265
662 713
663 470
663 0
663 364
663 710
663 946
664 422
664 5
664 659
664 796
664 920
665 81
665 165
665 55
665 910
666 352
666 299
666 40
666 979
667 415
667 55
667 308
667 859
668 445
668 75
668 479
669 432
669 465
669 609
669 683
669 765
670 374
670 463
670 484
670 920
671 209
671 245
671 394
671 894
672 233
672 504
672 8
673 599
673 146
673 419
674 537
674 129
674 167
674 693
675 286
675 247
675 471
676 369
676 30
676 27
677 578
677 339
677 259
677 854
678 169
678 389
678 21
678 970
679 137
679 304
679 35
680 44
680 222
680 18
680 743
680 785
680 987
681 331
681 542
681 80
681 728
681 748
681 812
681 829
682 96
682 640
682 374
683 669
683 324
683 56
684 144
684 278
684 162
685 89
685 567
685 63
685 905
685 935
686 332
686 611
686 507
686 729
686 928
687 632
687 230
687 601
688 405
688 448
688 218
689 582
689 164
689 596
690 10
690 73
690 59
690 771
691 430
691 356
691 158
691 706
691 707
691 811
692 591
692 153
692 2
693 171
693 674
693 16
694 25
694 157
694 154
694 833
695 394
695 171
695 610
695 697
695 853
696 457
696 92
696 549
696 743
696 803
697 24
697 519
697 695
697 742
697 995
698 480
698 223
698 284
698 747
698 941
699 430
699 41
699 197
699 748
699 849
700 582
700 28
700 380
701 375
701 421
701 570
702 73
702 133
702 317
702 929
703 145
703 173
703 562
704 366
704 299
704 292
705 537
705 324
705 245
706 3
706 691
706 6
707 691
707 578
707 29
707 797
707 864
707 915
708 248
708 359
708 375
709 209
709 24
709 230
710 663
710 19
710 8
710 761
711 134
711 244
711 177
711 933
712 574
712 133
712 462
713 17
713 100
713 662
714 122
714 2
714 341
715 275
715 290
715 593
716 197
716 34
716 292
717 99
717 38
717 391
718 421
718 226
718 245
719 627
719 320
719 233
720 127
720 517
720 29
721 422
721 602
721 325
721 733
721 802
722 443
722 511
722 313
722 772
722 813
722 918
722 953
723 202
723 623
723 210
723 774
723 982
724 489
724 530
724 26
725 235
725 58
725 96
726 84
726 32
726 54
727 537
727 92
727 430
728 211
728 13
728 681
729 169
729 364
729 686
730 310
730 292
730 345
731 36
731 507
731 324
732 35
732 264
732 263
733 584
733 84
733 721
733 911
734 648
734 244
734 28
734 860
735 88
735 29
735 649
735 806
735 972
736 75
736 196
736 527
736 775
736 932
737 405
737 394
737 61
738 62
738 423
738 545
739 226
739 574
739 77
740 334
740 240
740 391
741 88
741 341
741 531
741 788
741 790
742 8
742 697
742 49
743 162
743 680
743 696
743 850
744 514
744 206
744 127
745 650
745 147
745 638
746 216
746 464
746 48
747 306
747 698
747 216
747 851
748 19
748 699
748 681
748 908
748 968
748 971
748 978
749 153
749 164
749 27
750 65
750 424
750 638
750 841
750 978
751 166
751 3
751 508
751 758
752 52
752 425
752 62
752 761
752 809
753 56
753 140
753 622
754 560
754 188
754 2
755 615
755 42
755 423
756 154
756 0
756 34
757 134
757 248
757 7
757 874
758 279
758 751
758 49
759 191
759 630
759 519
759 842
760 194
760 311
760 224
760 862
761 710
761 752
761 366
761 919
762 371
762 247
762 89
763 439
763 44
763 264
764 363
764 552
764 616
765 669
765 219
765 399
765 992
766 209
766 291
766 530
767 285
767 193
767 464
767 772
768 93
768 28
768 463
769 388
769 490
769 381
770 404
770 354
770 475
771 178
771 690
771 77
772 767
772 46
772 722
773 2
773 159
773 572
774 723
774 525
774 4
774 825
774 930
775 736
775 61
775 181
776 306
776 56
776 117
777 412
777 184
777 569
777 940
778 470
778 451
778 531
778 999
779 332
779 25
779 31
779 852
779 923
780 229
780 266
780 179
781 555
781 653
781 66
781 875
782 422
782 359
782 381
782 974
783 33
783 302
783 49
784 389
784 320
784 279
784 813
785 680
785 584
785 131
785 896
785 943
786 579
786 195
786 603
786 893
787 17
787 266
787 2
787 839
788 644
788 78
788 741
789 60
789 282
789 631
790 139
790 454
790 741
791 208
791 68
791 1
791 939
792 520
792 48
792 179
792 863
793 521
793 20
793 475
794 119
794 149
794 563
794 877
795 653
795 10
795 295
795 932
796 619
796 664
796 2
796 815
796 937
797 629
797 707
797 364
798 253
798 47
798 198
799 142
799 245
799 91
799 987
800 425
800 13
800 437
800 851
801 19
801 131
801 653
801 808
801 817
801 926
802 57
802 721
802 7
803 359
803 502
803 696
804 637
804 442
804 327
804 910
805 322
805 602
805 629
806 538
806 735
806 148
806 971
807 171
807 509
807 173
808 642
808 801
808 363
809 752
809 301
809 642
810 321
810 11
810 85
811 691
811 105
811 324
812 137
812 311
812 681
813 722
813 330
813 784
813 819
813 826
813 989
814 359
814 594
814 501
815 6
815 539
815 796
816 35
816 536
816 55
817 63
817 503
817 801
817 980
818 101
818 584
818 290
819 567
819 813
819 243
820 488
820 454
820 94
821 259
821 624
821 171
822 238
822 104
822 35
822 955
823 43
823 248
823 8
824 75
824 253
824 13
825 4
825 774
825 101
826 242
826 106
826 813
826 851
826 917
827 14
827 3
827 423
828 186
828 169
828 281
829 681
829 1
829 304
830 533
830 581
830 36
831 453
831 359
831 1
832 103
832 12
832 5
833 347
833 272
833 694
833 945
834 345
834 0
834 42
835 456
835 525
835 355
836 44
836 174
836 416
837 656
837 68
837 61
838 563
838 614
838 0
838 865
839 16
839 787
839 439
840 61
840 554
840 285
841 750
841 647
841 236
841 846
842 759
842 256
842 184
843 48
843 242
843 463
843 876
844 12
844 594
844 7
845 305
845 5
845 20
846 327
846 841
846 617
847 217
847 155
847 369
848 233
848 391
848 2
849 380
849 699
849 89
850 287
850 242
850 743
851 826
851 747
851 800
852 779
852 73
852 38
853 574
853 695
853 406
854 677
854 388
854 455
855 72
855 4
855 408
856 478
856 132
856 201
857 3
857 73
857 353
858 54
858 28
858 57
858 871
859 285
859 667
859 19
860 180
860 205
860 734
861 559
861 576
861 483
862 760
862 353
862 5
863 792
863 562
863 141
864 1
864 707
864 109
865 216
865 838
865 436
866 454
866 635
866 578
867 552
867 263
867 35
868 6
868 520
868 95
869 35
869 145
869 240
870 132
870 116
870 218
871 211
871 858
871 656
872 444
872 2
872 425
873 81
873 328
873 383
873 944
874 20
874 757
874 588
874 880
875 369
875 781
875 448
875 948
876 139
876 272
876 843
877 794
877 469
877 309
878 479
878 216
878 61
878 993
879 455
879 317
879 594
879 934
880 583
880 1
880 874
881 622
881 320
881 314
881 974
882 367
882 562
882 276
883 359
883 619
883 174
884 558
884 224
884 450
884 912
885 332
885 512
885 516
885 977
886 414
886 8
886 171
886 899
887 627
887 231
887 37
888 92
888 558
888 251
889 428
889 23
889 407
890 145
890 5
890 284
891 474
891 230
891 185
892 538
892 361
892 560
892 917
893 444
893 786
893 407
894 671
894 49
894 218
895 497
895 353
895 190
896 785
896 415
896 15
897 9
897 516
897 381
898 239
898 9
898 81
899 528
899 65
899 886
900 658
900 7
900 589
901 330
901 445
901 625
902 6
902 62
902 226
903 139
903 320
903 615
904 552
904 470
904 386
905 685
905 477
905 579
906 64
906 6
906 172
907 233
907 484
907 460
908 221
908 748
908 593
909 66
909 581
909 165
910 804
910 665
910 95
911 378
911 451
911 733
912 48
912 884
912 295
913 359
913 540
913 34
914 334
914 644
914 467
915 20
915 3
915 707
916 78
916 380
916 187
917 826
917 892
917 8
917 954
918 97
918 722
918 70
919 149
919 761
919 249
920 670
920 664
920 128
921 27
921 15
921 93
922 388
922 132
922 71
923 779
923 505
923 503
924 30
924 6
924 387
924 970
925 618
925 13
925 444
926 801
926 100
926 228
927 384
927 10
927 597
928 188
928 87
928 686
929 167
929 546
929 702
930 774
930 374
930 311
931 271
931 40
931 349
932 458
932 795
932 736
933 240
933 711
933 60
934 52
934 879
934 44
935 685
935 419
935 45
936 447
936 451
936 305
937 796
937 635
937 133
938 74
938 46
938 172
939 360
939 16
939 791
940 365
940 103
940 777
941 13
941 698
941 464
942 46
942 600
942 22
943 483
943 525
943 785
944 314
944 508
944 873
945 650
945 3
945 833
946 663
946 153
946 516
947 491
947 233
947 557
948 314
948 163
948 875
949 652
949 291
949 66
950 271
950 2
950 72
950 996
951 54
951 61
951 311
952 524
952 61
952 174
953 722
953 309
953 184
954 230
954 917
954 3
955 323
955 80
955 822
956 311
956 178
956 19
957 45
957 201
957 490
958 11
958 32
958 110
959 373
959 122
959 75
960 490
960 567
960 42
961 223
961 290
961 397
962 97
962 459
962 32
963 646
963 289
963 8
964 42
964 64
964 317
965 263
965 27
965 270
966 10
966 2
966 459
967 8
967 35
967 481
968 748
968 317
968 86
969 211
969 554
969 99
970 924
970 678
970 233
971 748
971 806
971 145
972 530
972 735
972 323
973 5
973 572
973 213
974 782
974 3
974 881
975 18
975 635
975 363
976 8
976 198
976 174
977 574
977 440
977 885
978 49
978 748
978 750
979 323
979 54
979 666
980 817
980 461
980 622
981 480
981 92
981 121
982 723
982 681
982 352
983 315
983 317
983 603
984 370
984 324
984 408
985 267
985 3
985 40
986 166
986 192
986 417
987 799
987 155
987 680
988 10
988 149
988 212
989 4
989 813
989 589
990 543
990 7
990 8
991 419
991 541
991 490
992 765
992 139
992 104
993 878
993 145
993 212
994 44
994 460
994 60
995 619
995 84
995 697
996 190
996 950
996 429
997 157
997 465
997 297
998 328
998 4
998 73
999 12
999 778
999 427
