0 1
0 2
0 3
0 6
0 7
1 0
1 2
1 3
1 4
1 5
2 0
2 1
2 3
2 4
2 7
3 1
3 0
3 2
3 4
3 5
4 1
4 2
4 3
4 5
4 19
5 1
5 4
5 3
5 6
5 8
6 5
6 3
6 0
6 11
6 18
7 3
7 2
7 0
7 23
7 87
8 5
8 1
8 0
8 15
8 24
9 0
9 5
9 1
9 20
9 26
10 5
10 3
10 0
10 13
10 68
11 5
11 1
11 6
11 28
11 51
12 3
12 1
12 2
12 13
12 16
13 1
13 10
13 12
13 17
13 44
14 0
14 3
14 2
14 24
14 39
15 8
15 1
15 2
15 17
15 23
16 12
16 2
16 1
16 27
16 89
17 0
17 15
17 13
17 18
17 22
18 6
18 3
18 17
18 26
18 40
19 4
19 3
19 1
19 31
19 101
20 12
20 9
20 1
20 71
20 78
21 6
21 5
21 3
21 52
21 213
22 17
22 5
22 4
22 25
22 58
23 3
23 15
23 7
23 25
23 42
24 14
24 17
24 8
24 34
24 56
25 23
25 5
25 22
25 34
25 39
26 3
26 18
26 9
26 109
26 142
27 2
27 17
27 16
27 36
27 43
28 2
28 11
28 1
28 29
28 56
29 28
29 5
29 12
29 33
29 53
30 2
30 1
30 4
30 37
30 51
31 19
31 5
31 0
31 32
31 70
32 2
32 31
32 5
32 50
32 54
33 3
33 1
33 29
33 38
33 93
34 0
34 24
34 25
34 45
34 84
35 1
35 3
35 8
35 381
35 415
36 6
36 27
36 5
36 60
36 111
37 3
37 30
37 5
37 82
37 101
38 33
38 2
38 3
38 134
38 187
39 2
39 14
39 25
39 41
39 56
40 0
40 3
40 18
40 70
40 109
41 17
41 25
41 39
41 79
41 220
42 23
42 17
42 14
42 49
42 130
43 27
43 5
43 14
43 49
43 57
44 13
44 0
44 17
44 62
44 224
45 34
45 1
45 23
45 52
45 105
46 1
46 17
46 2
46 52
46 106
47 5
47 2
47 0
47 111
47 668
48 0
48 15
48 13
48 85
48 112
49 3
49 42
49 43
49 89
49 203
50 32
50 2
50 3
50 105
50 123
51 30
51 11
51 2
51 92
51 163
52 46
52 21
52 45
52 63
52 64
53 29
53 0
53 8
53 61
53 73
54 4
54 32
54 9
54 64
54 130
55 17
55 3
55 30
55 270
55 605
56 39
56 28
56 24
56 75
56 137
57 43
57 2
57 1
57 81
57 109
58 22
58 15
58 17
58 62
58 176
59 28
59 3
59 23
59 138
59 186
60 43
60 11
60 36
61 5
61 1
61 53
61 154
61 167
62 24
62 58
62 44
62 75
62 78
63 18
63 52
63 4
63 108
63 122
64 18
64 54
64 52
64 77
64 93
65 13
65 27
65 6
65 220
65 402
66 30
66 27
66 3
66 81
66 98
67 4
67 0
67 2
67 118
67 160
68 8
68 10
68 29
68 99
68 137
69 1
69 12
69 28
69 94
69 169
70 31
70 40
70 39
70 80
70 116
71 30
71 25
71 20
71 118
71 165
72 6
72 39
72 22
72 86
72 92
73 24
73 0
73 53
73 91
73 230
74 52
74 6
74 31
74 114
74 246
75 56
75 62
75 14
75 356
75 388
76 13
76 1
76 5
76 129
76 230
77 6
77 15
77 64
77 211
77 213
78 30
78 62
78 20
78 94
78 131
79 12
79 41
79 0
79 154
79 977
80 0
80 3
80 70
80 115
80 116
81 57
81 66
81 1
81 108
81 132
82 37
82 13
82 62
82 181
82 571
83 1
83 15
83 52
83 86
83 91
84 34
84 22
84 53
84 125
84 147
85 30
85 48
85 5
85 92
85 113
86 83
86 72
86 62
86 94
86 98
87 17
87 31
87 7
87 698
88 2
88 1
88 18
88 116
88 138
89 16
89 49
89 62
89 115
89 170
90 24
90 20
90 28
90 146
90 221
91 16
91 73
91 83
91 151
91 207
92 72
92 85
92 51
92 123
92 148
93 1
93 64
93 33
93 96
93 164
94 78
94 69
94 86
94 164
94 216
95 62
95 3
95 32
95 260
95 296
96 1
96 4
96 93
96 148
96 657
97 14
97 15
97 1
97 223
97 485
98 86
98 66
98 5
98 99
98 107
99 68
99 98
99 17
99 141
99 156
100 1
100 52
100 72
100 353
100 497
101 62
101 19
101 37
101 238
101 281
102 3
102 14
102 20
102 122
102 136
103 14
103 25
103 19
103 158
103 201
104 13
104 14
104 23
104 194
104 967
105 50
105 53
105 45
105 124
105 180
106 46
106 23
106 14
106 112
106 178
107 98
107 27
107 5
107 117
107 438
108 63
108 81
108 22
108 137
108 188
109 57
109 40
109 26
109 134
109 135
110 8
110 3
110 52
110 122
110 310
111 36
111 0
111 47
111 125
111 149
112 106
112 1
112 48
112 261
112 418
113 85
113 3
113 62
113 641
114 13
114 74
114 12
114 216
114 223
115 80
115 53
115 89
115 151
115 171
116 88
116 80
116 70
116 327
116 459
117 2
117 107
117 25
117 119
117 205
118 67
118 71
118 64
118 170
118 239
119 40
119 117
119 33
119 127
119 165
120 0
120 1
120 53
120 307
120 484
121 32
121 37
121 98
121 371
121 690
122 102
122 63
122 110
122 133
122 163
123 92
123 31
123 50
123 127
123 140
124 16
124 105
124 27
124 132
124 145
125 52
125 111
125 84
126 31
126 1
126 70
126 189
126 266
127 119
127 123
127 98
127 129
127 175
128 6
128 36
128 5
128 208
128 271
129 5
129 76
129 127
130 42
130 52
130 54
130 208
130 229
131 78
131 3
131 15
131 238
131 387
132 81
132 5
132 124
132 178
132 333
133 122
133 25
133 98
133 216
133 386
134 38
134 63
134 109
134 162
134 174
135 109
135 3
135 5
135 542
136 0
136 102
136 72
136 143
136 245
137 56
137 68
137 108
137 161
137 193
138 88
138 4
138 59
138 139
138 172
139 138
139 45
139 62
139 283
140 30
140 1
140 123
140 158
140 233
141 99
141 28
141 33
142 17
142 52
142 26
142 629
142 744
143 136
143 37
143 18
143 166
143 385
144 0
144 54
144 25
144 177
144 525
145 13
145 30
145 124
145 181
145 215
146 15
146 40
146 90
146 518
146 603
147 31
147 84
147 3
147 360
147 499
148 92
148 96
148 23
148 256
148 393
149 111
149 31
149 1
149 430
149 579
150 56
150 42
150 31
150 221
150 344
151 91
151 39
151 115
151 276
151 295
152 92
152 4
152 85
152 200
152 240
153 52
153 13
153 33
153 272
153 451
154 61
154 0
154 79
154 191
154 195
155 8
155 28
155 33
155 246
155 591
156 99
156 3
156 4
156 276
156 318
157 1
157 31
157 17
157 372
157 587
158 140
158 5
158 103
158 510
159 1
159 98
159 13
159 508
159 556
160 67
160 2
160 56
160 274
160 365
161 98
161 137
161 17
161 174
161 806
162 3
162 134
162 4
162 466
163 36
163 51
163 122
163 572
163 830
164 93
164 29
164 94
164 210
164 275
165 71
165 119
165 12
165 329
165 448
166 5
166 143
166 28
166 237
166 296
167 16
167 61
167 40
167 290
167 359
168 68
168 33
168 111
168 251
168 319
169 53
169 50
169 69
169 437
169 682
170 118
170 5
170 89
170 276
170 277
171 39
171 115
171 32
171 413
172 3
172 138
172 2
172 226
172 441
173 52
173 2
173 5
174 134
174 161
174 50
174 218
174 228
175 127
175 3
175 5
175 179
175 253
176 58
176 6
176 31
176 177
176 390
177 144
177 176
177 39
177 660
177 752
178 106
178 6
178 132
178 218
178 363
179 19
179 2
179 175
179 264
179 357
180 105
180 14
180 99
180 182
180 541
181 82
181 145
181 1
181 372
181 709
182 39
182 40
182 180
182 406
183 1
183 52
183 98
183 288
183 503
184 17
184 24
184 89
184 211
184 219
185 18
185 1
185 6
185 944
186 6
186 59
186 93
186 292
186 324
187 58
187 38
187 59
188 68
188 108
188 1
188 349
188 739
189 3
189 126
189 46
189 244
189 269
190 1
190 86
190 15
190 773
191 154
191 10
191 106
191 223
191 374
192 40
192 99
192 98
192 538
193 14
193 18
193 137
193 198
193 396
194 104
194 83
194 43
194 209
194 263
195 54
195 86
195 154
195 203
195 257
196 3
196 6
196 10
196 283
196 416
197 3
197 13
197 33
197 202
197 286
198 134
198 193
198 67
198 389
198 855
199 31
199 4
199 62
199 567
199 578
200 152
200 52
200 80
200 451
200 455
201 31
201 103
201 6
201 487
201 521
202 197
202 5
202 53
202 224
202 249
203 49
203 137
203 195
203 238
203 481
204 25
204 52
204 16
204 326
204 367
205 12
205 117
205 13
205 513
205 710
206 83
206 0
206 2
206 240
206 653
207 52
207 91
207 50
207 322
208 128
208 130
208 68
208 267
208 362
209 13
209 48
209 194
209 262
209 316
210 164
210 1
210 81
210 300
210 556
211 77
211 15
211 184
211 225
211 247
212 23
212 19
212 123
212 500
212 977
213 77
213 53
213 21
213 220
213 278
214 36
214 15
214 3
214 354
214 531
215 145
215 80
215 30
215 248
215 273
216 133
216 94
216 114
216 225
216 259
217 70
217 1
217 154
217 324
217 561
218 178
218 174
218 127
218 257
218 649
219 184
219 1
219 99
219 306
219 366
220 41
220 213
220 65
220 221
220 525
221 150
221 220
221 90
221 252
221 291
222 2
222 14
222 29
222 235
222 400
223 191
223 97
223 114
223 256
223 335
224 44
224 202
224 106
224 425
224 447
225 30
225 216
225 211
225 395
225 435
226 172
226 102
226 1
226 321
226 549
227 137
227 77
227 98
227 239
227 242
228 57
228 174
228 1
228 263
229 15
229 130
229 88
229 347
229 421
230 76
230 73
230 18
230 494
230 586
231 17
231 18
231 52
231 247
231 514
232 56
232 73
232 123
232 265
232 383
233 84
233 140
233 28
233 730
234 103
234 92
234 48
234 491
234 777
235 24
235 222
235 1
235 706
235 711
236 52
236 22
236 19
236 303
236 391
237 68
237 166
237 36
237 362
237 421
238 203
238 131
238 101
238 322
238 370
239 9
239 227
239 118
239 284
239 303
240 1
240 152
240 206
240 282
240 310
241 54
241 58
241 24
241 287
241 561
242 20
242 227
242 32
242 244
242 580
243 72
243 111
243 3
243 357
243 397
244 242
244 189
244 44
244 292
244 331
245 9
245 0
245 136
245 246
245 583
246 155
246 245
246 74
246 267
246 298
247 231
247 211
247 0
247 387
247 554
248 215
248 58
248 140
248 459
248 467
249 99
249 202
249 66
249 288
249 376
250 29
250 32
250 94
251 36
251 168
251 44
251 392
251 557
252 1
252 33
252 221
252 748
253 8
253 175
253 86
253 255
253 730
254 52
254 15
254 38
254 259
254 405
255 10
255 253
255 8
256 148
256 223
256 14
256 285
257 218
257 3
257 195
257 396
257 520
258 134
258 195
258 57
258 410
258 490
259 216
259 254
259 98
259 331
259 350
260 102
260 95
260 94
260 399
260 674
261 112
261 68
261 1
261 696
261 782
262 23
262 117
262 209
262 570
262 856
263 228
263 152
263 194
263 589
263 979
264 1
264 43
264 179
265 85
265 23
265 232
265 493
265 642
266 22
266 98
266 126
266 283
266 313
267 246
267 208
267 31
267 301
267 473
268 24
268 88
268 23
268 286
268 509
269 43
269 22
269 189
269 913
270 32
270 140
270 55
270 294
270 565
271 103
271 128
271 28
271 868
272 153
272 5
272 93
272 414
272 518
273 127
273 10
273 215
273 410
273 626
274 160
274 137
274 117
274 322
274 345
275 58
275 174
275 164
275 300
275 515
276 170
276 156
276 151
276 424
276 627
277 154
277 170
277 91
277 398
277 601
278 119
278 70
278 213
278 364
278 370
279 21
279 54
279 10
279 315
279 376
280 52
280 3
280 2
280 416
280 490
281 43
281 101
281 28
281 352
281 380
282 13
282 240
282 136
282 577
283 196
283 139
283 266
283 718
283 791
284 239
284 105
284 32
284 323
284 340
285 18
285 30
285 256
285 291
285 330
286 197
286 189
286 268
286 442
286 741
287 108
287 227
287 241
287 304
287 573
288 249
288 23
288 183
288 605
288 651
289 68
289 62
289 45
290 119
290 167
290 52
291 221
291 189
291 285
291 595
292 244
292 227
292 186
292 457
292 547
293 117
293 137
293 94
293 303
293 365
294 270
294 4
294 67
294 683
294 899
295 151
295 28
295 76
295 302
295 332
296 166
296 53
296 95
296 444
296 449
297 53
297 145
297 71
297 496
297 628
298 105
298 227
298 246
298 471
298 474
299 154
299 54
299 106
300 134
300 275
300 210
300 392
300 434
301 267
301 3
301 2
301 316
301 474
302 108
302 1
302 295
302 374
302 467
303 293
303 239
303 236
303 381
303 654
304 287
304 30
304 11
304 501
305 122
305 5
305 195
305 312
305 671
306 25
306 11
306 219
306 398
306 832
307 120
307 52
307 89
307 836
308 2
308 215
308 78
309 94
309 3
309 92
309 399
309 449
310 110
310 216
310 240
310 519
310 708
311 164
311 2
311 92
311 426
311 497
312 305
312 154
312 5
312 339
312 990
313 52
313 151
313 266
313 371
313 436
314 2
314 105
314 136
315 88
315 279
315 111
315 461
315 771
316 301
316 39
316 209
316 337
316 758
317 18
317 119
317 1
318 156
318 106
318 28
318 429
318 618
319 2
319 168
319 52
319 352
319 678
320 117
320 99
320 56
320 784
320 868
321 226
321 197
321 9
321 763
322 274
322 207
322 238
322 504
322 647
323 103
323 99
323 284
324 217
324 84
324 186
324 380
324 477
325 23
325 95
325 8
325 493
325 691
326 204
326 134
326 110
327 216
327 70
327 116
327 732
328 69
328 152
328 8
328 356
328 981
329 165
329 64
329 18
329 343
329 433
330 30
330 46
330 285
330 362
330 393
331 70
331 259
331 244
331 483
331 529
332 34
332 295
332 17
332 488
332 692
333 295
333 132
333 0
333 443
333 633
334 221
334 1
334 108
335 80
335 223
335 25
335 403
335 439
336 81
336 124
336 23
337 14
337 316
337 30
337 594
337 910
338 29
338 137
338 34
338 445
339 111
339 41
339 312
340 284
340 5
340 13
340 800
341 295
341 69
341 39
341 355
341 416
342 266
342 63
342 126
342 432
342 545
343 221
343 23
343 329
344 227
344 59
344 150
344 517
344 568
345 274
345 118
345 58
345 354
345 379
346 5
346 85
346 0
346 506
346 623
347 229
347 197
347 123
347 433
347 551
348 70
348 41
348 1
349 188
349 50
349 189
349 384
349 550
350 259
350 151
350 170
350 657
350 733
351 140
351 11
351 244
351 631
352 52
352 319
352 281
353 100
353 1
353 46
353 789
354 345
354 214
354 23
354 623
355 56
355 74
355 341
355 545
355 584
356 75
356 134
356 328
356 382
356 527
357 243
357 118
357 179
357 546
357 818
358 73
358 0
358 197
359 152
359 186
359 167
359 575
360 46
360 166
360 147
360 534
360 720
361 49
361 80
361 61
361 572
362 237
362 208
362 330
362 403
362 422
363 178
363 31
363 140
363 454
363 482
364 278
364 6
364 20
364 551
364 565
365 293
365 17
365 160
365 375
365 400
366 66
366 219
366 14
367 122
367 204
367 102
367 377
367 954
368 57
368 61
368 111
369 5
369 15
369 166
369 960
370 278
370 238
370 20
370 411
371 313
371 121
371 223
371 381
371 432
372 181
372 28
372 157
372 414
372 468
373 46
373 98
373 73
374 186
374 191
374 302
374 447
374 700
375 17
375 365
375 1
375 478
376 279
376 249
376 197
376 409
377 367
377 78
377 56
377 383
377 404
378 56
378 5
378 106
378 976
379 202
379 101
379 345
379 827
380 281
380 324
380 32
380 582
380 755
381 35
381 303
381 371
381 680
382 70
382 356
382 69
382 446
383 377
383 232
383 223
383 718
383 906
384 349
384 0
384 166
384 436
384 542
385 143
385 151
385 216
385 752
386 1
386 106
386 133
386 478
386 693
387 131
387 118
387 247
388 75
388 221
388 68
388 708
389 75
389 198
389 18
389 591
390 167
390 176
390 105
390 502
390 722
391 236
391 39
391 57
391 830
392 251
392 300
392 13
392 474
392 523
393 330
393 92
393 148
393 697
393 812
394 138
394 85
394 5
394 409
394 566
395 8
395 225
395 62
395 575
395 630
396 2
396 257
396 193
396 401
396 419
397 92
397 243
397 5
397 725
397 906
398 0
398 277
398 306
398 404
398 679
399 309
399 156
399 260
399 429
399 469
400 222
400 365
400 1
400 563
401 132
401 396
401 8
401 414
401 523
402 259
402 65
402 95
402 457
402 557
403 362
403 335
403 101
403 479
403 703
404 168
404 377
404 398
404 643
405 37
405 254
405 15
405 507
406 98
406 182
406 213
406 729
406 854
407 21
407 101
407 56
408 216
408 75
408 184
408 576
408 621
409 12
409 376
409 394
409 515
409 604
410 273
410 258
410 134
410 498
410 825
411 98
411 370
411 281
411 609
412 48
412 179
412 1
412 547
412 846
413 249
413 221
413 171
414 372
414 401
414 272
414 512
414 533
415 61
415 34
415 35
415 626
415 652
416 196
416 341
416 280
416 966
417 74
417 63
417 259
418 14
418 112
418 81
418 569
418 599
419 3
419 396
419 95
419 492
419 499
420 17
420 3
420 215
421 237
421 52
421 229
421 961
422 362
422 9
422 119
422 529
422 676
423 0
423 63
423 127
423 535
423 609
424 14
424 32
424 276
424 596
424 636
425 6
425 197
425 224
425 573
425 602
426 109
426 311
426 164
426 463
426 555
427 209
427 197
427 18
427 478
427 511
428 119
428 227
428 365
429 318
429 399
429 35
429 449
430 149
430 227
430 4
430 502
430 655
431 119
431 40
431 101
431 721
432 24
432 342
432 371
433 329
433 347
433 168
433 814
433 875
434 13
434 300
434 18
434 532
434 887
435 225
435 84
435 126
435 606
435 656
436 313
436 384
436 72
437 3
437 15
437 169
437 571
437 940
438 103
438 36
438 107
438 469
438 521
439 164
439 335
439 50
440 40
440 362
440 313
440 617
441 5
441 172
441 2
441 744
442 286
442 168
442 15
442 608
443 80
443 49
443 333
443 802
444 28
444 58
444 296
444 681
444 894
445 238
445 338
445 143
445 928
446 152
446 382
446 15
447 374
447 224
447 102
447 595
447 794
448 92
448 18
448 165
449 429
449 296
449 309
449 473
449 544
450 53
450 281
450 237
450 624
450 640
451 153
451 200
451 37
451 454
452 151
452 140
452 209
452 513
452 686
453 39
453 7
453 209
453 741
454 363
454 330
454 451
454 582
454 648
455 274
455 208
455 200
455 677
455 824
456 197
456 68
456 13
457 402
457 341
457 292
457 578
458 195
458 48
458 103
458 559
458 600
459 248
459 116
459 209
460 5
460 85
460 191
460 679
460 736
461 8
461 68
461 315
462 151
462 46
462 25
462 505
462 558
463 117
463 426
463 0
464 195
464 33
464 9
465 66
465 73
465 51
465 808
466 101
466 2
466 162
466 482
466 569
467 248
467 19
467 302
468 92
468 3
468 372
468 713
468 734
469 399
469 19
469 438
469 470
469 538
470 469
470 94
470 122
470 618
471 151
471 1
471 298
471 743
472 51
472 309
472 221
473 53
473 449
473 267
473 712
474 301
474 298
474 392
474 652
474 709
475 5
475 36
475 225
476 4
476 225
476 124
476 494
476 620
477 143
477 324
477 39
478 375
478 386
478 427
479 403
479 17
479 154
479 710
480 5
480 124
480 174
481 5
481 203
481 36
481 612
481 691
482 466
482 4
482 363
482 537
482 951
483 8
483 331
483 122
483 847
483 985
484 120
484 101
484 223
484 806
485 1
485 97
485 174
486 341
486 4
486 131
486 962
487 201
487 5
487 106
487 597
487 731
488 59
488 332
488 108
488 589
488 607
489 14
489 51
489 31
489 861
489 880
490 258
490 298
490 280
490 658
491 14
491 2
491 234
491 777
492 17
492 419
492 371
492 814
492 970
493 325
493 265
493 8
494 230
494 476
494 52
494 514
494 958
495 52
495 186
495 0
495 974
496 108
496 297
496 107
496 608
496 662
497 98
497 100
497 311
497 498
497 821
498 138
498 497
498 410
498 558
499 147
499 419
499 399
499 526
499 729
500 212
500 13
500 22
500 661
501 156
501 304
501 54
501 519
502 1
502 390
502 430
502 648
502 827
503 183
503 37
503 119
503 962
504 322
504 128
504 300
505 462
505 86
505 39
505 789
506 145
506 346
506 274
506 751
507 28
507 156
507 405
507 552
508 295
508 1
508 159
508 584
509 189
509 67
509 268
510 1
510 158
510 52
510 574
510 712
511 427
511 119
511 10
511 804
512 52
512 75
512 414
512 624
512 998
513 452
513 330
513 205
514 92
514 494
514 231
514 548
514 580
515 30
515 409
515 275
516 102
516 59
516 124
516 535
517 344
517 54
517 118
517 597
518 272
518 146
518 56
518 742
518 768
519 30
519 501
519 310
520 257
520 94
520 2
521 438
521 201
521 83
521 650
521 741
522 28
522 274
522 9
523 401
523 54
523 392
524 83
524 285
524 240
524 553
524 559
525 25
525 220
525 144
525 769
525 934
526 1
526 499
526 137
526 650
527 99
527 40
527 356
527 862
527 905
528 243
528 37
528 106
528 734
529 331
529 59
529 422
529 677
529 810
530 3
530 0
530 23
530 616
530 992
531 97
531 214
531 110
531 661
532 39
532 434
532 362
532 652
533 414
533 94
533 274
534 215
534 184
534 360
535 516
535 5
535 423
535 789
536 52
536 50
536 191
536 595
536 679
537 5
537 259
537 482
537 964
538 192
538 5
538 469
539 132
539 14
539 257
539 743
539 772
540 5
540 8
540 91
540 793
540 959
541 168
541 180
541 3
541 903
542 135
542 50
542 384
542 585
542 665
543 65
543 115
543 1
544 98
544 449
544 13
545 342
545 355
545 94
545 689
545 834
546 193
546 14
546 357
547 292
547 186
547 412
548 514
548 9
548 148
549 226
549 152
549 107
549 562
550 349
550 10
550 27
550 936
551 364
551 203
551 347
551 791
552 507
552 23
552 116
552 938
553 524
553 26
553 133
553 647
554 247
554 166
554 1
554 707
555 1
555 426
555 179
555 922
556 210
556 145
556 159
556 635
556 886
557 1
557 251
557 402
558 462
558 331
558 498
558 703
558 890
559 524
559 458
559 0
559 824
560 1
560 106
560 84
560 719
560 731
561 217
561 241
561 4
561 696
562 30
562 52
562 549
562 799
563 14
563 400
563 202
564 133
564 118
564 54
564 855
565 364
565 54
565 270
565 851
566 164
566 394
566 29
567 170
567 199
567 174
567 579
567 698
568 86
568 31
568 344
568 749
568 786
569 418
569 466
569 248
569 851
569 898
570 200
570 11
570 262
570 783
570 871
571 6
571 82
571 437
571 802
572 361
572 62
572 163
572 636
573 287
573 425
573 89
573 735
573 840
574 510
574 138
574 88
575 359
575 395
575 13
576 98
576 408
576 15
576 828
577 14
577 282
577 77
578 457
578 111
578 199
578 635
578 793
579 567
579 149
579 66
579 955
580 59
580 242
580 514
581 394
581 295
581 1
581 632
582 380
582 110
582 454
582 933
583 245
583 151
583 15
583 921
584 189
584 355
584 508
584 622
584 817
585 542
585 6
585 5
586 356
586 259
586 230
586 672
586 707
587 25
587 157
587 112
588 42
588 101
588 302
588 599
589 488
589 0
589 263
589 607
589 658
590 164
590 0
590 106
590 891
591 247
591 389
591 155
592 14
592 20
592 85
592 623
592 975
593 272
593 356
593 362
593 700
593 885
594 341
594 337
594 9
595 536
595 447
595 291
595 755
595 850
596 424
596 36
596 81
597 517
597 487
597 36
597 774
597 879
598 133
598 197
598 148
599 588
599 17
599 418
599 989
600 458
600 41
600 32
600 992
601 53
601 259
601 277
602 196
602 195
602 425
602 822
602 969
603 12
603 75
603 146
603 642
604 409
604 88
604 150
604 884
605 3
605 55
605 288
606 80
606 435
606 191
606 841
606 860
607 330
607 488
607 589
608 144
608 496
608 442
608 835
608 931
609 411
609 63
609 423
610 13
610 117
610 99
611 189
611 244
611 64
612 119
612 481
612 73
612 747
612 874
613 110
613 0
613 6
613 984
614 274
614 43
614 52
615 144
615 3
615 210
616 530
616 1
616 6
617 295
617 440
617 242
617 756
617 809
618 318
618 470
618 414
618 717
618 859
619 39
619 105
619 42
619 687
619 938
620 160
620 384
620 476
621 124
621 426
621 408
621 724
622 238
622 274
622 584
622 676
622 989
623 354
623 592
623 346
623 681
624 116
624 512
624 450
624 655
624 663
625 284
625 195
625 146
626 415
626 106
626 273
627 514
627 95
627 276
628 514
628 297
628 106
629 142
629 195
629 364
629 701
629 792
630 284
630 34
630 395
630 689
630 857
631 438
631 351
631 409
631 932
632 581
632 32
632 217
633 356
633 333
633 384
633 656
634 6
634 238
634 240
635 556
635 578
635 148
635 677
635 766
636 572
636 424
636 18
637 311
637 49
637 347
637 896
638 52
638 54
638 148
639 37
639 270
639 1
640 36
640 2
640 450
640 753
641 15
641 113
641 14
642 265
642 215
642 603
642 796
643 404
643 251
643 98
643 786
643 879
644 242
644 77
644 154
645 302
645 364
645 9
645 670
645 804
646 43
646 238
646 42
647 553
647 335
647 322
647 682
647 787
648 502
648 1
648 454
648 733
649 218
649 170
649 12
649 739
650 526
650 150
650 521
650 813
651 275
651 288
651 414
652 474
652 415
652 532
653 395
653 29
653 206
653 693
654 303
654 0
654 85
655 24
655 624
655 430
655 768
656 20
656 633
656 435
657 3
657 350
657 96
657 820
658 490
658 22
658 589
658 702
659 57
659 16
659 59
660 177
660 424
660 193
661 14
661 500
661 531
662 496
662 54
662 23
663 24
663 624
663 0
664 5
664 249
664 94
665 542
665 423
665 29
666 488
666 392
666 6
666 980
667 107
667 29
667 542
667 919
668 47
668 6
668 152
669 4
669 56
669 70
670 13
670 645
670 0
670 882
671 61
671 305
671 204
671 814
672 196
672 1
672 586
673 152
673 126
673 218
673 694
673 912
674 415
674 260
674 222
675 408
675 1
675 3
675 720
675 762
676 1
676 622
676 422
676 770
676 795
677 529
677 635
677 455
677 889
678 154
678 6
678 319
679 398
679 536
679 460
680 536
680 381
680 426
681 444
681 99
681 623
682 75
682 169
682 647
682 896
682 984
683 294
683 236
683 251
684 1
684 20
684 9
685 144
685 241
685 223
686 156
686 1
686 452
686 701
687 128
687 43
687 619
688 12
688 59
688 23
688 991
689 545
689 630
689 56
690 154
690 1
690 121
691 130
691 325
691 481
692 426
692 466
692 332
693 386
693 653
693 2
693 883
693 896
694 673
694 56
694 230
695 372
695 30
695 189
696 261
696 561
696 94
696 895
697 415
697 393
697 75
698 87
698 567
698 64
699 54
699 13
699 20
699 746
699 890
700 593
700 374
700 209
700 773
701 629
701 1
701 686
701 920
702 658
702 132
702 103
703 108
703 558
703 403
703 931
704 26
704 1
704 178
704 732
705 62
705 122
705 196
705 823
706 242
706 235
706 20
707 32
707 554
707 586
708 310
708 99
708 388
708 842
708 986
709 249
709 181
709 474
710 479
710 205
710 43
710 753
711 26
711 235
711 50
712 223
712 473
712 510
712 749
712 905
713 209
713 468
713 110
713 913
714 295
714 276
714 219
715 63
715 243
715 201
715 727
716 50
716 384
716 243
716 759
717 454
717 618
717 101
718 62
718 283
718 383
719 560
719 30
719 67
720 360
720 16
720 675
720 755
720 816
721 18
721 356
721 431
722 25
722 390
722 205
722 785
723 52
723 260
723 33
723 908
724 201
724 621
724 589
724 856
724 912
725 397
725 1
725 126
725 734
725 770
726 43
726 101
726 23
727 715
727 469
727 70
727 761
728 197
728 56
728 297
728 993
729 374
729 499
729 406
730 401
730 233
730 253
730 838
730 914
731 37
731 560
731 487
731 782
732 704
732 130
732 327
733 27
733 648
733 350
733 754
734 468
734 725
734 528
734 917
734 927
735 73
735 573
735 344
736 418
736 460
736 17
736 865
737 0
737 32
737 208
738 210
738 123
738 2
739 188
739 2
739 649
739 757
739 927
740 195
740 132
740 14
741 286
741 521
741 453
742 430
742 518
742 267
743 471
743 539
743 3
743 965
744 441
744 356
744 142
745 23
745 223
745 85
746 253
746 402
746 699
746 804
746 897
747 612
747 105
747 2
748 94
748 4
748 252
748 759
748 929
749 568
749 23
749 712
749 980
750 14
750 9
750 241
750 941
751 15
751 506
751 31
751 803
752 11
752 385
752 177
752 925
752 982
753 640
753 710
753 23
754 403
754 733
754 49
754 780
755 595
755 720
755 380
755 975
756 295
756 127
756 617
756 767
757 216
757 47
757 739
757 800
758 204
758 316
758 21
759 331
759 748
759 716
760 195
760 119
760 73
761 210
761 177
761 727
762 675
762 70
762 99
762 934
763 321
763 217
763 63
763 875
764 80
764 111
764 403
764 880
765 14
765 148
765 232
766 635
766 46
766 69
767 27
767 756
767 239
768 333
768 655
768 518
768 771
769 356
769 525
769 99
770 676
770 725
770 3
771 768
771 315
771 62
771 917
772 539
772 63
772 624
773 700
773 190
773 350
774 597
774 211
774 454
774 911
774 926
775 24
775 44
775 43
776 191
776 122
776 81
777 491
777 73
777 234
777 832
777 867
778 13
778 83
778 0
779 68
779 242
779 54
780 175
780 754
780 178
780 865
780 928
781 69
781 496
781 281
781 844
781 864
782 148
782 261
782 731
782 801
782 948
783 356
783 223
783 570
784 320
784 295
784 201
785 722
785 78
785 518
786 643
786 134
786 568
786 835
787 395
787 109
787 647
787 811
787 849
788 647
788 110
788 295
789 535
789 505
789 353
789 993
790 86
790 119
790 34
791 114
791 551
791 283
792 629
792 5
792 50
793 1
793 578
793 540
794 78
794 325
794 447
795 676
795 7
795 138
796 34
796 15
796 642
796 894
796 940
797 88
797 57
797 58
798 274
798 62
798 201
798 944
799 562
799 427
799 280
800 340
800 757
800 298
800 807
801 178
801 782
801 7
802 514
802 443
802 571
803 296
803 751
803 169
803 971
804 511
804 645
804 746
804 809
804 886
805 344
805 204
805 41
806 484
806 161
806 32
807 248
807 800
807 330
808 465
808 5
808 203
809 191
809 804
809 617
810 529
810 127
810 138
811 35
811 787
811 287
812 83
812 435
812 393
813 94
813 650
813 102
814 492
814 671
814 433
815 72
815 292
815 66
816 720
816 167
816 635
817 567
817 584
817 23
818 105
818 154
818 357
818 862
818 952
819 568
819 197
819 124
820 68
820 8
820 657
821 497
821 25
821 276
821 842
821 934
822 94
822 119
822 602
823 5
823 118
823 705
824 72
824 455
824 559
824 899
825 410
825 380
825 0
826 75
826 298
826 40
827 189
827 502
827 379
827 829
828 244
828 576
828 109
829 720
829 362
829 827
829 957
830 391
830 163
830 301
831 244
831 74
831 253
832 777
832 28
832 306
832 907
833 120
833 100
833 240
834 101
834 545
834 247
834 840
835 786
835 608
835 545
836 307
836 210
836 7
836 879
837 3
837 152
837 624
838 176
838 77
838 730
839 283
839 487
839 393
840 266
840 573
840 834
841 65
841 606
841 288
842 821
842 708
842 396
843 0
843 305
843 189
844 166
844 781
844 239
845 32
845 50
845 178
846 412
846 20
846 3
847 132
847 28
847 483
848 17
848 163
848 203
849 83
849 787
849 239
850 425
850 42
850 595
850 859
851 569
851 565
851 209
851 899
852 97
852 61
852 137
853 13
853 17
853 131
854 155
854 71
854 406
854 945
855 564
855 198
855 227
856 262
856 46
856 724
857 17
857 152
857 630
857 966
858 89
858 372
858 137
859 20
859 618
859 850
860 606
860 18
860 315
861 489
861 14
861 224
862 527
862 818
862 20
862 976
863 306
863 100
863 276
864 781
864 71
864 98
865 780
865 91
865 736
866 13
866 121
866 153
867 488
867 148
867 777
868 322
868 320
868 271
869 253
869 281
869 223
869 999
870 93
870 36
870 148
871 2
871 106
871 570
872 94
872 617
872 424
873 144
873 247
873 73
873 983
874 331
874 279
874 612
874 967
875 763
875 433
875 586
876 86
876 243
876 3
877 274
877 487
877 244
878 106
878 242
878 82
879 643
879 836
879 597
880 71
880 764
880 489
881 341
881 227
881 28
882 670
882 5
882 273
882 969
883 14
883 693
883 331
884 145
884 604
884 425
885 167
885 260
885 593
885 900
886 556
886 71
886 804
887 195
887 434
887 197
888 313
888 243
888 23
889 423
889 677
889 243
890 699
890 558
890 0
891 590
891 347
891 392
892 303
892 20
892 73
893 403
893 324
893 151
894 444
894 796
894 360
894 929
895 259
895 696
895 277
896 637
896 682
896 693
897 279
897 23
897 746
898 6
898 569
898 68
899 851
899 824
899 294
900 885
900 140
900 17
900 968
900 983
901 302
901 277
901 89
902 4
902 293
902 3
903 193
903 541
903 17
903 965
904 423
904 25
904 11
905 24
905 527
905 712
906 383
906 568
906 397
907 123
907 832
907 167
908 424
908 723
908 23
909 449
909 0
909 305
910 33
910 337
910 167
910 918
910 995
911 545
911 774
911 35
911 994
912 673
912 724
912 61
913 269
913 713
913 85
913 999
914 30
914 730
914 277
915 487
915 156
915 469
916 425
916 69
916 595
917 595
917 734
917 771
917 939
918 910
918 423
918 94
919 667
919 216
919 35
920 156
920 701
920 217
920 924
921 210
921 279
921 583
922 555
922 50
922 295
923 8
923 673
923 166
924 8
924 920
924 74
925 752
925 216
925 3
926 20
926 774
926 31
926 956
927 386
927 734
927 739
928 274
928 780
928 445
929 573
929 748
929 894
930 12
930 134
930 164
931 703
931 145
931 608
932 331
932 274
932 631
933 43
933 247
933 582
934 821
934 762
934 525
935 153
935 525
935 70
936 347
936 147
936 550
937 243
937 26
937 59
938 619
938 521
938 552
939 239
939 30
939 917
940 437
940 796
940 82
941 481
941 56
941 750
941 953
942 169
942 55
942 43
943 325
943 558
943 458
944 185
944 798
944 124
945 5
945 854
945 23
946 169
946 433
946 198
947 180
947 240
947 693
948 324
948 364
948 782
949 177
949 11
949 124
950 179
950 63
950 13
951 482
951 88
951 298
952 184
952 818
952 422
953 941
953 105
953 215
954 35
954 458
954 367
954 976
955 23
955 579
955 374
955 958
956 279
956 926
956 16
957 829
957 22
957 270
958 955
958 164
958 494
959 540
959 310
959 4
960 369
960 283
960 50
961 245
961 159
961 421
962 503
962 41
962 486
963 157
963 50
963 25
964 537
964 1
964 246
965 903
965 1
965 743
966 416
966 122
966 857
967 3
967 104
967 874
968 900
968 133
968 154
968 979
969 602
969 210
969 882
970 332
970 488
970 492
971 803
971 215
971 110
971 993
972 377
972 246
972 3
973 123
973 203
973 189
974 1
974 211
974 495
975 16
975 755
975 592
976 862
976 378
976 954
977 212
977 79
977 58
978 75
978 202
978 235
979 968
979 211
979 263
980 218
980 666
980 749
981 330
981 274
981 328
982 752
982 335
982 216
983 900
983 873
983 787
984 613
984 176
984 682
985 567
985 383
985 483
986 787
986 330
986 708
987 148
987 406
987 122
988 114
988 203
988 166
989 622
989 599
989 597
990 3
990 586
990 312
991 40
991 688
991 249
992 530
992 600
992 52
993 789
993 728
993 971
994 137
994 911
994 6
995 910
995 13
995 51
996 108
996 159
996 69
997 42
997 68
997 88
998 227
998 512
998 401
999 869
999 1
999 913
