0 1
0 2
0 3
1 0
1 2
1 3
2 0
2 1
2 3
3 1
3 0
3 2
4 3
4 1
4 0
5 0
5 1
5 2
6 1
6 0
6 5
7 0
7 3
7 5
8 3
8 4
8 0
9 5
9 3
9 1
10 9
10 1
10 0
11 1
11 5
11 0
12 9
12 1
12 8
13 10
13 2
13 6
14 4
14 6
14 5
15 1
15 13
15 5
16 0
16 2
16 6
17 13
17 6
17 10
18 1
18 5
18 3
19 2
19 9
19 1
20 5
20 16
20 0
21 0
21 3
21 7
22 2
22 18
22 0
23 5
23 20
23 3
24 17
24 5
24 23
25 8
25 1
25 0
26 6
26 0
26 9
27 5
27 8
27 19
28 2
28 6
28 7
29 0
29 28
29 2
30 10
30 27
30 6
31 6
31 19
31 2
32 18
32 17
32 11
33 3
33 1
33 8
34 18
34 0
34 30
35 21
35 27
35 11
36 4
36 10
36 0
37 2
37 0
37 4
38 23
38 9
38 36
39 0
39 3
39 1
40 0
40 3
40 10
41 3
41 1
41 34
42 13
42 5
42 0
43 8
43 4
43 7
44 37
44 1
44 6
45 3
45 25
45 35
46 9
46 3
46 0
47 3
47 4
47 0
48 12
48 1
48 3
49 37
49 14
49 4
50 19
50 12
50 27
51 3
51 21
51 27
52 6
52 0
52 31
53 5
53 0
53 14
54 42
54 4
54 13
55 0
55 13
55 11
56 0
56 18
56 37
57 0
57 41
57 40
58 10
58 7
58 4
59 23
59 54
59 5
60 39
60 57
60 8
61 5
61 36
61 4
62 2
62 36
62 35
63 38
63 35
63 45
64 51
64 14
64 2
65 18
65 43
65 1
66 37
66 11
66 6
67 35
67 16
67 2
68 22
68 66
68 2
69 1
69 0
69 6
70 5
70 54
70 51
71 5
71 64
71 33
72 5
72 47
72 36
73 2
73 68
73 70
74 5
74 0
74 15
75 72
75 13
75 52
76 13
76 18
76 16
77 75
77 10
77 47
78 8
78 21
78 7
79 42
79 40
79 62
80 23
80 19
80 2
81 35
81 61
81 64
82 2
82 3
82 5
83 20
83 68
83 18
84 3
84 5
84 83
85 5
85 19
85 2
86 76
86 27
86 2
87 71
87 59
87 0
88 86
88 3
88 9
89 31
89 85
89 43
90 83
90 0
90 12
91 4
91 45
91 70
92 62
92 46
92 4
93 25
93 3
93 16
94 77
94 2
94 16
95 45
95 37
95 23
96 6
96 68
96 1
97 82
97 58
97 0
98 29
98 0
98 86
99 1
99 19
99 69
