0 1
0 2
0 3
1 0
1 2
1 3
2 0
2 1
2 3
3 1
3 2
3 0
4 2
4 3
4 1
5 1
5 0
5 3
6 3
6 2
6 1
7 0
7 5
7 2
8 0
8 2
8 3
9 0
9 4
9 5
10 0
10 3
10 2
11 3
11 4
11 5
12 2
12 1
12 3
13 10
13 11
13 0
14 0
14 2
14 3
15 2
15 0
15 3
16 6
16 0
16 3
17 3
17 0
17 11
18 0
18 11
18 1
19 1
19 3
19 0
20 0
20 1
20 6
21 1
21 2
21 6
22 11
22 14
22 3
23 9
23 2
23 3
24 0
24 3
24 2
25 6
25 22
25 9
26 9
26 0
26 8
27 9
27 14
27 0
28 2
28 1
28 3
29 24
29 26
29 2
30 14
30 3
30 8
31 22
31 9
31 14
32 2
32 3
32 1
33 11
33 2
33 3
34 29
34 19
34 9
35 29
35 19
35 3
36 21
36 16
36 15
37 29
37 3
37 1
38 11
38 0
38 4
39 10
39 13
39 0
40 34
40 3
40 23
41 9
41 21
41 37
42 38
42 2
42 1
43 3
43 15
43 21
44 19
44 20
44 21
45 23
45 3
45 18
46 2
46 30
46 34
47 3
47 0
47 15
48 45
48 43
48 29
49 0
49 1
49 31
50 6
50 42
50 17
51 8
51 38
51 0
52 21
52 23
52 15
53 14
53 21
53 31
54 10
54 50
54 11
55 0
55 21
55 13
56 4
56 3
56 17
57 29
57 5
57 45
58 19
58 37
58 1
59 0
59 28
59 1
60 1
60 36
60 0
61 0
61 43
61 7
62 0
62 44
62 52
63 57
63 2
63 0
64 30
64 4
64 19
65 60
65 17
65 0
66 17
66 0
66 9
67 3
67 21
67 0
68 21
68 23
68 0
69 2
69 43
69 62
70 36
70 31
70 59
71 31
71 21
71 4
72 47
72 3
72 70
73 3
73 0
73 61
74 3
74 6
74 38
75 0
75 9
75 38
76 9
76 1
76 19
77 2
77 31
77 3
78 69
78 8
78 62
79 8
79 27
79 3
80 37
80 74
80 3
81 19
81 21
81 44
82 62
82 1
82 74
83 49
83 0
83 21
84 0
84 17
84 3
85 52
85 14
85 28
86 37
86 58
86 82
87 58
87 3
87 80
88 34
88 50
88 0
89 6
89 42
89 8
90 45
90 21
90 87
91 8
91 45
91 6
92 13
92 47
92 37
93 38
93 87
93 3
94 14
94 50
94 44
95 28
95 9
95 3
96 44
96 0
96 22
97 6
97 9
97 78
98 50
98 3
98 4
99 63
99 98
99 35
100 45
100 84
100 63
101 50
101 90
101 40
102 32
102 1
102 21
103 44
103 18
103 19
104 17
104 4
104 74
105 14
105 3
105 78
106 81
106 36
106 4
107 26
107 102
107 46
108 16
108 3
108 63
109 58
109 12
109 21
110 105
110 2
110 14
111 24
111 37
111 48
112 70
112 0
112 45
113 3
113 57
113 49
114 64
114 108
114 24
115 3
115 12
115 15
116 9
116 0
116 4
117 12
117 78
117 103
118 93
118 98
118 23
119 14
119 3
119 65
120 41
120 14
120 1
121 44
121 45
121 7
122 103
122 34
122 12
123 43
123 32
123 3
124 29
124 18
124 79
125 18
125 98
125 15
126 14
126 62
126 78
127 2
127 38
127 98
128 97
128 43
128 117
129 3
129 111
129 77
130 30
130 45
130 32
131 86
131 9
131 63
132 92
132 21
132 125
133 124
133 132
133 44
134 53
134 116
134 54
135 73
135 38
135 2
136 30
136 18
136 31
137 18
137 67
137 118
138 137
138 3
138 40
139 62
139 128
139 0
140 138
140 11
140 116
141 31
141 7
141 19
142 141
142 9
142 114
143 0
143 62
143 3
144 9
144 12
144 15
145 21
145 119
145 28
146 34
146 45
146 62
147 15
147 8
147 49
148 3
148 72
148 49
149 1
149 78
149 24
150 3
150 38
150 147
151 29
151 2
151 13
152 3
152 32
152 1
153 81
153 21
153 73
154 76
154 98
154 42
155 96
155 13
155 29
156 37
156 5
156 0
157 131
157 108
157 1
158 0
158 43
158 123
159 67
159 54
159 38
160 124
160 78
160 15
161 62
161 2
161 20
162 92
162 139
162 2
163 3
163 4
163 38
164 14
164 41
164 95
165 128
165 91
165 106
166 11
166 28
166 70
167 80
167 102
167 98
168 141
168 149
168 28
169 22
169 6
169 19
170 0
170 26
170 73
171 38
171 58
171 0
172 0
172 53
172 12
173 3
173 141
173 16
174 28
174 38
174 24
175 20
175 108
175 41
176 91
176 20
176 63
177 24
177 33
177 80
178 21
178 140
178 108
179 15
179 83
179 3
180 118
180 2
180 0
181 133
181 139
181 53
182 152
182 20
182 48
183 81
183 78
183 14
184 80
184 79
184 47
185 47
185 14
185 92
186 42
186 87
186 29
187 183
187 19
187 3
188 110
188 108
188 152
189 20
189 12
189 29
190 105
190 22
190 41
191 7
191 3
191 140
192 7
192 31
192 38
193 15
193 9
193 33
194 1
194 54
194 49
195 100
195 189
195 82
196 182
196 50
196 157
197 24
197 52
197 140
198 109
198 18
198 146
199 44
199 46
199 22
200 1
200 14
200 81
201 8
201 80
201 9
202 78
202 88
202 0
203 119
203 0
203 61
204 138
204 167
204 108
205 72
205 9
205 24
206 2
206 67
206 182
207 9
207 127
207 135
208 180
208 0
208 82
209 191
209 46
209 53
210 28
210 80
210 9
211 63
211 169
211 149
212 177
212 3
212 98
213 0
213 152
213 141
214 116
214 62
214 10
215 9
215 21
215 2
216 165
216 183
216 195
217 139
217 133
217 17
218 54
218 49
218 3
219 183
219 80
219 3
220 2
220 0
220 128
221 197
221 135
221 128
222 179
222 175
222 27
223 137
223 60
223 142
224 73
224 81
224 16
225 29
225 2
225 9
226 169
226 98
226 40
227 53
227 2
227 73
228 83
228 7
228 43
229 62
229 0
229 149
230 44
230 43
230 65
231 2
231 139
231 41
232 62
232 123
232 20
233 7
233 15
233 2
234 134
234 133
234 230
235 218
235 31
235 121
236 117
236 93
236 98
237 166
237 98
237 23
238 14
238 191
238 86
239 10
239 176
239 186
240 3
240 14
240 21
241 49
241 0
241 92
242 0
242 78
242 18
243 131
243 57
243 153
244 49
244 92
244 176
245 159
245 2
245 3
246 0
246 146
246 209
247 3
247 240
247 2
248 178
248 132
248 14
249 37
249 179
249 36
250 33
250 105
250 21
251 176
251 43
251 21
252 108
252 83
252 1
253 171
253 98
253 203
254 54
254 0
254 4
255 250
255 8
255 35
256 7
256 29
256 14
257 129
257 192
257 14
258 152
258 49
258 0
259 22
259 175
259 240
260 180
260 43
260 98
261 239
261 164
261 209
262 2
262 91
262 63
263 39
263 25
263 93
264 45
264 31
264 14
265 65
265 2
265 15
266 3
266 72
266 224
267 232
267 211
267 1
268 34
268 124
268 82
269 93
269 38
269 14
270 103
270 53
270 119
271 83
271 34
271 138
272 166
272 8
272 245
273 0
273 15
273 14
274 2
274 191
274 168
275 38
275 62
275 3
276 21
276 66
276 189
277 63
277 145
277 134
278 0
278 30
278 38
279 127
279 32
279 261
280 204
280 3
280 170
281 129
281 145
281 73
282 11
282 242
282 46
283 104
283 142
283 129
284 0
284 114
284 161
285 218
285 57
285 73
286 271
286 15
286 68
287 14
287 2
287 6
288 0
288 3
288 62
289 45
289 82
289 1
290 2
290 210
290 23
291 14
291 25
291 38
292 74
292 262
292 22
293 0
293 128
293 94
294 33
294 75
294 38
295 3
295 256
295 2
296 3
296 6
296 8
297 179
297 14
297 17
298 18
298 40
298 2
299 226
299 233
299 30
300 4
300 59
300 58
301 137
301 8
301 3
302 300
302 184
302 14
303 35
303 63
303 0
304 4
304 91
304 220
305 21
305 142
305 60
306 279
306 26
306 71
307 128
307 121
307 57
308 81
308 132
308 250
309 152
309 45
309 91
310 9
310 4
310 210
311 189
311 0
311 1
312 303
312 269
312 98
313 27
313 180
313 62
314 210
314 21
314 12
315 134
315 3
315 34
316 3
316 114
316 17
317 3
317 0
317 203
318 87
318 31
318 23
319 1
319 266
319 207
320 252
320 3
320 29
321 0
321 179
321 140
322 62
322 114
322 3
323 179
323 164
323 41
324 12
324 2
324 114
325 28
325 93
325 69
326 15
326 50
326 30
327 3
327 326
327 11
328 142
328 90
328 266
329 9
329 134
329 227
330 54
330 150
330 209
331 164
331 45
331 242
332 0
332 232
332 87
333 128
333 133
333 8
334 55
334 21
334 64
335 1
335 280
335 228
336 1
336 323
336 104
337 152
337 98
337 83
338 242
338 84
338 304
339 298
339 133
339 114
340 233
340 54
340 214
341 14
341 7
341 169
342 64
342 141
342 113
343 271
343 41
343 46
344 45
344 255
344 21
345 8
345 172
345 3
346 150
346 98
346 18
347 121
347 178
347 50
348 3
348 246
348 47
349 83
349 104
349 126
350 100
350 274
350 152
351 0
351 5
351 21
352 134
352 318
352 207
353 214
353 103
353 1
354 95
354 286
354 1
355 45
355 258
355 1
356 83
356 3
356 297
357 9
357 35
357 152
358 9
358 44
358 129
359 3
359 266
359 130
360 3
360 349
360 14
361 63
361 0
361 157
362 32
362 13
362 208
363 298
363 19
363 348
364 0
364 122
364 6
365 184
365 9
365 256
366 3
366 129
366 19
367 96
367 187
367 210
368 248
368 332
368 28
369 228
369 209
369 243
370 8
370 18
370 37
371 108
371 98
371 220
372 191
372 371
372 278
373 278
373 139
373 95
374 0
374 12
374 122
375 179
375 62
375 11
376 29
376 56
376 0
377 4
377 132
377 161
378 358
378 122
378 29
379 164
379 0
379 367
380 14
380 63
380 305
381 61
381 68
381 75
382 217
382 294
382 21
383 125
383 166
383 58
384 2
384 117
384 366
385 164
385 0
385 107
386 52
386 73
386 194
387 131
387 140
387 41
388 298
388 287
388 93
389 152
389 195
389 210
390 193
390 49
390 3
391 279
391 83
391 34
392 118
392 49
392 275
393 320
393 0
393 2
394 376
394 100
394 54
395 98
395 168
395 22
396 104
396 224
396 137
397 47
397 261
397 82
398 217
398 120
398 383
399 21
399 0
399 78
400 23
400 21
400 50
401 121
401 210
401 277
402 4
402 3
402 44
403 67
403 370
403 87
404 226
404 320
404 62
405 75
405 120
405 8
406 278
406 37
406 195
407 30
407 14
407 1
408 149
408 57
408 28
409 50
409 23
409 271
410 49
410 70
410 74
411 342
411 305
411 76
412 384
412 309
412 8
413 29
413 2
413 0
414 23
414 65
414 384
415 284
415 292
415 129
416 37
416 49
416 22
417 90
417 210
417 72
418 220
418 122
418 3
419 17
419 369
419 316
420 119
420 28
420 21
421 305
421 220
421 28
422 303
422 369
422 67
423 277
423 9
423 177
424 273
424 87
424 250
425 28
425 3
425 389
426 48
426 407
426 266
427 210
427 370
427 163
428 14
428 4
428 70
429 256
429 2
429 18
430 81
430 316
430 37
431 261
431 75
431 78
432 118
432 55
432 278
433 10
433 4
433 320
434 392
434 57
434 163
435 116
435 199
435 2
436 267
436 358
436 379
437 351
437 142
437 40
438 302
438 44
438 324
439 383
439 121
439 36
440 430
440 26
440 295
441 351
441 227
441 3
442 167
442 9
442 14
443 81
443 52
443 28
444 387
444 153
444 22
445 222
445 403
445 423
446 227
446 159
446 239
447 305
447 11
447 251
448 266
448 0
448 57
449 200
449 259
449 50
450 36
450 218
450 189
451 34
451 27
451 292
452 123
452 316
452 291
453 72
453 161
453 12
454 186
454 334
454 214
455 232
455 399
455 35
456 107
456 90
456 20
457 214
457 43
457 123
458 405
458 0
458 24
459 399
459 98
459 203
460 2
460 399
460 121
461 399
461 0
461 207
462 2
462 29
462 28
463 190
463 187
463 121
464 1
464 124
464 366
465 271
465 1
465 3
466 305
466 18
466 54
467 259
467 0
467 119
468 272
468 142
468 394
469 62
469 399
469 122
470 286
470 83
470 3
471 5
471 322
471 257
472 8
472 275
472 390
473 24
473 27
473 35
474 101
474 333
474 24
475 58
475 384
475 360
476 437
476 32
476 42
477 182
477 16
477 50
478 164
478 209
478 302
479 131
479 319
479 98
480 140
480 346
480 40
481 132
481 114
481 77
482 55
482 240
482 65
483 167
483 19
483 335
484 0
484 42
484 442
485 387
485 191
485 239
486 459
486 191
486 277
487 72
487 19
487 322
488 14
488 377
488 386
489 33
489 1
489 83
490 369
490 221
490 47
491 3
491 50
491 378
492 3
492 264
492 85
493 17
493 123
493 6
494 437
494 386
494 62
495 64
495 134
495 22
496 189
496 318
496 19
497 95
497 247
497 162
498 390
498 72
498 99
499 64
499 69
499 410
500 29
500 63
500 379
501 445
501 65
501 179
502 334
502 278
502 191
503 330
503 235
503 1
504 326
504 4
504 417
505 57
505 14
505 52
506 266
506 37
506 332
507 299
507 64
507 449
508 82
508 211
508 35
509 400
509 22
509 269
510 145
510 83
510 320
511 124
511 17
511 3
512 3
512 211
512 0
513 43
513 316
513 371
514 4
514 132
514 285
515 98
515 259
515 139
516 197
516 152
516 2
517 3
517 103
517 298
518 19
518 98
518 178
519 205
519 310
519 34
520 233
520 253
520 412
521 0
521 384
521 14
522 292
522 140
522 73
523 465
523 273
523 172
524 227
524 128
524 386
525 5
525 139
525 9
526 159
526 2
526 506
527 21
527 207
527 1
528 62
528 91
528 61
529 0
529 131
529 502
530 22
530 141
530 6
531 140
531 233
531 295
532 11
532 509
532 4
533 8
533 438
533 268
534 292
534 64
534 492
535 1
535 72
535 8
536 77
536 436
536 28
537 114
537 128
537 375
538 9
538 29
538 261
539 521
539 525
539 250
540 161
540 172
540 360
541 495
541 2
541 444
542 123
542 3
542 172
543 222
543 7
543 4
544 7
544 80
544 0
545 0
545 98
545 139
546 254
546 91
546 316
547 21
547 323
547 41
548 531
548 147
548 375
549 27
549 21
549 64
550 62
550 136
550 43
551 141
551 125
551 10
552 19
552 205
552 2
553 62
553 231
553 233
554 399
554 61
554 38
555 513
555 52
555 80
556 375
556 545
556 146
557 33
557 234
557 416
558 134
558 197
558 127
559 26
559 2
559 29
560 474
560 14
560 19
561 79
561 510
561 264
562 53
562 3
562 105
563 46
563 2
563 224
564 4
564 24
564 44
565 103
565 112
565 131
566 183
566 349
566 5
567 315
567 562
567 133
568 6
568 122
568 180
569 98
569 1
569 0
570 98
570 67
570 421
571 498
571 567
571 116
572 550
572 271
572 260
573 50
573 15
573 306
574 560
574 19
574 2
575 21
575 462
575 295
576 165
576 38
576 125
577 287
577 126
577 72
578 54
578 285
578 353
579 342
579 4
579 209
580 19
580 140
580 33
581 440
581 3
581 146
582 62
582 47
582 384
583 61
583 152
583 493
584 305
584 9
584 124
585 125
585 257
585 3
586 560
586 14
586 233
587 421
587 550
587 220
588 3
588 334
588 212
589 13
589 15
589 21
590 207
590 72
590 2
591 92
591 64
591 62
592 0
592 549
592 137
593 2
593 171
593 62
594 2
594 549
594 75
595 108
595 107
595 20
596 195
596 14
596 338
597 354
597 532
597 502
598 374
598 92
598 240
599 133
599 161
599 440
600 52
600 10
600 74
601 14
601 531
601 62
602 383
602 391
602 47
603 103
603 164
603 3
604 414
604 0
604 398
605 186
605 38
605 371
606 339
606 23
606 10
607 64
607 33
607 28
608 256
608 409
608 403
609 7
609 226
609 240
610 226
610 142
610 21
611 480
611 97
611 70
612 37
612 540
612 36
613 0
613 1
613 329
614 394
614 3
614 46
615 471
615 507
615 167
616 106
616 138
616 516
617 367
617 68
617 14
618 176
618 3
618 101
619 1
619 24
619 62
620 479
620 402
620 384
621 83
621 282
621 285
622 302
622 376
622 4
623 164
623 9
623 291
624 71
624 116
624 62
625 63
625 360
625 21
626 14
626 123
626 103
627 37
627 28
627 1
628 153
628 0
628 9
629 584
629 260
629 147
630 474
630 141
630 384
631 96
631 48
631 4
632 416
632 40
632 374
633 584
633 127
633 403
634 5
634 578
634 40
635 72
635 580
635 44
636 402
636 354
636 50
637 191
637 0
637 7
638 136
638 258
638 280
639 0
639 79
639 1
640 227
640 203
640 464
641 169
641 177
641 9
642 285
642 337
642 271
643 9
643 364
643 638
644 182
644 61
644 240
645 123
645 0
645 200
646 57
646 437
646 3
647 128
647 32
647 83
648 14
648 417
648 334
649 80
649 638
649 305
650 508
650 518
650 500
651 459
651 413
651 601
652 544
652 199
652 19
653 47
653 53
653 82
654 348
654 49
654 11
655 462
655 310
655 42
656 167
656 104
656 2
657 454
657 29
657 0
658 91
658 111
658 46
659 2
659 28
659 9
660 15
660 273
660 160
661 14
661 220
661 218
662 530
662 547
662 209
663 289
663 26
663 11
664 154
664 618
664 134
665 55
665 261
665 193
666 507
666 145
666 595
667 3
667 430
667 505
668 411
668 283
668 548
669 217
669 24
669 93
670 107
670 1
670 44
671 164
671 609
671 78
672 513
672 161
672 85
673 42
673 22
673 13
674 74
674 429
674 206
675 220
675 26
675 160
676 94
676 191
676 195
677 71
677 507
677 524
678 11
678 12
678 666
679 127
679 526
679 273
680 347
680 3
680 583
681 11
681 239
681 149
682 2
682 3
682 42
683 417
683 229
683 481
684 489
684 253
684 512
685 222
685 354
685 102
686 28
686 42
686 376
687 403
687 459
687 29
688 334
688 95
688 4
689 184
689 410
689 162
690 157
690 110
690 80
691 133
691 230
691 399
692 214
692 230
692 132
693 133
693 224
693 14
694 99
694 9
694 142
695 258
695 226
695 45
696 8
696 687
696 497
697 251
697 57
697 365
698 72
698 4
698 541
699 85
699 399
699 55
700 133
700 591
700 20
701 21
701 191
701 473
702 12
702 38
702 454
703 693
703 347
703 566
704 59
704 3
704 309
705 46
705 150
705 338
706 78
706 352
706 15
707 277
707 14
707 401
708 642
708 110
708 14
709 525
709 292
709 3
710 6
710 636
710 103
711 0
711 482
711 11
712 193
712 129
712 305
713 279
713 579
713 235
714 345
714 257
714 553
715 217
715 246
715 109
716 8
716 152
716 311
717 473
717 481
717 525
718 52
718 614
718 108
719 480
719 451
719 134
720 1
720 426
720 291
721 0
721 399
721 559
722 258
722 416
722 90
723 101
723 565
723 141
724 0
724 100
724 28
725 261
725 141
725 3
726 66
726 176
726 278
727 214
727 229
727 62
728 279
728 32
728 169
729 235
729 139
729 3
730 600
730 11
730 250
731 135
731 180
731 51
732 111
732 144
732 636
733 604
733 85
733 22
734 421
734 299
734 193
735 452
735 259
735 164
736 55
736 0
736 189
737 154
737 222
737 569
738 1
738 665
738 58
739 313
739 170
739 485
740 711
740 485
740 50
741 45
741 325
741 383
742 699
742 38
742 45
743 2
743 123
743 159
744 9
744 209
744 44
745 193
745 513
745 531
746 92
746 363
746 20
747 97
747 700
747 488
748 309
748 719
748 91
749 473
749 108
749 55
750 353
750 51
750 59
751 449
751 139
751 44
752 177
752 3
752 368
753 94
753 534
753 163
754 28
754 221
754 326
755 467
755 57
755 421
756 263
756 14
756 181
757 30
757 381
757 18
758 0
758 370
758 77
759 109
759 674
759 338
760 3
760 19
760 531
761 667
761 21
761 547
762 665
762 267
762 70
763 410
763 407
763 22
764 484
764 673
764 1
765 732
765 586
765 3
766 110
766 260
766 323
767 461
767 315
767 725
768 24
768 269
768 421
769 736
769 498
769 633
770 435
770 385
770 614
771 230
771 371
771 674
772 140
772 399
772 125
773 58
773 4
773 28
774 114
774 129
774 451
775 545
775 0
775 735
776 253
776 2
776 14
777 16
777 0
777 390
778 15
778 528
778 93
779 684
779 189
779 376
780 52
780 518
780 71
781 458
781 3
781 386
782 67
782 98
782 37
783 724
783 82
783 2
784 49
784 3
784 331
785 8
785 658
785 562
786 435
786 98
786 45
787 266
787 159
787 133
788 626
788 482
788 17
789 614
789 531
789 12
790 24
790 156
790 196
791 0
791 11
791 110
792 579
792 140
792 693
793 62
793 506
793 15
794 630
794 53
794 768
795 63
795 134
795 3
796 481
796 329
796 223
797 152
797 3
797 320
798 151
798 354
798 334
799 64
799 214
799 679
800 119
800 29
800 271
801 769
801 148
801 291
802 565
802 482
802 57
803 27
803 58
803 72
804 654
804 373
804 737
805 680
805 200
805 744
806 131
806 537
806 2
807 76
807 66
807 5
808 261
808 371
808 149
809 189
809 19
809 0
810 403
810 368
810 701
811 599
811 34
811 353
812 478
812 75
812 6
813 553
813 326
813 595
814 4
814 3
814 26
815 63
815 2
815 134
816 389
816 62
816 37
817 4
817 111
817 217
818 425
818 361
818 9
819 485
819 114
819 161
820 115
820 797
820 713
821 267
821 540
821 552
822 603
822 704
822 172
823 519
823 229
823 62
824 91
824 575
824 9
825 3
825 725
825 21
826 591
826 81
826 20
827 18
827 516
827 67
828 129
828 360
828 11
829 235
829 0
829 371
830 614
830 159
830 18
831 41
831 14
831 569
832 772
832 291
832 20
833 132
833 526
833 804
834 5
834 729
834 31
835 93
835 592
835 316
836 3
836 59
836 745
837 286
837 110
837 371
838 683
838 78
838 10
839 786
839 2
839 250
840 597
840 119
840 305
841 267
841 104
841 250
842 518
842 54
842 297
843 638
843 47
843 790
844 233
844 756
844 666
845 146
845 52
845 15
846 322
846 33
846 547
847 227
847 141
847 665
848 80
848 747
848 21
849 4
849 271
849 802
850 49
850 349
850 246
851 342
851 31
851 3
852 448
852 195
852 379
853 107
853 45
853 2
854 130
854 678
854 1
855 350
855 817
855 440
856 195
856 65
856 784
857 658
857 364
857 302
858 0
858 679
858 704
859 483
859 3
859 830
860 516
860 469
860 415
861 605
861 3
861 21
862 431
862 714
862 410
863 245
863 764
863 282
864 400
864 47
864 358
865 336
865 3
865 826
866 773
866 98
866 146
867 520
867 57
867 474
868 58
868 248
868 23
869 148
869 551
869 18
870 183
870 250
870 31
871 5
871 189
871 462
872 627
872 760
872 474
873 52
873 230
873 43
874 61
874 403
874 600
875 189
875 689
875 39
876 184
876 626
876 198
877 18
877 2
877 93
878 200
878 581
878 73
879 542
879 49
879 227
880 38
880 35
880 316
881 318
881 762
881 769
882 161
882 107
882 300
883 114
883 349
883 2
884 0
884 389
884 28
885 380
885 437
885 10
886 748
886 0
886 152
887 385
887 810
887 48
888 3
888 211
888 129
889 286
889 502
889 700
890 389
890 785
890 365
891 30
891 3
891 269
892 12
892 219
892 164
893 119
893 100
893 386
894 218
894 259
894 353
895 621
895 554
895 6
896 0
896 140
896 179
897 486
897 715
897 16
898 515
898 267
898 246
899 62
899 6
899 819
900 9
900 339
900 8
901 68
901 826
901 272
902 226
902 3
902 15
903 233
903 839
903 203
904 384
904 73
904 303
905 142
905 74
905 666
906 440
906 171
906 250
907 743
907 630
907 19
908 422
908 105
908 181
909 886
909 4
909 6
910 704
910 192
910 38
911 266
911 98
911 443
912 2
912 473
912 58
913 140
913 836
913 14
914 903
914 31
914 0
915 2
915 785
915 584
916 206
916 782
916 163
917 98
917 191
917 6
918 295
918 1
918 442
919 185
919 305
919 374
920 713
920 71
920 91
921 80
921 459
921 0
922 9
922 291
922 318
923 142
923 401
923 3
924 3
924 714
924 107
925 277
925 811
925 11
926 98
926 63
926 0
927 64
927 904
927 128
928 22
928 601
928 34
929 152
929 379
929 736
930 246
930 610
930 852
931 730
931 570
931 2
932 838
932 70
932 3
933 0
933 10
933 338
934 683
934 588
934 103
935 860
935 593
935 153
936 781
936 893
936 321
937 292
937 209
937 64
938 268
938 76
938 321
939 145
939 578
939 14
940 849
940 810
940 783
941 678
941 14
941 597
942 229
942 602
942 838
943 132
943 3
943 194
944 19
944 28
944 9
945 25
945 334
945 100
946 270
946 365
946 45
947 0
947 633
947 797
948 524
948 9
948 334
949 323
949 809
949 636
950 588
950 715
950 127
951 585
951 3
951 346
952 199
952 663
952 810
953 62
953 39
953 883
954 62
954 22
954 436
955 121
955 478
955 473
956 350
956 333
956 837
957 113
957 135
957 62
958 54
958 785
958 845
959 129
959 2
959 64
960 865
960 129
960 149
961 28
961 108
961 9
962 21
962 742
962 66
963 119
963 213
963 0
964 0
964 917
964 354
965 250
965 914
965 83
966 12
966 780
966 584
967 261
967 711
967 632
968 152
968 36
968 2
969 298
969 0
969 402
970 741
970 682
970 64
971 371
971 33
971 311
972 95
972 431
972 118
973 14
973 552
973 221
974 593
974 788
974 892
975 103
975 31
975 403
976 399
976 20
976 8
977 2
977 75
977 149
978 510
978 62
978 685
979 53
979 700
979 611
980 6
980 830
980 348
981 791
981 257
981 141
982 666
982 861
982 152
983 900
983 324
983 3
984 71
984 285
984 642
985 97
985 500
985 137
986 2
986 154
986 968
987 268
987 149
987 11
988 198
988 410
988 318
989 348
989 159
989 649
990 820
990 19
990 58
991 682
991 18
991 595
992 528
992 19
992 134
993 108
993 860
993 21
994 286
994 380
994 45
995 526
995 14
995 881
996 189
996 155
996 855
997 8
997 595
997 10
998 9
998 502
998 227
999 210
999 58
999 311
