0 1
0 2
0 3
0 4
0 5
0 7
0 10
1 0
1 2
1 3
1 4
1 6
1 11
1 14
2 1
2 0
2 3
2 4
2 9
2 19
2 21
3 1
3 2
3 0
3 5
3 6
3 8
3 9
4 1
4 2
4 0
4 5
4 6
4 7
4 8
5 3
5 0
5 4
5 8
5 9
5 10
5 12
6 3
6 1
6 4
6 7
6 15
6 16
6 17
7 6
7 0
7 4
7 10
7 11
7 13
7 14
8 5
8 4
8 3
8 12
8 17
8 19
8 24
9 2
9 3
9 5
9 13
9 23
9 35
9 41
10 0
10 7
10 5
10 16
10 18
10 24
10 32
11 7
11 4
11 1
11 18
12 4
12 8
12 5
13 4
13 7
13 9
14 1
14 3
14 7
14 25
14 37
15 5
15 4
15 6
15 23
16 10
16 0
16 6
16 26
16 36
16 38
17 6
17 8
17 3
17 25
17 28
17 30
17 43
18 10
18 11
18 4
18 26
18 28
18 43
19 2
19 5
19 8
19 24
19 26
19 36
20 5
20 6
20 4
20 34
20 40
21 2
21 3
21 7
21 37
21 42
22 0
22 2
22 3
22 32
22 33
22 45
22 47
23 9
23 6
23 15
23 25
23 31
23 44
24 8
24 19
24 10
24 29
24 40
24 44
25 14
25 23
25 17
26 19
26 18
26 16
26 29
26 48
27 7
27 5
27 1
27 32
28 4
28 17
28 18
28 30
28 40
28 49
29 5
29 26
29 24
30 4
30 28
30 17
30 46
31 23
31 0
31 6
31 39
32 22
32 10
32 27
32 41
32 44
33 2
33 3
33 22
34 4
34 20
34 7
34 46
35 9
35 5
35 3
35 43
36 16
36 19
36 3
37 21
37 14
37 5
37 48
38 1
38 16
38 5
39 31
39 6
39 5
40 24
40 20
40 28
40 47
41 9
41 32
41 6
42 21
42 6
42 0
43 18
43 35
43 17
44 32
44 23
44 24
45 4
45 10
45 22
46 30
46 34
46 6
47 6
47 40
47 22
48 26
48 0
48 37
49 4
49 2
49 28
