0 1
1 0
2 0
2 1
3 0
3 1
3 2
4 0
4 1
4 2
5 3
5 0
5 1
6 0
6 1
6 2
7 1
7 3
7 0
8 0
8 2
8 1
9 4
9 5
9 2
10 4
10 9
10 2
11 0
11 5
11 3
12 6
12 3
12 2
13 3
13 10
13 0
14 7
14 1
14 5
15 11
15 4
15 6
16 2
16 10
16 0
17 7
17 6
17 5
18 0
18 9
18 3
19 3
19 0
19 13
20 0
20 18
20 3
21 5
21 0
21 17
22 2
22 0
22 14
23 6
23 8
23 0
24 4
24 3
24 19
25 18
25 21
25 0
26 18
26 13
26 0
27 13
27 3
27 1
28 4
28 9
28 0
29 10
29 4
29 0
30 7
30 21
30 1
31 1
31 17
31 5
32 7
32 0
32 1
33 10
33 27
33 13
34 15
34 28
34 0
35 21
35 5
35 0
36 28
36 2
36 0
37 9
37 13
37 0
38 22
38 0
38 7
39 16
39 13
39 36
40 0
40 3
40 12
41 1
41 14
41 3
42 29
42 35
42 0
43 20
43 41
43 16
44 4
44 2
44 24
45 26
45 2
45 21
46 28
46 4
46 1
47 0
47 6
47 17
48 13
48 2
48 26
49 7
49 3
49 19
