0 1
1 0
2 1
2 0
3 1
3 0
3 2
4 3
4 0
4 1
5 0
5 3
5 4
6 5
6 1
6 2
7 6
7 1
7 0
8 4
8 5
8 1
9 0
9 1
9 2
10 1
10 0
10 8
11 9
11 1
11 2
12 0
12 2
12 1
13 7
13 4
13 0
14 11
14 2
14 6
15 0
15 4
15 6
16 8
16 13
16 11
17 0
17 4
17 1
18 7
18 15
18 1
19 14
19 12
19 3
20 1
20 0
20 4
21 6
21 14
21 15
22 0
22 2
22 12
23 0
23 14
23 1
24 7
24 12
24 1
25 14
25 2
25 5
26 0
26 5
26 3
27 7
27 8
27 18
28 9
28 2
28 4
29 20
29 1
29 24
30 1
30 5
30 14
31 16
31 13
31 1
32 16
32 25
32 2
33 4
33 0
33 2
34 4
34 13
34 12
35 11
35 13
35 14
36 12
36 0
36 17
37 6
37 35
37 3
38 0
38 33
38 14
39 6
39 14
39 0
40 1
40 20
40 26
41 17
41 20
41 25
42 27
42 28
42 1
43 9
43 7
43 8
44 15
44 14
44 4
45 14
45 1
45 4
46 3
46 25
46 34
47 2
47 4
47 0
48 3
48 47
48 15
49 2
49 15
49 34
