0 1
1 0
2 1
2 0
3 2
3 0
3 1
4 0
4 1
4 2
5 2
5 3
5 0
6 4
6 2
6 1
7 6
7 0
7 1
8 5
8 6
8 0
9 8
9 6
9 3
10 4
10 2
10 0
11 6
11 0
11 9
12 5
12 2
12 8
13 9
13 3
13 4
14 0
14 7
14 2
15 9
15 2
15 4
16 0
16 2
16 1
17 13
17 0
17 9
18 0
18 17
18 2
19 4
19 7
19 6
20 9
20 2
20 3
21 0
21 2
21 7
22 3
22 0
22 7
23 4
23 13
23 14
24 4
24 5
24 1
25 0
25 6
25 2
26 15
26 1
26 4
27 13
27 23
27 21
28 7
28 0
28 9
29 8
29 1
29 26
30 17
30 4
30 16
31 1
31 30
31 18
32 7
32 26
32 0
33 5
33 7
33 6
34 7
34 18
34 0
35 8
35 19
35 1
36 9
36 2
36 22
37 15
37 0
37 3
38 0
38 10
38 3
39 0
39 34
39 8
40 22
40 39
40 2
41 10
41 15
41 13
42 9
42 0
42 23
43 4
43 2
43 0
44 8
44 3
44 5
45 29
45 0
45 43
46 24
46 0
46 9
47 2
47 30
47 7
48 14
48 6
48 21
49 21
49 4
49 0
50 28
50 11
50 43
51 24
51 5
51 48
52 2
52 4
52 34
53 9
53 7
53 8
54 30
54 21
54 14
55 0
55 24
55 2
56 23
56 4
56 13
57 36
57 7
57 13
58 30
58 8
58 20
59 7
59 17
59 50
60 2
60 54
60 26
61 25
61 0
61 8
62 17
62 11
62 26
63 25
63 32
63 11
64 18
64 27
64 57
65 4
65 0
65 7
66 14
66 5
66 64
67 42
67 38
67 30
68 9
68 3
68 2
69 59
69 68
69 1
70 65
70 34
70 35
71 32
71 4
71 1
72 17
72 29
72 7
73 23
73 24
73 61
74 22
74 8
74 42
75 45
75 46
75 31
76 24
76 63
76 72
77 61
77 73
77 0
78 1
78 26
78 7
79 69
79 0
79 46
80 51
80 9
80 0
81 36
81 2
81 45
82 9
82 1
82 54
83 56
83 34
83 19
84 72
84 4
84 18
85 29
85 83
85 4
86 58
86 34
86 16
87 9
87 0
87 11
88 57
88 4
88 3
89 18
89 3
89 8
90 42
90 9
90 61
91 24
91 83
91 9
92 6
92 0
92 3
93 79
93 0
93 9
94 22
94 88
94 76
95 75
95 76
95 4
96 14
96 31
96 2
97 30
97 21
97 89
98 3
98 7
98 18
99 24
99 42
99 1
100 10
100 4
100 68
101 25
101 98
101 44
102 68
102 17
102 31
103 1
103 62
103 31
104 45
104 17
104 7
105 34
105 22
105 84
106 4
106 9
106 32
107 57
107 9
107 4
108 83
108 21
108 53
109 14
109 7
109 10
110 24
110 17
110 8
111 95
111 86
111 15
112 1
112 92
112 81
113 0
113 56
113 18
114 18
114 0
114 34
115 43
115 24
115 84
116 53
116 81
116 57
117 5
117 83
117 57
118 13
118 8
118 1
119 29
119 24
119 61
120 85
120 32
120 27
121 0
121 7
121 53
122 7
122 112
122 9
123 19
123 37
123 13
124 97
124 0
124 57
125 4
125 17
125 2
126 1
126 102
126 70
127 68
127 2
127 3
128 99
128 106
128 1
129 6
129 8
129 24
130 2
130 90
130 7
131 39
131 1
131 6
132 128
132 23
132 1
133 30
133 9
133 16
134 50
134 30
134 43
135 1
135 10
135 16
136 15
136 9
136 93
137 9
137 13
137 21
138 97
138 0
138 65
139 3
139 129
139 7
140 5
140 49
140 32
141 8
141 55
141 3
142 114
142 14
142 81
143 17
143 11
143 120
144 20
144 42
144 43
145 141
145 85
145 0
146 1
146 18
146 62
147 21
147 83
147 6
148 30
148 108
148 4
149 139
149 108
149 38
150 33
150 72
150 8
151 4
151 120
151 115
152 45
152 30
152 60
153 1
153 59
153 17
154 4
154 50
154 97
155 9
155 2
155 134
156 23
156 104
156 2
157 35
157 118
157 1
158 72
158 2
158 22
159 19
159 1
159 30
160 113
160 33
160 68
161 2
161 1
161 148
162 58
162 115
162 1
163 17
163 21
163 56
164 32
164 135
164 4
165 8
165 60
165 4
166 1
166 58
166 35
167 138
167 42
167 79
168 0
168 93
168 57
169 26
169 29
169 2
170 25
170 18
170 115
171 61
171 48
171 150
172 145
172 93
172 46
173 80
173 133
173 8
174 113
174 60
174 26
175 2
175 173
175 117
176 29
176 34
176 4
177 23
177 159
177 8
178 174
178 76
178 22
179 13
179 8
179 17
180 150
180 58
180 30
181 23
181 0
181 147
182 94
182 34
182 77
183 21
183 8
183 30
184 182
184 15
184 24
185 1
185 58
185 2
186 93
186 17
186 165
187 64
187 9
187 22
188 9
188 135
188 94
189 23
189 38
189 142
190 58
190 29
190 18
191 52
191 20
191 8
192 34
192 72
192 90
193 181
193 3
193 8
194 24
194 3
194 0
195 35
195 0
195 4
196 183
196 91
196 43
197 37
197 2
197 34
198 70
198 36
198 63
199 27
199 0
199 11
200 8
200 16
200 136
201 89
201 22
201 90
202 5
202 17
202 98
203 3
203 9
203 157
204 197
204 117
204 6
205 6
205 171
205 2
206 123
206 4
206 22
207 9
207 2
207 168
208 7
208 104
208 1
209 150
209 9
209 43
210 11
210 170
210 5
211 4
211 15
211 104
212 113
212 7
212 125
213 4
213 121
213 171
214 67
214 121
214 34
215 43
215 1
215 21
216 37
216 14
216 83
217 38
217 63
217 26
218 113
218 172
218 58
219 0
219 170
219 206
220 0
220 198
220 1
221 219
221 4
221 36
222 8
222 84
222 2
223 29
223 86
223 2
224 58
224 35
224 32
225 16
225 106
225 27
226 178
226 41
226 170
227 115
227 211
227 35
228 86
228 93
228 1
229 199
229 0
229 222
230 20
230 60
230 11
231 6
231 44
231 29
232 2
232 86
232 35
233 36
233 1
233 30
234 9
234 1
234 65
235 15
235 4
235 18
236 68
236 124
236 197
237 43
237 127
237 8
238 83
238 43
238 142
239 0
239 178
239 38
240 1
240 117
240 38
241 218
241 239
241 2
242 125
242 4
242 225
243 106
243 173
243 128
244 20
244 103
244 219
245 10
245 20
245 219
246 2
246 0
246 39
247 65
247 128
247 1
248 165
248 214
248 170
249 18
249 13
249 50
250 52
250 2
250 157
251 72
251 82
251 219
252 38
252 7
252 0
253 134
253 246
253 156
254 0
254 83
254 1
255 56
255 121
255 114
256 33
256 40
256 0
257 131
257 50
257 217
258 224
258 0
258 157
259 106
259 10
259 167
260 131
260 165
260 171
261 188
261 2
261 237
262 47
262 17
262 31
263 168
263 252
263 188
264 186
264 87
264 201
265 262
265 234
265 76
266 141
266 217
266 1
267 35
267 18
267 25
268 155
268 109
268 138
269 175
269 120
269 71
270 257
270 141
270 140
271 40
271 2
271 202
272 10
272 14
272 16
273 3
273 190
273 17
274 212
274 122
274 127
275 110
275 35
275 59
276 60
276 53
276 1
277 211
277 152
277 28
278 0
278 44
278 33
279 81
279 102
279 7
280 1
280 0
280 140
281 27
281 119
281 263
282 7
282 2
282 42
283 30
283 29
283 277
284 11
284 24
284 227
285 103
285 39
285 8
286 251
286 112
286 22
287 235
287 140
287 112
288 1
288 30
288 85
289 33
289 3
289 112
290 86
290 1
290 70
291 5
291 29
291 62
292 11
292 91
292 68
293 272
293 109
293 22
294 83
294 248
294 138
295 220
295 30
295 271
296 123
296 182
296 104
297 53
297 0
297 58
298 0
298 147
298 63
299 125
299 198
299 233
300 275
300 1
300 11
301 11
301 267
301 1
302 40
302 4
302 58
303 114
303 23
303 59
304 8
304 17
304 40
305 151
305 1
305 208
306 2
306 0
306 18
307 43
307 93
307 2
308 10
308 0
308 208
309 86
309 107
309 21
310 72
310 1
310 222
311 26
311 302
311 275
312 57
312 0
312 273
313 230
313 9
313 3
314 46
314 222
314 287
315 230
315 2
315 85
316 171
316 1
316 229
317 193
317 235
317 186
318 281
318 160
318 300
319 25
319 68
319 247
320 57
320 188
320 35
321 15
321 16
321 4
322 311
322 124
322 82
323 315
323 21
323 43
324 50
324 10
324 57
325 125
325 22
325 99
326 1
326 55
326 301
327 94
327 43
327 151
328 1
328 122
328 136
329 124
329 13
329 3
330 38
330 233
330 265
331 65
331 136
331 114
332 161
332 278
332 17
333 16
333 1
333 83
334 0
334 8
334 4
335 102
335 8
335 182
336 220
336 21
336 212
337 81
337 15
337 105
338 132
338 308
338 66
339 1
339 0
339 2
340 316
340 19
340 11
341 218
341 4
341 24
342 295
342 130
342 84
343 132
343 227
343 298
344 314
344 36
344 52
345 48
345 97
345 86
346 34
346 178
346 201
347 93
347 8
347 94
348 147
348 21
348 83
349 28
349 79
349 43
350 3
350 39
350 176
351 83
351 301
351 1
352 8
352 44
352 37
353 14
353 159
353 78
354 62
354 110
354 51
355 9
355 222
355 7
356 90
356 302
356 207
357 331
357 198
357 20
358 257
358 352
358 300
359 86
359 97
359 237
360 44
360 40
360 7
361 267
361 67
361 104
362 2
362 226
362 11
363 17
363 112
363 0
364 30
364 119
364 0
365 187
365 92
365 87
366 43
366 3
366 122
367 289
367 275
367 229
368 2
368 269
368 96
369 248
369 30
369 43
370 9
370 1
370 103
371 188
371 17
371 201
372 23
372 255
372 235
373 38
373 3
373 134
374 131
374 109
374 169
375 49
375 114
375 254
376 0
376 219
376 4
377 31
377 25
377 1
378 4
378 113
378 173
379 152
379 135
379 9
380 304
380 141
380 274
381 0
381 40
381 287
382 148
382 161
382 13
383 339
383 112
383 74
384 2
384 18
384 103
385 7
385 18
385 55
386 100
386 9
386 257
387 152
387 0
387 135
388 217
388 358
388 11
389 121
389 31
389 16
390 62
390 2
390 235
391 16
391 263
391 46
392 92
392 130
392 1
393 245
393 251
393 99
394 285
394 3
394 0
395 58
395 91
395 188
396 21
396 2
396 89
397 257
397 50
397 60
398 376
398 320
398 22
399 289
399 2
399 4
400 16
400 291
400 198
401 24
401 183
401 99
402 95
402 69
402 4
403 18
403 117
403 194
404 124
404 228
404 18
405 315
405 9
405 105
406 140
406 304
406 346
407 295
407 14
407 135
408 350
408 29
408 236
409 3
409 128
409 61
410 144
410 270
410 321
411 322
411 93
411 144
412 128
412 127
412 4
413 67
413 47
413 20
414 117
414 157
414 128
415 5
415 308
415 169
416 47
416 16
416 380
417 251
417 265
417 129
418 107
418 3
418 154
419 243
419 29
419 386
420 285
420 53
420 112
421 38
421 83
421 300
422 91
422 169
422 78
423 46
423 8
423 11
424 300
424 372
424 2
425 10
425 221
425 232
426 140
426 0
426 68
427 361
427 323
427 35
428 128
428 1
428 4
429 27
429 178
429 79
430 86
430 227
430 82
431 4
431 89
431 88
432 0
432 17
432 316
433 265
433 188
433 16
434 401
434 1
434 3
435 219
435 166
435 6
436 232
436 309
436 156
437 170
437 193
437 308
438 167
438 18
438 38
439 329
439 29
439 15
440 172
440 177
440 113
441 306
441 2
441 140
442 289
442 3
442 330
443 267
443 411
443 365
444 409
444 17
444 35
445 24
445 46
445 318
446 421
446 11
446 62
447 31
447 8
447 113
448 1
448 0
448 267
449 66
449 243
449 260
450 107
450 230
450 79
451 43
451 199
451 288
452 18
452 7
452 117
453 27
453 116
453 165
454 58
454 87
454 121
455 261
455 29
455 287
456 3
456 72
456 37
457 3
457 177
457 184
458 108
458 307
458 8
459 367
459 4
459 97
460 126
460 0
460 390
461 81
461 170
461 297
462 49
462 9
462 58
463 0
463 252
463 29
464 2
464 8
464 233
465 9
465 416
465 26
466 355
466 11
466 40
467 2
467 269
467 217
468 454
468 90
468 38
469 339
469 9
469 4
470 0
470 222
470 3
471 365
471 104
471 9
472 2
472 297
472 261
473 217
473 179
473 199
474 4
474 46
474 184
475 166
475 3
475 53
476 96
476 108
476 243
477 387
477 27
477 12
478 65
478 33
478 45
479 406
479 108
479 288
480 38
480 4
480 125
481 112
481 224
481 464
482 98
482 428
482 155
483 332
483 13
483 33
484 32
484 389
484 224
485 46
485 175
485 13
486 4
486 22
486 369
487 192
487 121
487 107
488 365
488 153
488 291
489 106
489 169
489 4
490 218
490 2
490 131
491 114
491 350
491 411
492 45
492 435
492 17
493 120
493 357
493 62
494 322
494 347
494 268
495 144
495 93
495 148
496 8
496 442
496 481
497 257
497 266
497 442
498 274
498 96
498 275
499 4
499 93
499 233
