0 1
1 0
2 1
2 0
3 1
3 0
3 2
4 1
4 3
4 2
5 0
5 3
5 1
6 1
6 3
6 0
7 3
7 1
7 0
8 1
8 7
8 4
9 1
9 7
9 6
10 1
10 7
10 4
11 4
11 0
11 9
12 1
12 4
12 2
13 1
13 4
13 0
14 2
14 0
14 1
15 4
15 0
15 10
16 6
16 3
16 12
17 0
17 2
17 1
18 2
18 4
18 0
19 4
19 18
19 7
20 7
20 1
20 18
21 4
21 16
21 19
22 4
22 19
22 18
23 22
23 1
23 21
24 4
24 12
24 23
25 3
25 8
25 22
26 17
26 18
26 22
27 9
27 4
27 2
28 1
28 4
28 0
29 13
29 21
29 25
30 1
30 9
30 3
31 24
31 12
31 7
32 8
32 9
32 4
33 11
33 2
33 25
34 15
34 3
34 7
35 18
35 1
35 17
36 16
36 4
36 9
37 1
37 17
37 5
38 18
38 3
38 2
39 18
39 1
39 14
40 10
40 0
40 39
41 20
41 39
41 13
42 19
42 4
42 34
43 34
43 38
43 24
44 0
44 39
44 11
45 28
45 4
45 18
46 18
46 12
46 14
47 7
47 18
47 0
48 4
48 5
48 7
49 0
49 45
49 9
50 47
50 4
50 48
51 3
51 4
51 47
52 34
52 12
52 2
53 37
53 1
53 15
54 14
54 22
54 4
55 0
55 23
55 34
56 13
56 1
56 37
57 4
57 0
57 45
58 5
58 0
58 55
59 57
59 12
59 28
60 14
60 8
60 57
61 12
61 7
61 20
62 22
62 3
62 18
63 36
63 4
63 37
64 28
64 1
64 27
65 58
65 8
65 3
66 2
66 65
66 30
67 6
67 34
67 1
68 4
68 19
68 50
69 26
69 12
69 13
70 50
70 26
70 1
71 0
71 34
71 1
72 2
72 0
72 16
73 23
73 12
73 60
74 18
74 25
74 1
75 0
75 32
75 68
76 2
76 42
76 22
77 1
77 25
77 39
78 24
78 1
78 34
79 24
79 1
79 53
80 1
80 4
80 36
81 6
81 42
81 26
82 69
82 4
82 54
83 3
83 2
83 45
84 7
84 21
84 33
85 44
85 64
85 80
86 6
86 0
86 28
87 37
87 31
87 57
88 59
88 22
88 58
89 10
89 34
89 29
90 14
90 79
90 76
91 75
91 10
91 1
92 1
92 71
92 39
93 55
93 36
93 16
94 1
94 67
94 0
95 12
95 27
95 16
96 65
96 2
96 1
97 78
97 2
97 0
98 38
98 69
98 16
99 4
99 2
99 12
