0 1
0 2
1 0
1 2
2 1
2 0
3 2
3 1
3 0
4 2
4 3
4 0
5 4
5 1
5 2
6 1
6 3
6 0
7 1
7 3
7 2
8 6
8 2
8 0
9 0
9 1
9 3
10 2
10 8
10 1
11 0
11 8
11 9
12 1
12 3
12 5
13 5
13 9
13 2
14 2
14 0
14 9
15 8
15 9
15 12
16 9
16 11
16 3
17 13
17 14
17 3
18 16
18 3
18 9
19 1
19 9
19 2
20 2
20 19
20 12
21 20
21 10
21 13
22 2
22 12
22 19
23 9
23 3
23 1
24 15
24 10
24 3
25 21
25 13
25 3
26 19
26 15
26 13
27 13
27 9
27 4
28 1
28 26
28 2
29 2
29 10
29 4
30 28
30 13
30 4
31 1
31 5
31 3
32 13
32 12
32 3
33 2
33 3
33 1
34 20
34 21
34 0
35 13
35 9
35 17
36 29
36 0
36 9
37 2
37 15
37 3
38 1
38 27
38 2
39 2
39 9
39 5
40 16
40 2
40 33
41 19
41 28
41 35
42 4
42 17
42 9
43 4
43 3
43 13
44 29
44 2
44 19
45 13
45 3
45 16
46 1
46 2
46 9
47 22
47 19
47 36
48 12
48 30
48 46
49 1
49 30
49 16
50 4
50 2
50 15
51 21
51 4
51 30
52 41
52 23
52 4
53 5
53 51
53 26
54 4
54 23
54 2
55 37
55 2
55 54
56 29
56 30
56 23
57 13
57 51
57 31
58 0
58 26
58 1
59 4
59 2
59 16
60 3
60 52
60 26
61 54
61 22
61 1
62 0
62 37
62 47
63 1
63 9
63 2
64 5
64 30
64 32
65 14
65 1
65 9
66 54
66 14
66 13
67 2
67 26
67 1
68 17
68 1
68 4
69 65
69 13
69 1
70 47
70 9
70 28
71 9
71 64
71 15
72 30
72 17
72 36
73 28
73 52
73 17
74 60
74 13
74 2
75 17
75 16
75 2
76 1
76 12
76 48
77 2
77 13
77 62
78 12
78 10
78 28
79 19
79 9
79 1
80 52
80 31
80 9
81 43
81 64
81 38
82 29
82 12
82 28
83 0
83 3
83 67
84 42
84 52
84 2
85 31
85 21
85 33
86 72
86 1
86 10
87 62
87 84
87 2
88 65
88 29
88 19
89 72
89 13
89 47
90 9
90 3
90 1
91 4
91 26
91 66
92 53
92 76
92 15
93 10
93 41
93 24
94 21
94 41
94 14
95 1
95 29
95 2
96 65
96 49
96 17
97 2
97 9
97 51
98 29
98 2
98 65
99 63
99 13
99 31
100 36
100 27
100 2
101 6
101 30
101 53
102 20
102 84
102 30
103 3
103 31
103 10
104 8
104 32
104 29
105 42
105 9
105 18
106 62
106 18
106 26
107 2
107 29
107 103
108 104
108 13
108 9
109 29
109 34
109 41
110 80
110 19
110 21
111 61
111 64
111 1
112 0
112 68
112 14
113 74
113 3
113 53
114 108
114 13
114 2
115 8
115 35
115 48
116 9
116 2
116 33
117 44
117 72
117 6
118 29
118 13
118 104
119 39
119 51
119 9
120 1
120 116
120 60
121 19
121 32
121 56
122 1
122 2
122 13
123 4
123 45
123 0
124 94
124 3
124 14
125 4
125 86
125 41
126 31
126 2
126 10
127 36
127 33
127 42
128 2
128 44
128 14
129 32
129 2
129 99
130 85
130 31
130 83
131 32
131 120
131 72
132 19
132 28
132 41
133 69
133 29
133 63
134 107
134 64
134 24
135 13
135 19
135 8
136 29
136 135
136 76
137 105
137 72
137 115
138 31
138 0
138 10
139 66
139 65
139 84
140 41
140 30
140 91
141 97
141 10
141 63
142 13
142 18
142 63
143 52
143 9
143 4
144 27
144 101
144 54
145 76
145 29
145 2
146 39
146 2
146 137
147 2
147 21
147 141
148 114
148 91
148 24
149 74
149 142
149 4
150 1
150 38
150 0
151 140
151 105
151 4
152 16
152 104
152 130
153 72
153 0
153 16
154 21
154 41
154 14
155 6
155 64
155 19
156 131
156 148
156 65
157 108
157 4
157 56
158 22
158 9
158 139
159 157
159 135
159 108
160 112
160 41
160 9
161 19
161 83
161 33
162 10
162 107
162 36
163 4
163 70
163 9
164 18
164 152
164 64
165 38
165 105
165 14
166 70
166 58
166 66
167 104
167 25
167 155
168 139
168 0
168 21
169 105
169 32
169 28
170 66
170 53
170 12
171 9
171 0
171 3
172 2
172 46
172 18
173 46
173 107
173 108
174 1
174 77
174 32
175 109
175 89
175 45
176 114
176 40
176 85
177 0
177 155
177 4
178 1
178 65
178 0
179 107
179 84
179 51
180 149
180 105
180 84
181 179
181 32
181 8
182 151
182 166
182 34
183 40
183 31
183 4
184 12
184 1
184 86
185 169
185 158
185 4
186 2
186 70
186 130
187 37
187 39
187 157
188 18
188 42
188 12
189 91
189 123
189 2
190 75
190 1
190 83
191 103
191 10
191 47
192 153
192 156
192 21
193 157
193 180
193 188
194 16
194 2
194 1
195 2
195 187
195 178
196 1
196 58
196 10
197 2
197 37
197 96
198 8
198 45
198 72
199 10
199 104
199 87
200 53
200 26
200 6
201 2
201 30
201 189
202 54
202 47
202 74
203 24
203 33
203 22
204 165
204 66
204 4
205 14
205 168
205 36
206 2
206 66
206 30
207 4
207 43
207 9
208 38
208 102
208 116
209 2
209 144
209 94
210 31
210 181
210 8
211 114
211 2
211 4
212 17
212 15
212 2
213 19
213 153
213 176
214 177
214 32
214 30
215 6
215 2
215 195
216 166
216 15
216 2
217 69
217 17
217 78
218 10
218 69
218 66
219 63
219 139
219 44
220 13
220 88
220 78
221 46
221 9
221 219
222 48
222 16
222 60
223 116
223 44
223 19
224 52
224 28
224 7
225 1
225 30
225 212
226 0
226 13
226 2
227 217
227 35
227 144
228 0
228 16
228 12
229 19
229 130
229 6
230 41
230 123
230 53
231 45
231 206
231 180
232 15
232 67
232 105
233 226
233 0
233 202
234 116
234 29
234 229
235 17
235 0
235 160
236 4
236 139
236 169
237 4
237 10
237 23
238 133
238 31
238 158
239 2
239 96
239 206
240 25
240 125
240 210
241 102
241 45
241 4
242 216
242 186
242 87
243 29
243 192
243 180
244 3
244 130
244 148
245 196
245 89
245 0
246 146
246 49
246 129
247 90
247 129
247 107
248 169
248 19
248 116
249 161
249 148
249 69
250 34
250 94
250 168
251 105
251 138
251 88
252 85
252 93
252 107
253 150
253 136
253 99
254 22
254 36
254 19
255 32
255 116
255 90
256 150
256 55
256 11
257 171
257 178
257 6
258 9
258 35
258 13
259 25
259 4
259 2
260 113
260 217
260 167
261 60
261 14
261 227
262 1
262 72
262 161
263 124
263 116
263 222
264 42
264 19
264 47
265 78
265 37
265 108
266 84
266 37
266 52
267 76
267 58
267 17
268 85
268 62
268 223
269 178
269 0
269 142
270 1
270 223
270 53
271 52
271 5
271 178
272 172
272 15
272 96
273 56
273 169
273 36
274 9
274 11
274 109
275 31
275 135
275 81
276 1
276 180
276 135
277 167
277 98
277 33
278 29
278 125
278 175
279 0
279 20
279 175
280 257
280 79
280 48
281 36
281 14
281 136
282 125
282 33
282 9
283 229
283 276
283 3
284 19
284 102
284 109
285 191
285 9
285 2
286 9
286 67
286 4
287 240
287 243
287 17
288 41
288 4
288 13
289 72
289 35
289 60
290 257
290 152
290 96
291 13
291 23
291 173
292 188
292 36
292 0
293 51
293 105
293 52
294 36
294 223
294 17
295 127
295 1
295 164
296 116
296 84
296 55
297 19
297 15
297 23
298 286
298 19
298 207
299 15
299 175
299 155
300 168
300 14
300 15
301 2
301 91
301 132
302 2
302 236
302 88
303 72
303 181
303 16
304 240
304 4
304 36
305 9
305 63
305 105
306 21
306 11
306 136
307 257
307 9
307 2
308 52
308 94
308 114
309 247
309 91
309 6
310 244
310 148
310 189
311 248
311 10
311 29
312 87
312 30
312 9
313 130
313 275
313 4
314 297
314 14
314 96
315 83
315 17
315 104
316 88
316 277
316 185
317 240
317 53
317 71
318 198
318 14
318 217
319 247
319 38
319 27
320 154
320 104
320 0
321 80
321 247
321 294
322 187
322 142
322 189
323 178
323 277
323 252
324 96
324 56
324 133
325 14
325 108
325 36
326 11
326 29
326 205
327 272
327 17
327 10
328 1
328 63
328 166
329 98
329 275
329 42
330 2
330 7
330 63
331 13
331 115
331 292
332 192
332 194
332 141
333 135
333 45
333 253
334 49
334 158
334 4
335 316
335 306
335 1
336 271
336 31
336 282
337 13
337 245
337 175
338 19
338 176
338 54
339 51
339 168
339 1
340 83
340 13
340 46
341 160
341 227
341 9
342 30
342 19
342 217
343 288
343 129
343 116
344 173
344 60
344 21
345 9
345 188
345 163
346 83
346 218
346 224
347 3
347 309
347 203
348 26
348 300
348 204
349 1
349 25
349 27
350 188
350 291
350 259
351 306
351 255
351 263
352 323
352 157
352 2
353 118
353 8
353 1
354 140
354 226
354 29
355 317
355 175
355 307
356 65
356 194
356 332
357 4
357 6
357 42
358 23
358 9
358 221
359 88
359 272
359 140
360 28
360 239
360 63
361 116
361 93
361 135
362 85
362 217
362 37
363 4
363 351
363 39
364 200
364 155
364 41
365 1
365 63
365 16
366 220
366 1
366 91
367 279
367 212
367 10
368 235
368 215
368 284
369 164
369 13
369 223
370 15
370 357
370 236
371 165
371 27
371 169
372 65
372 19
372 172
373 71
373 92
373 212
374 54
374 163
374 247
375 14
375 357
375 309
376 1
376 3
376 68
377 249
377 172
377 35
378 169
378 8
378 10
379 371
379 161
379 31
380 88
380 253
380 172
381 34
381 322
381 355
382 105
382 107
382 124
383 240
383 259
383 178
384 363
384 134
384 300
385 189
385 60
385 142
386 215
386 374
386 178
387 10
387 8
387 341
388 234
388 29
388 160
389 29
389 60
389 301
390 2
390 16
390 206
391 148
391 9
391 75
392 125
392 256
392 34
393 239
393 2
393 139
394 107
394 42
394 23
395 8
395 176
395 82
396 255
396 286
396 69
397 304
397 330
397 130
398 154
398 248
398 316
399 39
399 2
399 162
400 228
400 104
400 63
401 9
401 46
401 19
402 98
402 380
402 44
403 161
403 63
403 24
404 64
404 60
404 9
405 26
405 157
405 297
406 169
406 3
406 13
407 36
407 4
407 66
408 380
408 45
408 51
409 2
409 12
409 29
410 5
410 180
410 392
411 262
411 195
411 284
412 47
412 276
412 2
413 181
413 323
413 133
414 36
414 191
414 357
415 276
415 17
415 133
416 310
416 118
416 0
417 257
417 286
417 89
418 124
418 183
418 58
419 26
419 172
419 142
420 42
420 63
420 12
421 44
421 31
421 12
422 19
422 323
422 125
423 28
423 293
423 13
424 2
424 224
424 19
425 143
425 252
425 9
426 150
426 67
426 0
427 323
427 183
427 2
428 56
428 253
428 113
429 9
429 322
429 349
430 17
430 92
430 176
431 328
431 15
431 54
432 88
432 75
432 102
433 1
433 2
433 212
434 4
434 205
434 349
435 2
435 286
435 322
436 33
436 204
436 2
437 25
437 401
437 395
438 26
438 60
438 14
439 254
439 28
439 238
440 439
440 32
440 93
441 334
441 21
441 179
442 36
442 400
442 365
443 18
443 9
443 395
444 216
444 359
444 358
445 44
445 418
445 169
446 371
446 439
446 214
447 283
447 2
447 46
448 88
448 203
448 18
449 16
449 277
449 408
450 11
450 156
450 130
451 31
451 3
451 339
452 173
452 25
452 289
453 266
453 96
453 311
454 21
454 296
454 76
455 50
455 83
455 4
456 297
456 392
456 89
457 268
457 159
457 414
458 320
458 33
458 231
459 343
459 8
459 1
460 31
460 446
460 311
461 27
461 306
461 29
462 9
462 13
462 71
463 271
463 316
463 116
464 15
464 2
464 265
465 312
465 181
465 219
466 36
466 377
466 172
467 270
467 47
467 26
468 41
468 64
468 134
469 60
469 41
469 103
470 9
470 366
470 425
471 32
471 161
471 298
472 199
472 37
472 446
473 23
473 221
473 45
474 121
474 185
474 246
475 170
475 222
475 358
476 65
476 306
476 439
477 57
477 102
477 1
478 22
478 192
478 13
479 308
479 3
479 135
480 32
480 47
480 75
481 1
481 297
481 53
482 88
482 173
482 72
483 124
483 30
483 460
484 2
484 293
484 371
485 129
485 116
485 86
486 88
486 29
486 195
487 1
487 2
487 9
488 212
488 28
488 84
489 343
489 243
489 280
490 423
490 283
490 100
491 94
491 166
491 8
492 139
492 101
492 275
493 107
493 148
493 338
494 328
494 21
494 311
495 398
495 3
495 279
496 124
496 249
496 452
497 291
497 3
497 152
498 1
498 64
498 199
499 439
499 47
499 2
500 213
500 48
500 364
501 9
501 432
501 26
502 89
502 100
502 282
503 242
503 102
503 156
504 62
504 72
504 371
505 13
505 446
505 440
506 13
506 9
506 253
507 368
507 31
507 487
508 144
508 9
508 323
509 245
509 11
509 63
510 2
510 509
510 346
511 19
511 249
511 471
512 1
512 131
512 370
513 86
513 26
513 128
514 130
514 140
514 226
515 41
515 257
515 118
516 221
516 358
516 254
517 1
517 26
517 209
518 486
518 348
518 0
519 63
519 155
519 178
520 17
520 131
520 164
521 0
521 19
521 293
522 307
522 313
522 263
523 156
523 30
523 371
524 170
524 46
524 121
525 163
525 425
525 13
526 204
526 101
526 506
527 394
527 14
527 316
528 33
528 76
528 4
529 275
529 64
529 1
530 141
530 18
530 114
531 485
531 12
531 14
532 104
532 528
532 478
533 25
533 161
533 9
534 256
534 245
534 365
535 14
535 108
535 388
536 371
536 291
536 30
537 37
537 54
537 109
538 27
538 2
538 1
539 9
539 71
539 13
540 128
540 149
540 9
541 413
541 278
541 28
542 246
542 135
542 46
543 459
543 282
543 19
544 55
544 148
544 6
545 86
545 131
545 26
546 438
546 140
546 231
547 9
547 102
547 277
548 69
548 257
548 91
549 465
549 1
549 121
550 70
550 65
550 385
551 297
551 9
551 53
552 79
552 308
552 479
553 231
553 76
553 108
554 288
554 487
554 23
555 507
555 276
555 104
556 393
556 4
556 206
557 1
557 169
557 195
558 275
558 55
558 176
559 415
559 226
559 253
560 432
560 15
560 141
561 24
561 543
561 295
562 14
562 190
562 29
563 278
563 263
563 26
564 108
564 350
564 512
565 31
565 21
565 68
566 380
566 20
566 19
567 14
567 96
567 38
568 210
568 95
568 517
569 12
569 3
569 27
570 55
570 479
570 63
571 323
571 464
571 2
572 553
572 76
572 93
573 250
573 35
573 125
574 457
574 529
574 4
575 502
575 259
575 15
576 4
576 380
576 143
577 93
577 45
577 165
578 446
578 91
578 214
579 13
579 352
579 167
580 260
580 414
580 150
581 82
581 129
581 162
582 154
582 26
582 193
583 182
583 84
583 2
584 14
584 272
584 116
585 19
585 46
585 9
586 42
586 116
586 31
587 2
587 192
587 14
588 401
588 458
588 10
589 549
589 2
589 558
590 21
590 217
590 48
591 233
591 149
591 509
592 135
592 257
592 119
593 341
593 28
593 1
594 254
594 203
594 53
595 366
595 240
595 255
596 20
596 4
596 589
597 49
597 0
597 413
598 178
598 390
598 356
599 12
599 485
599 2
600 2
600 10
600 454
601 148
601 136
601 586
602 1
602 356
602 2
603 219
603 341
603 245
604 116
604 541
604 41
605 42
605 37
605 88
606 129
606 76
606 410
607 585
607 335
607 156
608 440
608 90
608 188
609 367
609 597
609 204
610 147
610 171
610 257
611 329
611 37
611 297
612 259
612 193
612 19
613 534
613 137
613 594
614 169
614 26
614 92
615 152
615 131
615 10
616 9
616 160
616 2
617 38
617 199
617 271
618 373
618 366
618 3
619 112
619 31
619 364
620 165
620 29
620 595
621 181
621 412
621 85
622 65
622 341
622 70
623 238
623 2
623 10
624 623
624 16
624 63
625 217
625 233
625 352
626 563
626 10
626 42
627 417
627 46
627 23
628 178
628 526
628 481
629 336
629 205
629 23
630 56
630 68
630 45
631 2
631 46
631 616
632 582
632 60
632 70
633 313
633 182
633 15
634 514
634 319
634 66
635 15
635 478
635 23
636 156
636 83
636 18
637 4
637 188
637 87
638 60
638 27
638 6
639 304
639 359
639 580
640 3
640 588
640 27
641 439
641 629
641 10
642 1
642 510
642 369
643 173
643 140
643 266
644 558
644 479
644 86
645 220
645 218
645 3
646 616
646 198
646 16
647 131
647 69
647 586
648 189
648 379
648 155
649 129
649 137
649 2
650 69
650 141
650 42
651 338
651 308
651 10
652 47
652 14
652 83
653 9
653 103
653 1
654 29
654 448
654 267
655 160
655 581
655 603
656 387
656 2
656 42
657 630
657 446
657 26
658 553
658 18
658 36
659 202
659 146
659 46
660 133
660 19
660 495
661 454
661 630
661 277
662 252
662 72
662 29
663 652
663 86
663 2
664 305
664 72
664 32
665 584
665 161
665 17
666 240
666 272
666 169
667 634
667 219
667 26
668 36
668 300
668 517
669 219
669 229
669 635
670 23
670 648
670 1
671 572
671 317
671 599
672 2
672 30
672 298
673 563
673 98
673 195
674 1
674 43
674 165
675 354
675 196
675 149
676 158
676 595
676 96
677 45
677 2
677 22
678 520
678 21
678 361
679 21
679 9
679 2
680 564
680 178
680 108
681 76
681 15
681 366
682 220
682 76
682 2
683 417
683 408
683 332
684 249
684 121
684 309
685 205
685 195
685 44
686 256
686 2
686 412
687 260
687 307
687 404
688 100
688 143
688 212
689 652
689 88
689 662
690 32
690 19
690 149
691 4
691 319
691 555
692 9
692 34
692 610
693 170
693 411
693 369
694 283
694 286
694 614
695 560
695 635
695 2
696 315
696 661
696 500
697 604
697 108
697 72
698 14
698 254
698 3
699 114
699 301
699 311
700 98
700 622
700 603
701 21
701 551
701 4
702 588
702 645
702 155
703 371
703 392
703 682
704 493
704 91
704 345
705 46
705 13
705 223
706 638
706 18
706 66
707 11
707 461
707 178
708 195
708 86
708 545
709 10
709 526
709 23
710 698
710 125
710 66
711 1
711 518
711 491
712 446
712 528
712 235
713 1
713 25
713 671
714 9
714 1
714 531
715 673
715 19
715 59
716 13
716 160
716 131
717 692
717 14
717 511
718 9
718 156
718 105
719 14
719 297
719 69
720 94
720 0
720 36
721 127
721 208
721 104
722 13
722 354
722 129
723 481
723 17
723 12
724 685
724 692
724 373
725 260
725 654
725 445
726 2
726 3
726 17
727 239
727 16
727 97
728 150
728 283
728 114
729 69
729 3
729 499
730 279
730 102
730 729
731 36
731 2
731 398
732 633
732 635
732 632
733 528
733 111
733 18
734 79
734 169
734 23
735 96
735 92
735 14
736 646
736 19
736 516
737 371
737 16
737 17
738 23
738 11
738 204
739 172
739 716
739 17
740 681
740 1
740 478
741 178
741 193
741 458
742 129
742 17
742 716
743 544
743 611
743 429
744 688
744 698
744 330
745 674
745 651
745 459
746 72
746 576
746 560
747 181
747 10
747 44
748 5
748 382
748 709
749 318
749 469
749 64
750 100
750 16
750 341
751 566
751 558
751 538
752 423
752 144
752 276
753 137
753 11
753 76
754 413
754 748
754 311
755 357
755 35
755 41
756 105
756 2
756 311
757 243
757 206
757 51
758 336
758 330
758 31
759 366
759 2
759 736
760 17
760 493
760 96
761 105
761 2
761 129
762 102
762 187
762 234
763 662
763 94
763 89
764 449
764 72
764 587
765 499
765 562
765 590
766 17
766 765
766 194
767 3
767 1
767 179
768 419
768 139
768 211
769 3
769 391
769 28
770 292
770 682
770 104
771 685
771 328
771 373
772 281
772 509
772 276
773 638
773 526
773 275
774 588
774 215
774 14
775 4
775 170
775 286
776 629
776 2
776 588
777 107
777 416
777 5
778 739
778 0
778 84
779 10
779 45
779 277
780 72
780 1
780 102
781 108
781 685
781 64
782 164
782 75
782 380
783 318
783 150
783 587
784 108
784 659
784 87
785 375
785 12
785 231
786 189
786 350
786 383
787 59
787 437
787 173
788 148
788 278
788 602
789 169
789 212
789 36
790 131
790 4
790 640
791 60
791 257
791 694
792 3
792 155
792 363
793 235
793 5
793 2
794 248
794 189
794 418
795 493
795 2
795 549
796 452
796 716
796 212
797 16
797 55
797 515
798 367
798 531
798 446
799 321
799 42
799 621
800 430
800 308
800 142
801 1
801 558
801 193
802 60
802 147
802 32
803 661
803 430
803 442
804 31
804 120
804 2
805 108
805 631
805 120
806 181
806 38
806 237
807 510
807 30
807 665
808 464
808 781
808 218
809 11
809 259
809 2
810 4
810 195
810 241
811 573
811 14
811 180
812 2
812 681
812 780
813 9
813 172
813 378
814 649
814 477
814 10
815 15
815 99
815 255
816 444
816 123
816 6
817 17
817 2
817 87
818 322
818 1
818 2
819 33
819 408
819 63
820 168
820 18
820 759
821 19
821 631
821 590
822 312
822 190
822 104
823 67
823 131
823 1
824 100
824 44
824 380
825 19
825 160
825 98
826 296
826 411
826 99
827 251
827 781
827 2
828 19
828 46
828 105
829 2
829 178
829 82
830 14
830 136
830 28
831 308
831 110
831 148
832 9
832 487
832 607
833 231
833 27
833 814
834 367
834 39
834 336
835 17
835 658
835 586
836 486
836 252
836 45
837 29
837 431
837 497
838 2
838 278
838 9
839 635
839 341
839 692
840 30
840 486
840 582
841 725
841 39
841 610
842 1
842 429
842 671
843 21
843 38
843 157
844 436
844 405
844 580
845 801
845 463
845 2
846 487
846 459
846 624
847 441
847 553
847 2
848 277
848 133
848 446
849 746
849 14
849 413
850 373
850 2
850 367
851 13
851 2
851 178
852 30
852 155
852 14
853 93
853 418
853 79
854 712
854 63
854 109
855 127
855 4
855 195
856 783
856 103
856 268
857 6
857 590
857 644
858 204
858 2
858 647
859 796
859 92
859 155
860 846
860 216
860 85
861 84
861 773
861 398
862 471
862 2
862 667
863 9
863 802
863 371
864 17
864 131
864 244
865 206
865 405
865 114
866 853
866 235
866 433
867 380
867 413
867 101
868 3
868 476
868 499
869 192
869 674
869 97
870 0
870 121
870 124
871 2
871 142
871 317
872 709
872 19
872 135
873 560
873 478
873 432
874 158
874 157
874 136
875 733
875 28
875 3
876 509
876 400
876 143
877 195
877 850
877 366
878 434
878 69
878 401
879 21
879 18
879 361
880 639
880 28
880 676
881 161
881 84
881 550
882 9
882 44
882 47
883 850
883 66
883 524
884 180
884 318
884 285
885 180
885 801
885 116
886 9
886 227
886 767
887 28
887 227
887 192
888 652
888 238
888 2
889 8
889 328
889 847
890 231
890 22
890 80
891 260
891 379
891 865
892 13
892 293
892 2
893 133
893 33
893 276
894 607
894 776
894 315
895 610
895 217
895 23
896 204
896 537
896 665
897 525
897 178
897 33
898 23
898 1
898 723
899 68
899 204
899 2
900 19
900 789
900 180
901 0
901 526
901 801
902 802
902 45
902 815
903 39
903 843
903 21
904 25
904 446
904 612
905 98
905 13
905 2
906 265
906 826
906 29
907 54
907 813
907 36
908 156
908 595
908 88
909 904
909 93
909 791
910 19
910 165
910 9
911 47
911 297
911 141
912 141
912 209
912 778
913 799
913 42
913 760
914 150
914 4
914 2
915 366
915 3
915 434
916 231
916 2
916 21
917 528
917 92
917 160
918 363
918 130
918 16
919 535
919 581
919 125
920 32
920 780
920 26
921 602
921 783
921 479
922 19
922 16
922 199
923 865
923 886
923 343
924 74
924 517
924 812
925 9
925 671
925 352
926 159
926 400
926 22
927 473
927 277
927 181
928 183
928 236
928 750
929 770
929 380
929 694
930 448
930 276
930 66
931 9
931 68
931 269
932 12
932 437
932 726
933 652
933 3
933 678
934 617
934 20
934 652
935 341
935 779
935 212
936 583
936 31
936 678
937 15
937 66
937 180
938 26
938 253
938 160
939 66
939 93
939 2
940 787
940 12
940 495
941 2
941 42
941 47
942 271
942 739
942 641
943 1
943 72
943 3
944 14
944 428
944 28
945 332
945 18
945 777
946 736
946 56
946 313
947 54
947 682
947 252
948 614
948 15
948 795
949 888
949 70
949 61
950 630
950 853
950 21
951 139
951 19
951 822
952 1
952 52
952 12
953 674
953 821
953 476
954 13
954 117
954 707
955 666
955 13
955 275
956 357
956 885
956 1
957 76
957 396
957 366
958 37
958 50
958 146
959 173
959 363
959 381
960 773
960 516
960 564
961 757
961 781
961 237
962 1
962 949
962 8
963 9
963 931
963 276
964 896
964 747
964 912
965 0
965 33
965 89
966 517
966 14
966 412
967 492
967 72
967 17
968 76
968 681
968 294
969 450
969 26
969 805
970 738
970 953
970 730
971 45
971 19
971 22
972 66
972 464
972 811
973 85
973 142
973 60
974 944
974 755
974 364
975 576
975 602
975 121
976 255
976 16
976 97
977 607
977 5
977 21
978 418
978 1
978 2
979 195
979 960
979 0
980 105
980 262
980 395
981 62
981 678
981 36
982 705
982 172
982 572
983 252
983 516
983 0
984 30
984 122
984 465
985 122
985 685
985 327
986 87
986 168
986 380
987 970
987 889
987 2
988 13
988 148
988 716
989 272
989 323
989 19
990 63
990 818
990 10
991 750
991 801
991 88
992 417
992 765
992 956
993 162
993 338
993 418
994 255
994 623
994 178
995 178
995 3
995 321
996 19
996 3
996 13
997 136
997 469
997 21
998 701
998 249
998 2
999 105
999 15
999 277
