0 1
1 0
2 1
2 0
3 1
3 0
3 2
4 2
4 0
4 1
5 1
5 0
5 3
6 5
6 2
6 0
7 5
7 2
7 0
8 1
8 2
8 5
9 2
9 6
9 0
10 7
10 5
10 0
11 0
11 10
11 7
12 2
12 3
12 0
13 2
13 3
13 0
14 13
14 5
14 11
15 14
15 4
15 7
16 1
16 6
16 14
17 9
17 0
17 11
18 7
18 14
18 1
19 5
19 0
19 8
20 11
20 8
20 19
21 2
21 12
21 0
22 13
22 15
22 2
23 11
23 19
23 9
24 0
24 6
24 4
25 11
25 21
25 19
26 4
26 0
26 23
27 0
27 1
27 12
28 4
28 6
28 2
29 4
29 16
29 2
30 10
30 28
30 11
31 7
31 9
31 4
32 4
32 0
32 11
33 15
33 27
33 26
34 4
34 12
34 15
35 33
35 6
35 1
36 7
36 5
36 0
37 3
37 7
37 6
38 7
38 0
38 17
39 12
39 6
39 3
40 23
40 39
40 11
41 3
41 14
41 6
42 9
42 5
42 11
43 25
43 12
43 1
44 3
44 4
44 14
45 5
45 12
45 0
46 25
46 3
46 11
47 12
47 4
47 25
48 4
48 17
48 7
49 38
49 4
49 8
50 23
50 22
50 4
51 0
51 2
51 33
52 25
52 9
52 1
53 19
53 1
53 14
54 52
54 26
54 50
55 39
55 50
55 2
56 42
56 7
56 32
57 46
57 14
57 41
58 35
58 57
58 11
59 0
59 39
59 30
60 32
60 13
60 22
61 3
61 11
61 6
62 4
62 51
62 21
63 14
63 11
63 23
64 19
64 14
64 2
65 5
65 3
65 48
66 65
66 40
66 56
67 14
67 11
67 8
68 6
68 7
68 10
69 25
69 12
69 6
70 25
70 26
70 16
71 59
71 57
71 12
72 11
72 4
72 28
73 0
73 4
73 11
74 58
74 17
74 3
75 38
75 46
75 7
76 14
76 12
76 28
77 39
77 2
77 64
78 0
78 5
78 2
79 11
79 26
79 4
80 24
80 9
80 17
81 73
81 44
81 53
82 23
82 57
82 47
83 34
83 50
83 12
84 63
84 75
84 0
85 12
85 48
85 75
86 4
86 47
86 31
87 1
87 8
87 86
88 0
88 8
88 39
89 35
89 17
89 66
90 66
90 3
90 33
91 71
91 47
91 0
92 54
92 33
92 73
93 45
93 74
93 17
94 16
94 0
94 66
95 3
95 46
95 87
96 93
96 6
96 22
97 23
97 59
97 24
98 7
98 11
98 1
99 89
99 7
99 2
100 97
100 16
100 11
101 41
101 32
101 0
102 12
102 35
102 3
103 5
103 1
103 27
104 5
104 85
104 3
105 51
105 54
105 13
106 1
106 39
106 66
107 1
107 60
107 90
108 5
108 97
108 10
109 8
109 6
109 48
110 91
110 71
110 66
111 66
111 109
111 101
112 7
112 23
112 11
113 2
113 67
113 23
114 6
114 50
114 13
115 5
115 0
115 109
116 0
116 91
116 34
117 95
117 0
117 56
118 7
118 81
118 5
119 95
119 2
119 65
120 60
120 13
120 22
121 65
121 1
121 0
122 114
122 2
122 59
123 119
123 98
123 90
124 63
124 11
124 10
125 0
125 41
125 28
126 6
126 66
126 108
127 50
127 69
127 37
128 116
128 28
128 87
129 107
129 3
129 62
130 69
130 28
130 93
131 11
131 4
131 2
132 12
132 0
132 91
133 17
133 1
133 11
134 18
134 133
134 5
135 4
135 88
135 128
136 52
136 66
136 7
137 5
137 79
137 42
138 131
138 5
138 0
139 19
139 33
139 59
140 28
140 2
140 86
141 15
141 22
141 19
142 1
142 16
142 126
143 47
143 11
143 0
144 4
144 41
144 124
145 35
145 142
145 116
146 65
146 13
146 119
147 5
147 80
147 146
148 13
148 65
148 95
149 94
149 91
149 7
150 137
150 50
150 66
151 102
151 2
151 31
152 15
152 113
152 91
153 16
153 1
153 28
154 45
154 7
154 54
155 7
155 144
155 11
156 58
156 88
156 74
157 73
157 100
157 11
158 9
158 154
158 2
159 148
159 25
159 60
160 77
160 45
160 103
161 122
161 51
161 4
162 79
162 33
162 11
163 153
163 14
163 10
164 80
164 0
164 108
165 10
165 11
165 107
166 3
166 50
166 4
167 17
167 149
167 0
168 25
168 5
168 142
169 122
169 41
169 68
170 60
170 99
170 26
171 53
171 66
171 0
172 83
172 52
172 23
173 142
173 23
173 33
174 66
174 60
174 92
175 12
175 23
175 0
176 0
176 5
176 15
177 39
177 17
177 11
178 13
178 0
178 10
179 69
179 13
179 15
180 109
180 84
180 179
181 13
181 1
181 89
182 59
182 11
182 115
183 7
183 76
183 45
184 122
184 17
184 165
185 6
185 76
185 93
186 29
186 3
186 2
187 170
187 13
187 73
188 92
188 66
188 94
189 50
189 2
189 91
190 145
190 0
190 66
191 86
191 143
191 92
192 7
192 137
192 66
193 58
193 60
193 104
194 42
194 47
194 121
195 128
195 46
195 53
196 142
196 39
196 95
197 127
197 13
197 139
198 46
198 69
198 6
199 77
199 15
199 1
200 50
200 166
200 143
201 12
201 76
201 34
202 0
202 21
202 79
203 86
203 87
203 11
204 139
204 1
204 17
205 92
205 12
205 34
206 3
206 178
206 205
207 0
207 57
207 73
208 94
208 188
208 158
209 3
209 0
209 7
210 143
210 186
210 117
211 53
211 39
211 5
212 0
212 54
212 144
213 195
213 12
213 66
214 170
214 8
214 7
215 15
215 118
215 44
216 7
216 34
216 30
217 213
217 27
217 202
218 215
218 93
218 100
219 141
219 163
219 76
220 66
220 5
220 0
221 41
221 174
221 11
222 32
222 85
222 66
223 112
223 9
223 28
224 92
224 27
224 63
225 7
225 147
225 10
226 93
226 39
226 79
227 1
227 50
227 11
228 11
228 4
228 90
229 5
229 214
229 83
230 104
230 187
230 56
231 107
231 6
231 218
232 218
232 29
232 212
233 57
233 65
233 197
234 52
234 116
234 167
235 3
235 38
235 143
236 86
236 139
236 11
237 14
237 42
237 12
238 3
238 64
238 97
239 133
239 201
239 25
240 142
240 7
240 0
241 187
241 96
241 4
242 190
242 116
242 208
243 147
243 0
243 166
244 92
244 241
244 13
245 5
245 99
245 147
246 101
246 197
246 118
247 94
247 241
247 128
248 2
248 11
248 200
249 229
249 65
249 72
250 42
250 46
250 87
251 2
251 17
251 176
252 12
252 47
252 13
253 94
253 0
253 35
254 235
254 17
254 18
255 141
255 0
255 246
256 124
256 219
256 18
257 169
257 76
257 50
258 252
258 180
258 2
259 170
259 178
259 107
260 51
260 7
260 41
261 34
261 29
261 26
262 122
262 23
262 167
263 241
263 143
263 226
264 0
264 257
264 195
265 137
265 42
265 66
266 95
266 47
266 6
267 2
267 119
267 100
268 1
268 250
268 108
269 11
269 106
269 13
270 54
270 183
270 4
271 269
271 167
271 149
272 14
272 94
272 115
273 188
273 39
273 1
274 189
274 270
274 24
275 156
275 145
275 26
276 102
276 253
276 83
277 1
277 5
277 10
278 40
278 9
278 17
279 50
279 8
279 1
280 7
280 65
280 271
281 106
281 109
281 6
282 4
282 221
282 100
283 115
283 5
283 212
284 96
284 0
284 81
285 132
285 50
285 65
286 96
286 67
286 1
287 129
287 57
287 63
288 29
288 209
288 90
289 177
289 258
289 108
290 223
290 33
290 45
291 3
291 178
291 69
292 10
292 120
292 3
293 209
293 4
293 148
294 2
294 66
294 20
295 177
295 192
295 3
296 284
296 3
296 77
297 36
297 177
297 290
298 23
298 204
298 3
299 224
299 75
299 138
300 230
300 71
300 88
301 300
301 297
301 95
302 101
302 52
302 13
303 4
303 265
303 299
304 45
304 168
304 50
305 8
305 109
305 0
306 34
306 25
306 44
307 283
307 43
307 46
308 190
308 53
308 234
309 15
309 155
309 300
310 13
310 57
310 226
311 111
311 7
311 14
312 95
312 288
312 233
313 4
313 309
313 305
314 29
314 131
314 11
315 36
315 85
315 76
316 5
316 7
316 304
317 155
317 135
317 4
318 170
318 186
318 13
319 11
319 12
319 24
320 303
320 317
320 51
321 48
321 244
321 137
322 6
322 83
322 190
323 245
323 2
323 86
324 117
324 230
324 12
325 295
325 176
325 212
326 19
326 32
326 46
327 150
327 212
327 158
328 5
328 97
328 29
329 46
329 53
329 89
330 1
330 295
330 304
331 118
331 2
331 169
332 148
332 118
332 104
333 10
333 210
333 50
334 244
334 40
334 181
335 26
335 19
335 130
336 119
336 149
336 136
337 69
337 52
337 7
338 122
338 290
338 18
339 119
339 186
339 278
340 31
340 86
340 15
341 4
341 13
341 11
342 20
342 70
342 121
343 284
343 134
343 7
344 0
344 50
344 5
345 66
345 235
345 90
346 123
346 217
346 7
347 81
347 229
347 122
348 135
348 17
348 5
349 22
349 215
349 1
350 187
350 34
350 136
351 0
351 6
351 124
352 21
352 94
352 56
353 277
353 66
353 290
354 319
354 13
354 300
355 7
355 123
355 332
356 318
356 155
356 4
357 116
357 215
357 50
358 222
358 265
358 233
359 129
359 162
359 46
360 113
360 171
360 122
361 8
361 16
361 149
362 300
362 148
362 75
363 100
363 10
363 13
364 158
364 11
364 23
365 116
365 306
365 39
366 66
366 32
366 1
367 33
367 59
367 67
368 32
368 180
368 94
369 33
369 12
369 27
370 33
370 269
370 209
371 4
371 195
371 111
372 42
372 76
372 178
373 240
373 189
373 233
374 87
374 315
374 229
375 0
375 166
375 158
376 23
376 26
376 28
377 227
377 45
377 156
378 262
378 369
378 69
379 72
379 354
379 117
380 52
380 11
380 47
381 228
381 299
381 1
382 267
382 8
382 248
383 1
383 57
383 28
384 86
384 300
384 125
385 188
385 5
385 3
386 42
386 104
386 366
387 13
387 289
387 42
388 283
388 4
388 229
389 15
389 298
389 325
390 195
390 4
390 220
391 106
391 10
391 72
392 212
392 58
392 195
393 124
393 301
393 11
394 111
394 84
394 8
395 231
395 59
395 112
396 69
396 188
396 177
397 207
397 4
397 218
398 182
398 12
398 302
399 70
399 2
399 121
400 24
400 379
400 45
401 142
401 305
401 272
402 19
402 97
402 230
403 1
403 2
403 289
404 150
404 121
404 144
405 188
405 28
405 241
406 25
406 310
406 58
407 45
407 136
407 57
408 21
408 363
408 79
409 7
409 60
409 341
410 228
410 38
410 257
411 6
411 10
411 7
412 10
412 14
412 128
413 182
413 309
413 335
414 58
414 77
414 148
415 41
415 310
415 11
416 312
416 254
416 197
417 28
417 2
417 185
418 417
418 51
418 342
419 21
419 0
419 229
420 339
420 7
420 128
421 293
421 234
421 126
422 12
422 10
422 2
423 87
423 14
423 410
424 34
424 16
424 47
425 283
425 143
425 2
426 3
426 23
426 148
427 300
427 50
427 86
428 79
428 284
428 5
429 313
429 149
429 173
430 97
430 13
430 14
431 425
431 32
431 0
432 171
432 376
432 65
433 160
433 161
433 138
434 260
434 234
434 97
435 200
435 143
435 14
436 7
436 171
436 118
437 230
437 401
437 5
438 12
438 1
438 41
439 413
439 66
439 170
440 33
440 189
440 2
441 170
441 336
441 128
442 147
442 166
442 3
443 2
443 91
443 8
444 4
444 151
444 129
445 419
445 371
445 342
446 357
446 142
446 14
447 417
447 56
447 399
448 3
448 406
448 244
449 78
449 280
449 23
450 225
450 83
450 19
451 358
451 60
451 6
452 169
452 433
452 212
453 139
453 40
453 112
454 117
454 257
454 66
455 191
455 33
455 139
456 25
456 116
456 321
457 369
457 411
457 171
458 382
458 292
458 443
459 216
459 156
459 313
460 429
460 14
460 127
461 26
461 223
461 69
462 380
462 164
462 117
463 431
463 168
463 43
464 69
464 378
464 316
465 120
465 420
465 73
466 63
466 154
466 405
467 333
467 379
467 66
468 107
468 305
468 92
469 167
469 196
469 153
470 147
470 109
470 66
471 333
471 282
471 171
472 131
472 139
472 114
473 3
473 37
473 87
474 462
474 7
474 290
475 165
475 301
475 155
476 118
476 214
476 168
477 431
477 443
477 12
478 11
478 32
478 53
479 266
479 451
479 28
480 293
480 343
480 166
481 16
481 11
481 162
482 142
482 1
482 89
483 286
483 80
483 91
484 90
484 64
484 273
485 146
485 206
485 74
486 3
486 362
486 417
487 48
487 50
487 311
488 3
488 270
488 20
489 115
489 12
489 93
490 79
490 257
490 73
491 149
491 244
491 42
492 24
492 11
492 190
493 5
493 11
493 39
494 291
494 14
494 354
495 45
495 60
495 68
496 19
496 145
496 209
497 50
497 302
497 217
498 402
498 82
498 141
499 90
499 69
499 234
500 217
500 92
500 302
501 158
501 219
501 107
502 5
502 413
502 246
503 57
503 58
503 47
504 23
504 171
504 272
505 0
505 290
505 182
506 65
506 339
506 28
507 175
507 19
507 28
508 187
508 60
508 2
509 420
509 16
509 10
510 411
510 0
510 450
511 83
511 4
511 115
512 124
512 165
512 0
513 189
513 110
513 41
514 1
514 205
514 65
515 454
515 149
515 101
516 34
516 443
516 514
517 32
517 101
517 423
518 152
518 431
518 417
519 57
519 8
519 443
520 493
520 313
520 69
521 124
521 0
521 35
522 316
522 53
522 333
523 404
523 7
523 193
524 31
524 1
524 4
525 15
525 1
525 295
526 13
526 176
526 177
527 241
527 50
527 26
528 333
528 166
528 2
529 11
529 3
529 0
530 372
530 378
530 269
531 3
531 18
531 299
532 4
532 318
532 71
533 91
533 0
533 370
534 195
534 496
534 408
535 34
535 517
535 12
536 23
536 462
536 301
537 75
537 0
537 116
538 81
538 189
538 46
539 0
539 406
539 103
540 0
540 501
540 282
541 417
541 33
541 182
542 66
542 270
542 23
543 300
543 46
543 91
544 260
544 13
544 11
545 33
545 480
545 35
546 514
546 25
546 102
547 87
547 209
547 50
548 12
548 96
548 11
549 348
549 300
549 425
550 95
550 89
550 2
551 34
551 0
551 84
552 93
552 359
552 77
553 436
553 94
553 316
554 321
554 218
554 29
555 215
555 13
555 0
556 117
556 35
556 547
557 233
557 346
557 71
558 292
558 14
558 555
559 95
559 153
559 401
560 358
560 46
560 268
561 54
561 271
561 504
562 75
562 189
562 369
563 270
563 460
563 13
564 57
564 14
564 70
565 14
565 450
565 7
566 94
566 69
566 4
567 19
567 5
567 188
568 25
568 481
568 0
569 367
569 170
569 509
570 13
570 167
570 64
571 370
571 13
571 189
572 102
572 56
572 32
573 542
573 489
573 405
574 158
574 212
574 118
575 177
575 39
575 67
576 29
576 193
576 301
577 25
577 314
577 66
578 29
578 99
578 59
579 7
579 337
579 279
580 2
580 144
580 443
581 564
581 151
581 107
582 314
582 2
582 75
583 89
583 374
583 201
584 215
584 206
584 298
585 63
585 506
585 223
586 13
586 14
586 200
587 147
587 188
587 300
588 28
588 23
588 2
589 115
589 579
589 376
590 18
590 277
590 170
591 226
591 107
591 21
592 63
592 477
592 42
593 323
593 1
593 454
594 65
594 138
594 130
595 181
595 4
595 13
596 54
596 214
596 455
597 66
597 178
597 209
598 353
598 362
598 132
599 12
599 4
599 1
600 482
600 50
600 170
601 376
601 45
601 470
602 533
602 546
602 45
603 162
603 3
603 5
604 50
604 40
604 353
605 131
605 523
605 384
606 264
606 509
606 108
607 561
607 10
607 296
608 103
608 192
608 0
609 9
609 4
609 118
610 5
610 316
610 17
611 95
611 414
611 143
612 64
612 354
612 252
613 546
613 407
613 366
614 233
614 374
614 325
615 21
615 206
615 603
616 369
616 111
616 2
617 349
617 74
617 490
618 185
618 254
618 11
619 0
619 576
619 471
620 72
620 33
620 151
621 188
621 345
621 119
622 368
622 100
622 594
623 7
623 154
623 13
624 50
624 322
624 145
625 189
625 367
625 48
626 4
626 76
626 106
627 148
627 527
627 312
628 220
628 60
628 46
629 121
629 384
629 6
630 278
630 76
630 50
631 91
631 5
631 628
632 12
632 54
632 71
633 505
633 314
633 563
634 578
634 268
634 133
635 148
635 422
635 46
636 25
636 226
636 94
637 147
637 40
637 257
638 611
638 376
638 13
639 604
639 129
639 14
640 52
640 601
640 29
641 126
641 496
641 258
642 156
642 12
642 312
643 34
643 158
643 5
644 46
644 327
644 39
645 265
645 155
645 230
646 22
646 221
646 29
647 8
647 104
647 56
648 493
648 4
648 510
649 36
649 579
649 559
650 596
650 23
650 7
651 185
651 151
651 51
652 7
652 143
652 50
653 318
653 213
653 75
654 46
654 128
654 278
655 405
655 288
655 290
656 116
656 290
656 456
657 231
657 630
657 2
658 5
658 236
658 142
659 30
659 1
659 10
660 32
660 547
660 230
661 175
661 42
661 144
662 228
662 594
662 645
663 192
663 5
663 446
664 294
664 75
664 13
665 140
665 620
665 28
666 189
666 271
666 402
667 115
667 270
667 52
668 321
668 326
668 156
669 517
669 404
669 536
670 253
670 36
670 164
671 52
671 103
671 604
672 94
672 326
672 485
673 17
673 45
673 101
674 66
674 101
674 25
675 65
675 142
675 5
676 308
676 7
676 419
677 377
677 65
677 458
678 314
678 261
678 231
679 420
679 341
679 16
680 93
680 327
680 66
681 629
681 515
681 128
682 366
682 59
682 14
683 0
683 300
683 2
684 436
684 7
684 12
685 367
685 7
685 1
686 47
686 645
686 230
687 558
687 546
687 515
688 346
688 154
688 54
689 318
689 64
689 136
690 67
690 206
690 540
691 341
691 478
691 475
692 679
692 28
692 156
693 1
693 7
693 451
694 344
694 100
694 138
695 576
695 50
695 453
696 86
696 542
696 165
697 50
697 26
697 513
698 425
698 257
698 12
699 327
699 3
699 82
700 7
700 189
700 50
701 51
701 7
701 118
702 91
702 97
702 7
703 16
703 124
703 33
704 547
704 326
704 626
705 137
705 362
705 43
706 56
706 0
706 48
707 53
707 601
707 597
708 14
708 345
708 170
709 340
709 124
709 402
710 7
710 459
710 299
711 94
711 305
711 24
712 7
712 80
712 266
713 301
713 675
713 81
714 317
714 145
714 95
715 20
715 164
715 300
716 8
716 318
716 75
717 475
717 3
717 353
718 116
718 611
718 395
719 171
719 279
719 127
720 71
720 148
720 403
721 188
721 643
721 520
722 23
722 10
722 585
723 142
723 314
723 699
724 576
724 126
724 309
725 399
725 16
725 166
726 420
726 616
726 426
727 94
727 1
727 514
728 254
728 325
728 0
729 490
729 354
729 192
730 4
730 16
730 14
731 34
731 388
731 375
732 57
732 578
732 340
733 394
733 230
733 360
734 483
734 28
734 407
735 712
735 546
735 23
736 57
736 11
736 0
737 498
737 23
737 55
738 11
738 162
738 46
739 543
739 4
739 5
740 124
740 257
740 97
741 577
741 362
741 0
742 14
742 124
742 4
743 523
743 69
743 128
744 126
744 78
744 223
745 73
745 552
745 51
746 145
746 379
746 466
747 250
747 395
747 328
748 476
748 50
748 335
749 156
749 275
749 165
750 573
750 347
750 328
751 427
751 284
751 222
752 489
752 11
752 543
753 289
753 76
753 128
754 341
754 11
754 12
755 404
755 270
755 0
756 10
756 77
756 394
757 429
757 556
757 122
758 335
758 195
758 292
759 537
759 235
759 4
760 11
760 666
760 188
761 50
761 195
761 606
762 260
762 478
762 101
763 15
763 192
763 423
764 105
764 167
764 302
765 502
765 542
765 283
766 1
766 115
766 175
767 716
767 238
767 183
768 54
768 10
768 162
769 11
769 407
769 638
770 623
770 550
770 108
771 458
771 223
771 490
772 94
772 616
772 183
773 39
773 0
773 32
774 422
774 148
774 244
775 167
775 45
775 55
776 153
776 73
776 4
777 1
777 60
777 587
778 402
778 598
778 58
779 166
779 694
779 192
780 518
780 404
780 553
781 388
781 384
781 24
782 428
782 259
782 109
783 192
783 485
783 41
784 130
784 69
784 419
785 222
785 289
785 750
786 88
786 0
786 767
787 23
787 657
787 241
788 345
788 3
788 300
789 121
789 32
789 687
790 725
790 309
790 305
791 0
791 74
791 540
792 229
792 464
792 610
793 390
793 108
793 7
794 12
794 316
794 580
795 456
795 632
795 5
796 118
796 240
796 187
797 48
797 93
797 241
798 3
798 706
798 493
799 111
799 232
799 368
800 138
800 479
800 244
801 102
801 553
801 532
802 16
802 726
802 52
803 94
803 83
803 12
804 4
804 583
804 103
805 4
805 166
805 215
806 725
806 418
806 693
807 761
807 174
807 7
808 503
808 603
808 569
809 459
809 5
809 150
810 585
810 713
810 720
811 799
811 756
811 746
812 282
812 357
812 11
813 20
813 489
813 526
814 13
814 319
814 14
815 35
815 210
815 120
816 1
816 542
816 566
817 283
817 763
817 493
818 177
818 601
818 90
819 469
819 142
819 229
820 109
820 443
820 6
821 141
821 2
821 0
822 517
822 333
822 124
823 174
823 156
823 12
824 7
824 124
824 5
825 823
825 74
825 480
826 736
826 300
826 91
827 12
827 329
827 385
828 312
828 574
828 560
829 195
829 628
829 141
830 118
830 694
830 499
831 251
831 810
831 229
832 743
832 387
832 13
833 783
833 683
833 548
834 8
834 7
834 180
835 325
835 4
835 33
836 37
836 0
836 470
837 128
837 366
837 568
838 459
838 644
838 6
839 670
839 729
839 469
840 99
840 12
840 37
841 39
841 715
841 129
842 59
842 291
842 405
843 50
843 239
843 363
844 725
844 87
844 115
845 145
845 385
845 25
846 12
846 50
846 182
847 719
847 47
847 668
848 740
848 556
848 12
849 799
849 260
849 488
850 97
850 47
850 646
851 374
851 1
851 56
852 4
852 463
852 197
853 57
853 1
853 264
854 12
854 21
854 270
855 750
855 195
855 640
856 145
856 26
856 756
857 25
857 398
857 309
858 705
858 91
858 12
859 427
859 39
859 275
860 663
860 65
860 11
861 12
861 307
861 629
862 218
862 22
862 427
863 257
863 563
863 252
864 51
864 41
864 129
865 379
865 180
865 1
866 243
866 308
866 118
867 366
867 335
867 15
868 0
868 323
868 11
869 480
869 2
869 788
870 1
870 26
870 483
871 736
871 0
871 79
872 170
872 435
872 475
873 574
873 41
873 617
874 444
874 549
874 555
875 292
875 54
875 789
876 420
876 417
876 96
877 11
877 127
877 35
878 11
878 440
878 41
879 177
879 821
879 60
880 493
880 870
880 73
881 141
881 446
881 501
882 7
882 279
882 843
883 12
883 404
883 252
884 289
884 195
884 247
885 564
885 28
885 793
886 244
886 388
886 19
887 19
887 623
887 16
888 3
888 2
888 97
889 436
889 456
889 609
890 11
890 550
890 5
891 229
891 39
891 23
892 527
892 343
892 122
893 746
893 1
893 340
894 106
894 88
894 185
895 116
895 305
895 805
896 212
896 258
896 825
897 37
897 492
897 738
898 515
898 609
898 32
899 14
899 301
899 53
900 4
900 411
900 857
901 254
901 53
901 292
902 448
902 60
902 129
903 51
903 356
903 496
904 647
904 183
904 84
905 83
905 192
905 12
906 12
906 31
906 318
907 47
907 730
907 834
908 32
908 264
908 684
909 302
909 869
909 7
910 867
910 154
910 196
911 699
911 709
911 392
912 50
912 753
912 44
913 129
913 354
913 95
914 144
914 80
914 105
915 664
915 336
915 38
916 682
916 159
916 132
917 767
917 310
917 33
918 11
918 70
918 50
919 367
919 478
919 815
920 788
920 21
920 592
921 15
921 0
921 338
922 282
922 354
922 21
923 122
923 170
923 28
924 489
924 41
924 2
925 97
925 50
925 69
926 432
926 201
926 826
927 73
927 558
927 146
928 11
928 490
928 553
929 594
929 610
929 101
930 900
930 90
930 2
931 451
931 845
931 264
932 823
932 410
932 58
933 56
933 249
933 376
934 275
934 4
934 128
935 532
935 649
935 2
936 587
936 341
936 195
937 349
937 170
937 711
938 258
938 807
938 805
939 39
939 679
939 412
940 498
940 54
940 646
941 406
941 109
941 8
942 93
942 123
942 499
943 200
943 244
943 156
944 865
944 777
944 215
945 576
945 14
945 600
946 572
946 52
946 405
947 81
947 122
947 41
948 631
948 498
948 89
949 11
949 417
949 849
950 115
950 91
950 28
951 749
951 750
951 588
952 109
952 210
952 333
953 8
953 59
953 0
954 67
954 111
954 7
955 478
955 23
955 591
956 316
956 66
956 140
957 574
957 66
957 395
958 273
958 6
958 696
959 316
959 282
959 620
960 609
960 29
960 4
961 548
961 109
961 193
962 156
962 168
962 195
963 11
963 5
963 1
964 175
964 133
964 77
965 523
965 731
965 870
966 9
966 0
966 5
967 773
967 343
967 246
968 481
968 891
968 17
969 316
969 716
969 39
970 43
970 0
970 40
971 420
971 16
971 680
972 572
972 594
972 7
973 497
973 271
973 441
974 318
974 79
974 402
975 13
975 750
975 696
976 12
976 37
976 143
977 111
977 129
977 815
978 906
978 111
978 5
979 15
979 307
979 192
980 374
980 76
980 731
981 614
981 473
981 445
982 333
982 6
982 833
983 314
983 35
983 596
984 3
984 748
984 672
985 34
985 5
985 1
986 229
986 399
986 221
987 586
987 443
987 13
988 42
988 469
988 710
989 139
989 6
989 0
990 92
990 730
990 13
991 395
991 124
991 264
992 180
992 297
992 949
993 16
993 511
993 161
994 796
994 80
994 84
995 489
995 235
995 934
996 524
996 528
996 2
997 456
997 775
997 513
998 66
998 922
998 233
999 574
999 116
999 843
