0 1
0 2
1 0
1 2
2 1
2 0
3 0
3 2
3 1
4 1
4 0
4 2
5 1
5 4
5 0
6 2
6 1
6 0
7 6
7 2
7 1
8 1
8 2
8 0
9 3
9 7
9 6
10 0
10 1
10 6
11 10
11 0
11 6
12 4
12 7
12 6
13 9
13 6
13 0
14 9
14 6
14 7
15 14
15 10
15 12
16 0
16 13
16 1
17 6
17 15
17 1
18 9
18 6
18 0
19 6
19 13
19 11
20 2
20 4
20 6
21 4
21 16
21 6
22 2
22 7
22 12
23 2
23 6
23 22
24 3
24 7
24 22
25 1
25 0
25 11
26 11
26 14
26 1
27 25
27 19
27 11
28 19
28 1
28 12
29 1
29 9
29 10
30 14
30 1
30 6
31 24
31 7
31 0
32 10
32 3
32 12
33 22
33 32
33 14
34 7
34 13
34 9
35 0
35 12
35 1
36 11
36 3
36 24
37 11
37 18
37 21
38 9
38 0
38 6
39 8
39 9
39 1
40 1
40 32
40 9
41 24
41 25
41 10
42 17
42 2
42 3
43 7
43 11
43 16
44 18
44 19
44 11
45 11
45 44
45 30
46 9
46 0
46 1
47 12
47 19
47 20
48 14
48 2
48 24
49 4
49 39
49 10
50 47
50 4
50 14
51 6
51 11
51 24
52 2
52 39
52 9
53 42
53 47
53 37
54 46
54 26
54 44
55 25
55 3
55 44
56 3
56 18
56 14
57 17
57 9
57 30
58 9
58 6
58 54
59 37
59 52
59 2
60 7
60 14
60 11
61 1
61 0
61 22
62 47
62 2
62 9
63 20
63 49
63 12
64 30
64 61
64 47
65 16
65 33
65 19
66 11
66 4
66 24
67 47
67 22
67 12
68 2
68 42
68 62
69 11
69 6
69 8
70 7
70 11
70 22
71 59
71 21
71 62
72 11
72 23
72 36
73 72
73 42
73 52
74 34
74 33
74 58
75 2
75 37
75 41
76 50
76 70
76 67
77 7
77 2
77 53
78 22
78 0
78 3
79 50
79 11
79 47
80 18
80 14
80 20
81 42
81 54
81 44
82 21
82 1
82 14
83 74
83 26
83 13
84 47
84 7
84 25
85 7
85 0
85 42
86 2
86 29
86 6
87 43
87 59
87 45
88 41
88 37
88 86
89 1
89 7
89 28
90 85
90 46
90 24
91 0
91 23
91 14
92 41
92 9
92 71
93 90
93 0
93 8
94 84
94 7
94 6
95 0
95 2
95 82
96 6
96 1
96 3
97 25
97 80
97 0
98 2
98 24
98 52
99 33
99 15
99 1
