0 1
0 2
0 3
0 5
0 10
0 11
0 19
0 22
0 33
0 48
0 49
1 0
1 2
1 3
1 4
1 8
1 13
1 20
1 32
1 33
1 47
2 1
2 0
2 3
2 4
2 6
2 7
2 8
2 20
2 28
2 41
2 45
3 2
3 0
3 1
3 4
3 5
3 7
3 10
3 11
3 12
3 14
3 21
3 27
3 30
3 34
3 35
3 44
4 1
4 3
4 2
4 5
4 6
4 7
4 8
4 9
4 10
4 16
4 17
4 31
4 32
4 37
4 45
4 46
4 49
5 4
5 0
5 3
5 6
5 9
5 13
5 14
5 15
5 27
5 29
5 34
5 36
5 42
6 5
6 2
6 4
6 11
6 12
6 18
6 33
6 38
6 39
6 47
7 2
7 4
7 3
7 9
7 18
7 19
7 20
7 21
7 22
7 40
8 1
8 2
8 4
8 13
8 16
8 17
8 23
8 25
8 26
8 31
8 43
9 5
9 4
9 7
9 15
9 24
10 4
10 3
10 0
10 12
10 37
11 0
11 6
11 3
11 18
11 24
11 39
12 3
12 6
12 10
12 14
12 17
12 19
12 23
12 28
12 30
12 35
12 42
12 47
13 5
13 8
13 1
13 15
13 22
13 42
13 48
14 3
14 5
14 12
14 16
14 44
14 45
15 9
15 5
15 13
16 8
16 4
16 14
16 25
16 29
17 8
17 4
17 12
17 24
17 25
17 36
17 44
18 7
18 6
18 11
18 23
18 26
18 38
19 0
19 12
19 7
19 21
20 7
20 2
20 1
20 26
20 46
21 7
21 19
21 3
21 29
22 7
22 0
22 13
23 8
23 12
23 18
23 28
23 30
24 11
24 9
24 17
25 17
25 16
25 8
26 18
26 8
26 20
26 27
26 32
27 26
27 3
27 5
27 38
27 41
27 46
28 23
28 2
28 12
28 31
29 5
29 16
29 21
29 41
30 3
30 23
30 12
30 34
30 37
30 39
31 4
31 8
31 28
31 35
32 1
32 26
32 4
32 36
32 40
33 6
33 0
33 1
34 5
34 3
34 30
35 31
35 12
35 3
36 32
36 5
36 17
36 49
37 10
37 30
37 4
37 43
38 27
38 6
38 18
38 43
39 6
39 30
39 11
39 40
40 7
40 39
40 32
41 29
41 2
41 27
42 5
42 13
42 12
43 37
43 38
43 8
44 14
44 17
44 3
45 4
45 14
45 2
45 48
46 20
46 27
46 4
47 1
47 12
47 6
48 45
48 13
48 0
49 4
49 36
49 0
