0 1
1 0
2 0
2 1
3 2
3 0
3 1
4 0
4 1
4 2
5 4
5 1
5 0
6 1
6 2
6 0
7 4
7 3
7 0
8 0
8 4
8 1
9 0
9 5
9 4
10 5
10 0
10 7
11 5
11 4
11 1
12 3
12 1
12 6
13 6
13 0
13 2
14 1
14 7
14 12
15 12
15 0
15 4
16 10
16 0
16 6
17 0
17 12
17 3
18 0
18 13
18 6
19 6
19 5
19 14
20 9
20 1
20 10
21 20
21 4
21 12
22 12
22 7
22 0
23 5
23 7
23 0
24 7
24 1
24 15
25 21
25 12
25 1
26 22
26 3
26 13
27 2
27 9
27 1
28 0
28 27
28 26
29 4
29 15
29 11
30 24
30 5
30 17
31 0
31 14
31 17
32 9
32 13
32 1
33 22
33 7
33 0
34 8
34 10
34 30
35 25
35 20
35 8
36 9
36 3
36 1
37 2
37 15
37 12
38 0
38 22
38 9
39 12
39 15
39 4
40 15
40 27
40 16
41 6
41 0
41 1
42 6
42 4
42 9
43 11
43 42
43 2
44 13
44 28
44 24
45 0
45 10
45 1
46 8
46 13
46 28
47 23
47 41
47 45
48 26
48 13
48 4
49 46
49 0
49 19
50 12
50 8
50 13
51 11
51 34
51 1
52 5
52 3
52 4
53 9
53 13
53 8
54 5
54 37
54 11
55 26
55 38
55 16
56 37
56 0
56 12
57 16
57 6
57 37
58 1
58 10
58 30
59 19
59 24
59 34
60 12
60 22
60 5
61 7
61 39
61 8
62 27
62 14
62 5
63 22
63 3
63 36
64 6
64 37
64 26
65 0
65 6
65 23
66 52
66 62
66 7
67 54
67 31
67 6
68 1
68 39
68 7
69 23
69 12
69 0
70 1
70 37
70 12
71 0
71 6
71 57
72 68
72 4
72 7
73 16
73 5
73 47
74 2
74 9
74 1
75 62
75 24
75 19
76 16
76 15
76 28
77 11
77 52
77 68
78 48
78 25
78 3
79 45
79 39
79 13
80 75
80 4
80 9
81 9
81 3
81 29
82 71
82 60
82 1
83 5
83 0
83 12
84 48
84 28
84 11
85 84
85 22
85 75
86 4
86 58
86 8
87 4
87 48
87 30
88 66
88 6
88 44
89 1
89 58
89 8
90 0
90 13
90 4
91 12
91 19
91 48
92 50
92 35
92 91
93 7
93 11
93 65
94 89
94 13
94 47
95 2
95 21
95 4
96 11
96 3
96 69
97 94
97 35
97 19
98 12
98 2
98 56
99 1
99 12
99 46
100 62
100 67
100 23
101 4
101 0
101 94
102 82
102 71
102 47
103 15
103 0
103 18
104 0
104 19
104 16
105 1
105 36
105 93
106 1
106 61
106 12
107 18
107 1
107 91
108 31
108 2
108 1
109 8
109 17
109 93
110 9
110 12
110 5
111 99
111 103
111 73
112 85
112 4
112 57
113 73
113 12
113 23
114 73
114 11
114 31
115 42
115 0
115 17
116 19
116 9
116 28
117 4
117 59
117 93
118 71
118 0
118 20
119 6
119 9
119 10
120 85
120 0
120 13
121 1
121 4
121 54
122 9
122 46
122 26
123 82
123 73
123 11
124 8
124 119
124 14
125 106
125 86
125 37
126 38
126 44
126 86
127 24
127 106
127 125
128 108
128 1
128 26
129 1
129 5
129 47
130 5
130 56
130 0
131 122
131 11
131 37
132 1
132 24
132 0
133 9
133 113
133 26
134 0
134 36
134 33
135 18
135 92
135 63
136 15
136 12
136 1
137 13
137 67
137 37
138 39
138 93
138 124
139 12
139 37
139 49
140 10
140 37
140 4
141 2
141 29
141 11
142 13
142 5
142 116
143 2
143 82
143 71
144 82
144 13
144 111
145 9
145 19
145 75
146 15
146 75
146 0
147 68
147 41
147 49
148 5
148 35
148 102
149 6
149 68
149 4
150 10
150 4
150 13
151 62
151 78
151 19
152 54
152 37
152 131
153 4
153 99
153 81
154 58
154 40
154 12
155 42
155 81
155 119
156 46
156 8
156 0
157 7
157 23
157 0
158 155
158 35
158 135
159 37
159 5
159 24
160 12
160 84
160 4
161 141
161 131
161 0
162 4
162 13
162 2
163 159
163 6
163 15
164 25
164 12
164 116
165 28
165 9
165 108
166 25
166 10
166 75
167 52
167 0
167 50
168 19
168 58
168 0
169 90
169 17
169 78
170 24
170 19
170 0
171 50
171 24
171 134
172 4
172 61
172 87
173 90
173 17
173 12
174 19
174 98
174 1
175 144
175 33
175 75
176 161
176 13
176 102
177 3
177 21
177 6
178 2
178 37
178 0
179 30
179 5
179 2
180 3
180 1
180 37
181 127
181 1
181 20
182 25
182 42
182 172
183 82
183 1
183 11
184 24
184 0
184 46
185 17
185 78
185 49
186 162
186 49
186 123
187 126
187 103
187 0
188 142
188 148
188 8
189 6
189 101
189 111
190 39
190 0
190 188
191 46
191 20
191 48
192 25
192 83
192 6
193 160
193 12
193 99
194 45
194 110
194 0
195 180
195 187
195 96
196 142
196 87
196 100
197 30
197 14
197 4
198 86
198 19
198 57
199 38
199 78
199 175
200 108
200 87
200 13
201 5
201 11
201 107
202 0
202 148
202 15
203 119
203 7
203 165
204 1
204 57
204 12
205 200
205 46
205 21
206 15
206 129
206 177
207 13
207 1
207 29
208 68
208 164
208 45
209 2
209 10
209 4
210 1
210 6
210 12
211 172
211 90
211 199
212 1
212 164
212 66
213 2
213 11
213 192
214 37
214 28
214 23
215 115
215 0
215 8
216 75
216 81
216 103
217 30
217 161
217 5
218 4
218 0
218 88
219 76
219 83
219 135
220 0
220 164
220 6
221 73
221 77
221 216
222 18
222 181
222 165
223 109
223 95
223 10
224 0
224 9
224 25
225 39
225 127
225 101
226 6
226 21
226 5
227 85
227 103
227 125
228 32
228 0
228 28
229 141
229 126
229 216
230 49
230 25
230 148
231 173
231 90
231 18
232 133
232 230
232 4
233 222
233 137
233 164
234 3
234 62
234 5
235 22
235 168
235 60
236 4
236 84
236 1
237 1
237 155
237 100
238 110
238 187
238 37
239 66
239 18
239 217
240 164
240 5
240 0
241 91
241 145
241 11
242 177
242 105
242 100
243 118
243 157
243 1
244 62
244 178
244 111
245 13
245 89
245 1
246 100
246 155
246 95
247 30
247 75
247 18
248 12
248 24
248 1
249 37
249 190
249 15
250 1
250 19
250 125
251 192
251 5
251 110
252 142
252 75
252 0
253 133
253 17
253 85
254 187
254 1
254 10
255 221
255 45
255 205
256 42
256 99
256 47
257 1
257 2
257 161
258 116
258 0
258 125
259 218
259 90
259 5
260 216
260 8
260 47
261 66
261 0
261 1
262 27
262 142
262 181
263 72
263 75
263 54
264 81
264 9
264 0
265 82
265 114
265 10
266 102
266 39
266 261
267 199
267 73
267 8
268 37
268 23
268 62
269 60
269 108
269 226
270 20
270 13
270 154
271 12
271 13
271 144
272 44
272 227
272 19
273 4
273 168
273 224
274 5
274 117
274 7
275 197
275 70
275 183
276 1
276 11
276 3
277 4
277 76
277 27
278 72
278 20
278 81
279 72
279 131
279 44
280 12
280 166
280 116
281 143
281 76
281 31
282 0
282 86
282 212
283 1
283 7
283 274
284 62
284 237
284 108
285 0
285 81
285 199
286 230
286 72
286 122
287 0
287 105
287 9
288 5
288 13
288 51
289 198
289 72
289 126
290 268
290 3
290 281
291 179
291 74
291 177
292 252
292 109
292 205
293 174
293 5
293 122
294 251
294 83
294 96
295 83
295 26
295 5
296 29
296 180
296 23
297 241
297 29
297 253
298 5
298 212
298 0
299 12
299 65
299 5
300 9
300 0
300 1
301 185
301 13
301 204
302 9
302 5
302 118
303 91
303 0
303 147
304 139
304 7
304 126
305 25
305 0
305 131
306 178
306 159
306 126
307 8
307 243
307 0
308 30
308 1
308 142
309 242
309 38
309 206
310 76
310 6
310 111
311 1
311 11
311 190
312 9
312 2
312 23
313 73
313 165
313 3
314 54
314 313
314 45
315 0
315 101
315 1
316 30
316 34
316 162
317 39
317 100
317 238
318 9
318 219
318 31
319 45
319 316
319 26
320 243
320 5
320 54
321 3
321 25
321 47
322 29
322 25
322 242
323 96
323 142
323 318
324 1
324 144
324 30
325 71
325 1
325 148
326 124
326 169
326 306
327 100
327 6
327 95
328 13
328 247
328 227
329 45
329 56
329 52
330 15
330 169
330 28
331 46
331 42
331 80
332 316
332 85
332 170
333 158
333 313
333 5
334 123
334 133
334 78
335 25
335 329
335 17
336 1
336 159
336 0
337 6
337 323
337 133
338 29
338 1
338 229
339 201
339 126
339 83
340 76
340 95
340 13
341 300
341 163
341 312
342 310
342 230
342 51
343 0
343 214
343 218
344 192
344 337
344 305
345 49
345 23
345 20
346 179
346 22
346 1
347 108
347 217
347 102
348 11
348 173
348 175
349 271
349 276
349 0
350 101
350 260
350 31
351 5
351 12
351 339
352 66
352 158
352 345
353 16
353 333
353 53
354 103
354 169
354 100
355 318
355 330
355 17
356 58
356 350
356 88
357 226
357 20
357 1
358 161
358 163
358 23
359 19
359 33
359 84
360 212
360 208
360 1
361 282
361 322
361 52
362 6
362 179
362 5
363 33
363 134
363 36
364 321
364 39
364 289
365 81
365 7
365 12
366 263
366 1
366 101
367 25
367 203
367 11
368 5
368 357
368 0
369 83
369 346
369 149
370 301
370 8
370 192
371 73
371 291
371 305
372 1
372 46
372 281
373 291
373 310
373 323
374 157
374 245
374 11
375 227
375 172
375 10
376 223
376 58
376 147
377 29
377 235
377 112
378 30
378 199
378 124
379 32
379 321
379 20
380 315
380 15
380 5
381 158
381 364
381 108
382 133
382 39
382 29
383 135
383 5
383 23
384 313
384 67
384 7
385 334
385 76
385 5
386 11
386 37
386 9
387 58
387 1
387 251
388 339
388 75
388 282
389 8
389 28
389 134
390 100
390 357
390 1
391 209
391 30
391 116
392 155
392 9
392 269
393 54
393 177
393 318
394 259
394 39
394 219
395 1
395 5
395 173
396 371
396 162
396 8
397 77
397 27
397 47
398 174
398 290
398 58
399 40
399 8
399 158
400 55
400 15
400 262
401 46
401 19
401 233
402 286
402 91
402 335
403 18
403 67
403 345
404 22
404 1
404 6
405 163
405 345
405 15
406 400
406 276
406 49
407 214
407 30
407 271
408 76
408 126
408 105
409 107
409 350
409 97
410 122
410 45
410 0
411 141
411 217
411 15
412 100
412 11
412 118
413 272
413 21
413 44
414 1
414 238
414 134
415 90
415 21
415 258
416 9
416 393
416 300
417 170
417 58
417 163
418 316
418 277
418 235
419 111
419 25
419 12
420 28
420 80
420 19
421 375
421 28
421 255
422 19
422 44
422 211
423 44
423 133
423 324
424 174
424 76
424 372
425 266
425 25
425 267
426 161
426 140
426 84
427 170
427 18
427 250
428 62
428 121
428 134
429 131
429 421
429 94
430 84
430 379
430 245
431 1
431 427
431 39
432 44
432 47
432 155
433 200
433 76
433 10
434 108
434 331
434 93
435 18
435 71
435 231
436 5
436 7
436 289
437 391
437 425
437 12
438 4
438 11
438 363
439 403
439 1
439 134
440 141
440 71
440 104
441 49
441 369
441 51
442 28
442 100
442 23
443 2
443 174
443 63
444 401
444 133
444 333
445 73
445 49
445 12
446 58
446 4
446 200
447 88
447 238
447 1
448 233
448 260
448 381
449 5
449 104
449 4
450 11
450 50
450 361
451 173
451 68
451 116
452 163
452 376
452 108
453 334
453 172
453 267
454 71
454 424
454 105
455 124
455 1
455 132
456 135
456 375
456 251
457 101
457 103
457 27
458 175
458 210
458 236
459 45
459 99
459 222
460 382
460 321
460 272
461 25
461 1
461 100
462 421
462 13
462 70
463 178
463 118
463 3
464 115
464 345
464 110
465 12
465 224
465 1
466 29
466 339
466 75
467 30
467 261
467 118
468 73
468 26
468 58
469 65
469 189
469 311
470 47
470 173
470 365
471 340
471 335
471 25
472 17
472 0
472 30
473 221
473 410
473 29
474 185
474 119
474 137
475 418
475 85
475 96
476 8
476 389
476 23
477 310
477 183
477 124
478 19
478 256
478 77
479 26
479 164
479 29
480 470
480 117
480 5
481 248
481 160
481 329
482 355
482 42
482 342
483 65
483 239
483 16
484 10
484 229
484 179
485 469
485 319
485 60
486 0
486 154
486 227
487 193
487 73
487 3
488 70
488 289
488 1
489 94
489 44
489 99
490 8
490 89
490 323
491 235
491 30
491 126
492 62
492 4
492 85
493 467
493 14
493 368
494 344
494 223
494 319
495 71
495 444
495 183
496 180
496 54
496 134
497 102
497 7
497 57
498 321
498 209
498 371
499 9
499 278
499 0
500 398
500 26
500 20
501 181
501 102
501 206
502 392
502 28
502 0
503 434
503 126
503 481
504 238
504 81
504 262
505 12
505 165
505 45
506 300
506 171
506 1
507 73
507 218
507 164
508 62
508 140
508 481
509 303
509 109
509 118
510 85
510 14
510 124
511 24
511 0
511 1
512 211
512 0
512 428
513 155
513 179
513 82
514 132
514 426
514 306
515 58
515 99
515 256
516 250
516 238
516 38
517 206
517 20
517 405
518 325
518 12
518 248
519 274
519 340
519 306
520 169
520 164
520 276
521 1
521 218
521 425
522 39
522 5
522 492
523 154
523 213
523 338
524 8
524 32
524 359
525 417
525 100
525 394
526 441
526 256
526 384
527 47
527 449
527 238
528 0
528 147
528 29
529 75
529 10
529 232
530 211
530 446
530 155
531 339
531 81
531 527
532 76
532 29
532 67
533 262
533 441
533 39
534 1
534 419
534 12
535 20
535 68
535 155
536 186
536 1
536 233
537 5
537 366
537 368
538 15
538 530
538 421
539 365
539 4
539 16
540 0
540 2
540 442
541 84
541 8
541 1
542 143
542 416
542 386
543 387
543 44
543 537
544 1
544 390
544 431
545 58
545 60
545 163
546 1
546 133
546 124
547 70
547 52
547 67
548 356
548 162
548 6
549 441
549 239
549 286
550 381
550 515
550 4
551 144
551 1
551 279
552 1
552 215
552 366
553 57
553 60
553 513
554 109
554 186
554 173
555 376
555 103
555 0
556 60
556 9
556 421
557 33
557 29
557 8
558 51
558 10
558 0
559 26
559 132
559 1
560 465
560 59
560 103
561 303
561 1
561 193
562 163
562 191
562 95
563 431
563 222
563 0
564 240
564 125
564 258
565 452
565 494
565 275
566 101
566 77
566 25
567 346
567 0
567 465
568 31
568 509
568 228
569 369
569 514
569 73
570 46
570 27
570 542
571 187
571 105
571 126
572 172
572 19
572 8
573 134
573 256
573 114
574 353
574 537
574 327
575 429
575 28
575 161
576 24
576 1
576 22
577 124
577 23
577 133
578 162
578 14
578 100
579 105
579 501
579 49
580 44
580 412
580 176
581 233
581 179
581 563
582 71
582 477
582 57
583 85
583 39
583 329
584 131
584 35
584 315
585 57
585 81
585 257
586 179
586 12
586 178
587 315
587 5
587 110
588 148
588 241
588 548
589 8
589 7
589 235
590 513
590 455
590 66
591 524
591 12
591 185
592 517
592 222
592 128
593 341
593 333
593 356
594 466
594 6
594 331
595 50
595 62
595 21
596 402
596 52
596 198
597 133
597 506
597 7
598 235
598 391
598 75
599 504
599 34
599 537
600 333
600 89
600 398
601 44
601 0
601 492
602 553
602 451
602 29
603 272
603 242
603 562
604 11
604 407
604 5
605 171
605 82
605 59
606 74
606 11
606 96
607 584
607 133
607 0
608 25
608 242
608 323
609 2
609 544
609 11
610 586
610 375
610 103
611 527
611 5
611 550
612 428
612 326
612 345
613 361
613 85
613 436
614 166
614 140
614 314
615 325
615 374
615 574
616 179
616 133
616 304
617 39
617 530
617 395
618 282
618 22
618 96
619 596
619 55
619 498
620 8
620 65
620 15
621 387
621 219
621 402
622 139
622 62
622 86
623 596
623 10
623 137
624 142
624 128
624 340
625 85
625 319
625 333
626 223
626 617
626 5
627 30
627 432
627 214
628 63
628 126
628 24
629 582
629 85
629 374
630 619
630 60
630 13
631 126
631 375
631 437
632 6
632 191
632 1
633 84
633 45
633 23
634 269
634 8
634 527
635 453
635 109
635 385
636 424
636 91
636 39
637 453
637 503
637 393
638 264
638 226
638 550
639 13
639 526
639 28
640 29
640 77
640 311
641 390
641 255
641 1
642 132
642 6
642 52
643 433
643 636
643 122
644 71
644 53
644 173
645 212
645 436
645 18
646 260
646 630
646 323
647 257
647 338
647 1
648 142
648 527
648 25
649 427
649 325
649 221
650 194
650 247
650 166
651 13
651 263
651 96
652 594
652 513
652 242
653 492
653 168
653 4
654 15
654 412
654 193
655 91
655 402
655 193
656 22
656 313
656 8
657 428
657 274
657 163
658 427
658 62
658 231
659 623
659 377
659 357
660 393
660 391
660 567
661 303
661 226
661 163
662 215
662 418
662 216
663 604
663 259
663 206
664 30
664 24
664 94
665 641
665 81
665 17
666 9
666 0
666 494
667 253
667 110
667 473
668 73
668 395
668 93
669 145
669 38
669 316
670 300
670 5
670 64
671 1
671 222
671 242
672 290
672 4
672 10
673 592
673 30
673 313
674 90
674 0
674 245
675 368
675 23
675 475
676 0
676 42
676 236
677 104
677 667
677 183
678 119
678 199
678 537
679 145
679 2
679 636
680 13
680 284
680 647
681 395
681 592
681 119
682 5
682 13
682 553
683 19
683 192
683 382
684 306
684 284
684 623
685 0
685 122
685 437
686 23
686 221
686 593
687 166
687 505
687 623
688 63
688 382
688 632
689 21
689 4
689 468
690 134
690 202
690 464
691 211
691 116
691 334
692 211
692 402
692 339
693 75
693 339
693 211
694 421
694 0
694 358
695 345
695 313
695 461
696 379
696 468
696 496
697 693
697 116
697 14
698 492
698 12
698 81
699 66
699 346
699 100
700 46
700 242
700 108
701 542
701 49
701 53
702 318
702 23
702 395
703 532
703 3
703 341
704 71
704 58
704 1
705 652
705 186
705 11
706 518
706 390
706 27
707 449
707 300
707 588
708 247
708 119
708 1
709 473
709 172
709 26
710 521
710 76
710 32
711 544
711 327
711 330
712 19
712 630
712 39
713 0
713 16
713 81
714 232
714 273
714 319
715 15
715 462
715 581
716 346
716 37
716 111
717 414
717 60
717 5
718 452
718 312
718 508
719 147
719 5
719 24
720 332
720 205
720 583
721 0
721 334
721 593
722 1
722 290
722 30
723 528
723 4
723 116
724 137
724 47
724 605
725 568
725 564
725 96
726 181
726 585
726 528
727 46
727 19
727 296
728 171
728 190
728 416
729 39
729 12
729 239
730 542
730 674
730 27
731 399
731 106
731 37
732 24
732 62
732 619
733 107
733 254
733 1
734 393
734 108
734 203
735 109
735 709
735 21
736 619
736 5
736 88
737 262
737 171
737 50
738 84
738 372
738 729
739 47
739 619
739 503
740 199
740 5
740 6
741 10
741 56
741 250
742 627
742 401
742 42
743 370
743 418
743 12
744 81
744 57
744 5
745 144
745 476
745 391
746 345
746 22
746 687
747 436
747 8
747 1
748 540
748 4
748 569
749 111
749 186
749 731
750 4
750 739
750 318
751 326
751 479
751 100
752 26
752 318
752 1
753 1
753 398
753 239
754 699
754 8
754 630
755 130
755 334
755 559
756 369
756 511
756 473
757 333
757 287
757 615
758 66
758 395
758 663
759 637
759 490
759 78
760 678
760 47
760 1
761 589
761 439
761 107
762 718
762 60
762 589
763 570
763 71
763 757
764 1
764 744
764 110
765 236
765 689
765 46
766 0
766 5
766 303
767 5
767 303
767 698
768 226
768 289
768 244
769 60
769 12
769 163
770 715
770 1
770 346
771 393
771 535
771 8
772 585
772 162
772 255
773 148
773 6
773 452
774 311
774 253
774 380
775 459
775 21
775 227
776 145
776 162
776 164
777 114
777 768
777 26
778 223
778 2
778 407
779 462
779 0
779 9
780 118
780 619
780 11
781 61
781 504
781 13
782 286
782 11
782 439
783 20
783 731
783 278
784 675
784 11
784 368
785 509
785 122
785 711
786 83
786 563
786 339
787 347
787 163
787 119
788 0
788 124
788 388
789 144
789 197
789 452
790 783
790 387
790 81
791 42
791 759
791 166
792 308
792 13
792 73
793 255
793 575
793 34
794 368
794 337
794 256
795 480
795 218
795 1
796 13
796 27
796 528
797 576
797 425
797 561
798 11
798 742
798 10
799 70
799 13
799 294
800 232
800 111
800 692
801 53
801 232
801 760
802 221
802 191
802 71
803 355
803 402
803 781
804 37
804 93
804 40
805 5
805 74
805 371
806 471
806 432
806 679
807 37
807 258
807 289
808 499
808 760
808 119
809 1
809 8
809 121
810 341
810 401
810 359
811 204
811 648
811 325
812 596
812 443
812 62
813 405
813 47
813 621
814 9
814 665
814 481
815 17
815 119
815 325
816 762
816 785
816 1
817 399
817 50
817 114
818 109
818 454
818 24
819 25
819 743
819 716
820 0
820 58
820 436
821 123
821 147
821 19
822 472
822 71
822 45
823 290
823 399
823 58
824 550
824 119
824 180
825 289
825 647
825 269
826 12
826 569
826 1
827 692
827 1
827 560
828 322
828 6
828 479
829 399
829 55
829 370
830 212
830 52
830 751
831 686
831 58
831 707
832 50
832 10
832 418
833 770
833 304
833 140
834 333
834 133
834 286
835 62
835 454
835 4
836 563
836 698
836 356
837 164
837 128
837 162
838 551
838 165
838 313
839 250
839 366
839 232
840 75
840 1
840 255
841 776
841 241
841 589
842 26
842 384
842 327
843 289
843 143
843 11
844 489
844 59
844 37
845 416
845 792
845 12
846 58
846 762
846 15
847 41
847 419
847 13
848 717
848 152
848 100
849 219
849 44
849 286
850 722
850 499
850 821
851 402
851 4
851 1
852 722
852 377
852 2
853 334
853 8
853 50
854 568
854 369
854 551
855 203
855 35
855 103
856 12
856 330
856 56
857 267
857 221
857 505
858 6
858 507
858 369
859 170
859 310
859 214
860 185
860 123
860 132
861 692
861 343
861 531
862 714
862 832
862 19
863 313
863 57
863 504
864 543
864 57
864 12
865 65
865 108
865 0
866 446
866 12
866 46
867 29
867 69
867 66
868 138
868 50
868 465
869 284
869 1
869 354
870 16
870 94
870 215
871 774
871 94
871 14
872 836
872 330
872 217
873 320
873 323
873 427
874 197
874 802
874 1
875 350
875 482
875 22
876 194
876 161
876 254
877 8
877 57
877 235
878 0
878 323
878 111
879 133
879 134
879 289
880 11
880 364
880 222
881 874
881 341
881 284
882 10
882 275
882 34
883 331
883 341
883 191
884 97
884 286
884 816
885 20
885 37
885 34
886 31
886 10
886 11
887 3
887 377
887 857
888 316
888 879
888 100
889 241
889 8
889 6
890 352
890 95
890 500
891 73
891 3
891 7
892 795
892 83
892 839
893 186
893 28
893 730
894 5
894 421
894 560
895 301
895 688
895 542
896 398
896 95
896 207
897 14
897 110
897 11
898 89
898 91
898 706
899 200
899 93
899 708
900 147
900 778
900 339
901 80
901 0
901 465
902 7
902 144
902 61
903 262
903 399
903 745
904 5
904 278
904 191
905 332
905 712
905 1
906 39
906 495
906 455
907 30
907 509
907 391
908 807
908 11
908 71
909 198
909 838
909 27
910 56
910 30
910 267
911 5
911 466
911 341
912 12
912 5
912 867
913 191
913 0
913 25
914 662
914 661
914 399
915 431
915 469
915 27
916 54
916 152
916 183
917 123
917 250
917 154
918 898
918 255
918 703
919 475
919 441
919 527
920 98
920 819
920 398
921 323
921 22
921 273
922 891
922 714
922 272
923 419
923 214
923 537
924 419
924 157
924 10
925 551
925 353
925 744
926 155
926 62
926 54
927 29
927 4
927 91
928 630
928 455
928 354
929 95
929 142
929 264
930 56
930 399
930 94
931 829
931 496
931 34
932 72
932 861
932 0
933 62
933 116
933 0
934 229
934 414
934 304
935 488
935 126
935 791
936 36
936 326
936 363
937 382
937 570
937 39
938 460
938 22
938 368
939 52
939 108
939 96
940 241
940 42
940 279
941 739
941 29
941 42
942 6
942 508
942 195
943 792
943 310
943 12
944 485
944 374
944 260
945 751
945 517
945 129
946 73
946 858
946 12
947 427
947 243
947 6
948 137
948 145
948 318
949 550
949 786
949 722
950 742
950 715
950 30
951 346
951 668
951 147
952 828
952 221
952 181
953 2
953 706
953 1
954 647
954 23
954 135
955 100
955 900
955 10
956 589
956 940
956 18
957 473
957 105
957 52
958 720
958 858
958 516
959 375
959 21
959 692
960 484
960 575
960 82
961 147
961 695
961 260
962 776
962 867
962 42
963 24
963 901
963 453
964 430
964 453
964 12
965 886
965 798
965 510
966 652
966 656
966 560
967 357
967 114
967 102
968 323
968 308
968 85
969 54
969 18
969 496
970 1
970 259
970 47
971 584
971 513
971 517
972 94
972 391
972 339
973 245
973 52
973 178
974 6
974 493
974 452
975 419
975 194
975 536
976 338
976 842
976 12
977 252
977 19
977 187
978 77
978 20
978 711
979 74
979 928
979 1
980 351
980 421
980 804
981 37
981 226
981 598
982 669
982 636
982 7
983 83
983 75
983 582
984 122
984 489
984 93
985 826
985 107
985 267
986 239
986 730
986 441
987 798
987 54
987 778
988 323
988 14
988 678
989 397
989 3
989 58
990 300
990 485
990 964
991 0
991 694
991 108
992 286
992 792
992 221
993 194
993 630
993 751
994 599
994 58
994 905
995 391
995 242
995 334
996 88
996 10
996 307
997 573
997 444
997 228
998 298
998 154
998 853
999 960
999 567
999 3
