0 1
1 0
2 0
2 1
3 0
3 1
3 2
4 1
4 2
4 0
5 3
5 1
5 0
6 0
6 4
6 3
7 2
7 0
7 3
8 2
8 1
8 3
9 3
9 2
9 0
10 3
10 4
10 1
11 0
11 3
11 2
12 2
12 9
12 4
13 7
13 2
13 5
14 3
14 11
14 0
15 9
15 2
15 1
16 3
16 8
16 1
17 2
17 0
17 3
18 4
18 3
18 6
19 0
19 18
19 14
20 1
20 11
20 2
21 1
21 3
21 14
22 4
22 14
22 9
23 12
23 11
23 5
24 0
24 15
24 1
25 4
25 18
25 16
26 5
26 14
26 13
27 0
27 2
27 17
28 0
28 15
28 14
29 8
29 4
29 7
30 20
30 5
30 3
31 18
31 0
31 13
32 15
32 19
32 0
33 14
33 0
33 4
34 11
34 32
34 24
35 18
35 4
35 27
36 17
36 2
36 6
37 24
37 18
37 4
38 4
38 5
38 25
39 3
39 34
39 0
40 3
40 2
40 14
41 3
41 2
41 0
42 36
42 17
42 24
43 2
43 18
43 16
44 37
44 9
44 12
45 3
45 17
45 12
46 14
46 32
46 2
47 1
47 31
47 8
48 6
48 0
48 14
49 6
49 3
49 40
50 0
50 5
50 19
51 22
51 45
51 1
52 10
52 0
52 36
53 3
53 48
53 36
54 4
54 2
54 12
55 31
55 48
55 3
56 5
56 36
56 32
57 48
57 16
57 2
58 2
58 48
58 4
59 10
59 7
59 51
60 4
60 31
60 38
61 2
61 8
61 37
62 3
62 15
62 18
63 13
63 32
63 17
64 18
64 48
64 51
65 3
65 37
65 4
66 2
66 27
66 52
67 40
67 2
67 27
68 67
68 50
68 19
69 17
69 36
69 6
70 1
70 17
70 30
71 53
71 66
71 31
72 43
72 18
72 28
73 9
73 21
73 2
74 70
74 17
74 46
75 3
75 61
75 68
76 19
76 17
76 67
77 51
77 17
77 2
78 1
78 46
78 18
79 1
79 35
79 61
80 18
80 75
80 7
81 3
81 49
81 36
82 15
82 7
82 67
83 2
83 32
83 55
84 32
84 70
84 0
85 17
85 32
85 15
86 76
86 18
86 84
87 0
87 3
87 8
88 14
88 52
88 55
89 27
89 11
89 21
90 4
90 75
90 29
91 3
91 52
91 80
92 26
92 40
92 64
93 9
93 4
93 5
94 0
94 3
94 36
95 4
95 9
95 16
96 24
96 14
96 67
97 5
97 7
97 20
98 4
98 21
98 48
99 2
99 77
99 43
100 80
100 73
100 17
101 6
101 4
101 72
102 3
102 95
102 94
103 35
103 14
103 0
104 3
104 32
104 91
105 78
105 93
105 2
106 3
106 2
106 52
107 17
107 44
107 32
108 23
108 59
108 32
109 4
109 0
109 26
110 1
110 3
110 66
111 3
111 0
111 67
112 8
112 0
112 2
113 52
113 43
113 18
114 31
114 55
114 8
115 65
115 16
115 49
116 74
116 17
116 2
117 46
117 112
117 18
118 36
118 33
118 3
119 2
119 8
119 107
120 2
120 3
120 98
121 5
121 3
121 10
122 8
122 18
122 51
123 45
123 39
123 33
124 11
124 0
124 115
125 19
125 38
125 17
126 62
126 2
126 17
127 14
127 18
127 10
128 93
128 17
128 19
129 4
129 1
129 32
130 0
130 76
130 11
131 78
131 5
131 0
132 55
132 51
132 99
133 61
133 32
133 109
134 8
134 12
134 11
135 14
135 0
135 18
136 2
136 3
136 91
137 51
137 16
137 24
138 68
138 0
138 124
139 44
139 47
139 138
140 19
140 2
140 45
141 107
141 27
141 8
142 9
142 59
142 1
143 74
143 68
143 18
144 5
144 14
144 3
145 31
145 3
145 14
146 2
146 9
146 37
147 47
147 145
147 122
148 51
148 5
148 17
149 17
149 12
149 3
150 4
150 48
150 18
151 45
151 17
151 31
152 48
152 0
152 3
153 72
153 17
153 4
154 121
154 48
154 40
155 152
155 78
155 80
156 93
156 32
156 6
157 3
157 88
157 117
158 65
158 7
158 73
159 39
159 0
159 52
160 16
160 4
160 7
161 69
161 125
161 20
162 67
162 13
162 4
163 19
163 162
163 118
164 12
164 43
164 36
165 7
165 46
165 53
166 1
166 17
166 8
167 27
167 96
167 118
168 38
168 147
168 66
169 152
169 23
169 40
170 31
170 159
170 70
171 96
171 132
171 3
172 6
172 2
172 66
173 23
173 113
173 95
174 48
174 152
174 1
175 69
175 4
175 99
176 61
176 0
176 123
177 165
177 13
177 75
178 10
178 8
178 0
179 11
179 14
179 45
180 15
180 116
180 75
181 152
181 14
181 15
182 49
182 9
182 3
183 57
183 34
183 17
184 1
184 2
184 25
185 180
185 8
185 4
186 54
186 104
186 127
187 79
187 1
187 36
188 14
188 140
188 10
189 146
189 46
189 3
190 5
190 19
190 16
191 189
191 116
191 9
192 14
192 11
192 40
193 88
193 70
193 4
194 3
194 127
194 31
195 27
195 5
195 99
196 9
196 45
196 2
197 7
197 10
197 74
198 47
198 18
198 66
199 74
199 146
199 72
200 18
200 67
200 122
201 182
201 4
201 67
202 152
202 2
202 130
203 198
203 36
203 140
204 172
204 170
204 15
205 152
205 1
205 27
206 2
206 141
206 43
207 127
207 23
207 51
208 15
208 30
208 2
209 70
209 3
209 48
210 30
210 43
210 51
211 154
211 64
211 39
212 162
212 182
212 155
213 112
213 19
213 187
214 127
214 178
214 88
215 33
215 65
215 56
216 26
216 2
216 200
217 39
217 17
217 4
218 143
218 43
218 127
219 3
219 162
219 111
220 17
220 70
220 26
221 37
221 128
221 209
222 31
222 27
222 5
223 99
223 24
223 36
224 210
224 78
224 223
225 148
225 44
225 120
226 156
226 19
226 75
227 3
227 46
227 149
228 19
228 18
228 221
229 18
229 36
229 107
230 162
230 95
230 9
231 3
231 63
231 51
232 130
232 187
232 100
233 14
233 221
233 45
234 19
234 191
234 142
235 2
235 125
235 90
236 36
236 79
236 193
237 24
237 169
237 2
238 64
238 210
238 50
239 6
239 51
239 236
240 14
240 40
240 95
241 83
241 85
241 64
242 1
242 31
242 239
243 7
243 3
243 150
244 4
244 16
244 48
245 20
245 55
245 149
246 11
246 74
246 9
247 6
247 12
247 69
248 74
248 1
248 12
249 0
249 3
249 70
250 17
250 46
250 57
251 239
251 149
251 0
252 86
252 72
252 44
253 50
253 160
253 28
254 2
254 161
254 21
255 149
255 217
255 34
256 123
256 32
256 0
257 17
257 91
257 27
258 3
258 75
258 252
259 19
259 175
259 106
260 29
260 88
260 238
261 157
261 126
261 256
262 201
262 7
262 226
263 71
263 31
263 112
264 75
264 9
264 128
265 127
265 74
265 14
266 48
266 98
266 2
267 108
267 2
267 52
268 57
268 48
268 0
269 46
269 17
269 124
270 127
270 17
270 2
271 16
271 68
271 45
272 219
272 262
272 137
273 196
273 2
273 40
274 122
274 196
274 251
275 150
275 14
275 175
276 1
276 86
276 14
277 227
277 20
277 14
278 20
278 32
278 184
279 52
279 12
279 91
280 127
280 2
280 17
281 63
281 246
281 184
282 68
282 32
282 159
283 108
283 50
283 221
284 2
284 118
284 0
285 47
285 6
285 7
286 224
286 2
286 20
287 219
287 85
287 144
288 66
288 51
288 2
289 116
289 137
289 17
290 27
290 79
290 193
291 165
291 200
291 182
292 184
292 96
292 36
293 29
293 223
293 21
294 161
294 2
294 184
295 2
295 8
295 16
296 1
296 26
296 77
297 167
297 36
297 153
298 13
298 242
298 34
299 105
299 8
299 293
300 3
300 122
300 14
301 296
301 47
301 290
302 278
302 36
302 1
303 187
303 48
303 19
304 27
304 9
304 55
305 37
305 53
305 31
306 204
306 21
306 191
307 0
307 263
307 3
308 75
308 191
308 39
309 233
309 256
309 186
310 100
310 191
310 4
311 80
311 278
311 3
312 2
312 66
312 3
313 57
313 16
313 195
314 240
314 37
314 242
315 227
315 105
315 187
316 47
316 43
316 3
317 10
317 95
317 1
318 195
318 315
318 8
319 52
319 290
319 2
320 183
320 122
320 4
321 256
321 281
321 162
322 3
322 19
322 180
323 183
323 294
323 20
324 75
324 160
324 89
325 74
325 291
325 2
326 1
326 101
326 14
327 16
327 246
327 7
328 188
328 48
328 74
329 275
329 74
329 2
330 18
330 307
330 327
331 148
331 288
331 11
332 252
332 245
332 300
333 66
333 246
333 224
334 3
334 26
334 156
335 88
335 219
335 153
336 216
336 14
336 257
337 138
337 4
337 18
338 287
338 37
338 244
339 69
339 74
339 48
340 2
340 183
340 0
341 68
341 133
341 259
342 70
342 4
342 49
343 48
343 0
343 5
344 297
344 14
344 186
345 130
345 109
345 44
346 4
346 302
346 329
347 126
347 139
347 221
348 4
348 9
348 12
349 86
349 299
349 40
350 50
350 40
350 28
351 230
351 219
351 343
352 147
352 170
352 223
353 312
353 246
353 42
354 85
354 69
354 212
355 58
355 269
355 8
356 183
356 36
356 48
357 48
357 145
357 233
358 43
358 125
358 23
359 180
359 36
359 4
360 3
360 9
360 69
361 317
361 51
361 17
362 11
362 146
362 15
363 350
363 116
363 185
364 150
364 21
364 162
365 279
365 308
365 3
366 55
366 221
366 280
367 136
367 4
367 28
368 251
368 7
368 0
369 4
369 176
369 51
370 256
370 221
370 60
371 12
371 40
371 366
372 69
372 254
372 4
373 281
373 177
373 248
374 136
374 7
374 61
375 12
375 137
375 142
376 3
376 209
376 257
377 142
377 11
377 80
378 66
378 312
378 300
379 142
379 207
379 47
380 6
380 7
380 328
381 42
381 303
381 3
382 142
382 349
382 36
383 40
383 2
383 321
384 45
384 142
384 21
385 15
385 132
385 14
386 1
386 14
386 120
387 242
387 11
387 12
388 74
388 187
388 14
389 206
389 228
389 287
390 324
390 318
390 285
391 216
391 290
391 28
392 105
392 347
392 271
393 230
393 51
393 191
394 4
394 86
394 149
395 246
395 74
395 321
396 130
396 2
396 361
397 79
397 55
397 41
398 59
398 231
398 48
399 27
399 346
399 219
400 47
400 27
400 341
401 309
401 0
401 299
402 99
402 2
402 269
403 229
403 132
403 48
404 336
404 259
404 150
405 272
405 154
405 379
406 3
406 26
406 350
407 2
407 18
407 3
408 404
408 149
408 162
409 5
409 7
409 47
410 4
410 98
410 69
411 4
411 299
411 296
412 45
412 319
412 39
413 185
413 39
413 162
414 102
414 26
414 77
415 3
415 66
415 280
416 388
416 301
416 292
417 171
417 130
417 17
418 214
418 80
418 45
419 14
419 140
419 31
420 162
420 14
420 182
421 358
421 62
421 294
422 59
422 5
422 31
423 79
423 152
423 17
424 191
424 5
424 362
425 401
425 220
425 231
426 231
426 350
426 352
427 2
427 0
427 26
428 328
428 21
428 8
429 4
429 18
429 426
430 159
430 428
430 128
431 310
431 113
431 309
432 26
432 307
432 13
433 51
433 2
433 13
434 214
434 197
434 91
435 118
435 367
435 2
436 301
436 120
436 86
437 160
437 124
437 411
438 392
438 371
438 120
439 85
439 125
439 10
440 278
440 59
440 0
441 144
441 280
441 404
442 4
442 125
442 134
443 262
443 193
443 55
444 299
444 294
444 206
445 2
445 195
445 3
446 141
446 0
446 264
447 195
447 17
447 238
448 275
448 45
448 102
449 44
449 17
449 185
450 321
450 0
450 270
451 273
451 36
451 32
452 212
452 306
452 376
453 5
453 109
453 61
454 45
454 20
454 114
455 259
455 427
455 342
456 323
456 246
456 143
457 93
457 147
457 14
458 427
458 48
458 109
459 69
459 360
459 0
460 74
460 37
460 196
461 4
461 74
461 246
462 153
462 123
462 46
463 137
463 335
463 20
464 23
464 0
464 63
465 75
465 18
465 117
466 15
466 50
466 91
467 6
467 360
467 75
468 17
468 15
468 4
469 23
469 72
469 38
470 10
470 177
470 24
471 114
471 157
471 68
472 363
472 246
472 2
473 200
473 0
473 24
474 453
474 23
474 464
475 218
475 75
475 162
476 142
476 382
476 11
477 115
477 2
477 454
478 22
478 476
478 17
479 74
479 280
479 2
480 435
480 67
480 127
481 377
481 247
481 76
482 139
482 57
482 479
483 65
483 27
483 128
484 226
484 162
484 1
485 34
485 407
485 26
486 178
486 82
486 221
487 280
487 27
487 10
488 51
488 164
488 5
489 51
489 377
489 2
490 157
490 212
490 288
491 4
491 0
491 433
492 3
492 102
492 312
493 310
493 65
493 247
494 484
494 2
494 0
495 245
495 57
495 465
496 24
496 26
496 4
497 484
497 300
497 17
498 477
498 47
498 58
499 9
499 336
499 206
500 278
500 99
500 122
501 246
501 438
501 367
502 1
502 17
502 51
503 289
503 3
503 50
504 106
504 4
504 135
505 20
505 95
505 356
506 76
506 36
506 236
507 185
507 247
507 215
508 117
508 296
508 300
509 112
509 43
509 154
510 89
510 253
510 67
511 53
511 178
511 51
512 29
512 293
512 179
513 335
513 78
513 417
514 143
514 43
514 1
515 29
515 312
515 78
516 25
516 170
516 149
517 193
517 219
517 401
518 63
518 32
518 426
519 246
519 447
519 7
520 32
520 106
520 24
521 295
521 359
521 468
522 4
522 342
522 107
523 51
523 160
523 14
524 50
524 207
524 175
525 312
525 160
525 140
526 477
526 227
526 505
527 428
527 18
527 126
528 12
528 321
528 256
529 71
529 27
529 26
530 116
530 0
530 140
531 320
531 8
531 440
532 5
532 451
532 439
533 139
533 292
533 217
534 253
534 48
534 116
535 52
535 282
535 76
536 191
536 290
536 70
537 137
537 496
537 185
538 74
538 67
538 260
539 36
539 55
539 324
540 207
540 6
540 115
541 368
541 297
541 20
542 279
542 162
542 71
543 3
543 249
543 264
544 126
544 1
544 115
545 1
545 75
545 105
546 175
546 218
546 121
547 74
547 10
547 101
548 287
548 366
548 519
549 18
549 72
549 107
550 520
550 351
550 3
551 24
551 219
551 467
552 271
552 23
552 340
553 42
553 75
553 138
554 249
554 120
554 349
555 407
555 485
555 348
556 3
556 295
556 51
557 39
557 45
557 51
558 7
558 17
558 8
559 415
559 3
559 74
560 44
560 56
560 41
561 52
561 377
561 244
562 427
562 549
562 432
563 21
563 146
563 335
564 149
564 217
564 372
565 433
565 0
565 26
566 51
566 42
566 0
567 149
567 84
567 488
568 17
568 294
568 111
569 17
569 45
569 1
570 75
570 19
570 246
571 1
571 279
571 155
572 137
572 200
572 382
573 200
573 260
573 359
574 133
574 31
574 68
575 269
575 268
575 67
576 31
576 43
576 348
577 559
577 49
577 4
578 170
578 191
578 26
579 212
579 211
579 475
580 9
580 51
580 429
581 8
581 219
581 357
582 510
582 544
582 2
583 335
583 59
583 163
584 5
584 300
584 377
585 3
585 528
585 111
586 6
586 101
586 130
587 18
587 141
587 200
588 48
588 408
588 66
589 61
589 69
589 249
590 84
590 122
590 440
591 3
591 299
591 31
592 318
592 266
592 47
593 3
593 204
593 17
594 91
594 486
594 522
595 78
595 281
595 209
596 203
596 547
596 182
597 4
597 440
597 561
598 70
598 4
598 0
599 3
599 264
599 37
600 240
600 162
600 334
601 2
601 426
601 5
602 213
602 219
602 302
603 0
603 510
603 19
604 241
604 390
604 37
605 535
605 39
605 302
606 0
606 72
606 12
607 175
607 280
607 142
608 9
608 114
608 432
609 211
609 448
609 74
610 31
610 42
610 40
611 416
611 289
611 574
612 49
612 27
612 76
613 43
613 371
613 555
614 303
614 3
614 39
615 19
615 570
615 105
616 598
616 587
616 246
617 303
617 16
617 7
618 302
618 101
618 11
619 241
619 223
619 53
620 19
620 10
620 149
621 0
621 377
621 290
622 246
622 500
622 173
623 127
623 272
623 24
624 116
624 427
624 426
625 498
625 105
625 112
626 186
626 149
626 228
627 59
627 65
627 9
628 0
628 329
628 588
629 52
629 65
629 107
630 27
630 141
630 362
631 246
631 118
631 215
632 492
632 505
632 31
633 488
633 183
633 476
634 415
634 220
634 225
635 524
635 84
635 37
636 7
636 513
636 565
637 124
637 477
637 242
638 322
638 452
638 38
639 0
639 531
639 1
640 7
640 13
640 5
641 182
641 453
641 223
642 345
642 249
642 257
643 50
643 65
643 11
644 574
644 26
644 95
645 138
645 588
645 23
646 403
646 140
646 12
647 26
647 43
647 123
648 17
648 627
648 642
649 8
649 393
649 19
650 0
650 587
650 182
651 27
651 84
651 127
652 192
652 65
652 306
653 75
653 183
653 635
654 461
654 5
654 27
655 544
655 128
655 305
656 376
656 17
656 355
657 574
657 275
657 33
658 0
658 55
658 294
659 323
659 221
659 16
660 53
660 476
660 19
661 64
661 600
661 74
662 369
662 166
662 241
663 9
663 78
663 303
664 97
664 58
664 275
665 142
665 533
665 201
666 52
666 646
666 79
667 231
667 48
667 17
668 319
668 430
668 101
669 371
669 82
669 374
670 59
670 426
670 74
671 127
671 583
671 135
672 128
672 9
672 328
673 231
673 149
673 172
674 250
674 458
674 364
675 61
675 587
675 193
676 16
676 50
676 459
677 143
677 21
677 243
678 52
678 433
678 239
679 9
679 1
679 44
680 655
680 27
680 418
681 23
681 186
681 331
682 187
682 25
682 24
683 653
683 634
683 217
684 127
684 486
684 238
685 32
685 303
685 55
686 20
686 460
686 230
687 472
687 23
687 61
688 11
688 303
688 84
689 296
689 320
689 624
690 95
690 213
690 660
691 315
691 4
691 291
692 246
692 136
692 3
693 144
693 127
693 100
694 152
694 345
694 197
695 3
695 183
695 4
696 179
696 91
696 606
697 530
697 17
697 308
698 6
698 408
698 554
699 9
699 409
699 20
700 490
700 11
700 385
701 9
701 404
701 320
702 6
702 269
702 23
703 3
703 236
703 26
704 345
704 53
704 469
705 5
705 330
705 318
706 335
706 656
706 21
707 241
707 65
707 366
708 51
708 362
708 55
709 186
709 619
709 17
710 101
710 2
710 19
711 681
711 112
711 161
712 518
712 168
712 80
713 79
713 359
713 64
714 5
714 346
714 61
715 88
715 54
715 58
716 9
716 0
716 185
717 3
717 423
717 155
718 519
718 10
718 279
719 149
719 74
719 615
720 606
720 83
720 93
721 622
721 104
721 140
722 180
722 111
722 346
723 19
723 69
723 399
724 139
724 16
724 187
725 59
725 292
725 265
726 14
726 260
726 26
727 26
727 606
727 233
728 344
728 614
728 535
729 133
729 461
729 387
730 587
730 669
730 40
731 27
731 477
731 127
732 515
732 498
732 95
733 539
733 546
733 166
734 729
734 7
734 2
735 707
735 269
735 6
736 269
736 306
736 51
737 53
737 415
737 394
738 460
738 183
738 125
739 46
739 149
739 92
740 626
740 186
740 181
741 1
741 18
741 7
742 10
742 191
742 296
743 140
743 101
743 552
744 9
744 402
744 4
745 101
745 7
745 470
746 31
746 150
746 37
747 531
747 68
747 489
748 363
748 677
748 116
749 14
749 191
749 464
750 599
750 490
750 292
751 180
751 220
751 594
752 122
752 47
752 423
753 3
753 707
753 519
754 519
754 191
754 444
755 219
755 27
755 505
756 90
756 22
756 437
757 5
757 246
757 18
758 3
758 37
758 58
759 300
759 460
759 70
760 587
760 714
760 75
761 16
761 3
761 371
762 550
762 4
762 517
763 431
763 371
763 50
764 17
764 344
764 118
765 45
765 61
765 533
766 631
766 606
766 18
767 95
767 288
767 48
768 185
768 11
768 282
769 172
769 47
769 580
770 321
770 206
770 130
771 130
771 418
771 402
772 5
772 69
772 715
773 14
773 26
773 427
774 51
774 114
774 751
775 356
775 489
775 36
776 654
776 558
776 122
777 31
777 329
777 17
778 446
778 510
778 118
779 172
779 68
779 51
780 0
780 95
780 257
781 109
781 144
781 264
782 434
782 82
782 174
783 572
783 375
783 427
784 249
784 0
784 348
785 121
785 424
785 17
786 429
786 26
786 562
787 3
787 441
787 18
788 6
788 59
788 763
789 61
789 123
789 645
790 505
790 634
790 647
791 274
791 505
791 67
792 584
792 5
792 761
793 472
793 232
793 86
794 583
794 203
794 63
795 379
795 79
795 22
796 31
796 53
796 545
797 8
797 116
797 242
798 236
798 72
798 20
799 688
799 4
799 472
800 8
800 29
800 749
801 543
801 116
801 413
802 3
802 328
802 122
803 505
803 26
803 414
804 365
804 14
804 18
805 91
805 783
805 17
806 356
806 327
806 1
807 105
807 518
807 664
808 492
808 51
808 141
809 515
809 651
809 562
810 125
810 208
810 59
811 600
811 555
811 695
812 493
812 160
812 586
813 43
813 692
813 446
814 512
814 606
814 711
815 730
815 800
815 204
816 310
816 510
816 584
817 1
817 726
817 29
818 257
818 144
818 267
819 37
819 3
819 433
820 111
820 3
820 346
821 6
821 714
821 417
822 394
822 375
822 357
823 724
823 425
823 806
824 143
824 576
824 453
825 108
825 44
825 689
826 506
826 112
826 3
827 2
827 655
827 300
828 111
828 414
828 181
829 358
829 306
829 365
830 120
830 296
830 32
831 207
831 19
831 107
832 390
832 1
832 40
833 543
833 384
833 418
834 134
834 625
834 31
835 302
835 221
835 79
836 1
836 77
836 669
837 24
837 49
837 112
838 156
838 104
838 121
839 113
839 605
839 87
840 94
840 526
840 293
841 8
841 45
841 529
842 423
842 14
842 426
843 100
843 220
843 187
844 3
844 112
844 825
845 619
845 239
845 399
846 105
846 7
846 608
847 51
847 518
847 129
848 582
848 95
848 773
849 189
849 0
849 592
850 17
850 2
850 185
851 517
851 288
851 0
852 795
852 258
852 65
853 300
853 4
853 185
854 3
854 48
854 301
855 1
855 14
855 5
856 43
856 582
856 162
857 231
857 37
857 356
858 579
858 136
858 27
859 2
859 17
859 534
860 242
860 78
860 200
861 51
861 465
861 717
862 416
862 846
862 369
863 144
863 48
863 23
864 19
864 207
864 526
865 275
865 64
865 268
866 803
866 31
866 264
867 16
867 530
867 146
868 4
868 834
868 371
869 191
869 772
869 279
870 6
870 98
870 7
871 449
871 496
871 260
872 6
872 241
872 486
873 153
873 378
873 585
874 5
874 815
874 67
875 208
875 858
875 32
876 10
876 293
876 559
877 152
877 217
877 596
878 520
878 93
878 321
879 2
879 433
879 525
880 586
880 367
880 437
881 39
881 225
881 246
882 752
882 34
882 12
883 574
883 269
883 18
884 2
884 86
884 432
885 8
885 162
885 51
886 11
886 74
886 127
887 830
887 173
887 423
888 665
888 710
888 860
889 67
889 624
889 49
890 627
890 155
890 357
891 2
891 26
891 446
892 101
892 303
892 8
893 854
893 39
893 303
894 455
894 760
894 0
895 713
895 783
895 1
896 342
896 503
896 237
897 475
897 66
897 770
898 763
898 222
898 312
899 5
899 237
899 345
900 251
900 664
900 2
901 72
901 356
901 37
902 384
902 74
902 48
903 289
903 260
903 88
904 846
904 319
904 522
905 357
905 24
905 290
906 613
906 13
906 34
907 563
907 6
907 311
908 508
908 133
908 359
909 157
909 469
909 239
910 48
910 555
910 646
911 323
911 187
911 100
912 63
912 499
912 738
913 227
913 745
913 51
914 3
914 510
914 326
915 46
915 647
915 122
916 5
916 382
916 823
917 3
917 39
917 0
918 249
918 4
918 485
919 717
919 290
919 719
920 834
920 794
920 870
921 719
921 189
921 264
922 719
922 308
922 5
923 880
923 27
923 17
924 552
924 335
924 18
925 817
925 454
925 157
926 865
926 17
926 45
927 13
927 127
927 401
928 39
928 813
928 717
929 36
929 299
929 155
930 634
930 2
930 924
931 6
931 113
931 299
932 750
932 529
932 4
933 298
933 466
933 126
934 267
934 346
934 473
935 893
935 654
935 161
936 624
936 48
936 9
937 326
937 569
937 140
938 408
938 107
938 55
939 447
939 750
939 446
940 90
940 129
940 142
941 259
941 699
941 469
942 310
942 239
942 747
943 694
943 504
943 494
944 473
944 366
944 443
945 559
945 283
945 453
946 747
946 499
946 792
947 148
947 269
947 160
948 704
948 15
948 3
949 176
949 203
949 452
950 37
950 130
950 224
951 15
951 367
951 917
952 507
952 329
952 907
953 721
953 73
953 877
954 439
954 315
954 3
955 9
955 169
955 122
956 421
956 101
956 198
957 416
957 661
957 275
958 85
958 136
958 461
959 929
959 4
959 24
960 795
960 444
960 29
961 105
961 55
961 14
962 415
962 728
962 83
963 17
963 1
963 221
964 615
964 59
964 328
965 0
965 6
965 404
966 159
966 721
966 821
967 544
967 142
967 316
968 17
968 503
968 16
969 124
969 0
969 219
970 24
970 185
970 300
971 53
971 383
971 43
972 212
972 271
972 363
973 170
973 144
973 344
974 183
974 21
974 3
975 414
975 651
975 613
976 125
976 150
976 33
977 256
977 32
977 290
978 161
978 2
978 0
979 20
979 57
979 816
980 101
980 873
980 37
981 85
981 415
981 17
982 58
982 270
982 15
983 598
983 844
983 698
984 3
984 18
984 374
985 303
985 228
985 94
986 633
986 764
986 830
987 831
987 886
987 113
988 962
988 268
988 604
989 246
989 264
989 657
990 23
990 414
990 111
991 118
991 519
991 115
992 885
992 466
992 612
993 802
993 58
993 36
994 95
994 118
994 39
995 726
995 5
995 578
996 290
996 968
996 48
997 471
997 986
997 748
998 94
998 0
998 123
999 162
999 874
999 603
