0 1
1 0
2 1
2 0
3 1
3 0
3 2
4 0
4 1
4 2
5 0
5 2
5 1
6 2
6 4
6 1
7 2
7 6
7 3
8 2
8 1
8 0
9 2
9 0
9 5
10 4
10 3
10 2
11 3
11 6
11 2
12 6
12 11
12 0
13 2
13 8
13 0
14 1
14 6
14 4
15 11
15 8
15 7
16 9
16 11
16 2
17 4
17 0
17 12
18 15
18 2
18 11
19 1
19 11
19 3
20 0
20 1
20 5
21 1
21 8
21 13
22 1
22 2
22 11
23 10
23 4
23 14
24 0
24 14
24 1
25 10
25 1
25 21
26 23
26 0
26 4
27 18
27 8
27 19
28 8
28 15
28 1
29 4
29 1
29 2
30 26
30 1
30 0
31 8
31 29
31 11
32 14
32 19
32 13
33 20
33 6
33 29
34 0
34 8
34 4
35 1
35 0
35 17
36 27
36 29
36 1
37 29
37 5
37 9
38 27
38 1
38 0
39 0
39 18
39 1
40 7
40 25
40 6
41 18
41 33
41 14
42 5
42 0
42 8
43 8
43 0
43 19
44 39
44 1
44 37
45 32
45 34
45 41
46 29
46 25
46 4
47 14
47 9
47 2
48 19
48 7
48 0
49 4
49 1
49 33
