0 1
1 0
2 1
2 0
3 1
3 0
3 2
4 1
4 3
4 2
5 1
5 0
5 2
6 5
6 2
6 4
7 0
7 5
7 2
8 2
8 1
8 5
9 2
9 4
9 1
10 4
10 1
10 6
11 2
11 7
11 0
12 3
12 7
12 5
13 1
13 10
13 5
14 0
14 1
14 8
15 1
15 12
15 8
16 14
16 0
16 1
17 2
17 1
17 0
18 3
18 8
18 17
19 0
19 12
19 16
20 3
20 2
20 10
21 9
21 4
21 15
22 21
22 13
22 19
23 5
23 1
23 0
24 23
24 4
24 0
25 1
25 10
25 12
26 16
26 14
26 0
27 2
27 11
27 5
28 0
28 1
28 14
29 5
29 19
29 7
30 3
30 5
30 11
31 14
31 4
31 2
32 1
32 0
32 18
33 19
33 20
33 3
34 17
34 1
34 15
35 3
35 27
35 18
36 31
36 18
36 0
37 32
37 1
37 24
38 3
38 19
38 11
39 4
39 31
39 24
40 11
40 2
40 38
41 3
41 11
41 2
42 22
42 4
42 30
43 34
43 24
43 31
44 14
44 7
44 3
45 41
45 4
45 5
46 7
46 18
46 5
47 44
47 37
47 39
48 2
48 15
48 8
49 15
49 12
49 19
50 44
50 20
50 5
51 47
51 0
51 46
52 2
52 8
52 7
53 5
53 1
53 14
54 19
54 40
54 2
55 53
55 29
55 20
56 17
56 28
56 18
57 23
57 46
57 44
58 0
58 1
58 2
59 13
59 39
59 0
60 33
60 21
60 20
61 13
61 42
61 3
62 10
62 5
62 34
63 12
63 4
63 5
64 11
64 0
64 3
65 1
65 41
65 14
66 0
66 37
66 1
67 13
67 8
67 42
68 39
68 14
68 2
69 9
69 1
69 65
70 6
70 16
70 2
71 5
71 1
71 66
72 0
72 2
72 33
73 60
73 4
73 45
74 55
74 43
74 15
75 63
75 17
75 8
76 30
76 66
76 5
77 0
77 46
77 5
78 5
78 33
78 17
79 46
79 57
79 23
80 3
80 1
80 70
81 31
81 24
81 30
82 11
82 80
82 65
83 2
83 44
83 12
84 16
84 3
84 39
85 12
85 1
85 30
86 14
86 72
86 85
87 4
87 3
87 25
88 31
88 5
88 42
89 32
89 61
89 44
90 48
90 45
90 44
91 61
91 20
91 0
92 1
92 75
92 74
93 13
93 73
93 66
94 0
94 2
94 58
95 5
95 17
95 3
96 57
96 43
96 0
97 65
97 5
97 56
98 70
98 79
98 94
99 0
99 8
99 41
