0 1
1 0
2 1
2 0
3 2
3 1
3 0
4 0
4 3
4 2
5 2
5 0
5 3
6 1
6 2
6 3
7 2
7 1
7 3
8 0
8 1
8 4
9 2
9 1
9 6
10 3
10 1
10 2
11 8
11 0
11 2
12 1
12 2
12 4
13 1
13 5
13 9
14 5
14 2
14 9
15 3
15 0
15 2
16 2
16 6
16 1
17 2
17 9
17 11
18 3
18 11
18 1
19 3
19 7
19 2
20 6
20 9
20 1
21 10
21 5
21 7
22 2
22 9
22 18
23 0
23 20
23 5
24 4
24 2
24 10
25 4
25 2
25 3
26 1
26 17
26 3
27 23
27 8
27 6
28 1
28 12
28 20
29 2
29 0
29 4
30 23
30 20
30 11
31 16
31 25
31 2
32 8
32 0
32 11
33 2
33 23
33 24
34 7
34 15
34 2
35 5
35 19
35 9
36 19
36 1
36 5
37 9
37 11
37 30
38 1
38 37
38 6
39 15
39 34
39 11
40 20
40 30
40 1
41 34
41 10
41 26
42 26
42 0
42 33
43 0
43 35
43 3
44 11
44 29
44 42
45 26
45 23
45 24
46 5
46 6
46 1
47 22
47 5
47 2
48 37
48 4
48 3
49 37
49 5
49 1
50 4
50 17
50 43
51 40
51 24
51 26
52 6
52 49
52 11
53 3
53 26
53 2
54 9
54 10
54 5
55 29
55 17
55 11
56 16
56 49
56 55
57 10
57 52
57 30
58 26
58 31
58 3
59 28
59 2
59 11
60 9
60 58
60 1
61 1
61 49
61 44
62 21
62 9
62 33
63 23
63 18
63 6
64 0
64 4
64 1
65 56
65 23
65 45
66 29
66 49
66 33
67 24
67 34
67 1
68 6
68 47
68 1
69 49
69 11
69 25
70 11
70 10
70 36
71 42
71 65
71 61
72 3
72 24
72 20
73 57
73 0
73 2
74 33
74 43
74 10
75 42
75 58
75 11
76 75
76 0
76 2
77 17
77 10
77 31
78 14
78 27
78 24
79 24
79 22
79 11
80 9
80 6
80 11
81 21
81 78
81 31
82 2
82 47
82 50
83 14
83 31
83 27
84 12
84 20
84 7
85 2
85 47
85 67
86 1
86 31
86 5
87 26
87 17
87 2
88 4
88 47
88 49
89 48
89 24
89 11
90 52
90 14
90 44
91 46
91 5
91 74
92 28
92 4
92 14
93 20
93 2
93 6
94 4
94 10
94 11
95 31
95 94
95 45
96 63
96 56
96 20
97 1
97 91
97 44
98 31
98 16
98 2
99 61
99 50
99 62
100 1
100 2
100 30
101 48
101 1
101 26
102 55
102 19
102 39
103 12
103 63
103 4
104 2
104 97
104 58
105 14
105 25
105 11
106 67
106 2
106 18
107 2
107 35
107 96
108 87
108 7
108 5
109 98
109 10
109 77
110 25
110 1
110 2
111 10
111 65
111 46
112 1
112 23
112 18
113 3
113 2
113 43
114 7
114 26
114 48
115 0
115 58
115 30
116 28
116 18
116 19
117 65
117 29
117 83
118 33
118 44
118 5
119 67
119 36
119 110
120 7
120 101
120 9
121 59
121 3
121 10
122 71
122 52
122 77
123 11
123 39
123 77
124 2
124 51
124 4
125 0
125 11
125 14
126 67
126 2
126 56
127 88
127 18
127 10
128 37
128 17
128 1
129 66
129 98
129 28
130 93
130 1
130 25
131 50
131 0
131 1
132 1
132 10
132 3
133 15
133 94
133 6
134 11
134 22
134 56
135 77
135 24
135 30
136 1
136 38
136 16
137 131
137 32
137 39
138 55
138 2
138 127
139 24
139 81
139 26
140 3
140 77
140 65
141 26
141 29
141 4
142 19
142 1
142 141
143 3
143 2
143 44
144 143
144 4
144 25
145 7
145 3
145 109
146 4
146 5
146 49
147 29
147 12
147 34
148 1
148 22
148 56
149 81
149 2
149 4
150 93
150 62
150 1
151 7
151 21
151 33
152 10
152 3
152 5
153 24
153 2
153 111
154 131
154 38
154 52
155 96
155 49
155 59
156 4
156 6
156 30
157 12
157 53
157 48
158 22
158 31
158 36
159 9
159 2
159 8
160 94
160 41
160 1
161 147
161 7
161 110
162 16
162 119
162 7
163 23
163 142
163 24
164 2
164 97
164 65
165 44
165 24
165 6
166 110
166 24
166 7
167 42
167 31
167 9
168 14
168 89
168 122
169 144
169 5
169 36
170 26
170 35
170 58
171 93
171 127
171 6
172 2
172 126
172 87
173 2
173 105
173 95
174 12
174 4
174 125
175 11
175 24
175 108
176 23
176 3
176 1
177 130
177 48
177 108
178 37
178 171
178 15
179 5
179 36
179 1
180 161
180 17
180 16
181 48
181 58
181 1
182 4
182 134
182 1
183 158
183 109
183 27
184 6
184 148
184 26
185 165
185 93
185 61
186 115
186 175
186 52
187 24
187 171
187 31
188 3
188 177
188 164
189 0
189 2
189 4
190 98
190 97
190 1
191 3
191 45
191 2
192 77
192 1
192 52
193 25
193 73
193 30
194 76
194 141
194 112
195 28
195 73
195 30
196 142
196 3
196 21
197 32
197 45
197 91
198 4
198 50
198 1
199 124
199 143
199 56
200 7
200 65
200 29
201 26
201 2
201 75
202 6
202 11
202 190
203 157
203 22
203 76
204 1
204 7
204 24
205 1
205 60
205 3
206 27
206 34
206 125
207 6
207 28
207 43
208 11
208 185
208 113
209 34
209 94
209 87
210 20
210 4
210 43
211 16
211 23
211 56
212 88
212 7
212 17
213 196
213 30
213 141
214 26
214 29
214 108
215 97
215 66
215 79
216 12
216 25
216 1
217 6
217 1
217 30
218 208
218 35
218 44
219 3
219 155
219 2
220 35
220 185
220 1
221 37
221 218
221 155
222 61
222 49
222 18
223 129
223 163
223 11
224 42
224 55
224 176
225 2
225 36
225 148
226 63
226 62
226 115
227 44
227 119
227 63
228 73
228 11
228 129
229 0
229 9
229 144
230 12
230 65
230 131
231 154
231 50
231 18
232 20
232 25
232 14
233 98
233 37
233 30
234 69
234 57
234 68
235 2
235 3
235 23
236 44
236 23
236 176
237 11
237 6
237 177
238 71
238 86
238 1
239 226
239 1
239 93
240 10
240 16
240 61
241 1
241 12
241 113
242 0
242 101
242 135
243 120
243 4
243 171
244 10
244 37
244 188
245 163
245 126
245 138
246 88
246 85
246 29
247 133
247 104
247 12
248 165
248 5
248 153
249 68
249 52
249 174
250 48
250 77
250 118
251 1
251 234
251 3
252 171
252 79
252 121
253 133
253 24
253 233
254 36
254 17
254 44
255 22
255 198
255 104
256 18
256 2
256 29
257 2
257 27
257 86
258 179
258 69
258 93
259 26
259 258
259 159
260 37
260 73
260 20
261 149
261 68
261 1
262 1
262 210
262 122
263 77
263 42
263 56
264 11
264 138
264 190
265 65
265 263
265 77
266 45
266 38
266 11
267 182
267 34
267 5
268 4
268 55
268 77
269 11
269 29
269 70
270 56
270 72
270 238
271 43
271 61
271 49
272 52
272 126
272 41
273 20
273 93
273 29
274 215
274 19
274 133
275 74
275 39
275 76
276 108
276 47
276 32
277 1
277 204
277 171
278 191
278 165
278 135
279 232
279 254
279 72
280 11
280 145
280 22
281 65
281 50
281 16
282 15
282 2
282 20
283 141
283 66
283 23
284 16
284 36
284 4
285 231
285 55
285 116
286 59
286 230
286 185
287 42
287 217
287 71
288 26
288 244
288 28
289 137
289 58
289 22
290 147
290 12
290 3
291 44
291 5
291 37
292 62
292 275
292 283
293 34
293 1
293 0
294 261
294 259
294 282
295 43
295 1
295 84
296 6
296 18
296 61
297 11
297 14
297 65
298 190
298 1
298 16
299 42
299 292
299 136
300 37
300 279
300 22
301 190
301 187
301 101
302 2
302 6
302 31
303 266
303 185
303 29
304 121
304 122
304 5
305 2
305 39
305 29
306 141
306 66
306 178
307 6
307 176
307 275
308 1
308 137
308 78
309 223
309 281
309 40
310 11
310 21
310 76
311 37
311 22
311 241
312 287
312 26
312 227
313 177
313 278
313 42
314 23
314 30
314 65
315 1
315 13
315 19
316 201
316 3
316 193
317 1
317 37
317 68
318 223
318 16
318 169
319 23
319 34
319 76
320 60
320 259
320 317
321 57
321 15
321 82
322 29
322 2
322 65
323 3
323 26
323 154
324 174
324 208
324 145
325 196
325 312
325 157
326 4
326 49
326 79
327 252
327 177
327 2
328 230
328 306
328 30
329 88
329 27
329 87
330 185
330 49
330 292
331 65
331 2
331 150
332 42
332 5
332 252
333 87
333 11
333 175
334 74
334 47
334 48
335 287
335 18
335 89
336 190
336 292
336 170
337 42
337 2
337 20
338 77
338 27
338 13
339 300
339 315
339 44
340 47
340 11
340 26
341 233
341 183
341 35
342 191
342 275
342 78
343 15
343 16
343 7
344 328
344 208
344 117
345 183
345 5
345 212
346 17
346 11
346 157
347 140
347 11
347 178
348 31
348 4
348 341
349 65
349 142
349 308
350 187
350 44
350 228
351 153
351 186
351 267
352 272
352 0
352 61
353 320
353 37
353 55
354 3
354 11
354 200
355 44
355 316
355 315
356 223
356 355
356 20
357 354
357 188
357 26
358 196
358 14
358 199
359 94
359 96
359 164
360 285
360 9
360 82
361 2
361 50
361 26
362 191
362 0
362 40
363 126
363 49
363 318
364 55
364 23
364 83
365 190
365 266
365 22
366 307
366 194
366 39
367 84
367 230
367 278
368 0
368 9
368 12
369 123
369 2
369 14
370 2
370 9
370 18
371 353
371 300
371 6
372 55
372 234
372 338
373 132
373 235
373 82
374 59
374 5
374 126
375 194
375 56
375 77
376 7
376 135
376 47
377 56
377 28
377 190
378 332
378 71
378 195
379 26
379 33
379 37
380 74
380 54
380 320
381 42
381 101
381 229
382 39
382 63
382 93
383 319
383 33
383 338
384 239
384 340
384 0
385 271
385 26
385 0
386 31
386 295
386 11
387 3
387 360
387 275
388 97
388 5
388 187
389 11
389 257
389 215
390 301
390 305
390 245
391 280
391 28
391 1
392 19
392 108
392 3
393 324
393 76
393 367
394 122
394 250
394 118
395 235
395 76
395 3
396 68
396 101
396 4
397 18
397 42
397 150
398 71
398 4
398 362
399 24
399 11
399 299
400 96
400 54
400 198
401 1
401 13
401 373
402 102
402 310
402 16
403 385
403 323
403 222
404 97
404 91
404 329
405 166
405 10
405 222
406 315
406 140
406 312
407 283
407 265
407 4
408 143
408 52
408 58
409 16
409 22
409 292
410 1
410 287
410 200
411 2
411 56
411 1
412 0
412 135
412 2
413 158
413 259
413 108
414 229
414 20
414 108
415 67
415 3
415 65
416 54
416 73
416 191
417 230
417 92
417 29
418 256
418 77
418 369
419 43
419 270
419 49
420 334
420 365
420 42
421 19
421 175
421 6
422 379
422 108
422 288
423 244
423 171
423 80
424 3
424 219
424 392
425 47
425 29
425 196
426 254
426 7
426 410
427 324
427 199
427 313
428 208
428 399
428 9
429 9
429 2
429 363
430 63
430 30
430 25
431 275
431 400
431 196
432 122
432 372
432 20
433 1
433 128
433 2
434 94
434 273
434 29
435 207
435 221
435 1
436 304
436 20
436 54
437 351
437 42
437 141
438 380
438 407
438 308
439 16
439 317
439 31
440 244
440 389
440 25
441 161
441 310
441 373
442 65
442 235
442 50
443 69
443 0
443 92
444 308
444 7
444 209
445 340
445 1
445 419
446 257
446 177
446 122
447 366
447 31
447 186
448 12
448 0
448 188
449 155
449 3
449 216
450 337
450 23
450 360
451 1
451 335
451 221
452 14
452 1
452 55
453 21
453 73
453 14
454 191
454 94
454 135
455 61
455 158
455 0
456 185
456 138
456 127
457 236
457 348
457 206
458 188
458 17
458 160
459 353
459 329
459 338
460 15
460 138
460 439
461 243
461 449
461 31
462 27
462 44
462 411
463 22
463 120
463 275
464 43
464 10
464 1
465 161
465 130
465 14
466 6
466 102
466 138
467 425
467 378
467 2
468 29
468 405
468 2
469 319
469 78
469 29
470 33
470 133
470 434
471 38
471 286
471 90
472 449
472 261
472 61
473 0
473 71
473 29
474 86
474 428
474 124
475 3
475 63
475 318
476 60
476 3
476 33
477 258
477 15
477 99
478 364
478 183
478 193
479 448
479 211
479 1
480 1
480 5
480 89
481 56
481 206
481 68
482 143
482 82
482 472
483 131
483 3
483 4
484 26
484 256
484 66
485 118
485 276
485 349
486 188
486 82
486 5
487 1
487 12
487 176
488 454
488 71
488 69
489 239
489 22
489 285
490 390
490 421
490 10
491 1
491 107
491 384
492 246
492 78
492 231
493 408
493 86
493 429
494 287
494 7
494 211
495 73
495 241
495 33
496 31
496 226
496 205
497 152
497 3
497 182
498 97
498 239
498 332
499 4
499 208
499 1
