0 1
1 0
2 0
2 1
3 1
3 0
3 2
4 2
4 0
4 1
5 1
5 3
5 2
6 0
6 3
6 2
7 5
7 0
7 6
8 4
8 0
8 2
9 1
9 3
9 0
10 4
10 0
10 9
11 5
11 0
11 6
12 8
12 3
12 5
13 0
13 6
13 3
14 9
14 0
14 3
15 13
15 2
15 1
16 0
16 2
16 7
17 3
17 13
17 1
18 17
18 10
18 5
19 11
19 9
19 0
20 0
20 5
20 1
21 3
21 19
21 1
22 3
22 8
22 6
23 3
23 2
23 0
24 0
24 1
24 23
25 1
25 12
25 2
26 3
26 23
26 4
27 1
27 15
27 5
28 15
28 6
28 0
29 0
29 8
29 25
30 2
30 11
30 27
31 28
31 25
31 1
32 4
32 2
32 9
33 1
33 17
33 25
34 13
34 25
34 29
35 8
35 18
35 2
36 25
36 27
36 19
37 19
37 9
37 28
38 17
38 22
38 13
39 16
39 1
39 8
40 36
40 4
40 12
41 2
41 6
41 36
42 9
42 27
42 0
43 41
43 2
43 0
44 4
44 39
44 13
45 5
45 1
45 6
46 8
46 10
46 3
47 40
47 9
47 0
48 18
48 2
48 47
49 29
49 44
49 9
50 0
50 33
50 4
51 2
51 4
51 42
52 28
52 27
52 14
53 43
53 1
53 33
54 41
54 45
54 0
55 20
55 18
55 2
56 2
56 47
56 49
57 17
57 53
57 1
58 9
58 0
58 13
59 15
59 48
59 52
60 9
60 1
60 20
61 56
61 38
61 3
62 33
62 38
62 7
63 40
63 53
63 45
64 22
64 17
64 0
65 4
65 9
65 3
66 16
66 14
66 6
67 27
67 2
67 42
68 14
68 0
68 2
69 14
69 16
69 18
70 1
70 55
70 63
71 1
71 6
71 28
72 0
72 1
72 30
73 1
73 7
73 31
74 30
74 44
74 4
75 39
75 19
75 35
76 49
76 21
76 14
77 61
77 53
77 63
78 3
78 23
78 53
79 29
79 40
79 25
80 24
80 51
80 40
81 72
81 53
81 6
82 39
82 1
82 49
83 0
83 44
83 1
84 2
84 52
84 15
85 1
85 17
85 39
86 9
86 44
86 39
87 47
87 20
87 86
88 2
88 42
88 0
89 63
89 74
89 40
90 35
90 19
90 1
91 22
91 30
91 9
92 38
92 91
92 33
93 3
93 15
93 81
94 30
94 49
94 82
95 5
95 0
95 71
96 0
96 30
96 79
97 63
97 42
97 0
98 15
98 7
98 57
99 56
99 55
99 36
100 0
100 17
100 99
101 14
101 0
101 55
102 46
102 53
102 1
103 0
103 45
103 15
104 10
104 52
104 13
105 1
105 31
105 47
106 2
106 3
106 23
107 10
107 13
107 97
108 40
108 11
108 30
109 11
109 81
109 56
110 6
110 0
110 97
111 6
111 20
111 44
112 56
112 102
112 0
113 41
113 0
113 42
114 36
114 0
114 54
115 109
115 27
115 86
116 1
116 71
116 4
117 6
117 0
117 17
118 9
118 58
118 66
119 1
119 66
119 29
120 29
120 90
120 45
121 51
121 86
121 18
122 67
122 56
122 118
123 21
123 22
123 6
124 26
124 15
124 9
125 58
125 35
125 96
126 20
126 4
126 103
127 36
127 97
127 1
128 49
128 84
128 78
129 63
129 46
129 56
130 0
130 76
130 1
131 125
131 30
131 2
132 22
132 129
132 85
133 6
133 52
133 54
134 3
134 89
134 85
135 31
135 0
135 41
136 6
136 52
136 20
137 45
137 0
137 7
138 100
138 27
138 74
139 98
139 137
139 27
140 47
140 40
140 46
141 52
141 46
141 80
142 139
142 21
142 125
143 3
143 15
143 23
144 1
144 6
144 131
145 123
145 127
145 113
146 97
146 6
146 3
147 49
147 53
147 110
148 34
148 15
148 21
149 36
149 39
149 145
150 90
150 129
150 30
151 18
151 78
151 8
152 128
152 3
152 120
153 46
153 72
153 45
154 27
154 1
154 98
155 0
155 39
155 26
156 21
156 1
156 39
157 2
157 53
157 12
158 146
158 24
158 16
159 79
159 6
159 34
160 7
160 6
160 12
161 34
161 64
161 56
162 0
162 3
162 150
163 38
163 39
163 5
164 51
164 3
164 83
165 69
165 48
165 34
166 100
166 103
166 24
167 166
167 9
167 0
168 162
168 75
168 86
169 13
169 3
169 74
170 6
170 44
170 77
171 6
171 127
171 3
172 49
172 0
172 39
173 114
173 27
173 76
174 145
174 41
174 9
175 116
175 45
175 56
176 13
176 175
176 65
177 47
177 123
177 23
178 57
178 16
178 89
179 99
179 50
179 1
180 47
180 53
180 19
181 6
181 45
181 77
182 21
182 86
182 9
183 98
183 19
183 4
184 52
184 6
184 39
185 23
185 24
185 4
186 178
186 159
186 0
187 125
187 16
187 75
188 21
188 53
188 121
189 156
189 50
189 6
190 18
190 0
190 13
191 34
191 156
191 3
192 117
192 10
192 30
193 2
193 0
193 20
194 109
194 191
194 14
195 129
195 97
195 11
196 65
196 164
196 3
197 101
197 8
197 0
198 51
198 14
198 32
199 50
199 157
199 56
200 25
200 80
200 157
201 44
201 13
201 3
202 117
202 142
202 26
203 84
203 76
203 149
204 45
204 21
204 47
205 173
205 1
205 134
206 128
206 72
206 0
207 15
207 23
207 156
208 6
208 98
208 139
209 49
209 116
209 53
210 36
210 195
210 76
211 7
211 120
211 2
212 84
212 1
212 20
213 6
213 67
213 87
214 110
214 140
214 6
215 34
215 98
215 9
216 100
216 4
216 0
217 0
217 137
217 119
218 39
218 12
218 1
219 0
219 69
219 86
220 192
220 73
220 1
221 34
221 85
221 0
222 180
222 97
222 39
223 205
223 1
223 9
224 137
224 56
224 30
225 215
225 192
225 2
226 27
226 92
226 141
227 209
227 135
227 18
228 47
228 35
228 15
229 42
229 176
229 47
230 3
230 10
230 22
231 229
231 137
231 0
232 25
232 22
232 114
233 191
233 20
233 52
234 126
234 157
234 39
235 58
235 86
235 210
236 14
236 94
236 198
237 127
237 6
237 49
238 13
238 14
238 80
239 37
239 0
239 9
240 157
240 218
240 59
241 76
241 9
241 95
242 47
242 29
242 23
243 13
243 114
243 46
244 7
244 191
244 55
245 210
245 57
245 144
246 61
246 209
246 66
247 76
247 227
247 118
248 22
248 51
248 0
249 127
249 185
249 53
250 24
250 3
250 142
251 156
251 38
251 198
252 216
252 6
252 210
253 18
253 36
253 6
254 50
254 3
254 108
255 3
255 4
255 121
256 192
256 15
256 8
257 235
257 76
257 233
258 7
258 181
258 0
259 3
259 217
259 197
260 79
260 191
260 16
261 137
261 191
261 132
262 6
262 260
262 0
263 134
263 201
263 132
264 51
264 75
264 70
265 229
265 55
265 164
266 52
266 86
266 34
267 133
267 217
267 237
268 50
268 81
268 210
269 215
269 110
269 21
270 47
270 121
270 173
271 18
271 146
271 118
272 137
272 49
272 47
273 75
273 206
273 37
274 57
274 6
274 125
275 126
275 56
275 72
276 205
276 17
276 66
277 35
277 103
277 12
278 179
278 16
278 244
279 4
279 3
279 13
280 29
280 139
280 229
281 52
281 229
281 103
282 209
282 0
282 226
283 218
283 4
283 38
284 73
284 240
284 47
285 15
285 6
285 19
286 108
286 265
286 2
287 9
287 46
287 47
288 4
288 28
288 109
289 97
289 46
289 58
290 218
290 17
290 22
291 6
291 190
291 144
292 3
292 44
292 75
293 54
293 97
293 288
294 52
294 82
294 39
295 3
295 72
295 224
296 137
296 145
296 48
297 27
297 40
297 205
298 215
298 46
298 56
299 90
299 126
299 16
300 47
300 142
300 284
301 131
301 0
301 93
302 69
302 30
302 19
303 202
303 58
303 28
304 279
304 47
304 9
305 180
305 149
305 108
306 138
306 44
306 266
307 39
307 8
307 239
308 145
308 227
308 139
309 140
309 293
309 74
310 186
310 116
310 289
311 94
311 217
311 35
312 21
312 266
312 20
313 17
313 205
313 47
314 0
314 150
314 1
315 15
315 0
315 45
316 40
316 75
316 253
317 135
317 29
317 1
318 55
318 24
318 9
319 216
319 73
319 301
320 1
320 292
320 72
321 297
321 14
321 209
322 47
322 86
322 134
323 18
323 131
323 237
324 303
324 48
324 56
325 97
325 134
325 231
326 1
326 108
326 16
327 38
327 41
327 108
328 74
328 75
328 228
329 72
329 5
329 34
330 328
330 163
330 128
331 0
331 72
331 212
332 235
332 72
332 152
333 94
333 158
333 9
334 147
334 15
334 36
335 41
335 77
335 39
336 303
336 93
336 56
337 23
337 3
337 116
338 294
338 145
338 91
339 224
339 215
339 3
340 64
340 39
340 201
341 100
341 21
341 0
342 239
342 338
342 2
343 9
343 221
343 3
344 197
344 77
344 313
345 63
345 4
345 21
346 74
346 57
346 125
347 40
347 15
347 1
348 117
348 74
348 55
349 56
349 101
349 235
350 266
350 333
350 6
351 0
351 163
351 97
352 0
352 193
352 226
353 113
353 13
353 55
354 72
354 1
354 77
355 0
355 55
355 343
356 110
356 265
356 156
357 14
357 0
357 137
358 209
358 100
358 20
359 86
359 198
359 35
360 156
360 8
360 9
361 79
361 265
361 322
362 28
362 110
362 61
363 168
363 81
363 337
364 27
364 295
364 168
365 75
365 0
365 264
366 1
366 329
366 44
367 242
367 179
367 142
368 364
368 49
368 75
369 154
369 94
369 57
370 0
370 301
370 162
371 55
371 99
371 2
372 64
372 35
372 86
373 129
373 24
373 73
374 253
374 35
374 25
375 154
375 4
375 184
376 236
376 4
376 0
377 25
377 194
377 32
378 274
378 61
378 174
379 3
379 220
379 56
380 12
380 343
380 37
381 49
381 9
381 82
382 195
382 350
382 43
383 77
383 16
383 38
384 121
384 114
384 252
385 247
385 146
385 218
386 172
386 371
386 6
387 320
387 213
387 17
388 214
388 236
388 21
389 1
389 191
389 275
390 6
390 327
390 15
391 206
391 56
391 30
392 255
392 2
392 0
393 230
393 2
393 146
394 39
394 101
394 1
395 89
395 159
395 52
396 182
396 43
396 342
397 190
397 119
397 115
398 328
398 181
398 135
399 10
399 1
399 71
400 6
400 55
400 52
401 13
401 21
401 196
402 58
402 374
402 213
403 158
403 47
403 372
404 76
404 3
404 59
405 129
405 360
405 58
406 19
406 52
406 4
407 360
407 20
407 150
408 351
408 2
408 40
409 51
409 138
409 217
410 345
410 381
410 0
411 1
411 319
411 195
412 30
412 379
412 97
413 86
413 385
413 163
414 192
414 2
414 377
415 149
415 5
415 173
416 216
416 349
416 0
417 284
417 321
417 144
418 293
418 181
418 1
419 380
419 51
419 135
420 8
420 23
420 58
421 95
421 236
421 410
422 39
422 48
422 62
423 8
423 3
423 61
424 319
424 21
424 16
425 311
425 270
425 228
426 64
426 262
426 116
427 35
427 69
427 0
428 423
428 227
428 285
429 59
429 9
429 63
430 39
430 45
430 1
431 135
431 77
431 1
432 157
432 384
432 35
433 130
433 215
433 50
434 406
434 117
434 156
435 222
435 397
435 0
436 191
436 213
436 361
437 85
437 101
437 20
438 224
438 168
438 221
439 98
439 16
439 69
440 45
440 31
440 377
441 266
441 103
441 115
442 108
442 38
442 58
443 345
443 414
443 52
444 1
444 10
444 432
445 186
445 6
445 215
446 2
446 100
446 276
447 55
447 6
447 280
448 3
448 52
448 440
449 410
449 40
449 22
450 236
450 76
450 135
451 114
451 53
451 5
452 307
452 29
452 25
453 161
453 170
453 86
454 254
454 48
454 257
455 119
455 13
455 38
456 104
456 232
456 20
457 337
457 55
457 119
458 202
458 235
458 413
459 124
459 19
459 121
460 16
460 23
460 12
461 192
461 1
461 0
462 191
462 55
462 342
463 6
463 124
463 0
464 76
464 216
464 405
465 157
465 275
465 66
466 106
466 229
466 36
467 149
467 174
467 81
468 76
468 17
468 7
469 262
469 0
469 2
470 83
470 6
470 38
471 100
471 426
471 98
472 66
472 1
472 40
473 308
473 454
473 1
474 2
474 13
474 3
475 114
475 1
475 56
476 9
476 230
476 275
477 135
477 81
477 13
478 38
478 186
478 71
479 209
479 114
479 93
480 24
480 148
480 17
481 385
481 47
481 229
482 92
482 466
482 279
483 345
483 403
483 36
484 162
484 4
484 308
485 290
485 16
485 409
486 1
486 265
486 241
487 7
487 164
487 11
488 435
488 89
488 86
489 244
489 445
489 90
490 1
490 16
490 61
491 441
491 449
491 97
492 489
492 266
492 121
493 182
493 146
493 116
494 142
494 14
494 137
495 241
495 45
495 477
496 296
496 79
496 477
497 93
497 0
497 39
498 398
498 242
498 11
499 308
499 107
499 217
