0 1
0 2
0 3
0 4
0 7
0 10
0 13
1 0
1 2
1 3
1 4
1 5
1 6
1 8
2 0
2 1
2 3
2 4
2 8
2 14
2 16
3 2
3 0
3 1
3 5
3 6
3 9
3 17
4 1
4 2
4 0
4 5
4 6
4 20
4 22
5 1
5 3
5 4
5 7
5 9
5 11
5 14
6 4
6 3
6 1
6 7
6 11
6 27
6 35
7 5
7 0
7 6
7 8
7 9
7 13
7 25
8 7
8 2
8 1
8 14
8 15
8 19
8 24
9 3
9 7
9 5
9 10
9 16
9 19
9 23
10 0
10 9
10 1
10 12
10 91
10 97
11 6
11 5
11 1
11 12
11 19
11 24
11 31
12 10
12 11
12 1
12 13
12 16
12 17
12 20
13 7
13 12
13 0
13 58
14 8
14 2
14 5
14 23
14 26
14 28
14 34
15 1
15 5
15 8
15 17
15 22
15 32
15 39
16 12
16 2
16 9
16 44
16 50
16 96
17 12
17 3
17 15
17 54
17 61
17 84
17 87
18 5
18 0
18 1
18 41
18 58
18 89
19 9
19 8
19 11
19 21
19 22
19 28
19 40
20 4
20 12
20 3
20 37
20 49
20 65
20 89
21 3
21 19
21 5
21 71
22 15
22 19
22 4
22 36
22 51
22 55
22 64
23 9
23 2
23 14
23 69
23 80
24 11
24 1
24 8
24 43
24 44
24 45
24 47
25 4
25 7
25 12
25 29
26 4
26 14
26 12
26 62
27 7
27 6
27 3
27 39
27 66
27 94
28 14
28 19
28 9
28 50
28 56
29 8
29 25
29 12
29 31
29 58
30 12
30 1
30 0
30 33
31 2
31 11
31 29
31 62
31 66
32 3
32 15
32 9
32 37
32 66
32 67
32 79
33 30
33 3
33 7
33 34
33 36
34 14
34 33
34 12
34 43
34 62
34 67
34 85
35 7
35 2
35 6
35 64
36 22
36 0
36 33
36 43
36 46
36 55
37 8
37 32
37 20
37 56
37 70
37 91
38 7
38 5
38 9
38 61
38 97
39 6
39 15
39 27
39 40
39 63
39 73
39 76
40 19
40 11
40 39
40 86
40 95
41 8
41 18
41 7
41 50
41 69
42 9
42 4
42 3
42 60
42 76
42 81
42 82
43 36
43 34
43 24
43 60
43 65
43 92
44 12
44 16
44 24
44 47
44 53
44 54
44 57
45 2
45 24
45 1
45 48
45 53
45 54
45 70
46 36
46 14
46 15
47 24
47 44
47 3
47 76
47 99
48 6
48 45
48 7
48 75
48 92
49 12
49 20
49 6
49 77
49 80
49 95
50 16
50 41
50 28
50 78
50 88
51 4
51 24
51 22
52 5
52 11
52 9
52 73
53 45
53 44
53 1
54 44
54 45
54 17
55 9
55 22
55 36
55 57
55 77
56 8
56 28
56 37
56 83
57 44
57 55
57 24
58 13
58 29
58 18
58 90
58 91
59 9
59 12
59 8
59 84
59 99
60 43
60 42
60 44
61 4
61 38
61 17
61 67
61 90
62 31
62 26
62 34
62 79
63 39
63 44
63 3
63 72
64 9
64 22
64 35
64 83
65 20
65 43
65 7
66 31
66 32
66 27
66 86
67 34
67 61
67 32
68 7
68 2
68 0
68 71
68 95
69 23
69 41
69 1
69 93
70 45
70 4
70 37
71 21
71 24
71 68
72 44
72 5
72 63
73 39
73 52
73 14
73 78
73 97
74 0
74 44
74 7
75 2
75 24
75 48
76 42
76 39
76 47
76 96
77 22
77 55
77 49
78 50
78 4
78 73
78 89
79 9
79 62
79 32
80 1
80 23
80 49
81 4
81 5
81 42
81 94
82 5
82 4
82 42
82 83
83 82
83 64
83 56
84 59
84 17
84 8
85 7
85 34
85 22
86 22
86 66
86 40
86 99
87 17
87 44
87 5
88 1
88 50
88 39
89 18
89 78
89 20
90 1
90 61
90 58
91 10
91 58
91 37
92 5
92 43
92 48
93 32
93 69
93 6
94 81
94 9
94 27
95 68
95 49
95 40
96 16
96 0
96 76
97 38
97 10
97 73
98 32
98 7
98 0
99 86
99 59
99 47
