0 1
0 2
1 0
1 2
2 0
2 1
3 0
3 1
3 2
4 2
4 1
4 0
5 3
5 0
5 2
6 0
6 2
6 1
7 2
7 3
7 0
8 3
8 4
8 1
9 4
9 0
9 1
10 0
10 6
10 1
11 4
11 1
11 2
12 0
12 2
12 4
13 1
13 2
13 9
14 0
14 13
14 2
15 1
15 12
15 0
16 8
16 3
16 1
17 16
17 2
17 0
18 9
18 0
18 4
19 1
19 8
19 4
20 4
20 1
20 11
21 18
21 6
21 2
22 2
22 3
22 1
23 10
23 16
23 2
24 22
24 0
24 2
25 2
25 0
25 11
26 1
26 0
26 4
27 1
27 23
27 2
28 16
28 5
28 15
29 23
29 1
29 0
30 2
30 10
30 21
31 22
31 16
31 12
32 0
32 12
32 1
33 18
33 27
33 11
34 4
34 23
34 32
35 13
35 0
35 18
36 23
36 31
36 21
37 9
37 10
37 34
38 30
38 17
38 14
39 8
39 0
39 33
40 10
40 9
40 0
41 33
41 3
41 36
42 2
42 0
42 38
43 27
43 22
43 21
44 33
44 9
44 5
45 14
45 11
45 12
46 34
46 16
46 2
47 33
47 1
47 32
48 0
48 9
48 35
49 26
49 13
49 5
50 1
50 14
50 0
51 29
51 38
51 14
52 0
52 28
52 2
53 0
53 29
53 14
54 28
54 31
54 13
55 18
55 0
55 11
56 37
56 33
56 41
57 3
57 4
57 29
58 0
58 34
58 20
59 18
59 46
59 0
60 0
60 44
60 10
61 5
61 15
61 2
62 9
62 0
62 37
63 59
63 6
63 28
64 14
64 29
64 0
65 2
65 18
65 63
66 43
66 63
66 2
67 33
67 14
67 37
68 28
68 4
68 14
69 28
69 5
69 38
70 4
70 27
70 14
71 12
71 63
71 4
72 61
72 0
72 18
73 22
73 29
73 34
74 29
74 2
74 4
75 22
75 41
75 2
76 11
76 3
76 66
77 49
77 33
77 38
78 48
78 14
78 16
79 5
79 2
79 63
80 2
80 58
80 74
81 28
81 30
81 38
82 77
82 31
82 38
83 30
83 29
83 31
84 16
84 73
84 23
85 63
85 15
85 80
86 21
86 14
86 52
87 23
87 12
87 14
88 5
88 0
88 8
89 33
89 5
89 48
90 42
90 4
90 18
91 88
91 25
91 1
92 10
92 0
92 60
93 8
93 4
93 1
94 37
94 18
94 0
95 12
95 0
95 9
96 73
96 5
96 9
97 19
97 29
97 31
98 6
98 4
98 56
99 87
99 27
99 13
100 86
100 67
100 74
101 29
101 11
101 66
102 86
102 13
102 11
103 95
103 23
103 86
104 31
104 100
104 19
105 27
105 7
105 4
106 102
106 38
106 9
107 100
107 6
107 53
108 60
108 18
108 46
109 34
109 86
109 92
110 26
110 3
110 58
111 12
111 13
111 0
112 0
112 7
112 18
113 26
113 27
113 11
114 37
114 27
114 69
115 65
115 18
115 113
116 51
116 75
116 4
117 24
117 63
117 11
118 40
118 54
118 52
119 29
119 97
119 57
120 94
120 14
120 3
121 49
121 31
121 34
122 0
122 12
122 9
123 28
123 13
123 119
124 16
124 26
124 86
125 0
125 61
125 23
126 100
126 65
126 12
127 86
127 31
127 66
128 63
128 9
128 4
129 9
129 0
129 1
130 115
130 1
130 5
131 3
131 91
131 0
132 48
132 28
132 0
133 99
133 6
133 102
134 21
134 2
134 24
135 6
135 31
135 0
136 2
136 79
136 9
137 16
137 20
137 92
138 23
138 31
138 5
139 79
139 1
139 57
140 22
140 77
140 1
141 87
141 33
141 126
142 67
142 18
142 102
143 2
143 69
143 33
144 98
144 28
144 2
145 11
145 140
145 88
146 31
146 98
146 17
147 29
147 0
147 20
148 127
148 63
148 29
149 2
149 5
149 18
150 79
150 31
150 12
151 74
151 16
151 4
152 127
152 59
152 53
153 2
153 47
153 26
154 4
154 42
154 123
155 88
155 76
155 25
156 37
156 49
156 12
157 3
157 23
157 133
158 25
158 15
158 148
159 65
159 96
159 33
160 131
160 113
160 15
161 23
161 156
161 35
162 38
162 63
162 156
163 34
163 6
163 73
164 121
164 10
164 17
165 9
165 28
165 12
166 9
166 67
166 4
167 2
167 117
167 25
168 67
168 158
168 156
169 20
169 29
169 3
170 46
170 98
170 90
171 86
171 9
171 12
172 55
172 45
172 97
173 18
173 25
173 2
174 40
174 150
174 29
175 66
175 86
175 4
176 16
176 3
176 172
177 3
177 69
177 0
178 5
178 2
178 23
179 18
179 59
179 66
180 104
180 2
180 133
181 18
181 118
181 2
182 46
182 14
182 25
183 41
183 13
183 18
184 9
184 70
184 31
185 12
185 69
185 16
186 63
186 0
186 24
187 53
187 24
187 74
188 95
188 33
188 34
189 108
189 36
189 34
190 101
190 173
190 25
191 33
191 5
191 172
192 177
192 25
192 86
193 158
193 42
193 73
194 94
194 103
194 85
195 134
195 168
195 150
196 37
196 63
196 143
197 4
197 34
197 6
198 56
198 8
198 39
199 52
199 65
199 33
200 67
200 199
200 56
201 160
201 154
201 86
202 14
202 76
202 1
203 150
203 34
203 0
204 44
204 0
204 4
205 202
205 86
205 70
206 53
206 153
206 11
207 31
207 138
207 124
208 0
208 86
208 12
209 159
209 20
209 125
210 123
210 20
210 49
211 12
211 117
211 10
212 66
212 60
212 177
213 38
213 16
213 10
214 2
214 27
214 13
215 109
215 4
215 46
216 123
216 8
216 5
217 0
217 14
217 126
218 17
218 7
218 10
219 23
219 134
219 210
220 66
220 213
220 174
221 63
221 103
221 4
222 104
222 1
222 17
223 123
223 102
223 107
224 13
224 9
224 76
225 0
225 123
225 29
226 29
226 27
226 104
227 25
227 0
227 175
228 105
228 97
228 45
229 2
229 0
229 120
230 33
230 108
230 104
231 109
231 152
231 100
232 17
232 38
232 52
233 45
233 212
233 6
234 38
234 228
234 34
235 29
235 26
235 33
236 130
236 54
236 220
237 4
237 33
237 177
238 2
238 120
238 12
239 13
239 90
239 5
240 182
240 201
240 86
241 47
241 4
241 1
242 149
242 50
242 85
243 61
243 19
243 202
244 117
244 31
244 86
245 4
245 67
245 39
246 17
246 210
246 244
247 3
247 63
247 70
248 86
248 9
248 26
249 2
249 21
249 234
250 53
250 112
250 204
251 168
251 1
251 166
252 46
252 247
252 85
253 108
253 14
253 0
254 123
254 25
254 9
255 66
255 20
255 44
256 91
256 77
256 18
257 1
257 110
257 182
258 7
258 1
258 106
259 18
259 20
259 4
260 19
260 66
260 101
261 86
261 156
261 163
262 37
262 220
262 189
263 15
263 117
263 111
264 14
264 0
264 216
265 30
265 57
265 29
266 65
266 12
266 34
267 33
267 101
267 46
268 177
268 29
268 90
269 117
269 50
269 92
270 193
270 11
270 160
271 38
271 62
271 58
272 16
272 74
272 66
273 101
273 189
273 27
274 253
274 227
274 229
275 6
275 73
275 1
276 88
276 14
276 79
277 6
277 18
277 1
278 104
278 86
278 116
279 274
279 2
279 10
280 85
280 18
280 246
281 28
281 18
281 148
282 20
282 22
282 36
283 37
283 22
283 63
284 33
284 111
284 22
285 118
285 19
285 67
286 160
286 74
286 76
287 162
287 18
287 0
288 25
288 35
288 51
289 1
289 0
289 7
290 12
290 154
290 26
291 229
291 213
291 91
292 4
292 172
292 41
293 81
293 2
293 204
294 46
294 111
294 258
295 0
295 12
295 18
296 3
296 18
296 4
297 86
297 125
297 112
298 178
298 109
298 145
299 2
299 24
299 263
300 0
300 247
300 188
301 107
301 3
301 62
302 182
302 67
302 228
303 171
303 240
303 291
304 0
304 213
304 67
305 80
305 2
305 104
306 227
306 218
306 54
307 222
307 267
307 21
308 0
308 76
308 86
309 56
309 10
309 2
310 262
310 61
310 18
311 79
311 76
311 18
312 208
312 159
312 2
313 14
313 1
313 156
314 73
314 5
314 14
315 219
315 0
315 7
316 248
316 24
316 46
317 53
317 276
317 29
318 8
318 18
318 182
319 0
319 107
319 18
320 96
320 152
320 287
321 101
321 0
321 12
322 103
322 184
322 61
323 8
323 155
323 108
324 42
324 17
324 207
325 228
325 2
325 139
326 148
326 123
326 278
327 154
327 28
327 86
328 223
328 109
328 20
329 54
329 108
329 172
330 94
330 1
330 9
331 190
331 70
331 53
332 124
332 172
332 238
333 252
333 235
333 269
334 2
334 329
334 21
335 89
335 108
335 66
336 121
336 4
336 18
337 73
337 63
337 57
338 115
338 151
338 147
339 106
339 2
339 12
340 8
340 29
340 256
341 74
341 70
341 182
342 49
342 34
342 9
343 0
343 41
343 50
344 18
344 113
344 245
345 40
345 51
345 29
346 323
346 14
346 124
347 86
347 75
347 33
348 337
348 182
348 333
349 50
349 240
349 19
350 270
350 15
350 37
351 63
351 116
351 110
352 67
352 264
352 35
353 70
353 151
353 17
354 4
354 119
354 13
355 69
355 23
355 90
356 1
356 47
356 299
357 117
357 70
357 336
358 265
358 179
358 39
359 158
359 189
359 0
360 67
360 68
360 45
361 54
361 207
361 4
362 247
362 302
362 26
363 135
363 335
363 100
364 6
364 7
364 0
365 214
365 86
365 109
366 61
366 355
366 42
367 70
367 335
367 216
368 86
368 205
368 92
369 66
369 8
369 105
370 262
370 52
370 254
371 4
371 126
371 354
372 8
372 358
372 40
373 258
373 321
373 134
374 1
374 108
374 368
375 176
375 151
375 2
376 2
376 165
376 190
377 2
377 13
377 5
378 17
378 33
378 288
379 12
379 3
379 151
380 18
380 76
380 57
381 76
381 65
381 73
382 156
382 69
382 313
383 210
383 189
383 91
384 266
384 13
384 139
385 156
385 56
385 12
386 11
386 157
386 22
387 126
387 283
387 13
388 255
388 5
388 1
389 86
389 228
389 170
390 388
390 53
390 389
391 37
391 73
391 9
392 177
392 198
392 23
393 204
393 27
393 386
394 1
394 73
394 176
395 25
395 17
395 222
396 152
396 67
396 9
397 260
397 194
397 0
398 99
398 73
398 315
399 327
399 73
399 14
400 377
400 33
400 60
401 14
401 370
401 162
402 123
402 3
402 354
403 1
403 68
403 241
404 0
404 267
404 336
405 24
405 209
405 114
406 403
406 221
406 37
407 135
407 93
407 12
408 0
408 229
408 248
409 246
409 147
409 57
410 67
410 2
410 380
411 110
411 26
411 37
412 396
412 51
412 2
413 315
413 9
413 1
414 10
414 206
414 31
415 362
415 322
415 87
416 88
416 9
416 11
417 128
417 116
417 21
418 323
418 215
418 26
419 43
419 37
419 156
420 3
420 207
420 18
421 209
421 67
421 198
422 2
422 47
422 18
423 130
423 2
423 276
424 399
424 117
424 91
425 61
425 2
425 189
426 73
426 51
426 281
427 0
427 233
427 18
428 80
428 28
428 0
429 321
429 392
429 328
430 221
430 59
430 134
431 123
431 53
431 226
432 53
432 23
432 12
433 162
433 41
433 190
434 291
434 76
434 0
435 289
435 37
435 107
436 2
436 282
436 1
437 54
437 94
437 228
438 37
438 33
438 151
439 163
439 34
439 32
440 4
440 332
440 258
441 0
441 29
441 289
442 105
442 18
442 183
443 1
443 23
443 69
444 264
444 39
444 215
445 2
445 399
445 30
446 2
446 0
446 163
447 2
447 23
447 172
448 105
448 27
448 392
449 61
449 0
449 37
450 118
450 5
450 128
451 3
451 76
451 408
452 276
452 287
452 14
453 86
453 156
453 376
454 269
454 351
454 0
455 182
455 22
455 0
456 255
456 396
456 256
457 426
457 172
457 5
458 383
458 210
458 167
459 12
459 41
459 18
460 67
460 70
460 226
461 182
461 156
461 151
462 49
462 67
462 223
463 48
463 329
463 1
464 342
464 47
464 404
465 0
465 200
465 4
466 0
466 418
466 34
467 11
467 68
467 14
468 26
468 93
468 200
469 1
469 321
469 117
470 240
470 247
470 463
471 380
471 363
471 79
472 353
472 323
472 34
473 77
473 263
473 170
474 19
474 31
474 172
475 210
475 426
475 53
476 320
476 23
476 310
477 148
477 1
477 40
478 182
478 0
478 249
479 79
479 56
479 166
480 31
480 19
480 14
481 40
481 158
481 42
482 117
482 188
482 137
483 7
483 15
483 40
484 170
484 120
484 173
485 14
485 0
485 279
486 18
486 121
486 247
487 176
487 0
487 93
488 426
488 21
488 244
489 139
489 327
489 27
490 428
490 148
490 1
491 18
491 199
491 12
492 362
492 391
492 230
493 0
493 391
493 274
494 17
494 86
494 98
495 387
495 151
495 204
496 84
496 28
496 249
497 274
497 0
497 37
498 310
498 481
498 389
499 422
499 160
499 339
500 47
500 34
500 37
501 100
501 63
501 23
502 134
502 115
502 4
503 283
503 163
503 174
504 31
504 104
504 73
505 496
505 13
505 51
506 240
506 0
506 212
507 60
507 1
507 327
508 4
508 11
508 235
509 155
509 22
509 365
510 144
510 182
510 3
511 61
511 233
511 187
512 200
512 509
512 460
513 5
513 162
513 14
514 458
514 291
514 189
515 98
515 158
515 490
516 299
516 409
516 5
517 154
517 111
517 29
518 70
518 38
518 104
519 290
519 29
519 431
520 33
520 202
520 0
521 157
521 118
521 204
522 5
522 489
522 73
523 98
523 38
523 291
524 19
524 73
524 135
525 4
525 462
525 88
526 12
526 4
526 199
527 152
527 4
527 286
528 281
528 449
528 77
529 107
529 3
529 91
530 411
530 18
530 94
531 97
531 213
531 256
532 0
532 433
532 457
533 335
533 274
533 448
534 39
534 230
534 1
535 14
535 254
535 247
536 23
536 511
536 422
537 424
537 114
537 189
538 165
538 108
538 380
539 307
539 335
539 2
540 206
540 245
540 120
541 86
541 0
541 106
542 166
542 49
542 120
543 0
543 106
543 401
544 22
544 206
544 46
545 123
545 343
545 63
546 256
546 238
546 109
547 98
547 6
547 40
548 160
548 156
548 313
549 51
549 246
549 14
550 14
550 248
550 0
551 290
551 9
551 91
552 66
552 158
552 9
553 2
553 7
553 101
554 53
554 12
554 18
555 9
555 109
555 438
556 230
556 34
556 63
557 7
557 18
557 98
558 219
558 109
558 173
559 265
559 23
559 225
560 492
560 0
560 2
561 251
561 264
561 105
562 556
562 38
562 37
563 9
563 246
563 351
564 67
564 47
564 11
565 59
565 258
565 76
566 29
566 183
566 1
567 292
567 108
567 492
568 0
568 33
568 53
569 90
569 247
569 36
570 251
570 326
570 398
571 18
571 181
571 73
572 4
572 483
572 462
573 38
573 158
573 112
574 15
574 367
574 327
575 252
575 338
575 99
576 529
576 157
576 81
577 1
577 151
577 157
578 282
578 2
578 456
579 54
579 104
579 38
580 34
580 79
580 257
581 18
581 449
581 331
582 190
582 77
582 71
583 175
583 0
583 226
584 29
584 313
584 63
585 381
585 524
585 460
586 10
586 142
586 56
587 0
587 125
587 4
588 151
588 129
588 69
589 2
589 1
589 18
590 122
590 31
590 488
591 51
591 7
591 507
592 67
592 492
592 20
593 405
593 80
593 399
594 84
594 258
594 19
595 249
595 0
595 97
596 207
596 2
596 544
597 35
597 49
597 102
598 23
598 32
598 269
599 9
599 27
599 521
600 290
600 61
600 38
601 35
601 2
601 4
602 585
602 0
602 1
603 29
603 8
603 25
604 89
604 0
604 31
605 9
605 0
605 79
606 210
606 20
606 26
607 219
607 300
607 86
608 14
608 131
608 384
609 521
609 63
609 344
610 66
610 288
610 151
611 551
611 294
611 1
612 170
612 18
612 544
613 0
613 86
613 479
614 532
614 597
614 520
615 532
615 403
615 506
616 175
616 7
616 123
617 0
617 34
617 451
618 206
618 158
618 38
619 507
619 464
619 67
620 10
620 38
620 207
621 152
621 448
621 2
622 246
622 21
622 350
623 290
623 18
623 507
624 399
624 109
624 28
625 231
625 37
625 591
626 231
626 470
626 590
627 54
627 224
627 391
628 20
628 117
628 308
629 483
629 162
629 12
630 28
630 194
630 226
631 38
631 575
631 382
632 38
632 552
632 24
633 61
633 171
633 513
634 79
634 453
634 393
635 487
635 147
635 318
636 402
636 135
636 46
637 86
637 380
637 610
638 498
638 12
638 5
639 376
639 344
639 50
640 16
640 8
640 122
641 492
641 0
641 8
642 18
642 415
642 297
643 189
643 0
643 36
644 204
644 365
644 352
645 23
645 129
645 327
646 412
646 2
646 138
647 372
647 202
647 467
648 113
648 17
648 2
649 394
649 143
649 175
650 582
650 22
650 8
651 328
651 34
651 275
652 577
652 97
652 86
653 51
653 181
653 79
654 647
654 77
654 449
655 34
655 86
655 652
656 197
656 196
656 1
657 109
657 351
657 37
658 53
658 66
658 98
659 521
659 194
659 410
660 15
660 180
660 454
661 324
661 76
661 11
662 204
662 34
662 449
663 37
663 2
663 650
664 273
664 543
664 153
665 474
665 0
665 622
666 41
666 401
666 86
667 335
667 3
667 464
668 348
668 29
668 368
669 563
669 33
669 516
670 97
670 54
670 73
671 475
671 66
671 222
672 601
672 152
672 55
673 119
673 50
673 474
674 502
674 156
674 515
675 12
675 29
675 14
676 507
676 4
676 333
677 390
677 233
677 341
678 631
678 342
678 331
679 98
679 0
679 499
680 9
680 450
680 544
681 3
681 16
681 18
682 15
682 1
682 241
683 77
683 262
683 46
684 5
684 582
684 640
685 622
685 124
685 9
686 649
686 12
686 597
687 2
687 98
687 380
688 108
688 42
688 327
689 44
689 233
689 409
690 381
690 45
690 16
691 23
691 18
691 194
692 12
692 451
692 133
693 73
693 573
693 240
694 314
694 196
694 494
695 561
695 284
695 568
696 108
696 205
696 532
697 207
697 24
697 59
698 338
698 272
698 105
699 92
699 15
699 456
700 94
700 29
700 183
701 123
701 528
701 625
702 30
702 69
702 466
703 63
703 654
703 213
704 69
704 28
704 576
705 76
705 176
705 15
706 29
706 20
706 155
707 267
707 142
707 463
708 1
708 73
708 114
709 122
709 192
709 180
710 24
710 368
710 2
711 92
711 48
711 108
712 59
712 510
712 14
713 648
713 640
713 0
714 143
714 172
714 163
715 464
715 98
715 216
716 8
716 590
716 448
717 4
717 14
717 198
718 24
718 193
718 696
719 652
719 165
719 68
720 293
720 222
720 648
721 0
721 500
721 153
722 582
722 462
722 4
723 515
723 73
723 121
724 9
724 49
724 0
725 191
725 5
725 697
726 649
726 78
726 481
727 2
727 300
727 546
728 247
728 47
728 58
729 704
729 410
729 39
730 0
730 123
730 346
731 122
731 428
731 623
732 521
732 0
732 7
733 188
733 516
733 45
734 417
734 558
734 286
735 137
735 10
735 492
736 104
736 689
736 653
737 163
737 223
737 530
738 0
738 147
738 582
739 4
739 12
739 409
740 359
740 12
740 0
741 2
741 1
741 49
742 125
742 2
742 63
743 210
743 152
743 41
744 2
744 117
744 113
745 4
745 38
745 564
746 5
746 229
746 44
747 703
747 1
747 84
748 278
748 214
748 196
749 2
749 223
749 54
750 31
750 593
750 18
751 27
751 247
751 133
752 246
752 209
752 320
753 68
753 6
753 434
754 590
754 32
754 25
755 131
755 507
755 636
756 0
756 61
756 67
757 38
757 13
757 707
758 4
758 5
758 18
759 63
759 23
759 320
760 0
760 597
760 725
761 9
761 605
761 195
762 73
762 459
762 492
763 2
763 29
763 289
764 226
764 263
764 587
765 177
765 2
765 158
766 20
766 351
766 404
767 238
767 45
767 391
768 151
768 15
768 95
769 0
769 90
769 247
770 3
770 389
770 28
771 276
771 742
771 715
772 427
772 74
772 258
773 554
773 519
773 77
774 16
774 109
774 254
775 160
775 293
775 183
776 426
776 257
776 12
777 355
777 79
777 86
778 125
778 7
778 323
779 9
779 8
779 1
780 146
780 372
780 70
781 428
781 165
781 528
782 315
782 4
782 18
783 549
783 572
783 165
784 637
784 309
784 600
785 118
785 51
785 721
786 592
786 100
786 650
787 746
787 777
787 159
788 352
788 53
788 98
789 4
789 338
789 519
790 407
790 151
790 107
791 174
791 17
791 344
792 744
792 70
792 1
793 0
793 113
793 18
794 591
794 30
794 23
795 0
795 378
795 572
796 0
796 13
796 517
797 76
797 268
797 754
798 21
798 14
798 206
799 12
799 669
799 4
800 66
800 46
800 263
801 173
801 757
801 685
802 120
802 104
802 69
803 157
803 7
803 2
804 583
804 449
804 18
805 689
805 134
805 70
806 0
806 155
806 93
807 57
807 648
807 92
808 530
808 467
808 56
809 750
809 222
809 279
810 24
810 9
810 140
811 284
811 90
811 68
812 18
812 73
812 61
813 442
813 198
813 46
814 205
814 52
814 776
815 245
815 710
815 686
816 450
816 805
816 223
817 521
817 355
817 77
818 546
818 12
818 271
819 120
819 117
819 99
820 239
820 246
820 348
821 0
821 85
821 712
822 290
822 539
822 2
823 28
823 554
823 243
824 637
824 26
824 600
825 666
825 700
825 734
826 12
826 0
826 358
827 118
827 374
827 173
828 827
828 399
828 161
829 234
829 26
829 588
830 2
830 581
830 710
831 14
831 0
831 67
832 108
832 151
832 819
833 314
833 262
833 297
834 412
834 173
834 268
835 241
835 418
835 572
836 712
836 97
836 27
837 402
837 824
837 455
838 554
838 31
838 177
839 73
839 139
839 161
840 19
840 451
840 105
841 174
841 688
841 439
842 810
842 260
842 637
843 552
843 247
843 567
844 176
844 344
844 531
845 285
845 423
845 581
846 39
846 196
846 445
847 737
847 14
847 18
848 2
848 354
848 343
849 439
849 827
849 598
850 63
850 532
850 417
851 380
851 785
851 668
852 183
852 721
852 280
853 197
853 34
853 6
854 399
854 441
854 70
855 29
855 0
855 411
856 142
856 196
856 2
857 856
857 192
857 23
858 700
858 252
858 164
859 7
859 801
859 428
860 43
860 496
860 112
861 245
861 350
861 43
862 582
862 389
862 90
863 599
863 184
863 83
864 53
864 16
864 364
865 326
865 307
865 176
866 55
866 13
866 291
867 79
867 372
867 291
868 847
868 288
868 109
869 411
869 649
869 79
870 54
870 2
870 825
871 352
871 374
871 33
872 94
872 195
872 598
873 176
873 12
873 0
874 114
874 255
874 202
875 837
875 4
875 533
876 724
876 5
876 105
877 745
877 453
877 61
878 581
878 61
878 151
879 386
879 79
879 25
880 754
880 270
880 697
881 29
881 45
881 56
882 138
882 402
882 629
883 542
883 18
883 712
884 660
884 515
884 275
885 270
885 356
885 717
886 34
886 10
886 717
887 4
887 593
887 398
888 37
888 14
888 744
889 2
889 885
889 68
890 201
890 202
890 700
891 824
891 42
891 4
892 18
892 733
892 804
893 876
893 722
893 585
894 324
894 66
894 807
895 327
895 248
895 422
896 79
896 0
896 878
897 263
897 651
897 216
898 496
898 51
898 648
899 0
899 822
899 284
900 190
900 92
900 373
901 0
901 142
901 771
902 83
902 2
902 274
903 33
903 112
903 154
904 222
904 561
904 144
905 14
905 18
905 552
906 717
906 37
906 3
907 271
907 113
907 354
908 377
908 37
908 17
909 667
909 73
909 117
910 195
910 199
910 0
911 819
911 408
911 88
912 904
912 86
912 46
913 571
913 583
913 0
914 16
914 241
914 0
915 217
915 9
915 1
916 532
916 298
916 681
917 290
917 521
917 876
918 903
918 512
918 54
919 9
919 576
919 242
920 79
920 24
920 150
921 170
921 149
921 10
922 2
922 358
922 270
923 373
923 21
923 41
924 611
924 33
924 1
925 288
925 13
925 263
926 3
926 463
926 891
927 58
927 384
927 21
928 499
928 240
928 462
929 531
929 506
929 52
930 829
930 289
930 721
931 713
931 3
931 12
932 97
932 172
932 445
933 418
933 1
933 18
934 809
934 679
934 842
935 409
935 34
935 195
936 6
936 97
936 591
937 763
937 4
937 520
938 614
938 74
938 121
939 247
939 830
939 2
940 2
940 135
940 657
941 94
941 2
941 130
942 381
942 823
942 299
943 109
943 160
943 0
944 42
944 358
944 677
945 438
945 248
945 7
946 263
946 857
946 650
947 615
947 623
947 903
948 697
948 7
948 109
949 522
949 720
949 882
950 294
950 352
950 7
951 207
951 261
951 608
952 122
952 543
952 4
953 182
953 454
953 888
954 600
954 271
954 935
955 824
955 105
955 731
956 407
956 869
956 305
957 785
957 274
957 42
958 14
958 29
958 630
959 26
959 0
959 224
960 86
960 380
960 33
961 874
961 344
961 18
962 45
962 297
962 26
963 583
963 267
963 158
964 63
964 142
964 388
965 315
965 837
965 5
966 0
966 842
966 476
967 73
967 506
967 539
968 484
968 650
968 613
969 247
969 218
969 0
970 788
970 46
970 342
971 950
971 368
971 701
972 941
972 617
972 500
973 921
973 99
973 77
974 152
974 683
974 492
975 771
975 14
975 29
976 57
976 371
976 37
977 299
977 296
977 166
978 0
978 76
978 423
979 342
979 501
979 568
980 69
980 306
980 448
981 210
981 409
981 42
982 231
982 202
982 18
983 27
983 956
983 15
984 942
984 399
984 828
985 4
985 314
985 117
986 524
986 959
986 133
987 0
987 874
987 12
988 56
988 0
988 98
989 0
989 769
989 299
990 12
990 19
990 772
991 451
991 350
991 540
992 725
992 183
992 819
993 617
993 63
993 180
994 719
994 883
994 172
995 735
995 348
995 14
996 52
996 31
996 13
997 16
997 152
997 53
998 137
998 86
998 318
999 683
999 28
999 362
