0 1
1 0
2 1
2 0
3 1
3 2
3 0
4 0
4 2
4 3
5 3
5 0
5 1
6 0
6 2
6 1
7 0
7 2
7 6
8 7
8 4
8 1
9 5
9 0
9 3
10 5
10 1
10 3
11 0
11 2
11 5
12 0
12 3
12 1
13 4
13 7
13 11
14 1
14 7
14 13
15 6
15 2
15 3
16 3
16 1
16 10
17 1
17 3
17 4
18 13
18 11
18 7
19 3
19 0
19 11
20 2
20 1
20 13
21 2
21 7
21 10
22 7
22 2
22 13
23 1
23 3
23 7
24 15
24 9
24 11
25 18
25 13
25 2
26 15
26 9
26 2
27 12
27 13
27 18
28 4
28 12
28 13
29 5
29 4
29 18
30 1
30 6
30 0
31 18
31 3
31 13
32 23
32 20
32 12
33 26
33 19
33 4
34 5
34 22
34 0
35 22
35 27
35 7
36 3
36 32
36 7
37 10
37 12
37 13
38 1
38 27
38 19
39 9
39 7
39 31
40 6
40 10
40 1
41 23
41 4
41 5
42 5
42 7
42 26
43 25
43 3
43 6
44 28
44 20
44 0
45 4
45 14
45 2
46 13
46 37
46 1
47 13
47 23
47 18
48 5
48 13
48 10
49 22
49 30
49 6
