0 1
0 2
0 3
0 7
0 18
1 0
1 2
1 3
1 4
1 8
1 9
1 24
1 32
1 36
1 46
2 0
2 1
2 3
2 4
2 5
2 6
2 8
2 11
2 12
2 14
2 26
2 28
2 29
2 37
3 2
3 1
3 0
3 4
3 5
3 8
3 10
3 12
3 13
3 15
3 20
3 21
3 32
4 2
4 3
4 1
4 5
4 6
4 7
4 9
4 11
4 18
4 21
4 28
4 43
5 3
5 4
5 2
5 6
5 20
5 23
5 29
6 5
6 2
6 4
6 7
6 10
6 12
6 13
6 16
6 17
6 19
6 35
6 39
6 46
6 47
7 0
7 6
7 4
7 11
7 13
7 14
7 25
7 26
7 45
8 1
8 3
8 2
8 9
8 16
8 18
8 22
8 27
8 30
8 33
9 4
9 1
9 8
9 10
9 14
9 15
9 17
9 19
9 22
9 40
9 42
9 43
9 47
10 3
10 6
10 9
10 20
10 23
10 24
10 31
10 33
10 35
10 41
10 44
10 48
11 2
11 4
11 7
11 17
11 22
11 27
11 41
12 2
12 3
12 6
12 27
13 7
13 3
13 6
13 15
13 16
13 25
13 30
13 31
13 32
14 7
14 9
14 2
15 3
15 13
15 9
16 13
16 6
16 8
16 45
17 9
17 6
17 11
17 19
17 39
17 49
18 0
18 8
18 4
19 17
19 6
19 9
19 21
19 23
19 29
19 38
19 46
19 49
20 5
20 10
20 3
20 43
21 19
21 3
21 4
21 25
21 30
21 34
21 38
21 39
21 48
22 9
22 11
22 8
22 24
22 26
23 5
23 19
23 10
23 42
23 44
24 22
24 10
24 1
24 44
25 7
25 21
25 13
25 35
25 37
26 22
26 2
26 7
26 34
27 12
27 8
27 11
27 28
27 31
27 42
28 4
28 2
28 27
29 2
29 19
29 5
29 33
30 8
30 21
30 13
30 41
31 13
31 10
31 27
31 34
31 36
31 37
31 38
31 40
32 1
32 3
32 13
32 36
33 29
33 8
33 10
33 40
33 45
34 31
34 21
34 26
35 25
35 6
35 10
36 31
36 1
36 32
37 2
37 25
37 31
38 19
38 21
38 31
39 17
39 21
39 6
40 9
40 31
40 33
41 10
41 11
41 30
41 48
42 9
42 23
42 27
43 4
43 20
43 9
43 47
44 23
44 24
44 10
45 16
45 7
45 33
46 1
46 6
46 19
47 43
47 6
47 9
48 21
48 41
48 10
48 49
49 19
49 48
49 17
