0 1
0 2
1 0
1 2
2 1
2 0
3 0
3 1
3 2
4 0
4 1
4 3
5 1
5 0
5 2
6 1
6 2
6 4
7 3
7 4
7 0
8 0
8 1
8 3
9 0
9 3
9 4
10 9
10 0
10 1
11 2
11 8
11 7
12 7
12 1
12 2
13 1
13 3
13 2
14 2
14 7
14 3
15 11
15 0
15 3
16 4
16 1
16 14
17 13
17 2
17 11
18 1
18 2
18 9
19 5
19 4
19 2
20 14
20 0
20 2
21 5
21 1
21 3
22 14
22 9
22 1
23 12
23 21
23 15
24 0
24 1
24 14
25 4
25 7
25 12
26 13
26 0
26 5
27 24
27 17
27 14
28 17
28 14
28 2
29 12
29 4
29 1
30 1
30 14
30 29
31 5
31 29
31 10
32 26
32 7
32 29
33 25
33 2
33 14
34 25
34 1
34 21
35 25
35 4
35 2
36 2
36 31
36 25
37 17
37 2
37 4
38 24
38 27
38 14
39 1
39 14
39 21
40 12
40 10
40 7
41 3
41 12
41 1
42 26
42 8
42 1
43 21
43 25
43 3
44 8
44 0
44 1
45 36
45 17
45 40
46 38
46 13
46 14
47 16
47 31
47 27
48 21
48 27
48 41
49 17
49 40
49 0
50 26
50 1
50 0
51 4
51 3
51 47
52 1
52 0
52 10
53 20
53 24
53 26
54 36
54 1
54 31
55 21
55 20
55 3
56 3
56 4
56 14
57 35
57 2
57 14
58 42
58 17
58 30
59 9
59 31
59 2
60 44
60 20
60 7
61 11
61 1
61 10
62 1
62 10
62 2
63 10
63 28
63 1
64 25
64 44
64 4
65 60
65 45
65 7
66 1
66 15
66 12
67 26
67 62
67 6
68 64
68 33
68 5
69 2
69 23
69 1
70 2
70 47
70 3
71 7
71 4
71 41
72 7
72 27
72 28
73 57
73 54
73 0
74 71
74 46
74 0
75 13
75 37
75 53
76 34
76 2
76 17
77 3
77 0
77 21
78 2
78 16
78 1
79 17
79 45
79 41
80 54
80 1
80 4
81 17
81 3
81 2
82 2
82 0
82 36
83 26
83 12
83 2
84 31
84 61
84 64
85 36
85 9
85 65
86 7
86 76
86 3
87 26
87 58
87 18
88 58
88 29
88 10
89 55
89 25
89 1
90 10
90 1
90 2
91 29
91 0
91 47
92 42
92 26
92 8
93 45
93 2
93 12
94 26
94 21
94 79
95 24
95 40
95 45
96 75
96 13
96 43
97 29
97 1
97 3
98 58
98 0
98 27
99 74
99 97
99 21
100 31
100 17
100 18
101 67
101 61
101 4
102 101
102 1
102 74
103 4
103 13
103 25
104 41
104 2
104 44
105 101
105 3
105 16
106 6
106 7
106 1
107 29
107 25
107 31
108 64
108 81
108 22
109 5
109 31
109 49
110 21
110 35
110 41
111 20
111 60
111 21
112 64
112 36
112 14
113 36
113 17
113 6
114 61
114 10
114 58
115 81
115 67
115 51
116 5
116 1
116 4
117 93
117 13
117 82
118 27
118 35
118 88
119 4
119 81
119 1
120 25
120 7
120 16
121 31
121 21
121 17
122 0
122 98
122 10
123 41
123 120
123 6
124 61
124 44
124 2
125 74
125 14
125 115
126 62
126 14
126 17
127 2
127 3
127 31
128 98
128 1
128 7
129 31
129 56
129 2
130 2
130 29
130 0
131 17
131 23
131 71
132 2
132 124
132 10
133 27
133 0
133 17
134 24
134 21
134 75
135 91
135 17
135 130
136 44
136 34
136 45
137 121
137 76
137 4
138 1
138 118
138 3
139 120
139 14
139 4
140 1
140 77
140 2
141 3
141 5
141 115
142 39
142 28
142 7
143 41
143 142
143 12
144 97
144 7
144 96
145 58
145 9
145 113
146 109
146 138
146 97
147 3
147 17
147 1
148 0
148 77
148 51
149 1
149 37
149 55
150 123
150 56
150 114
151 14
151 76
151 109
152 30
152 142
152 3
153 115
153 9
153 18
154 134
154 7
154 17
155 77
155 122
155 26
156 8
156 57
156 2
157 81
157 23
157 148
158 109
158 6
158 14
159 17
159 2
159 98
160 4
160 63
160 3
161 73
161 89
161 81
162 117
162 14
162 89
163 0
163 50
163 149
164 26
164 34
164 0
165 13
165 25
165 7
166 61
166 3
166 5
167 2
167 45
167 34
168 39
168 17
168 95
169 122
169 21
169 0
170 7
170 2
170 14
171 80
171 7
171 3
172 2
172 6
172 0
173 44
173 106
173 154
174 7
174 6
174 0
175 21
175 25
175 3
176 31
176 147
176 161
177 99
177 46
177 2
178 2
178 121
178 65
179 163
179 41
179 6
180 6
180 2
180 64
181 81
181 41
181 136
182 18
182 169
182 149
183 66
183 57
183 120
184 0
184 3
184 1
185 68
185 121
185 25
186 12
186 31
186 30
187 0
187 8
187 32
188 7
188 85
188 1
189 63
189 0
189 39
190 54
190 22
190 75
191 69
191 102
191 1
192 5
192 9
192 30
193 65
193 20
193 54
194 29
194 0
194 41
195 176
195 25
195 2
196 14
196 6
196 10
197 177
197 161
197 125
198 163
198 1
198 2
199 170
199 196
199 27
200 40
200 159
200 21
201 93
201 130
201 24
202 7
202 0
202 3
203 184
203 132
203 44
204 114
204 40
204 5
205 97
205 76
205 4
206 95
206 76
206 29
207 70
207 0
207 73
208 187
208 177
208 94
209 28
209 41
209 113
210 37
210 194
210 2
211 1
211 27
211 8
212 44
212 60
212 90
213 165
213 26
213 10
214 8
214 98
214 72
215 104
215 12
215 47
216 4
216 8
216 12
217 4
217 190
217 123
218 198
218 91
218 2
219 44
219 21
219 3
220 40
220 34
220 134
221 189
221 34
221 36
222 9
222 11
222 22
223 111
223 44
223 41
224 112
224 74
224 24
225 0
225 25
225 182
226 2
226 120
226 96
227 51
227 134
227 127
228 108
228 79
228 89
229 133
229 4
229 25
230 89
230 14
230 58
231 26
231 9
231 5
232 1
232 89
232 34
233 3
233 4
233 222
234 21
234 5
234 187
235 76
235 1
235 198
236 3
236 47
236 106
237 2
237 130
237 49
238 55
238 59
238 67
239 145
239 206
239 115
240 46
240 49
240 93
241 191
241 29
241 6
242 0
242 28
242 163
243 27
243 208
243 51
244 141
244 143
244 0
245 179
245 4
245 20
246 97
246 89
246 207
247 51
247 221
247 187
248 148
248 103
248 77
249 163
249 109
249 230
250 12
250 27
250 22
251 7
251 5
251 35
252 145
252 7
252 4
253 178
253 60
253 237
254 122
254 59
254 2
255 89
255 14
255 22
256 136
256 58
256 39
257 137
257 101
257 44
258 187
258 0
258 64
259 60
259 134
259 22
260 61
260 41
260 7
261 63
261 27
261 35
262 21
262 94
262 49
263 31
263 109
263 252
264 144
264 3
264 9
265 156
265 88
265 74
266 115
266 18
266 28
267 112
267 108
267 34
268 244
268 240
268 77
269 90
269 64
269 27
270 2
270 240
270 24
271 183
271 79
271 214
272 1
272 35
272 3
273 21
273 58
273 9
274 205
274 76
274 89
275 14
275 17
275 268
276 113
276 61
276 242
277 58
277 212
277 202
278 52
278 196
278 58
279 14
279 93
279 206
280 2
280 12
280 191
281 165
281 1
281 182
282 0
282 185
282 109
283 70
283 146
283 244
284 84
284 3
284 28
285 14
285 165
285 172
286 193
286 77
286 264
287 31
287 261
287 142
288 233
288 21
288 125
289 17
289 2
289 44
290 25
290 3
290 2
291 56
291 37
291 3
292 182
292 58
292 40
293 115
293 2
293 230
294 4
294 286
294 14
295 249
295 11
295 1
296 71
296 58
296 9
297 58
297 278
297 29
298 89
298 231
298 157
299 21
299 77
299 172
300 69
300 40
300 17
301 107
301 56
301 19
302 27
302 66
302 91
303 21
303 4
303 191
304 199
304 165
304 279
305 214
305 196
305 283
306 109
306 275
306 289
307 9
307 112
307 3
308 120
308 25
308 55
309 44
309 187
309 158
310 302
310 46
310 68
311 130
311 39
311 135
312 22
312 149
312 99
313 170
313 208
313 49
314 276
314 2
314 81
315 3
315 34
315 5
316 200
316 0
316 128
317 22
317 302
317 60
318 91
318 71
318 128
319 196
319 76
319 24
320 2
320 70
320 307
321 185
321 34
321 92
322 2
322 104
322 71
323 1
323 14
323 69
324 214
324 5
324 295
325 302
325 58
325 3
326 212
326 12
326 225
327 205
327 2
327 248
328 21
328 4
328 97
329 134
329 79
329 254
330 2
330 14
330 156
331 120
331 18
331 85
332 101
332 162
332 20
333 154
333 17
333 37
334 70
334 113
334 2
335 106
335 20
335 123
336 231
336 54
336 25
337 137
337 307
337 165
338 266
338 31
338 43
339 8
339 189
339 169
340 108
340 237
340 26
341 4
341 336
341 18
342 209
342 206
342 266
343 135
343 266
343 130
344 173
344 2
344 14
345 6
345 4
345 21
346 70
346 25
346 2
347 27
347 7
347 152
348 162
348 4
348 88
349 108
349 263
349 16
350 31
350 17
350 5
351 318
351 7
351 21
352 16
352 0
352 162
353 25
353 197
353 5
354 2
354 76
354 5
355 10
355 214
355 7
356 41
356 1
356 0
357 10
357 2
357 17
358 327
358 76
358 75
359 3
359 233
359 258
360 339
360 162
360 17
361 104
361 9
361 1
362 180
362 74
362 268
363 41
363 31
363 9
364 4
364 31
364 15
365 53
365 325
365 81
366 347
366 160
366 21
367 76
367 1
367 325
368 135
368 75
368 210
369 191
369 11
369 280
370 89
370 217
370 128
371 1
371 21
371 30
372 7
372 0
372 30
373 96
373 188
373 250
374 253
374 148
374 259
375 0
375 103
375 283
376 25
376 162
376 53
377 30
377 1
377 58
378 217
378 39
378 7
379 2
379 0
379 24
380 12
380 219
380 277
381 9
381 0
381 3
382 60
382 277
382 91
383 166
383 18
383 148
384 307
384 348
384 9
385 350
385 41
385 4
386 26
386 283
386 62
387 3
387 62
387 130
388 22
388 94
388 21
389 304
389 373
389 69
390 2
390 65
390 218
391 366
391 0
391 327
392 367
392 363
392 243
393 9
393 219
393 25
394 44
394 81
394 232
395 142
395 288
395 141
396 58
396 205
396 21
397 293
397 106
397 7
398 7
398 24
398 354
399 219
399 197
399 280
400 114
400 384
400 12
401 20
401 28
401 15
402 102
402 35
402 49
403 21
403 243
403 207
404 173
404 118
404 22
405 99
405 17
405 228
406 236
406 81
406 287
407 123
407 76
407 189
408 149
408 49
408 144
409 3
409 20
409 29
410 323
410 3
410 297
411 79
411 30
411 202
412 149
412 75
412 376
413 250
413 130
413 19
414 3
414 308
414 8
415 3
415 297
415 232
416 43
416 353
416 368
417 76
417 249
417 20
418 22
418 4
418 29
419 398
419 386
419 30
420 35
420 12
420 152
421 6
421 40
421 57
422 43
422 215
422 110
423 332
423 136
423 385
424 398
424 149
424 97
425 240
425 337
425 319
426 22
426 148
426 163
427 10
427 182
427 238
428 2
428 93
428 342
429 206
429 415
429 126
430 30
430 149
430 408
431 17
431 4
431 21
432 257
432 366
432 30
433 7
433 119
433 26
434 25
434 7
434 40
435 54
435 426
435 4
436 371
436 17
436 1
437 389
437 89
437 16
438 326
438 17
438 3
439 307
439 21
439 228
440 377
440 29
440 66
441 151
441 25
441 429
442 4
442 57
442 26
443 76
443 43
443 313
444 214
444 286
444 218
445 378
445 5
445 44
446 0
446 165
446 441
447 29
447 41
447 18
448 322
448 2
448 275
449 14
449 276
449 160
450 7
450 128
450 165
451 267
451 203
451 14
452 7
452 332
452 159
453 235
453 449
453 29
454 299
454 6
454 212
455 345
455 403
455 0
456 2
456 417
456 4
457 96
457 2
457 14
458 21
458 97
458 73
459 4
459 58
459 217
460 148
460 2
460 122
461 2
461 9
461 366
462 151
462 0
462 342
463 279
463 280
463 135
464 2
464 6
464 320
465 25
465 71
465 458
466 58
466 29
466 41
467 10
467 323
467 22
468 132
468 23
468 424
469 5
469 76
469 4
470 1
470 378
470 150
471 55
471 9
471 136
472 68
472 40
472 119
473 470
473 0
473 254
474 197
474 362
474 336
475 60
475 235
475 385
476 117
476 41
476 62
477 0
477 7
477 422
478 4
478 323
478 3
479 159
479 2
479 61
480 156
480 368
480 49
481 5
481 424
481 29
482 56
482 431
482 3
483 0
483 96
483 7
484 341
484 350
484 471
485 116
485 130
485 4
486 388
486 244
486 366
487 79
487 250
487 50
488 272
488 94
488 7
489 236
489 23
489 37
490 236
490 23
490 64
491 402
491 40
491 28
492 2
492 405
492 1
493 408
493 366
493 22
494 1
494 221
494 75
495 428
495 2
495 207
496 18
496 28
496 14
497 42
497 382
497 235
498 87
498 60
498 34
499 1
499 349
499 495
