0 1
1 0
2 0
2 1
3 1
3 0
3 2
4 0
4 1
4 3
5 1
5 2
5 0
6 0
6 1
6 3
7 2
7 3
7 6
8 1
8 7
8 4
9 0
9 3
9 1
10 9
10 1
10 4
11 9
11 0
11 5
12 0
12 1
12 6
13 5
13 9
13 4
14 1
14 6
14 0
15 3
15 1
15 10
16 2
16 0
16 13
17 5
17 2
17 6
18 11
18 1
18 13
19 1
19 14
19 3
20 0
20 1
20 8
21 2
21 0
21 14
22 2
22 0
22 19
23 0
23 7
23 18
24 16
24 18
24 1
25 20
25 3
25 1
26 1
26 2
26 20
27 12
27 19
27 8
28 7
28 12
28 0
29 4
29 12
29 5
30 5
30 11
30 14
31 2
31 8
31 11
32 18
32 14
32 19
33 5
33 28
33 0
34 19
34 32
34 24
35 25
35 1
35 17
36 3
36 1
36 2
37 20
37 0
37 36
38 24
38 12
38 3
39 38
39 14
39 0
40 1
40 5
40 7
41 23
41 0
41 26
42 8
42 3
42 7
43 29
43 0
43 26
44 28
44 3
44 7
45 9
45 27
45 4
46 41
46 3
46 0
47 14
47 24
47 34
48 20
48 0
48 42
49 15
49 22
49 7
50 20
50 45
50 35
51 42
51 30
51 6
52 41
52 7
52 1
53 22
53 14
53 29
54 46
54 21
54 24
55 0
55 1
55 5
56 1
56 53
56 12
57 52
57 33
57 9
58 50
58 37
58 4
59 8
59 10
59 2
60 1
60 2
60 38
61 3
61 2
61 58
62 3
62 20
62 48
63 3
63 26
63 20
64 18
64 0
64 19
65 2
65 60
65 24
66 48
66 8
66 13
67 2
67 18
67 42
68 43
68 13
68 0
69 13
69 62
69 0
70 39
70 1
70 30
71 41
71 1
71 30
72 2
72 6
72 9
73 33
73 2
73 3
74 42
74 3
74 60
75 54
75 56
75 2
76 75
76 17
76 54
77 50
77 1
77 12
78 3
78 22
78 7
79 26
79 56
79 48
80 75
80 19
80 69
81 8
81 20
81 18
82 52
82 2
82 39
83 16
83 72
83 0
84 22
84 2
84 54
85 33
85 76
85 61
86 22
86 2
86 83
87 45
87 27
87 77
88 17
88 32
88 1
89 88
89 7
89 66
90 66
90 72
90 24
91 69
91 0
91 75
92 54
92 13
92 30
93 75
93 3
93 58
94 89
94 0
94 61
95 3
95 13
95 1
96 56
96 47
96 62
97 48
97 0
97 29
98 72
98 0
98 97
99 9
99 22
99 43
