0 1
0 2
0 3
0 5
0 8
0 13
0 25
0 67
0 70
0 91
0 116
1 0
1 2
1 3
1 4
1 6
1 9
1 11
1 20
1 24
1 25
1 29
2 1
2 0
2 3
2 4
2 7
2 8
2 9
2 10
2 11
2 12
2 21
3 1
3 0
3 2
3 4
3 5
3 6
3 15
3 16
3 30
3 31
3 40
4 2
4 3
4 1
4 5
4 6
4 7
4 8
4 10
4 19
4 22
4 23
5 4
5 3
5 0
5 11
5 12
5 13
5 15
5 18
5 27
5 45
5 54
6 1
6 4
6 3
6 7
6 14
6 16
6 30
6 32
6 82
6 87
6 179
7 6
7 2
7 4
7 10
7 20
7 21
7 28
7 32
7 33
7 48
7 49
8 4
8 0
8 2
8 9
8 14
8 16
8 26
8 36
8 51
8 59
8 110
9 2
9 8
9 1
9 18
9 39
9 41
9 55
9 84
9 131
9 132
9 250
10 4
10 7
10 2
10 19
10 38
10 40
10 55
10 73
10 111
10 139
10 209
11 1
11 5
11 2
11 12
11 17
11 19
11 31
11 52
11 71
11 76
11 85
12 5
12 2
12 11
12 13
12 14
12 20
12 28
12 40
12 57
12 98
12 114
13 5
13 0
13 12
13 15
13 17
13 22
13 24
13 35
13 39
13 63
13 70
14 6
14 12
14 8
14 35
14 50
14 52
14 62
14 73
14 107
14 124
14 129
15 3
15 5
15 13
15 18
15 21
15 133
15 172
15 232
15 298
15 325
15 369
16 8
16 6
16 3
16 17
16 23
16 24
16 34
16 46
16 60
16 65
16 116
17 16
17 11
17 13
17 29
17 34
17 38
17 49
17 62
17 64
17 93
17 106
18 9
18 15
18 5
18 127
18 178
18 268
18 384
18 494
19 11
19 10
19 4
19 26
19 31
19 118
19 185
20 7
20 1
20 12
20 35
20 63
20 122
20 123
20 161
20 177
20 232
20 354
21 15
21 7
21 2
21 32
21 33
21 48
21 53
21 58
21 79
21 81
21 89
22 13
22 4
22 2
22 23
22 57
22 64
22 71
22 74
22 92
22 137
22 192
23 4
23 16
23 22
23 27
23 44
23 51
23 80
23 89
23 99
23 156
23 174
24 13
24 16
24 1
24 25
24 36
24 54
24 63
24 74
24 118
24 120
24 127
25 1
25 24
25 0
25 33
25 55
25 121
25 191
25 201
25 231
25 265
25 308
26 8
26 19
26 2
26 141
26 159
26 231
26 241
26 281
27 5
27 23
27 2
27 28
27 49
27 56
27 65
27 69
27 74
27 122
27 139
28 7
28 12
28 27
28 37
28 47
28 212
28 267
28 357
28 395
29 2
29 1
29 17
29 30
29 46
29 81
29 175
29 266
29 282
29 335
29 339
30 3
30 29
30 6
30 101
30 145
30 146
30 234
31 11
31 3
31 19
31 43
31 45
31 82
31 85
31 86
31 100
31 155
31 157
32 6
32 21
32 7
32 34
32 43
32 45
32 54
32 90
32 120
32 133
32 168
33 7
33 21
33 25
33 42
33 68
33 170
33 182
33 187
33 189
33 210
33 374
34 32
34 16
34 17
34 37
34 56
34 73
34 90
34 94
34 110
34 158
34 245
35 13
35 20
35 14
35 41
35 44
35 98
35 101
35 102
35 128
35 142
35 206
36 1
36 24
36 8
36 152
36 288
36 405
36 455
36 482
37 34
37 28
37 4
37 58
37 96
37 178
37 225
37 338
37 369
37 396
37 456
38 10
38 4
38 17
38 42
38 50
38 67
38 75
38 92
38 107
38 112
38 155
39 9
39 2
39 13
39 165
39 189
39 273
39 281
40 10
40 3
40 12
40 41
40 151
40 165
40 172
40 454
40 479
41 40
41 9
41 35
41 44
41 59
41 66
41 75
41 77
41 109
41 186
41 337
42 4
42 38
42 33
42 60
42 93
42 101
42 138
42 342
43 1
43 32
43 31
43 109
43 150
43 222
43 235
43 400
43 482
44 41
44 23
44 35
44 47
44 70
44 96
44 135
44 143
44 178
44 222
44 251
45 32
45 31
45 5
45 46
45 65
45 86
45 252
45 356
46 45
46 16
46 29
46 78
46 81
46 111
46 115
46 159
46 180
46 214
46 252
47 28
47 44
47 2
47 67
47 110
47 328
47 356
48 21
48 3
48 7
48 60
48 77
48 127
48 204
48 256
48 284
48 306
48 314
49 27
49 17
49 7
49 203
49 428
50 1
50 38
50 14
50 76
50 83
50 133
50 409
51 23
51 4
51 8
51 79
51 80
51 83
51 88
51 99
51 162
51 176
51 280
52 1
52 11
52 14
52 53
52 72
52 80
52 92
52 113
52 160
52 209
52 243
53 21
53 7
53 52
53 61
53 72
53 75
53 99
53 126
53 237
53 242
53 253
54 5
54 24
54 32
54 64
54 143
54 164
54 327
54 352
55 25
55 9
55 10
55 68
55 126
55 142
55 199
55 478
56 27
56 34
56 4
56 69
56 441
56 443
56 465
57 22
57 12
57 2
57 100
57 108
57 190
57 396
58 37
58 21
58 4
58 59
58 77
58 85
58 187
58 188
58 268
59 41
59 58
59 8
59 97
59 105
59 206
59 214
59 244
59 247
59 258
59 324
60 48
60 16
60 42
60 78
60 89
60 134
60 136
60 449
61 1
61 53
61 4
61 325
62 17
62 14
62 2
62 169
62 196
62 198
62 292
62 357
62 374
62 378
62 389
63 20
63 24
63 13
63 78
63 84
63 128
63 131
63 208
63 300
63 338
63 429
64 22
64 17
64 54
64 91
64 135
64 194
64 225
64 270
64 291
64 368
65 27
65 16
65 45
65 156
65 169
65 380
66 2
66 41
66 4
66 228
66 230
66 283
66 331
66 378
67 38
67 47
67 0
67 116
68 33
68 1
68 55
68 69
68 91
68 152
68 185
68 196
68 310
68 380
68 405
69 27
69 56
69 68
69 79
69 163
69 198
69 467
70 0
70 13
70 44
70 71
70 379
70 494
71 11
71 22
71 70
71 95
71 106
71 108
71 114
71 125
71 164
71 255
71 279
72 13
72 53
72 52
72 95
72 104
72 118
72 123
72 149
72 158
72 163
72 204
73 10
73 14
73 34
73 100
73 191
73 194
73 288
73 385
73 408
74 27
74 24
74 22
74 98
74 130
74 153
74 283
74 345
74 349
74 443
75 38
75 53
75 41
75 90
75 213
75 406
75 453
76 13
76 50
76 11
76 84
76 156
76 161
76 257
76 330
76 404
77 48
77 41
77 58
77 403
77 405
77 498
78 46
78 60
78 63
78 88
78 185
78 200
78 236
78 247
78 252
78 292
79 51
79 69
79 21
79 167
79 215
79 233
79 341
80 51
80 23
80 52
80 94
80 153
80 161
80 162
80 203
80 231
80 336
80 414
81 29
81 21
81 46
81 166
81 175
81 237
81 267
81 420
81 421
82 13
82 6
82 31
82 103
82 259
82 322
82 345
82 367
82 374
83 51
83 50
83 4
83 87
83 126
83 230
83 303
84 76
84 63
84 9
84 140
84 151
84 437
85 11
85 58
85 31
85 139
85 148
85 173
85 334
86 31
86 45
86 1
86 87
86 93
86 109
86 147
86 163
86 299
87 6
87 83
87 86
87 103
87 135
87 303
88 51
88 78
88 13
88 102
88 104
88 117
88 119
88 130
88 140
88 181
88 487
89 21
89 60
89 23
89 154
89 255
89 322
90 32
90 34
90 75
90 104
90 215
90 340
90 403
90 439
90 473
91 68
91 0
91 64
91 184
91 254
91 326
91 384
92 52
92 22
92 38
92 177
92 202
92 234
92 353
93 17
93 86
93 42
93 137
93 144
93 362
93 475
94 80
94 34
94 3
94 112
94 183
94 244
94 280
94 317
94 470
95 7
95 71
95 72
95 140
95 145
95 258
95 366
96 21
96 44
96 37
96 201
96 495
97 3
97 13
97 59
97 105
97 117
97 120
97 180
98 74
98 35
98 12
98 111
98 137
98 188
98 276
98 468
98 488
99 23
99 53
99 51
99 129
99 199
99 251
99 260
99 297
99 427
99 431
99 441
100 31
100 57
100 73
100 208
100 235
101 42
101 30
101 35
101 106
101 138
101 199
101 313
102 88
102 35
102 1
102 193
102 204
102 487
103 82
103 13
103 87
103 184
103 209
103 334
103 367
104 88
104 90
104 72
104 124
104 134
104 383
104 398
104 460
105 59
105 97
105 1
105 423
106 71
106 17
106 101
106 123
106 316
107 14
107 21
107 38
107 115
107 166
107 169
107 275
107 287
107 373
107 384
108 4
108 71
108 57
108 192
108 205
108 271
108 285
108 417
108 490
109 86
109 43
109 41
109 261
109 294
109 318
109 343
109 391
109 410
109 498
110 8
110 34
110 47
110 166
110 177
110 309
110 363
111 46
111 10
111 98
111 148
112 38
112 1
112 94
112 154
112 239
112 267
112 315
112 336
112 469
112 493
112 498
113 21
113 2
113 52
113 242
113 445
114 7
114 12
114 71
114 128
114 158
114 168
115 1
115 46
115 107
115 143
115 179
115 203
115 214
115 221
115 381
115 479
116 67
116 0
116 16
116 192
116 382
116 468
117 2
117 88
117 97
117 184
117 189
118 72
118 19
118 24
118 173
118 240
118 327
119 88
119 4
119 17
119 216
120 32
120 97
120 24
120 210
120 283
120 294
120 298
120 455
121 21
121 12
121 25
122 27
122 7
122 20
122 224
122 363
123 72
123 20
123 106
123 415
123 496
124 17
124 14
124 104
124 147
124 229
124 289
124 295
125 3
125 71
125 2
125 146
125 151
125 197
125 386
125 387
126 83
126 53
126 55
126 129
126 138
126 162
126 170
126 212
126 246
126 459
127 24
127 18
127 48
127 141
127 208
127 311
127 389
127 426
127 447
128 35
128 63
128 114
128 357
128 381
129 99
129 126
129 14
129 236
129 293
129 424
129 442
129 461
130 14
130 88
130 74
130 274
131 63
131 3
131 9
131 276
131 316
132 8
132 9
132 24
132 430
132 446
133 32
133 50
133 15
133 171
133 175
133 261
133 344
134 60
134 16
134 104
134 244
134 304
134 343
135 64
135 44
135 87
135 190
136 21
136 7
136 60
137 93
137 22
137 98
137 207
137 238
137 349
138 101
138 42
138 126
138 180
138 240
139 85
139 10
139 27
139 152
139 182
139 197
139 221
139 308
139 343
140 95
140 88
140 84
140 220
140 269
141 127
141 4
141 26
141 172
142 0
142 35
142 55
142 149
142 412
143 44
143 54
143 115
143 193
143 462
144 93
144 14
144 17
144 155
144 277
144 348
144 402
144 464
144 472
145 95
145 0
145 30
145 264
145 274
145 348
145 398
146 14
146 125
146 30
146 181
146 225
146 401
147 4
147 86
147 124
147 168
147 191
148 85
148 17
148 111
148 186
148 425
149 142
149 12
149 72
149 394
150 0
150 1
150 43
150 157
151 84
151 40
151 125
151 160
151 165
151 174
151 195
151 211
151 332
151 368
151 398
152 139
152 68
152 36
152 265
152 383
152 483
153 80
153 74
153 12
153 260
154 89
154 112
154 24
154 424
155 38
155 31
155 144
155 248
155 305
155 473
155 491
156 76
156 65
156 23
156 160
156 455
156 469
157 31
157 1
157 150
157 181
157 221
157 240
157 315
157 321
158 34
158 72
158 114
158 286
158 295
159 0
159 26
159 46
159 227
159 375
159 467
160 151
160 156
160 52
160 272
160 459
161 76
161 80
161 20
161 233
161 365
161 434
162 126
162 51
162 80
162 229
162 276
162 288
162 310
162 420
162 427
162 472
163 69
163 72
163 86
163 234
164 71
164 2
164 54
165 39
165 40
165 151
165 364
165 393
165 418
165 480
166 107
166 81
166 110
166 170
167 17
167 79
167 12
167 340
167 372
167 414
167 432
168 114
168 147
168 32
168 280
169 65
169 107
169 62
169 200
169 294
170 126
170 166
170 33
170 171
170 239
170 253
171 133
171 3
171 170
171 397
171 407
171 450
172 40
172 15
172 141
172 211
172 432
173 85
173 11
173 118
174 1
174 23
174 151
174 211
174 332
174 350
175 29
175 133
175 81
176 3
176 14
176 51
176 310
176 422
177 110
177 92
177 20
178 18
178 44
178 37
178 202
178 226
178 254
178 379
179 115
179 16
179 6
179 201
179 212
179 228
179 290
179 309
179 444
180 138
180 97
180 46
180 198
180 278
181 157
181 146
181 88
181 205
182 17
182 33
182 139
182 220
182 305
182 346
182 373
183 8
183 14
183 94
183 186
183 373
183 392
183 495
184 117
184 91
184 103
184 218
184 333
185 78
185 19
185 68
185 307
185 360
185 401
185 436
185 451
186 41
186 183
186 148
186 389
187 33
187 58
187 13
187 194
187 235
187 293
188 14
188 98
188 58
188 377
188 483
189 33
189 117
189 39
189 202
189 346
189 483
190 0
190 57
190 135
190 219
190 446
191 147
191 25
191 73
191 279
192 22
192 116
192 108
192 196
192 243
192 345
192 390
193 2
193 102
193 143
193 223
193 423
193 425
194 64
194 73
194 187
194 195
194 216
194 284
194 303
194 409
195 21
195 151
195 194
195 243
195 290
195 370
196 62
196 192
196 68
196 229
196 481
197 11
197 139
197 125
197 285
197 350
197 446
198 69
198 180
198 62
198 482
199 55
199 101
199 99
199 228
199 245
199 444
199 481
200 169
200 4
200 78
200 217
200 275
200 330
201 25
201 179
201 96
201 213
201 281
201 359
201 466
202 92
202 189
202 178
203 49
203 80
203 115
203 341
204 102
204 72
204 48
204 249
204 390
204 394
204 441
204 488
205 12
205 181
205 108
205 270
206 35
206 14
206 59
207 38
207 1
207 137
208 100
208 127
208 63
208 270
208 365
208 431
209 103
209 10
209 52
209 282
209 396
209 433
209 439
210 120
210 33
210 12
211 172
211 151
211 174
211 226
211 236
211 430
212 28
212 126
212 179
212 438
213 3
213 201
213 75
214 59
214 115
214 46
214 264
215 13
215 79
215 90
215 454
216 194
216 22
216 119
216 284
216 297
216 300
216 302
216 358
217 200
217 72
217 2
217 434
218 5
218 184
218 32
218 232
218 412
219 8
219 24
219 190
219 319
219 320
219 323
220 5
220 140
220 182
220 324
220 341
220 451
221 139
221 115
221 157
221 378
221 462
222 43
222 0
222 44
222 285
222 335
222 415
222 434
223 193
223 31
223 7
223 370
224 12
224 122
224 14
224 317
224 393
225 146
225 64
225 37
226 211
226 7
226 178
226 317
226 442
227 24
227 14
227 159
227 386
228 179
228 199
228 66
228 321
228 361
228 429
229 124
229 196
229 162
229 430
230 13
230 83
230 66
231 25
231 26
231 80
231 413
232 15
232 20
232 218
232 320
233 161
233 79
233 38
233 262
234 92
234 163
234 30
235 100
235 187
235 43
235 311
235 437
235 486
236 211
236 129
236 78
237 53
237 81
237 14
237 263
237 337
237 467
238 137
238 17
238 11
239 112
239 170
239 31
240 138
240 118
240 157
240 291
240 352
240 362
241 35
241 7
241 26
241 265
242 53
242 113
242 0
242 411
243 52
243 192
243 195
244 59
244 134
244 94
245 34
245 199
245 35
245 416
246 31
246 126
246 1
246 299
246 463
247 59
247 23
247 78
247 269
247 416
248 7
248 155
248 34
248 438
248 464
249 22
249 204
249 3
250 9
250 14
250 5
251 99
251 23
251 44
251 275
251 367
251 386
251 485
252 46
252 78
252 45
253 170
253 1
253 53
253 351
254 5
254 91
254 178
255 89
255 53
255 71
255 259
255 385
256 12
256 4
256 48
256 296
257 2
257 4
257 76
258 95
258 59
258 3
258 411
258 462
259 82
259 2
259 255
259 439
259 497
260 99
260 9
260 153
260 347
260 359
260 496
261 13
261 109
261 133
261 302
262 22
262 2
262 233
262 326
262 336
263 237
263 3
263 7
264 214
264 21
264 145
265 25
265 152
265 241
265 311
265 349
266 29
266 24
266 13
266 315
266 408
267 81
267 112
267 28
268 18
268 2
268 58
269 247
269 9
269 140
269 306
270 64
270 205
270 208
270 448
271 108
271 27
271 72
272 160
272 0
272 44
272 331
273 1
273 39
273 2
273 286
273 320
273 470
274 11
274 130
274 145
275 251
275 107
275 200
275 342
275 401
275 425
275 460
276 98
276 162
276 131
276 277
276 319
276 354
276 387
277 276
277 12
277 144
278 180
278 8
278 24
278 328
278 329
278 488
279 71
279 21
279 191
279 302
279 445
280 168
280 94
280 51
281 26
281 201
281 39
281 372
282 209
282 46
282 29
282 364
283 120
283 74
283 66
283 304
283 312
283 417
284 216
284 48
284 194
284 301
284 392
285 108
285 197
285 222
285 353
285 354
285 406
286 273
286 12
286 158
287 107
287 21
287 46
287 300
287 325
288 162
288 73
288 36
289 124
289 2
289 21
289 323
289 486
290 195
290 179
290 1
290 312
290 326
290 338
290 382
291 64
291 240
291 7
291 295
291 335
292 62
292 22
292 78
292 297
292 379
293 187
293 129
293 12
293 313
294 109
294 169
294 120
294 324
294 327
294 448
294 450
295 158
295 291
295 124
295 348
295 375
295 480
296 0
296 24
296 256
297 292
297 99
297 216
298 15
298 46
298 120
299 16
299 86
299 246
300 287
300 216
300 63
300 305
300 347
301 284
301 34
301 16
301 362
301 427
302 216
302 279
302 261
302 355
303 87
303 83
303 194
304 134
304 283
304 0
304 347
304 391
304 492
305 155
305 300
305 182
306 269
306 1
306 48
306 356
307 34
307 185
307 4
308 2
308 139
308 25
309 110
309 179
309 4
309 465
310 68
310 162
310 176
310 332
310 472
311 235
311 127
311 265
312 283
312 25
312 290
312 382
313 4
313 101
313 293
313 375
313 421
314 2
314 44
314 48
314 463
315 157
315 266
315 112
315 388
316 106
316 35
316 131
316 388
317 94
317 226
317 224
317 368
317 489
318 109
318 1
318 8
319 13
319 219
319 276
320 219
320 273
320 232
320 372
320 411
320 445
321 157
321 2
321 228
322 89
322 34
322 82
323 289
323 2
323 219
323 454
324 294
324 59
324 220
325 287
325 15
325 61
325 358
326 290
326 262
326 91
326 353
327 54
327 294
327 118
328 47
328 278
328 2
328 360
329 9
329 32
329 278
329 404
330 76
330 14
330 200
331 6
331 66
331 272
331 458
332 174
332 151
332 310
333 72
333 184
333 7
334 85
334 16
334 103
335 291
335 29
335 222
336 112
336 80
336 262
337 41
337 237
337 21
337 387
338 63
338 290
338 37
339 29
339 31
339 27
339 419
339 420
340 17
340 90
340 167
340 383
340 422
340 474
341 79
341 220
341 203
341 360
342 275
342 21
342 42
342 402
343 109
343 139
343 134
344 24
344 133
344 13
345 192
345 74
345 82
345 400
346 189
346 3
346 182
347 304
347 260
347 300
348 144
348 145
348 295
349 74
349 265
349 137
349 376
349 474
349 486
350 174
350 0
350 197
350 371
351 253
351 12
351 2
352 54
352 240
352 25
352 499
353 92
353 326
353 285
354 285
354 20
354 276
354 461
355 16
355 302
355 24
355 395
355 402
355 426
356 306
356 47
356 45
357 62
357 128
357 28
357 358
357 432
358 325
358 216
358 357
358 399
358 403
359 201
359 260
359 32
359 422
360 185
360 328
360 341
360 407
360 417
360 459
360 484
361 228
361 48
361 10
362 301
362 240
362 93
362 363
362 377
362 470
363 110
363 122
363 362
364 165
364 8
364 282
365 208
365 161
365 48
366 46
366 7
366 95
366 408
367 103
367 82
367 251
367 407
367 463
367 495
367 496
368 151
368 64
368 317
368 468
369 37
369 15
369 22
369 380
369 492
370 223
370 38
370 195
370 426
370 443
371 31
371 1
371 350
371 453
372 167
372 281
372 320
373 183
373 182
373 107
374 62
374 82
374 33
375 313
375 295
375 159
376 12
376 44
376 349
376 491
376 493
377 27
377 188
377 362
378 62
378 66
378 221
378 490
379 70
379 178
379 292
380 65
380 369
380 68
380 428
381 128
381 115
381 24
382 116
382 290
382 312
383 340
383 152
383 104
383 394
384 91
384 107
384 18
384 497
385 255
385 25
385 73
386 251
386 125
386 227
387 337
387 125
387 276
388 316
388 20
388 315
388 418
389 62
389 127
389 186
389 415
389 424
390 192
390 204
390 1
391 2
391 304
391 109
392 183
392 284
392 2
393 165
393 23
393 224
394 383
394 204
394 149
395 28
395 59
395 355
395 491
396 37
396 209
396 57
396 447
397 171
397 24
397 15
398 151
398 145
398 104
398 456
399 8
399 358
399 0
400 43
400 72
400 345
400 461
401 146
401 185
401 275
402 144
402 355
402 342
402 458
403 77
403 90
403 358
403 474
404 329
404 76
404 4
405 68
405 77
405 36
406 6
406 285
406 75
406 456
407 367
407 360
407 171
407 458
408 73
408 266
408 366
408 451
409 194
409 17
409 50
410 15
410 109
410 27
411 242
411 258
411 320
412 22
412 142
412 218
413 4
413 12
413 231
414 5
414 167
414 80
415 222
415 389
415 123
416 245
416 46
416 247
417 283
417 360
417 108
418 165
418 388
418 10
419 4
419 339
419 27
419 428
420 81
420 162
420 339
420 429
421 81
421 313
421 14
421 452
422 359
422 340
422 176
423 48
423 105
423 193
423 493
424 129
424 154
424 389
425 193
425 148
425 275
425 478
426 355
426 127
426 370
427 162
427 301
427 99
427 457
428 419
428 49
428 380
428 440
428 460
429 63
429 228
429 420
430 211
430 229
430 132
431 99
431 208
431 3
431 466
432 172
432 167
432 357
432 489
433 2
433 209
433 1
434 161
434 217
434 222
435 68
435 21
435 9
435 484
436 31
436 185
436 24
437 12
437 84
437 235
438 248
438 17
438 212
439 259
439 209
439 90
440 13
440 428
440 0
441 56
441 204
441 99
442 27
442 129
442 226
443 370
443 56
443 74
443 450
443 476
443 481
444 151
444 199
444 179
444 473
445 279
445 113
445 320
446 197
446 190
446 132
447 396
447 21
447 127
448 294
448 270
448 80
449 48
449 4
449 60
450 294
450 443
450 171
451 185
451 408
451 220
452 35
452 21
452 421
452 457
453 75
453 371
453 0
454 215
454 323
454 40
455 36
455 120
455 156
456 398
456 406
456 37
456 499
457 427
457 63
457 452
458 407
458 331
458 402
459 160
459 126
459 360
460 275
460 428
460 104
461 354
461 129
461 400
462 143
462 221
462 258
463 314
463 367
463 246
464 6
464 248
464 144
465 41
465 56
465 309
466 46
466 201
466 431
467 69
467 237
467 159
468 116
468 368
468 98
469 112
469 156
469 52
470 94
470 362
470 273
471 3
471 4
471 34
472 162
472 310
472 144
472 490
473 155
473 90
473 444
474 349
474 403
474 340
475 71
475 93
475 3
476 443
476 5
476 9
477 1
477 44
477 52
478 425
478 48
478 55
479 80
479 40
479 115
480 165
480 59
480 295
481 196
481 443
481 199
482 36
482 198
482 43
483 152
483 189
483 188
484 17
484 435
484 360
485 251
485 14
485 24
486 235
486 289
486 349
487 22
487 88
487 102
488 278
488 204
488 98
489 317
489 432
489 1
490 108
490 378
490 472
491 155
491 376
491 395
492 304
492 72
492 369
493 112
493 376
493 423
494 63
494 18
494 70
495 367
495 183
495 96
496 367
496 123
496 260
497 384
497 259
497 14
498 112
498 109
498 77
499 352
499 44
499 456
