0 1
1 0
2 0
2 1
3 0
3 2
3 1
4 1
4 2
4 0
5 0
5 1
5 2
6 3
6 1
6 0
7 1
7 2
7 0
8 1
8 7
8 3
9 6
9 0
9 1
10 0
10 7
10 1
11 4
11 1
11 0
12 2
12 8
12 6
13 2
13 11
13 0
14 6
14 1
14 7
15 1
15 0
15 4
16 8
16 13
16 5
17 0
17 8
17 6
18 1
18 8
18 0
19 6
19 11
19 14
20 15
20 1
20 11
21 16
21 6
21 14
22 15
22 8
22 4
23 1
23 0
23 18
24 0
24 1
24 20
25 3
25 0
25 7
26 4
26 0
26 18
27 2
27 0
27 6
28 0
28 5
28 17
29 16
29 10
29 13
30 1
30 23
30 15
31 29
31 7
31 1
32 2
32 3
32 19
33 4
33 0
33 1
34 33
34 2
34 1
35 17
35 7
35 11
36 24
36 2
36 18
37 0
37 6
37 9
38 1
38 13
38 9
39 0
39 1
39 18
40 37
40 3
40 5
41 6
41 12
41 28
42 0
42 7
42 11
43 10
43 15
43 33
44 19
44 41
44 29
45 1
45 30
45 3
46 0
46 1
46 6
47 13
47 30
47 45
48 14
48 2
48 3
49 9
49 15
49 6
50 19
50 10
50 6
51 23
51 29
51 11
52 3
52 6
52 18
53 33
53 25
53 6
54 1
54 34
54 9
55 6
55 35
55 19
56 27
56 11
56 1
57 2
57 36
57 0
58 18
58 0
58 1
59 27
59 36
59 18
60 1
60 14
60 33
61 46
61 2
61 25
62 2
62 51
62 60
63 48
63 30
63 3
64 59
64 1
64 32
65 19
65 17
65 0
66 17
66 50
66 4
67 46
67 1
67 59
68 13
68 1
68 30
69 20
69 1
69 33
70 0
70 34
70 29
71 1
71 8
71 7
72 66
72 37
72 46
73 36
73 29
73 6
74 0
74 11
74 38
75 0
75 38
75 1
76 33
76 34
76 14
77 69
77 6
77 36
78 64
78 6
78 3
79 57
79 46
79 4
80 34
80 63
80 2
81 78
81 54
81 6
82 1
82 63
82 33
83 82
83 24
83 49
84 1
84 38
84 10
85 1
85 81
85 72
86 83
86 0
86 19
87 23
87 64
87 38
88 6
88 2
88 0
89 51
89 33
89 7
90 0
90 2
90 8
91 0
91 30
91 36
92 85
92 30
92 23
93 1
93 3
93 30
94 52
94 6
94 7
95 48
95 8
95 70
96 1
96 33
96 94
97 2
97 20
97 4
98 13
98 76
98 94
99 11
99 28
99 1
100 87
100 0
100 10
101 2
101 0
101 61
102 3
102 5
102 34
103 11
103 30
103 1
104 51
104 1
104 14
105 8
105 75
105 4
106 0
106 95
106 3
107 4
107 79
107 2
108 1
108 4
108 5
109 86
109 51
109 6
110 14
110 1
110 9
111 66
111 86
111 2
112 75
112 6
112 2
113 22
113 18
113 39
114 16
114 31
114 18
115 77
115 1
115 30
116 1
116 37
116 112
117 29
117 11
117 16
118 1
118 0
118 21
119 69
119 0
119 12
120 76
120 37
120 88
121 20
121 86
121 103
122 13
122 2
122 16
123 63
123 46
123 76
124 93
124 57
124 42
125 85
125 7
125 31
126 56
126 53
126 31
127 39
127 100
127 82
128 0
128 100
128 18
129 66
129 16
129 27
130 68
130 37
130 10
131 87
131 48
131 112
132 38
132 0
132 20
133 127
133 57
133 42
134 2
134 111
134 112
135 84
135 6
135 2
136 32
136 115
136 34
137 33
137 102
137 119
138 10
138 132
138 1
139 76
139 107
139 10
140 132
140 47
140 75
141 11
141 37
141 30
142 33
142 34
142 3
143 51
143 1
143 11
144 62
144 140
144 37
145 103
145 4
145 24
146 46
146 0
146 98
147 35
147 70
147 34
148 86
148 2
148 51
149 2
149 21
149 36
150 69
150 13
150 136
151 20
151 95
151 37
152 20
152 59
152 144
153 69
153 7
153 100
154 101
154 1
154 81
155 51
155 81
155 18
156 8
156 151
156 88
157 40
157 0
157 68
158 130
158 0
158 146
159 10
159 41
159 8
160 10
160 80
160 153
161 33
161 21
161 114
162 94
162 2
162 56
163 35
163 76
163 9
164 48
164 11
164 42
165 94
165 37
165 2
166 125
166 1
166 116
167 74
167 34
167 45
168 158
168 76
168 57
169 77
169 144
169 2
170 38
170 128
170 13
171 19
171 1
171 116
172 11
172 28
172 1
173 86
173 89
173 10
174 51
174 16
174 71
175 1
175 57
175 10
176 2
176 145
176 10
177 3
177 70
177 29
178 30
178 159
178 146
179 11
179 166
179 63
180 9
180 30
180 79
181 20
181 1
181 165
182 150
182 30
182 1
183 79
183 33
183 11
184 25
184 0
184 82
185 82
185 99
185 14
186 119
186 37
186 1
187 104
187 46
187 2
188 178
188 112
188 4
189 22
189 29
189 2
190 185
190 86
190 2
191 146
191 33
191 13
192 2
192 148
192 39
193 9
193 64
193 49
194 64
194 187
194 46
195 55
195 175
195 98
196 45
196 146
196 191
197 43
197 49
197 25
198 1
198 48
198 6
199 8
199 36
199 193
200 118
200 6
200 57
201 99
201 16
201 92
202 0
202 44
202 178
203 146
203 66
203 131
204 31
204 146
204 127
205 4
205 95
205 37
206 1
206 29
206 45
207 51
207 4
207 197
208 43
208 129
208 126
209 80
209 107
209 124
210 8
210 64
210 135
211 53
211 9
211 91
212 155
212 33
212 166
213 3
213 56
213 19
214 1
214 6
214 33
215 118
215 144
215 137
216 124
216 160
216 30
217 63
217 16
217 112
218 11
218 134
218 117
219 1
219 2
219 164
220 19
220 21
220 108
221 153
221 1
221 30
222 199
222 1
222 200
223 6
223 8
223 98
224 76
224 1
224 10
225 14
225 210
225 69
226 2
226 4
226 181
227 6
227 82
227 8
228 0
228 99
228 39
229 191
229 2
229 76
230 16
230 227
230 214
231 225
231 1
231 6
232 22
232 29
232 3
233 75
233 56
233 125
234 9
234 14
234 139
235 66
235 18
235 181
236 1
236 11
236 31
237 53
237 50
237 0
238 88
238 193
238 25
239 200
239 94
239 1
240 64
240 10
240 2
241 25
241 182
241 166
242 57
242 233
242 9
243 79
243 19
243 1
244 1
244 170
244 98
245 116
245 12
245 6
246 4
246 1
246 241
247 73
247 30
247 1
248 49
248 102
248 236
249 220
249 135
249 2
250 0
250 27
250 104
251 70
251 72
251 241
252 155
252 76
252 34
253 62
253 8
253 11
254 222
254 67
254 104
255 144
255 54
255 15
256 232
256 0
256 138
257 4
257 250
257 33
258 212
258 76
258 1
259 180
259 203
259 189
260 1
260 157
260 128
261 43
261 1
261 18
262 45
262 33
262 184
263 12
263 39
263 11
264 241
264 0
264 187
265 127
265 53
265 107
266 228
266 110
266 23
267 33
267 57
267 20
268 251
268 166
268 57
269 165
269 102
269 39
270 45
270 209
270 2
271 56
271 249
271 7
272 93
272 125
272 223
273 16
273 13
273 3
274 254
274 98
274 128
275 8
275 144
275 2
276 153
276 108
276 257
277 11
277 53
277 54
278 80
278 31
278 138
279 31
279 192
279 181
280 276
280 63
280 145
281 244
281 78
281 40
282 161
282 33
282 194
283 53
283 37
283 13
284 227
284 122
284 146
285 172
285 1
285 30
286 4
286 30
286 276
287 7
287 146
287 190
288 0
288 152
288 1
289 77
289 145
289 49
290 46
290 283
290 238
291 0
291 114
291 129
292 37
292 286
292 31
293 29
293 182
293 193
294 95
294 45
294 99
295 250
295 245
295 14
296 150
296 6
296 37
297 224
297 15
297 90
298 116
298 104
298 30
299 103
299 3
299 1
300 51
300 27
300 111
301 30
301 236
301 50
302 7
302 231
302 182
303 156
303 3
303 191
304 278
304 85
304 139
305 116
305 11
305 51
306 30
306 101
306 1
307 1
307 19
307 41
308 18
308 30
308 209
309 193
309 10
309 28
310 9
310 16
310 184
311 40
311 237
311 112
312 148
312 16
312 1
313 70
313 173
313 14
314 210
314 0
314 241
315 2
315 48
315 104
316 51
316 1
316 171
317 284
317 2
317 0
318 302
318 92
318 100
319 221
319 267
319 21
320 2
320 210
320 39
321 225
321 45
321 28
322 71
322 30
322 80
323 45
323 1
323 156
324 6
324 42
324 66
325 121
325 111
325 64
326 79
326 300
326 210
327 268
327 86
327 224
328 5
328 237
328 75
329 94
329 86
329 181
330 29
330 0
330 2
331 54
331 267
331 136
332 0
332 95
332 131
333 4
333 76
333 8
334 86
334 144
334 6
335 2
335 85
335 17
336 77
336 73
336 156
337 115
337 161
337 46
338 127
338 1
338 283
339 229
339 64
339 326
340 293
340 128
340 327
341 74
341 205
341 1
342 329
342 108
342 50
343 45
343 293
343 31
344 70
344 128
344 223
345 191
345 9
345 162
346 155
346 57
346 233
347 2
347 77
347 8
348 153
348 33
348 34
349 122
349 108
349 43
350 223
350 1
350 5
351 0
351 3
351 124
352 261
352 62
352 14
353 267
353 11
353 153
354 4
354 308
354 271
355 39
355 1
355 277
356 275
356 11
356 1
357 199
357 9
357 6
358 308
358 54
358 152
359 0
359 119
359 57
360 38
360 2
360 11
361 6
361 166
361 134
362 23
362 307
362 166
363 163
363 330
363 10
364 85
364 1
364 53
365 1
365 310
365 0
366 109
366 6
366 236
367 224
367 80
367 171
368 1
368 63
368 46
369 1
369 33
369 191
370 317
370 76
370 69
371 55
371 49
371 1
372 144
372 184
372 54
373 0
373 4
373 22
374 236
374 127
374 304
375 79
375 1
375 34
376 46
376 150
376 195
377 10
377 37
377 107
378 77
378 241
378 375
379 69
379 169
379 56
380 33
380 0
380 4
381 13
381 156
381 78
382 4
382 128
382 252
383 23
383 85
383 16
384 108
384 336
384 118
385 77
385 75
385 45
386 365
386 380
386 22
387 166
387 80
387 161
388 245
388 80
388 71
389 249
389 53
389 381
390 1
390 145
390 95
391 128
391 340
391 155
392 236
392 1
392 0
393 30
393 1
393 146
394 14
394 46
394 352
395 327
395 123
395 12
396 213
396 102
396 271
397 395
397 11
397 341
398 45
398 16
398 64
399 368
399 84
399 2
400 193
400 117
400 20
401 20
401 348
401 1
402 45
402 316
402 64
403 289
403 366
403 79
404 1
404 90
404 281
405 336
405 388
405 4
406 281
406 212
406 114
407 51
407 78
407 255
408 125
408 209
408 262
409 30
409 60
409 357
410 42
410 37
410 0
411 128
411 41
411 403
412 1
412 48
412 11
413 240
413 64
413 216
414 14
414 404
414 1
415 292
415 76
415 51
416 346
416 71
416 1
417 84
417 281
417 23
418 155
418 22
418 315
419 317
419 327
419 111
420 155
420 276
420 127
421 408
421 348
421 385
422 116
422 0
422 1
423 250
423 166
423 125
424 172
424 211
424 196
425 39
425 0
425 86
426 26
426 20
426 5
427 328
427 76
427 334
428 372
428 1
428 16
429 303
429 129
429 30
430 70
430 41
430 86
431 184
431 15
431 0
432 82
432 16
432 254
433 136
433 312
433 94
434 11
434 78
434 1
435 0
435 204
435 111
436 31
436 30
436 283
437 365
437 63
437 106
438 250
438 0
438 184
439 295
439 190
439 8
440 2
440 6
440 80
441 1
441 395
441 31
442 13
442 180
442 22
443 36
443 223
443 144
444 26
444 428
444 156
445 112
445 155
445 147
446 315
446 7
446 48
447 342
447 42
447 0
448 55
448 49
448 123
449 36
449 8
449 77
450 1
450 176
450 41
451 37
451 75
451 0
452 166
452 180
452 78
453 299
453 134
453 18
454 0
454 9
454 151
455 52
455 91
455 6
456 69
456 2
456 11
457 336
457 155
457 319
458 9
458 46
458 63
459 89
459 452
459 295
460 107
460 25
460 425
461 57
461 218
461 220
462 0
462 372
462 267
463 0
463 12
463 348
464 29
464 55
464 31
465 0
465 458
465 153
466 234
466 118
466 11
467 10
467 2
467 388
468 1
468 149
468 261
469 248
469 82
469 0
470 122
470 10
470 66
471 121
471 297
471 201
472 93
472 6
472 338
473 413
473 7
473 159
474 137
474 49
474 354
475 43
475 248
475 77
476 412
476 47
476 82
477 80
477 61
477 18
478 309
478 474
478 81
479 375
479 209
479 376
480 1
480 256
480 69
481 78
481 465
481 6
482 7
482 402
482 246
483 134
483 56
483 16
484 395
484 45
484 166
485 8
485 4
485 107
486 363
486 57
486 46
487 14
487 388
487 146
488 151
488 118
488 319
489 93
489 57
489 15
490 30
490 161
490 6
491 283
491 0
491 422
492 165
492 384
492 30
493 321
493 492
493 23
494 438
494 379
494 227
495 3
495 161
495 30
496 104
496 247
496 14
497 238
497 281
497 41
498 447
498 66
498 227
499 84
499 86
499 230
