0 1
0 2
0 3
0 4
1 0
1 2
1 3
1 5
2 0
2 1
2 3
2 4
3 1
3 2
3 0
3 4
4 0
4 2
4 3
4 7
5 0
5 3
5 1
5 6
6 0
6 5
6 2
6 9
7 4
7 3
7 5
7 10
8 1
8 2
8 0
8 14
9 6
9 0
9 5
9 11
10 3
10 2
10 7
10 21
11 9
11 1
11 0
11 81
12 7
12 3
12 1
13 7
13 6
13 0
13 14
14 3
14 8
14 13
14 15
15 5
15 8
15 14
15 29
16 9
16 0
16 5
17 0
17 14
17 13
18 9
18 3
18 13
18 22
19 14
19 0
19 8
19 46
20 13
20 7
20 3
20 25
21 8
21 3
21 10
21 22
22 18
22 10
22 21
22 24
23 1
23 2
23 3
23 67
24 22
24 21
24 13
24 80
25 22
25 20
25 1
25 31
26 7
26 8
26 4
26 88
27 3
27 2
27 14
27 41
28 5
28 0
28 7
28 33
29 15
29 13
29 5
29 30
30 29
30 22
30 20
30 35
31 25
31 21
31 22
31 38
32 6
32 18
32 21
32 42
33 8
33 6
33 28
33 45
34 2
34 13
34 10
34 39
35 22
35 2
35 30
36 10
36 20
36 28
36 37
37 1
37 13
37 36
37 46
38 22
38 21
38 31
38 43
39 34
39 29
39 20
39 42
40 30
40 36
40 8
40 71
41 25
41 27
41 5
41 45
42 30
42 32
42 39
42 73
43 6
43 38
43 22
43 49
44 7
44 22
44 5
45 21
45 41
45 33
45 51
46 37
46 19
46 10
46 47
47 46
47 27
47 8
47 73
48 30
48 0
48 27
48 61
49 37
49 9
49 43
49 59
50 36
50 33
50 41
51 36
51 31
51 45
51 54
52 9
52 10
52 13
53 4
53 0
53 8
54 5
54 51
54 10
54 69
55 27
55 3
55 9
56 5
56 43
56 27
56 91
57 46
57 3
57 2
57 85
58 10
58 22
58 5
59 51
59 49
59 34
60 20
60 32
60 46
60 72
61 13
61 48
61 2
61 71
62 3
62 20
62 32
63 36
63 7
63 8
64 18
64 5
64 15
65 2
65 21
65 22
65 68
66 5
66 13
66 7
67 23
67 3
67 0
68 65
68 4
68 45
69 1
69 54
69 3
69 82
70 3
70 36
70 65
71 61
71 40
71 2
71 84
72 60
72 13
72 0
73 47
73 22
73 42
74 54
74 14
74 41
75 38
75 2
75 0
76 5
76 2
76 1
77 36
77 0
77 5
78 2
78 15
78 18
78 92
79 0
79 14
79 20
79 80
80 24
80 43
80 79
81 5
81 11
81 31
81 86
82 0
82 32
82 69
83 0
83 29
83 21
84 71
84 22
84 10
84 98
85 20
85 39
85 57
86 7
86 22
86 81
87 43
87 7
87 13
88 30
88 26
88 51
89 60
89 57
89 19
90 51
90 22
90 29
91 56
91 31
91 14
92 78
92 31
92 20
93 1
93 27
93 18
94 47
94 20
94 36
95 34
95 19
95 28
96 0
96 36
96 78
97 30
97 10
97 22
98 84
98 41
98 6
99 24
99 71
99 34
