0 1
0 2
1 0
1 2
2 1
2 0
3 2
3 0
3 1
4 3
4 0
4 2
5 3
5 2
5 0
6 2
6 3
6 4
7 2
7 6
7 3
8 3
8 5
8 4
9 3
9 2
9 6
10 2
10 1
10 0
11 9
11 1
11 3
12 7
12 4
12 3
13 7
13 0
13 8
14 2
14 9
14 7
15 1
15 2
15 4
16 5
16 0
16 4
17 3
17 2
17 9
18 17
18 1
18 9
19 3
19 4
19 9
20 17
20 0
20 1
21 5
21 3
21 7
22 0
22 1
22 15
23 1
23 5
23 3
24 5
24 22
24 2
25 17
25 2
25 22
26 7
26 8
26 9
27 20
27 17
27 4
28 1
28 18
28 4
29 22
29 2
29 16
30 12
30 3
30 5
31 30
31 9
31 2
32 25
32 17
32 3
33 16
33 5
33 0
34 4
34 5
34 8
35 21
35 2
35 5
36 11
36 1
36 15
37 22
37 14
37 8
38 31
38 3
38 13
39 2
39 15
39 38
40 21
40 11
40 0
41 23
41 2
41 21
42 1
42 41
42 30
43 22
43 17
43 21
44 20
44 2
44 33
45 1
45 30
45 22
46 20
46 3
46 16
47 17
47 23
47 2
48 41
48 34
48 0
49 2
49 44
49 30
50 12
50 3
50 0
51 30
51 31
51 16
52 25
52 17
52 10
53 9
53 5
53 15
54 7
54 51
54 22
55 2
55 31
55 52
56 10
56 49
56 1
57 27
57 33
57 2
58 22
58 3
58 9
59 36
59 2
59 0
60 2
60 22
60 4
61 25
61 8
61 5
62 53
62 14
62 2
63 51
63 2
63 7
64 54
64 20
64 23
65 5
65 61
65 2
66 31
66 14
66 47
67 2
67 28
67 4
68 22
68 2
68 0
69 1
69 7
69 4
70 0
70 17
70 20
71 18
71 30
71 64
72 40
72 0
72 22
73 18
73 22
73 58
74 55
74 2
74 13
75 51
75 2
75 59
76 14
76 3
76 72
77 61
77 67
77 47
78 12
78 3
78 0
79 35
79 9
79 4
80 49
80 7
80 55
81 64
81 33
81 63
82 8
82 64
82 55
83 22
83 20
83 0
84 76
84 30
84 65
85 40
85 9
85 1
86 3
86 79
86 56
87 55
87 41
87 73
88 2
88 56
88 22
89 9
89 66
89 27
90 2
90 3
90 84
91 2
91 45
91 15
92 0
92 65
92 14
93 2
93 28
93 40
94 48
94 38
94 2
95 2
95 63
95 38
96 24
96 7
96 70
97 34
97 52
97 65
98 21
98 23
98 61
99 38
99 70
99 82
100 96
100 10
100 3
101 2
101 33
101 99
102 64
102 22
102 3
103 27
103 55
103 64
104 62
104 0
104 59
105 4
105 49
105 0
106 73
106 18
106 5
107 31
107 62
107 14
108 2
108 41
108 46
109 7
109 11
109 77
110 0
110 48
110 9
111 26
111 9
111 51
112 99
112 88
112 2
113 51
113 92
113 2
114 27
114 37
114 91
115 1
115 17
115 5
116 19
116 14
116 109
117 9
117 85
117 20
118 8
118 112
118 0
119 18
119 55
119 30
120 115
120 64
120 55
121 112
121 51
121 3
122 87
122 55
122 115
123 22
123 1
123 56
124 0
124 63
124 22
125 25
125 19
125 67
126 11
126 5
126 111
127 79
127 15
127 18
128 35
128 30
128 26
129 19
129 71
129 24
130 38
130 67
130 34
131 42
131 2
131 8
132 2
132 8
132 80
133 24
133 52
133 1
134 7
134 2
134 20
135 0
135 44
135 38
136 61
136 95
136 30
137 2
137 44
137 5
138 52
138 5
138 22
139 119
139 87
139 109
140 7
140 2
140 111
141 27
141 129
141 9
142 76
142 43
142 9
143 64
143 22
143 28
144 7
144 31
144 4
145 139
145 15
145 106
146 0
146 65
146 43
147 5
147 22
147 98
148 50
148 25
148 128
149 55
149 120
149 61
150 55
150 61
150 41
151 7
151 17
151 16
152 30
152 0
152 100
153 9
153 19
153 105
154 99
154 4
154 146
155 151
155 43
155 38
156 115
156 25
156 2
157 61
157 125
157 2
158 52
158 0
158 34
159 28
159 1
159 30
160 115
160 16
160 85
161 146
161 109
161 50
162 9
162 2
162 19
163 0
163 15
163 93
164 86
164 151
164 80
165 99
165 104
165 2
166 16
166 124
166 0
167 25
167 13
167 59
168 106
168 22
168 2
169 152
169 44
169 101
170 58
170 11
170 22
171 31
171 76
171 22
172 66
172 0
172 55
173 2
173 7
173 113
174 12
174 4
174 101
175 19
175 16
175 39
176 121
176 133
176 53
177 59
177 60
177 134
178 113
178 58
178 153
179 102
179 64
179 82
180 13
180 1
180 168
181 29
181 76
181 144
182 73
182 55
182 44
183 2
183 95
183 0
184 35
184 2
184 30
185 31
185 73
185 170
186 119
186 2
186 44
187 59
187 138
187 22
188 30
188 184
188 56
189 2
189 16
189 184
190 22
190 0
190 2
191 10
191 64
191 2
192 58
192 190
192 50
193 17
193 115
193 9
194 2
194 34
194 5
195 2
195 0
195 64
196 17
196 58
196 3
197 9
197 59
197 69
198 5
198 115
198 40
199 48
199 138
199 192
200 18
200 28
200 17
201 27
201 177
201 81
202 4
202 63
202 31
203 44
203 27
203 116
204 26
204 108
204 151
205 149
205 175
205 1
206 74
206 3
206 16
207 106
207 5
207 16
208 97
208 3
208 92
209 3
209 23
209 101
210 64
210 200
210 19
211 166
211 2
211 158
212 3
212 124
212 120
213 55
213 19
213 193
214 23
214 2
214 147
215 102
215 14
215 65
216 8
216 179
216 65
217 14
217 8
217 143
218 211
218 5
218 2
219 0
219 89
219 86
220 61
220 53
220 205
221 55
221 182
221 14
222 78
222 209
222 7
223 81
223 14
223 183
224 207
224 14
224 40
225 222
225 191
225 2
226 19
226 0
226 135
227 124
227 76
227 174
228 4
228 3
228 109
229 47
229 146
229 115
230 127
230 207
230 1
231 30
231 17
231 163
232 170
232 174
232 190
233 8
233 100
233 31
234 190
234 25
234 22
235 5
235 59
235 9
236 0
236 175
236 205
237 27
237 42
237 0
238 115
238 199
238 82
239 158
239 189
239 117
240 166
240 132
240 2
241 147
241 115
241 60
242 70
242 3
242 13
243 53
243 101
243 3
244 129
244 174
244 25
245 1
245 19
245 25
246 4
246 65
246 155
247 25
247 58
247 30
248 53
248 211
248 38
249 88
249 2
249 18
250 7
250 98
250 158
251 220
251 2
251 95
252 8
252 22
252 81
253 87
253 174
253 211
254 224
254 9
254 23
255 14
255 37
255 190
256 190
256 174
256 1
257 12
257 130
257 19
258 4
258 145
258 33
259 51
259 89
259 9
260 22
260 225
260 5
261 50
261 2
261 136
262 146
262 1
262 55
263 241
263 245
263 99
264 5
264 52
264 0
265 3
265 0
265 162
266 28
266 258
266 76
267 112
267 214
267 203
268 71
268 146
268 160
269 31
269 182
269 50
270 66
270 120
270 1
271 97
271 31
271 20
272 247
272 89
272 179
273 130
273 197
273 22
274 0
274 33
274 7
275 67
275 139
275 14
276 16
276 47
276 203
277 9
277 31
277 157
278 4
278 215
278 1
279 3
279 85
279 19
280 53
280 2
280 44
281 25
281 148
281 9
282 0
282 4
282 126
283 88
283 20
283 89
284 25
284 26
284 31
285 106
285 22
285 52
286 8
286 56
286 265
287 52
287 6
287 74
288 148
288 203
288 154
289 30
289 21
289 71
290 50
290 185
290 3
291 7
291 2
291 22
292 31
292 58
292 250
293 51
293 213
293 55
294 38
294 122
294 22
295 87
295 0
295 3
296 84
296 153
296 89
297 132
297 4
297 279
298 0
298 2
298 224
299 22
299 90
299 19
300 3
300 4
300 206
301 267
301 8
301 16
302 133
302 67
302 5
303 262
303 91
303 55
304 165
304 194
304 164
305 264
305 2
305 45
306 277
306 40
306 21
307 258
307 164
307 66
308 239
308 2
308 0
309 109
309 195
309 177
310 33
310 102
310 24
311 115
311 228
311 154
312 50
312 51
312 9
313 207
313 2
313 3
314 67
314 30
314 4
315 12
315 115
315 5
316 3
316 64
316 14
317 7
317 199
317 3
318 201
318 15
318 182
319 24
319 48
319 52
320 124
320 240
320 73
321 52
321 210
321 72
322 82
322 23
322 281
323 158
323 87
323 99
324 105
324 94
324 244
325 66
325 25
325 52
326 130
326 158
326 14
327 129
327 2
327 12
328 0
328 2
328 86
329 47
329 293
329 7
330 191
330 301
330 5
331 31
331 25
331 17
332 283
332 113
332 53
333 12
333 260
333 102
334 61
334 230
334 1
335 177
335 25
335 3
336 3
336 111
336 128
337 5
337 58
337 295
338 328
338 119
338 3
339 107
339 297
339 3
340 25
340 28
340 55
341 23
341 53
341 145
342 268
342 146
342 317
343 21
343 327
343 2
344 0
344 16
344 15
345 33
345 284
345 263
346 20
346 297
346 130
347 200
347 24
347 164
348 315
348 135
348 164
349 69
349 24
349 20
350 17
350 39
350 9
351 119
351 291
351 305
352 7
352 22
352 206
353 145
353 238
353 104
354 182
354 53
354 22
355 7
355 289
355 4
356 44
356 38
356 9
357 115
357 46
357 258
358 240
358 10
358 138
359 235
359 71
359 9
360 21
360 64
360 45
361 238
361 218
361 99
362 6
362 99
362 291
363 74
363 47
363 40
364 64
364 22
364 82
365 27
365 18
365 21
366 215
366 93
366 242
367 2
367 14
367 1
368 200
368 127
368 269
369 199
369 10
369 1
370 115
370 84
370 0
371 153
371 31
371 367
372 5
372 143
372 21
373 7
373 263
373 9
374 119
374 66
374 30
375 21
375 13
375 301
376 7
376 52
376 2
377 31
377 372
377 352
378 7
378 6
378 375
379 109
379 1
379 138
380 8
380 200
380 188
381 91
381 15
381 105
382 50
382 65
382 323
383 37
383 85
383 30
384 190
384 74
384 1
385 130
385 152
385 62
386 1
386 357
386 152
387 21
387 166
387 38
388 63
388 58
388 18
389 61
389 135
389 204
390 105
390 48
390 152
391 131
391 373
391 5
392 250
392 113
392 335
393 158
393 1
393 243
394 25
394 74
394 196
395 17
395 53
395 39
396 113
396 133
396 115
397 24
397 1
397 126
398 78
398 0
398 33
399 39
399 103
399 74
400 148
400 352
400 26
401 386
401 2
401 383
402 14
402 291
402 369
403 22
403 217
403 60
404 22
404 359
404 126
405 308
405 310
405 369
406 196
406 179
406 242
407 97
407 10
407 74
408 213
408 45
408 398
409 108
409 149
409 73
410 52
410 260
410 146
411 165
411 52
411 242
412 398
412 131
412 17
413 183
413 51
413 120
414 22
414 59
414 249
415 2
415 390
415 0
416 14
416 99
416 7
417 146
417 165
417 22
418 94
418 262
418 413
419 47
419 0
419 359
420 163
420 302
420 258
421 96
421 64
421 295
422 8
422 48
422 309
423 1
423 58
423 402
424 34
424 259
424 5
425 313
425 167
425 33
426 374
426 1
426 322
427 16
427 201
427 2
428 13
428 386
428 259
429 64
429 199
429 206
430 369
430 27
430 2
431 144
431 16
431 24
432 2
432 225
432 22
433 293
433 20
433 11
434 368
434 33
434 248
435 20
435 18
435 7
436 399
436 130
436 9
437 176
437 51
437 309
438 84
438 215
438 192
439 2
439 17
439 165
440 0
440 246
440 432
441 206
441 61
441 258
442 31
442 307
442 79
443 31
443 200
443 4
444 26
444 416
444 369
445 144
445 20
445 413
446 3
446 95
446 124
447 371
447 3
447 2
448 376
448 164
448 419
449 69
449 247
449 175
450 415
450 412
450 151
451 70
451 219
451 67
452 53
452 20
452 28
453 115
453 102
453 78
454 7
454 196
454 8
455 2
455 143
455 240
456 44
456 47
456 8
457 260
457 126
457 251
458 0
458 20
458 14
459 7
459 158
459 276
460 115
460 29
460 332
461 223
461 92
461 455
462 275
462 188
462 101
463 278
463 50
463 139
464 123
464 126
464 22
465 452
465 153
465 409
466 1
466 56
466 318
467 103
467 58
467 32
468 4
468 270
468 34
469 205
469 207
469 52
470 134
470 65
470 188
471 325
471 3
471 36
472 219
472 187
472 367
473 2
473 115
473 222
474 181
474 451
474 243
475 2
475 5
475 66
476 194
476 2
476 436
477 5
477 16
477 17
478 38
478 208
478 13
479 1
479 328
479 141
480 398
480 405
480 270
481 8
481 101
481 192
482 10
482 28
482 417
483 96
483 44
483 116
484 368
484 240
484 402
485 148
485 8
485 243
486 2
486 20
486 31
487 391
487 460
487 3
488 435
488 184
488 479
489 3
489 143
489 27
490 445
490 44
490 22
491 180
491 306
491 255
492 291
492 17
492 133
493 9
493 67
493 202
494 85
494 86
494 174
495 362
495 409
495 316
496 50
496 264
496 3
497 464
497 265
497 407
498 181
498 115
498 471
499 2
499 467
499 103
