0 1
1 0
2 1
2 0
3 2
3 0
3 1
4 1
4 0
4 3
5 0
5 4
5 2
6 4
6 3
6 0
7 3
7 4
7 2
8 7
8 6
8 3
9 1
9 3
9 0
10 8
10 3
10 0
11 3
11 4
11 2
12 7
12 3
12 10
13 6
13 2
13 4
14 0
14 11
14 10
15 5
15 1
15 6
16 6
16 2
16 10
17 10
17 3
17 5
18 5
18 14
18 0
19 5
19 8
19 4
20 16
20 5
20 0
21 2
21 0
21 5
22 15
22 11
22 13
23 14
23 0
23 5
24 22
24 19
24 14
25 8
25 0
25 11
26 1
26 24
26 10
27 18
27 14
27 8
28 20
28 19
28 15
29 2
29 7
29 0
30 4
30 8
30 26
31 10
31 26
31 8
32 22
32 9
32 10
33 5
33 32
33 8
34 20
34 3
34 27
35 21
35 0
35 2
36 10
36 2
36 32
37 29
37 6
37 32
38 0
38 13
38 1
39 0
39 35
39 30
40 9
40 28
40 21
41 22
41 32
41 1
42 5
42 29
42 32
43 14
43 21
43 33
44 19
44 0
44 5
45 3
45 8
45 9
46 11
46 4
46 22
47 10
47 20
47 6
48 22
48 44
48 1
49 4
49 24
49 11
