0 1
0 2
1 0
1 2
2 1
2 0
3 2
3 1
3 0
4 0
4 2
4 1
5 1
5 0
5 3
6 1
6 2
6 0
7 2
7 6
7 4
8 0
8 2
8 3
9 7
9 6
9 2
10 3
10 6
10 4
11 3
11 10
11 0
12 2
12 7
12 10
13 2
13 12
13 3
14 9
14 3
14 2
15 3
15 0
15 12
16 14
16 0
16 6
17 1
17 7
17 4
18 3
18 6
18 15
19 0
19 6
19 15
20 1
20 2
20 9
21 7
21 9
21 17
22 15
22 7
22 1
23 3
23 21
23 4
24 2
24 7
24 4
25 24
25 18
25 3
26 6
26 3
26 2
27 6
27 0
27 1
28 0
28 3
28 14
29 7
29 1
29 2
30 12
30 4
30 6
31 4
31 23
31 12
32 2
32 14
32 3
33 22
33 6
33 21
34 1
34 11
34 9
35 30
35 28
35 3
36 4
36 0
36 35
37 29
37 16
37 3
38 11
38 2
38 0
39 0
39 2
39 38
40 27
40 16
40 6
41 20
41 24
41 6
42 30
42 21
42 0
43 4
43 23
43 25
44 13
44 15
44 28
45 12
45 38
45 41
46 2
46 15
46 10
47 23
47 6
47 25
48 5
48 3
48 0
49 7
49 2
49 40
50 27
50 16
50 4
51 17
51 1
51 46
52 25
52 27
52 49
53 4
53 52
53 15
54 3
54 13
54 6
55 2
55 11
55 17
56 23
56 41
56 3
57 6
57 9
57 50
58 1
58 20
58 27
59 24
59 57
59 48
60 31
60 16
60 37
61 36
61 32
61 15
62 50
62 21
62 3
63 1
63 0
63 17
64 4
64 29
64 2
65 38
65 27
65 30
66 3
66 38
66 2
67 49
67 48
67 31
68 6
68 1
68 25
69 16
69 62
69 4
70 57
70 60
70 33
71 60
71 11
71 3
72 37
72 32
72 1
73 56
73 18
73 58
74 10
74 2
74 1
75 2
75 6
75 4
76 19
76 75
76 27
77 11
77 35
77 16
78 22
78 63
78 28
79 32
79 0
79 34
80 2
80 63
80 14
81 3
81 77
81 27
82 1
82 5
82 0
83 10
83 27
83 37
84 36
84 19
84 63
85 54
85 2
85 69
86 61
86 30
86 53
87 13
87 12
87 67
88 2
88 7
88 4
89 4
89 61
89 69
90 4
90 27
90 75
91 28
91 57
91 32
92 82
92 8
92 68
93 1
93 84
93 62
94 70
94 63
94 5
95 77
95 15
95 1
96 3
96 6
96 30
97 2
97 63
97 27
98 52
98 87
98 96
99 2
99 53
99 6
100 68
100 4
100 62
101 12
101 1
101 4
102 37
102 61
102 69
103 32
103 36
103 1
104 4
104 36
104 85
105 104
105 38
105 4
106 57
106 76
106 19
107 97
107 2
107 20
108 4
108 0
108 33
109 97
109 38
109 24
110 3
110 7
110 2
111 23
111 66
111 52
112 0
112 4
112 7
113 80
113 3
113 60
114 0
114 33
114 50
115 2
115 4
115 15
116 1
116 41
116 3
117 1
117 62
117 0
118 20
118 27
118 0
119 20
119 1
119 4
120 67
120 7
120 0
121 4
121 23
121 79
122 63
122 73
122 4
123 13
123 9
123 7
124 50
124 6
124 4
125 13
125 30
125 2
126 66
126 42
126 47
127 84
127 1
127 100
128 102
128 56
128 15
129 25
129 33
129 83
130 72
130 91
130 53
131 79
131 1
131 4
132 66
132 0
132 82
133 1
133 2
133 3
134 55
134 97
134 53
135 49
135 27
135 38
136 90
136 81
136 4
137 23
137 71
137 4
138 19
138 63
138 66
139 58
139 106
139 87
140 49
140 3
140 4
141 30
141 29
141 60
142 59
142 135
142 75
143 63
143 2
143 15
144 2
144 36
144 15
145 87
145 86
145 121
146 1
146 45
146 27
147 2
147 50
147 87
148 14
148 85
148 15
149 3
149 42
149 15
150 20
150 49
150 45
151 53
151 23
151 96
152 2
152 41
152 15
153 18
153 151
153 25
154 52
154 3
154 1
155 5
155 59
155 95
156 76
156 12
156 28
157 43
157 126
157 0
158 157
158 1
158 7
159 26
159 45
159 23
160 2
160 6
160 157
161 153
161 21
161 34
162 18
162 0
162 53
163 37
163 64
163 99
164 1
164 104
164 24
165 35
165 11
165 135
166 114
166 1
166 6
167 48
167 17
167 103
168 160
168 129
168 12
169 2
169 81
169 61
170 5
170 4
170 6
171 27
171 2
171 46
172 112
172 5
172 15
173 168
173 48
173 73
174 13
174 10
174 102
175 60
175 4
175 138
176 15
176 59
176 172
177 88
177 68
177 36
178 162
178 55
178 11
179 19
179 92
179 132
180 34
180 100
180 112
181 4
181 3
181 1
182 130
182 44
182 16
183 4
183 180
183 17
184 117
184 0
184 83
185 24
185 46
185 108
186 4
186 130
186 15
187 99
187 132
187 97
188 15
188 7
188 35
189 34
189 16
189 7
190 6
190 61
190 12
191 107
191 12
191 179
192 24
192 104
192 166
193 27
193 38
193 186
194 24
194 40
194 59
195 35
195 15
195 92
196 12
196 3
196 61
197 61
197 1
197 144
198 38
198 124
198 0
199 29
199 16
199 17
200 144
200 87
200 123
201 1
201 164
201 118
202 72
202 0
202 8
203 1
203 163
203 11
204 166
204 151
204 20
205 80
205 151
205 9
206 52
206 36
206 25
207 49
207 138
207 96
208 32
208 0
208 9
209 4
209 174
209 55
210 114
210 146
210 58
211 172
211 94
211 1
212 49
212 15
212 53
213 65
213 60
213 36
214 154
214 160
214 50
215 156
215 130
215 191
216 34
216 76
216 209
217 61
217 23
217 7
218 71
218 7
218 0
219 91
219 87
219 3
220 140
220 52
220 68
221 0
221 7
221 61
222 16
222 66
222 3
223 14
223 90
223 114
224 0
224 7
224 1
225 197
225 4
225 53
226 156
226 212
226 175
227 103
227 27
227 16
228 0
228 2
228 1
229 114
229 62
229 19
230 11
230 87
230 47
231 38
231 173
231 104
232 11
232 138
232 155
233 78
233 1
233 57
234 35
234 3
234 76
235 8
235 1
235 5
236 176
236 11
236 80
237 21
237 17
237 4
238 102
238 49
238 237
239 113
239 1
239 192
240 24
240 220
240 200
241 106
241 161
241 11
242 9
242 1
242 69
243 165
243 7
243 12
244 0
244 31
244 7
245 1
245 7
245 20
246 218
246 176
246 153
247 77
247 235
247 18
248 53
248 63
248 96
249 203
249 153
249 130
250 34
250 16
250 188
251 19
251 9
251 27
252 87
252 80
252 138
253 87
253 60
253 187
254 117
254 1
254 57
255 71
255 0
255 2
256 80
256 196
256 235
257 167
257 17
257 188
258 60
258 175
258 2
259 258
259 75
259 164
260 57
260 143
260 100
261 0
261 107
261 92
262 257
262 142
262 7
263 181
263 63
263 111
264 192
264 143
264 37
265 1
265 0
265 174
266 1
266 3
266 160
267 112
267 117
267 53
268 64
268 85
268 5
269 35
269 121
269 7
270 35
270 190
270 207
271 63
271 41
271 262
272 0
272 170
272 66
273 156
273 50
273 4
274 130
274 35
274 186
275 0
275 169
275 35
276 198
276 190
276 143
277 179
277 9
277 7
278 12
278 206
278 232
279 264
279 278
279 174
280 4
280 60
280 7
281 96
281 186
281 122
282 2
282 197
282 262
283 44
283 99
283 49
284 2
284 21
284 14
285 28
285 35
285 251
286 25
286 155
286 274
287 138
287 275
287 72
288 7
288 210
288 214
289 18
289 133
289 0
290 2
290 26
290 88
291 52
291 10
291 6
292 8
292 111
292 50
293 19
293 139
293 154
294 241
294 120
294 126
295 116
295 225
295 38
296 7
296 24
296 276
297 45
297 0
297 15
298 272
298 87
298 2
299 70
299 49
299 34
300 25
300 235
300 157
301 1
301 204
301 35
302 30
302 4
302 178
303 212
303 16
303 111
304 92
304 2
304 36
305 15
305 124
305 38
306 66
306 253
306 31
307 4
307 239
307 251
308 1
308 7
308 95
309 109
309 130
309 170
310 23
310 17
310 52
311 3
311 244
311 96
312 260
312 149
312 274
313 37
313 27
313 0
314 104
314 286
314 19
315 123
315 256
315 22
316 252
316 3
316 107
317 34
317 58
317 134
318 76
318 274
318 103
319 23
319 6
319 84
320 47
320 177
320 4
321 0
321 190
321 293
322 175
322 240
322 186
323 23
323 85
323 12
324 220
324 1
324 186
325 92
325 274
325 4
326 1
326 204
326 276
327 58
327 60
327 229
328 93
328 31
328 27
329 7
329 1
329 19
330 20
330 153
330 214
331 85
331 48
331 61
332 280
332 38
332 244
333 59
333 81
333 165
334 92
334 20
334 293
335 306
335 292
335 174
336 1
336 4
336 135
337 51
337 124
337 273
338 13
338 4
338 1
339 0
339 18
339 65
340 36
340 322
340 172
341 12
341 4
341 0
342 0
342 151
342 109
343 17
343 2
343 244
344 6
344 233
344 226
345 0
345 12
345 97
346 4
346 121
346 6
347 252
347 203
347 90
348 7
348 66
348 310
349 233
349 41
349 83
350 65
350 3
350 53
351 147
351 2
351 18
352 197
352 79
352 6
353 132
353 223
353 24
354 78
354 317
354 71
355 264
355 85
355 4
356 179
356 149
356 61
357 1
357 0
357 299
358 264
358 232
358 119
359 48
359 13
359 36
360 42
360 46
360 286
361 159
361 268
361 71
362 24
362 56
362 66
363 356
363 293
363 0
364 225
364 201
364 11
365 1
365 110
365 8
366 23
366 11
366 269
367 233
367 353
367 4
368 8
368 31
368 151
369 26
369 71
369 206
370 74
370 11
370 38
371 54
371 7
371 338
372 322
372 260
372 111
373 13
373 9
373 3
374 6
374 276
374 1
375 372
375 6
375 68
376 374
376 166
376 276
377 298
377 141
377 193
378 69
378 60
378 202
379 29
379 67
379 244
380 328
380 300
380 282
381 203
381 265
381 133
382 38
382 4
382 22
383 262
383 170
383 20
384 1
384 338
384 220
385 25
385 216
385 139
386 269
386 232
386 4
387 372
387 112
387 170
388 2
388 288
388 374
389 3
389 96
389 214
390 162
390 10
390 211
391 375
391 7
391 0
392 49
392 0
392 285
393 41
393 69
393 254
394 7
394 147
394 168
395 15
395 83
395 84
396 164
396 53
396 266
397 71
397 1
397 4
398 2
398 341
398 74
399 9
399 79
399 35
400 9
400 341
400 88
401 392
401 231
401 209
402 78
402 66
402 289
403 1
403 369
403 148
404 66
404 282
404 142
405 30
405 219
405 0
406 18
406 7
406 105
407 92
407 230
407 345
408 0
408 132
408 95
409 271
409 103
409 4
410 216
410 8
410 47
411 147
411 242
411 130
412 93
412 271
412 126
413 380
413 104
413 225
414 96
414 158
414 358
415 329
415 96
415 2
416 4
416 307
416 342
417 209
417 5
417 27
418 108
418 6
418 63
419 126
419 306
419 4
420 45
420 68
420 6
421 87
421 135
421 78
422 264
422 52
422 14
423 229
423 0
423 188
424 201
424 369
424 23
425 379
425 21
425 1
426 111
426 0
426 197
427 6
427 138
427 62
428 350
428 100
428 143
429 96
429 62
429 31
430 343
430 156
430 27
431 383
431 15
431 4
432 257
432 225
432 202
433 211
433 108
433 276
434 0
434 312
434 121
435 0
435 138
435 85
436 252
436 224
436 105
437 250
437 406
437 0
438 111
438 6
438 10
439 6
439 251
439 184
440 3
440 349
440 318
441 18
441 6
441 36
442 66
442 178
442 166
443 383
443 10
443 17
444 0
444 2
444 412
445 203
445 256
445 11
446 176
446 192
446 25
447 10
447 83
447 104
448 89
448 27
448 7
449 132
449 90
449 389
450 345
450 168
450 12
451 188
451 20
451 84
452 45
452 26
452 7
453 311
453 2
453 335
454 191
454 324
454 405
455 209
455 396
455 284
456 77
456 11
456 24
457 144
457 322
457 51
458 342
458 175
458 27
459 446
459 2
459 0
460 151
460 211
460 24
461 30
461 6
461 42
462 7
462 1
462 123
463 72
463 262
463 18
464 64
464 22
464 239
465 38
465 25
465 11
466 4
466 1
466 24
467 428
467 61
467 2
468 9
468 102
468 73
469 2
469 412
469 416
470 105
470 38
470 35
471 406
471 88
471 302
472 27
472 45
472 329
473 31
473 96
473 129
474 142
474 262
474 97
475 1
475 102
475 261
476 15
476 192
476 283
477 114
477 85
477 289
478 104
478 138
478 161
479 2
479 242
479 300
480 59
480 53
480 331
481 312
481 44
481 96
482 273
482 188
482 252
483 284
483 24
483 70
484 20
484 475
484 410
485 1
485 79
485 254
486 156
486 21
486 65
487 112
487 406
487 83
488 35
488 150
488 63
489 92
489 464
489 30
490 9
490 15
490 472
491 161
491 38
491 277
492 66
492 102
492 23
493 61
493 428
493 129
494 7
494 10
494 244
495 53
495 236
495 437
496 370
496 2
496 415
497 130
497 3
497 424
498 468
498 52
498 142
499 379
499 153
499 64
500 364
500 4
500 271
501 89
501 191
501 208
502 169
502 245
502 345
503 479
503 18
503 51
504 40
504 38
504 382
505 262
505 41
505 264
506 398
506 381
506 8
507 461
507 6
507 59
508 0
508 75
508 124
509 2
509 71
509 143
510 4
510 78
510 462
511 1
511 478
511 56
512 133
512 488
512 0
513 337
513 35
513 156
514 134
514 245
514 90
515 342
515 175
515 3
516 89
516 59
516 0
517 116
517 20
517 147
518 82
518 460
518 29
519 28
519 128
519 144
520 183
520 38
520 3
521 27
521 61
521 197
522 195
522 53
522 1
523 6
523 123
523 142
524 3
524 83
524 139
525 15
525 249
525 347
526 170
526 193
526 1
527 57
527 232
527 63
528 6
528 412
528 32
529 91
529 3
529 410
530 196
530 24
530 516
531 89
531 6
531 4
532 260
532 255
532 18
533 41
533 30
533 16
534 478
534 134
534 4
535 23
535 239
535 367
536 427
536 129
536 356
537 484
537 19
537 4
538 63
538 299
538 118
539 188
539 27
539 6
540 500
540 165
540 184
541 99
541 327
541 53
542 244
542 1
542 4
543 36
543 42
543 397
544 47
544 458
544 287
545 399
545 168
545 61
546 163
546 4
546 160
547 369
547 7
547 2
548 152
548 0
548 190
549 45
549 291
549 87
550 503
550 61
550 214
551 322
551 77
551 124
552 329
552 509
552 311
553 10
553 344
553 182
554 144
554 338
554 76
555 46
555 27
555 78
556 149
556 268
556 155
557 13
557 1
557 33
558 114
558 0
558 26
559 9
559 285
559 515
560 193
560 176
560 133
561 124
561 1
561 549
562 100
562 3
562 322
563 300
563 66
563 387
564 201
564 265
564 263
565 21
565 197
565 5
566 553
566 11
566 238
567 309
567 45
567 111
568 541
568 2
568 415
569 187
569 456
569 0
570 5
570 7
570 3
571 52
571 340
571 12
572 47
572 36
572 257
573 7
573 18
573 63
574 264
574 287
574 2
575 15
575 6
575 429
576 265
576 517
576 1
577 5
577 102
577 204
578 65
578 259
578 517
579 383
579 41
579 248
580 134
580 419
580 44
581 511
581 93
581 20
582 87
582 418
582 438
583 169
583 0
583 32
584 170
584 153
584 187
585 279
585 331
585 30
586 381
586 157
586 290
587 352
587 439
587 70
588 97
588 19
588 15
589 87
589 16
589 9
590 72
590 476
590 441
591 61
591 8
591 561
592 23
592 470
592 7
593 262
593 461
593 464
594 504
594 66
594 89
595 31
595 41
595 68
596 464
596 90
596 202
597 458
597 32
597 1
598 138
598 71
598 111
599 227
599 488
599 1
600 21
600 285
600 4
601 0
601 372
601 21
602 186
602 487
602 266
603 374
603 18
603 411
604 244
604 1
604 92
605 1
605 539
605 130
606 45
606 132
606 7
607 179
607 239
607 605
608 31
608 160
608 583
609 7
609 3
609 232
610 1
610 13
610 468
611 455
611 209
611 256
612 576
612 2
612 235
613 345
613 252
613 175
614 170
614 30
614 22
615 10
615 50
615 599
616 484
616 341
616 6
617 69
617 188
617 492
618 105
618 34
618 417
619 1
619 238
619 511
620 335
620 2
620 4
621 132
621 133
621 541
622 16
622 591
622 7
623 553
623 132
623 394
624 578
624 69
624 139
625 345
625 209
625 0
626 2
626 396
626 45
627 61
627 3
627 73
628 3
628 383
628 1
629 600
629 478
629 1
630 53
630 8
630 232
631 109
631 274
631 7
632 116
632 6
632 125
633 428
633 616
633 11
634 312
634 363
634 1
635 74
635 215
635 264
636 450
636 2
636 532
637 512
637 36
637 116
638 36
638 67
638 379
639 57
639 428
639 241
640 190
640 170
640 341
641 378
641 504
641 604
642 387
642 35
642 76
643 112
643 175
643 208
644 87
644 575
644 265
645 119
645 156
645 271
646 432
646 2
646 329
647 0
647 350
647 4
648 2
648 80
648 287
649 428
649 3
649 238
650 182
650 41
650 516
651 574
651 60
651 389
652 29
652 600
652 88
653 305
653 208
653 619
654 14
654 0
654 38
655 381
655 14
655 419
656 113
656 478
656 346
657 305
657 10
657 591
658 638
658 285
658 491
659 7
659 619
659 415
660 109
660 202
660 75
661 170
661 30
661 636
662 635
662 1
662 134
663 445
663 313
663 496
664 253
664 331
664 2
665 418
665 6
665 335
666 7
666 95
666 27
667 503
667 432
667 557
668 72
668 491
668 313
669 422
669 27
669 106
670 203
670 96
670 209
671 515
671 5
671 279
672 176
672 299
672 231
673 444
673 508
673 4
674 187
674 107
674 4
675 3
675 427
675 559
676 142
676 13
676 78
677 50
677 42
677 7
678 172
678 2
678 7
679 33
679 240
679 310
680 251
680 420
680 2
681 25
681 250
681 625
682 79
682 557
682 50
683 258
683 507
683 412
684 7
684 322
684 433
685 1
685 114
685 105
686 2
686 12
686 0
687 492
687 458
687 70
688 16
688 34
688 551
689 403
689 0
689 1
690 200
690 542
690 462
691 383
691 379
691 672
692 103
692 2
692 1
693 338
693 311
693 442
694 95
694 212
694 105
695 29
695 10
695 112
696 592
696 569
696 61
697 540
697 1
697 35
698 459
698 75
698 615
699 382
699 320
699 132
700 31
700 216
700 1
701 4
701 276
701 309
702 13
702 374
702 0
703 102
703 203
703 137
704 413
704 2
704 541
705 100
705 4
705 0
706 0
706 97
706 365
707 10
707 636
707 695
708 24
708 465
708 204
709 142
709 27
709 471
710 247
710 387
710 335
711 4
711 69
711 246
712 410
712 425
712 308
713 110
713 651
713 479
714 291
714 38
714 4
715 15
715 7
715 287
716 27
716 23
716 31
717 179
717 181
717 132
718 1
718 71
718 707
719 439
719 53
719 142
720 662
720 315
720 350
721 187
721 327
721 403
722 248
722 390
722 18
723 707
723 184
723 1
724 53
724 343
724 545
725 578
725 10
725 505
726 115
726 390
726 408
727 353
727 703
727 88
728 151
728 4
728 429
729 484
729 169
729 235
730 458
730 36
730 212
731 11
731 136
731 138
732 136
732 14
732 133
733 720
733 34
733 35
734 13
734 58
734 92
735 728
735 2
735 601
736 26
736 37
736 10
737 536
737 379
737 77
738 617
738 619
738 35
739 13
739 87
739 175
740 237
740 419
740 331
741 369
741 661
741 53
742 128
742 73
742 540
743 175
743 459
743 180
744 445
744 180
744 87
745 3
745 247
745 439
746 683
746 443
746 15
747 3
747 501
747 13
748 490
748 396
748 27
749 126
749 741
749 76
750 1
750 4
750 2
751 21
751 287
751 162
752 36
752 747
752 2
753 0
753 723
753 179
754 2
754 1
754 58
755 1
755 309
755 138
756 113
756 69
756 264
757 720
757 15
757 654
758 203
758 750
758 69
759 85
759 65
759 445
760 169
760 353
760 203
761 135
761 11
761 405
762 498
762 633
762 4
763 224
763 646
763 2
764 541
764 127
764 25
765 142
765 729
765 290
766 197
766 502
766 7
767 7
767 77
767 517
768 23
768 169
768 530
769 45
769 44
769 3
770 661
770 581
770 72
771 724
771 353
771 696
772 1
772 4
772 301
773 27
773 521
773 586
774 179
774 374
774 7
775 423
775 2
775 9
776 678
776 687
776 0
777 2
777 3
777 1
778 10
778 3
778 245
779 719
779 35
779 512
780 761
780 359
780 66
781 7
781 64
781 5
782 145
782 2
782 30
783 617
783 88
783 425
784 111
784 59
784 30
785 23
785 375
785 2
786 119
786 12
786 263
787 56
787 696
787 378
788 37
788 242
788 2
789 60
789 394
789 419
790 350
790 30
790 274
791 168
791 551
791 135
792 178
792 14
792 57
793 318
793 321
793 195
794 417
794 657
794 38
795 761
795 790
795 502
796 111
796 651
796 67
797 307
797 75
797 15
798 599
798 21
798 41
799 260
799 246
799 503
800 577
800 69
800 33
801 192
801 717
801 240
802 0
802 406
802 52
803 188
803 560
803 54
804 4
804 20
804 180
805 6
805 433
805 360
806 635
806 170
806 687
807 159
807 390
807 685
808 713
808 311
808 602
809 87
809 203
809 37
810 512
810 26
810 531
811 1
811 545
811 308
812 34
812 512
812 297
813 272
813 686
813 220
814 567
814 0
814 379
815 502
815 11
815 697
816 36
816 153
816 592
817 107
817 249
817 500
818 187
818 198
818 12
819 4
819 159
819 27
820 2
820 18
820 464
821 16
821 739
821 179
822 148
822 65
822 111
823 724
823 55
823 61
824 12
824 0
824 716
825 139
825 275
825 213
826 1
826 545
826 335
827 290
827 515
827 541
828 243
828 7
828 335
829 270
829 761
829 130
830 52
830 225
830 197
831 148
831 668
831 628
832 2
832 0
832 331
833 43
833 308
833 536
834 263
834 29
834 411
835 586
835 754
835 170
836 23
836 392
836 11
837 473
837 144
837 307
838 388
838 253
838 1
839 452
839 502
839 24
840 484
840 342
840 157
841 772
841 43
841 8
842 84
842 411
842 24
843 24
843 379
843 465
844 374
844 2
844 151
845 2
845 589
845 4
846 146
846 532
846 151
847 441
847 96
847 132
848 166
848 425
848 6
849 82
849 60
849 1
850 504
850 70
850 586
851 813
851 430
851 779
852 762
852 9
852 718
853 40
853 426
853 512
854 140
854 762
854 79
855 648
855 369
855 156
856 135
856 91
856 41
857 4
857 6
857 96
858 387
858 2
858 69
859 36
859 2
859 206
860 177
860 142
860 469
861 592
861 11
861 478
862 19
862 803
862 27
863 427
863 58
863 130
864 163
864 529
864 601
865 85
865 657
865 91
866 211
866 116
866 53
867 3
867 211
867 52
868 92
868 127
868 86
869 832
869 251
869 7
870 772
870 322
870 693
871 109
871 471
871 274
872 265
872 305
872 539
873 17
873 1
873 4
874 66
874 859
874 4
875 105
875 86
875 719
876 124
876 6
876 374
877 3
877 0
877 80
878 203
878 156
878 41
879 461
879 193
879 46
880 750
880 31
880 35
881 342
881 857
881 95
882 838
882 69
882 333
883 23
883 0
883 8
884 6
884 36
884 630
885 30
885 138
885 204
886 4
886 112
886 350
887 762
887 69
887 121
888 870
888 652
888 369
889 16
889 359
889 132
890 107
890 2
890 25
891 786
891 392
891 232
892 10
892 443
892 262
893 202
893 2
893 695
894 410
894 426
894 427
895 245
895 541
895 2
896 430
896 399
896 160
897 527
897 367
897 76
898 123
898 73
898 20
899 2
899 145
899 875
900 21
900 509
900 13
901 240
901 49
901 821
902 6
902 374
902 7
903 110
903 89
903 57
904 236
904 239
904 66
905 15
905 706
905 38
906 7
906 32
906 211
907 4
907 201
907 95
908 852
908 563
908 104
909 846
909 516
909 815
910 603
910 24
910 455
911 61
911 776
911 41
912 67
912 538
912 355
913 79
913 155
913 25
914 826
914 729
914 202
915 523
915 585
915 765
916 1
916 23
916 235
917 133
917 425
917 2
918 428
918 427
918 364
919 303
919 4
919 368
920 852
920 3
920 435
921 34
921 394
921 323
922 97
922 607
922 478
923 402
923 83
923 357
924 83
924 112
924 594
925 857
925 15
925 38
926 381
926 77
926 268
927 924
927 24
927 660
928 545
928 580
928 794
929 768
929 50
929 17
930 1
930 121
930 887
931 0
931 821
931 2
932 132
932 278
932 484
933 116
933 90
933 11
934 665
934 65
934 565
935 9
935 305
935 696
936 72
936 15
936 27
937 89
937 716
937 268
938 112
938 592
938 56
939 246
939 929
939 325
940 409
940 187
940 307
941 237
941 52
941 63
942 65
942 746
942 10
943 410
943 180
943 688
944 667
944 2
944 350
945 42
945 310
945 22
946 561
946 912
946 515
947 410
947 250
947 238
948 398
948 18
948 693
949 18
949 52
949 354
950 130
950 35
950 248
951 3
951 861
951 75
952 123
952 267
952 402
953 257
953 246
953 497
954 651
954 677
954 517
955 750
955 61
955 789
956 96
956 27
956 238
957 71
957 19
957 479
958 652
958 691
958 68
959 59
959 76
959 2
960 108
960 913
960 553
961 333
961 266
961 507
962 1
962 775
962 621
963 255
963 633
963 74
964 70
964 761
964 52
965 40
965 135
965 746
966 7
966 31
966 36
967 427
967 115
967 456
968 47
968 153
968 146
969 39
969 138
969 241
970 316
970 93
970 309
971 61
971 869
971 504
972 505
972 604
972 6
973 305
973 758
973 230
974 3
974 545
974 298
975 198
975 305
975 156
976 880
976 38
976 77
977 6
977 15
977 137
978 3
978 15
978 85
979 116
979 186
979 53
980 104
980 44
980 77
981 256
981 929
981 661
982 887
982 691
982 915
983 13
983 802
983 803
984 7
984 762
984 44
985 591
985 589
985 570
986 65
986 946
986 888
987 1
987 4
987 470
988 491
988 219
988 510
989 65
989 625
989 526
990 21
990 412
990 836
991 1
991 294
991 91
992 761
992 24
992 758
993 88
993 461
993 80
994 750
994 76
994 346
995 153
995 791
995 423
996 3
996 18
996 6
997 137
997 372
997 153
998 19
998 446
998 140
999 103
999 47
999 54
