0 1
0 2
1 0
1 2
2 0
2 1
3 1
3 2
3 0
4 2
4 0
4 1
5 2
5 0
5 1
6 1
6 0
6 2
7 1
7 6
7 4
8 3
8 1
8 5
9 4
9 1
9 2
10 9
10 5
10 1
11 5
11 10
11 1
12 2
12 1
12 0
13 12
13 0
13 9
14 6
14 0
14 8
15 2
15 1
15 0
16 11
16 8
16 7
17 4
17 1
17 11
18 11
18 2
18 12
19 0
19 1
19 2
20 1
20 2
20 0
21 2
21 7
21 0
22 5
22 2
22 0
23 0
23 15
23 20
24 0
24 6
24 2
25 8
25 14
25 0
26 16
26 2
26 1
27 0
27 25
27 9
28 23
28 0
28 1
29 11
29 0
29 15
30 11
30 27
30 0
31 17
31 6
31 28
32 1
32 0
32 23
33 6
33 25
33 13
34 0
34 24
34 29
35 1
35 4
35 28
36 22
36 0
36 21
37 11
37 0
37 28
38 0
38 2
38 26
39 1
39 2
39 5
40 2
40 33
40 27
41 2
41 11
41 10
42 8
42 23
42 17
43 1
43 5
43 10
44 0
44 38
44 24
45 5
45 27
45 37
46 6
46 5
46 40
47 23
47 11
47 1
48 0
48 27
48 2
49 19
49 28
49 29
