0 1
1 0
2 1
2 0
3 0
3 1
3 2
4 1
4 3
4 0
5 2
5 3
5 0
6 1
6 0
6 5
7 6
7 3
7 4
8 0
8 6
8 2
9 7
9 8
9 3
10 8
10 1
10 6
11 5
11 7
11 0
12 2
12 1
12 0
13 4
13 8
13 3
14 1
14 8
14 12
15 1
15 9
15 0
16 1
16 8
16 2
17 6
17 2
17 16
18 2
18 8
18 16
19 3
19 0
19 15
20 3
20 9
20 16
21 1
21 6
21 11
22 15
22 5
22 2
23 0
23 1
23 9
24 5
24 11
24 6
25 1
25 14
25 7
26 1
26 2
26 11
27 2
27 11
27 6
28 0
28 1
28 5
29 11
29 0
29 5
30 4
30 8
30 13
31 15
31 12
31 1
32 8
32 3
32 5
33 12
33 4
33 8
34 9
34 8
34 32
35 15
35 1
35 30
36 24
36 0
36 8
37 6
37 1
37 8
38 37
38 20
38 8
39 15
39 8
39 2
40 8
40 3
40 11
41 5
41 1
41 8
42 6
42 5
42 1
43 7
43 32
43 3
44 43
44 25
44 31
45 6
45 30
45 16
46 41
46 11
46 1
47 3
47 24
47 9
48 0
48 9
48 5
49 13
49 28
49 2
50 47
50 15
50 31
51 0
51 44
51 30
52 28
52 11
52 9
53 43
53 6
53 2
54 23
54 29
54 4
55 1
55 3
55 9
56 14
56 9
56 7
57 5
57 19
57 11
58 11
58 16
58 10
59 0
59 4
59 45
60 6
60 31
60 1
61 1
61 5
61 59
62 2
62 11
62 13
63 30
63 5
63 0
64 1
64 50
64 28
65 5
65 42
65 8
66 12
66 11
66 28
67 0
67 13
67 6
68 14
68 18
68 23
69 57
69 15
69 11
70 0
70 44
70 29
71 6
71 22
71 31
72 8
72 14
72 3
73 1
73 19
73 28
74 0
74 11
74 7
75 27
75 9
75 0
76 8
76 42
76 16
77 44
77 75
77 59
78 40
78 56
78 29
79 20
79 9
79 5
80 11
80 4
80 16
81 18
81 9
81 28
82 42
82 1
82 60
83 0
83 12
83 31
84 11
84 9
84 8
85 0
85 1
85 2
86 5
86 16
86 12
87 6
87 31
87 7
88 24
88 2
88 32
89 4
89 0
89 2
90 28
90 8
90 26
91 3
91 4
91 35
92 23
92 86
92 32
93 28
93 59
93 3
94 57
94 20
94 11
95 43
95 23
95 1
96 8
96 0
96 5
97 7
97 31
97 23
98 55
98 12
98 52
99 22
99 15
99 0
100 82
100 62
100 28
101 69
101 14
101 15
102 3
102 40
102 95
103 8
103 30
103 75
104 31
104 15
104 2
105 46
105 0
105 53
106 82
106 18
106 2
107 34
107 43
107 47
108 6
108 2
108 43
109 47
109 4
109 6
110 75
110 81
110 68
111 69
111 24
111 0
112 59
112 81
112 4
113 9
113 0
113 79
114 77
114 73
114 41
115 25
115 45
115 2
116 21
116 8
116 1
117 69
117 2
117 43
118 22
118 30
118 70
119 55
119 56
119 6
120 24
120 13
120 105
121 82
121 110
121 23
122 0
122 15
122 8
123 86
123 104
123 15
124 0
124 74
124 9
125 85
125 0
125 90
126 24
126 27
126 69
127 20
127 74
127 2
128 47
128 72
128 16
129 68
129 52
129 32
130 9
130 28
130 2
131 15
131 86
131 9
132 28
132 22
132 30
133 2
133 55
133 23
134 2
134 8
134 93
135 0
135 5
135 44
136 11
136 117
136 1
137 3
137 102
137 1
138 121
138 40
138 11
139 25
139 133
139 74
140 40
140 15
140 0
141 1
141 4
141 3
142 62
142 30
142 44
143 69
143 4
143 141
144 12
144 116
144 1
145 13
145 9
145 123
146 15
146 46
146 55
147 55
147 103
147 139
148 9
148 82
148 86
149 9
149 3
149 0
150 65
150 29
150 82
151 30
151 89
151 14
152 39
152 5
152 112
153 8
153 65
153 104
154 29
154 69
154 11
155 112
155 15
155 135
156 2
156 0
156 11
157 10
157 69
157 9
158 9
158 128
158 87
159 83
159 9
159 122
160 34
160 151
160 86
161 157
161 41
161 59
162 9
162 19
162 144
163 35
163 1
163 43
164 1
164 60
164 59
165 3
165 6
165 52
166 33
166 9
166 95
167 150
167 16
167 4
168 153
168 157
168 8
169 12
169 7
169 121
170 106
170 68
170 38
171 23
171 1
171 149
172 33
172 63
172 7
173 38
173 5
173 142
174 39
174 55
174 9
175 1
175 88
175 20
176 3
176 14
176 8
177 146
177 133
177 11
178 18
178 77
178 0
179 20
179 134
179 22
180 8
180 16
180 112
181 15
181 5
181 72
182 14
182 15
182 105
183 128
183 39
183 118
184 112
184 57
184 143
185 31
185 95
185 34
186 115
186 105
186 168
187 15
187 83
187 30
188 14
188 10
188 82
189 50
189 170
189 30
190 2
190 11
190 102
191 3
191 20
191 15
192 8
192 83
192 74
193 181
193 145
193 96
194 175
194 128
194 15
195 40
195 0
195 121
196 77
196 155
196 26
197 68
197 158
197 6
198 118
198 9
198 59
199 194
199 2
199 108
200 1
200 59
200 3
201 21
201 3
201 74
202 105
202 186
202 45
203 39
203 128
203 62
204 14
204 59
204 83
205 171
205 187
205 174
206 1
206 184
206 20
207 139
207 50
207 11
208 3
208 142
208 156
209 0
209 74
209 129
210 0
210 209
210 183
211 99
211 193
211 206
212 42
212 55
212 175
213 121
213 196
213 9
214 103
214 212
214 77
215 15
215 14
215 34
216 2
216 211
216 162
217 17
217 139
217 121
218 85
218 114
218 113
219 121
219 138
219 9
220 2
220 139
220 33
221 138
221 210
221 23
222 3
222 0
222 201
223 56
223 1
223 18
224 29
224 15
224 51
225 88
225 163
225 14
226 102
226 39
226 32
227 15
227 119
227 174
228 15
228 214
228 5
229 30
229 142
229 105
230 91
230 29
230 84
231 3
231 93
231 9
232 76
232 150
232 7
233 15
233 77
233 8
234 23
234 42
234 61
235 171
235 146
235 11
236 184
236 26
236 83
237 101
237 5
237 15
238 18
238 142
238 181
239 152
239 82
239 25
240 5
240 153
240 39
241 74
241 180
241 7
242 75
242 70
242 79
243 2
243 76
243 61
244 44
244 52
244 6
245 190
245 3
245 6
246 217
246 43
246 28
247 53
247 237
247 9
248 150
248 18
248 8
249 241
249 248
249 112
250 217
250 175
250 11
251 199
251 9
251 212
252 219
252 7
252 209
253 103
253 14
253 126
254 193
254 3
254 34
255 18
255 209
255 39
256 134
256 180
256 237
257 16
257 8
257 153
258 166
258 140
258 38
259 126
259 5
259 23
260 14
260 16
260 6
261 82
261 1
261 236
262 42
262 247
262 1
263 55
263 11
263 212
264 3
264 220
264 206
265 0
265 47
265 45
266 103
266 88
266 113
267 76
267 44
267 123
268 69
268 113
268 164
269 35
269 142
269 28
270 16
270 259
270 41
271 150
271 3
271 137
272 97
272 225
272 111
273 207
273 187
273 34
274 219
274 168
274 24
275 16
275 187
275 57
276 98
276 103
276 15
277 262
277 193
277 7
278 233
278 133
278 29
279 117
279 1
279 4
280 57
280 78
280 173
281 64
281 2
281 13
282 212
282 257
282 11
283 169
283 97
283 272
284 14
284 82
284 43
285 81
285 187
285 112
286 19
286 275
286 1
287 83
287 23
287 263
288 13
288 53
288 109
289 186
289 139
289 113
290 87
290 273
290 54
291 21
291 290
291 174
292 225
292 3
292 105
293 256
293 266
293 11
294 39
294 104
294 77
295 5
295 107
295 183
296 8
296 187
296 112
297 5
297 1
297 16
298 158
298 156
298 9
299 53
299 3
299 43
300 237
300 175
300 128
301 212
301 150
301 213
302 293
302 282
302 95
303 155
303 13
303 273
304 151
304 31
304 69
305 0
305 158
305 7
306 43
306 190
306 54
307 7
307 120
307 123
308 8
308 1
308 7
309 28
309 54
309 295
310 55
310 9
310 37
311 156
311 76
311 109
312 54
312 186
312 1
313 22
313 45
313 116
314 161
314 16
314 309
315 68
315 286
315 297
316 151
316 71
316 2
317 206
317 64
317 166
318 142
318 107
318 306
319 150
319 159
319 29
320 103
320 133
320 261
321 309
321 13
321 32
322 174
322 62
322 269
323 112
323 24
323 293
324 190
324 240
324 230
325 140
325 108
325 59
326 8
326 39
326 121
327 101
327 227
327 129
328 12
328 30
328 247
329 303
329 56
329 250
330 1
330 222
330 15
331 34
331 157
331 9
332 101
332 0
332 47
333 168
333 242
333 54
334 1
334 276
334 126
335 210
335 4
335 309
336 45
336 163
336 333
337 178
337 8
337 140
338 101
338 52
338 60
339 14
339 81
339 150
340 13
340 118
340 107
341 301
341 30
341 11
342 2
342 182
342 5
343 4
343 206
343 120
344 74
344 263
344 253
345 297
345 7
345 23
346 193
346 128
346 1
347 169
347 55
347 151
348 164
348 262
348 203
349 1
349 16
349 5
350 90
350 7
350 274
351 56
351 68
351 348
352 62
352 272
352 132
353 0
353 158
353 192
354 0
354 302
354 6
355 58
355 218
355 0
356 69
356 138
356 0
357 28
357 324
357 213
358 68
358 7
358 326
359 110
359 115
359 323
360 199
360 119
360 56
361 181
361 283
361 105
362 5
362 193
362 62
363 2
363 117
363 274
364 105
364 243
364 249
365 188
365 9
365 168
366 166
366 113
366 297
367 363
367 103
367 8
368 60
368 340
368 144
369 150
369 64
369 149
370 55
370 11
370 1
371 157
371 53
371 8
372 2
372 29
372 286
373 13
373 4
373 359
374 233
374 29
374 121
375 45
375 29
375 297
376 188
376 11
376 88
377 47
377 8
377 15
378 150
378 70
378 3
379 130
379 237
379 0
380 127
380 180
380 72
381 5
381 59
381 87
382 169
382 153
382 37
383 9
383 3
383 145
384 1
384 150
384 315
385 277
385 62
385 115
386 264
386 51
386 276
387 241
387 43
387 190
388 0
388 197
388 1
389 186
389 134
389 197
390 23
390 123
390 295
391 119
391 76
391 61
392 246
392 263
392 2
393 386
393 347
393 4
394 160
394 146
394 302
395 378
395 130
395 4
396 5
396 197
396 221
397 168
397 135
397 282
398 351
398 112
398 273
399 14
399 2
399 253
400 367
400 210
400 45
401 194
401 296
401 190
402 37
402 97
402 309
403 9
403 175
403 34
404 338
404 0
404 56
405 35
405 334
405 45
406 95
406 264
406 305
407 20
407 90
407 0
408 31
408 11
408 180
409 14
409 55
409 9
410 5
410 0
410 268
411 356
411 5
411 60
412 299
412 97
412 15
413 356
413 0
413 3
414 311
414 326
414 3
415 163
415 263
415 60
416 2
416 280
416 76
417 15
417 42
417 301
418 0
418 117
418 38
419 153
419 368
419 54
420 22
420 261
420 230
421 8
421 7
421 69
422 240
422 161
422 411
423 5
423 3
423 1
424 2
424 414
424 53
425 315
425 278
425 119
426 99
426 183
426 97
427 386
427 1
427 345
428 197
428 0
428 222
429 407
429 213
429 5
430 54
430 195
430 345
431 101
431 303
431 120
432 109
432 397
432 77
433 236
433 202
433 32
434 74
434 264
434 402
435 409
435 169
435 365
436 88
436 217
436 12
437 217
437 320
437 45
438 112
438 95
438 335
439 349
439 29
439 256
440 38
440 156
440 217
441 59
441 117
441 282
442 8
442 427
442 413
443 56
443 54
443 68
444 200
444 116
444 290
445 70
445 108
445 53
446 278
446 47
446 15
447 400
447 236
447 18
448 60
448 123
448 389
449 1
449 192
449 69
450 449
450 171
450 190
451 54
451 62
451 331
452 435
452 0
452 396
453 8
453 77
453 9
454 15
454 145
454 1
455 406
455 254
455 188
456 4
456 264
456 241
457 0
457 140
457 57
458 7
458 452
458 68
459 322
459 30
459 70
460 5
460 388
460 171
461 321
461 92
461 134
462 14
462 438
462 8
463 0
463 37
463 442
464 5
464 74
464 202
465 317
465 8
465 190
466 102
466 55
466 26
467 344
467 206
467 338
468 152
468 154
468 25
469 112
469 223
469 151
470 439
470 112
470 31
471 365
471 38
471 35
472 387
472 82
472 210
473 107
473 4
473 206
474 76
474 365
474 358
475 19
475 113
475 414
476 420
476 23
476 25
477 5
477 289
477 259
478 469
478 327
478 17
479 76
479 302
479 352
480 222
480 114
480 217
481 95
481 3
481 2
482 143
482 254
482 172
483 31
483 62
483 82
484 146
484 169
484 224
485 481
485 3
485 55
486 147
486 11
486 172
487 193
487 1
487 88
488 247
488 206
488 455
489 173
489 291
489 472
490 259
490 112
490 165
491 116
491 459
491 14
492 54
492 217
492 56
493 452
493 486
493 473
494 52
494 68
494 95
495 15
495 6
495 181
496 149
496 39
496 4
497 5
497 19
497 31
498 224
498 86
498 114
499 126
499 0
499 89
