0 1
0 2
0 3
0 5
0 6
0 16
0 18
0 21
0 26
0 28
0 30
1 0
1 2
1 3
1 4
1 5
1 6
1 7
1 13
1 16
1 17
1 19
2 0
2 1
2 3
2 4
2 8
2 9
2 10
2 14
2 27
2 36
2 39
3 0
3 1
3 2
3 4
3 5
3 6
3 8
3 11
3 14
3 20
3 29
4 1
4 2
4 3
4 7
4 9
4 18
4 20
4 22
4 29
4 32
4 35
5 3
5 0
5 1
5 8
5 9
5 10
5 11
5 15
5 23
5 63
5 89
6 0
6 1
6 3
6 7
6 12
6 17
6 34
6 41
6 47
6 99
6 104
7 4
7 1
7 6
7 11
7 13
7 15
7 19
7 42
7 78
7 123
7 135
8 5
8 2
8 3
8 30
8 38
8 48
8 114
8 115
8 118
8 134
8 162
9 2
9 4
9 5
9 10
9 13
9 22
9 23
9 25
9 59
9 62
9 93
10 5
10 2
10 9
10 12
10 16
10 17
10 34
10 48
10 53
10 115
10 171
11 3
11 7
11 5
11 12
11 21
11 26
11 29
11 34
11 36
11 61
11 65
12 11
12 6
12 10
12 19
12 26
12 46
12 63
12 83
12 177
12 199
12 204
13 9
13 7
13 1
13 14
13 40
13 44
13 67
13 78
13 220
13 264
13 265
14 2
14 13
14 3
14 15
14 21
14 40
14 81
14 87
14 100
14 123
14 131
15 5
15 14
15 7
15 22
15 28
15 38
15 43
15 58
15 59
15 65
15 85
16 1
16 10
16 0
16 18
16 30
16 68
16 90
16 444
16 857
17 6
17 1
17 10
17 24
17 25
17 28
17 38
17 39
17 44
17 45
17 63
18 0
18 4
18 16
18 23
18 24
18 31
18 73
18 86
18 91
18 118
18 125
19 12
19 7
19 1
19 20
19 27
19 58
19 61
19 98
19 103
19 109
19 143
20 19
20 3
20 4
20 37
20 48
20 52
20 86
20 125
20 227
20 241
20 352
21 0
21 14
21 11
21 25
21 33
21 39
21 57
21 70
21 112
21 557
21 783
22 15
22 4
22 9
22 24
22 55
22 104
22 131
22 242
22 336
22 355
22 523
23 5
23 18
23 9
23 33
23 35
23 61
23 67
23 105
23 448
23 457
23 988
24 22
24 18
24 17
24 52
24 101
24 130
24 411
24 477
24 480
24 562
24 607
25 17
25 21
25 9
25 43
25 69
25 79
25 107
25 142
25 158
25 170
25 236
26 12
26 11
26 0
26 27
26 31
26 47
26 49
26 50
26 75
26 80
26 100
27 19
27 26
27 2
27 41
27 52
27 55
27 90
27 105
27 108
27 111
27 139
28 15
28 0
28 17
28 37
28 41
28 45
28 73
28 77
28 138
28 231
28 267
29 11
29 4
29 3
29 216
29 292
29 391
29 463
29 700
30 16
30 0
30 8
30 50
30 56
30 82
30 237
30 280
30 309
30 368
30 553
31 18
31 3
31 26
31 72
31 116
31 129
31 142
31 150
31 186
31 193
31 247
32 1
32 4
32 0
32 69
32 90
32 96
32 107
32 117
32 127
32 133
32 139
33 3
33 21
33 23
33 43
33 62
33 71
33 112
33 134
33 222
33 297
33 387
34 6
34 10
34 11
34 36
34 64
34 88
34 94
34 114
34 122
34 143
34 188
35 3
35 23
35 4
35 62
35 66
35 88
35 144
35 147
35 158
35 198
35 209
36 2
36 11
36 34
36 51
36 85
36 223
36 346
36 415
36 634
36 735
37 1
37 20
37 28
37 114
37 148
37 243
37 308
37 328
37 463
37 519
37 579
38 17
38 8
38 15
38 150
38 211
38 249
38 462
38 806
39 2
39 17
39 21
39 50
39 53
39 54
39 75
39 105
39 146
39 164
39 178
40 3
40 13
40 14
40 87
40 261
40 319
40 367
40 459
40 641
40 747
40 797
41 6
41 27
41 28
41 44
41 54
41 60
41 74
41 97
41 186
41 294
41 323
42 7
42 1
42 3
42 55
42 142
42 226
42 326
42 589
42 686
42 728
42 774
43 15
43 33
43 25
43 56
43 83
43 92
43 137
43 189
43 251
43 372
43 396
44 17
44 13
44 41
44 80
44 234
44 259
44 490
44 542
44 623
44 706
44 931
45 17
45 1
45 28
45 46
45 51
45 65
45 80
45 116
45 131
45 187
45 207
46 45
46 12
46 0
46 64
46 126
46 175
46 348
46 494
46 528
46 552
46 615
47 26
47 2
47 6
47 71
47 84
47 135
47 173
47 402
47 447
47 533
47 559
48 10
48 20
48 8
48 60
48 98
48 103
48 106
48 125
48 149
48 157
48 159
49 26
49 0
49 4
49 57
49 58
49 130
49 252
49 261
49 377
49 410
49 639
50 39
50 26
50 30
50 64
50 186
50 264
50 469
50 541
50 791
50 820
50 977
51 45
51 3
51 36
51 53
51 75
51 76
51 91
51 102
51 103
51 153
51 210
52 24
52 20
52 27
52 69
52 74
52 113
52 126
52 184
52 294
52 350
52 363
53 51
53 39
53 10
53 122
53 241
53 246
53 273
53 295
53 302
53 323
54 3
54 41
54 39
54 86
54 172
54 215
54 282
54 474
54 793
54 921
55 42
55 22
55 27
55 145
55 167
55 181
55 228
55 278
55 322
55 496
55 645
56 43
56 0
56 30
56 59
56 147
56 258
56 263
56 457
56 549
57 21
57 3
57 49
57 76
57 79
57 101
57 175
57 199
57 368
57 829
58 19
58 15
58 49
58 70
58 99
58 126
58 201
58 257
58 286
58 325
58 450
59 56
59 9
59 15
59 72
59 84
59 194
59 295
59 304
59 578
59 769
59 815
60 41
60 4
60 48
60 66
60 74
60 101
60 183
60 195
60 268
60 274
60 283
61 11
61 19
61 23
61 66
61 92
61 94
61 98
61 104
61 110
61 155
61 157
62 33
62 9
62 35
62 68
62 77
62 87
62 93
62 99
62 129
62 132
62 190
63 12
63 17
63 5
63 70
63 81
63 91
63 124
63 140
63 174
63 216
63 247
64 46
64 50
64 34
64 72
64 82
64 172
64 342
64 367
64 614
64 670
64 866
65 11
65 45
65 15
65 113
65 145
65 178
65 208
65 262
65 330
65 737
65 830
66 61
66 60
66 35
66 88
66 120
66 146
66 161
66 196
66 303
66 318
66 385
67 13
67 23
67 17
67 110
67 271
67 477
67 708
67 903
68 1
68 62
68 16
68 198
68 225
68 255
68 392
68 485
68 499
68 589
68 650
69 32
69 25
69 52
69 163
69 203
69 546
69 565
69 593
69 664
69 701
69 761
70 21
70 58
70 63
70 73
70 181
70 191
70 202
70 293
70 458
70 489
71 33
71 11
71 47
71 76
71 85
71 95
71 108
71 192
71 403
71 436
71 461
72 64
72 59
72 31
72 245
72 274
72 313
72 339
72 548
72 572
72 576
72 767
73 18
73 28
73 70
73 111
73 354
73 410
73 435
73 470
73 515
73 556
74 41
74 52
74 60
74 83
74 84
74 107
74 144
74 160
74 161
74 207
74 273
75 39
75 51
75 26
75 106
75 173
75 222
75 419
75 566
75 571
75 690
75 758
76 51
76 57
76 71
76 132
76 238
76 259
76 652
76 765
76 981
77 62
77 4
77 28
77 164
77 168
77 169
77 237
77 251
77 275
77 297
77 324
78 7
78 13
78 11
78 89
78 93
78 95
78 96
78 119
78 165
78 190
78 192
79 4
79 25
79 57
79 121
79 197
79 707
79 904
80 45
80 44
80 26
80 202
80 289
80 303
80 506
81 63
81 14
81 0
81 154
81 157
81 169
81 213
81 347
81 516
81 638
81 760
82 17
82 30
82 64
82 301
82 311
82 481
83 74
83 12
83 43
83 195
83 390
83 414
83 468
83 484
83 513
83 518
84 59
84 47
84 74
84 335
84 338
84 434
84 557
84 617
84 824
85 36
85 15
85 71
85 160
85 196
85 251
85 279
85 618
85 635
85 970
85 993
86 18
86 54
86 20
86 374
87 14
87 40
87 62
87 123
87 138
87 155
87 159
87 391
87 417
87 837
87 990
88 34
88 66
88 35
88 213
88 256
88 409
89 17
89 5
89 78
89 132
89 151
89 233
89 247
89 293
89 394
89 522
89 526
90 32
90 16
90 27
90 109
90 120
90 148
90 249
90 409
90 429
90 465
90 520
91 63
91 18
91 51
91 124
91 299
91 366
91 487
91 834
91 975
92 3
92 43
92 61
92 156
92 285
92 568
93 9
93 78
93 62
93 179
93 281
93 440
93 518
93 717
93 800
94 61
94 5
94 34
94 135
94 322
94 359
94 404
94 459
94 836
94 861
94 997
95 78
95 71
95 9
95 133
95 198
95 444
95 525
96 32
96 4
96 78
96 119
96 272
96 356
96 548
96 696
96 999
97 11
97 41
97 9
97 654
97 929
98 61
98 19
98 48
98 108
98 147
98 151
98 176
98 748
98 753
98 851
98 901
99 58
99 6
99 62
99 115
99 140
99 331
99 368
99 452
99 862
99 873
99 918
100 26
100 3
100 14
100 226
100 269
100 456
100 604
100 636
100 710
101 57
101 24
101 60
101 136
101 156
101 183
101 238
101 410
101 631
102 17
102 51
102 4
102 127
102 290
102 366
102 569
102 768
103 51
103 48
103 19
103 140
103 153
103 204
103 218
103 240
103 399
103 413
103 442
104 22
104 61
104 6
104 164
104 166
104 268
104 280
104 398
104 444
104 664
104 703
105 27
105 23
105 39
105 122
105 136
105 236
105 716
106 75
106 48
106 3
106 870
107 74
107 32
107 25
107 139
107 269
107 464
107 570
107 649
107 795
107 828
108 71
108 27
108 98
108 255
108 312
108 380
108 387
108 478
108 629
108 644
108 646
109 19
109 90
109 4
109 137
109 166
109 240
109 365
109 372
109 427
109 483
109 567
110 61
110 67
110 6
110 133
110 170
110 177
110 200
110 254
110 573
110 630
110 675
111 17
111 27
111 73
111 205
111 281
111 287
111 309
111 343
111 377
111 411
111 496
112 9
112 21
112 33
112 680
113 65
113 3
113 52
113 152
113 189
113 314
113 714
114 8
114 34
114 37
114 128
114 148
114 263
114 341
114 413
114 416
114 428
114 701
115 99
115 8
115 10
115 182
115 211
115 277
115 290
115 313
115 331
115 348
115 361
116 45
116 31
116 9
116 184
116 194
116 229
116 276
116 437
116 587
116 646
116 822
117 32
117 9
117 2
117 118
117 682
118 117
118 8
118 18
118 175
118 185
118 190
118 265
118 309
118 736
118 748
118 829
119 96
119 78
119 2
119 542
119 760
119 825
120 90
120 0
120 66
120 235
120 307
120 712
121 1
121 26
121 79
121 306
121 844
121 988
122 34
122 105
122 53
122 204
122 510
123 87
123 7
123 14
123 162
123 266
123 320
123 519
123 635
123 741
123 876
123 989
124 91
124 63
124 17
124 154
124 205
124 435
124 947
125 20
125 18
125 48
125 338
125 447
125 538
125 604
125 984
126 46
126 58
126 52
126 159
126 173
126 215
126 221
126 291
126 304
126 357
126 552
127 32
127 102
127 4
127 382
127 440
127 475
127 476
127 529
127 618
127 671
127 819
128 1
128 2
128 114
128 130
128 141
128 180
128 286
128 376
128 377
128 476
128 653
129 62
129 31
129 17
129 199
129 305
129 583
129 686
129 759
129 949
130 24
130 49
130 128
130 279
130 299
130 408
131 45
131 14
131 22
131 282
131 386
131 456
131 615
131 742
131 779
132 89
132 62
132 76
132 171
132 431
132 838
133 32
133 95
133 110
133 141
133 160
133 187
133 201
133 212
133 218
133 232
133 315
134 9
134 8
134 33
134 174
134 185
134 259
134 488
134 650
134 750
134 836
135 47
135 94
135 7
135 180
135 193
135 256
135 383
135 418
135 541
135 659
135 767
136 101
136 105
136 18
136 203
136 228
136 235
136 403
137 43
137 109
137 17
137 633
137 663
138 87
138 28
138 2
138 215
138 258
138 425
138 536
139 32
139 107
139 27
139 266
139 365
139 584
139 692
139 870
140 63
140 99
140 103
140 276
140 398
141 133
141 15
141 128
141 166
141 322
141 586
141 678
141 892
142 42
142 25
142 31
142 187
143 34
143 19
143 26
143 156
143 192
143 582
143 696
144 35
144 74
144 0
144 180
144 227
144 310
144 588
144 751
145 19
145 55
145 65
145 230
145 239
145 332
145 731
146 66
146 27
146 39
146 229
146 279
146 465
147 98
147 35
147 56
147 154
147 165
147 171
147 265
147 272
147 329
147 570
147 720
148 37
148 90
148 114
148 163
148 170
148 331
148 494
148 655
149 1
149 48
149 9
149 458
149 489
149 787
149 972
150 31
150 38
150 3
150 152
150 232
150 273
150 375
150 438
150 651
150 778
150 972
151 14
151 98
151 89
151 238
151 525
151 789
152 150
152 4
152 113
152 172
152 182
152 288
152 336
152 340
152 656
152 801
153 103
153 51
153 0
153 183
153 220
153 240
153 499
153 530
153 822
154 124
154 147
154 81
154 241
154 326
154 958
155 61
155 11
155 87
155 202
155 214
155 300
155 416
155 478
155 821
155 940
156 143
156 92
156 101
156 168
156 214
156 501
156 961
157 81
157 61
157 48
157 460
157 476
157 845
157 920
157 966
158 25
158 4
158 35
158 274
158 299
158 334
158 380
158 487
158 493
158 555
158 609
159 126
159 87
159 48
159 206
159 317
159 360
159 442
159 517
159 581
159 675
160 133
160 74
160 85
160 182
160 191
160 213
160 291
160 391
160 415
160 552
161 74
161 66
161 1
161 210
161 252
161 344
161 355
161 359
161 670
161 929
162 123
162 8
162 7
162 224
162 364
162 395
162 483
163 69
163 1
163 148
163 243
163 446
163 532
163 719
164 39
164 104
164 77
164 185
164 230
164 306
164 337
164 397
164 976
165 78
165 147
165 19
165 571
165 825
166 109
166 104
166 141
166 311
166 448
166 570
166 588
166 866
167 55
167 4
167 3
167 212
167 256
167 431
167 482
167 770
167 978
168 0
168 156
168 77
168 178
168 448
168 521
168 524
168 746
168 841
168 912
169 81
169 3
169 77
169 370
169 390
170 110
170 25
170 148
170 177
170 231
170 270
170 797
170 865
170 942
171 147
171 10
171 132
171 210
171 234
171 242
171 321
171 353
171 745
172 64
172 152
172 54
172 230
172 250
172 310
172 436
172 453
172 457
172 673
172 854
173 75
173 47
173 126
173 418
174 134
174 9
174 63
174 295
174 371
174 407
174 433
175 118
175 46
175 57
175 194
175 527
175 567
175 585
175 590
175 835
175 917
176 98
176 6
176 26
176 246
176 400
177 110
177 170
177 12
177 284
177 396
177 428
177 539
178 168
178 65
178 39
178 239
178 385
178 571
178 823
179 48
179 93
179 17
179 219
179 237
179 428
179 808
179 966
180 144
180 135
180 128
180 223
180 233
180 301
180 412
180 621
180 716
180 823
181 70
181 5
181 55
182 115
182 152
182 160
182 248
182 291
182 384
182 415
182 436
182 855
182 928
182 935
183 60
183 101
183 153
183 226
183 316
183 430
183 438
183 450
183 652
183 757
183 915
184 6
184 116
184 52
184 188
184 337
184 724
184 725
184 840
184 844
185 134
185 164
185 118
185 603
185 769
185 954
185 993
186 31
186 50
186 41
186 239
186 430
186 446
186 455
187 45
187 133
187 142
187 189
187 289
187 545
188 39
188 184
188 34
188 773
189 43
189 187
189 113
189 993
190 78
190 118
190 62
190 197
190 284
190 707
190 781
190 844
190 931
191 160
191 61
191 70
191 214
191 400
191 451
191 605
191 699
191 940
192 143
192 78
192 71
192 197
192 563
192 569
192 713
192 733
193 31
193 135
193 6
193 888
194 175
194 59
194 116
194 203
194 220
194 254
195 60
195 8
195 83
195 751
195 753
195 890
196 66
196 85
196 14
196 208
196 209
196 335
196 432
196 712
196 766
196 803
196 933
197 190
197 192
197 79
197 201
197 626
198 95
198 68
198 35
198 219
198 221
198 351
198 389
198 533
198 602
198 922
199 12
199 57
199 129
199 300
199 378
199 385
199 649
199 735
199 800
200 1
200 78
200 110
200 462
200 699
201 197
201 133
201 58
201 206
201 283
201 465
201 505
202 155
202 70
202 80
202 206
202 340
202 355
202 466
202 608
202 610
202 611
202 676
203 136
203 69
203 194
203 233
203 349
203 591
203 600
203 616
204 103
204 12
204 122
204 460
204 470
204 497
204 517
204 842
204 857
205 1
205 111
205 124
205 329
206 159
206 202
206 201
206 212
206 334
206 345
206 480
207 74
207 45
207 18
207 285
207 531
207 787
207 971
208 12
208 196
208 65
208 311
208 317
208 324
208 361
208 491
208 623
208 975
209 3
209 196
209 35
209 272
209 534
209 641
210 51
210 171
210 161
210 506
210 584
210 606
210 635
210 880
210 986
211 38
211 39
211 115
211 797
211 956
212 206
212 167
212 133
212 224
212 263
212 498
212 539
212 909
213 81
213 88
213 160
213 271
214 156
214 191
214 155
214 371
214 375
214 467
214 736
215 138
215 54
215 126
215 320
215 414
215 473
215 613
215 761
216 63
216 34
216 29
216 225
216 667
217 35
217 3
217 26
217 500
217 729
218 133
218 18
218 103
218 234
218 245
218 327
218 492
218 534
219 179
219 198
219 78
219 408
219 780
219 915
219 939
220 153
220 194
220 13
220 227
220 253
220 340
220 515
221 15
221 126
221 198
221 300
221 358
221 421
221 493
221 773
221 792
221 800
221 894
222 33
222 8
222 75
222 413
222 422
222 455
222 621
222 674
223 180
223 36
223 2
223 294
223 416
223 637
224 2
224 162
224 212
224 275
224 374
224 503
224 952
225 9
225 68
225 216
225 258
225 485
225 893
226 100
226 183
226 42
226 244
226 296
226 504
227 220
227 144
227 20
227 255
227 577
228 55
228 136
228 32
228 315
228 358
228 536
228 755
228 866
228 926
228 964
229 146
229 116
229 7
229 245
229 369
230 164
230 172
230 145
230 352
231 61
231 28
231 170
231 387
231 412
231 559
231 624
231 945
232 0
232 133
232 150
232 491
233 89
233 180
233 203
233 298
233 641
234 171
234 44
234 218
234 313
234 316
234 424
234 572
234 941
235 34
235 120
235 136
235 250
235 290
235 676
236 9
236 25
236 105
236 492
237 30
237 179
237 77
237 681
237 960
237 962
238 101
238 151
238 76
238 268
238 420
238 574
238 594
238 794
238 832
239 178
239 145
239 186
239 252
239 405
239 449
239 974
240 153
240 103
240 109
240 257
241 154
241 53
241 20
241 325
241 333
241 553
241 890
242 171
242 3
242 22
242 486
242 601
242 917
243 37
243 3
243 163
243 647
243 681
243 854
244 8
244 0
244 226
244 543
245 229
245 218
245 72
245 278
245 619
246 176
246 5
246 53
246 296
246 837
246 914
247 31
247 89
247 63
247 262
247 345
247 474
247 482
247 763
247 824
247 861
248 182
248 1
248 19
248 329
248 362
248 652
248 827
249 90
249 38
249 45
249 293
249 307
249 616
249 622
249 726
250 235
250 172
250 3
250 267
250 402
250 475
250 479
250 661
250 877
251 43
251 85
251 77
251 830
252 161
252 49
252 239
253 48
253 45
253 220
253 344
253 363
253 461
253 659
253 666
254 110
254 194
254 7
255 227
255 68
255 108
255 301
255 338
255 613
255 651
255 904
256 167
256 135
256 88
256 417
256 626
256 699
257 240
257 58
257 39
257 260
257 269
257 372
257 875
258 225
258 138
258 56
258 384
258 390
258 546
258 588
258 658
259 134
259 44
259 76
259 280
259 335
259 346
260 26
260 257
260 31
260 287
260 466
260 577
260 625
260 782
260 810
261 49
261 40
261 17
261 277
261 323
261 352
261 467
261 661
262 65
262 247
262 45
262 305
262 336
262 345
262 421
262 927
263 114
263 56
263 212
264 13
264 25
264 50
264 360
264 505
264 558
264 848
264 906
264 973
265 13
265 147
265 118
265 427
265 529
265 766
265 983
266 123
266 139
266 0
266 697
266 919
267 28
267 250
267 26
267 393
267 431
267 522
267 709
267 833
267 992
268 238
268 104
268 60
269 257
269 107
269 100
269 414
269 471
269 864
270 25
270 170
270 17
270 271
270 628
270 668
270 730
270 951
270 964
271 67
271 213
271 270
271 332
271 420
272 209
272 96
272 147
272 398
272 535
273 150
273 53
273 74
273 388
273 603
273 726
274 60
274 158
274 72
274 282
274 445
274 579
274 582
274 614
275 2
275 77
275 224
275 520
275 532
275 970
276 116
276 74
276 140
277 115
277 261
277 32
277 458
277 721
278 19
278 55
278 245
279 146
279 85
279 130
279 349
279 367
279 469
279 512
279 536
279 549
279 746
280 104
280 30
280 259
280 326
280 526
280 693
280 719
280 786
280 911
281 111
281 2
281 93
281 357
281 704
282 131
282 274
282 54
282 306
282 343
282 374
282 403
282 544
282 718
282 873
283 201
283 17
283 60
283 397
283 472
283 826
284 177
284 48
284 190
284 314
284 381
285 25
285 92
285 207
285 663
286 58
286 74
286 128
286 550
286 833
287 4
287 111
287 260
288 152
288 1
288 25
289 25
289 187
289 80
289 656
289 682
289 690
289 708
289 842
290 115
290 235
290 102
290 610
290 908
290 986
291 182
291 126
291 160
292 0
292 4
292 29
292 353
292 440
292 449
292 546
292 896
293 89
293 249
293 70
293 761
293 779
294 52
294 41
294 223
294 718
295 59
295 53
295 174
295 402
295 427
295 865
295 893
296 10
296 226
296 246
296 327
296 758
297 3
297 77
297 33
298 27
298 17
298 233
298 879
299 91
299 158
299 130
299 392
300 199
300 221
300 155
300 302
300 327
300 334
300 404
300 583
300 596
300 649
300 651
301 255
301 82
301 180
301 608
302 300
302 53
302 19
302 321
302 488
302 821
303 80
303 7
303 66
303 507
304 12
304 126
304 59
304 337
305 129
305 26
305 262
305 591
305 886
306 164
306 282
306 121
306 308
306 639
307 35
307 120
307 249
307 347
307 597
307 653
308 37
308 306
308 51
308 382
308 434
308 955
309 30
309 111
309 118
309 563
309 576
310 172
310 144
310 9
310 550
310 677
310 701
310 802
310 935
311 208
311 82
311 166
311 330
311 358
311 531
311 712
311 813
312 18
312 11
312 108
312 332
312 555
312 859
313 72
313 115
313 234
313 347
313 350
313 353
313 544
314 113
314 2
314 284
314 370
314 685
314 789
315 61
315 228
315 133
316 234
316 183
316 51
316 401
316 684
317 159
317 10
317 208
317 550
317 793
317 811
318 66
318 9
318 0
318 395
318 672
319 10
319 51
319 40
319 586
319 927
320 215
320 60
320 123
320 378
320 397
320 694
320 771
320 881
320 888
320 950
321 0
321 171
321 302
321 348
322 94
322 141
322 55
322 376
322 734
323 41
323 53
323 261
323 698
324 17
324 208
324 77
324 381
324 489
324 540
324 593
324 690
325 58
325 241
325 41
325 394
325 484
325 561
326 280
326 154
326 42
326 530
326 562
327 300
327 296
327 218
327 650
328 1
328 37
328 63
328 346
328 565
328 624
328 708
329 248
329 205
329 147
329 342
329 376
329 695
330 65
330 311
330 9
330 426
330 453
330 503
331 99
331 115
331 148
331 354
331 452
332 312
332 145
332 271
332 437
332 937
333 241
333 4
333 28
333 342
333 598
334 300
334 206
334 158
334 542
334 596
334 791
334 868
335 196
335 259
335 84
335 388
335 510
335 627
335 810
335 816
336 262
336 22
336 152
337 184
337 304
337 164
337 365
338 125
338 84
338 255
338 645
338 647
338 878
339 72
339 45
339 7
339 951
340 202
340 152
340 220
340 381
340 508
340 747
340 943
341 3
341 32
341 114
341 599
341 673
341 721
341 882
342 329
342 64
342 333
342 466
342 543
342 599
342 638
343 111
343 282
343 27
343 764
343 790
344 253
344 26
344 161
344 764
344 882
345 206
345 262
345 247
345 598
345 706
346 328
346 36
346 259
346 883
347 307
347 313
347 81
347 425
347 574
347 633
347 669
347 907
348 321
348 46
348 115
348 569
348 923
349 279
349 3
349 203
349 497
349 723
350 313
350 51
350 52
350 464
350 601
350 622
350 715
351 26
351 198
351 14
351 617
351 688
351 767
352 261
352 20
352 230
353 313
353 171
353 292
353 417
353 566
353 626
353 817
354 20
354 331
354 73
354 595
354 654
355 161
355 22
355 202
355 510
356 96
356 10
356 20
356 395
356 454
356 511
357 39
357 126
357 281
357 897
358 228
358 221
358 311
358 399
358 560
358 568
359 94
359 10
359 161
360 264
360 159
360 1
360 389
360 949
361 115
361 25
361 208
362 17
362 248
362 26
362 630
363 2
363 253
363 52
363 809
364 162
364 12
364 31
364 957
365 337
365 109
365 139
365 694
365 901
365 969
366 91
366 20
366 102
366 858
367 279
367 40
367 64
368 99
368 30
368 57
368 379
368 658
368 734
368 812
368 950
369 9
369 28
369 229
369 478
370 314
370 169
370 78
370 537
370 695
371 5
371 214
371 174
371 874
372 43
372 257
372 109
372 681
373 62
373 12
373 15
374 86
374 282
374 224
374 479
374 562
375 9
375 150
375 214
375 392
375 451
375 516
375 644
376 128
376 322
376 329
376 925
376 930
377 128
377 49
377 111
378 199
378 39
378 320
379 368
379 26
379 0
379 405
379 446
379 477
379 637
379 714
379 875
379 878
380 158
380 108
380 2
380 824
380 828
381 324
381 340
381 284
381 584
381 698
382 127
382 308
382 25
383 27
383 133
383 135
383 449
383 673
383 725
384 182
384 258
384 60
384 659
384 667
384 980
385 199
385 178
385 66
385 683
385 687
385 772
385 987
386 3
386 0
386 131
386 702
386 805
386 881
387 108
387 33
387 231
387 393
387 564
387 602
388 273
388 25
388 335
388 406
388 845
389 360
389 12
389 198
389 462
389 540
389 756
390 83
390 169
390 258
390 524
390 640
391 160
391 87
391 29
391 394
391 531
391 554
391 948
392 299
392 68
392 375
392 418
392 423
392 498
392 568
392 634
392 806
393 14
393 267
393 387
394 89
394 391
394 325
394 955
395 162
395 318
395 356
395 409
395 412
395 648
395 775
396 43
396 52
396 177
396 423
396 662
396 849
397 164
397 320
397 283
397 459
397 485
397 488
397 662
397 835
397 895
397 995
398 104
398 140
398 272
398 515
398 627
398 883
398 906
399 103
399 358
399 35
400 176
400 34
400 191
400 405
400 461
400 911
401 5
401 316
401 133
401 896
402 250
402 295
402 47
402 634
402 656
402 674
402 895
402 998
403 136
403 282
403 71
403 582
403 852
403 913
404 300
404 11
404 94
404 669
404 738
404 962
404 973
405 379
405 239
405 400
405 888
406 52
406 5
406 388
407 27
407 174
407 9
407 500
407 544
407 638
408 130
408 219
408 3
408 778
408 931
409 88
409 90
409 395
409 540
409 590
410 73
410 49
410 101
410 594
411 28
411 24
411 111
411 657
411 713
412 395
412 180
412 231
412 660
412 780
412 787
412 863
412 869
413 103
413 114
413 222
413 879
414 269
414 83
414 215
414 494
414 592
414 728
414 748
414 808
414 885
414 932
415 182
415 36
415 160
415 609
416 114
416 223
416 155
416 420
416 567
417 256
417 87
417 353
417 441
417 738
417 819
418 135
418 392
418 173
418 423
418 482
419 75
419 62
419 35
419 504
419 678
420 238
420 271
420 416
420 464
420 620
420 628
421 221
421 262
421 32
421 950
422 9
422 25
422 222
422 472
422 676
422 743
423 392
423 396
423 418
423 455
423 493
423 503
423 516
423 578
424 3
424 234
424 28
424 785
425 20
425 138
425 347
425 470
425 487
426 27
426 330
426 12
426 535
426 592
426 665
426 924
427 109
427 265
427 295
427 486
427 501
427 733
427 804
427 846
427 882
428 114
428 177
428 179
428 505
428 590
429 90
429 115
429 31
429 435
429 473
430 183
430 77
430 186
430 978
431 132
431 267
431 167
432 26
432 20
432 196
432 532
433 15
433 41
433 174
433 543
433 796
433 817
434 43
434 308
434 84
434 502
434 591
434 834
434 897
435 429
435 124
435 73
435 441
435 803
436 71
436 172
436 182
437 116
437 2
437 332
437 441
437 732
438 150
438 61
438 183
439 17
439 78
439 20
440 127
440 292
440 93
440 500
440 632
440 735
441 437
441 417
441 435
442 3
442 159
442 103
442 660
442 727
442 965
443 77
443 4
443 6
443 471
443 902
444 95
444 16
444 104
444 887
445 274
445 28
445 18
445 472
445 807
446 379
446 163
446 186
446 589
446 704
446 877
447 125
447 41
447 47
447 812
447 917
448 166
448 23
448 168
448 777
448 885
449 292
449 383
449 239
450 58
450 20
450 183
450 523
450 545
450 663
450 740
450 803
450 826
451 10
451 375
451 191
451 507
451 518
452 331
452 99
452 6
452 509
453 172
453 330
453 51
453 527
453 537
453 593
453 621
454 63
454 5
454 356
454 579
454 770
455 423
455 222
455 186
455 509
455 679
455 898
456 100
456 131
456 27
457 23
457 172
457 56
457 853
457 865
458 277
458 149
458 70
458 709
459 397
459 94
459 40
460 41
460 204
460 157
460 711
460 910
461 253
461 71
461 400
461 530
461 547
462 200
462 38
462 389
462 502
463 9
463 29
463 37
463 928
464 107
464 420
464 350
464 514
464 538
464 741
464 941
465 146
465 90
465 201
465 481
466 202
466 260
466 342
466 564
466 639
466 774
467 214
467 261
467 18
468 41
468 74
468 83
468 839
469 279
469 50
469 26
469 513
469 545
470 425
470 204
470 73
470 759
470 936
471 443
471 103
471 269
471 966
472 283
472 422
472 445
472 688
472 916
473 18
473 215
473 429
473 525
473 925
474 247
474 54
474 13
475 127
475 11
475 250
475 495
475 845
476 127
476 128
476 157
476 509
476 872
477 24
477 379
477 67
477 668
477 892
478 155
478 369
478 108
478 831
479 374
479 15
479 250
479 625
480 206
480 24
480 32
480 496
480 723
481 82
481 465
481 11
481 523
481 566
481 648
481 780
481 821
482 167
482 418
482 247
482 632
483 0
483 162
483 109
483 492
483 878
483 905
483 908
484 325
484 32
484 83
484 511
484 636
485 225
485 68
485 397
486 427
486 6
486 242
486 538
486 900
487 425
487 91
487 158
488 302
488 134
488 397
488 605
489 70
489 149
489 324
489 491
489 859
490 18
490 0
490 44
491 489
491 208
491 232
492 218
492 236
492 483
492 587
492 611
493 423
493 158
493 221
493 575
493 942
494 414
494 148
494 46
494 823
495 475
495 4
495 26
496 55
496 480
496 111
496 859
497 204
497 349
497 3
497 512
497 528
497 560
497 612
498 392
498 33
498 212
498 501
498 504
498 520
499 153
499 33
499 68
499 739
499 815
499 867
500 407
500 217
500 440
500 970
501 156
501 498
501 427
502 33
502 434
502 462
502 573
502 640
502 848
503 330
503 423
503 224
503 642
503 753
504 419
504 226
504 498
504 514
504 519
504 609
504 685
505 201
505 428
505 264
505 553
505 688
506 62
506 80
506 210
506 547
506 909
507 451
507 27
507 303
507 671
507 947
508 27
508 340
508 0
509 476
509 455
509 452
509 534
510 122
510 335
510 355
511 484
511 9
511 356
511 868
511 898
512 63
512 279
512 497
513 469
513 14
513 83
513 583
514 464
514 58
514 504
514 790
514 851
515 398
515 73
515 220
515 869
516 375
516 423
516 81
516 606
516 629
517 159
517 43
517 204
517 874
517 969
518 93
518 451
518 83
518 654
519 123
519 504
519 37
519 807
520 90
520 498
520 275
520 737
520 747
521 63
521 168
521 35
522 58
522 89
522 267
522 551
522 563
523 481
523 450
523 22
524 27
524 390
524 168
524 678
525 473
525 95
525 151
525 932
526 11
526 280
526 89
526 574
526 587
526 703
526 759
527 453
527 175
527 3
527 938
528 11
528 497
528 46
529 127
529 265
529 41
529 629
529 640
529 689
529 814
530 326
530 461
530 153
531 207
531 311
531 391
531 717
531 880
532 163
532 432
532 275
533 47
533 198
533 25
533 771
533 783
534 218
534 509
534 209
534 595
534 744
535 272
535 3
535 426
535 886
535 964
536 279
536 138
536 228
536 624
536 711
537 453
537 370
537 33
537 921
538 486
538 464
538 125
538 551
539 212
539 177
539 6
539 789
540 389
540 324
540 409
541 135
541 50
541 8
541 598
542 44
542 334
542 119
542 715
542 795
543 244
543 342
543 433
543 578
543 614
543 670
543 762
544 313
544 407
544 282
544 937
544 943
545 469
545 450
545 187
545 620
545 860
546 258
546 292
546 69
546 622
547 4
547 506
547 461
548 72
548 15
548 96
548 705
549 8
549 279
549 56
549 636
549 679
549 691
549 695
549 839
550 310
550 286
550 317
550 672
550 691
551 538
551 522
551 15
552 126
552 160
552 46
553 241
553 30
553 505
553 693
554 89
554 39
554 391
554 683
555 312
555 3
555 158
555 724
555 738
556 9
556 73
556 45
556 928
557 21
557 84
557 34
558 126
558 10
558 264
558 684
559 47
559 231
559 51
560 41
560 358
560 497
560 711
561 71
561 325
561 26
561 631
561 657
562 24
562 374
562 326
563 192
563 522
563 309
563 740
564 387
564 51
564 466
565 328
565 30
565 69
565 689
566 353
566 75
566 481
566 581
566 597
566 661
566 743
566 805
567 109
567 175
567 416
567 577
567 595
567 911
567 957
568 92
568 392
568 358
568 944
569 192
569 102
569 348
569 675
569 700
569 783
570 166
570 147
570 107
570 792
571 165
571 75
571 178
572 58
572 234
572 72
573 110
573 22
573 502
574 347
574 526
574 238
574 627
574 730
574 801
575 493
575 62
575 20
575 786
575 846
576 309
576 72
576 8
577 260
577 567
577 227
577 745
577 752
577 916
578 543
578 59
578 423
578 687
578 802
579 274
579 37
579 454
579 719
579 775
579 828
580 28
580 27
580 11
581 566
581 159
581 43
581 793
582 403
582 143
582 274
582 902
582 946
583 129
583 300
583 513
583 619
583 720
583 799
584 139
584 381
584 210
584 620
585 25
585 175
585 1
585 765
586 141
586 319
586 126
587 116
587 526
587 492
587 781
587 933
587 961
588 258
588 166
588 144
588 723
589 68
589 446
589 42
590 428
590 175
590 409
590 647
590 953
591 203
591 305
591 434
591 666
591 752
591 838
592 426
592 414
592 11
592 994
593 453
593 324
593 69
593 852
594 30
594 410
594 238
594 703
595 567
595 534
595 354
595 868
596 17
596 334
596 300
596 617
596 774
597 566
597 307
597 3
597 778
597 910
598 541
598 333
598 345
598 934
599 342
599 41
599 341
599 731
600 203
600 0
600 126
600 809
600 831
601 43
601 242
601 350
602 387
602 77
602 198
603 273
603 2
603 185
603 607
603 871
604 125
604 100
604 12
604 834
605 488
605 17
605 191
606 210
606 516
606 7
606 623
606 806
607 603
607 24
607 89
607 958
608 301
608 202
608 8
608 765
609 415
609 504
609 158
610 14
610 202
610 290
611 5
611 492
611 202
611 976
612 12
612 19
612 497
613 215
613 0
613 255
614 64
614 274
614 543
614 871
614 957
615 131
615 20
615 46
615 764
615 984
616 249
616 14
616 203
616 752
617 351
617 84
617 596
618 26
618 85
618 127
619 583
619 245
619 7
619 905
620 584
620 420
620 545
620 762
621 222
621 453
621 180
621 799
621 816
622 249
622 546
622 350
622 737
622 997
623 44
623 606
623 208
624 536
624 328
624 231
624 643
624 653
625 479
625 260
625 133
625 685
626 256
626 197
626 353
626 736
626 852
627 335
627 398
627 574
627 697
628 270
628 37
628 420
628 666
628 829
629 516
629 529
629 108
629 785
630 103
630 362
630 110
631 561
631 13
631 101
632 440
632 35
632 482
632 721
632 853
632 899
632 912
632 996
633 347
633 137
633 18
633 760
633 900
634 36
634 402
634 392
634 727
634 971
635 123
635 85
635 210
635 700
635 768
635 860
635 921
636 549
636 100
636 484
637 379
637 223
637 14
638 81
638 342
638 407
639 49
639 466
639 306
639 832
640 529
640 502
640 390
641 40
641 233
641 209
641 820
641 895
642 4
642 45
642 503
643 624
643 5
643 19
644 375
644 133
644 108
644 872
645 74
645 55
645 338
646 108
646 1
646 116
646 731
646 889
647 338
647 590
647 243
648 395
648 481
648 41
648 840
649 199
649 107
649 300
649 981
649 992
650 68
650 327
650 134
650 668
650 702
650 884
650 955
651 255
651 150
651 300
651 772
651 788
651 854
652 183
652 248
652 76
652 813
652 840
653 128
653 624
653 307
653 749
653 842
653 850
654 354
654 518
654 97
654 689
655 9
655 148
655 5
656 289
656 152
656 402
656 662
656 697
657 561
657 411
657 48
657 672
657 749
658 258
658 2
658 368
658 756
658 941
659 384
659 253
659 135
659 856
660 442
660 412
660 111
661 566
661 261
661 250
662 656
662 396
662 397
663 137
663 285
663 450
664 69
664 104
664 61
665 4
665 426
665 51
665 872
666 628
666 591
666 253
666 818
667 384
667 216
667 15
667 982
668 270
668 477
668 650
668 982
669 347
669 404
669 18
670 161
670 64
670 543
670 856
670 944
671 507
671 127
671 14
672 318
672 657
672 550
673 172
673 341
673 383
673 986
674 402
674 222
674 61
675 159
675 569
675 110
675 696
675 702
675 710
676 202
676 235
676 422
676 677
676 680
676 781
677 676
677 33
677 310
678 524
678 419
678 141
678 918
679 66
679 455
679 549
679 953
680 676
680 3
680 112
680 687
681 237
681 372
681 243
682 289
682 126
682 117
682 827
682 985
683 554
683 385
683 5
684 78
684 558
684 316
684 876
685 314
685 504
685 625
686 129
686 4
686 42
686 833
687 680
687 578
687 385
688 472
688 351
688 505
689 654
689 529
689 565
689 792
690 289
690 324
690 75
690 698
691 43
691 549
691 550
691 732
692 139
692 158
692 10
693 18
693 280
693 553
693 762
693 909
694 365
694 19
694 320
695 549
695 370
695 329
695 884
695 980
696 675
696 96
696 143
696 741
697 656
697 266
697 627
697 889
698 323
698 381
698 690
698 870
699 200
699 191
699 256
700 635
700 569
700 29
701 114
701 69
701 310
702 650
702 675
702 386
702 739
702 776
702 796
702 924
703 594
703 104
703 526
703 796
703 819
704 281
704 9
704 446
705 548
705 11
705 5
706 44
706 345
706 49
707 190
707 46
707 79
707 794
708 67
708 289
708 328
708 867
709 9
709 267
709 458
709 710
709 805
709 830
709 848
710 100
710 709
710 675
710 924
711 536
711 460
711 560
711 937
712 311
712 196
712 120
713 192
713 9
713 411
713 777
714 110
714 379
714 113
714 744
714 850
715 542
715 350
715 58
715 742
716 9
716 105
716 180
717 51
717 93
717 531
717 794
718 282
718 10
718 294
718 920
719 579
719 280
719 163
719 875
720 583
720 147
720 33
721 341
721 277
721 632
721 839
722 158
722 25
722 133
722 965
723 480
723 588
723 349
723 727
723 732
723 971
724 48
724 184
724 555
724 728
724 769
724 887
724 898
725 184
725 383
725 109
726 2
726 249
726 273
726 883
727 442
727 634
727 723
727 740
728 414
728 724
728 42
729 3
729 78
729 217
730 0
730 270
730 574
730 938
731 599
731 145
731 646
731 933
732 437
732 723
732 691
732 744
732 745
732 754
733 2
733 427
733 192
733 900
734 18
734 368
734 322
735 199
735 36
735 440
736 626
736 118
736 214
737 520
737 622
737 65
737 856
737 903
737 987
738 404
738 417
738 555
738 973
738 974
739 702
739 499
739 37
740 450
740 727
740 563
740 825
741 696
741 464
741 123
741 945
742 26
742 131
742 715
742 816
743 422
743 566
743 202
744 534
744 714
744 732
744 755
744 782
745 171
745 732
745 577
745 853
746 279
746 168
746 147
747 40
747 520
747 340
747 919
747 980
748 414
748 118
748 98
749 657
749 653
749 103
750 300
750 134
750 147
751 19
751 195
751 144
752 591
752 616
752 577
753 195
753 98
753 503
753 949
754 732
754 126
754 8
755 228
755 147
755 744
756 389
756 658
756 90
757 183
757 115
757 27
757 772
758 296
758 75
758 4
758 923
759 129
759 470
759 526
760 81
760 633
760 119
760 777
760 814
761 215
761 293
761 69
762 543
762 693
762 620
762 947
763 75
763 300
763 247
764 615
764 343
764 344
764 958
765 585
765 76
765 608
765 791
765 798
766 25
766 196
766 265
767 135
767 72
767 351
767 979
768 12
768 102
768 635
769 185
769 59
769 724
769 841
770 454
770 167
770 7
771 158
771 320
771 533
771 790
771 808
771 896
772 385
772 651
772 757
773 221
773 188
773 55
773 860
774 42
774 596
774 466
775 4
775 395
775 579
775 990
776 702
776 10
776 60
777 713
777 448
777 760
777 811
778 408
778 597
778 150
779 293
779 131
779 14
780 412
780 219
780 481
781 676
781 587
781 190
782 1
782 744
782 260
783 533
783 569
783 21
784 30
784 42
784 71
785 115
785 424
785 629
785 837
785 926
786 575
786 280
786 109
787 412
787 207
787 149
787 869
788 651
788 62
788 24
788 811
789 539
789 151
789 314
790 343
790 514
790 771
791 765
791 50
791 334
792 570
792 689
792 221
793 317
793 54
793 581
794 717
794 238
794 707
795 107
795 2
795 542
796 702
796 703
796 433
797 211
797 40
797 170
797 798
797 822
798 797
798 765
798 19
799 583
799 2
799 621
800 199
800 221
800 93
801 574
801 71
801 152
802 578
802 310
802 9
803 435
803 450
803 196
804 18
804 41
804 427
805 709
805 386
805 566
806 38
806 606
806 392
807 519
807 445
807 126
808 414
808 179
808 771
809 363
809 45
809 600
810 62
810 260
810 335
811 788
811 317
811 777
811 995
812 447
812 368
812 25
812 841
813 652
813 133
813 311
814 760
814 60
814 529
815 59
815 499
815 103
815 855
816 335
816 621
816 742
816 991
817 108
817 353
817 433
818 39
818 666
818 19
818 942
818 968
818 999
819 127
819 417
819 703
820 50
820 641
820 4
821 302
821 481
821 155
822 797
822 116
822 153
823 180
823 178
823 494
824 247
824 380
824 84
825 165
825 740
825 119
825 930
826 450
826 0
826 283
827 41
827 682
827 248
827 996
828 380
828 579
828 107
829 118
829 628
829 57
830 709
830 251
830 65
831 478
831 17
831 600
832 639
832 114
832 238
832 948
833 686
833 286
833 267
834 604
834 91
834 434
834 857
834 890
834 936
834 954
835 7
835 175
835 397
836 18
836 94
836 134
837 785
837 87
837 246
838 132
838 1
838 591
839 549
839 721
839 468
840 648
840 184
840 652
841 168
841 812
841 769
842 289
842 204
842 653
843 2
843 12
843 69
844 190
844 184
844 121
845 157
845 388
845 475
845 863
845 968
846 111
846 575
846 427
846 946
847 75
847 17
847 90
848 709
848 502
848 264
849 2
849 4
849 396
849 864
850 653
850 714
850 20
850 932
850 999
851 28
851 514
851 98
852 626
852 593
852 403
852 959
853 632
853 457
853 745
854 651
854 172
854 243
854 974
854 983
855 182
855 60
855 815
855 989
856 659
856 670
856 737
857 204
857 16
857 834
858 27
858 366
858 10
859 489
859 312
859 496
860 773
860 545
860 635
861 33
861 94
861 247
862 99
862 2
862 21
862 936
863 845
863 90
863 412
864 269
864 7
864 849
865 170
865 295
865 457
866 228
866 166
866 64
867 499
867 708
867 90
868 511
868 334
868 595
869 515
869 412
869 787
869 945
870 139
870 698
870 106
871 614
871 603
871 13
872 476
872 665
872 644
873 15
873 99
873 282
874 371
874 517
874 32
875 379
875 257
875 719
876 3
876 123
876 684
876 881
877 446
877 250
877 62
878 379
878 483
878 338
879 413
879 41
879 298
880 210
880 103
880 531
881 320
881 386
881 876
882 344
882 341
882 427
883 346
883 726
883 398
884 8
884 650
884 695
885 10
885 448
885 414
886 25
886 305
886 535
886 916
887 444
887 3
887 724
888 193
888 405
888 320
889 697
889 646
889 115
890 195
890 834
890 241
891 24
891 103
891 43
892 7
892 141
892 477
893 225
893 51
893 295
894 221
894 22
894 34
895 397
895 641
895 402
896 771
896 292
896 401
897 357
897 33
897 434
898 724
898 511
898 455
898 919
899 632
899 58
899 64
900 486
900 733
900 633
901 365
901 90
901 98
901 983
902 443
902 582
902 10
902 988
903 67
903 69
903 737
904 79
904 255
904 127
905 39
905 619
905 483
905 965
906 111
906 264
906 398
907 347
907 90
907 35
908 172
908 483
908 290
909 506
909 693
909 212
910 460
910 597
910 110
911 280
911 567
911 400
912 26
912 168
912 632
913 403
913 30
913 58
914 246
914 78
914 158
915 219
915 183
915 25
916 472
916 577
916 886
917 242
917 447
917 175
918 40
918 99
918 678
919 266
919 898
919 747
919 948
920 718
920 157
920 33
921 635
921 537
921 54
922 48
922 198
922 63
923 758
923 348
923 3
924 426
924 702
924 710
924 956
925 473
925 61
925 376
926 228
926 0
926 785
927 27
927 262
927 319
928 556
928 463
928 182
929 161
929 3
929 97
930 41
930 376
930 825
931 190
931 44
931 408
932 414
932 850
932 525
933 196
933 731
933 587
934 598
934 300
934 72
935 310
935 1
935 182
935 995
936 834
936 470
936 862
937 544
937 711
937 332
938 527
938 69
938 730
939 219
939 3
939 78
939 954
940 221
940 191
940 155
941 464
941 234
941 658
942 170
942 493
942 818
943 544
943 340
943 63
943 979
944 670
944 568
944 62
945 741
945 869
945 231
946 846
946 582
946 48
947 762
947 124
947 507
948 391
948 919
948 832
949 129
949 753
949 360
950 421
950 320
950 368
951 39
951 270
951 339
952 224
952 2
952 77
953 679
953 590
953 55
954 185
954 939
954 834
954 979
955 394
955 308
955 650
955 990
956 211
956 10
956 924
957 364
957 567
957 614
958 764
958 154
958 607
959 852
959 202
959 2
960 63
960 40
960 237
961 587
961 156
961 21
962 110
962 237
962 404
962 998
963 37
963 74
963 104
964 228
964 535
964 270
965 442
965 905
965 722
966 157
966 471
966 179
967 37
967 2
967 14
968 818
968 52
968 845
968 985
969 517
969 21
969 365
970 85
970 500
970 275
971 207
971 634
971 723
972 149
972 5
972 150
973 738
973 264
973 404
974 239
974 738
974 854
975 208
975 150
975 91
976 611
976 164
976 109
977 2
977 3
977 50
978 430
978 28
978 167
979 954
979 943
979 767
980 695
980 747
980 384
981 649
981 14
981 76
982 667
982 668
982 58
983 265
983 901
983 854
984 133
984 615
984 125
985 682
985 128
985 968
986 210
986 290
986 673
987 385
987 737
987 19
988 121
988 23
988 902
989 123
989 52
989 855
990 87
990 955
990 775
991 39
991 1
991 816
992 649
992 267
992 103
993 185
993 85
993 189
994 69
994 133
994 592
995 935
995 397
995 811
996 632
996 827
996 35
997 2
997 622
997 94
998 962
998 402
998 13
999 818
999 96
999 850
