1 0
2 1
2 0
3 0
3 2
3 1
4 0
4 1
4 2
5 1
5 3
5 0
6 0
6 3
6 5
7 6
7 0
7 5
8 4
8 0
8 3
9 7
9 5
9 0
10 7
10 5
10 9
11 7
11 4
11 9
12 11
12 4
12 2
13 5
13 4
13 0
14 3
14 9
14 7
15 2
15 7
15 0
16 11
16 5
16 6
17 1
17 5
17 0
18 9
18 16
18 1
19 8
19 6
19 3
20 3
20 0
20 7
21 3
21 19
21 15
22 0
22 9
22 11
23 0
23 16
23 1
24 1
24 2
24 5
25 9
25 20
25 13
26 19
26 4
26 6
27 7
27 25
27 5
28 0
28 4
28 22
29 6
29 1
29 21
30 6
30 0
30 18
31 11
31 12
31 14
32 22
32 6
32 3
33 11
33 19
33 5
34 26
34 1
34 0
35 25
35 3
35 26
36 16
36 6
36 18
37 9
37 1
37 24
38 11
38 6
38 9
39 15
39 0
39 37
40 11
40 14
40 6
41 16
41 0
41 26
42 16
42 23
42 7
43 1
43 20
43 8
44 0
44 2
44 26
45 4
45 9
45 27
46 43
46 3
46 25
47 6
47 16
47 2
48 46
48 29
48 0
49 31
49 20
49 18
50 15
50 43
50 20
51 16
51 23
51 9
52 47
52 6
52 5
53 11
53 7
53 19
54 16
54 2
54 26
55 0
55 6
55 22
56 2
56 0
56 20
57 2
57 47
57 55
58 52
58 12
58 24
59 0
59 3
59 11
60 38
60 10
60 20
61 22
61 52
61 33
62 0
62 8
62 5
63 10
63 7
63 3
64 3
64 41
64 22
65 36
65 0
65 6
66 12
66 7
66 0
67 30
67 9
67 29
68 47
68 59
68 3
69 19
69 11
69 34
70 2
70 4
70 3
71 34
71 23
71 0
72 21
72 27
72 58
73 43
73 2
73 64
74 37
74 15
74 55
75 72
75 29
75 7
76 51
76 6
76 22
77 34
77 1
77 48
78 51
78 47
78 9
79 21
79 68
79 72
80 7
80 71
80 5
81 19
81 6
81 47
82 9
82 59
82 0
83 1
83 24
83 18
84 52
84 0
84 3
85 7
85 31
85 17
86 29
86 7
86 11
87 68
87 0
87 17
88 41
88 3
88 26
89 60
89 41
89 4
90 2
90 48
90 26
91 58
91 61
91 78
92 43
92 68
92 23
93 83
93 15
93 70
94 43
94 29
94 4
95 6
95 90
95 19
96 37
96 0
96 69
97 0
97 7
97 12
98 7
98 91
98 68
99 29
99 0
99 35
100 63
100 4
100 0
101 0
101 16
101 86
102 12
102 1
102 49
103 5
103 40
103 64
104 5
104 18
104 1
105 24
105 35
105 7
106 26
106 90
106 84
107 0
107 94
107 11
108 54
108 2
108 69
109 44
109 19
109 3
110 19
110 63
110 33
111 3
111 27
111 6
112 59
112 84
112 58
113 20
113 33
113 104
114 99
114 15
114 55
115 34
115 87
115 80
116 5
116 114
116 9
117 0
117 51
117 57
118 7
118 0
118 19
119 34
119 5
119 83
120 84
120 95
120 110
121 25
121 15
121 43
122 5
122 0
122 78
123 104
123 0
123 24
124 32
124 76
124 5
125 57
125 0
125 16
126 5
126 104
126 29
127 79
127 0
127 43
128 11
128 57
128 55
129 36
129 58
129 88
130 35
130 95
130 11
131 0
131 6
131 67
132 38
132 24
132 4
133 0
133 57
133 112
134 95
134 111
134 37
135 0
135 26
135 17
136 7
136 37
136 55
137 129
137 8
137 16
138 135
138 22
138 1
139 5
139 0
139 85
140 34
140 111
140 95
141 84
141 83
141 136
142 81
142 42
142 106
143 9
143 1
143 18
144 12
144 6
144 1
145 0
145 13
145 98
146 13
146 0
146 9
147 31
147 26
147 100
148 138
148 106
148 32
149 68
149 103
149 130
150 5
150 0
150 17
151 114
151 89
151 7
152 5
152 18
152 0
153 37
153 3
153 42
154 33
154 37
154 86
155 18
155 2
155 31
156 39
156 122
156 0
157 18
157 112
157 17
158 5
158 114
158 43
159 3
159 70
159 84
160 135
160 58
160 0
161 54
161 97
161 133
162 21
162 160
162 5
163 1
163 20
163 3
164 0
164 14
164 130
165 19
165 92
165 21
166 78
166 87
166 126
167 3
167 9
167 7
168 22
168 110
168 136
169 142
169 55
169 41
170 0
170 16
170 12
171 17
171 6
171 40
172 71
172 0
172 97
173 16
173 0
173 139
174 72
174 15
174 1
175 7
175 168
175 15
176 124
176 29
176 2
177 92
177 49
177 2
178 158
178 116
178 3
179 22
179 48
179 35
180 87
180 6
180 4
181 75
181 3
181 102
182 139
182 55
182 7
183 34
183 37
183 155
184 92
184 0
184 3
185 124
185 78
185 145
186 108
186 57
186 84
187 5
187 0
187 31
188 84
188 37
188 1
189 62
189 131
189 108
190 83
190 188
190 183
191 26
191 164
191 55
192 0
192 120
192 37
193 7
193 130
193 153
194 11
194 9
194 0
195 133
195 20
195 0
196 31
196 0
196 118
197 0
197 146
197 114
198 16
198 21
198 9
199 88
199 7
199 82
200 43
200 68
200 2
201 59
201 44
201 5
202 51
202 5
202 86
203 138
203 68
203 114
204 25
204 138
204 16
205 129
205 180
205 44
206 30
206 17
206 68
207 163
207 84
207 110
208 168
208 85
208 9
209 19
209 114
209 94
210 1
210 35
210 0
211 0
211 110
211 160
212 58
212 59
212 160
213 86
213 75
213 22
214 5
214 158
214 113
215 5
215 36
215 20
216 133
216 126
216 19
217 6
217 55
217 49
218 105
218 10
218 18
219 80
219 1
219 84
220 92
220 44
220 36
221 104
221 88
221 188
222 20
222 213
222 146
223 55
223 133
223 26
224 44
224 199
224 132
225 224
225 68
225 147
226 90
226 35
226 12
227 181
227 28
227 76
228 191
228 95
228 28
229 3
229 0
229 49
230 19
230 21
230 46
231 16
231 0
231 155
232 206
232 6
232 0
233 2
233 10
233 188
234 16
234 136
234 124
235 40
235 48
235 6
236 18
236 21
236 34
237 0
237 203
237 223
238 141
238 14
238 52
239 146
239 3
239 119
240 224
240 84
240 229
241 81
241 16
241 38
242 10
242 106
242 6
243 3
243 91
243 34
244 54
244 97
244 24
245 55
245 192
245 52
246 122
246 34
246 5
247 34
247 0
247 13
248 78
248 179
248 82
249 59
249 5
249 1
250 84
250 236
250 137
251 148
251 141
251 179
252 44
252 212
252 123
253 25
253 153
253 2
254 17
254 221
254 49
255 136
255 63
255 216
256 64
256 150
256 220
257 146
257 7
257 21
258 228
258 82
258 160
259 128
259 1
259 6
260 2
260 90
260 1
261 31
261 133
261 9
262 254
262 9
262 237
263 213
263 139
263 2
264 144
264 168
264 170
265 188
265 22
265 47
266 92
266 7
266 84
267 84
267 18
267 234
268 184
268 69
268 61
269 0
269 113
269 68
270 1
270 173
270 242
271 3
271 16
271 26
272 133
272 71
272 17
273 16
273 53
273 208
274 19
274 110
274 35
275 9
275 7
275 20
276 68
276 35
276 19
277 0
277 7
277 242
278 202
278 7
278 250
279 46
279 208
279 37
280 225
280 277
280 48
281 82
281 188
281 84
282 138
282 251
282 202
283 0
283 240
283 80
284 20
284 31
284 47
285 133
285 108
285 84
286 5
286 213
286 98
287 16
287 53
287 68
288 107
288 38
288 102
289 220
289 60
289 15
290 0
290 1
290 29
291 7
291 26
291 100
292 6
292 1
292 124
293 230
293 193
293 291
294 0
294 136
294 94
295 44
295 24
295 251
296 3
296 33
296 73
297 119
297 5
297 71
298 63
298 245
298 106
299 43
299 108
299 20
300 231
300 1
300 49
301 6
301 90
301 7
302 31
302 142
302 236
303 68
303 277
303 17
304 266
304 43
304 21
305 3
305 0
305 206
306 287
306 78
306 158
307 7
307 234
307 0
308 44
308 119
308 254
309 68
309 16
309 6
310 87
310 20
310 183
311 123
311 30
311 67
312 0
312 74
312 2
313 68
313 177
313 188
314 11
314 47
314 5
315 119
315 18
315 31
316 18
316 138
316 29
317 78
317 64
317 153
318 7
318 43
318 128
319 0
319 276
319 27
320 48
320 21
320 296
321 221
321 201
321 10
322 76
322 258
322 236
323 201
323 20
323 15
324 300
324 37
324 210
325 128
325 5
325 2
326 223
326 9
326 184
327 53
327 93
327 5
328 63
328 193
328 141
329 217
329 141
329 277
330 153
330 60
330 7
331 303
331 5
331 0
332 82
332 168
332 313
333 1
333 114
333 228
334 58
334 69
334 310
335 146
335 250
335 6
336 249
336 63
336 201
337 61
337 104
337 9
338 6
338 73
338 33
339 1
339 327
339 237
340 128
340 5
340 28
341 48
341 11
341 263
342 323
342 117
342 16
343 184
343 312
343 11
344 6
344 251
344 16
345 21
345 24
345 246
346 3
346 176
346 38
347 169
347 18
347 0
348 32
348 9
348 342
349 56
349 272
349 20
350 93
350 57
350 130
351 49
351 19
351 107
352 122
352 19
352 313
353 318
353 0
353 246
354 29
354 25
354 326
355 95
355 208
355 184
356 220
356 163
356 296
357 301
357 274
357 64
358 23
358 217
358 139
359 0
359 346
359 132
360 149
360 17
360 319
361 53
361 56
361 120
362 5
362 155
362 34
363 138
363 153
363 144
364 35
364 174
364 321
365 79
365 15
365 165
366 132
366 179
366 139
367 267
367 20
367 220
368 202
368 61
368 103
369 36
369 13
369 176
370 2
370 9
370 133
371 168
371 68
371 19
372 326
372 111
372 319
373 14
373 371
373 6
374 172
374 0
374 324
375 7
375 103
375 138
376 204
376 321
376 5
377 372
377 68
377 153
378 216
378 340
378 21
379 7
379 208
379 13
380 6
380 5
380 3
381 59
381 128
381 116
382 322
382 92
382 29
383 284
383 239
383 3
384 108
384 31
384 267
385 168
385 276
385 68
386 94
386 0
386 137
387 19
387 267
387 88
388 0
388 76
388 108
389 259
389 0
389 2
390 183
390 130
390 366
391 128
391 379
391 0
392 121
392 5
392 45
393 28
393 179
393 11
394 18
394 191
394 233
395 58
395 361
395 65
396 223
396 58
396 49
397 368
397 128
397 64
398 205
398 244
398 21
399 347
399 87
399 326
400 118
400 258
400 76
401 28
401 94
401 37
402 321
402 188
402 0
403 2
403 106
403 60
404 1
404 4
404 277
405 156
405 282
405 168
406 87
406 168
406 7
407 5
407 348
407 80
408 111
408 75
408 395
409 19
409 249
409 118
410 331
410 37
410 119
411 395
411 186
411 3
412 55
412 220
412 3
413 5
413 0
413 249
414 19
414 174
414 130
415 251
415 44
415 311
416 233
416 5
416 275
417 41
417 361
417 327
418 172
418 11
418 51
419 1
419 121
419 129
420 55
420 175
420 26
421 7
421 300
421 214
422 133
422 26
422 92
423 297
423 134
423 3
424 36
424 266
424 55
425 79
425 15
425 222
426 94
426 131
426 345
427 4
427 23
427 210
428 231
428 245
428 9
429 86
429 108
429 19
430 172
430 23
430 231
431 327
431 9
431 279
432 1
432 189
432 252
433 73
433 16
433 173
434 9
434 344
434 52
435 353
435 133
435 81
436 288
436 293
436 154
437 82
437 202
437 139
438 366
438 0
438 157
439 195
439 212
439 295
440 108
440 43
440 69
441 328
441 184
441 159
442 322
442 319
442 369
443 86
443 138
443 34
444 83
444 8
444 2
445 26
445 14
445 51
446 372
446 268
446 325
447 15
447 3
447 327
448 249
448 142
448 70
449 110
449 16
449 340
450 16
450 326
450 362
451 98
451 5
451 9
452 327
452 85
452 104
453 356
453 108
453 327
454 106
454 447
454 99
455 366
455 19
455 3
456 206
456 223
456 235
457 294
457 59
457 19
458 83
458 230
458 154
459 23
459 431
459 332
460 260
460 17
460 96
461 128
461 146
461 172
462 298
462 348
462 278
463 300
463 162
463 431
464 51
464 214
464 439
465 32
465 412
465 27
466 164
466 1
466 461
467 22
467 234
467 346
468 54
468 46
468 156
469 17
469 43
469 150
470 119
470 20
470 19
471 439
471 3
471 175
472 213
472 319
472 249
473 164
473 190
473 78
474 18
474 327
474 322
475 219
475 92
475 14
476 172
476 2
476 141
477 442
477 84
477 319
478 139
478 176
478 84
479 230
479 303
479 52
480 292
480 47
480 1
481 227
481 3
481 35
482 278
482 190
482 33
483 221
483 274
483 226
484 301
484 35
484 483
485 0
485 410
485 342
486 461
486 92
486 32
487 109
487 118
487 47
488 14
488 55
488 23
489 168
489 9
489 53
490 44
490 74
490 1
491 176
491 294
491 195
492 6
492 0
492 36
493 128
493 68
493 1
494 54
494 15
494 93
495 93
495 183
495 7
496 1
496 68
496 388
497 270
497 368
497 346
498 362
498 138
498 12
499 5
499 188
499 23
