0 1
0 2
0 3
1 0
1 2
1 3
2 1
2 0
2 3
3 2
3 1
3 0
4 0
4 1
4 3
5 0
5 3
5 4
6 2
6 1
6 3
7 1
7 2
7 4
8 0
8 5
8 1
9 2
9 5
9 3
10 3
10 2
10 1
11 10
11 5
11 4
12 7
12 1
12 6
13 11
13 1
13 9
14 3
14 7
14 10
15 14
15 1
15 5
16 3
16 9
16 14
17 1
17 12
17 2
18 14
18 13
18 4
19 3
19 18
19 1
20 8
20 1
20 13
21 6
21 16
21 3
22 3
22 10
22 14
23 7
23 1
23 2
24 1
24 7
24 20
25 3
25 8
25 7
26 12
26 17
26 2
27 1
27 14
27 11
28 16
28 3
28 14
29 3
29 28
29 14
30 1
30 11
30 5
31 2
31 9
31 10
32 21
32 10
32 17
33 4
33 25
33 19
34 3
34 4
34 17
35 25
35 5
35 4
36 21
36 10
36 7
37 19
37 21
37 0
38 12
38 22
38 21
39 18
39 35
39 2
40 28
40 12
40 2
41 3
41 27
41 14
42 9
42 10
42 12
43 26
43 10
43 33
44 41
44 36
44 14
45 11
45 10
45 44
46 6
46 41
46 7
47 26
47 25
47 1
48 35
48 4
48 3
49 13
49 0
49 45
50 41
50 9
50 4
51 2
51 33
51 36
52 0
52 11
52 1
53 9
53 0
53 27
54 9
54 1
54 49
55 2
55 41
55 0
56 18
56 4
56 28
57 2
57 11
57 37
58 26
58 20
58 4
59 37
59 19
59 14
60 1
60 26
60 46
61 10
61 37
61 22
62 56
62 1
62 36
63 56
63 14
63 1
64 42
64 52
64 25
65 7
65 10
65 3
66 1
66 4
66 41
67 17
67 6
67 4
68 1
68 9
68 4
69 30
69 56
69 27
70 25
70 14
70 45
71 35
71 32
71 5
72 3
72 11
72 50
73 0
73 22
73 24
74 45
74 21
74 17
75 16
75 1
75 3
76 31
76 1
76 9
77 1
77 30
77 4
78 30
78 35
78 10
79 58
79 75
79 19
80 73
80 1
80 50
81 6
81 25
81 80
82 46
82 30
82 3
83 14
83 78
83 41
84 6
84 52
84 4
85 3
85 30
85 20
86 3
86 35
86 1
87 4
87 7
87 2
88 85
88 72
88 19
89 13
89 3
89 66
90 16
90 47
90 22
91 72
91 3
91 5
92 23
92 1
92 34
93 9
93 90
93 16
94 66
94 39
94 35
95 72
95 12
95 1
96 24
96 53
96 3
97 44
97 17
97 2
98 73
98 49
98 25
99 55
99 3
99 61
100 63
100 37
100 61
101 46
101 66
101 48
102 46
102 36
102 9
103 34
103 20
103 26
104 3
104 71
104 13
105 103
105 30
105 32
106 86
106 22
106 3
107 44
107 3
107 21
108 99
108 90
108 3
109 30
109 0
109 90
110 26
110 1
110 12
111 2
111 37
111 1
112 3
112 56
112 88
113 66
113 2
113 49
114 14
114 30
114 19
115 50
115 66
115 44
116 102
116 8
116 90
117 92
117 37
117 73
118 27
118 99
118 69
119 30
119 41
119 14
120 39
120 11
120 107
121 1
121 3
121 80
122 10
122 17
122 84
123 69
123 32
123 14
124 118
124 115
124 1
125 7
125 75
125 2
126 2
126 7
126 73
127 44
127 124
127 53
128 14
128 9
128 61
129 14
129 26
129 59
130 8
130 66
130 18
131 66
131 1
131 47
132 3
132 10
132 27
133 26
133 6
133 66
134 110
134 6
134 10
135 95
135 66
135 107
136 26
136 29
136 27
137 102
137 20
137 1
138 70
138 1
138 118
139 91
139 28
139 127
140 1
140 23
140 16
141 27
141 1
141 44
142 22
142 136
142 7
143 136
143 62
143 103
144 108
144 61
144 41
145 0
145 67
145 107
146 128
146 145
146 24
147 103
147 137
147 123
148 72
148 118
148 22
149 90
149 30
149 2
150 63
150 6
150 132
151 3
151 61
151 4
152 44
152 98
152 34
153 14
153 138
153 111
154 7
154 77
154 66
155 111
155 67
155 37
156 11
156 90
156 45
157 71
157 31
157 115
158 103
158 11
158 0
159 99
159 34
159 21
160 41
160 121
160 22
161 16
161 35
161 3
162 37
162 30
162 31
163 133
163 11
163 14
164 22
164 66
164 43
165 35
165 91
165 159
166 130
166 121
166 10
167 60
167 93
167 121
168 37
168 27
168 18
169 4
169 103
169 69
170 30
170 0
170 162
171 130
171 9
171 95
172 19
172 0
172 117
173 4
173 55
173 3
174 7
174 37
174 131
175 30
175 163
175 174
176 86
176 80
176 3
177 104
177 1
177 28
178 10
178 32
178 53
179 32
179 1
179 30
180 44
180 111
180 5
181 1
181 175
181 148
182 1
182 22
182 14
183 34
183 97
183 21
184 73
184 11
184 34
185 14
185 140
185 150
186 103
186 102
186 137
187 1
187 7
187 138
188 183
188 3
188 80
189 129
189 53
189 31
190 93
190 10
190 45
191 38
191 3
191 50
192 90
192 54
192 27
193 80
193 2
193 143
194 3
194 41
194 173
195 190
195 7
195 141
196 26
196 16
196 90
197 121
197 27
197 172
198 73
198 41
198 26
199 9
199 35
199 2
200 1
200 4
200 39
201 0
201 130
201 88
202 0
202 50
202 39
203 131
203 174
203 25
204 203
204 53
204 50
205 6
205 106
205 30
206 100
206 173
206 14
207 35
207 53
207 56
208 10
208 44
208 14
209 1
209 44
209 57
210 50
210 35
210 1
211 37
211 39
211 100
212 35
212 42
212 161
213 142
213 189
213 49
214 0
214 131
214 2
215 48
215 22
215 116
216 56
216 37
216 10
217 131
217 92
217 111
218 3
218 90
218 4
219 139
219 121
219 22
220 91
220 56
220 7
221 7
221 50
221 90
222 90
222 44
222 50
223 14
223 22
223 216
224 51
224 4
224 41
225 21
225 3
225 26
226 9
226 67
226 62
227 58
227 106
227 29
228 6
228 214
228 143
229 47
229 128
229 14
230 197
230 14
230 50
231 195
231 3
231 142
232 189
232 61
232 5
233 111
233 48
233 2
234 18
234 182
234 58
235 102
235 47
235 115
236 87
236 35
236 9
237 14
237 3
237 30
238 2
238 93
238 3
239 181
239 57
239 3
240 1
240 24
240 81
241 19
241 3
241 71
242 167
242 121
242 205
243 5
243 195
243 2
244 3
244 5
244 116
245 22
245 1
245 90
246 72
246 47
246 2
247 217
247 246
247 11
248 41
248 4
248 42
249 113
249 157
249 83
250 191
250 121
250 30
251 248
251 98
251 97
252 18
252 7
252 228
253 22
253 66
253 72
254 65
254 7
254 76
255 4
255 3
255 33
256 115
256 243
256 8
257 45
257 35
257 53
258 130
258 2
258 80
259 203
259 121
259 257
260 73
260 186
260 86
261 177
261 16
261 174
262 187
262 1
262 26
263 79
263 41
263 172
264 131
264 14
264 44
265 36
265 47
265 154
266 66
266 232
266 181
267 216
267 198
267 118
268 139
268 26
268 264
269 145
269 102
269 11
270 194
270 0
270 13
271 10
271 1
271 238
272 247
272 10
272 2
273 41
273 158
273 36
274 64
274 234
274 194
275 37
275 21
275 35
276 177
276 238
276 178
277 263
277 145
277 75
278 149
278 212
278 14
279 247
279 45
279 151
280 9
280 263
280 58
281 72
281 4
281 187
282 223
282 37
282 205
283 191
283 57
283 13
284 7
284 123
284 2
285 10
285 71
285 90
286 92
286 279
286 1
287 63
287 1
287 207
288 172
288 113
288 9
289 5
289 1
289 10
290 272
290 17
290 10
291 10
291 45
291 275
292 212
292 24
292 14
293 53
293 111
293 0
294 123
294 293
294 50
295 29
295 62
295 5
296 18
296 52
296 264
297 219
297 62
297 7
298 1
298 258
298 214
299 114
299 14
299 26
300 173
300 27
300 235
301 20
301 175
301 90
302 243
302 34
302 191
303 2
303 230
303 3
304 44
304 165
304 295
305 41
305 224
305 44
306 1
306 292
306 72
307 202
307 64
307 99
308 61
308 185
308 100
309 130
309 246
309 190
310 121
310 138
310 295
311 228
311 93
311 19
312 211
312 7
312 277
313 7
313 4
313 89
314 12
314 1
314 272
315 21
315 70
315 80
316 277
316 72
316 240
317 2
317 81
317 139
318 1
318 90
318 273
319 30
319 283
319 190
320 2
320 5
320 71
321 1
321 106
321 277
322 4
322 30
322 7
323 228
323 154
323 192
324 2
324 213
324 207
325 3
325 145
325 307
326 237
326 274
326 21
327 306
327 269
327 25
328 62
328 27
328 103
329 246
329 41
329 30
330 224
330 1
330 301
331 1
331 11
331 29
332 5
332 20
332 35
333 43
333 1
333 174
334 107
334 90
334 46
335 3
335 49
335 45
336 236
336 31
336 4
337 10
337 2
337 14
338 12
338 8
338 265
339 191
339 53
339 103
340 3
340 243
340 159
341 191
341 181
341 2
342 329
342 139
342 204
343 142
343 208
343 22
344 135
344 114
344 105
345 18
345 330
345 166
346 35
346 128
346 1
347 128
347 20
347 61
348 124
348 25
348 170
349 27
349 285
349 228
350 28
350 217
350 66
351 320
351 34
351 90
352 262
352 212
352 295
353 327
353 5
353 50
354 231
354 123
354 26
355 222
355 230
355 6
356 182
356 254
356 14
357 333
357 16
357 9
358 72
358 94
358 341
359 181
359 333
359 41
360 3
360 135
360 161
361 211
361 77
361 3
362 8
362 250
362 28
363 27
363 180
363 226
364 257
364 3
364 138
365 1
365 50
365 339
366 1
366 76
366 66
367 70
367 103
367 110
368 14
368 249
368 57
369 162
369 260
369 228
370 301
370 21
370 22
371 12
371 121
371 14
372 25
372 30
372 35
373 1
373 120
373 7
374 320
374 14
374 268
375 14
375 174
375 3
376 157
376 206
376 300
377 32
377 186
377 142
378 42
378 10
378 102
379 5
379 70
379 193
380 25
380 238
380 255
381 185
381 197
381 58
382 249
382 135
382 85
383 61
383 331
383 6
384 72
384 279
384 352
385 7
385 255
385 183
386 288
386 69
386 14
387 174
387 9
387 10
388 10
388 255
388 48
389 1
389 66
389 9
390 201
390 14
390 75
391 341
391 4
391 159
392 120
392 51
392 135
393 21
393 28
393 33
394 279
394 270
394 255
395 272
395 120
395 33
396 14
396 103
396 73
397 7
397 278
397 216
398 145
398 22
398 8
399 387
399 255
399 288
400 111
400 367
400 266
401 1
401 149
401 3
402 3
402 255
402 133
403 27
403 375
403 400
404 9
404 155
404 61
405 325
405 265
405 41
406 19
406 41
406 248
407 356
407 45
407 191
408 166
408 58
408 360
409 43
409 30
409 342
410 353
410 2
410 142
411 89
411 103
411 66
412 313
412 365
412 14
413 14
413 40
413 283
414 1
414 188
414 348
415 124
415 248
415 15
416 50
416 60
416 189
417 1
417 175
417 14
418 218
418 210
418 43
419 10
419 44
419 14
420 13
420 14
420 240
421 249
421 71
421 80
422 202
422 137
422 190
423 78
423 24
423 36
424 204
424 199
424 33
425 80
425 14
425 2
426 2
426 144
426 238
427 53
427 413
427 240
428 194
428 143
428 73
429 360
429 191
429 218
430 58
430 191
430 10
431 0
431 171
431 37
432 210
432 412
432 289
433 188
433 396
433 303
434 252
434 174
434 256
435 420
435 335
435 262
436 224
436 102
436 330
437 327
437 37
437 428
438 228
438 331
438 404
439 353
439 433
439 284
440 107
440 19
440 223
441 4
441 296
441 284
442 295
442 102
442 1
443 191
443 238
443 374
444 74
444 400
444 249
445 5
445 144
445 11
446 80
446 13
446 308
447 110
447 12
447 62
448 370
448 134
448 437
449 311
449 348
449 50
450 268
450 217
450 62
451 131
451 145
451 139
452 11
452 271
452 13
453 396
453 39
453 14
454 45
454 21
454 357
455 2
455 96
455 225
456 445
456 143
456 137
457 122
457 426
457 217
458 166
458 28
458 88
459 130
459 443
459 34
460 346
460 233
460 227
461 173
461 17
461 76
462 83
462 283
462 233
463 272
463 185
463 14
464 42
464 44
464 1
465 95
465 41
465 266
466 298
466 17
466 158
467 267
467 247
467 384
468 3
468 392
468 270
469 257
469 205
469 71
470 306
470 57
470 375
471 1
471 14
471 368
472 1
472 159
472 10
473 55
473 243
473 396
474 306
474 174
474 217
475 211
475 10
475 103
476 444
476 237
476 0
477 115
477 13
477 11
478 3
478 16
478 33
479 28
479 166
479 53
480 192
480 4
480 17
481 9
481 62
481 21
482 476
482 134
482 348
483 87
483 334
483 157
484 380
484 70
484 16
485 419
485 3
485 19
486 47
486 114
486 481
487 3
487 56
487 13
488 374
488 320
488 369
489 28
489 174
489 329
490 192
490 482
490 7
491 13
491 14
491 104
492 27
492 296
492 173
493 360
493 192
493 217
494 184
494 123
494 34
495 289
495 268
495 151
496 451
496 369
496 300
497 44
497 1
497 52
498 339
498 463
498 163
499 396
499 409
499 7
500 3
500 10
500 411
501 80
501 3
501 121
502 282
502 285
502 230
503 34
503 14
503 143
504 61
504 240
504 0
505 33
505 131
505 352
506 13
506 138
506 391
507 2
507 487
507 242
508 6
508 111
508 50
509 259
509 17
509 419
510 3
510 5
510 473
511 417
511 7
511 286
512 102
512 347
512 48
513 217
513 25
513 7
514 0
514 14
514 485
515 65
515 440
515 149
516 476
516 504
516 400
517 41
517 78
517 75
518 32
518 5
518 70
519 20
519 248
519 26
520 260
520 276
520 139
521 159
521 482
521 145
522 470
522 226
522 4
523 299
523 6
523 2
524 28
524 11
524 55
525 190
525 357
525 2
526 510
526 240
526 370
527 28
527 318
527 216
528 25
528 447
528 367
529 484
529 135
529 5
530 189
530 383
530 138
531 9
531 208
531 296
532 363
532 80
532 9
533 213
533 493
533 288
534 375
534 20
534 368
535 389
535 189
535 42
536 396
536 268
536 171
537 12
537 46
537 1
538 413
538 426
538 10
539 216
539 3
539 7
540 533
540 394
540 149
541 7
541 0
541 1
542 14
542 353
542 210
543 121
543 14
543 235
544 101
544 44
544 338
545 73
545 0
545 512
546 3
546 4
546 10
547 212
547 2
547 128
548 482
548 80
548 205
549 448
549 17
549 62
550 162
550 283
550 58
551 414
551 382
551 26
552 512
552 534
552 21
553 46
553 35
553 474
554 57
554 2
554 145
555 5
555 257
555 309
556 1
556 332
556 63
557 352
557 72
557 422
558 270
558 337
558 19
559 13
559 107
559 10
560 0
560 408
560 318
561 160
561 281
561 370
562 150
562 555
562 66
563 203
563 28
563 400
564 447
564 260
564 228
565 9
565 554
565 102
566 493
566 44
566 0
567 143
567 546
567 1
568 398
568 161
568 331
569 10
569 547
569 6
570 63
570 192
570 3
571 1
571 378
571 33
572 7
572 376
572 62
573 11
573 119
573 267
574 28
574 542
574 214
575 12
575 169
575 8
576 128
576 40
576 329
577 137
577 547
577 177
578 132
578 143
578 282
579 41
579 18
579 486
580 33
580 76
580 512
581 178
581 26
581 55
582 191
582 10
582 166
583 143
583 135
583 14
584 321
584 7
584 6
585 360
585 427
585 362
586 306
586 10
586 66
587 99
587 557
587 428
588 255
588 1
588 290
589 353
589 175
589 3
590 420
590 19
590 233
591 110
591 4
591 111
592 405
592 63
592 41
593 33
593 421
593 2
594 102
594 178
594 469
595 159
595 2
595 195
596 542
596 212
596 16
597 518
597 53
597 569
598 36
598 270
598 3
599 418
599 212
599 1
600 3
600 139
600 263
601 37
601 194
601 79
602 73
602 447
602 44
603 20
603 202
603 39
604 37
604 211
604 2
605 275
605 59
605 39
606 137
606 501
606 1
607 227
607 1
607 41
608 27
608 591
608 456
609 124
609 14
609 9
610 541
610 53
610 74
611 75
611 111
611 36
612 41
612 463
612 7
613 9
613 142
613 224
614 27
614 585
614 44
615 228
615 39
615 283
616 192
616 199
616 12
617 283
617 391
617 419
618 235
618 258
618 43
619 302
619 270
619 59
620 0
620 53
620 80
621 189
621 9
621 376
622 487
622 412
622 26
623 123
623 41
623 498
624 126
624 10
624 71
625 44
625 33
625 501
626 11
626 339
626 7
627 467
627 44
627 171
628 1
628 324
628 403
629 587
629 478
629 402
630 171
630 257
630 203
631 31
631 19
631 17
632 20
632 58
632 126
633 88
633 0
633 107
634 242
634 5
634 2
635 2
635 267
635 264
636 96
636 208
636 288
637 310
637 46
637 142
638 324
638 121
638 261
639 115
639 42
639 503
640 190
640 409
640 424
641 250
641 130
641 45
642 143
642 360
642 217
643 214
643 329
643 50
644 82
644 339
644 5
645 188
645 7
645 523
646 1
646 410
646 260
647 1
647 154
647 377
648 186
648 631
648 178
649 25
649 231
649 387
650 214
650 59
650 339
651 56
651 27
651 491
652 249
652 159
652 585
653 71
653 535
653 64
654 75
654 461
654 109
655 149
655 647
655 54
656 103
656 135
656 149
657 139
657 448
657 499
658 498
658 1
658 25
659 403
659 657
659 365
660 639
660 5
660 50
661 482
661 0
661 56
662 393
662 90
662 108
663 12
663 467
663 27
664 151
664 577
664 591
665 91
665 88
665 556
666 149
666 604
666 50
667 146
667 427
667 355
668 14
668 7
668 621
669 474
669 454
669 530
670 36
670 619
670 219
671 570
671 497
671 234
672 193
672 268
672 20
673 466
673 561
673 486
674 4
674 146
674 46
675 80
675 7
675 144
676 205
676 437
676 175
677 223
677 5
677 17
678 0
678 131
678 16
679 262
679 286
679 3
680 66
680 40
680 575
681 607
681 257
681 199
682 354
682 77
682 90
683 307
683 1
683 50
684 2
684 39
684 41
685 5
685 107
685 631
686 641
686 485
686 41
687 35
687 9
687 556
688 414
688 1
688 396
689 0
689 20
689 158
690 320
690 93
690 621
691 482
691 313
691 10
692 72
692 102
692 596
693 556
693 143
693 352
694 438
694 20
694 577
695 310
695 3
695 93
696 71
696 640
696 174
697 26
697 458
697 24
698 4
698 516
698 3
699 307
699 71
699 463
700 553
700 45
700 14
701 285
701 8
701 33
702 58
702 448
702 20
703 325
703 230
703 3
704 212
704 527
704 24
705 696
705 10
705 495
706 374
706 22
706 3
707 29
707 22
707 1
708 300
708 649
708 86
709 50
709 11
709 685
710 375
710 470
710 233
711 22
711 208
711 84
712 547
712 348
712 22
713 186
713 165
713 663
714 353
714 688
714 378
715 296
715 333
715 178
716 25
716 14
716 4
717 605
717 221
717 40
718 21
718 299
718 24
719 362
719 420
719 259
720 69
720 14
720 28
721 31
721 550
721 170
722 398
722 202
722 38
723 508
723 207
723 613
724 111
724 412
724 417
725 413
725 121
725 44
726 73
726 65
726 2
727 701
727 439
727 515
728 46
728 655
728 488
729 622
729 161
729 4
730 331
730 241
730 355
731 403
731 673
731 665
732 243
732 628
732 65
733 681
733 420
733 380
734 47
734 710
734 197
735 16
735 26
735 74
736 43
736 732
736 63
737 315
737 2
737 396
738 22
738 337
738 98
739 17
739 597
739 565
740 534
740 620
740 624
741 589
741 90
741 8
742 735
742 25
742 117
743 41
743 309
743 11
744 726
744 417
744 545
745 50
745 711
745 270
746 25
746 623
746 393
747 61
747 449
747 65
748 742
748 1
748 428
749 724
749 235
749 73
750 36
750 34
750 463
751 64
751 28
751 20
752 1
752 63
752 102
753 3
753 603
753 485
754 62
754 170
754 644
755 212
755 2
755 468
756 13
756 38
756 194
757 391
757 19
757 111
758 14
758 138
758 53
759 398
759 212
759 66
760 2
760 63
760 104
761 213
761 412
761 2
762 1
762 233
762 67
763 121
763 159
763 467
764 36
764 9
764 300
765 162
765 442
765 194
766 291
766 465
766 265
767 126
767 584
767 618
768 384
768 334
768 502
769 420
769 727
769 28
770 73
770 744
770 547
771 214
771 110
771 550
772 7
772 201
772 550
773 686
773 135
773 154
774 8
774 14
774 450
775 501
775 384
775 72
776 1
776 533
776 30
777 455
777 1
777 217
778 589
778 61
778 55
779 101
779 1
779 110
780 0
780 328
780 658
781 274
781 393
781 682
782 403
782 323
782 593
783 656
783 302
783 631
784 4
784 283
784 14
785 38
785 91
785 63
786 296
786 1
786 542
787 61
787 674
787 241
788 428
788 394
788 34
789 29
789 274
789 385
790 139
790 373
790 773
791 3
791 43
791 619
792 47
792 14
792 33
793 367
793 458
793 395
794 41
794 756
794 655
795 419
795 93
795 671
796 279
796 438
796 421
797 5
797 264
797 16
798 41
798 5
798 307
799 1
799 5
799 110
800 3
800 172
800 4
801 251
801 402
801 325
802 91
802 481
802 12
803 414
803 163
803 29
804 93
804 422
804 681
805 37
805 18
805 590
806 30
806 19
806 257
807 202
807 100
807 391
808 50
808 305
808 440
809 6
809 569
809 414
810 17
810 130
810 769
811 655
811 166
811 148
812 80
812 677
812 540
813 302
813 22
813 2
814 35
814 681
814 49
815 142
815 663
815 799
816 773
816 4
816 3
817 352
817 344
817 64
818 71
818 306
818 286
819 53
819 27
819 641
820 470
820 1
820 187
821 61
821 525
821 14
822 139
822 805
822 39
823 690
823 255
823 20
824 203
824 44
824 595
825 37
825 53
825 22
826 121
826 167
826 56
827 3
827 130
827 260
828 501
828 387
828 37
829 17
829 10
829 24
830 34
830 56
830 14
831 300
831 402
831 679
832 2
832 71
832 22
833 289
833 242
833 45
834 694
834 166
834 1
835 12
835 327
835 34
836 711
836 3
836 594
837 120
837 242
837 5
838 628
838 42
838 3
839 564
839 500
839 188
840 706
840 76
840 123
841 354
841 454
841 328
842 501
842 2
842 7
843 808
843 248
843 14
844 323
844 548
844 80
845 16
845 128
845 131
846 386
846 58
846 694
847 58
847 50
847 2
848 2
848 829
848 357
849 69
849 375
849 431
850 52
850 353
850 72
851 53
851 189
851 4
852 144
852 41
852 474
853 184
853 0
853 695
854 159
854 66
854 43
855 576
855 114
855 115
856 54
856 43
856 393
857 0
857 336
857 700
858 534
858 216
858 56
859 42
859 31
859 806
860 48
860 598
860 704
861 82
861 3
861 80
862 92
862 1
862 55
863 849
863 156
863 295
864 482
864 378
864 736
865 121
865 302
865 36
866 473
866 593
866 675
867 81
867 268
867 146
868 379
868 565
868 40
869 444
869 120
869 114
870 27
870 45
870 264
871 682
871 702
871 6
872 94
872 50
872 807
873 447
873 71
873 589
874 234
874 19
874 780
875 170
875 133
875 111
876 48
876 181
876 255
877 21
877 493
877 101
878 286
878 117
878 20
879 314
879 427
879 412
880 465
880 190
880 866
881 87
881 73
881 244
882 770
882 562
882 755
883 19
883 73
883 27
884 106
884 87
884 747
885 148
885 547
885 190
886 267
886 103
886 675
887 555
887 552
887 61
888 134
888 9
888 25
889 40
889 55
889 320
890 503
890 206
890 50
891 1
891 652
891 127
892 658
892 550
892 171
893 46
893 662
893 797
894 34
894 67
894 14
895 5
895 708
895 675
896 53
896 44
896 183
897 24
897 6
897 550
898 80
898 30
898 482
899 408
899 127
899 606
900 55
900 96
900 102
901 11
901 7
901 155
902 779
902 474
902 713
903 303
903 702
903 30
904 58
904 741
904 371
905 619
905 248
905 684
906 62
906 118
906 831
907 103
907 78
907 796
908 655
908 121
908 430
909 90
909 19
909 45
910 145
910 701
910 10
911 11
911 320
911 747
912 213
912 258
912 53
913 674
913 50
913 518
914 296
914 647
914 11
915 352
915 10
915 479
916 208
916 275
916 162
917 30
917 242
917 713
918 37
918 176
918 4
919 57
919 233
919 689
920 213
920 3
920 393
921 9
921 320
921 37
922 102
922 36
922 326
923 5
923 20
923 437
924 190
924 413
924 41
925 22
925 375
925 2
926 254
926 599
926 326
927 2
927 47
927 373
928 145
928 33
928 408
929 71
929 826
929 694
930 72
930 5
930 14
931 37
931 313
931 66
932 283
932 119
932 90
933 144
933 307
933 504
934 311
934 33
934 13
935 794
935 270
935 825
936 146
936 682
936 46
937 546
937 214
937 103
938 392
938 20
938 76
939 428
939 920
939 644
940 443
940 14
940 208
941 248
941 681
941 40
942 88
942 40
942 3
943 60
943 783
943 13
944 837
944 48
944 323
945 639
945 30
945 282
946 510
946 301
946 929
947 7
947 1
947 428
948 607
948 352
948 13
949 304
949 42
949 21
950 93
950 816
950 101
951 244
951 55
951 0
952 77
952 397
952 262
953 567
953 351
953 425
954 818
954 58
954 928
955 808
955 2
955 45
956 7
956 378
956 646
957 207
957 708
957 823
958 0
958 30
958 665
959 525
959 32
959 492
960 8
960 174
960 111
961 568
961 246
961 118
962 890
962 393
962 50
963 396
963 750
963 1
964 78
964 901
964 320
965 22
965 545
965 21
966 264
966 235
966 52
967 209
967 68
967 393
968 209
968 691
968 386
969 298
969 272
969 50
970 102
970 90
970 419
971 216
971 550
971 14
972 1
972 243
972 655
973 27
973 837
973 164
974 7
974 774
974 289
975 131
975 58
975 378
976 14
976 482
976 3
977 50
977 19
977 162
978 648
978 31
978 193
979 648
979 288
979 144
980 13
980 159
980 190
981 10
981 71
981 22
982 45
982 363
982 832
983 111
983 34
983 374
984 337
984 276
984 44
985 36
985 544
985 375
986 971
986 259
986 91
987 108
987 815
987 758
988 46
988 812
988 53
989 47
989 159
989 416
990 344
990 679
990 9
991 849
991 785
991 424
992 514
992 10
992 733
993 135
993 107
993 470
994 0
994 352
994 559
995 212
995 553
995 254
996 30
996 193
996 178
997 2
997 178
997 121
998 81
998 730
998 150
999 955
999 403
999 438
