0 1
1 0
2 1
2 0
3 2
3 1
3 0
4 3
4 0
4 1
5 0
5 1
5 2
6 0
6 2
6 1
7 1
7 0
7 5
8 7
8 0
8 3
9 7
9 1
9 4
10 2
10 1
10 7
11 6
11 0
11 3
12 0
12 3
12 7
13 1
13 10
13 0
14 1
14 11
14 3
15 7
15 11
15 14
16 4
16 8
16 10
17 0
17 1
17 3
18 1
18 0
18 10
19 10
19 18
19 9
20 5
20 7
20 12
21 1
21 20
21 19
22 3
22 1
22 2
23 1
23 16
23 22
24 4
24 0
24 5
25 14
25 1
25 18
26 7
26 5
26 1
27 19
27 0
27 10
28 25
28 24
28 0
29 3
29 20
29 7
30 27
30 0
30 28
31 3
31 1
31 0
32 5
32 20
32 0
33 12
33 13
33 2
34 0
34 2
34 21
35 24
35 5
35 21
36 0
36 1
36 21
37 7
37 0
37 23
38 3
38 33
38 10
39 0
39 38
39 1
40 0
40 3
40 5
41 3
41 7
41 11
42 5
42 0
42 2
43 31
43 21
43 11
44 0
44 19
44 27
45 17
45 1
45 4
46 0
46 10
46 2
47 28
47 0
47 3
48 15
48 0
48 8
49 0
49 11
49 17
50 0
50 2
50 48
51 7
51 39
51 1
52 31
52 36
52 19
53 0
53 31
53 10
54 0
54 1
54 15
55 25
55 19
55 12
56 10
56 0
56 28
57 4
57 19
57 36
58 20
58 1
58 31
59 14
59 27
59 0
60 13
60 45
60 1
61 0
61 7
61 23
62 7
62 51
62 38
63 54
63 17
63 18
64 7
64 2
64 34
65 7
65 31
65 3
66 6
66 1
66 16
67 29
67 5
67 1
68 63
68 23
68 4
69 1
69 13
69 41
70 1
70 0
70 48
71 38
71 62
71 5
72 37
72 19
72 1
73 17
73 51
73 5
74 0
74 68
74 51
75 0
75 3
75 7
76 48
76 19
76 0
77 0
77 62
77 71
78 72
78 70
78 26
79 39
79 72
79 18
80 3
80 8
80 6
81 29
81 65
81 0
82 5
82 34
82 13
83 5
83 11
83 20
84 4
84 0
84 21
85 59
85 47
85 74
86 1
86 72
86 0
87 22
87 66
87 74
88 66
88 10
88 12
89 72
89 0
89 78
90 13
90 5
90 4
91 1
91 6
91 12
92 0
92 2
92 29
93 1
93 34
93 11
94 19
94 88
94 1
95 30
95 70
95 63
96 83
96 48
96 52
97 17
97 74
97 1
98 5
98 48
98 1
99 56
99 61
99 11
100 11
100 1
100 74
101 38
101 10
101 72
102 88
102 67
102 51
103 11
103 39
103 68
104 17
104 49
104 28
105 63
105 2
105 28
106 10
106 67
106 3
107 16
107 8
107 15
108 21
108 68
108 29
109 10
109 98
109 0
110 1
110 105
110 67
111 79
111 68
111 1
112 61
112 88
112 0
113 7
113 41
113 11
114 20
114 45
114 74
115 5
115 16
115 97
116 27
116 61
116 78
117 111
117 107
117 67
118 3
118 114
118 111
119 1
119 27
119 7
120 110
120 111
120 7
121 77
121 19
121 70
122 31
122 57
122 32
123 12
123 61
123 7
124 0
124 61
124 4
125 1
125 39
125 3
126 21
126 1
126 7
127 19
127 33
127 64
128 73
128 21
128 8
129 5
129 14
129 7
130 21
130 39
130 104
131 56
131 110
131 5
132 44
132 66
132 84
133 102
133 89
133 70
134 21
134 0
134 13
135 41
135 70
135 3
136 31
136 91
136 39
137 32
137 16
137 27
138 56
138 20
138 11
139 26
139 78
139 57
140 52
140 1
140 0
141 4
141 88
141 21
142 21
142 85
142 28
143 87
143 2
143 17
144 0
144 49
144 138
145 10
145 27
145 5
146 0
146 91
146 70
147 67
147 59
147 85
148 104
148 107
148 120
149 51
149 139
149 6
150 85
150 6
150 104
151 138
151 56
151 121
152 2
152 5
152 21
153 39
153 1
153 16
154 0
154 34
154 67
155 4
155 10
155 19
156 8
156 10
156 97
157 16
157 0
157 12
158 0
158 118
158 4
159 3
159 5
159 154
160 141
160 8
160 92
161 7
161 45
161 14
162 63
162 153
162 108
163 85
163 0
163 1
164 45
164 53
164 64
165 0
165 136
165 137
166 48
166 54
166 12
167 99
167 117
167 21
168 1
168 0
168 112
169 8
169 10
169 135
170 1
170 84
170 41
171 1
171 5
171 52
172 18
172 111
172 3
173 0
173 84
173 97
174 9
174 5
174 124
175 74
175 159
175 21
176 1
176 147
176 21
177 119
177 13
177 111
178 2
178 0
178 31
179 2
179 64
179 16
180 111
180 71
180 41
181 161
181 10
181 153
182 151
182 60
182 31
183 50
183 33
183 174
184 39
184 143
184 171
185 16
185 150
185 0
186 31
186 0
186 141
187 49
187 7
187 0
188 12
188 182
188 1
189 54
189 26
189 41
190 48
190 23
190 53
191 16
191 116
191 41
192 128
192 26
192 1
193 112
193 108
193 41
194 1
194 34
194 21
195 31
195 48
195 88
196 2
196 19
196 166
197 54
197 31
197 12
198 60
198 16
198 48
199 92
199 167
199 156
200 121
200 99
200 56
201 87
201 92
201 70
202 193
202 94
202 88
203 24
203 114
203 70
204 20
204 39
204 21
205 45
205 193
205 18
206 81
206 168
206 22
207 125
207 127
207 69
208 0
208 2
208 127
209 103
209 31
209 77
210 130
210 99
210 12
211 54
211 173
211 177
212 69
212 20
212 48
213 159
213 166
213 8
214 87
214 108
214 2
215 117
215 21
215 36
216 166
216 38
216 27
217 180
217 16
217 66
218 0
218 74
218 59
219 210
219 119
219 201
220 6
220 8
220 42
221 36
221 56
221 90
222 0
222 137
222 149
223 22
223 86
223 54
224 32
224 9
224 114
225 9
225 11
225 187
226 6
226 21
226 173
227 158
227 83
227 49
228 28
228 0
228 200
229 7
229 78
229 158
230 62
230 77
230 5
231 5
231 0
231 223
232 0
232 93
232 32
233 216
233 1
233 0
234 169
234 94
234 20
235 20
235 52
235 55
236 8
236 88
236 82
237 4
237 78
237 20
238 138
238 163
238 152
239 20
239 1
239 64
240 3
240 37
240 63
241 162
241 122
241 177
242 61
242 231
242 15
243 92
243 20
243 7
244 211
244 17
244 47
245 19
245 167
245 56
246 191
246 88
246 110
247 111
247 114
247 1
248 52
248 200
248 70
249 66
249 170
249 16
250 131
250 149
250 3
251 83
251 0
251 59
252 233
252 160
252 31
253 189
253 157
253 47
254 3
254 21
254 75
255 165
255 174
255 39
256 167
256 130
256 64
257 41
257 192
257 71
258 27
258 87
258 173
259 119
259 14
259 54
260 72
260 28
260 18
261 189
261 111
261 233
262 0
262 1
262 135
263 86
263 142
263 52
264 32
264 146
264 175
265 0
265 244
265 174
266 144
266 5
266 1
267 90
267 4
267 40
268 231
268 1
268 0
269 259
269 0
269 21
270 175
270 27
270 18
271 159
271 161
271 154
272 97
272 21
272 8
273 20
273 249
273 67
274 31
274 172
274 0
275 134
275 259
275 184
276 206
276 36
276 191
277 187
277 162
277 219
278 23
278 2
278 7
279 68
279 127
279 13
280 246
280 133
280 25
281 3
281 85
281 25
282 188
282 189
282 200
283 161
283 42
283 27
284 41
284 166
284 211
285 72
285 71
285 239
286 278
286 93
286 195
287 39
287 183
287 83
288 43
288 72
288 264
289 27
289 100
289 270
290 111
290 10
290 227
291 48
291 186
291 21
292 45
292 83
292 141
293 272
293 49
293 133
294 264
294 7
294 281
295 291
295 7
295 86
296 1
296 21
296 126
297 36
297 0
297 134
298 39
298 121
298 1
299 247
299 2
299 1
300 0
300 70
300 91
301 16
301 228
301 7
302 0
302 102
302 125
303 25
303 16
303 36
304 57
304 151
304 1
305 28
305 7
305 187
306 29
306 0
306 7
307 7
307 201
307 88
308 56
308 162
308 21
309 258
309 220
309 182
310 69
310 241
310 218
311 158
311 42
311 210
312 1
312 232
312 15
313 208
313 9
313 249
314 24
314 1
314 297
315 156
315 56
315 14
316 20
316 91
316 140
317 250
317 110
317 71
318 12
318 200
318 165
319 214
319 0
319 103
320 7
320 48
320 128
321 48
321 306
321 186
322 189
322 60
322 66
323 1
323 5
323 143
324 0
324 68
324 74
325 253
325 8
325 319
326 236
326 23
326 7
327 1
327 116
327 61
328 0
328 316
328 167
329 50
329 29
329 31
330 2
330 73
330 21
331 242
331 90
331 67
332 36
332 138
332 1
333 1
333 121
333 21
334 5
334 330
334 41
335 0
335 171
335 147
336 92
336 28
336 151
337 97
337 236
337 86
338 3
338 204
338 161
339 15
339 169
339 146
340 1
340 39
340 174
341 6
341 104
341 72
342 166
342 0
342 83
343 72
343 0
343 16
344 21
344 111
344 0
345 0
345 118
345 91
346 345
346 47
346 40
347 138
347 132
347 249
348 271
348 67
348 1
349 0
349 262
349 286
350 228
350 7
350 1
351 84
351 53
351 19
352 16
352 47
352 52
353 18
353 111
353 2
354 77
354 0
354 31
355 5
355 207
355 294
356 72
356 119
356 71
357 88
357 4
357 51
358 21
358 121
358 0
359 258
359 68
359 307
360 0
360 338
360 276
361 66
361 296
361 80
362 138
362 10
362 3
363 11
363 27
363 102
364 143
364 0
364 296
365 223
365 7
365 356
366 31
366 250
366 14
367 80
367 8
367 49
368 37
368 26
368 264
369 230
369 67
369 269
370 327
370 368
370 9
371 177
371 61
371 167
372 182
372 39
372 19
373 10
373 24
373 11
374 18
374 66
374 317
375 0
375 214
375 5
376 313
376 21
376 147
377 85
377 313
377 7
378 42
378 188
378 20
379 18
379 82
379 166
380 369
380 35
380 0
381 19
381 279
381 319
382 45
382 223
382 310
383 284
383 7
383 46
384 61
384 107
384 291
385 171
385 89
385 61
386 36
386 140
386 65
387 59
387 77
387 48
388 326
388 0
388 269
389 76
389 231
389 0
390 12
390 3
390 239
391 286
391 10
391 367
392 157
392 118
392 120
393 61
393 5
393 175
394 4
394 182
394 0
395 97
395 208
395 141
396 191
396 40
396 286
397 315
397 373
397 145
398 0
398 315
398 5
399 152
399 52
399 265
400 169
400 224
400 321
401 399
401 240
401 48
402 301
402 21
402 247
403 10
403 229
403 127
404 51
404 217
404 6
405 358
405 2
405 300
406 72
406 286
406 223
407 22
407 20
407 104
408 19
408 197
408 229
409 156
409 62
409 1
410 92
410 2
410 67
411 3
411 169
411 197
412 200
412 143
412 21
413 38
413 317
413 149
414 166
414 19
414 303
415 27
415 322
415 1
416 132
416 19
416 348
417 137
417 166
417 246
418 1
418 61
418 339
419 0
419 18
419 14
420 104
420 251
420 6
421 40
421 328
421 284
422 19
422 8
422 0
423 410
423 103
423 382
424 136
424 124
424 120
425 301
425 376
425 20
426 1
426 106
426 76
427 388
427 196
427 233
428 164
428 92
428 203
429 330
429 424
429 42
430 199
430 276
430 82
431 19
431 22
431 107
432 138
432 11
432 249
433 166
433 1
433 234
434 93
434 1
434 103
435 271
435 289
435 283
436 399
436 228
436 352
437 71
437 1
437 433
438 149
438 80
438 62
439 0
439 61
439 350
440 28
440 167
440 1
441 166
441 84
441 135
442 169
442 6
442 56
443 237
443 26
443 108
444 17
444 186
444 391
445 88
445 1
445 121
446 0
446 71
446 328
447 43
447 0
447 3
448 121
448 105
448 24
449 276
449 0
449 116
450 13
450 188
450 52
451 223
451 250
451 107
452 428
452 234
452 76
453 135
453 197
453 61
454 66
454 84
454 238
455 17
455 3
455 111
456 70
456 0
456 27
457 52
457 272
457 207
458 433
458 31
458 289
459 219
459 315
459 110
460 130
460 134
460 196
461 119
461 173
461 91
462 250
462 60
462 186
463 232
463 293
463 132
464 0
464 112
464 67
465 1
465 140
465 61
466 398
466 233
466 368
467 337
467 463
467 279
468 1
468 0
468 361
469 299
469 221
469 427
470 10
470 38
470 29
471 246
471 7
471 119
472 443
472 62
472 60
473 48
473 132
473 460
474 20
474 223
474 194
475 201
475 405
475 371
476 385
476 7
476 34
477 363
477 7
477 60
478 4
478 7
478 283
479 63
479 14
479 120
480 169
480 40
480 85
481 157
481 20
481 44
482 1
482 231
482 160
483 78
483 104
483 64
484 356
484 50
484 208
485 200
485 221
485 112
486 16
486 35
486 374
487 11
487 175
487 193
488 382
488 213
488 73
489 91
489 10
489 13
490 255
490 167
490 236
491 114
491 56
491 443
492 1
492 5
492 462
493 124
493 335
493 6
494 143
494 206
494 166
495 112
495 56
495 325
496 9
496 420
496 68
497 223
497 170
497 138
498 147
498 122
498 17
499 149
499 443
499 28
500 91
500 244
500 371
501 352
501 189
501 375
502 153
502 246
502 31
503 328
503 149
503 186
504 231
504 104
504 50
505 450
505 2
505 3
506 317
506 2
506 225
507 410
507 488
507 103
508 428
508 8
508 213
509 205
509 26
509 241
510 459
510 0
510 36
511 205
511 144
511 57
512 292
512 289
512 52
513 0
513 12
513 107
514 365
514 407
514 97
515 233
515 433
515 28
516 307
516 289
516 91
517 20
517 3
517 313
518 32
518 330
518 42
519 85
519 214
519 102
520 353
520 28
520 7
521 194
521 8
521 382
522 48
522 405
522 232
523 482
523 120
523 363
524 74
524 16
524 381
525 331
525 295
525 312
526 510
526 292
526 83
527 15
527 331
527 159
528 6
528 138
528 337
529 402
529 190
529 210
530 148
530 438
530 77
531 121
531 367
531 375
532 5
532 56
532 485
533 3
533 402
533 70
534 26
534 365
534 302
535 216
535 1
535 235
536 79
536 111
536 39
537 315
537 67
537 28
538 104
538 120
538 158
539 21
539 246
539 379
540 78
540 151
540 111
541 134
541 536
541 198
542 207
542 67
542 48
543 397
543 60
543 167
544 10
544 2
544 429
545 175
545 21
545 520
546 36
546 0
546 204
547 353
547 27
547 536
548 204
548 272
548 16
549 2
549 367
549 39
550 286
550 231
550 1
551 125
551 311
551 189
552 3
552 420
552 61
553 10
553 22
553 192
554 45
554 399
554 105
555 434
555 84
555 522
556 523
556 56
556 0
557 437
557 86
557 374
558 166
558 319
558 33
559 482
559 0
559 29
560 234
560 394
560 31
561 70
561 369
561 389
562 46
562 28
562 246
563 1
563 7
563 128
564 82
564 226
564 88
565 482
565 283
565 10
566 416
566 528
566 201
567 271
567 99
567 121
568 29
568 329
568 200
569 186
569 450
569 64
570 533
570 337
570 94
571 21
571 186
571 497
572 31
572 66
572 527
573 222
573 446
573 94
574 81
574 546
574 128
575 554
575 94
575 282
576 169
576 47
576 17
577 88
577 3
577 72
578 63
578 161
578 489
579 20
579 342
579 21
580 526
580 24
580 242
581 347
581 341
581 5
582 4
582 250
582 111
583 529
583 166
583 60
584 13
584 557
584 495
585 276
585 470
585 449
586 108
586 263
586 7
587 21
587 158
587 125
588 562
588 411
588 313
589 161
589 494
589 289
590 21
590 174
590 371
591 26
591 39
591 4
592 286
592 111
592 21
593 79
593 66
593 437
594 19
594 578
594 56
595 276
595 182
595 471
596 246
596 158
596 478
597 413
597 52
597 181
598 166
598 88
598 264
599 3
599 103
599 162
600 530
600 1
600 149
601 420
601 9
601 433
602 260
602 47
602 216
603 40
603 157
603 474
604 361
604 184
604 1
605 179
605 4
605 48
606 211
606 84
606 394
607 243
607 11
607 97
608 155
608 135
608 430
609 466
609 1
609 52
610 503
610 121
610 337
611 36
611 97
611 317
612 192
612 219
612 166
613 352
613 494
613 422
614 31
614 488
614 270
615 554
615 11
615 108
616 276
616 45
616 424
617 51
617 3
617 10
618 20
618 206
618 194
619 329
619 313
619 580
620 11
620 231
620 0
621 12
621 39
621 145
622 129
622 27
622 348
623 175
623 575
623 114
624 118
624 373
624 411
625 16
625 595
625 22
626 308
626 135
626 84
627 487
627 43
627 475
628 0
628 144
628 112
629 134
629 7
629 119
630 21
630 122
630 166
631 17
631 247
631 20
632 1
632 267
632 368
633 36
633 581
633 379
634 41
634 51
634 271
635 596
635 529
635 316
636 506
636 169
636 0
637 31
637 571
637 264
638 391
638 16
638 634
639 249
639 13
639 114
640 193
640 568
640 250
641 95
641 185
641 16
642 331
642 433
642 624
643 249
643 492
643 173
644 190
644 1
644 77
645 82
645 188
645 371
646 424
646 74
646 430
647 288
647 84
647 0
648 16
648 380
648 264
649 141
649 3
649 253
650 600
650 7
650 73
651 347
651 166
651 538
652 86
652 577
652 576
653 332
653 282
653 308
654 1
654 624
654 317
655 182
655 374
655 48
656 134
656 328
656 650
657 201
657 299
657 580
658 85
658 445
658 584
659 470
659 68
659 107
660 10
660 1
660 324
661 113
661 608
661 480
662 235
662 486
662 315
663 128
663 72
663 34
664 56
664 626
664 25
665 39
665 13
665 257
666 110
666 499
666 469
667 157
667 397
667 3
668 153
668 173
668 131
669 67
669 248
669 351
670 222
670 406
670 13
671 420
671 570
671 619
672 598
672 22
672 27
673 595
673 21
673 557
674 105
674 1
674 138
675 41
675 170
675 355
676 501
676 420
676 322
677 0
677 263
677 334
678 19
678 492
678 638
679 474
679 115
679 437
680 261
680 3
680 44
681 284
681 84
681 337
682 530
682 631
682 0
683 166
683 211
683 38
684 445
684 90
684 85
685 105
685 594
685 228
686 332
686 619
686 222
687 76
687 38
687 93
688 230
688 513
688 21
689 361
689 449
689 166
690 3
690 70
690 586
691 656
691 143
691 611
692 353
692 488
692 110
693 461
693 3
693 411
694 135
694 157
694 474
695 436
695 606
695 82
696 656
696 206
696 307
697 48
697 39
697 1
698 614
698 296
698 330
699 33
699 78
699 321
700 466
700 413
700 76
701 635
701 485
701 614
702 401
702 546
702 55
703 595
703 17
703 437
704 561
704 238
704 564
705 110
705 28
705 62
706 635
706 463
706 392
707 61
707 695
707 422
708 15
708 10
708 549
709 525
709 19
709 192
710 138
710 629
710 16
711 42
711 164
711 265
712 608
712 453
712 75
713 577
713 134
713 4
714 367
714 469
714 573
715 573
715 647
715 0
716 206
716 197
716 190
717 86
717 528
717 8
718 78
718 365
718 118
719 507
719 206
719 7
720 23
720 707
720 328
721 10
721 1
721 430
722 348
722 16
722 220
723 536
723 367
723 170
724 7
724 222
724 21
725 21
725 63
725 13
726 169
726 338
726 505
727 23
727 16
727 546
728 3
728 199
728 171
729 604
729 228
729 683
730 128
730 715
730 20
731 233
731 609
731 36
732 28
732 1
732 513
733 449
733 75
733 375
734 7
734 224
734 0
735 363
735 29
735 411
736 11
736 488
736 624
737 319
737 10
737 19
738 3
738 183
738 84
739 431
739 271
739 44
740 550
740 476
740 437
741 68
741 5
741 12
742 461
742 21
742 15
743 88
743 34
743 204
744 22
744 536
744 321
745 675
745 663
745 121
746 303
746 329
746 336
747 714
747 48
747 542
748 163
748 157
748 32
749 605
749 83
749 94
750 678
750 270
750 121
751 586
751 230
751 548
752 576
752 87
752 13
753 611
753 463
753 12
754 48
754 28
754 204
755 363
755 7
755 431
756 299
756 293
756 72
757 283
757 594
757 324
758 137
758 141
758 488
759 315
759 31
759 130
760 348
760 131
760 245
761 500
761 26
761 282
762 549
762 4
762 36
763 149
763 444
763 21
764 211
764 11
764 510
765 1
765 655
765 114
766 626
766 365
766 157
767 41
767 631
767 501
768 166
768 240
768 422
769 535
769 253
769 140
770 388
770 486
770 35
771 88
771 137
771 22
772 283
772 244
772 84
773 678
773 110
773 233
774 17
774 512
774 291
775 182
775 0
775 103
776 33
776 173
776 148
777 578
777 87
777 760
778 4
778 350
778 694
779 561
779 0
779 7
780 178
780 333
780 3
781 278
781 500
781 459
782 7
782 300
782 172
783 685
783 212
783 550
784 21
784 315
784 680
785 1
785 264
785 622
786 578
786 19
786 207
787 486
787 26
787 153
788 97
788 87
788 474
789 705
789 210
789 166
790 102
790 444
790 365
791 283
791 554
791 194
792 742
792 2
792 60
793 610
793 226
793 308
794 122
794 140
794 5
795 32
795 543
795 13
796 0
796 426
796 383
797 543
797 378
797 700
798 329
798 640
798 533
799 276
799 7
799 52
800 782
800 213
800 2
801 94
801 437
801 4
802 88
802 61
802 121
803 629
803 473
803 57
804 741
804 286
804 105
805 298
805 529
805 240
806 143
806 751
806 52
807 734
807 3
807 244
808 668
808 5
808 763
809 663
809 422
809 515
810 72
810 336
810 566
811 342
811 593
811 421
812 86
812 375
812 0
813 2
813 646
813 482
814 348
814 74
814 165
815 86
815 28
815 164
816 0
816 230
816 681
817 0
817 485
817 791
818 49
818 717
818 1
819 361
819 247
819 495
820 317
820 116
820 20
821 68
821 166
821 7
822 177
822 96
822 403
823 433
823 91
823 36
824 9
824 315
824 112
825 413
825 158
825 440
826 462
826 483
826 84
827 479
827 458
827 603
828 9
828 3
828 747
829 616
829 36
829 142
830 390
830 30
830 46
831 29
831 7
831 91
832 447
832 13
832 283
833 108
833 296
833 319
834 569
834 327
834 601
835 431
835 53
835 60
836 175
836 497
836 23
837 48
837 0
837 326
838 587
838 122
838 393
839 265
839 324
839 8
840 419
840 211
840 671
841 8
841 46
841 415
842 337
842 356
842 784
843 458
843 495
843 139
844 231
844 586
844 346
845 49
845 194
845 91
846 283
846 59
846 188
847 88
847 19
847 503
848 313
848 125
848 622
849 287
849 512
849 655
850 486
850 281
850 495
851 631
851 297
851 602
852 773
852 31
852 535
853 309
853 448
853 228
854 840
854 222
854 332
855 425
855 354
855 743
856 458
856 393
856 74
857 710
857 196
857 116
858 482
858 241
858 1
859 545
859 1
859 782
860 2
860 54
860 153
861 239
861 3
861 745
862 335
862 39
862 470
863 373
863 748
863 255
864 827
864 18
864 275
865 631
865 1
865 7
866 156
866 38
866 78
867 181
867 440
867 236
868 28
868 434
868 859
869 695
869 206
869 479
870 16
870 128
870 95
871 262
871 197
871 377
872 88
872 755
872 475
873 297
873 781
873 817
874 211
874 26
874 577
875 193
875 213
875 54
876 121
876 141
876 21
877 276
877 52
877 116
878 679
878 124
878 356
879 33
879 21
879 0
880 789
880 85
880 84
881 454
881 80
881 3
882 31
882 138
882 363
883 610
883 72
883 0
884 549
884 748
884 332
885 360
885 0
885 403
886 225
886 705
886 220
887 211
887 0
887 196
888 639
888 168
888 67
889 637
889 162
889 820
890 60
890 138
890 15
891 0
891 48
891 65
892 166
892 149
892 135
893 297
893 319
893 12
894 614
894 88
894 634
895 470
895 2
895 486
896 271
896 878
896 39
897 7
897 1
897 256
898 528
898 381
898 75
899 326
899 709
899 98
900 91
900 208
900 307
901 124
901 11
901 621
902 708
902 130
902 6
903 33
903 571
903 27
904 56
904 78
904 21
905 102
905 291
905 21
906 60
906 21
906 732
907 824
907 399
907 271
908 400
908 88
908 125
909 716
909 463
909 48
910 856
910 777
910 31
911 495
911 31
911 748
912 899
912 41
912 1
913 317
913 747
913 0
914 14
914 614
914 6
915 258
915 21
915 98
916 28
916 668
916 20
917 265
917 420
917 224
918 316
918 717
918 695
919 328
919 488
919 52
920 319
920 485
920 675
921 45
921 44
921 16
922 0
922 7
922 2
923 84
923 132
923 232
924 554
924 480
924 876
925 291
925 206
925 646
926 842
926 143
926 35
927 766
927 9
927 148
928 2
928 715
928 240
929 5
929 548
929 415
930 683
930 0
930 752
931 68
931 0
931 6
932 451
932 161
932 317
933 145
933 53
933 738
934 216
934 97
934 418
935 34
935 170
935 665
936 722
936 675
936 308
937 430
937 631
937 54
938 52
938 62
938 368
939 20
939 240
939 62
940 55
940 801
940 72
941 66
941 130
941 58
942 730
942 327
942 686
943 18
943 147
943 870
944 441
944 73
944 437
945 12
945 516
945 364
946 194
946 463
946 905
947 893
947 234
947 98
948 557
948 315
948 464
949 522
949 2
949 45
950 304
950 13
950 113
951 3
951 925
951 269
952 623
952 10
952 260
953 216
953 9
953 223
954 7
954 59
954 497
955 66
955 617
955 319
956 812
956 612
956 186
957 304
957 893
957 548
958 97
958 849
958 28
959 2
959 31
959 45
960 1
960 7
960 834
961 249
961 206
961 91
962 605
962 90
962 570
963 111
963 705
963 776
964 31
964 153
964 597
965 12
965 488
965 614
966 599
966 194
966 474
967 74
967 263
967 97
968 410
968 67
968 200
969 695
969 314
969 464
970 11
970 484
970 755
971 441
971 575
971 624
972 430
972 97
972 76
973 658
973 60
973 298
974 1
974 182
974 42
975 138
975 13
975 873
976 738
976 882
976 909
977 890
977 141
977 731
978 52
978 399
978 113
979 830
979 918
979 10
980 281
980 386
980 169
981 805
981 219
981 63
982 801
982 640
982 244
983 36
983 241
983 858
984 844
984 65
984 49
985 169
985 44
985 243
986 739
986 192
986 984
987 286
987 470
987 0
988 0
988 74
988 763
989 444
989 75
989 769
990 170
990 19
990 593
991 389
991 436
991 748
992 1
992 482
992 50
993 970
993 729
993 283
994 461
994 184
994 32
995 413
995 226
995 151
996 993
996 82
996 271
997 185
997 389
997 920
998 468
998 289
998 446
999 594
999 789
999 584
