0 1
1 0
2 1
2 0
3 1
3 0
3 2
4 0
4 1
4 2
5 1
5 0
5 4
6 0
6 1
6 3
7 3
7 5
7 4
8 3
8 2
8 1
9 2
9 7
9 6
10 3
10 5
10 2
11 1
11 7
11 0
12 5
12 0
12 2
13 1
13 0
13 9
14 9
14 6
14 4
15 7
15 6
15 1
16 1
16 0
16 9
17 0
17 11
17 3
18 0
18 1
18 3
19 0
19 1
19 6
20 4
20 6
20 5
21 0
21 3
21 15
22 8
22 1
22 5
23 3
23 0
23 6
24 12
24 4
24 0
25 0
25 3
25 20
26 9
26 15
26 20
27 4
27 5
27 1
28 2
28 18
28 23
29 1
29 9
29 18
30 21
30 2
30 26
31 5
31 1
31 0
32 3
32 0
32 17
33 30
33 5
33 6
34 4
34 15
34 2
35 21
35 0
35 4
36 1
36 31
36 32
37 7
37 15
37 11
38 31
38 10
38 23
39 3
39 15
39 0
40 19
40 1
40 17
41 20
41 25
41 1
42 40
42 41
42 2
43 38
43 20
43 3
44 40
44 30
44 1
45 7
45 4
45 16
46 6
46 29
46 43
47 1
47 4
47 33
48 0
48 23
48 14
49 9
49 33
49 17
50 9
50 32
50 45
51 35
51 36
51 31
52 34
52 5
52 43
53 27
53 6
53 1
54 15
54 27
54 35
55 27
55 29
55 51
56 11
56 20
56 24
57 4
57 25
57 19
58 46
58 6
58 29
59 24
59 38
59 41
60 35
60 27
60 29
61 25
61 0
61 45
62 15
62 58
62 32
63 5
63 14
63 18
64 2
64 19
64 35
65 0
65 21
65 59
66 30
66 53
66 6
67 26
67 7
67 53
68 6
68 1
68 47
69 8
69 22
69 12
70 18
70 6
70 22
71 47
71 0
71 70
72 34
72 3
72 16
73 0
73 1
73 62
74 21
74 1
74 11
75 0
75 3
75 34
76 15
76 7
76 13
77 1
77 5
77 59
78 5
78 29
78 23
79 12
79 1
79 34
80 3
80 65
80 8
81 34
81 3
81 62
82 67
82 64
82 18
83 3
83 79
83 0
84 47
84 61
84 42
85 32
85 3
85 19
86 68
86 12
86 41
87 82
87 57
87 60
88 33
88 1
88 24
89 53
89 4
89 66
90 4
90 29
90 3
91 3
91 32
91 2
92 0
92 3
92 43
93 67
93 3
93 1
94 82
94 2
94 5
95 3
95 84
95 34
96 32
96 4
96 7
97 0
97 65
97 29
98 72
98 32
98 0
99 51
99 94
99 0
100 21
100 68
100 25
101 20
101 66
101 69
102 2
102 37
102 97
103 14
103 16
103 23
104 44
104 23
104 21
105 81
105 92
105 53
106 104
106 23
106 3
107 20
107 24
107 16
108 27
108 23
108 12
109 4
109 12
109 25
110 12
110 4
110 93
111 0
111 27
111 8
112 2
112 60
112 105
113 105
113 5
113 88
114 16
114 89
114 55
115 33
115 114
115 60
116 0
116 90
116 71
117 27
117 30
117 38
118 27
118 6
118 73
119 4
119 37
119 18
120 0
120 5
120 61
121 0
121 65
121 106
122 13
122 25
122 59
123 3
123 119
123 56
124 45
124 79
124 3
125 41
125 111
125 16
126 12
126 18
126 29
127 3
127 29
127 43
128 59
128 92
128 61
129 29
129 119
129 5
130 66
130 1
130 0
131 3
131 66
131 19
132 64
132 3
132 1
133 110
133 9
133 46
134 13
134 111
134 4
135 4
135 91
135 48
136 1
136 11
136 75
137 79
137 0
137 66
138 111
138 29
138 23
139 25
139 4
139 73
140 0
140 41
140 29
141 29
141 85
141 33
142 10
142 109
142 80
143 44
143 0
143 25
144 1
144 4
144 2
145 34
145 22
145 1
146 29
146 52
146 8
147 0
147 3
147 75
148 77
148 17
148 93
149 48
149 19
149 1
150 79
150 11
150 149
151 4
151 32
151 1
152 16
152 104
152 138
153 25
153 35
153 3
154 6
154 92
154 127
155 93
155 1
155 89
156 12
156 11
156 0
157 103
157 20
157 15
158 43
158 1
158 27
159 133
159 138
159 23
160 122
160 1
160 2
161 1
161 84
161 34
162 8
162 18
162 5
163 0
163 3
163 16
164 32
164 0
164 138
165 3
165 160
165 15
166 105
166 165
166 43
167 77
167 3
167 43
168 45
168 108
168 3
169 65
169 11
169 13
170 29
170 19
170 105
171 1
171 133
171 27
172 104
172 15
172 42
173 67
173 148
173 30
174 99
174 0
174 9
175 21
175 91
175 98
176 53
176 42
176 2
177 22
177 93
177 6
178 50
178 2
178 32
179 164
179 58
179 42
180 73
180 68
180 29
181 5
181 48
181 19
182 104
182 22
182 178
183 88
183 9
183 51
184 1
184 93
184 169
185 4
185 71
185 77
186 158
186 179
186 13
187 163
187 5
187 80
188 3
188 22
188 18
189 138
189 1
189 16
190 0
190 33
190 3
191 72
191 141
191 146
192 25
192 99
192 5
193 34
193 103
193 13
194 0
194 59
194 2
195 189
195 24
195 28
196 109
196 104
196 105
197 109
197 32
197 113
198 107
198 18
198 0
199 44
199 17
199 159
200 160
200 136
200 28
201 7
201 8
201 6
202 135
202 128
202 51
203 167
203 8
203 154
204 102
204 73
204 195
205 32
205 204
205 29
206 168
206 48
206 15
207 14
207 56
207 143
208 176
208 169
208 29
209 187
209 8
209 30
210 16
210 0
210 1
211 106
211 169
211 122
212 29
212 5
212 165
213 13
213 128
213 38
214 145
214 124
214 34
215 27
215 3
215 91
216 110
216 8
216 1
217 21
217 3
217 39
218 18
218 46
218 95
219 60
219 162
219 16
220 59
220 79
220 55
221 0
221 30
221 181
222 160
222 217
222 14
223 45
223 187
223 0
224 115
224 20
224 29
225 38
225 61
225 84
226 2
226 51
226 60
227 63
227 145
227 99
228 133
228 115
228 169
229 84
229 179
229 43
230 0
230 101
230 64
231 27
231 23
231 174
232 8
232 177
232 1
233 40
233 1
233 49
234 138
234 191
234 15
235 69
235 211
235 2
236 148
236 64
236 95
237 25
237 23
237 22
238 125
238 1
238 0
239 115
239 81
239 206
240 5
240 14
240 0
241 71
241 161
241 23
242 1
242 82
242 22
243 8
243 41
243 25
244 3
244 0
244 230
245 11
245 3
245 5
246 139
246 65
246 20
247 100
247 104
247 3
248 30
248 7
248 37
249 198
249 89
249 59
250 10
250 2
250 27
251 82
251 35
251 7
252 234
252 36
252 5
253 140
253 32
253 51
254 211
254 37
254 105
255 37
255 228
255 3
256 67
256 180
256 5
257 27
257 87
257 12
258 104
258 20
258 8
259 3
259 7
259 230
260 38
260 46
260 143
261 124
261 169
261 125
262 178
262 139
262 106
263 71
263 72
263 159
264 45
264 0
264 71
265 110
265 27
265 254
266 0
266 1
266 29
267 232
267 150
267 107
268 4
268 23
268 242
269 139
269 22
269 53
270 124
270 202
270 57
271 230
271 140
271 27
272 213
272 21
272 267
273 27
273 191
273 1
274 21
274 1
274 204
275 0
275 222
275 100
276 115
276 3
276 141
277 56
277 43
277 203
278 77
278 2
278 8
279 116
279 254
279 55
280 21
280 35
280 161
281 15
281 107
281 3
282 11
282 106
282 70
283 7
283 40
283 180
284 1
284 17
284 57
285 277
285 131
285 230
286 3
286 2
286 1
287 12
287 1
287 194
288 62
288 275
288 101
289 131
289 1
289 87
290 88
290 28
290 95
291 5
291 43
291 140
292 32
292 99
292 29
293 217
293 212
293 230
294 30
294 155
294 274
295 161
295 239
295 15
296 42
296 237
296 176
297 199
297 3
297 15
298 0
298 23
298 76
299 24
299 9
299 104
300 22
300 56
300 2
301 3
301 16
301 91
302 66
302 53
302 91
303 198
303 256
303 32
304 61
304 0
304 100
305 38
305 287
305 2
306 255
306 7
306 1
307 82
307 124
307 0
308 256
308 135
308 32
309 145
309 289
309 36
310 250
310 35
310 84
311 217
311 6
311 127
312 46
312 0
312 19
313 18
313 66
313 47
314 18
314 12
314 111
315 79
315 176
315 148
316 32
316 48
316 307
317 250
317 77
317 23
318 280
318 4
318 0
319 276
319 169
319 254
320 41
320 51
320 102
321 179
321 230
321 56
322 38
322 79
322 51
323 220
323 215
323 3
324 64
324 83
324 5
325 237
325 169
325 44
326 78
326 45
326 281
327 62
327 2
327 33
328 187
328 228
328 25
329 307
329 2
329 206
330 301
330 317
330 1
331 91
331 304
331 2
332 205
332 246
332 105
333 59
333 32
333 16
334 82
334 248
334 0
335 67
335 92
335 284
336 236
336 85
336 66
337 79
337 110
337 2
338 46
338 111
338 335
339 107
339 287
339 11
340 169
340 29
340 9
341 200
341 254
341 59
342 32
342 228
342 216
343 138
343 9
343 91
344 22
344 337
344 251
345 106
345 18
345 120
346 82
346 18
346 45
347 316
347 9
347 27
348 122
348 145
348 62
349 65
349 109
349 23
350 0
350 145
350 15
351 212
351 183
351 87
352 91
352 43
352 12
353 202
353 292
353 347
354 109
354 177
354 48
355 9
355 115
355 164
356 5
356 234
356 21
357 78
357 64
357 57
358 169
358 174
358 76
359 246
359 312
359 1
360 271
360 40
360 313
361 3
361 101
361 4
362 1
362 274
362 237
363 356
363 272
363 111
364 61
364 136
364 140
365 329
365 36
365 231
366 106
366 357
366 246
367 304
367 255
367 116
368 174
368 63
368 264
369 0
369 217
369 18
370 4
370 22
370 254
371 30
371 9
371 231
372 200
372 331
372 13
373 140
373 107
373 222
374 356
374 3
374 16
375 360
375 229
375 322
376 208
376 310
376 19
377 259
377 4
377 280
378 3
378 293
378 1
379 132
379 62
379 181
380 256
380 86
380 313
381 21
381 45
381 5
382 139
382 179
382 58
383 66
383 356
383 322
384 124
384 239
384 358
385 311
385 71
385 58
386 59
386 2
386 1
387 205
387 29
387 17
388 265
388 32
388 8
389 254
389 87
389 107
390 24
390 233
390 18
391 95
391 140
391 41
392 69
392 17
392 23
393 2
393 223
393 9
394 240
394 107
394 312
395 184
395 52
395 3
396 11
396 109
396 267
397 161
397 71
397 335
398 2
398 214
398 388
399 91
399 186
399 65
400 254
400 201
400 335
401 106
401 84
401 114
402 166
402 169
402 147
403 71
403 280
403 11
404 79
404 21
404 288
405 2
405 173
405 30
406 282
406 189
406 391
407 259
407 138
407 313
408 18
408 15
408 391
409 73
409 1
409 99
410 114
410 267
410 249
411 71
411 136
411 385
412 251
412 388
412 88
413 9
413 377
413 312
414 71
414 7
414 401
415 253
415 86
415 16
416 179
416 47
416 222
417 73
417 366
417 1
418 363
418 271
418 148
419 125
419 29
419 399
420 283
420 292
420 140
421 3
421 207
421 11
422 51
422 19
422 42
423 110
423 45
423 2
424 129
424 107
424 416
425 46
425 59
425 8
426 127
426 34
426 283
427 71
427 9
427 11
428 20
428 402
428 256
429 338
429 165
429 47
430 93
430 6
430 355
431 139
431 325
431 11
432 340
432 28
432 140
433 91
433 47
433 213
434 236
434 180
434 359
435 32
435 217
435 35
436 91
436 345
436 190
437 39
437 170
437 229
438 9
438 148
438 178
439 29
439 289
439 57
440 198
440 140
440 357
441 427
441 79
441 230
442 358
442 157
442 29
443 361
443 105
443 107
444 362
444 271
444 23
445 119
445 363
445 387
446 30
446 77
446 1
447 341
447 204
447 273
448 207
448 230
448 105
449 212
449 0
449 21
450 53
450 317
450 39
451 366
451 77
451 230
452 180
452 281
452 35
453 2
453 88
453 449
454 278
454 198
454 81
455 131
455 236
455 429
456 176
456 274
456 101
457 429
457 0
457 2
458 25
458 98
458 1
459 381
459 445
459 27
460 133
460 1
460 272
461 164
461 455
461 426
462 455
462 136
462 0
463 91
463 341
463 358
464 5
464 73
464 429
465 69
465 143
465 284
466 0
466 89
466 343
467 16
467 217
467 33
468 105
468 4
468 60
469 326
469 81
469 93
470 211
470 1
470 355
471 10
471 410
471 467
472 419
472 213
472 33
473 21
473 6
473 124
474 287
474 87
474 384
475 291
475 388
475 115
476 246
476 230
476 65
477 24
477 95
477 256
478 196
478 260
478 418
479 67
479 62
479 268
480 339
480 0
480 476
481 104
481 261
481 215
482 413
482 2
482 339
483 212
483 1
483 139
484 27
484 19
484 205
485 55
485 6
485 106
486 70
486 79
486 1
487 383
487 330
487 134
488 11
488 427
488 458
489 306
489 263
489 24
490 39
490 5
490 93
491 107
491 273
491 41
492 110
492 2
492 167
493 303
493 7
493 124
494 309
494 329
494 125
495 273
495 23
495 4
496 304
496 332
496 306
497 2
497 338
497 0
498 347
498 280
498 49
499 5
499 93
499 15
500 19
500 22
500 190
501 49
501 220
501 204
502 165
502 312
502 29
503 106
503 165
503 2
504 310
504 198
504 95
505 301
505 133
505 404
506 81
506 88
506 35
507 97
507 207
507 316
508 77
508 46
508 245
509 428
509 492
509 141
510 134
510 13
510 6
511 273
511 238
511 0
512 245
512 71
512 84
513 248
513 42
513 330
514 312
514 353
514 1
515 47
515 57
515 220
516 121
516 407
516 323
517 106
517 43
517 345
518 2
518 161
518 3
519 59
519 53
519 474
520 1
520 107
520 336
521 33
521 296
521 160
522 49
522 213
522 514
523 136
523 43
523 367
524 388
524 20
524 255
525 187
525 463
525 64
526 405
526 61
526 457
527 279
527 440
527 341
528 5
528 10
528 35
529 306
529 3
529 307
530 200
530 464
530 295
531 29
531 124
531 2
532 172
532 377
532 476
533 95
533 2
533 27
534 176
534 2
534 170
535 81
535 0
535 487
536 69
536 15
536 358
537 124
537 237
537 140
538 219
538 513
538 107
539 69
539 423
539 9
540 429
540 1
540 39
541 436
541 110
541 466
542 344
542 1
542 105
543 436
543 82
543 439
544 226
544 4
544 149
545 75
545 299
545 463
546 51
546 421
546 172
547 388
547 358
547 359
548 271
548 25
548 1
549 42
549 3
549 231
550 5
550 82
550 298
551 10
551 253
551 28
552 292
552 331
552 14
553 41
553 32
553 25
554 169
554 30
554 346
555 158
555 486
555 25
556 1
556 219
556 2
557 449
557 71
557 530
558 134
558 104
558 45
559 49
559 373
559 465
560 23
560 292
560 89
561 176
561 0
561 457
562 42
562 513
562 149
563 178
563 216
563 250
564 81
564 71
564 25
565 316
565 323
565 335
566 67
566 344
566 548
567 72
567 514
567 267
568 205
568 398
568 280
569 106
569 0
569 60
570 4
570 23
570 66
571 197
571 21
571 129
572 283
572 217
572 230
573 232
573 305
573 326
574 93
574 256
574 145
575 185
575 106
575 566
576 138
576 154
576 358
577 20
577 352
577 2
578 48
578 5
578 275
579 54
579 77
579 19
580 576
580 377
580 19
581 107
581 5
581 0
582 14
582 212
582 49
583 283
583 46
583 267
584 205
584 388
584 230
585 480
585 256
585 270
586 119
586 201
586 12
587 485
587 541
587 12
588 102
588 34
588 32
589 207
589 318
589 190
590 362
590 300
590 134
591 180
591 254
591 338
592 107
592 66
592 3
593 69
593 181
593 103
594 254
594 110
594 11
595 136
595 425
595 139
596 299
596 222
596 14
597 11
597 1
597 220
598 43
598 27
598 303
599 164
599 20
599 189
600 167
600 580
600 256
601 417
601 549
601 3
602 204
602 86
602 348
603 81
603 0
603 561
604 379
604 101
604 191
605 20
605 484
605 439
606 374
606 47
606 106
607 154
607 366
607 480
608 42
608 165
608 116
609 5
609 180
609 250
610 49
610 573
610 488
611 34
611 128
611 515
612 19
612 279
612 33
613 490
613 108
613 578
614 357
614 609
614 319
615 153
615 162
615 120
616 212
616 148
616 66
617 99
617 180
617 0
618 1
618 43
618 218
619 2
619 181
619 266
620 31
620 39
620 160
621 15
621 56
621 201
622 88
622 474
622 375
623 577
623 200
623 71
624 477
624 42
624 376
625 63
625 57
625 310
626 261
626 402
626 59
627 21
627 80
627 1
628 266
628 1
628 19
629 219
629 175
629 125
630 328
630 107
630 124
631 27
631 21
631 5
632 66
632 3
632 81
633 615
633 311
633 604
634 5
634 103
634 16
635 11
635 20
635 1
636 229
636 139
636 574
637 83
637 105
637 569
638 19
638 196
638 432
639 590
639 19
639 361
640 202
640 284
640 55
641 222
641 0
641 67
642 228
642 6
642 46
643 145
643 232
643 123
644 42
644 247
644 99
645 2
645 79
645 56
646 587
646 4
646 128
647 3
647 358
647 430
648 1
648 235
648 0
649 157
649 539
649 416
650 325
650 340
650 2
651 288
651 249
651 440
652 291
652 91
652 4
653 122
653 139
653 37
654 189
654 615
654 67
655 30
655 86
655 633
656 91
656 90
656 97
657 25
657 477
657 364
658 119
658 212
658 9
659 512
659 131
659 435
660 190
660 230
660 625
661 23
661 169
661 307
662 345
662 122
662 93
663 205
663 140
663 8
664 221
664 17
664 152
665 571
665 467
665 3
666 286
666 150
666 618
667 438
667 268
667 3
668 1
668 176
668 27
669 230
669 579
669 60
670 646
670 0
670 603
671 284
671 5
671 6
672 169
672 18
672 473
673 670
673 266
673 30
674 200
674 566
674 49
675 181
675 223
675 628
676 258
676 142
676 154
677 288
677 38
677 45
678 32
678 9
678 81
679 563
679 33
679 215
680 468
680 86
680 206
681 371
681 48
681 88
682 304
682 20
682 495
683 14
683 1
683 396
684 301
684 39
684 310
685 5
685 344
685 153
686 9
686 101
686 2
687 596
687 364
687 62
688 616
688 48
688 3
689 176
689 41
689 91
690 288
690 233
690 248
691 5
691 655
691 113
692 514
692 177
692 223
693 548
693 3
693 352
694 652
694 16
694 629
695 531
695 600
695 91
696 27
696 386
696 9
697 504
697 426
697 233
698 33
698 67
698 234
699 291
699 574
699 20
700 599
700 555
700 0
701 167
701 447
701 20
702 1
702 284
702 293
703 245
703 606
703 444
704 204
704 334
704 594
705 180
705 341
705 65
706 358
706 635
706 353
707 37
707 447
707 536
708 298
708 411
708 3
709 45
709 246
709 212
710 511
710 174
710 151
711 467
711 338
711 318
712 678
712 16
712 143
713 74
713 42
713 9
714 165
714 33
714 465
715 0
715 1
715 46
716 33
716 684
716 25
717 283
717 20
717 548
718 1
718 412
718 517
719 61
719 625
719 371
720 658
720 259
720 143
721 677
721 443
721 712
722 111
722 271
722 405
723 684
723 27
723 366
724 415
724 264
724 294
725 139
725 111
725 616
726 23
726 668
726 498
727 269
727 160
727 138
728 421
728 309
728 440
729 507
729 555
729 63
730 415
730 86
730 260
731 346
731 1
731 39
732 59
732 16
732 224
733 286
733 631
733 250
734 88
734 217
734 60
735 628
735 355
735 397
736 162
736 459
736 461
737 120
737 388
737 460
738 418
738 82
738 101
739 266
739 167
739 456
740 206
740 212
740 31
741 550
741 39
741 544
742 659
742 144
742 620
743 591
743 222
743 433
744 490
744 237
744 159
745 409
745 16
745 35
746 176
746 568
746 589
747 332
747 124
747 274
748 1
748 200
748 0
749 541
749 180
749 313
750 35
750 4
750 515
751 398
751 145
751 204
752 203
752 16
752 32
753 0
753 594
753 736
754 598
754 615
754 674
755 227
755 1
755 504
756 577
756 397
756 251
757 204
757 51
757 515
758 367
758 24
758 212
759 30
759 1
759 20
760 305
760 257
760 2
761 454
761 230
761 365
762 670
762 169
762 14
763 514
763 478
763 619
764 700
764 667
764 660
765 611
765 2
765 115
766 15
766 540
766 30
767 42
767 77
767 122
768 2
768 716
768 86
769 40
769 673
769 21
770 1
770 659
770 229
771 573
771 0
771 77
772 104
772 512
772 45
773 134
773 339
773 669
774 37
774 34
774 589
775 692
775 169
775 235
776 775
776 367
776 478
777 8
777 34
777 541
778 688
778 361
778 124
779 128
779 145
779 606
780 487
780 15
780 777
781 184
781 256
781 53
782 2
782 372
782 64
783 507
783 578
783 131
784 127
784 416
784 0
785 2
785 3
785 500
786 722
786 728
786 338
787 1
787 360
787 27
788 503
788 629
788 40
789 766
789 710
789 727
790 42
790 175
790 616
791 563
791 110
791 219
792 584
792 396
792 632
793 421
793 147
793 312
794 19
794 517
794 258
795 276
795 109
795 55
796 201
796 185
796 3
797 383
797 271
797 670
798 353
798 340
798 15
799 66
799 45
799 543
800 84
800 141
800 439
801 3
801 78
801 456
802 31
802 331
802 408
803 718
803 6
803 537
804 35
804 222
804 64
805 22
805 7
805 57
806 589
806 654
806 205
807 730
807 539
807 445
808 0
808 539
808 441
809 29
809 3
809 5
810 476
810 52
810 46
811 4
811 51
811 55
812 741
812 587
812 103
813 336
813 182
813 334
814 2
814 33
814 136
815 112
815 66
815 358
816 104
816 270
816 111
817 339
817 633
817 145
818 168
818 217
818 9
819 587
819 454
819 21
820 439
820 90
820 106
821 559
821 429
821 284
822 300
822 551
822 230
823 403
823 650
823 230
824 462
824 730
824 432
825 747
825 34
825 281
826 71
826 29
826 267
827 512
827 348
827 80
828 1
828 321
828 354
829 810
829 21
829 224
830 1
830 655
830 64
831 92
831 532
831 648
832 5
832 758
832 3
833 39
833 123
833 330
834 431
834 759
834 66
835 748
835 200
835 153
836 0
836 173
836 489
837 383
837 3
837 1
838 11
838 0
838 617
839 178
839 18
839 285
840 59
840 6
840 117
841 87
841 234
841 140
842 648
842 271
842 337
843 625
843 343
843 106
844 40
844 72
844 27
845 80
845 177
845 59
846 125
846 425
846 55
847 777
847 163
847 129
848 662
848 384
848 57
849 763
849 367
849 0
850 115
850 356
850 668
851 460
851 264
851 667
852 38
852 0
852 588
853 23
853 200
853 573
854 33
854 811
854 71
855 139
855 25
855 87
856 82
856 824
856 112
857 109
857 143
857 0
858 247
858 502
858 730
859 641
859 64
859 294
860 516
860 5
860 8
861 675
861 140
861 201
862 279
862 395
862 48
863 67
863 482
863 609
864 10
864 82
864 514
865 66
865 203
865 460
866 159
866 17
866 791
867 818
867 498
867 696
868 39
868 0
868 243
869 82
869 33
869 542
870 62
870 646
870 615
871 447
871 71
871 281
872 5
872 9
872 1
873 548
873 775
873 286
874 44
874 375
874 447
875 117
875 264
875 24
876 609
876 344
876 384
877 200
877 32
877 507
878 180
878 271
878 650
879 239
879 13
879 107
880 142
880 611
880 145
881 2
881 267
881 147
882 111
882 415
882 603
883 106
883 474
883 668
884 723
884 99
884 2
885 9
885 131
885 452
886 356
886 36
886 789
887 104
887 409
887 551
888 27
888 150
888 14
889 55
889 42
889 637
890 8
890 62
890 174
891 267
891 198
891 882
892 584
892 618
892 285
893 116
893 3
893 197
894 21
894 878
894 24
895 28
895 558
895 627
896 10
896 125
896 860
897 312
897 551
897 709
898 548
898 493
898 476
899 74
899 672
899 205
900 669
900 117
900 284
901 596
901 125
901 139
902 248
902 62
902 520
903 810
903 77
903 565
904 30
904 230
904 29
905 433
905 543
905 42
906 71
906 247
906 523
907 9
907 281
907 600
908 2
908 656
908 361
909 728
909 336
909 99
910 540
910 675
910 825
911 136
911 83
911 44
912 383
912 95
912 747
913 573
913 165
913 431
914 3
914 0
914 548
915 405
915 4
915 203
916 569
916 28
916 376
917 579
917 144
917 16
918 17
918 865
918 343
919 864
919 536
919 541
920 769
920 119
920 626
921 256
921 78
921 734
922 16
922 723
922 1
923 3
923 692
923 7
924 827
924 114
924 710
925 11
925 24
925 409
926 699
926 583
926 761
927 570
927 295
927 20
928 121
928 307
928 27
929 109
929 351
929 176
930 897
930 27
930 43
931 33
931 703
931 391
932 604
932 21
932 840
933 56
933 418
933 11
934 15
934 545
934 201
935 421
935 912
935 21
936 819
936 3
936 231
937 565
937 113
937 934
938 9
938 21
938 458
939 187
939 824
939 708
940 51
940 185
940 648
941 140
941 181
941 867
942 221
942 33
942 310
943 1
943 344
943 3
944 22
944 517
944 67
945 429
945 42
945 181
946 537
946 552
946 607
947 136
947 292
947 170
948 519
948 353
948 160
949 183
949 298
949 37
950 898
950 68
950 895
951 523
951 841
951 1
952 418
952 37
952 335
953 3
953 413
953 190
954 32
954 758
954 447
955 15
955 36
955 870
956 58
956 56
956 95
957 640
957 840
957 69
958 435
958 77
958 30
959 481
959 494
959 25
960 120
960 733
960 852
961 564
961 711
961 594
962 222
962 427
962 49
963 900
963 347
963 518
964 125
964 14
964 591
965 165
965 477
965 205
966 1
966 847
966 94
967 388
967 431
967 356
968 541
968 56
968 79
969 548
969 1
969 2
970 79
970 4
970 61
971 418
971 624
971 0
972 57
972 384
972 549
973 869
973 26
973 71
974 35
974 272
974 781
975 363
975 621
975 761
976 859
976 3
976 921
977 22
977 152
977 536
978 521
978 71
978 184
979 846
979 432
979 5
980 348
980 975
980 80
981 84
981 102
981 900
982 897
982 431
982 147
983 313
983 667
983 24
984 86
984 395
984 148
985 13
985 18
985 454
986 30
986 23
986 6
987 16
987 837
987 0
988 523
988 161
988 602
989 897
989 0
989 458
990 406
990 575
990 251
991 868
991 165
991 340
992 125
992 686
992 558
993 366
993 736
993 270
994 383
994 6
994 3
995 901
995 139
995 294
996 204
996 77
996 340
997 106
997 983
997 26
998 803
998 492
998 302
999 128
999 61
999 57
