0 1
1 0
2 0
2 1
3 0
3 1
3 2
4 0
4 1
4 3
5 0
5 1
5 4
6 3
6 2
6 1
7 1
7 4
7 0
8 5
8 3
8 0
9 4
9 8
9 0
10 6
10 1
10 3
11 5
11 1
11 0
12 0
12 5
12 3
13 0
13 3
13 6
14 6
14 1
14 0
15 1
15 0
15 5
16 3
16 0
16 4
17 3
17 0
17 10
18 3
18 14
18 12
19 6
19 0
19 5
20 11
20 3
20 1
21 6
21 3
21 17
22 7
22 21
22 4
23 14
23 3
23 12
24 23
24 16
24 1
25 3
25 1
25 12
26 21
26 22
26 3
27 3
27 1
27 8
28 4
28 19
28 13
29 22
29 11
29 13
30 20
30 15
30 24
31 12
31 25
31 21
32 1
32 3
32 20
33 0
33 2
33 3
34 1
34 19
34 24
35 10
35 1
35 13
36 10
36 21
36 26
37 11
37 2
37 1
38 35
38 1
38 15
39 25
39 17
39 3
40 22
40 1
40 0
41 40
41 8
41 20
42 17
42 39
42 35
43 1
43 24
43 23
44 4
44 21
44 3
45 0
45 8
45 1
46 3
46 32
46 8
47 16
47 6
47 27
48 34
48 32
48 46
49 6
49 2
49 38
50 18
50 19
50 0
51 8
51 4
51 31
52 21
52 4
52 1
53 0
53 49
53 41
54 30
54 24
54 26
55 23
55 9
55 19
56 0
56 16
56 10
57 51
57 53
57 0
58 49
58 2
58 8
59 18
59 57
59 25
60 47
60 12
60 35
61 21
61 17
61 45
62 17
62 27
62 1
63 39
63 10
63 6
64 27
64 18
64 32
65 11
65 16
65 3
66 0
66 19
66 13
67 3
67 14
67 31
68 30
68 43
68 63
69 4
69 21
69 22
70 46
70 3
70 50
71 6
71 17
71 66
72 8
72 25
72 0
73 23
73 14
73 22
74 43
74 15
74 50
75 0
75 39
75 18
76 39
76 3
76 6
77 9
77 29
77 4
78 46
78 40
78 39
79 33
79 48
79 26
80 6
80 12
80 21
81 26
81 12
81 2
82 16
82 52
82 79
83 17
83 20
83 50
84 8
84 39
84 78
85 1
85 77
85 43
86 5
86 40
86 16
87 2
87 21
87 0
88 22
88 23
88 1
89 18
89 4
89 1
90 3
90 74
90 0
91 25
91 3
91 57
92 69
92 31
92 3
93 53
93 74
93 89
94 49
94 90
94 34
95 64
95 63
95 0
96 1
96 17
96 79
97 3
97 22
97 53
98 85
98 70
98 28
99 19
99 6
99 3
100 89
100 1
100 37
101 4
101 32
101 14
102 51
102 21
102 44
103 2
103 31
103 22
104 3
104 17
104 22
105 22
105 98
105 8
106 77
106 0
106 26
107 48
107 17
107 36
108 0
108 20
108 79
109 78
109 6
109 93
110 85
110 72
110 59
111 50
111 48
111 58
112 35
112 32
112 37
113 22
113 95
113 23
114 3
114 106
114 22
115 0
115 24
115 25
116 56
116 4
116 46
117 29
117 0
117 26
118 8
118 26
118 63
119 27
119 82
119 105
120 25
120 53
120 12
121 39
121 45
121 92
122 41
122 73
122 2
123 17
123 23
123 113
124 106
124 4
124 9
125 17
125 57
125 35
126 100
126 10
126 1
127 26
127 8
127 80
128 106
128 27
128 0
129 1
129 21
129 34
130 3
130 73
130 16
131 14
131 0
131 34
132 0
132 95
132 45
133 1
133 91
133 72
134 87
134 90
134 41
135 111
135 5
135 102
136 32
136 25
136 79
137 17
137 121
137 22
138 41
138 4
138 129
139 98
139 5
139 32
140 37
140 2
140 93
141 106
141 63
141 78
142 66
142 133
142 134
143 17
143 34
143 106
144 34
144 29
144 63
145 3
145 23
145 72
146 37
146 19
146 3
147 48
147 82
147 5
148 23
148 86
148 24
149 1
149 5
149 0
150 86
150 34
150 57
151 5
151 20
151 115
152 3
152 58
152 48
153 19
153 1
153 5
154 95
154 22
154 19
155 3
155 131
155 14
156 32
156 147
156 24
157 143
157 2
157 131
158 14
158 103
158 61
159 95
159 131
159 31
160 136
160 15
160 47
161 25
161 22
161 15
162 45
162 2
162 63
163 63
163 47
163 162
164 45
164 73
164 43
165 15
165 0
165 43
166 20
166 23
166 135
167 81
167 1
167 16
168 119
168 35
168 92
169 131
169 18
169 4
170 76
170 3
170 85
171 69
171 23
171 0
172 140
172 26
172 34
173 1
173 35
173 69
174 122
174 77
174 22
175 11
175 151
175 0
176 151
176 51
176 86
177 1
177 5
177 18
178 26
178 3
178 83
179 1
179 0
179 8
180 114
180 54
180 2
181 78
181 151
181 89
182 103
182 123
182 93
183 82
183 176
183 142
184 152
184 104
184 19
185 1
185 3
185 105
186 47
186 23
186 13
187 123
187 78
187 1
188 17
188 12
188 63
189 97
189 0
189 43
190 67
190 174
190 128
191 188
191 183
191 5
192 95
192 0
192 69
193 131
193 111
193 93
194 2
194 131
194 26
195 64
195 85
195 3
196 79
196 44
196 35
197 103
197 1
197 100
198 5
198 145
198 68
199 35
199 0
199 46
200 6
200 145
200 121
201 46
201 118
201 3
202 190
202 161
202 23
203 10
203 145
203 22
204 6
204 10
204 159
205 104
205 0
205 78
206 6
206 151
206 4
207 24
207 12
207 17
208 140
208 142
208 45
209 105
209 29
209 3
210 179
210 155
210 209
211 68
211 86
211 197
212 85
212 24
212 23
213 161
213 6
213 98
214 85
214 13
214 103
215 98
215 22
215 129
216 151
216 204
216 64
217 137
217 120
217 65
218 36
218 51
218 25
219 2
219 89
219 21
220 121
220 161
220 70
221 49
221 35
221 87
222 75
222 161
222 56
223 3
223 19
223 59
224 1
224 23
224 31
225 13
225 59
225 17
226 49
226 139
226 16
227 17
227 89
227 6
228 5
228 121
228 118
229 6
229 142
229 17
230 209
230 5
230 159
231 126
231 10
231 0
232 184
232 12
232 137
233 75
233 92
233 93
234 105
234 19
234 117
235 182
235 209
235 162
236 97
236 111
236 20
237 121
237 45
237 183
238 12
238 1
238 58
239 0
239 118
239 19
240 18
240 109
240 174
241 23
241 133
241 78
242 206
242 22
242 165
243 14
243 131
243 19
244 126
244 214
244 63
245 214
245 56
245 23
246 6
246 28
246 104
247 216
247 118
247 18
248 115
248 28
248 33
249 174
249 25
249 74
250 95
250 21
250 204
251 145
251 126
251 1
252 58
252 3
252 27
253 158
253 107
253 0
254 204
254 130
254 87
255 19
255 251
255 4
256 204
256 10
256 57
257 126
257 24
257 34
258 30
258 239
258 20
259 44
259 66
259 55
260 130
260 0
260 10
261 17
261 181
261 8
262 0
262 27
262 143
263 128
263 231
263 16
264 135
264 17
264 169
265 22
265 0
265 50
266 15
266 38
266 63
267 102
267 0
267 261
268 1
268 14
268 17
269 241
269 50
269 20
270 146
270 1
270 94
271 90
271 128
271 205
272 260
272 178
272 117
273 17
273 3
273 241
274 207
274 10
274 55
275 25
275 50
275 2
276 0
276 5
276 193
277 13
277 41
277 113
278 73
278 3
278 70
279 241
279 174
279 151
280 66
280 104
280 95
281 204
281 155
281 78
282 1
282 20
282 151
283 121
283 207
283 32
284 66
284 241
284 274
285 6
285 107
285 262
286 92
286 69
286 74
287 217
287 133
287 234
288 165
288 30
288 216
289 59
289 8
289 139
290 105
290 241
290 55
291 289
291 6
291 142
292 45
292 24
292 3
293 35
293 20
293 10
294 2
294 53
294 6
295 284
295 26
295 261
296 67
296 14
296 39
297 24
297 11
297 32
298 262
298 245
298 195
299 19
299 103
299 243
300 263
300 35
300 299
301 24
301 16
301 3
302 49
302 1
302 39
303 286
303 38
303 299
304 145
304 12
304 191
305 75
305 221
305 241
306 46
306 131
306 241
307 68
307 247
307 165
308 164
308 0
308 75
309 250
309 0
309 290
310 124
310 14
310 3
311 0
311 3
311 152
312 87
312 152
312 3
313 192
313 262
313 171
314 41
314 102
314 8
315 197
315 83
315 0
316 135
316 290
316 15
317 294
317 17
317 101
318 104
318 19
318 226
319 142
319 125
319 17
320 168
320 216
320 104
321 14
321 60
321 15
322 22
322 264
322 205
323 6
323 151
323 313
324 13
324 63
324 293
325 13
325 46
325 0
326 319
326 184
326 6
327 0
327 300
327 151
328 18
328 294
328 131
329 95
329 19
329 164
330 0
330 6
330 295
331 81
331 24
331 287
332 137
332 165
332 44
333 243
333 234
333 298
334 178
334 225
334 1
335 139
335 41
335 267
336 12
336 24
336 145
337 78
337 11
337 86
338 309
338 314
338 36
339 194
339 8
339 163
340 329
340 35
340 1
341 289
341 263
341 239
342 166
342 92
342 57
343 208
343 234
343 44
344 29
344 216
344 63
345 58
345 90
345 1
346 27
346 28
346 3
347 58
347 200
347 323
348 286
348 145
348 63
349 290
349 100
349 202
350 319
350 210
350 43
351 13
351 52
351 117
352 128
352 261
352 63
353 174
353 8
353 289
354 74
354 121
354 136
355 68
355 221
355 144
356 328
356 22
356 85
357 221
357 113
357 337
358 49
358 247
358 309
359 12
359 193
359 68
360 79
360 0
360 17
361 245
361 19
361 74
362 128
362 54
362 308
363 21
363 92
363 126
364 154
364 19
364 128
365 304
365 59
365 308
366 12
366 289
366 53
367 78
367 31
367 17
368 366
368 288
368 95
369 272
369 63
369 224
370 95
370 323
370 41
371 128
371 15
371 139
372 34
372 0
372 16
373 61
373 311
373 8
374 52
374 337
374 2
375 162
375 76
375 182
376 373
376 107
376 89
377 291
377 21
377 65
378 3
378 100
378 73
379 42
379 108
379 66
380 108
380 17
380 262
381 63
381 204
381 238
382 277
382 57
382 217
383 6
383 146
383 225
384 221
384 308
384 176
385 369
385 218
385 204
386 132
386 59
386 79
387 351
387 15
387 260
388 25
388 142
388 161
389 321
389 179
389 74
390 225
390 0
390 259
391 5
391 223
391 15
392 214
392 209
392 188
393 63
393 44
393 85
394 24
394 161
394 107
395 41
395 3
395 32
396 147
396 205
396 214
397 14
397 268
397 240
398 8
398 58
398 122
399 107
399 220
399 93
400 53
400 76
400 17
401 63
401 227
401 251
402 79
402 63
402 90
403 35
403 174
403 304
404 164
404 58
404 16
405 157
405 66
405 1
406 213
406 179
406 44
407 69
407 238
407 83
408 0
408 1
408 379
409 78
409 34
409 1
410 109
410 56
410 114
411 105
411 269
411 266
412 72
412 16
412 59
413 215
413 405
413 22
414 189
414 231
414 339
415 10
415 216
415 181
416 2
416 169
416 59
417 12
417 35
417 221
418 188
418 161
418 2
419 5
419 20
419 317
420 106
420 52
420 131
421 184
421 1
421 25
422 68
422 366
422 116
423 3
423 258
423 109
424 165
424 56
424 75
425 15
425 70
425 0
426 313
426 274
426 366
427 419
427 10
427 311
428 3
428 78
428 270
429 174
429 330
429 1
430 393
430 314
430 184
431 370
431 63
431 128
432 183
432 413
432 37
433 3
433 262
433 5
434 179
434 160
434 215
435 11
435 229
435 362
436 212
436 24
436 6
437 90
437 270
437 163
438 42
438 8
438 0
439 259
439 304
439 21
440 247
440 198
440 95
441 63
441 238
441 101
442 1
442 63
442 0
443 21
443 238
443 6
444 37
444 277
444 376
445 78
445 230
445 89
446 431
446 0
446 2
447 244
447 366
447 0
448 163
448 283
448 3
449 206
449 24
449 168
450 249
450 22
450 89
451 6
451 13
451 0
452 388
452 194
452 179
453 1
453 430
453 35
454 19
454 405
454 104
455 101
455 218
455 366
456 10
456 75
456 50
457 29
457 17
457 113
458 255
458 429
458 210
459 19
459 66
459 349
460 111
460 134
460 51
461 79
461 284
461 5
462 65
462 72
462 277
463 456
463 190
463 21
464 161
464 447
464 336
465 456
465 29
465 42
466 109
466 316
466 93
467 460
467 92
467 3
468 181
468 269
468 463
469 3
469 214
469 52
470 374
470 80
470 106
471 86
471 263
471 358
472 284
472 304
472 98
473 58
473 313
473 1
474 25
474 39
474 366
475 17
475 22
475 145
476 20
476 1
476 134
477 8
477 1
477 4
478 6
478 207
478 284
479 304
479 321
479 1
480 24
480 27
480 220
481 32
481 260
481 51
482 4
482 11
482 111
483 61
483 58
483 33
484 34
484 148
484 58
485 97
485 74
485 60
486 189
486 97
486 17
487 33
487 3
487 247
488 21
488 0
488 53
489 433
489 27
489 3
490 239
490 17
490 3
491 79
491 221
491 457
492 11
492 111
492 43
493 246
493 12
493 39
494 337
494 0
494 83
495 207
495 275
495 145
496 93
496 145
496 399
497 76
497 67
497 75
498 437
498 3
498 19
499 19
499 104
499 155
500 19
500 350
500 214
501 190
501 3
501 439
502 56
502 262
502 3
503 497
503 355
503 35
504 369
504 491
504 281
505 333
505 220
505 476
506 24
506 456
506 216
507 3
507 33
507 14
508 35
508 63
508 432
509 87
509 0
509 32
510 349
510 0
510 196
511 138
511 13
511 372
512 67
512 431
512 341
513 0
513 272
513 303
514 196
514 17
514 490
515 104
515 13
515 436
516 40
516 133
516 32
517 416
517 366
517 239
518 44
518 161
518 179
519 66
519 37
519 21
520 3
520 6
520 27
521 473
521 409
521 29
522 55
522 121
522 148
523 17
523 56
523 0
524 111
524 21
524 18
525 65
525 313
525 49
526 137
526 17
526 461
527 53
527 312
527 490
528 470
528 353
528 49
529 0
529 75
529 481
530 289
530 3
530 128
531 50
531 40
531 0
532 79
532 174
532 350
533 158
533 184
533 373
534 125
534 138
534 414
535 21
535 151
535 17
536 20
536 325
536 95
537 63
537 177
537 184
538 111
538 348
538 379
539 11
539 23
539 526
540 21
540 172
540 171
541 243
541 74
541 151
542 279
542 235
542 80
543 8
543 365
543 78
544 491
544 128
544 20
545 455
545 220
545 249
546 115
546 263
546 3
547 6
547 178
547 183
548 37
548 231
548 287
549 70
549 369
549 347
550 425
550 473
550 338
551 17
551 82
551 20
552 457
552 235
552 269
553 75
553 486
553 88
554 393
554 379
554 177
555 497
555 228
555 306
556 221
556 216
556 309
557 93
557 386
557 141
558 220
558 18
558 90
559 111
559 323
559 139
560 94
560 89
560 507
561 161
561 100
561 22
562 435
562 47
562 15
563 159
563 59
563 5
564 195
564 207
564 549
565 492
565 28
565 117
566 506
566 49
566 343
567 417
567 4
567 322
568 11
568 263
568 22
569 339
569 22
569 18
570 94
570 125
570 200
571 301
571 183
571 17
572 191
572 79
572 207
573 284
573 277
573 333
574 73
574 177
574 400
575 480
575 177
575 52
576 16
576 24
576 22
577 477
577 37
577 27
578 566
578 25
578 243
579 95
579 8
579 4
580 523
580 31
580 4
581 102
581 136
581 190
582 465
582 5
582 83
583 187
583 30
583 564
584 17
584 508
584 3
585 121
585 236
585 8
586 286
586 535
586 106
587 279
587 0
587 351
588 106
588 469
588 74
589 217
589 127
589 562
590 214
590 25
590 450
591 2
591 32
591 63
592 2
592 39
592 552
593 76
593 482
593 189
594 22
594 41
594 259
595 258
595 9
595 490
596 159
596 162
596 2
597 428
597 189
597 172
598 7
598 243
598 304
599 366
599 371
599 24
600 440
600 30
600 12
601 5
601 344
601 11
602 587
602 9
602 367
603 33
603 332
603 316
604 0
604 538
604 134
605 0
605 56
605 5
606 166
606 34
606 387
607 535
607 23
607 262
608 211
608 462
608 546
609 58
609 111
609 251
610 99
610 6
610 370
611 207
611 51
611 83
612 18
612 139
612 25
613 59
613 121
613 316
614 479
614 202
614 417
615 491
615 72
615 117
616 186
616 358
616 78
617 296
617 597
617 16
618 22
618 48
618 165
619 59
619 2
619 386
620 128
620 16
620 18
621 515
621 386
621 605
622 219
622 492
622 351
623 224
623 113
623 270
624 233
624 32
624 549
625 326
625 7
625 4
626 439
626 623
626 22
627 294
627 610
627 373
628 552
628 353
628 526
629 21
629 277
629 224
630 596
630 508
630 3
631 619
631 345
631 17
632 142
632 3
632 131
633 111
633 486
633 121
634 73
634 204
634 498
635 17
635 49
635 47
636 394
636 209
636 534
637 46
637 515
637 270
638 8
638 373
638 79
639 22
639 35
639 241
640 37
640 22
640 408
641 215
641 8
641 512
642 1
642 12
642 195
643 438
643 92
643 262
644 8
644 39
644 301
645 232
645 157
645 440
646 32
646 24
646 92
647 45
647 280
647 620
648 217
648 200
648 523
649 74
649 17
649 264
650 128
650 257
650 289
651 210
651 554
651 439
652 47
652 21
652 233
653 2
653 120
653 1
654 492
654 24
654 261
655 414
655 263
655 17
656 4
656 231
656 571
657 358
657 18
657 153
658 9
658 151
658 46
659 446
659 22
659 290
660 63
660 636
660 108
661 160
661 302
661 130
662 111
662 390
662 58
663 44
663 25
663 466
664 1
664 132
664 390
665 366
665 356
665 63
666 22
666 327
666 409
667 428
667 25
667 495
668 75
668 0
668 535
669 1
669 251
669 243
670 370
670 85
670 118
671 69
671 298
671 63
672 10
672 15
672 49
673 3
673 131
673 350
674 321
674 293
674 27
675 138
675 490
675 129
676 260
676 337
676 34
677 82
677 37
677 111
678 35
678 561
678 318
679 380
679 136
679 33
680 155
680 617
680 0
681 522
681 416
681 3
682 217
682 24
682 453
683 290
683 2
683 216
684 76
684 430
684 213
685 270
685 393
685 16
686 264
686 97
686 145
687 17
687 6
687 438
688 518
688 22
688 273
689 4
689 611
689 14
690 126
690 209
690 21
691 669
691 63
691 472
692 407
692 474
692 2
693 436
693 455
693 688
694 120
694 8
694 1
695 665
695 21
695 527
696 412
696 165
696 307
697 243
697 264
697 102
698 21
698 98
698 136
699 151
699 39
699 259
700 10
700 271
700 12
701 1
701 412
701 348
702 139
702 512
702 63
703 92
703 657
703 503
704 42
704 601
704 454
705 249
705 368
705 609
706 510
706 181
706 627
707 603
707 463
707 610
708 542
708 516
708 46
709 477
709 576
709 116
710 19
710 507
710 217
711 5
711 117
711 22
712 461
712 629
712 233
713 328
713 497
713 18
714 182
714 674
714 444
715 378
715 262
715 3
716 269
716 239
716 568
717 341
717 263
717 303
718 406
718 599
718 538
719 688
719 664
719 176
720 131
720 368
720 455
721 0
721 350
721 52
722 272
722 1
722 423
723 383
723 183
723 695
724 2
724 231
724 58
725 116
725 520
725 13
726 356
726 82
726 291
727 68
727 165
727 490
728 576
728 456
728 709
729 44
729 384
729 14
730 432
730 401
730 526
731 73
731 21
731 6
732 59
732 534
732 57
733 209
733 188
733 495
734 317
734 529
734 80
735 562
735 337
735 118
736 49
736 20
736 53
737 42
737 1
737 578
738 328
738 316
738 39
739 322
739 313
739 3
740 172
740 215
740 6
741 3
741 38
741 4
742 291
742 211
742 314
743 318
743 139
743 216
744 307
744 347
744 1
745 19
745 526
745 496
746 490
746 669
746 57
747 504
747 19
747 8
748 67
748 10
748 408
749 136
749 601
749 3
750 111
750 502
750 130
751 386
751 351
751 154
752 105
752 16
752 522
753 501
753 366
753 19
754 344
754 59
754 420
755 624
755 461
755 47
756 1
756 49
756 3
757 273
757 22
757 531
758 298
758 21
758 70
759 274
759 664
759 730
760 304
760 4
760 65
761 249
761 50
761 91
762 40
762 650
762 493
763 529
763 23
763 419
764 110
764 414
764 284
765 103
765 221
765 634
766 710
766 11
766 8
767 487
767 586
767 6
768 208
768 198
768 16
769 657
769 211
769 121
770 763
770 454
770 44
771 441
771 9
771 349
772 177
772 380
772 15
773 271
773 160
773 383
774 393
774 719
774 32
775 218
775 25
775 172
776 337
776 350
776 2
777 75
777 260
777 578
778 0
778 485
778 3
779 265
779 453
779 2
780 671
780 386
780 162
781 232
781 221
781 113
782 776
782 599
782 727
783 210
783 263
783 14
784 18
784 209
784 663
785 25
785 197
785 216
786 406
786 36
786 307
787 442
787 37
787 22
788 18
788 275
788 454
789 284
789 18
789 128
790 75
790 290
790 514
791 787
791 18
791 453
792 151
792 275
792 262
793 166
793 20
793 34
794 21
794 95
794 221
795 0
795 84
795 92
796 218
796 698
796 158
797 19
797 561
797 457
798 107
798 596
798 60
799 545
799 401
799 215
800 289
800 22
800 136
801 226
801 19
801 161
802 250
802 161
802 14
803 506
803 22
803 37
804 664
804 37
804 640
805 188
805 6
805 5
806 338
806 126
806 5
807 451
807 204
807 518
808 113
808 634
808 118
809 22
809 68
809 105
810 12
810 0
810 185
811 701
811 22
811 466
812 131
812 66
812 1
813 26
813 778
813 690
814 53
814 420
814 22
815 67
815 438
815 34
816 273
816 631
816 92
817 590
817 77
817 37
818 437
818 215
818 366
819 503
819 412
819 2
820 15
820 197
820 639
821 168
821 198
821 723
822 204
822 334
822 352
823 113
823 185
823 403
824 290
824 15
824 224
825 7
825 3
825 39
826 312
826 689
826 235
827 38
827 628
827 228
828 616
828 633
828 700
829 367
829 155
829 373
830 13
830 311
830 480
831 370
831 301
831 82
832 262
832 227
832 693
833 39
833 198
833 373
834 119
834 510
834 189
835 455
835 22
835 300
836 63
836 121
836 714
837 356
837 198
837 34
838 557
838 325
838 18
839 612
839 407
839 3
840 612
840 131
840 409
841 227
841 1
841 55
842 272
842 835
842 363
843 726
843 501
843 39
844 203
844 3
844 8
845 12
845 634
845 108
846 262
846 568
846 263
847 19
847 651
847 13
848 313
848 1
848 346
849 327
849 634
849 144
850 178
850 142
850 44
851 309
851 21
851 150
852 8
852 259
852 247
853 50
853 535
853 456
854 362
854 601
854 5
855 303
855 22
855 458
856 5
856 0
856 297
857 665
857 293
857 37
858 159
858 436
858 488
859 46
859 5
859 221
860 317
860 446
860 1
861 158
861 8
861 85
862 5
862 399
862 262
863 396
863 12
863 41
864 155
864 45
864 181
865 181
865 105
865 268
866 102
866 34
866 272
867 274
867 262
867 200
868 846
868 497
868 126
869 18
869 583
869 3
870 98
870 486
870 673
871 161
871 406
871 41
872 188
872 196
872 52
873 367
873 540
873 22
874 658
874 55
874 487
875 128
875 486
875 3
876 563
876 41
876 233
877 5
877 168
877 50
878 517
878 217
878 629
879 670
879 393
879 470
880 1
880 12
880 165
881 730
881 322
881 160
882 503
882 136
882 231
883 260
883 269
883 49
884 92
884 319
884 766
885 359
885 44
885 706
886 583
886 22
886 68
887 522
887 212
887 574
888 25
888 126
888 316
889 566
889 8
889 516
890 12
890 149
890 620
891 833
891 0
891 327
892 0
892 886
892 326
893 14
893 34
893 19
894 394
894 561
894 814
895 186
895 8
895 166
896 108
896 326
896 692
897 735
897 399
897 734
898 236
898 595
898 179
899 94
899 51
899 748
900 667
900 6
900 19
901 59
901 198
901 160
902 174
902 8
902 236
903 416
903 238
903 414
904 178
904 63
904 668
905 72
905 470
905 265
906 697
906 905
906 862
907 20
907 25
907 350
908 397
908 74
908 25
909 78
909 606
909 839
910 121
910 378
910 166
911 131
911 604
911 609
912 115
912 426
912 450
913 171
913 293
913 655
914 503
914 33
914 755
915 178
915 471
915 0
916 816
916 151
916 6
917 506
917 10
917 412
918 0
918 6
918 43
919 0
919 212
919 47
920 763
920 121
920 44
921 45
921 840
921 32
922 348
922 1
922 904
923 364
923 902
923 405
924 520
924 8
924 641
925 55
925 38
925 19
926 412
926 63
926 810
927 872
927 17
927 179
928 612
928 385
928 344
929 671
929 65
929 827
930 258
930 454
930 83
931 930
931 428
931 456
932 553
932 3
932 757
933 59
933 4
933 77
934 650
934 72
934 3
935 663
935 177
935 839
936 171
936 290
936 34
937 126
937 741
937 155
938 6
938 617
938 620
939 4
939 15
939 163
940 218
940 49
940 2
941 8
941 2
941 86
942 242
942 747
942 650
943 17
943 14
943 239
944 346
944 54
944 29
945 239
945 221
945 862
946 22
946 175
946 128
947 151
947 24
947 171
948 237
948 151
948 853
949 880
949 22
949 333
950 487
950 344
950 23
951 17
951 63
951 120
952 1
952 390
952 12
953 708
953 705
953 422
954 92
954 118
954 22
955 502
955 79
955 837
956 805
956 414
956 250
957 1
957 251
957 910
958 949
958 705
958 809
959 710
959 570
959 6
960 663
960 257
960 380
961 530
961 840
961 318
962 317
962 720
962 125
963 8
963 400
963 3
964 162
964 750
964 671
965 599
965 1
965 874
966 34
966 961
966 240
967 388
967 145
967 607
968 337
968 642
968 469
969 182
969 305
969 1
970 962
970 904
970 389
971 81
971 321
971 486
972 427
972 233
972 348
973 3
973 131
973 263
974 209
974 969
974 22
975 111
975 699
975 25
976 366
976 313
976 0
977 263
977 817
977 192
978 12
978 19
978 274
979 969
979 915
979 11
980 727
980 189
980 649
981 6
981 1
981 3
982 754
982 47
982 126
983 16
983 2
983 866
984 224
984 872
984 206
985 587
985 552
985 104
986 76
986 219
986 83
987 23
987 2
987 295
988 405
988 541
988 57
989 3
989 664
989 844
990 768
990 761
990 511
991 426
991 82
991 284
992 966
992 344
992 309
993 12
993 379
993 467
994 52
994 56
994 604
995 34
995 655
995 501
996 672
996 424
996 598
997 750
997 53
997 704
998 31
998 260
998 17
999 579
999 640
999 12
