0 1
0 2
0 3
1 0
1 2
1 3
2 1
2 0
2 3
3 0
3 1
3 2
4 1
4 2
4 0
5 4
5 2
5 3
6 2
6 0
6 3
7 5
7 4
7 0
8 3
8 2
8 1
9 3
9 7
9 0
10 0
10 2
10 1
11 9
11 10
11 8
12 3
12 4
12 0
13 3
13 12
13 0
14 4
14 13
14 3
15 3
15 5
15 4
16 2
16 10
16 7
17 11
17 0
17 7
18 5
18 0
18 7
19 3
19 11
19 2
20 13
20 0
20 1
21 7
21 0
21 10
22 19
22 3
22 0
23 22
23 7
23 2
24 5
24 11
24 1
25 0
25 5
25 9
26 11
26 19
26 1
27 2
27 16
27 1
28 5
28 19
28 4
29 26
29 18
29 7
30 4
30 5
30 18
31 26
31 11
31 4
32 2
32 7
32 26
33 19
33 11
33 5
34 26
34 1
34 4
35 8
35 26
35 29
36 23
36 24
36 27
37 15
37 2
37 4
38 26
38 10
38 17
39 1
39 25
39 37
40 36
40 4
40 27
41 5
41 25
41 4
42 4
42 3
42 15
43 10
43 1
43 2
44 3
44 32
44 4
45 0
45 3
45 27
46 3
46 4
46 32
47 34
47 8
47 5
48 23
48 22
48 19
49 4
49 41
49 37
