0 1
0 2
1 0
1 2
2 1
2 0
3 0
3 1
3 2
4 1
4 0
4 2
5 0
5 2
5 1
6 1
6 2
6 0
7 4
7 0
7 5
8 7
8 1
8 6
9 4
9 5
9 0
10 2
10 0
10 3
11 3
11 9
11 2
12 7
12 2
12 1
13 9
13 6
13 3
14 7
14 6
14 1
15 7
15 4
15 6
16 6
16 11
16 1
17 4
17 5
17 1
18 0
18 4
18 3
19 7
19 1
19 4
20 15
20 2
20 3
21 1
21 0
21 4
22 8
22 2
22 1
23 12
23 4
23 3
24 0
24 4
24 2
25 11
25 5
25 0
26 5
26 22
26 16
27 26
27 1
27 11
28 15
28 24
28 8
29 22
29 1
29 9
30 16
30 0
30 22
31 3
31 23
31 0
32 6
32 11
32 21
33 25
33 4
33 22
34 0
34 6
34 3
35 1
35 3
35 5
36 20
36 3
36 16
37 0
37 23
37 35
38 2
38 14
38 3
39 2
39 5
39 36
40 24
40 2
40 1
41 40
41 7
41 15
42 5
42 16
42 1
43 8
43 0
43 32
44 35
44 1
44 26
45 22
45 1
45 4
46 12
46 4
46 2
47 19
47 11
47 24
48 26
48 11
48 1
49 22
49 15
49 0
50 0
50 22
50 11
51 0
51 2
51 3
52 0
52 15
52 5
53 3
53 16
53 7
54 5
54 15
54 18
55 4
55 17
55 16
56 18
56 23
56 2
57 12
57 4
57 3
58 1
58 4
58 0
59 5
59 16
59 49
60 57
60 4
60 5
61 39
61 11
61 0
62 28
62 8
62 38
63 5
63 4
63 3
64 45
64 38
64 23
65 61
65 1
65 2
66 12
66 46
66 0
67 39
67 44
67 7
68 13
68 6
68 62
69 44
69 1
69 2
70 26
70 43
70 1
71 60
71 16
71 1
72 2
72 8
72 41
73 0
73 42
73 16
74 5
74 0
74 11
75 32
75 12
75 23
76 44
76 56
76 2
77 23
77 3
77 35
78 54
78 63
78 3
79 12
79 2
79 18
80 5
80 2
80 17
81 20
81 32
81 22
82 16
82 7
82 11
83 0
83 11
83 60
84 48
84 4
84 78
85 3
85 4
85 71
86 62
86 5
86 74
87 5
87 39
87 0
88 55
88 60
88 62
89 55
89 8
89 41
90 0
90 61
90 11
91 47
91 1
91 60
92 19
92 2
92 81
93 15
93 52
93 60
94 74
94 83
94 10
95 71
95 6
95 2
96 18
96 7
96 5
97 64
97 60
97 54
98 69
98 65
98 7
99 2
99 26
99 61
