1 0
2 0
2 1
3 2
3 1
3 0
4 1
4 2
4 3
5 0
5 3
5 2
6 1
6 0
6 2
7 0
7 6
7 1
8 0
8 5
8 1
9 8
9 0
9 1
10 0
10 1
10 7
11 1
11 0
11 6
12 1
12 11
12 6
13 1
13 3
13 2
14 9
14 0
14 1
15 12
15 8
15 2
16 7
16 6
16 4
17 2
17 3
17 13
18 1
18 10
18 0
19 5
19 6
19 3
20 6
20 2
20 19
21 5
21 0
21 4
22 0
22 8
22 20
23 14
23 2
23 0
24 3
24 0
24 1
25 7
25 21
25 10
26 6
26 5
26 10
27 0
27 13
27 19
28 2
28 8
28 11
29 5
29 1
29 20
30 3
30 13
30 2
31 1
31 9
31 5
32 29
32 0
32 15
33 1
33 18
33 15
34 2
34 1
34 20
35 0
35 3
35 17
36 29
36 0
36 1
37 0
37 6
37 31
38 7
38 22
38 9
39 14
39 10
39 8
40 0
40 9
40 29
41 1
41 19
41 37
42 6
42 16
42 21
43 9
43 1
43 11
44 2
44 0
44 34
45 0
45 6
45 27
46 1
46 11
46 6
47 26
47 8
47 27
48 28
48 16
48 18
49 8
49 1
49 39
50 5
50 3
50 2
51 13
51 1
51 47
52 19
52 31
52 12
53 8
53 14
53 3
54 41
54 22
54 3
55 16
55 19
55 1
56 8
56 10
56 14
57 4
57 2
57 3
58 40
58 34
58 33
59 12
59 55
59 15
60 18
60 0
60 44
61 11
61 42
61 44
62 5
62 9
62 21
63 0
63 10
63 2
64 17
64 30
64 19
65 29
65 15
65 2
66 27
66 12
66 0
67 24
67 22
67 14
68 3
68 5
68 26
69 3
69 12
69 28
70 10
70 44
70 3
71 24
71 1
71 26
72 9
72 6
72 44
73 0
73 45
73 2
74 26
74 7
74 1
75 72
75 1
75 5
76 5
76 54
76 66
77 70
77 10
77 48
78 9
78 1
78 44
79 20
79 34
79 2
80 40
80 9
80 0
81 0
81 29
81 52
82 17
82 65
82 13
83 29
83 12
83 0
84 57
84 2
84 28
85 24
85 36
85 19
86 2
86 40
86 22
87 44
87 0
87 19
88 0
88 76
88 43
89 87
89 1
89 12
90 41
90 38
90 53
91 3
91 39
91 0
92 76
92 32
92 47
93 21
93 52
93 40
94 61
94 22
94 39
95 12
95 33
95 8
96 69
96 2
96 42
97 36
97 2
97 0
98 54
98 20
98 66
99 11
99 32
99 49
100 11
100 2
100 32
101 1
101 6
101 0
102 94
102 40
102 21
103 66
103 19
103 2
104 76
104 45
104 27
105 0
105 12
105 6
106 21
106 8
106 15
107 82
107 2
107 78
108 10
108 26
108 40
109 26
109 44
109 8
110 9
110 6
110 0
111 5
111 10
111 29
112 31
112 104
112 6
113 2
113 0
113 3
114 44
114 34
114 0
115 105
115 25
115 7
116 1
116 69
116 3
117 8
117 21
117 57
118 99
118 6
118 12
119 2
119 44
119 0
120 11
120 16
120 8
121 110
121 17
121 0
122 2
122 9
122 99
123 8
123 115
123 40
124 0
124 90
124 13
125 24
125 28
125 104
126 70
126 83
126 2
127 32
127 89
127 43
128 28
128 3
128 0
129 2
129 90
129 58
130 5
130 59
130 118
131 5
131 59
131 72
132 47
132 24
132 38
133 2
133 34
133 82
134 10
134 23
134 62
135 42
135 76
135 112
136 132
136 40
136 24
137 85
137 124
137 8
138 16
138 37
138 43
139 129
139 126
139 69
140 80
140 85
140 122
141 109
141 134
141 57
142 85
142 6
142 37
143 131
143 7
143 74
144 2
144 42
144 102
145 38
145 99
145 14
146 24
146 83
146 77
147 6
147 40
147 18
148 112
148 24
148 2
149 83
149 8
149 104
150 57
150 52
150 131
151 39
151 4
151 53
152 23
152 142
152 5
153 112
153 139
153 23
154 1
154 2
154 146
155 147
155 142
155 23
156 90
156 139
156 10
157 1
157 85
157 8
158 65
158 2
158 0
159 36
159 138
159 1
160 54
160 36
160 156
161 41
161 76
161 2
162 102
162 83
162 2
163 39
163 53
163 13
164 151
164 94
164 55
165 50
165 21
165 101
166 134
166 5
166 36
167 6
167 0
167 2
168 33
168 44
168 3
169 40
169 92
169 68
170 109
170 11
170 0
171 83
171 3
171 1
172 59
172 82
172 78
173 14
173 10
173 155
174 122
174 114
174 2
175 39
175 31
175 120
176 166
176 142
176 23
177 5
177 20
177 0
178 168
178 33
178 69
179 51
179 33
179 57
180 29
180 3
180 61
181 0
181 11
181 7
182 102
182 114
182 8
183 181
183 6
183 89
184 6
184 113
184 85
185 129
185 33
185 2
186 133
186 116
186 1
187 69
187 145
187 27
188 167
188 178
188 6
189 27
189 8
189 103
190 51
190 7
190 2
191 72
191 93
191 5
192 55
192 9
192 52
193 120
193 127
193 58
194 29
194 49
194 0
195 12
195 187
195 146
196 4
196 0
196 1
197 52
197 80
197 114
198 11
198 22
198 154
199 27
199 2
199 19
200 31
200 15
200 163
201 82
201 13
201 26
202 49
202 150
202 33
203 180
203 2
203 100
204 6
204 53
204 95
205 37
205 151
205 114
206 154
206 85
206 82
207 20
207 8
207 122
208 206
208 78
208 143
209 87
209 150
209 24
210 10
210 98
210 9
211 109
211 150
211 0
212 1
212 20
212 163
213 64
213 146
213 117
214 12
214 2
214 178
215 53
215 2
215 87
216 1
216 200
216 40
217 45
217 40
217 3
218 25
218 21
218 1
219 131
219 197
219 6
220 103
220 56
220 24
221 201
221 208
221 197
222 0
222 18
222 174
223 100
223 14
223 66
224 110
224 154
224 143
225 189
225 72
225 127
226 37
226 95
226 9
227 1
227 2
227 127
228 10
228 53
228 57
229 24
229 139
229 52
230 5
230 162
230 29
231 180
231 69
231 7
232 1
232 150
232 38
233 96
233 211
233 69
234 19
234 75
234 20
235 27
235 203
235 29
236 0
236 217
236 123
237 101
237 153
237 90
238 109
238 138
238 114
239 6
239 9
239 16
240 53
240 26
240 5
241 119
241 41
241 0
242 18
242 33
242 38
243 241
243 8
243 4
244 21
244 32
244 113
245 76
245 0
245 192
246 104
246 14
246 0
247 0
247 120
247 20
248 71
248 89
248 47
249 1
249 83
249 192
250 211
250 0
250 1
251 147
251 208
251 131
252 15
252 90
252 11
253 10
253 114
253 59
254 10
254 133
254 0
255 66
255 16
255 189
256 236
256 56
256 78
257 24
257 45
257 5
258 142
258 164
258 220
259 245
259 3
259 183
260 51
260 255
260 1
261 93
261 39
261 29
262 37
262 159
262 40
263 63
263 127
263 145
264 216
264 78
264 120
265 89
265 83
265 0
266 88
266 120
266 31
267 69
267 19
267 74
268 127
268 147
268 183
269 69
269 128
269 250
270 29
270 218
270 62
271 4
271 100
271 50
272 165
272 34
272 264
273 227
273 131
273 36
274 46
274 146
274 22
275 114
275 48
275 226
276 19
276 6
276 147
277 53
277 254
277 60
278 47
278 36
278 70
279 120
279 126
279 218
280 8
280 1
280 113
281 0
281 129
281 108
282 44
282 3
282 14
283 94
283 165
283 235
284 114
284 13
284 229
285 5
285 15
285 220
286 8
286 221
286 183
287 40
287 85
287 32
288 154
288 31
288 37
289 26
289 45
289 8
290 119
290 180
290 24
291 226
291 85
291 164
292 5
292 109
292 44
293 267
293 154
293 211
294 89
294 1
294 9
295 56
295 179
295 128
296 116
296 149
296 251
297 267
297 57
297 159
298 45
298 2
298 208
299 151
299 129
299 147
300 100
300 56
300 197
301 32
301 224
301 21
302 104
302 37
302 5
303 247
303 150
303 116
304 271
304 150
304 122
305 185
305 38
305 222
306 37
306 201
306 60
307 7
307 56
307 76
308 145
308 141
308 190
309 99
309 12
309 24
310 15
310 248
310 32
311 111
311 235
311 210
312 29
312 51
312 69
313 175
313 44
313 36
314 9
314 1
314 225
315 262
315 232
315 88
316 239
316 48
316 236
317 206
317 27
317 7
318 56
318 236
318 1
319 72
319 55
319 47
320 29
320 36
320 113
321 201
321 15
321 51
322 6
322 10
322 192
323 283
323 2
323 49
324 271
324 310
324 296
325 254
325 34
325 222
326 134
326 89
326 114
327 299
327 189
327 15
328 118
328 277
328 22
329 3
329 180
329 121
330 36
330 271
330 5
331 70
331 114
331 0
332 2
332 289
332 48
333 9
333 1
333 8
334 52
334 14
334 18
335 280
335 7
335 197
336 257
336 164
336 146
337 122
337 102
337 131
338 19
338 44
338 32
339 158
339 134
339 155
340 208
340 32
340 178
341 114
341 20
341 206
342 5
342 50
342 249
343 45
343 72
343 337
344 193
344 137
344 303
345 278
345 142
345 40
346 165
346 8
346 75
347 332
347 102
347 263
348 283
348 62
348 49
349 24
349 0
349 70
350 159
350 56
350 186
351 76
351 114
351 203
352 1
352 69
352 191
353 18
353 2
353 7
354 154
354 125
354 313
355 104
355 1
355 278
356 8
356 85
356 285
357 353
357 315
357 290
358 217
358 178
358 146
359 1
359 19
359 225
360 24
360 108
360 147
361 263
361 3
361 8
362 126
362 48
362 187
363 257
363 8
363 60
364 149
364 211
364 264
365 360
365 353
365 101
366 165
366 5
366 0
367 1
367 19
367 184
368 254
368 36
368 220
369 184
369 154
369 228
370 130
370 329
370 309
371 353
371 207
371 101
372 114
372 101
372 13
373 372
373 21
373 365
374 58
374 6
374 241
375 93
375 30
375 2
376 80
376 152
376 227
377 137
377 49
377 5
378 31
378 43
378 228
379 27
379 208
379 146
380 197
380 115
380 203
381 114
381 126
381 60
382 25
382 43
382 29
383 358
383 4
383 271
384 316
384 33
384 57
385 29
385 13
385 44
386 66
386 115
386 5
387 29
387 0
387 150
388 140
388 362
388 7
389 333
389 76
389 93
390 116
390 44
390 5
391 345
391 386
391 100
392 358
392 329
392 300
393 370
393 193
393 259
394 2
394 59
394 276
395 127
395 24
395 55
396 389
396 274
396 187
397 1
397 209
397 117
398 361
398 5
398 179
399 264
399 154
399 263
400 231
400 342
400 81
401 399
401 44
401 392
402 96
402 208
402 61
403 247
403 239
403 61
404 326
404 68
404 37
405 22
405 372
405 333
406 161
406 95
406 397
407 323
407 2
407 228
408 99
408 372
408 70
409 374
409 36
409 0
410 228
410 22
410 365
411 267
411 262
411 116
412 53
412 332
412 362
413 398
413 330
413 23
414 357
414 168
414 32
415 60
415 0
415 36
416 14
416 159
416 57
417 0
417 87
417 9
418 216
418 137
418 403
419 130
419 310
419 56
420 147
420 323
420 3
421 1
421 48
421 6
422 45
422 228
422 23
423 335
423 318
423 74
424 288
424 1
424 317
425 159
425 218
425 12
426 148
426 24
426 295
427 139
427 42
427 329
428 225
428 69
428 7
429 395
429 307
429 24
430 368
430 32
430 295
431 138
431 8
431 132
432 332
432 370
432 5
433 85
433 6
433 406
434 326
434 4
434 194
435 21
435 94
435 350
436 93
436 226
436 32
437 129
437 137
437 183
438 323
438 52
438 223
439 318
439 290
439 426
440 408
440 272
440 66
441 54
441 338
441 84
442 67
442 2
442 201
443 2
443 132
443 412
444 176
444 200
444 148
445 61
445 134
445 319
446 2
446 248
446 272
447 406
447 400
447 1
448 103
448 16
448 159
449 116
449 325
449 82
450 116
450 195
450 448
451 388
451 183
451 100
452 101
452 31
452 54
453 39
453 384
453 22
454 2
454 14
454 369
455 66
455 337
455 213
456 406
456 39
456 1
457 428
457 137
457 79
458 131
458 21
458 149
459 3
459 174
459 306
460 200
460 188
460 14
461 5
461 240
461 417
462 113
462 322
462 30
463 14
463 404
463 417
464 362
464 3
464 236
465 118
465 407
465 333
466 329
466 6
466 30
467 134
467 79
467 150
468 159
468 299
468 44
469 23
469 75
469 346
470 441
470 40
470 147
471 371
471 70
471 1
472 213
472 168
472 61
473 432
473 359
473 21
474 176
474 69
474 28
475 12
475 284
475 6
476 310
476 1
476 12
477 87
477 213
477 142
478 129
478 306
478 224
479 151
479 41
479 161
480 433
480 397
480 6
481 32
481 41
481 3
482 11
482 312
482 325
483 252
483 20
483 3
484 356
484 207
484 289
485 142
485 114
485 5
486 415
486 27
486 329
487 358
487 327
487 102
488 0
488 127
488 157
489 123
489 351
489 387
490 29
490 52
490 122
491 254
491 474
491 395
492 121
492 471
492 325
493 0
493 33
493 53
494 114
494 26
494 14
495 389
495 38
495 48
496 361
496 347
496 346
497 154
497 464
497 194
498 21
498 122
498 42
499 183
499 96
499 455
500 0
500 14
500 315
501 386
501 228
501 370
502 222
502 62
502 19
503 6
503 434
503 8
504 197
504 8
504 38
505 1
505 28
505 67
506 236
506 52
506 333
507 190
507 358
507 6
508 245
508 78
508 133
509 101
509 404
509 52
510 348
510 97
510 501
511 93
511 384
511 143
512 418
512 10
512 455
513 193
513 0
513 364
514 406
514 196
514 235
515 32
515 498
515 48
516 3
516 2
516 37
517 0
517 3
517 342
518 44
518 53
518 0
519 59
519 411
519 440
520 66
520 8
520 308
521 338
521 97
521 26
522 300
522 118
522 14
523 201
523 2
523 29
524 0
524 212
524 3
525 218
525 106
525 145
526 485
526 503
526 300
527 286
527 386
527 221
528 130
528 67
528 0
529 445
529 57
529 351
530 36
530 104
530 10
531 76
531 24
531 27
532 517
532 515
532 118
533 132
533 76
533 475
534 93
534 132
534 254
535 86
535 69
535 291
536 29
536 300
536 22
537 397
537 12
537 132
538 288
538 231
538 19
539 80
539 11
539 52
540 190
540 1
540 114
541 22
541 312
541 341
542 171
542 1
542 86
543 254
543 251
543 86
544 187
544 22
544 456
545 372
545 93
545 3
546 4
546 51
546 68
547 5
547 95
547 206
548 124
548 2
548 387
549 4
549 431
549 29
550 2
550 244
550 146
551 334
551 277
551 387
552 176
552 269
552 178
553 413
553 343
553 483
554 105
554 161
554 59
555 10
555 225
555 68
556 547
556 483
556 0
557 9
557 288
557 6
558 295
558 82
558 29
559 3
559 152
559 53
560 261
560 26
560 133
561 93
561 7
561 414
562 1
562 150
562 16
563 321
563 37
563 17
564 77
564 72
564 157
565 99
565 321
565 393
566 21
566 66
566 16
567 305
567 495
567 22
568 365
568 128
568 494
569 295
569 87
569 33
570 241
570 505
570 99
571 147
571 547
571 0
572 68
572 31
572 114
573 134
573 308
573 384
574 56
574 0
574 187
575 92
575 189
575 53
576 397
576 44
576 12
577 236
577 346
577 193
578 6
578 327
578 190
579 324
579 447
579 158
580 290
580 68
580 491
581 474
581 338
581 2
582 34
582 37
582 217
583 381
583 253
583 0
584 37
584 52
584 150
585 448
585 43
585 469
586 62
586 40
586 448
587 306
587 565
587 130
588 32
588 467
588 83
589 274
589 69
589 443
590 8
590 58
590 26
591 30
591 138
591 238
592 98
592 74
592 15
593 9
593 66
593 253
594 439
594 396
594 327
595 6
595 62
595 312
596 389
596 40
596 161
597 117
597 327
597 87
598 323
598 505
598 60
599 10
599 114
599 54
600 27
600 513
600 421
601 94
601 296
601 126
602 82
602 482
602 178
603 94
603 0
603 44
604 527
604 155
604 62
605 157
605 208
605 367
606 118
606 439
606 31
607 532
607 91
607 87
608 83
608 115
608 134
609 103
609 8
609 150
610 272
610 212
610 553
611 154
611 2
611 3
612 133
612 392
612 146
613 338
613 48
613 175
614 36
614 543
614 467
615 123
615 116
615 213
616 613
616 279
616 152
617 52
617 307
617 9
618 187
618 551
618 1
619 109
619 171
619 374
620 142
620 230
620 23
621 6
621 0
621 72
622 378
622 9
622 1
623 258
623 426
623 38
624 242
624 72
624 467
625 206
625 373
625 616
626 220
626 154
626 337
627 8
627 167
627 581
628 44
628 62
628 8
629 158
629 147
629 245
630 14
630 38
630 1
631 519
631 194
631 616
632 80
632 48
632 245
633 0
633 22
633 417
634 225
634 183
634 223
635 379
635 40
635 89
636 226
636 38
636 168
637 232
637 142
637 621
638 81
638 89
638 61
639 233
639 245
639 22
640 142
640 336
640 401
641 39
641 23
641 189
642 508
642 53
642 21
643 397
643 174
643 496
644 170
644 33
644 193
645 137
645 69
645 640
646 72
646 0
646 188
647 22
647 397
647 127
648 312
648 93
648 526
649 540
649 429
649 221
650 59
650 405
650 239
651 83
651 32
651 3
652 58
652 394
652 468
653 585
653 1
653 14
654 429
654 471
654 21
655 309
655 36
655 115
656 493
656 104
656 159
657 57
657 102
657 361
658 165
658 0
658 41
659 514
659 87
659 118
660 151
660 283
660 61
661 21
661 264
661 295
662 503
662 2
662 472
663 2
663 462
663 446
664 361
664 513
664 105
665 115
665 543
665 241
666 4
666 33
666 29
667 308
667 17
667 428
668 326
668 13
668 646
669 142
669 307
669 56
670 28
670 444
670 133
671 252
671 278
671 24
672 106
672 295
672 49
673 431
673 561
673 18
674 278
674 500
674 161
675 167
675 218
675 6
676 1
676 301
676 12
677 19
677 467
677 58
678 227
678 567
678 430
679 257
679 88
679 369
680 388
680 577
680 375
681 310
681 134
681 301
682 438
682 117
682 87
683 550
683 2
683 549
684 517
684 204
684 320
685 369
685 223
685 340
686 466
686 1
686 221
687 1
687 147
687 35
688 0
688 6
688 513
689 27
689 574
689 66
690 41
690 113
690 68
691 70
691 510
691 257
692 30
692 284
692 138
693 368
693 0
693 36
694 104
694 7
694 36
695 104
695 304
695 672
696 245
696 453
696 235
697 512
697 72
697 678
698 106
698 556
698 271
699 114
699 115
699 473
700 609
700 511
700 117
701 86
701 37
701 198
702 303
702 307
702 2
703 13
703 448
703 72
704 273
704 57
704 87
705 66
705 157
705 76
706 6
706 3
706 586
707 86
707 33
707 8
708 126
708 1
708 66
709 600
709 640
709 575
710 48
710 548
710 579
711 20
711 665
711 39
712 595
712 104
712 307
713 314
713 147
713 133
714 167
714 19
714 126
715 643
715 138
715 474
716 10
716 670
716 588
717 309
717 228
717 398
718 656
718 85
718 97
719 10
719 695
719 372
720 298
720 88
720 539
721 123
721 342
721 74
722 55
722 0
722 168
723 104
723 146
723 60
724 249
724 268
724 356
725 74
725 387
725 614
726 282
726 91
726 104
727 231
727 21
727 392
728 659
728 245
728 75
729 250
729 287
729 4
730 447
730 619
730 22
731 367
731 421
731 606
732 452
732 499
732 21
733 503
733 731
733 24
734 265
734 208
734 0
735 687
735 699
735 184
736 121
736 142
736 428
737 120
737 192
737 341
738 439
738 693
738 607
739 373
739 394
739 505
740 158
740 187
740 321
741 165
741 176
741 411
742 18
742 5
742 673
743 248
743 39
743 241
744 155
744 303
744 675
745 4
745 334
745 140
746 216
746 88
746 1
747 38
747 362
747 668
748 33
748 14
748 287
749 50
749 443
749 467
750 3
750 7
750 327
751 562
751 17
751 661
752 314
752 659
752 443
753 3
753 52
753 377
754 179
754 285
754 106
755 13
755 351
755 410
756 56
756 100
756 198
757 92
757 69
757 36
758 88
758 200
758 45
759 517
759 2
759 29
760 226
760 547
760 126
761 427
761 147
761 92
762 255
762 335
762 113
763 557
763 441
763 565
764 152
764 558
764 647
765 14
765 332
765 1
766 0
766 172
766 731
767 228
767 562
767 358
768 557
768 20
768 44
769 32
769 343
769 3
770 758
770 216
770 245
771 273
771 753
771 140
772 99
772 427
772 388
773 114
773 245
773 44
774 3
774 11
774 473
775 60
775 486
775 287
776 53
776 4
776 146
777 559
777 114
777 313
778 147
778 122
778 358
779 365
779 7
779 163
780 97
780 387
780 351
781 319
781 203
781 146
782 111
782 431
782 36
783 699
783 530
783 558
784 49
784 573
784 235
785 126
785 432
785 44
786 517
786 373
786 8
787 302
787 409
787 114
788 385
788 215
788 13
789 403
789 512
789 514
790 138
790 583
790 109
791 171
791 1
791 587
792 265
792 105
792 120
793 127
793 49
793 58
794 51
794 143
794 73
795 105
795 115
795 92
796 87
796 726
796 244
797 779
797 14
797 375
798 146
798 88
798 91
799 620
799 203
799 6
800 490
800 165
800 228
801 595
801 220
801 538
802 42
802 576
802 312
803 16
803 517
803 58
804 273
804 32
804 306
805 8
805 759
805 80
806 27
806 501
806 370
807 784
807 183
807 355
808 476
808 151
808 351
809 300
809 28
809 676
810 227
810 216
810 478
811 803
811 203
811 2
812 25
812 422
812 276
813 119
813 441
813 446
814 134
814 254
814 269
815 36
815 371
815 33
816 528
816 532
816 74
817 236
817 12
817 8
818 721
818 362
818 10
819 365
819 248
819 5
820 650
820 426
820 30
821 665
821 359
821 66
822 46
822 1
822 116
823 249
823 121
823 29
824 220
824 44
824 295
825 32
825 787
825 41
826 517
826 370
826 458
827 197
827 117
827 269
828 85
828 184
828 577
829 40
829 751
829 349
830 11
830 617
830 459
831 628
831 13
831 39
832 0
832 325
832 547
833 612
833 189
833 121
834 1
834 303
834 603
835 324
835 568
835 538
836 767
836 0
836 675
837 238
837 244
837 805
838 300
838 122
838 20
839 413
839 492
839 181
840 109
840 27
840 803
841 322
841 0
841 570
842 30
842 26
842 298
843 241
843 532
843 107
844 459
844 476
844 0
845 581
845 146
845 201
846 38
846 417
846 841
847 32
847 304
847 708
848 787
848 361
848 404
849 618
849 72
849 74
850 641
850 846
850 167
851 577
851 248
851 508
852 430
852 114
852 380
853 111
853 241
853 167
854 228
854 189
854 339
855 17
855 10
855 12
856 666
856 245
856 236
857 365
857 558
857 3
858 18
858 318
858 689
859 0
859 846
859 6
860 197
860 603
860 8
861 381
861 32
861 41
862 611
862 17
862 826
863 448
863 360
863 339
864 40
864 519
864 52
865 352
865 87
865 495
866 145
866 127
866 272
867 357
867 1
867 716
868 857
868 5
868 808
869 7
869 27
869 137
870 117
870 1
870 0
871 54
871 288
871 512
872 494
872 2
872 47
873 151
873 53
873 97
874 623
874 184
874 28
875 352
875 63
875 336
876 336
876 123
876 266
877 1
877 583
877 27
878 577
878 443
878 5
879 724
879 155
879 783
880 462
880 859
880 16
881 579
881 644
881 1
882 361
882 0
882 779
883 624
883 197
883 605
884 8
884 643
884 525
885 29
885 74
885 431
886 433
886 609
886 429
887 2
887 406
887 669
888 177
888 73
888 189
889 216
889 15
889 151
890 73
890 87
890 342
891 146
891 0
891 8
892 273
892 38
892 399
893 189
893 876
893 358
894 40
894 27
894 552
895 8
895 150
895 884
896 85
896 467
896 163
897 726
897 126
897 235
898 2
898 495
898 127
899 701
899 896
899 19
900 592
900 735
900 1
901 341
901 221
901 831
902 780
902 194
902 77
903 357
903 192
903 642
904 183
904 75
904 562
905 60
905 410
905 138
906 164
906 159
906 1
907 70
907 312
907 3
908 556
908 460
908 387
909 759
909 44
909 56
910 83
910 24
910 27
911 32
911 139
911 633
912 145
912 6
912 101
913 53
913 95
913 232
914 387
914 219
914 824
915 146
915 59
915 192
916 295
916 419
916 27
917 3
917 44
917 894
918 861
918 72
918 536
919 753
919 296
919 85
920 165
920 448
920 20
921 121
921 120
921 8
922 5
922 116
922 513
923 106
923 9
923 0
924 180
924 302
924 422
925 39
925 761
925 513
926 341
926 885
926 539
927 27
927 715
927 911
928 852
928 193
928 2
929 300
929 576
929 609
930 428
930 18
930 131
931 4
931 615
931 31
932 820
932 15
932 37
933 6
933 691
933 14
934 908
934 1
934 20
935 295
935 532
935 275
936 326
936 689
936 3
937 0
937 109
937 65
938 9
938 334
938 218
939 760
939 843
939 888
940 912
940 32
940 52
941 85
941 198
941 766
942 576
942 172
942 251
943 761
943 894
943 6
944 109
944 736
944 150
945 34
945 256
945 104
946 61
946 2
946 95
947 134
947 161
947 8
948 191
948 18
948 745
949 722
949 665
949 78
950 566
950 72
950 565
951 860
951 92
951 32
952 74
952 52
952 618
953 240
953 319
953 308
954 461
954 846
954 44
955 256
955 102
955 429
956 117
956 351
956 464
957 755
957 560
957 236
958 114
958 473
958 342
959 553
959 248
959 49
960 189
960 13
960 198
961 494
961 911
961 1
962 74
962 109
962 423
963 433
963 146
963 86
964 636
964 426
964 961
965 2
965 8
965 455
966 83
966 350
966 656
967 142
967 16
967 538
968 492
968 38
968 821
969 56
969 10
969 156
970 228
970 20
970 163
971 635
971 21
971 5
972 430
972 0
972 927
973 55
973 139
973 2
974 298
974 6
974 943
975 538
975 547
975 345
976 31
976 76
976 499
977 811
977 889
977 788
978 27
978 856
978 197
979 295
979 928
979 208
980 533
980 26
980 939
981 214
981 227
981 708
982 888
982 295
982 424
983 281
983 362
983 20
984 806
984 0
984 489
985 684
985 656
985 155
986 582
986 2
986 618
987 180
987 163
987 184
988 562
988 502
988 369
989 472
989 75
989 152
990 150
990 5
990 738
991 44
991 299
991 276
992 49
992 0
992 759
993 145
993 635
993 8
994 6
994 896
994 285
995 372
995 88
995 1
996 22
996 513
996 6
997 95
997 258
997 830
998 33
998 920
998 359
999 499
999 661
999 370
