0 1
1 0
2 1
2 0
3 1
3 2
3 0
4 1
4 2
4 0
5 0
5 3
5 4
6 2
6 0
6 5
7 5
7 0
7 4
8 7
8 5
8 4
9 4
9 0
9 5
10 8
10 2
10 5
11 0
11 1
11 5
12 4
12 1
12 5
13 1
13 8
13 2
14 1
14 2
14 9
15 8
15 9
15 0
16 6
16 0
16 2
17 16
17 2
17 14
18 5
18 1
18 0
19 17
19 6
19 5
20 0
20 11
20 12
21 18
21 5
21 0
22 13
22 17
22 4
23 2
23 18
23 1
24 0
24 5
24 2
25 20
25 23
25 0
26 8
26 5
26 18
27 26
27 23
27 20
28 2
28 10
28 18
29 7
29 2
29 1
30 1
30 19
30 12
31 8
31 0
31 23
32 7
32 23
32 13
33 1
33 22
33 2
34 17
34 20
34 2
35 9
35 8
35 11
36 26
36 7
36 8
37 2
37 0
37 12
38 20
38 26
38 2
39 1
39 24
39 0
40 1
40 36
40 39
41 27
41 5
41 17
42 28
42 5
42 12
43 7
43 21
43 10
44 23
44 5
44 4
45 0
45 12
45 28
46 18
46 30
46 27
47 41
47 3
47 19
48 33
48 5
48 1
49 0
49 9
49 26
50 16
50 7
50 27
51 1
51 36
51 19
52 15
52 5
52 47
53 47
53 17
53 2
54 10
54 17
54 2
55 0
55 52
55 18
56 36
56 0
56 2
57 2
57 31
57 32
58 26
58 15
58 16
59 2
59 28
59 18
60 27
60 2
60 11
61 0
61 16
61 17
62 18
62 4
62 24
63 38
63 8
63 57
64 11
64 30
64 60
65 2
65 17
65 29
66 33
66 10
66 27
67 53
67 64
67 24
68 48
68 5
68 17
69 8
69 1
69 2
70 63
70 38
70 69
71 17
71 0
71 42
72 11
72 66
72 14
73 72
73 5
73 4
74 17
74 2
74 12
75 28
75 24
75 12
76 58
76 68
76 71
77 3
77 6
77 69
78 39
78 16
78 73
79 26
79 2
79 0
80 0
80 2
80 20
81 2
81 18
81 33
82 53
82 6
82 26
83 18
83 5
83 3
84 76
84 6
84 5
85 76
85 18
85 47
86 1
86 39
86 3
87 19
87 24
87 8
88 5
88 50
88 0
89 29
89 27
89 66
90 86
90 52
90 1
91 23
91 79
91 56
92 47
92 81
92 67
93 81
93 84
93 21
94 92
94 2
94 17
95 36
95 62
95 0
96 1
96 27
96 2
97 4
97 14
97 0
98 27
98 24
98 62
99 26
99 1
99 5
