0 1
1 0
2 1
2 0
3 2
3 0
3 1
4 0
4 1
4 2
5 3
5 2
5 0
6 1
6 2
6 0
7 2
7 1
7 0
8 0
8 5
8 2
9 2
9 5
9 1
10 5
10 2
10 3
11 3
11 0
11 6
12 9
12 2
12 11
13 5
13 4
13 2
14 1
14 0
14 2
15 6
15 0
15 1
16 3
16 12
16 0
17 14
17 1
17 0
18 4
18 1
18 2
19 2
19 6
19 0
20 1
20 12
20 4
21 5
21 10
21 3
22 2
22 4
22 0
23 2
23 5
23 19
24 0
24 2
24 19
25 2
25 17
25 5
26 10
26 18
26 2
27 5
27 20
27 2
28 0
28 1
28 11
29 11
29 4
29 7
30 0
30 22
30 1
31 9
31 16
31 18
32 5
32 31
32 4
33 3
33 2
33 1
34 24
34 0
34 2
35 0
35 5
35 3
36 30
36 9
36 23
37 29
37 33
37 8
38 10
38 5
38 0
39 6
39 2
39 5
40 18
40 7
40 2
41 1
41 9
41 11
42 0
42 28
42 37
43 2
43 5
43 7
44 5
44 20
44 24
45 4
45 23
45 31
46 2
46 33
46 36
47 28
47 4
47 11
48 10
48 3
48 9
49 40
49 28
49 47
