0 1
0 2
0 3
0 4
0 6
0 9
0 16
0 20
0 21
0 35
0 39
1 0
1 2
1 3
1 4
1 5
1 6
1 7
1 11
1 13
1 14
1 15
2 1
2 0
2 3
2 9
2 10
2 16
2 17
2 50
2 60
2 61
3 0
3 2
3 1
3 4
3 5
3 7
3 8
3 15
3 19
3 37
3 38
4 0
4 3
4 1
4 5
4 7
4 22
4 23
4 25
4 36
4 40
4 44
5 1
5 4
5 3
5 6
5 20
5 33
5 38
5 45
5 49
5 61
5 83
6 1
6 0
6 5
6 8
6 10
6 12
6 13
6 14
6 32
6 42
6 47
7 1
7 4
7 3
7 8
7 12
7 19
7 59
7 93
8 7
8 3
8 6
8 9
8 10
8 11
8 12
8 31
8 41
8 57
8 63
9 0
9 2
9 8
9 11
9 14
9 17
9 20
9 44
9 75
9 84
10 8
10 2
10 6
10 13
10 17
10 18
10 24
10 29
10 36
10 38
10 47
11 8
11 1
11 9
11 18
11 23
11 33
11 64
11 81
12 7
12 8
12 6
12 30
12 45
12 51
12 52
12 73
13 10
13 1
13 6
13 24
13 50
13 68
14 1
14 6
14 9
14 15
14 25
14 95
15 1
15 3
15 14
15 21
15 46
15 49
15 98
16 2
16 1
16 0
16 28
16 48
16 92
17 10
17 2
17 9
17 18
17 22
17 35
17 36
17 39
17 41
17 53
17 72
18 17
18 10
18 11
18 21
18 26
18 52
18 58
18 96
19 7
19 3
19 1
19 43
19 87
20 5
20 9
20 0
20 22
20 23
20 24
20 54
20 67
21 15
21 0
21 18
21 27
21 30
21 78
22 4
22 17
22 20
22 30
22 31
22 35
22 46
22 49
22 65
23 11
23 4
23 20
23 25
23 26
23 27
23 28
23 29
23 32
23 40
23 51
24 20
24 13
24 10
24 28
24 29
24 34
24 43
24 86
24 90
25 23
25 4
25 14
25 26
25 71
25 91
26 18
26 23
26 25
26 34
26 39
26 70
26 76
26 82
27 23
27 1
27 21
27 53
27 69
28 23
28 16
28 24
28 42
28 55
28 66
29 10
29 23
29 24
29 32
29 37
29 73
29 77
29 80
29 93
30 21
30 12
30 22
30 31
30 60
30 61
30 70
30 71
30 98
31 8
31 30
31 22
31 33
31 34
31 41
31 62
31 67
31 90
31 94
32 29
32 23
32 6
32 42
32 59
32 60
32 93
33 11
33 31
33 5
33 40
33 72
33 78
34 26
34 24
34 31
34 45
34 88
35 0
35 17
35 22
35 37
35 53
35 69
35 74
36 10
36 4
36 17
36 43
36 52
36 64
36 85
36 87
36 91
37 35
37 3
37 29
37 54
38 5
38 3
38 10
38 56
38 75
38 92
39 26
39 17
39 0
39 62
39 73
40 4
40 23
40 33
41 8
41 31
41 17
41 51
41 68
42 32
42 28
42 6
43 36
43 24
43 19
43 74
44 9
44 1
44 4
45 34
45 5
45 12
45 74
46 1
46 22
46 15
46 57
46 62
46 66
46 75
46 80
47 6
47 10
47 4
47 76
48 16
48 3
48 4
48 57
48 68
49 22
49 15
49 5
49 54
49 64
49 71
49 82
49 84
50 13
50 2
50 0
50 79
51 12
51 23
51 41
52 36
52 18
52 12
52 55
53 35
53 27
53 17
53 77
53 83
53 89
54 49
54 37
54 20
55 52
55 3
55 28
55 63
56 38
56 0
56 1
57 46
57 48
57 8
58 18
58 6
58 0
58 78
58 86
58 97
59 23
59 32
59 7
60 2
60 30
60 32
60 69
61 2
61 30
61 5
62 46
62 31
62 39
62 83
62 85
62 91
63 8
63 6
63 55
63 65
63 66
63 92
64 49
64 36
64 11
65 22
65 63
65 1
65 96
66 28
66 63
66 46
67 4
67 20
67 31
68 13
68 41
68 48
69 60
69 35
69 27
69 80
70 1
70 26
70 30
70 81
70 95
71 25
71 49
71 30
71 99
72 33
72 17
72 8
72 82
73 39
73 29
73 12
74 45
74 43
74 35
74 87
75 46
75 38
75 9
76 17
76 26
76 47
76 84
77 29
77 1
77 53
78 21
78 33
78 58
79 23
79 8
79 50
80 29
80 46
80 69
81 11
81 70
81 17
82 72
82 26
82 49
82 85
83 5
83 62
83 53
83 95
84 76
84 49
84 9
84 97
85 62
85 82
85 36
86 24
86 58
86 10
86 98
87 36
87 74
87 19
88 6
88 34
88 3
89 4
89 6
89 53
90 24
90 10
90 31
90 97
91 36
91 62
91 25
92 63
92 16
92 38
93 29
93 7
93 32
94 3
94 1
94 31
95 14
95 83
95 70
96 3
96 65
96 18
97 58
97 84
97 90
98 86
98 15
98 30
99 23
99 6
99 71
