0 1
1 0
2 1
2 0
3 1
3 0
3 2
4 1
4 0
4 2
5 0
5 1
5 3
6 1
6 0
6 5
7 3
7 6
7 0
8 3
8 1
8 0
9 1
9 3
9 0
10 7
10 0
10 2
11 5
11 4
11 3
12 2
12 4
12 1
13 3
13 0
13 12
14 1
14 5
14 4
15 2
15 0
15 13
16 4
16 3
16 2
17 13
17 2
17 8
18 0
18 6
18 4
19 13
19 0
19 9
20 13
20 1
20 5
21 18
21 3
21 12
22 2
22 1
22 5
23 3
23 22
23 15
24 5
24 17
24 10
25 20
25 0
25 5
26 4
26 25
26 10
27 6
27 4
27 2
28 7
28 15
28 1
29 7
29 2
29 4
30 12
30 0
30 3
31 0
31 1
31 18
32 5
32 6
32 0
33 2
33 1
33 0
34 33
34 8
34 4
35 6
35 19
35 20
36 15
36 3
36 20
37 20
37 3
37 2
38 12
38 3
38 20
39 20
39 37
39 4
40 12
40 1
40 24
41 5
41 12
41 25
42 33
42 12
42 3
43 5
43 1
43 12
44 28
44 36
44 12
45 3
45 0
45 6
46 4
46 15
46 43
47 11
47 5
47 42
48 36
48 3
48 39
49 15
49 5
49 0
50 0
50 26
50 4
51 44
51 0
51 3
52 45
52 4
52 5
53 5
53 1
53 0
54 1
54 31
54 9
55 4
55 0
55 17
56 20
56 1
56 7
57 47
57 30
57 19
58 4
58 0
58 41
59 5
59 9
59 8
60 13
60 33
60 28
61 53
61 1
61 47
62 0
62 26
62 6
63 56
63 17
63 19
64 5
64 51
64 20
65 19
65 0
65 4
66 4
66 12
66 28
67 0
67 19
67 42
68 62
68 44
68 23
69 1
69 52
69 13
70 6
70 15
70 0
71 1
71 53
71 0
72 53
72 1
72 16
73 25
73 13
73 1
74 64
74 42
74 13
75 39
75 12
75 5
76 6
76 7
76 4
77 57
77 42
77 71
78 8
78 3
78 15
79 78
79 45
79 2
80 3
80 5
80 53
81 17
81 1
81 11
82 25
82 3
82 1
83 4
83 51
83 20
84 1
84 15
84 42
85 56
85 33
85 35
86 1
86 3
86 4
87 41
87 3
87 82
88 3
88 35
88 67
89 79
89 6
89 42
90 36
90 33
90 16
91 42
91 90
91 76
92 20
92 65
92 2
93 2
93 58
93 30
94 2
94 70
94 3
95 1
95 13
95 30
96 39
96 7
96 51
97 29
97 4
97 11
98 33
98 10
98 3
99 69
99 46
99 22
100 4
100 6
100 94
101 1
101 84
101 33
102 76
102 4
102 53
103 76
103 63
103 91
104 13
104 17
104 42
105 0
105 64
105 1
106 3
106 22
106 17
107 3
107 33
107 64
108 28
108 2
108 19
109 25
109 0
109 66
110 0
110 23
110 82
111 110
111 43
111 4
112 12
112 0
112 3
113 104
113 15
113 45
114 4
114 53
114 40
115 43
115 3
115 17
116 43
116 1
116 0
117 98
117 15
117 74
118 29
118 17
118 7
119 67
119 53
119 22
120 1
120 78
120 36
121 17
121 14
121 112
122 66
122 4
122 89
123 93
123 65
123 56
124 9
124 1
124 74
125 17
125 3
125 100
126 2
126 60
126 20
127 20
127 112
127 73
128 42
128 23
128 41
129 44
129 20
129 4
130 110
130 13
130 0
131 3
131 29
131 20
132 5
132 28
132 12
133 40
133 41
133 0
134 2
134 34
134 43
135 73
135 0
135 13
136 47
136 1
136 94
137 36
137 47
137 2
138 59
138 1
138 32
139 12
139 36
139 13
140 36
140 1
140 122
141 17
141 51
141 126
142 20
142 116
142 102
143 126
143 99
143 13
144 59
144 126
144 114
145 17
145 13
145 79
146 0
146 111
146 1
147 110
147 35
147 142
148 135
148 9
148 87
149 125
149 134
149 0
150 56
150 53
150 143
151 27
151 61
151 139
152 84
152 13
152 106
153 45
153 44
153 119
154 26
154 39
154 53
155 23
155 57
155 95
156 87
156 62
156 44
157 76
157 112
157 151
158 47
158 71
158 0
159 28
159 2
159 3
160 43
160 70
160 12
161 24
161 7
161 87
162 20
162 34
162 2
163 6
163 100
163 118
164 3
164 59
164 83
165 0
165 1
165 77
166 4
166 45
166 20
167 20
167 1
167 0
168 60
168 157
168 1
169 12
169 1
169 115
170 57
170 2
170 13
171 135
171 79
171 14
172 134
172 128
172 110
173 13
173 153
173 3
174 23
174 74
174 1
175 59
175 128
175 1
176 82
176 98
176 3
177 14
177 70
177 128
178 0
178 135
178 62
179 23
179 103
179 101
180 4
180 28
180 19
181 3
181 53
181 111
182 100
182 138
182 82
183 21
183 79
183 69
184 20
184 126
184 7
185 6
185 87
185 18
186 38
186 103
186 1
187 47
187 42
187 148
188 32
188 102
188 2
189 187
189 2
189 1
190 127
190 32
190 163
191 1
191 2
191 0
192 48
192 35
192 67
193 94
193 106
193 5
194 44
194 156
194 59
195 48
195 52
195 64
196 105
196 42
196 178
197 2
197 141
197 14
198 70
198 67
198 20
199 17
199 28
199 10
200 84
200 69
200 124
201 53
201 6
201 192
202 154
202 10
202 46
203 159
203 39
203 51
204 4
204 86
204 80
205 116
205 12
205 23
206 79
206 30
206 146
207 67
207 198
207 3
208 12
208 27
208 198
209 73
209 5
209 79
210 50
210 42
210 209
211 165
211 133
211 54
212 5
212 44
212 208
213 90
213 209
213 4
214 72
214 187
214 97
215 80
215 83
215 0
216 191
216 1
216 37
217 17
217 53
217 39
218 32
218 0
218 13
219 2
219 19
219 108
220 11
220 14
220 3
221 50
221 173
221 106
222 6
222 186
222 79
223 0
223 1
223 59
224 161
224 2
224 80
225 15
225 187
225 132
226 42
226 43
226 34
227 118
227 100
227 0
228 45
228 55
228 59
229 13
229 3
229 25
230 47
230 159
230 51
231 2
231 42
231 151
232 72
232 135
232 12
233 107
233 131
233 35
234 12
234 3
234 16
235 204
235 12
235 137
236 130
236 137
236 116
237 3
237 106
237 161
238 12
238 98
238 122
239 165
239 53
239 159
240 4
240 94
240 6
241 101
241 157
241 0
242 75
242 0
242 98
243 66
243 33
243 14
244 52
244 33
244 142
245 12
245 93
245 4
246 42
246 1
246 196
247 95
247 6
247 13
248 89
248 6
248 60
249 163
249 15
249 56
250 206
250 147
250 3
251 175
251 12
251 0
252 1
252 230
252 142
253 131
253 7
253 56
254 80
254 78
254 62
255 15
255 4
255 11
256 9
256 73
256 44
257 1
257 248
257 234
258 120
258 0
258 91
259 33
259 229
259 56
260 160
260 117
260 6
261 209
261 49
261 13
262 0
262 63
262 77
263 120
263 248
263 20
264 14
264 93
264 12
265 67
265 56
265 171
266 53
266 100
266 5
267 207
267 161
267 213
268 112
268 73
268 107
269 13
269 90
269 53
270 56
270 132
270 3
271 3
271 97
271 163
272 77
272 17
272 6
273 145
273 22
273 3
274 109
274 195
274 3
275 7
275 139
275 34
276 270
276 90
276 215
277 245
277 47
277 257
278 257
278 152
278 166
279 206
279 55
279 171
280 23
280 153
280 45
281 82
281 174
281 1
282 20
282 5
282 56
283 19
283 87
283 6
284 139
284 13
284 53
285 84
285 5
285 4
286 173
286 282
286 22
287 238
287 0
287 108
288 173
288 139
288 108
289 1
289 89
289 2
290 15
290 122
290 62
291 227
291 12
291 2
292 59
292 6
292 192
293 207
293 157
293 13
294 26
294 28
294 141
295 136
295 22
295 112
296 157
296 208
296 64
297 165
297 29
297 213
298 109
298 251
298 165
299 220
299 189
299 80
300 13
300 294
300 0
301 12
301 4
301 116
302 84
302 53
302 181
303 116
303 129
303 254
304 5
304 90
304 270
305 0
305 1
305 185
306 90
306 1
306 91
307 277
307 185
307 268
308 266
308 221
308 20
309 28
309 126
309 32
310 57
310 69
310 273
311 156
311 305
311 33
312 7
312 0
312 3
313 100
313 6
313 139
314 89
314 93
314 24
315 69
315 207
315 170
316 8
316 223
316 1
317 214
317 36
317 3
318 6
318 195
318 191
319 4
319 317
319 13
320 14
320 1
320 56
321 11
321 6
321 53
322 42
322 181
322 39
323 273
323 110
323 3
324 3
324 159
324 268
325 13
325 292
325 188
326 245
326 46
326 57
327 6
327 218
327 3
328 79
328 134
328 280
329 126
329 15
329 292
330 31
330 23
330 118
331 6
331 156
331 23
332 222
332 91
332 29
333 281
333 214
333 77
334 288
334 289
334 3
335 255
335 108
335 66
336 122
336 29
336 78
337 80
337 1
337 17
338 110
338 230
338 277
339 311
339 26
339 5
340 96
340 186
340 321
341 3
341 305
341 65
342 98
342 51
342 140
343 51
343 148
343 28
344 50
344 136
344 1
345 56
345 2
345 20
346 82
346 76
346 0
347 109
347 201
347 42
348 20
348 346
348 78
349 9
349 77
349 46
350 163
350 307
350 19
351 8
351 20
351 42
352 60
352 64
352 2
353 60
353 8
353 63
354 105
354 319
354 72
355 111
355 332
355 12
356 3
356 46
356 91
357 164
357 309
357 343
358 15
358 59
358 157
359 2
359 35
359 9
360 34
360 78
360 20
361 89
361 6
361 17
362 212
362 77
362 173
363 1
363 347
363 331
364 135
364 269
364 164
365 53
365 194
365 90
366 191
366 25
366 218
367 167
367 29
367 173
368 214
368 49
368 128
369 24
369 15
369 1
370 141
370 33
370 264
371 151
371 1
371 63
372 5
372 45
372 20
373 157
373 120
373 77
374 39
374 161
374 137
375 126
375 110
375 227
376 32
376 179
376 5
377 234
377 264
377 346
378 51
378 159
378 73
379 5
379 80
379 13
380 56
380 324
380 145
381 6
381 157
381 150
382 102
382 148
382 227
383 4
383 81
383 44
384 200
384 214
384 146
385 35
385 6
385 72
386 33
386 156
386 84
387 220
387 157
387 148
388 143
388 251
388 218
389 381
389 266
389 192
390 291
390 0
390 22
391 72
391 33
391 63
392 23
392 309
392 1
393 128
393 361
393 45
394 29
394 48
394 93
395 42
395 151
395 74
396 146
396 253
396 353
397 53
397 122
397 206
398 83
398 76
398 111
399 116
399 0
399 271
400 98
400 5
400 244
401 149
401 170
401 245
402 352
402 268
402 122
403 284
403 45
403 1
404 23
404 63
404 78
405 256
405 218
405 135
406 220
406 380
406 82
407 273
407 27
407 79
408 17
408 24
408 197
409 110
409 85
409 208
410 0
410 112
410 161
411 17
411 408
411 12
412 4
412 389
412 17
413 46
413 354
413 30
414 28
414 319
414 3
415 5
415 161
415 12
416 415
416 48
416 12
417 342
417 118
417 201
418 76
418 289
418 106
419 18
419 74
419 100
420 211
420 171
420 53
421 5
421 370
421 63
422 51
422 1
422 166
423 0
423 63
423 268
424 69
424 72
424 8
425 380
425 9
425 192
426 147
426 225
426 9
427 13
427 184
427 196
428 0
428 108
428 367
429 131
429 122
429 376
430 172
430 118
430 24
431 100
431 185
431 74
432 24
432 243
432 37
433 271
433 375
433 140
434 3
434 4
434 126
435 281
435 426
435 57
436 75
436 102
436 261
437 86
437 13
437 61
438 423
438 57
438 113
439 173
439 74
439 94
440 76
440 126
440 56
441 374
441 139
441 370
442 13
442 192
442 171
443 77
443 19
443 247
444 218
444 3
444 110
445 264
445 141
445 172
446 33
446 410
446 315
447 80
447 238
447 400
448 110
448 3
448 353
449 29
449 1
449 136
450 200
450 31
450 444
451 0
451 25
451 93
452 13
452 304
452 254
453 264
453 352
453 332
454 93
454 369
454 349
455 67
455 2
455 187
456 20
456 143
456 30
457 191
457 229
457 16
458 117
458 262
458 353
459 13
459 227
459 18
460 228
460 204
460 49
461 0
461 132
461 63
462 56
462 83
462 3
463 167
463 91
463 46
464 130
464 185
464 44
465 2
465 25
465 229
466 414
466 143
466 333
467 206
467 82
467 81
468 172
468 456
468 451
469 77
469 19
469 301
470 79
470 230
470 161
471 70
471 1
471 74
472 3
472 84
472 20
473 46
473 104
473 251
474 245
474 69
474 311
475 126
475 67
475 357
476 36
476 369
476 33
477 471
477 233
477 3
478 78
478 221
478 2
479 396
479 111
479 70
480 147
480 237
480 84
481 4
481 120
481 5
482 321
482 437
482 171
483 0
483 286
483 346
484 105
484 1
484 72
485 159
485 242
485 2
486 277
486 111
486 17
487 233
487 127
487 147
488 314
488 76
488 335
489 31
489 315
489 150
490 4
490 122
490 64
491 411
491 291
491 1
492 121
492 2
492 26
493 139
493 350
493 194
494 48
494 493
494 251
495 0
495 76
495 166
496 59
496 126
496 305
497 209
497 1
497 106
498 432
498 170
498 428
499 80
499 3
499 98
500 20
500 31
500 52
501 118
501 436
501 9
502 170
502 3
502 130
503 1
503 351
503 24
504 8
504 63
504 33
505 331
505 412
505 160
506 185
506 198
506 33
507 461
507 42
507 348
508 77
508 9
508 72
509 494
509 4
509 340
510 451
510 268
510 436
511 42
511 470
511 129
512 290
512 249
512 42
513 22
513 57
513 43
514 208
514 141
514 35
515 418
515 120
515 98
516 37
516 172
516 207
517 198
517 3
517 0
518 112
518 399
518 35
519 94
519 5
519 25
520 0
520 3
520 53
521 469
521 19
521 488
522 4
522 170
522 31
523 25
523 106
523 100
524 126
524 42
524 1
525 3
525 75
525 349
526 451
526 100
526 88
527 98
527 205
527 167
528 140
528 89
528 30
529 182
529 469
529 53
530 76
530 118
530 94
531 173
531 409
531 13
532 348
532 3
532 124
533 476
533 132
533 340
534 187
534 186
534 1
535 181
535 33
535 335
536 13
536 90
536 150
537 13
537 78
537 173
538 527
538 248
538 20
539 174
539 275
539 209
540 278
540 219
540 77
541 7
541 241
541 94
542 126
542 34
542 204
543 13
543 128
543 335
544 457
544 251
544 179
545 19
545 437
545 406
546 149
546 183
546 387
547 76
547 33
547 495
548 455
548 81
548 123
549 20
549 349
549 8
550 39
550 1
550 352
551 368
551 496
551 214
552 3
552 1
552 139
553 29
553 102
553 190
554 544
554 488
554 2
555 315
555 482
555 163
556 198
556 10
556 0
557 370
557 167
557 135
558 60
558 156
558 42
559 404
559 310
559 246
560 253
560 317
560 417
561 163
561 42
561 146
562 1
562 39
562 204
563 227
563 483
563 342
564 457
564 322
564 110
565 221
565 112
565 31
566 348
566 46
566 79
567 12
567 473
567 106
568 417
568 391
568 467
569 71
569 73
569 222
570 156
570 4
570 240
571 13
571 101
571 17
572 466
572 116
572 3
573 1
573 9
573 92
574 166
574 461
574 78
575 467
575 8
575 53
576 3
576 245
576 67
577 46
577 166
577 59
578 390
578 207
578 180
579 23
579 156
579 309
580 79
580 237
580 121
581 148
581 4
581 31
582 115
582 237
582 19
583 434
583 112
583 491
584 364
584 101
584 56
585 304
585 530
585 457
586 171
586 121
586 432
587 26
587 317
587 234
588 42
588 89
588 153
589 163
589 33
589 123
590 56
590 161
590 139
591 131
591 527
591 1
592 76
592 188
592 363
593 268
593 74
593 42
594 253
594 211
594 20
595 1
595 65
595 371
596 401
596 9
596 138
597 42
597 360
597 3
598 89
598 405
598 54
599 400
599 35
599 59
600 335
600 60
600 459
601 574
601 457
601 246
602 143
602 479
602 199
603 376
603 176
603 5
604 434
604 6
604 596
605 0
605 84
605 102
606 84
606 578
606 4
607 561
607 149
607 246
608 2
608 12
608 190
609 440
609 482
609 86
610 84
610 214
610 423
611 165
611 564
611 132
612 264
612 225
612 417
613 72
613 435
613 59
614 432
614 76
614 209
615 578
615 424
615 3
616 20
616 141
616 130
617 56
617 126
617 288
618 423
618 56
618 4
619 310
619 218
619 38
620 22
620 49
620 33
621 82
621 195
621 29
622 253
622 165
622 117
623 78
623 170
623 211
624 266
624 257
624 136
625 479
625 0
625 71
626 78
626 131
626 7
627 310
627 104
627 112
628 264
628 451
628 91
629 184
629 412
629 483
630 507
630 255
630 82
631 148
631 2
631 230
632 73
632 488
632 630
633 63
633 585
633 150
634 67
634 6
634 30
635 159
635 369
635 33
636 151
636 13
636 19
637 128
637 341
637 86
638 141
638 130
638 244
639 533
639 170
639 5
640 17
640 527
640 60
641 194
641 161
641 535
642 4
642 423
642 528
643 324
643 54
643 253
644 1
644 0
644 128
645 66
645 137
645 393
646 539
646 0
646 84
647 161
647 51
647 165
648 57
648 70
648 264
649 561
649 198
649 623
650 62
650 73
650 359
651 548
651 120
651 488
652 204
652 68
652 473
653 52
653 6
653 273
654 511
654 47
654 108
655 184
655 4
655 2
656 0
656 173
656 26
657 105
657 506
657 254
658 9
658 231
658 414
659 654
659 163
659 213
660 133
660 342
660 3
661 36
661 63
661 610
662 186
662 292
662 19
663 0
663 321
663 105
664 653
664 15
664 304
665 204
665 650
665 325
666 19
666 241
666 433
667 612
667 427
667 474
668 535
668 48
668 205
669 107
669 332
669 335
670 503
670 160
670 65
671 92
671 654
671 93
672 563
672 432
672 57
673 110
673 228
673 217
674 1
674 4
674 89
675 3
675 33
675 280
676 151
676 341
676 20
677 15
677 202
677 36
678 511
678 3
678 196
679 554
679 409
679 25
680 90
680 289
680 0
681 674
681 43
681 253
682 0
682 64
682 44
683 5
683 198
683 0
684 118
684 131
684 621
685 340
685 317
685 41
686 13
686 12
686 23
687 79
687 19
687 45
688 352
688 385
688 246
689 11
689 3
689 126
690 420
690 477
690 327
691 579
691 139
691 464
692 253
692 13
692 120
693 42
693 106
693 59
694 83
694 478
694 238
695 397
695 9
695 597
696 218
696 220
696 215
697 281
697 245
697 422
698 527
698 73
698 154
699 59
699 5
699 48
700 3
700 180
700 285
701 4
701 682
701 42
702 583
702 328
702 259
703 511
703 372
703 622
704 3
704 134
704 102
705 0
705 74
705 423
706 275
706 302
706 12
707 343
707 335
707 114
708 257
708 677
708 170
709 417
709 146
709 208
710 450
710 603
710 340
711 146
711 89
711 479
712 389
712 196
712 266
713 637
713 29
713 129
714 699
714 391
714 154
715 3
715 613
715 6
716 53
716 33
716 105
717 181
717 332
717 77
718 595
718 108
718 175
719 2
719 98
719 348
720 49
720 285
720 173
721 356
721 105
721 2
722 37
722 106
722 42
723 501
723 289
723 551
724 3
724 13
724 255
725 374
725 41
725 718
726 348
726 1
726 547
727 26
727 328
727 352
728 20
728 169
728 0
729 146
729 233
729 103
730 543
730 281
730 13
731 173
731 351
731 94
732 687
732 13
732 487
733 13
733 30
733 321
734 354
734 660
734 412
735 178
735 41
735 7
736 659
736 42
736 5
737 314
737 19
737 33
738 634
738 101
738 302
739 0
739 1
739 183
740 4
740 561
740 83
741 170
741 60
741 161
742 4
742 254
742 675
743 13
743 269
743 231
744 73
744 29
744 1
745 78
745 94
745 64
746 366
746 215
746 136
747 590
747 99
747 728
748 74
748 71
748 368
749 261
749 13
749 137
750 5
750 697
750 302
751 353
751 151
751 198
752 118
752 410
752 255
753 292
753 1
753 5
754 191
754 215
754 241
755 1
755 102
755 183
756 73
756 133
756 459
757 254
757 20
757 93
758 247
758 697
758 73
759 59
759 41
759 198
760 74
760 42
760 410
761 75
761 7
761 22
762 631
762 166
762 3
763 387
763 96
763 699
764 668
764 42
764 10
765 234
765 31
765 167
766 265
766 1
766 633
767 474
767 15
767 286
768 185
768 23
768 692
769 636
769 356
769 28
770 69
770 173
770 486
771 368
771 517
771 112
772 291
772 57
772 148
773 712
773 389
773 72
774 3
774 1
774 192
775 420
775 169
775 234
776 48
776 215
776 473
777 264
777 494
777 110
778 131
778 56
778 25
779 1
779 305
779 270
780 3
780 636
780 94
781 234
781 253
781 464
782 270
782 118
782 359
783 83
783 77
783 415
784 104
784 5
784 132
785 146
785 288
785 25
786 63
786 273
786 93
787 415
787 464
787 416
788 259
788 173
788 529
789 428
789 61
789 45
790 120
790 559
790 3
791 60
791 264
791 627
792 737
792 6
792 249
793 95
793 217
793 1
794 56
794 131
794 4
795 44
795 455
795 744
796 5
796 410
796 172
797 371
797 387
797 507
798 561
798 124
798 52
799 155
799 228
799 410
800 388
800 675
800 287
801 7
801 110
801 341
802 5
802 23
802 187
803 700
803 561
803 170
804 4
804 20
804 192
805 699
805 580
805 410
806 483
806 273
806 36
807 131
807 103
807 83
808 0
808 640
808 357
809 364
809 151
809 400
810 547
810 321
810 442
811 757
811 126
811 647
812 0
812 6
812 640
813 200
813 274
813 195
814 33
814 555
814 110
815 166
815 389
815 340
816 104
816 554
816 241
817 74
817 72
817 80
818 59
818 292
818 167
819 668
819 31
819 291
820 0
820 183
820 321
821 6
821 17
821 4
822 654
822 17
822 253
823 63
823 389
823 770
824 766
824 458
824 722
825 3
825 13
825 388
826 254
826 673
826 338
827 228
827 514
827 401
828 2
828 70
828 111
829 3
829 1
829 77
830 14
830 47
830 184
831 617
831 478
831 3
832 182
832 213
832 605
833 261
833 86
833 23
834 139
834 781
834 455
835 3
835 359
835 488
836 20
836 754
836 547
837 321
837 14
837 0
838 242
838 418
838 0
839 828
839 671
839 218
840 370
840 44
840 126
841 353
841 567
841 22
842 569
842 223
842 163
843 815
843 477
843 148
844 4
844 173
844 46
845 356
845 161
845 229
846 424
846 12
846 0
847 489
847 255
847 741
848 74
848 32
848 72
849 126
849 172
849 823
850 218
850 542
850 110
851 664
851 368
851 271
852 94
852 341
852 401
853 366
853 1
853 142
854 12
854 442
854 94
855 615
855 19
855 0
856 389
856 762
856 548
857 3
857 436
857 122
858 60
858 158
858 20
859 3
859 802
859 201
860 23
860 685
860 3
861 37
861 302
861 2
862 151
862 31
862 548
863 121
863 212
863 299
864 555
864 1
864 47
865 63
865 484
865 770
866 746
866 3
866 33
867 223
867 444
867 77
868 601
868 835
868 19
869 38
869 758
869 589
870 199
870 637
870 320
871 842
871 626
871 85
872 722
872 332
872 838
873 317
873 12
873 173
874 697
874 326
874 789
875 852
875 237
875 5
876 799
876 668
876 441
877 471
877 537
877 381
878 498
878 39
878 324
879 28
879 87
879 457
880 1
880 90
880 100
881 754
881 452
881 844
882 12
882 525
882 208
883 5
883 342
883 192
884 624
884 148
884 20
885 187
885 14
885 118
886 66
886 85
886 173
887 2
887 739
887 474
888 69
888 153
888 148
889 5
889 493
889 78
890 184
890 0
890 22
891 53
891 124
891 89
892 80
892 172
892 723
893 32
893 305
893 47
894 101
894 490
894 139
895 639
895 859
895 170
896 291
896 248
896 101
897 116
897 856
897 86
898 70
898 304
898 251
899 380
899 766
899 821
900 187
900 535
900 302
901 789
901 12
901 494
902 1
902 171
902 303
903 42
903 734
903 303
904 80
904 163
904 154
905 134
905 12
905 135
906 277
906 360
906 157
907 3
907 507
907 348
908 517
908 586
908 28
909 395
909 313
909 770
910 167
910 347
910 637
911 0
911 12
911 851
912 17
912 2
912 823
913 465
913 395
913 104
914 293
914 706
914 95
915 154
915 4
915 101
916 124
916 2
916 108
917 74
917 268
917 3
918 23
918 112
918 354
919 367
919 26
919 753
920 130
920 9
920 4
921 9
921 85
921 770
922 62
922 3
922 576
923 802
923 843
923 172
924 497
924 786
924 419
925 23
925 3
925 709
926 110
926 126
926 757
927 451
927 560
927 13
928 800
928 685
928 0
929 418
929 491
929 838
930 923
930 243
930 187
931 853
931 668
931 601
932 609
932 161
932 778
933 219
933 43
933 73
934 87
934 89
934 662
935 643
935 280
935 740
936 20
936 95
936 449
937 873
937 195
937 3
938 395
938 111
938 132
939 250
939 305
939 564
940 3
940 4
940 80
941 54
941 908
941 56
942 700
942 544
942 142
943 461
943 517
943 511
944 1
944 314
944 131
945 65
945 6
945 613
946 808
946 194
946 41
947 882
947 106
947 221
948 86
948 15
948 2
949 131
949 515
949 819
950 4
950 687
950 685
951 546
951 150
951 17
952 2
952 148
952 387
953 319
953 469
953 129
954 390
954 166
954 33
955 77
955 1
955 794
956 1
956 734
956 4
957 708
957 0
957 28
958 268
958 321
958 204
959 64
959 868
959 0
960 180
960 716
960 898
961 20
961 490
961 637
962 420
962 506
962 201
963 138
963 30
963 201
964 617
964 84
964 836
965 20
965 855
965 131
966 82
966 472
966 30
967 1
967 56
967 345
968 34
968 260
968 722
969 307
969 336
969 716
970 153
970 417
970 194
971 225
971 408
971 60
972 74
972 236
972 491
973 131
973 572
973 0
974 172
974 281
974 423
975 0
975 19
975 108
976 544
976 104
976 223
977 3
977 76
977 36
978 74
978 1
978 664
979 117
979 70
979 14
980 935
980 411
980 434
981 887
981 268
981 309
982 484
982 4
982 353
983 799
983 121
983 618
984 56
984 94
984 248
985 474
985 695
985 7
986 7
986 31
986 69
987 3
987 496
987 20
988 293
988 20
988 26
989 443
989 80
989 919
990 728
990 667
990 349
991 90
991 808
991 531
992 20
992 84
992 131
993 675
993 512
993 479
994 292
994 198
994 708
995 374
995 740
995 773
996 1
996 324
996 112
997 204
997 573
997 389
998 250
998 589
998 4
999 598
999 797
999 201
