0 1
1 0
2 1
2 0
3 0
3 1
3 2
4 0
4 2
4 3
5 0
5 2
5 3
6 0
6 2
6 1
7 0
7 1
7 2
8 7
8 3
8 0
9 5
9 6
9 0
10 8
10 7
10 1
11 9
11 0
11 1
12 9
12 11
12 1
13 0
13 9
13 11
14 7
14 12
14 2
15 11
15 3
15 12
16 2
16 5
16 9
17 1
17 9
17 0
18 7
18 2
18 0
19 2
19 1
19 0
20 11
20 1
20 5
21 2
21 9
21 7
22 7
22 0
22 9
23 2
23 1
23 17
24 17
24 7
24 1
25 18
25 1
25 0
26 13
26 6
26 0
27 1
27 12
27 0
28 2
28 6
28 22
29 5
29 2
29 26
30 5
30 0
30 16
31 15
31 5
31 7
32 14
32 7
32 11
33 1
33 0
33 16
34 1
34 0
34 7
35 2
35 11
35 13
36 7
36 1
36 15
37 26
37 0
37 9
38 2
38 3
38 6
39 14
39 0
39 26
40 11
40 15
40 2
41 0
41 5
41 1
42 22
42 28
42 1
43 14
43 32
43 27
44 10
44 18
44 34
45 26
45 6
45 42
46 18
46 30
46 16
47 18
47 6
47 14
48 9
48 34
48 26
49 11
49 0
49 29
