0 1
1 0
2 1
2 0
3 1
3 0
3 2
4 1
4 3
4 0
5 1
5 0
5 4
6 3
6 2
6 1
7 0
7 3
7 1
8 0
8 3
8 1
9 0
9 4
9 1
10 0
10 2
10 1
11 7
11 1
11 2
12 3
12 10
12 1
13 2
13 0
13 9
14 1
14 12
14 7
15 0
15 6
15 12
16 11
16 9
16 12
17 2
17 4
17 0
18 1
18 16
18 3
19 1
19 2
19 18
20 0
20 18
20 2
21 1
21 14
21 0
22 9
22 2
22 1
23 1
23 0
23 19
24 0
24 2
24 11
25 9
25 20
25 8
26 20
26 24
26 14
27 3
27 0
27 24
28 18
28 0
28 3
29 20
29 9
29 1
30 2
30 0
30 3
31 0
31 2
31 26
32 7
32 20
32 17
33 9
33 15
33 0
34 2
34 0
34 19
35 7
35 16
35 17
36 29
36 33
36 4
37 1
37 32
37 29
38 12
38 32
38 31
39 32
39 1
39 19
40 0
40 20
40 1
41 34
41 11
41 3
42 28
42 12
42 9
43 3
43 7
43 2
44 34
44 1
44 12
45 1
45 0
45 22
46 0
46 12
46 24
47 39
47 1
47 0
48 0
48 2
48 1
49 37
49 4
49 0
50 27
50 34
50 0
51 7
51 4
51 9
52 14
52 12
52 37
53 4
53 38
53 10
54 27
54 23
54 4
55 38
55 6
55 42
56 11
56 0
56 26
57 13
57 33
57 14
58 37
58 9
58 41
59 3
59 32
59 1
60 1
60 3
60 47
61 0
61 10
61 32
62 3
62 46
62 1
63 1
63 45
63 20
64 57
64 52
64 1
65 3
65 50
65 10
66 1
66 11
66 19
67 1
67 39
67 0
68 61
68 0
68 23
69 14
69 0
69 52
70 14
70 33
70 50
71 3
71 53
71 1
72 19
72 35
72 24
73 52
73 1
73 7
74 35
74 0
74 63
75 0
75 2
75 48
76 9
76 45
76 0
77 36
77 59
77 57
78 2
78 3
78 4
79 4
79 69
79 3
80 14
80 70
80 0
81 14
81 66
81 35
82 0
82 20
82 17
83 10
83 19
83 0
84 0
84 14
84 24
85 1
85 0
85 2
86 38
86 54
86 0
87 10
87 19
87 0
88 62
88 57
88 0
89 85
89 37
89 12
90 78
90 12
90 55
91 0
91 66
91 2
92 37
92 18
92 1
93 92
93 0
93 10
94 12
94 0
94 24
95 3
95 37
95 2
96 59
96 1
96 78
97 17
97 0
97 29
98 6
98 12
98 40
99 5
99 0
99 4
100 16
100 27
100 0
101 18
101 30
101 66
102 32
102 0
102 97
103 2
103 48
103 90
104 35
104 62
104 1
105 88
105 74
105 55
106 81
106 78
106 41
107 93
107 7
107 105
108 62
108 56
108 40
109 19
109 11
109 3
110 106
110 30
110 35
111 3
111 30
111 19
112 0
112 70
112 20
113 0
113 7
113 10
114 33
114 0
114 54
115 1
115 0
115 94
116 2
116 95
116 52
117 0
117 40
117 37
118 0
118 2
118 30
119 19
119 33
119 20
120 10
120 21
120 0
121 9
121 109
121 56
122 3
122 8
122 78
123 13
123 110
123 56
124 44
124 0
124 92
125 9
125 30
125 1
126 4
126 92
126 35
127 0
127 12
127 24
128 0
128 3
128 4
129 0
129 20
129 90
130 18
130 124
130 55
131 0
131 37
131 48
132 3
132 131
132 7
133 20
133 63
133 10
134 62
134 1
134 36
135 2
135 59
135 22
136 51
136 114
136 10
137 116
137 3
137 48
138 11
138 1
138 44
139 53
139 5
139 22
140 4
140 11
140 111
141 22
141 28
141 41
142 0
142 2
142 93
143 30
143 124
143 62
144 82
144 20
144 124
145 30
145 46
145 25
146 52
146 1
146 116
147 80
147 28
147 63
148 53
148 10
148 12
149 129
149 89
149 20
150 131
150 47
150 9
151 137
151 35
151 145
152 93
152 95
152 149
153 22
153 125
153 60
154 32
154 0
154 110
155 0
155 3
155 1
156 12
156 3
156 85
157 9
157 40
157 12
158 35
158 103
158 0
159 7
159 99
159 41
160 0
160 1
160 153
161 5
161 125
161 1
162 35
162 158
162 74
163 81
163 147
163 55
164 74
164 92
164 118
165 128
165 61
165 0
166 9
166 70
166 160
167 9
167 11
167 69
168 2
168 135
168 89
169 161
169 12
169 131
170 24
170 117
170 152
171 2
171 1
171 48
172 32
172 100
172 60
173 52
173 32
173 2
174 3
174 4
174 26
175 65
175 47
175 35
176 165
176 0
176 33
177 47
177 146
177 129
178 0
178 53
178 94
179 105
179 117
179 0
180 19
180 179
180 111
181 39
181 93
181 35
182 14
182 0
182 32
183 123
183 127
183 29
184 90
184 163
184 2
185 124
185 0
185 162
186 35
186 33
186 2
187 107
187 47
187 32
188 48
188 90
188 30
189 16
189 33
189 1
190 108
190 8
190 56
191 70
191 111
191 62
192 164
192 183
192 2
193 15
193 0
193 122
194 22
194 1
194 121
195 0
195 74
195 146
196 24
196 89
196 134
197 7
197 100
197 2
198 144
198 9
198 40
199 131
199 84
199 80
200 62
200 144
200 54
201 71
201 79
201 18
202 20
202 0
202 180
203 1
203 19
203 16
204 42
204 113
204 20
205 55
205 1
205 161
206 191
206 49
206 10
207 59
207 95
207 14
208 22
208 36
208 104
209 0
209 26
209 1
210 4
210 194
210 15
211 48
211 12
211 100
212 0
212 32
212 193
213 8
213 159
213 54
214 1
214 113
214 17
215 124
215 24
215 58
216 46
216 20
216 73
217 9
217 12
217 0
218 1
218 34
218 212
219 117
219 20
219 125
220 4
220 78
220 125
221 69
221 63
221 214
222 19
222 97
222 4
223 14
223 7
223 44
224 37
224 53
224 202
225 7
225 66
225 18
226 110
226 55
226 9
227 114
227 201
227 33
228 125
228 193
228 1
229 48
229 53
229 116
230 199
230 103
230 72
231 86
231 161
231 0
232 165
232 200
232 11
233 16
233 86
233 75
234 28
234 135
234 3
235 89
235 231
235 77
236 12
236 36
236 78
237 222
237 73
237 76
238 147
238 28
238 96
239 20
239 71
239 13
240 33
240 35
240 223
241 30
241 0
241 166
242 84
242 1
242 7
243 48
243 76
243 83
244 0
244 12
244 28
245 24
245 214
245 152
246 192
246 163
246 66
247 1
247 168
247 0
248 20
248 86
248 52
249 9
249 31
249 2
250 74
250 172
250 12
251 11
251 29
251 39
252 16
252 228
252 50
253 49
253 4
253 21
254 48
254 148
254 49
255 0
255 108
255 244
256 139
256 95
256 0
257 20
257 74
257 61
258 1
258 114
258 174
259 63
259 59
259 115
260 80
260 38
260 96
261 245
261 152
261 108
262 244
262 68
262 93
263 50
263 24
263 133
264 115
264 3
264 97
265 24
265 40
265 25
266 94
266 140
266 18
267 72
267 18
267 78
268 58
268 2
268 44
269 53
269 124
269 263
270 151
270 11
270 0
271 198
271 4
271 98
272 24
272 93
272 11
273 196
273 146
273 49
274 78
274 255
274 127
275 1
275 117
275 124
276 32
276 199
276 261
277 253
277 220
277 7
278 49
278 228
278 12
279 0
279 191
279 262
280 149
280 54
280 0
281 0
281 186
281 12
282 11
282 269
282 196
283 138
283 110
283 31
284 40
284 208
284 159
285 68
285 38
285 0
286 214
286 32
286 61
287 248
287 239
287 7
288 113
288 1
288 168
289 169
289 1
289 218
290 2
290 101
290 17
291 44
291 11
291 74
292 228
292 93
292 95
293 75
293 140
293 111
294 2
294 68
294 7
295 64
295 19
295 101
296 0
296 106
296 172
297 234
297 19
297 104
298 165
298 0
298 243
299 30
299 159
299 37
300 214
300 1
300 238
301 108
301 12
301 1
302 44
302 151
302 35
303 117
303 1
303 0
304 0
304 108
304 146
305 102
305 20
305 11
306 0
306 243
306 19
307 159
307 93
307 71
308 211
308 223
308 60
309 19
309 55
309 20
310 116
310 52
310 211
311 10
311 1
311 65
312 2
312 156
312 20
313 227
313 53
313 14
314 38
314 74
314 56
315 93
315 168
315 45
316 26
316 20
316 84
317 194
317 185
317 148
318 205
318 0
318 247
319 218
319 74
319 44
320 12
320 134
320 304
321 290
321 2
321 1
322 195
322 23
322 13
323 177
323 110
323 240
324 32
324 225
324 11
325 3
325 149
325 131
326 320
326 206
326 196
327 57
327 32
327 28
328 3
328 50
328 126
329 102
329 192
329 183
330 313
330 0
330 27
331 228
331 82
331 113
332 2
332 271
332 1
333 63
333 328
333 28
334 2
334 33
334 222
335 164
335 143
335 74
336 39
336 92
336 2
337 9
337 128
337 32
338 124
338 159
338 305
339 119
339 0
339 107
340 9
340 13
340 293
341 13
341 340
341 243
342 118
342 136
342 3
343 35
343 179
343 151
344 127
344 1
344 276
345 276
345 269
345 75
346 38
346 205
346 0
347 274
347 3
347 0
348 2
348 146
348 110
349 77
349 268
349 24
350 307
350 219
350 205
351 302
351 94
351 14
352 119
352 131
352 58
353 0
353 188
353 197
354 318
354 52
354 1
355 71
355 190
355 20
356 176
356 45
356 30
357 309
357 84
357 48
358 16
358 306
358 212
359 14
359 50
359 23
360 95
360 197
360 143
361 265
361 45
361 1
362 168
362 0
362 140
363 78
363 274
363 74
364 0
364 223
364 296
365 14
365 265
365 1
366 18
366 137
366 17
367 2
367 301
367 24
368 159
368 15
368 152
369 70
369 85
369 273
370 101
370 238
370 121
371 279
371 49
371 103
372 12
372 0
372 215
373 29
373 319
373 170
374 114
374 273
374 1
375 44
375 293
375 304
376 120
376 12
376 298
377 138
377 40
377 314
378 25
378 358
378 124
379 9
379 212
379 15
380 7
380 40
380 0
381 92
381 20
381 97
382 302
382 111
382 10
383 186
383 133
383 328
384 374
384 18
384 1
385 71
385 4
385 302
386 294
386 25
386 0
387 5
387 295
387 177
388 27
388 2
388 335
389 210
389 29
389 83
390 367
390 220
390 1
391 58
391 3
391 134
392 342
392 94
392 107
393 233
393 22
393 310
394 16
394 267
394 333
395 304
395 110
395 0
396 1
396 248
396 9
397 37
397 48
397 154
398 0
398 99
398 264
399 36
399 225
399 27
400 35
400 367
400 25
401 334
401 0
401 359
402 90
402 117
402 159
403 369
403 174
403 192
404 11
404 39
404 48
405 121
405 7
405 70
406 0
406 183
406 7
407 32
407 22
407 57
408 92
408 47
408 88
409 41
409 229
409 14
410 102
410 98
410 1
411 95
411 282
411 23
412 78
412 132
412 309
413 111
413 202
413 26
414 384
414 316
414 196
415 75
415 1
415 139
416 30
416 0
416 1
417 240
417 124
417 111
418 18
418 11
418 89
419 109
419 289
419 337
420 44
420 22
420 111
421 0
421 231
421 71
422 315
422 122
422 11
423 83
423 215
423 27
424 389
424 259
424 41
425 0
425 257
425 1
426 28
426 38
426 297
427 63
427 255
427 274
428 243
428 179
428 17
429 49
429 55
429 330
430 75
430 33
430 8
431 36
431 30
431 257
432 430
432 277
432 266
433 397
433 4
433 124
434 11
434 194
434 325
435 224
435 11
435 364
436 122
436 226
436 428
437 1
437 246
437 63
438 373
438 48
438 111
439 373
439 251
439 149
440 395
440 206
440 5
441 255
441 134
441 7
442 139
442 118
442 105
443 353
443 0
443 291
444 407
444 2
444 140
445 424
445 40
445 3
446 344
446 28
446 92
447 4
447 351
447 2
448 93
448 62
448 14
449 345
449 2
449 63
450 0
450 215
450 245
451 135
451 24
451 35
452 9
452 7
452 283
453 178
453 11
453 110
454 369
454 247
454 252
455 1
455 233
455 403
456 65
456 395
456 305
457 48
457 255
457 328
458 1
458 289
458 151
459 168
459 387
459 28
460 244
460 48
460 24
461 11
461 57
461 0
462 179
462 0
462 266
463 198
463 118
463 75
464 71
464 117
464 366
465 435
465 140
465 135
466 454
466 214
466 315
467 115
467 122
467 450
468 22
468 359
468 31
469 31
469 369
469 1
470 9
470 341
470 34
471 38
471 1
471 95
472 3
472 189
472 333
473 22
473 107
473 242
474 269
474 2
474 461
475 205
475 220
475 4
476 160
476 9
476 111
477 461
477 90
477 92
478 132
478 229
478 0
479 36
479 2
479 433
480 50
480 48
480 465
481 12
481 225
481 354
482 269
482 1
482 163
483 344
483 228
483 9
484 134
484 2
484 83
485 115
485 0
485 266
486 2
486 78
486 1
487 226
487 369
487 386
488 108
488 435
488 146
489 47
489 278
489 91
490 7
490 167
490 119
491 488
491 213
491 1
492 244
492 86
492 99
493 287
493 457
493 237
494 232
494 251
494 78
495 35
495 1
495 295
496 48
496 7
496 335
497 13
497 97
497 124
498 292
498 67
498 92
499 20
499 476
499 428
500 246
500 441
500 452
501 40
501 267
501 135
502 205
502 118
502 34
503 265
503 303
503 183
504 78
504 498
504 22
505 0
505 9
505 29
506 1
506 324
506 54
507 261
507 18
507 131
508 446
508 244
508 59
509 22
509 1
509 18
510 269
510 107
510 322
511 361
511 73
511 302
512 90
512 238
512 1
513 263
513 339
513 279
514 320
514 1
514 374
515 24
515 360
515 25
516 154
516 0
516 153
517 58
517 131
517 157
518 78
518 1
518 75
519 93
519 417
519 392
520 432
520 269
520 409
521 35
521 266
521 60
522 7
522 351
522 447
523 1
523 32
523 139
524 357
524 9
524 121
525 352
525 1
525 24
526 93
526 194
526 280
527 411
527 41
527 443
528 430
528 162
528 0
529 75
529 205
529 465
530 2
530 406
530 1
531 407
531 69
531 530
532 310
532 52
532 15
533 45
533 93
533 245
534 125
534 228
534 13
535 530
535 247
535 448
536 297
536 0
536 528
537 61
537 93
537 48
538 1
538 339
538 214
539 417
539 69
539 74
540 214
540 122
540 511
541 134
541 9
541 199
542 124
542 330
542 12
543 365
543 160
543 0
544 248
544 438
544 136
545 68
545 194
545 17
546 17
546 35
546 31
547 35
547 303
547 203
548 308
548 2
548 121
549 137
549 20
549 3
550 48
550 98
550 10
551 0
551 256
551 227
552 1
552 220
552 476
553 92
553 125
553 70
554 176
554 426
554 244
555 394
555 446
555 115
556 99
556 0
556 9
557 156
557 199
557 48
558 364
558 77
558 305
559 158
559 2
559 146
560 51
560 0
560 37
561 27
561 116
561 9
562 53
562 511
562 461
563 180
563 1
563 9
564 7
564 525
564 431
565 0
565 470
565 111
566 7
566 351
566 364
567 420
567 402
567 54
568 465
568 337
568 226
569 12
569 215
569 24
570 456
570 384
570 566
571 24
571 0
571 288
572 10
572 391
572 25
573 134
573 512
573 210
574 177
574 554
574 483
575 3
575 202
575 311
576 279
576 542
576 113
577 274
577 117
577 26
578 377
578 29
578 245
579 145
579 95
579 132
580 53
580 214
580 266
581 23
581 12
581 186
582 279
582 522
582 286
583 311
583 0
583 1
584 209
584 317
584 163
585 0
585 170
585 513
586 84
586 449
586 0
587 33
587 35
587 538
588 135
588 411
588 199
589 171
589 59
589 56
590 74
590 1
590 111
591 1
591 92
591 12
592 232
592 1
592 107
593 9
593 195
593 93
594 120
594 300
594 185
595 118
595 285
595 494
596 417
596 109
596 581
597 107
597 18
597 298
598 8
598 92
598 234
599 240
599 260
599 185
600 2
600 266
600 22
601 334
601 47
601 576
602 204
602 44
602 62
603 353
603 49
603 344
604 438
604 110
604 387
605 434
605 261
605 295
606 588
606 201
606 68
607 354
607 356
607 12
608 67
608 38
608 37
609 45
609 2
609 356
610 497
610 506
610 462
611 57
611 35
611 11
612 0
612 45
612 2
613 346
613 597
613 147
614 372
614 31
614 504
615 17
615 117
615 52
616 75
616 525
616 0
617 201
617 3
617 283
618 194
618 61
618 12
619 1
619 130
619 127
620 330
620 0
620 131
621 432
621 388
621 66
622 350
622 471
622 556
623 76
623 242
623 7
624 300
624 299
624 234
625 4
625 0
625 32
626 89
626 447
626 46
627 615
627 417
627 38
628 1
628 10
628 63
629 162
629 31
629 153
630 320
630 25
630 618
631 32
631 532
631 9
632 424
632 8
632 2
633 1
633 47
633 131
634 1
634 146
634 220
635 25
635 45
635 496
636 128
636 581
636 383
637 392
637 0
637 15
638 4
638 145
638 196
639 0
639 127
639 48
640 227
640 493
640 0
641 430
641 604
641 369
642 0
642 475
642 511
643 1
643 4
643 182
644 494
644 124
644 40
645 485
645 269
645 577
646 622
646 0
646 587
647 2
647 151
647 491
648 131
648 276
648 137
649 52
649 361
649 86
650 642
650 432
650 3
651 285
651 3
651 9
652 416
652 197
652 20
653 35
653 568
653 563
654 408
654 400
654 384
655 0
655 2
655 166
656 20
656 317
656 1
657 441
657 31
657 14
658 342
658 116
658 85
659 34
659 140
659 393
660 569
660 393
660 520
661 265
661 512
661 586
662 118
662 344
662 2
663 191
663 355
663 266
664 601
664 492
664 64
665 117
665 391
665 140
666 93
666 577
666 529
667 57
667 64
667 49
668 227
668 110
668 349
669 459
669 526
669 14
670 18
670 661
670 30
671 306
671 25
671 10
672 330
672 209
672 518
673 1
673 13
673 4
674 0
674 9
674 4
675 4
675 9
675 534
676 42
676 266
676 98
677 432
677 597
677 309
678 20
678 586
678 116
679 450
679 0
679 613
680 500
680 656
680 653
681 0
681 22
681 223
682 307
682 34
682 83
683 614
683 337
683 638
684 47
684 540
684 195
685 56
685 352
685 38
686 32
686 93
686 210
687 73
687 95
687 392
688 20
688 44
688 118
689 85
689 246
689 63
690 31
690 244
690 660
691 1
691 658
691 24
692 227
692 565
692 105
693 42
693 74
693 304
694 108
694 417
694 648
695 1
695 301
695 618
696 56
696 402
696 70
697 672
697 525
697 298
698 342
698 473
698 10
699 47
699 310
699 267
700 150
700 642
700 4
701 335
701 85
701 580
702 576
702 640
702 93
703 560
703 193
703 683
704 513
704 0
704 588
705 12
705 200
705 0
706 460
706 346
706 435
707 5
707 163
707 94
708 226
708 42
708 389
709 0
709 702
709 3
710 547
710 217
710 394
711 4
711 113
711 2
712 59
712 369
712 11
713 202
713 665
713 273
714 12
714 330
714 111
715 74
715 277
715 294
716 29
716 177
716 0
717 214
717 28
717 591
718 243
718 436
718 0
719 536
719 531
719 547
720 153
720 234
720 122
721 244
721 341
721 1
722 665
722 312
722 436
723 309
723 648
723 214
724 604
724 228
724 20
725 0
725 220
725 292
726 195
726 334
726 200
727 181
727 549
727 129
728 718
728 528
728 0
729 642
729 389
729 95
730 179
730 364
730 557
731 592
731 166
731 290
732 135
732 29
732 150
733 402
733 22
733 247
734 271
734 333
734 131
735 268
735 288
735 244
736 18
736 430
736 228
737 12
737 81
737 199
738 4
738 149
738 111
739 32
739 256
739 527
740 564
740 313
740 163
741 18
741 44
741 53
742 52
742 1
742 185
743 269
743 292
743 303
744 0
744 59
744 55
745 209
745 445
745 1
746 2
746 24
746 174
747 465
747 13
747 0
748 313
748 205
748 571
749 607
749 679
749 269
750 212
750 659
750 227
751 0
751 102
751 636
752 113
752 20
752 140
753 267
753 90
753 356
754 46
754 63
754 206
755 751
755 650
755 41
756 201
756 410
756 263
757 127
757 494
757 327
758 420
758 507
758 1
759 502
759 267
759 19
760 179
760 102
760 331
761 218
761 363
761 744
762 729
762 646
762 13
763 0
763 574
763 263
764 3
764 124
764 705
765 0
765 283
765 98
766 47
766 1
766 618
767 450
767 22
767 349
768 1
768 110
768 25
769 734
769 127
769 616
770 3
770 40
770 318
771 652
771 420
771 247
772 720
772 102
772 67
773 625
773 367
773 58
774 563
774 348
774 392
775 20
775 9
775 39
776 31
776 615
776 136
777 443
777 285
777 463
778 438
778 138
778 0
779 728
779 580
779 144
780 602
780 417
780 61
781 9
781 95
781 554
782 693
782 52
782 509
783 80
783 351
783 576
784 2
784 196
784 636
785 20
785 411
785 42
786 625
786 606
786 567
787 181
787 432
787 220
788 344
788 33
788 3
789 315
789 428
789 127
790 84
790 527
790 0
791 550
791 403
791 714
792 114
792 607
792 636
793 49
793 734
793 2
794 494
794 70
794 619
795 728
795 305
795 2
796 139
796 228
796 759
797 92
797 118
797 127
798 382
798 561
798 11
799 249
799 349
799 1
800 185
800 653
800 33
801 445
801 9
801 154
802 177
802 636
802 70
803 551
803 403
803 313
804 417
804 2
804 525
805 410
805 632
805 474
806 56
806 18
806 342
807 308
807 152
807 386
808 1
808 621
808 463
809 550
809 254
809 191
810 188
810 186
810 1
811 659
811 13
811 90
812 92
812 698
812 205
813 403
813 441
813 18
814 1
814 219
814 88
815 35
815 427
815 749
816 174
816 712
816 163
817 13
817 257
817 599
818 1
818 187
818 370
819 2
819 83
819 220
820 20
820 46
820 528
821 0
821 775
821 114
822 54
822 331
822 32
823 76
823 0
823 456
824 454
824 7
824 527
825 122
825 26
825 394
826 82
826 561
826 143
827 580
827 268
827 4
828 3
828 330
828 35
829 522
829 214
829 196
830 337
830 53
830 286
831 225
831 89
831 507
832 662
832 146
832 790
833 136
833 704
833 28
834 55
834 407
834 351
835 18
835 362
835 75
836 1
836 336
836 0
837 103
837 372
837 711
838 544
838 11
838 816
839 646
839 203
839 69
840 289
840 511
840 1
841 145
841 0
841 679
842 465
842 695
842 289
843 74
843 69
843 306
844 29
844 9
844 332
845 808
845 12
845 3
846 50
846 386
846 704
847 0
847 95
847 414
848 124
848 35
848 229
849 97
849 121
849 23
850 1
850 75
850 0
851 38
851 776
851 231
852 20
852 44
852 32
853 0
853 843
853 525
854 109
854 800
854 388
855 643
855 374
855 579
856 319
856 346
856 13
857 352
857 1
857 61
858 37
858 67
858 32
859 163
859 525
859 749
860 744
860 529
860 1
861 590
861 350
861 47
862 11
862 3
862 176
863 2
863 63
863 266
864 567
864 681
864 120
865 309
865 547
865 854
866 98
866 588
866 154
867 697
867 400
867 351
868 131
868 525
868 41
869 637
869 248
869 283
870 30
870 392
870 9
871 1
871 40
871 30
872 39
872 248
872 789
873 70
873 160
873 267
874 17
874 1
874 63
875 14
875 95
875 217
876 125
876 47
876 423
877 264
877 78
877 163
878 18
878 676
878 832
879 59
879 554
879 345
880 152
880 285
880 109
881 867
881 127
881 777
882 99
882 501
882 640
883 90
883 116
883 40
884 545
884 0
884 114
885 839
885 867
885 315
886 365
886 9
886 92
887 107
887 710
887 103
888 664
888 83
888 611
889 328
889 298
889 344
890 0
890 684
890 3
891 442
891 48
891 362
892 7
892 25
892 58
893 22
893 0
893 81
894 2
894 0
894 352
895 645
895 256
895 31
896 69
896 357
896 601
897 751
897 535
897 441
898 165
898 706
898 64
899 311
899 137
899 38
900 226
900 233
900 494
901 190
901 801
901 14
902 0
902 330
902 127
903 646
903 353
903 45
904 1
904 233
904 75
905 146
905 710
905 356
906 887
906 105
906 91
907 13
907 562
907 44
908 616
908 104
908 215
909 29
909 61
909 860
910 225
910 10
910 340
911 554
911 374
911 255
912 308
912 1
912 269
913 10
913 116
913 30
914 311
914 13
914 541
915 0
915 303
915 12
916 22
916 199
916 47
917 668
917 37
917 418
918 369
918 664
918 5
919 903
919 78
919 71
920 704
920 227
920 123
921 3
921 103
921 215
922 83
922 46
922 740
923 168
923 147
923 472
924 145
924 474
924 128
925 54
925 127
925 879
926 356
926 724
926 899
927 36
927 770
927 222
928 9
928 110
928 728
929 876
929 449
929 151
930 7
930 776
930 38
931 170
931 589
931 614
932 348
932 300
932 1
933 226
933 526
933 109
934 300
934 119
934 165
935 1
935 186
935 36
936 198
936 225
936 688
937 532
937 135
937 187
938 685
938 0
938 48
939 615
939 906
939 45
940 12
940 502
940 70
941 448
941 170
941 721
942 1
942 262
942 739
943 771
943 363
943 315
944 4
944 908
944 539
945 570
945 205
945 1
946 135
946 9
946 214
947 448
947 785
947 937
948 306
948 2
948 96
949 10
949 787
949 0
950 189
950 74
950 125
951 4
951 245
951 325
952 154
952 227
952 53
953 923
953 553
953 613
954 9
954 1
954 29
955 410
955 500
955 197
956 521
956 44
956 762
957 815
957 309
957 93
958 942
958 905
958 666
959 540
959 140
959 66
960 635
960 40
960 513
961 29
961 228
961 568
962 227
962 907
962 289
963 851
963 461
963 3
964 9
964 93
964 22
965 52
965 417
965 680
966 131
966 195
966 260
967 394
967 4
967 765
968 641
968 925
968 99
969 21
969 321
969 75
970 538
970 85
970 585
971 39
971 33
971 74
972 19
972 24
972 4
973 47
973 23
973 369
974 78
974 567
974 302
975 53
975 444
975 435
976 924
976 410
976 352
977 170
977 521
977 34
978 48
978 40
978 502
979 302
979 108
979 600
980 623
980 1
980 835
981 29
981 4
981 2
982 923
982 14
982 941
983 142
983 35
983 15
984 22
984 892
984 493
985 790
985 40
985 8
986 215
986 493
986 137
987 525
987 30
987 595
988 251
988 10
988 73
989 1
989 494
989 106
990 267
990 621
990 88
991 78
991 511
991 118
992 773
992 494
992 203
993 793
993 244
993 54
994 461
994 41
994 32
995 91
995 177
995 45
996 740
996 1
996 991
997 403
997 396
997 758
998 34
998 412
998 248
999 876
999 328
999 281
