0 1
0 2
0 3
1 0
1 2
1 3
2 0
2 1
2 3
3 0
3 1
3 2
4 0
4 2
4 3
5 4
5 2
5 1
6 0
6 2
6 4
7 2
7 3
7 5
8 2
8 3
8 0
9 6
9 3
9 4
10 3
10 7
10 5
11 0
11 5
11 3
12 3
12 0
12 2
13 10
13 9
13 0
14 5
14 1
14 12
15 3
15 1
15 4
16 8
16 7
16 5
17 9
17 1
17 15
18 0
18 2
18 9
19 3
19 0
19 1
20 17
20 2
20 15
21 13
21 5
21 11
22 9
22 15
22 2
23 9
23 5
23 11
24 0
24 11
24 4
25 1
25 18
25 13
26 4
26 8
26 5
27 22
27 7
27 2
28 5
28 9
28 12
29 13
29 15
29 3
30 19
30 7
30 27
31 0
31 20
31 5
32 7
32 5
32 23
33 8
33 5
33 4
34 24
34 17
34 27
35 2
35 3
35 28
36 5
36 28
36 2
37 0
37 1
37 19
38 33
38 11
38 7
39 37
39 28
39 13
40 25
40 5
40 33
41 3
41 13
41 24
42 12
42 1
42 18
43 1
43 8
43 38
44 2
44 25
44 4
45 31
45 0
45 22
46 0
46 8
46 23
47 38
47 8
47 18
48 11
48 10
48 2
49 5
49 47
49 9
50 2
50 38
50 0
51 2
51 3
51 6
52 13
52 38
52 2
53 6
53 2
53 11
54 30
54 42
54 44
55 54
55 9
55 23
56 13
56 38
56 10
57 3
57 25
57 2
58 18
58 36
58 26
59 0
59 4
59 5
60 15
60 13
60 40
61 51
61 25
61 0
62 4
62 57
62 38
63 1
63 48
63 61
64 29
64 42
64 38
65 43
65 1
65 60
66 3
66 0
66 56
67 46
67 54
67 2
68 4
68 2
68 18
69 31
69 18
69 40
70 23
70 28
70 3
71 2
71 0
71 49
72 52
72 13
72 5
73 44
73 71
73 18
74 69
74 60
74 62
75 4
75 19
75 70
76 36
76 30
76 24
77 16
77 10
77 4
78 37
78 3
78 2
79 64
79 3
79 13
80 4
80 18
80 22
81 34
81 55
81 31
82 23
82 3
82 6
83 30
83 4
83 13
84 15
84 12
84 1
85 1
85 80
85 47
86 58
86 50
86 24
87 33
87 46
87 44
88 0
88 32
88 73
89 62
89 9
89 23
90 56
90 51
90 70
91 20
91 39
91 37
92 40
92 38
92 30
93 27
93 34
93 4
94 20
94 81
94 36
95 2
95 28
95 3
96 7
96 6
96 15
97 89
97 60
97 13
98 3
98 68
98 6
99 82
99 29
99 46
100 67
100 21
100 13
101 5
101 36
101 7
102 12
102 0
102 82
103 67
103 95
103 50
104 44
104 31
104 42
105 13
105 99
105 5
106 43
106 53
106 0
107 24
107 4
107 86
108 37
108 13
108 86
109 13
109 10
109 80
110 43
110 82
110 4
111 4
111 27
111 36
112 10
112 87
112 56
113 7
113 2
113 37
114 12
114 8
114 0
115 43
115 12
115 4
116 82
116 37
116 38
117 0
117 106
117 15
118 10
118 13
118 12
119 68
119 44
119 88
120 8
120 13
120 91
121 18
121 86
121 43
122 46
122 34
122 88
123 0
123 2
123 23
124 62
124 2
124 53
125 120
125 86
125 66
126 61
126 46
126 37
127 23
127 11
127 6
128 7
128 1
128 5
129 46
129 53
129 13
130 7
130 70
130 96
131 55
131 82
131 28
132 65
132 22
132 18
133 30
133 54
133 119
134 6
134 1
134 8
135 38
135 55
135 46
136 96
136 90
136 76
137 52
137 28
137 101
138 7
138 54
138 129
139 15
139 110
139 12
140 36
140 60
140 1
141 38
141 23
141 86
142 80
142 3
142 138
143 8
143 120
143 49
144 2
144 18
144 133
145 38
145 46
145 82
146 137
146 96
146 62
147 13
147 23
147 7
148 6
148 99
148 123
149 33
149 126
149 70
150 11
150 134
150 142
151 18
151 19
151 11
152 4
152 37
152 40
153 28
153 123
153 144
154 28
154 147
154 105
155 2
155 13
155 133
156 21
156 144
156 28
157 50
157 123
157 151
158 39
158 3
158 0
159 33
159 113
159 10
160 65
160 23
160 72
161 23
161 18
161 13
162 100
162 71
162 3
163 58
163 102
163 71
164 123
164 14
164 19
165 63
165 98
165 72
166 20
166 2
166 13
167 132
167 6
167 38
168 27
168 95
168 57
169 120
169 4
169 13
170 22
170 25
170 114
171 23
171 116
171 1
172 95
172 165
172 14
173 68
173 147
173 102
174 151
174 18
174 2
175 129
175 3
175 68
176 13
176 15
176 2
177 42
177 13
177 72
178 151
178 62
178 0
179 21
179 132
179 13
180 17
180 67
180 117
181 39
181 158
181 117
182 13
182 123
182 73
183 46
183 70
183 9
184 11
184 75
184 28
185 28
185 2
185 4
186 22
186 1
186 4
187 153
187 2
187 52
188 5
188 0
188 102
189 110
189 37
189 72
190 120
190 81
190 60
191 139
191 46
191 11
192 13
192 113
192 184
193 22
193 1
193 42
194 13
194 38
194 37
195 60
195 28
195 29
196 126
196 3
196 20
197 139
197 67
197 0
198 8
198 29
198 9
199 34
199 118
199 53
200 9
200 5
200 55
201 114
201 47
201 33
202 132
202 65
202 160
203 2
203 167
203 155
204 83
204 13
204 66
205 42
205 67
205 134
206 55
206 31
206 86
207 46
207 34
207 9
208 5
208 86
208 146
209 8
209 13
209 0
210 17
210 190
210 192
211 5
211 7
211 19
212 210
212 61
212 114
213 53
213 69
213 212
214 0
214 52
214 5
215 51
215 38
215 58
216 29
216 9
216 32
217 38
217 6
217 42
218 106
218 4
218 11
219 197
219 71
219 70
220 121
220 13
220 150
221 65
221 31
221 121
222 42
222 113
222 131
223 15
223 68
223 85
224 31
224 201
224 121
225 40
225 2
225 4
226 217
226 210
226 190
227 202
227 110
227 171
228 0
228 13
228 81
229 13
229 146
229 123
230 134
230 4
230 109
231 110
231 105
231 116
232 34
232 47
232 3
233 121
233 38
233 78
234 48
234 1
234 29
235 13
235 48
235 44
236 217
236 80
236 158
237 41
237 5
237 121
238 60
238 206
238 3
239 229
239 164
239 38
240 83
240 8
240 219
241 44
241 33
241 193
242 65
242 16
242 103
243 71
243 5
243 1
244 16
244 2
244 28
245 150
245 11
245 82
246 231
246 36
246 153
247 99
247 18
247 100
248 75
248 20
248 184
249 19
249 0
249 110
250 1
250 129
250 142
251 35
251 228
251 44
252 105
252 5
252 53
253 125
253 59
253 124
254 88
254 83
254 164
255 139
255 211
255 60
256 73
256 0
256 110
257 134
257 164
257 1
258 4
258 170
258 110
259 34
259 138
259 203
260 158
260 31
260 68
261 20
261 158
261 102
262 0
262 5
262 224
263 13
263 16
263 60
264 25
264 144
264 5
265 0
265 3
265 43
266 4
266 230
266 34
267 3
267 157
267 128
268 2
268 62
268 204
269 2
269 4
269 252
270 85
270 60
270 67
271 19
271 200
271 266
272 162
272 3
272 52
273 16
273 4
273 53
274 54
274 0
274 23
275 2
275 132
275 13
276 5
276 139
276 20
277 46
277 64
277 84
278 37
278 55
278 127
279 33
279 174
279 13
280 251
280 106
280 15
281 135
281 162
281 81
282 38
282 143
282 52
283 11
283 30
283 103
284 103
284 261
284 274
285 39
285 6
285 171
286 49
286 55
286 13
287 72
287 81
287 48
288 0
288 264
288 230
289 70
289 204
289 102
290 5
290 7
290 25
291 1
291 26
291 174
292 195
292 38
292 214
293 21
293 50
293 141
294 98
294 135
294 231
295 76
295 190
295 25
296 53
296 0
296 28
297 44
297 5
297 22
298 1
298 4
298 87
299 204
299 42
299 54
300 139
300 5
300 60
301 290
301 38
301 125
302 270
302 189
302 7
303 89
303 280
303 38
304 18
304 22
304 196
305 4
305 7
305 2
306 23
306 146
306 118
307 4
307 31
307 55
308 54
308 113
308 55
309 95
309 257
309 119
310 2
310 12
310 173
311 106
311 163
311 266
312 138
312 31
312 278
313 0
313 60
313 81
314 71
314 310
314 116
315 19
315 44
315 0
316 12
316 44
316 3
317 203
317 0
317 171
318 82
318 163
318 69
319 100
319 8
319 169
320 26
320 21
320 116
321 245
321 22
321 105
322 139
322 63
322 71
323 139
323 53
323 33
324 3
324 26
324 69
325 208
325 1
325 44
326 127
326 62
326 224
327 324
327 81
327 72
328 43
328 305
328 8
329 3
329 11
329 2
330 6
330 194
330 250
331 32
331 2
331 19
332 29
332 136
332 5
333 9
333 37
333 113
334 54
334 3
334 8
335 269
335 36
335 150
336 307
336 5
336 332
337 156
337 140
337 299
338 90
338 2
338 61
339 1
339 96
339 290
340 171
340 196
340 276
341 0
341 112
341 187
342 12
342 125
342 13
343 129
343 132
343 163
344 31
344 201
344 118
345 85
345 135
345 8
346 146
346 91
346 83
347 99
347 128
347 87
348 2
348 135
348 292
349 134
349 235
349 23
350 257
350 31
350 80
351 31
351 2
351 44
352 71
352 143
352 13
353 229
353 3
353 38
354 32
354 15
354 137
355 6
355 171
355 39
356 7
356 183
356 226
357 252
357 28
357 12
358 71
358 13
358 40
359 5
359 81
359 266
360 4
360 176
360 156
361 5
361 163
361 308
362 54
362 134
362 290
363 151
363 21
363 81
364 13
364 304
364 8
365 114
365 183
365 4
366 4
366 103
366 299
367 197
367 59
367 210
368 71
368 166
368 3
369 75
369 65
369 137
370 156
370 257
370 81
371 204
371 61
371 11
372 173
372 4
372 220
373 120
373 38
373 89
374 242
374 58
374 101
375 228
375 109
375 242
376 206
376 133
376 23
377 175
377 220
377 19
378 53
378 207
378 186
379 131
379 240
379 184
380 319
380 21
380 68
381 135
381 5
381 131
382 292
382 2
382 252
383 13
383 210
383 75
384 5
384 38
384 141
385 10
385 19
385 49
386 31
386 6
386 18
387 340
387 326
387 136
388 382
388 19
388 14
389 292
389 55
389 28
390 1
390 8
390 374
391 130
391 374
391 132
392 310
392 243
392 192
393 132
393 70
393 1
394 17
394 33
394 20
395 232
395 269
395 5
396 244
396 374
396 1
397 185
397 184
397 58
398 0
398 365
398 284
399 1
399 228
399 2
400 44
400 267
400 248
401 86
401 126
401 13
402 143
402 4
402 255
403 402
403 0
403 395
404 133
404 105
404 390
405 13
405 58
405 67
406 4
406 360
406 7
407 294
407 102
407 326
408 6
408 183
408 373
409 140
409 44
409 9
410 261
410 99
410 400
411 250
411 132
411 262
412 340
412 241
412 44
413 68
413 147
413 312
414 0
414 107
414 156
415 68
415 251
415 4
416 293
416 290
416 0
417 91
417 4
417 132
418 201
418 78
418 332
419 60
419 144
419 106
420 349
420 135
420 62
421 150
421 7
421 0
422 0
422 326
422 100
423 268
423 204
423 60
424 0
424 105
424 322
425 329
425 226
425 129
426 192
426 37
426 116
427 18
427 54
427 254
428 12
428 70
428 269
429 184
429 132
429 158
430 82
430 70
430 49
431 392
431 52
431 0
432 3
432 27
432 77
433 169
433 65
433 25
434 82
434 85
434 258
435 137
435 120
435 93
436 1
436 30
436 127
437 139
437 417
437 307
438 5
438 221
438 147
439 30
439 36
439 199
440 53
440 413
440 341
441 261
441 273
441 6
442 43
442 12
442 7
443 150
443 44
443 332
444 28
444 414
444 270
445 23
445 390
445 171
446 178
446 15
446 308
447 188
447 136
447 1
448 368
448 82
448 1
449 9
449 13
449 1
450 252
450 34
450 88
451 62
451 93
451 393
452 28
452 443
452 153
453 201
453 28
453 71
454 2
454 19
454 168
455 96
455 55
455 157
456 215
456 138
456 155
457 38
457 52
457 100
458 411
458 40
458 78
459 275
459 7
459 123
460 15
460 81
460 127
461 5
461 102
461 162
462 373
462 63
462 38
463 19
463 15
463 332
464 4
464 179
464 55
465 62
465 407
465 10
466 2
466 126
466 1
467 100
467 62
467 274
468 0
468 67
468 100
469 427
469 17
469 3
470 32
470 414
470 37
471 36
471 410
471 54
472 172
472 85
472 127
473 103
473 51
473 236
474 132
474 49
474 429
475 4
475 84
475 103
476 198
476 52
476 43
477 372
477 445
477 0
478 258
478 359
478 89
479 430
479 98
479 82
480 169
480 216
480 408
481 440
481 40
481 119
482 355
482 247
482 102
483 138
483 132
483 63
484 125
484 29
484 38
485 17
485 78
485 3
486 364
486 126
486 375
487 71
487 296
487 143
488 429
488 91
488 162
489 24
489 107
489 5
490 360
490 70
490 110
491 2
491 81
491 211
492 48
492 72
492 163
493 296
493 0
493 17
494 105
494 384
494 261
495 52
495 60
495 444
496 273
496 109
496 218
497 9
497 75
497 5
498 52
498 285
498 248
499 463
499 257
499 176
500 171
500 183
500 206
501 31
501 88
501 80
502 160
502 3
502 454
503 99
503 22
503 29
504 424
504 31
504 274
505 218
505 23
505 476
506 224
506 203
506 23
507 382
507 307
507 4
508 53
508 348
508 230
509 0
509 23
509 13
510 493
510 22
510 54
511 201
511 101
511 139
512 40
512 272
512 335
513 83
513 87
513 476
514 55
514 293
514 248
515 513
515 394
515 215
516 15
516 68
516 359
517 192
517 174
517 131
518 475
518 429
518 209
519 210
519 29
519 424
520 232
520 29
520 128
521 217
521 9
521 22
522 194
522 125
522 1
523 75
523 59
523 429
524 447
524 195
524 503
525 13
525 52
525 34
526 372
526 0
526 241
527 198
527 186
527 487
528 433
528 46
528 266
529 18
529 478
529 0
530 373
530 7
530 158
531 72
531 268
531 131
532 216
532 215
532 113
533 0
533 136
533 447
534 39
534 500
534 81
535 300
535 43
535 48
536 310
536 332
536 33
537 277
537 250
537 18
538 109
538 322
538 190
539 3
539 267
539 0
540 82
540 323
540 389
541 10
541 369
541 525
542 195
542 90
542 368
543 296
543 55
543 23
544 66
544 37
544 65
545 173
545 98
545 29
546 398
546 514
546 324
547 430
547 82
547 370
548 12
548 456
548 179
549 356
549 429
549 13
550 541
550 319
550 30
551 139
551 201
551 266
552 263
552 499
552 262
553 275
553 13
553 29
554 138
554 486
554 99
555 48
555 406
555 9
556 37
556 126
556 323
557 379
557 5
557 43
558 135
558 421
558 226
559 431
559 289
559 355
560 373
560 13
560 20
561 257
561 39
561 452
562 101
562 13
562 46
563 15
563 136
563 356
564 411
564 75
564 276
565 6
565 28
565 447
566 382
566 509
566 42
567 230
567 280
567 381
568 46
568 128
568 388
569 363
569 560
569 184
570 235
570 527
570 158
571 5
571 195
571 150
572 3
572 15
572 204
573 50
573 241
573 3
574 132
574 290
574 379
575 335
575 5
575 37
576 0
576 15
576 82
577 292
577 279
577 250
578 82
578 113
578 22
579 3
579 68
579 567
580 391
580 46
580 44
581 416
581 318
581 299
582 119
582 510
582 204
583 393
583 542
583 299
584 360
584 100
584 392
585 89
585 290
585 241
586 266
586 119
586 468
587 9
587 7
587 69
588 5
588 39
588 31
589 565
589 174
589 504
590 432
590 209
590 96
591 120
591 230
591 6
592 8
592 391
592 539
593 142
593 180
593 1
594 547
594 228
594 65
595 120
595 53
595 67
596 11
596 481
596 520
597 504
597 172
597 505
598 528
598 489
598 113
599 101
599 35
599 5
600 146
600 294
600 241
601 0
601 456
601 511
602 23
602 463
602 133
603 258
603 272
603 132
604 62
604 332
604 6
605 86
605 216
605 242
606 7
606 4
606 33
607 522
607 388
607 482
608 105
608 83
608 269
609 569
609 389
609 356
610 5
610 71
610 429
611 12
611 1
611 15
612 12
612 340
612 143
613 427
613 611
613 158
614 15
614 306
614 119
615 425
615 36
615 82
616 575
616 133
616 18
617 611
617 23
617 4
618 30
618 15
618 277
619 0
619 439
619 5
620 150
620 542
620 65
621 23
621 342
621 2
622 285
622 438
622 313
623 3
623 536
623 39
624 535
624 325
624 171
625 8
625 507
625 194
626 89
626 579
626 5
627 131
627 13
627 12
628 446
628 52
628 82
629 68
629 90
629 91
630 135
630 403
630 266
631 412
631 46
631 255
632 99
632 520
632 528
633 157
633 576
633 520
634 66
634 584
634 168
635 326
635 30
635 274
636 469
636 55
636 24
637 139
637 9
637 13
638 278
638 468
638 102
639 17
639 275
639 457
640 46
640 417
640 571
641 151
641 518
641 603
642 454
642 52
642 22
643 574
643 603
643 243
644 375
644 34
644 13
645 348
645 81
645 70
646 137
646 96
646 454
647 11
647 415
647 39
648 304
648 583
648 9
649 8
649 613
649 592
650 2
650 83
650 537
651 163
651 72
651 131
652 38
652 327
652 564
653 47
653 414
653 120
654 415
654 280
654 230
655 61
655 584
655 230
656 19
656 384
656 164
657 21
657 132
657 220
658 159
658 9
658 29
659 382
659 142
659 351
660 4
660 268
660 60
661 20
661 578
661 210
662 327
662 156
662 104
663 592
663 5
663 67
664 12
664 256
664 555
665 113
665 153
665 55
666 421
666 7
666 514
667 393
667 561
667 244
668 1
668 601
668 531
669 20
669 221
669 14
670 29
670 525
670 543
671 24
671 213
671 68
672 37
672 21
672 60
673 636
673 5
673 503
674 210
674 663
674 137
675 171
675 120
675 129
676 190
676 72
676 10
677 4
677 516
677 228
678 590
678 439
678 259
679 116
679 46
679 37
680 465
680 320
680 40
681 54
681 15
681 233
682 2
682 60
682 22
683 662
683 598
683 65
684 164
684 119
684 635
685 13
685 2
685 483
686 22
686 44
686 218
687 598
687 3
687 123
688 432
688 463
688 70
689 116
689 95
689 189
690 289
690 655
690 417
691 60
691 414
691 650
692 691
692 440
692 15
693 68
693 132
693 43
694 310
694 86
694 89
695 115
695 40
695 88
696 183
696 81
696 401
697 53
697 628
697 173
698 227
698 28
698 340
699 210
699 513
699 4
700 109
700 374
700 393
701 62
701 0
701 171
702 277
702 269
702 61
703 13
703 341
703 500
704 6
704 368
704 281
705 2
705 5
705 639
706 170
706 141
706 17
707 54
707 164
707 284
708 476
708 682
708 535
709 456
709 235
709 36
710 4
710 577
710 75
711 352
711 611
711 431
712 4
712 167
712 18
713 21
713 172
713 259
714 164
714 317
714 315
715 689
715 38
715 132
716 559
716 192
716 496
717 57
717 6
717 25
718 657
718 701
718 39
719 533
719 34
719 132
720 210
720 65
720 51
721 198
721 714
721 28
722 438
722 603
722 641
723 499
723 116
723 54
724 386
724 481
724 139
725 68
725 252
725 54
726 107
726 59
726 43
727 15
727 210
727 258
728 521
728 700
728 38
729 3
729 368
729 79
730 597
730 16
730 299
731 7
731 561
731 9
732 327
732 13
732 2
733 255
733 25
733 433
734 551
734 8
734 5
735 93
735 252
735 672
736 187
736 122
736 139
737 1
737 40
737 109
738 165
738 146
738 16
739 40
739 37
739 238
740 132
740 456
740 88
741 128
741 407
741 518
742 510
742 157
742 434
743 30
743 270
743 257
744 1
744 626
744 736
745 344
745 5
745 531
746 5
746 136
746 228
747 11
747 278
747 511
748 5
748 373
748 709
749 85
749 405
749 4
750 19
750 23
750 25
751 321
751 27
751 13
752 478
752 1
752 329
753 276
753 47
753 23
754 36
754 650
754 434
755 48
755 733
755 8
756 353
756 164
756 698
757 552
757 734
757 338
758 103
758 95
758 606
759 98
759 184
759 15
760 298
760 77
760 37
761 81
761 357
761 28
762 41
762 252
762 158
763 341
763 439
763 285
764 567
764 642
764 11
765 10
765 86
765 236
766 424
766 60
766 637
767 489
767 425
767 393
768 268
768 2
768 756
769 270
769 514
769 70
770 187
770 11
770 13
771 534
771 94
771 66
772 730
772 38
772 268
773 486
773 117
773 673
774 266
774 606
774 60
775 615
775 203
775 15
776 467
776 62
776 231
777 71
777 496
777 2
778 13
778 673
778 184
779 1
779 664
779 578
780 419
780 514
780 133
781 196
781 54
781 4
782 579
782 251
782 4
783 210
783 2
783 138
784 23
784 1
784 123
785 517
785 24
785 446
786 202
786 18
786 482
787 4
787 142
787 2
788 188
788 89
788 299
789 572
789 269
789 607
790 81
790 667
790 423
791 13
791 518
791 280
792 699
792 12
792 102
793 29
793 0
793 411
794 112
794 131
794 158
795 297
795 104
795 624
796 162
796 2
796 576
797 71
797 38
797 393
798 168
798 73
798 23
799 55
799 396
799 168
800 121
800 736
800 526
801 3
801 297
801 5
802 213
802 5
802 370
803 445
803 341
803 195
804 198
804 30
804 38
805 673
805 9
805 568
806 5
806 46
806 729
807 3
807 688
807 307
808 18
808 19
808 1
809 458
809 13
809 741
810 220
810 664
810 382
811 1
811 639
811 697
812 262
812 723
812 73
813 275
813 732
813 10
814 290
814 65
814 6
815 164
815 469
815 52
816 2
816 201
816 67
817 71
817 273
817 788
818 697
818 770
818 21
819 141
819 28
819 220
820 7
820 626
820 566
821 54
821 0
821 235
822 473
822 368
822 122
823 574
823 34
823 101
824 384
824 15
824 130
825 470
825 665
825 4
826 52
826 657
826 423
827 8
827 110
827 54
828 392
828 26
828 10
829 476
829 206
829 163
830 13
830 22
830 5
831 8
831 184
831 29
832 44
832 120
832 377
833 105
833 43
833 335
834 29
834 54
834 48
835 320
835 268
835 482
836 5
836 119
836 36
837 689
837 11
837 687
838 183
838 458
838 360
839 664
839 18
839 72
840 353
840 395
840 1
841 528
841 770
841 677
842 435
842 641
842 46
843 138
843 315
843 146
844 0
844 612
844 360
845 199
845 165
845 812
846 27
846 501
846 441
847 268
847 356
847 193
848 16
848 304
848 676
849 51
849 770
849 665
850 662
850 385
850 132
851 682
851 132
851 155
852 484
852 18
852 70
853 15
853 590
853 119
854 363
854 633
854 39
855 435
855 179
855 139
856 799
856 189
856 252
857 90
857 653
857 692
858 132
858 21
858 175
859 306
859 2
859 745
860 551
860 4
860 605
861 22
861 86
861 32
862 266
862 571
862 156
863 487
863 196
863 1
864 252
864 465
864 19
865 332
865 3
865 821
866 33
866 52
866 279
867 69
867 135
867 116
868 326
868 123
868 407
869 635
869 649
869 70
870 163
870 219
870 0
871 3
871 393
871 179
872 43
872 47
872 609
873 281
873 745
873 274
874 2
874 9
874 747
875 453
875 252
875 146
876 116
876 784
876 241
877 28
877 12
877 484
878 782
878 210
878 335
879 129
879 414
879 705
880 269
880 100
880 119
881 15
881 43
881 0
882 11
882 57
882 13
883 677
883 457
883 98
884 113
884 372
884 324
885 89
885 559
885 351
886 652
886 67
886 11
887 139
887 653
887 483
888 210
888 15
888 586
889 0
889 36
889 29
890 47
890 709
890 513
891 51
891 126
891 3
892 20
892 30
892 747
893 1
893 20
893 515
894 90
894 68
894 831
895 268
895 200
895 689
896 154
896 871
896 214
897 6
897 801
897 813
898 506
898 865
898 403
899 88
899 440
899 144
900 55
900 446
900 694
901 3
901 480
901 1
902 672
902 269
902 228
903 377
903 499
903 193
904 430
904 532
904 677
905 434
905 62
905 15
906 531
906 25
906 648
907 316
907 124
907 0
908 49
908 1
908 0
909 531
909 633
909 630
910 359
910 143
910 26
911 2
911 677
911 92
912 516
912 232
912 126
913 38
913 564
913 4
914 126
914 72
914 1
915 21
915 257
915 777
916 0
916 624
916 273
917 117
917 5
917 161
918 667
918 511
918 165
919 387
919 780
919 499
920 28
920 221
920 134
921 62
921 826
921 521
922 278
922 441
922 88
923 114
923 361
923 7
924 245
924 170
924 459
925 689
925 216
925 8
926 431
926 235
926 22
927 651
927 4
927 113
928 18
928 433
928 804
929 695
929 40
929 24
930 167
930 684
930 183
931 43
931 815
931 418
932 30
932 138
932 54
933 119
933 788
933 356
934 865
934 72
934 57
935 123
935 560
935 861
936 133
936 55
936 38
937 156
937 323
937 628
938 590
938 499
938 4
939 351
939 120
939 46
940 117
940 119
940 574
941 116
941 48
941 1
942 34
942 86
942 242
943 44
943 28
943 222
944 53
944 261
944 807
945 609
945 611
945 836
946 36
946 464
946 851
947 213
947 34
947 254
948 847
948 522
948 143
949 34
949 258
949 20
950 773
950 33
950 83
951 48
951 7
951 82
952 110
952 710
952 880
953 765
953 9
953 69
954 941
954 13
954 606
955 220
955 801
955 2
956 1
956 633
956 183
957 1
957 235
957 529
958 118
958 124
958 184
959 102
959 25
959 162
960 136
960 491
960 951
961 126
961 838
961 558
962 90
962 816
962 608
963 925
963 953
963 88
964 344
964 908
964 263
965 325
965 170
965 38
966 439
966 151
966 4
967 135
967 232
967 879
968 118
968 66
968 257
969 44
969 13
969 537
970 11
970 38
970 788
971 395
971 269
971 508
972 181
972 764
972 514
973 31
973 209
973 17
974 10
974 121
974 113
975 876
975 847
975 38
976 53
976 700
976 91
977 558
977 164
977 20
978 15
978 494
978 585
979 653
979 46
979 116
980 424
980 90
980 49
981 82
981 903
981 4
982 322
982 548
982 394
983 301
983 13
983 429
984 8
984 98
984 711
985 964
985 360
985 109
986 248
986 386
986 4
987 34
987 243
987 2
988 384
988 165
988 107
989 815
989 210
989 561
990 197
990 235
990 171
991 227
991 209
991 33
992 650
992 849
992 258
993 117
993 721
993 348
994 216
994 281
994 157
995 496
995 70
995 808
996 201
996 372
996 2
997 594
997 499
997 460
998 269
998 785
998 297
999 995
999 714
999 252
