0 1
0 2
0 3
0 4
0 5
0 6
0 10
0 14
0 24
0 44
1 0
1 2
1 3
1 4
1 6
1 8
1 9
1 10
1 22
1 23
1 26
1 49
2 0
2 1
2 3
2 4
2 5
2 6
2 8
2 9
2 11
2 12
2 13
2 15
2 16
2 17
2 19
2 28
2 33
2 34
2 36
2 38
2 39
2 42
2 49
3 0
3 1
3 2
3 5
3 7
3 8
3 11
3 12
3 15
3 22
3 27
3 37
3 38
3 40
3 41
3 42
3 48
4 0
4 2
4 1
4 7
4 16
4 18
4 20
4 21
4 25
4 26
4 35
4 36
4 38
5 2
5 0
5 3
5 14
5 22
5 35
6 2
6 0
6 1
6 7
6 9
6 14
6 19
6 20
6 24
6 39
6 45
7 3
7 4
7 6
7 27
7 28
7 32
7 37
7 40
8 3
8 2
8 1
8 11
8 12
8 19
8 31
8 45
9 6
9 1
9 2
9 10
9 16
9 17
10 0
10 1
10 9
10 21
11 3
11 2
11 8
11 13
11 15
11 20
11 25
12 8
12 3
12 2
12 13
12 17
12 29
12 30
12 34
12 46
13 2
13 11
13 12
13 18
13 21
13 48
14 5
14 6
14 0
14 25
15 2
15 3
15 11
15 23
15 31
16 2
16 9
16 4
16 18
16 23
16 26
17 12
17 9
17 2
17 48
18 13
18 4
18 16
18 24
18 29
18 41
19 8
19 2
19 6
20 11
20 6
20 4
21 4
21 13
21 10
21 43
21 47
22 1
22 5
22 3
22 35
22 36
23 1
23 15
23 16
23 29
23 37
23 42
24 18
24 0
24 6
24 49
25 11
25 14
25 4
25 30
25 32
26 16
26 4
26 1
26 27
26 33
27 26
27 3
27 7
27 28
27 31
27 33
27 45
28 2
28 27
28 7
29 23
29 18
29 12
29 30
30 29
30 25
30 12
30 43
31 8
31 15
31 27
31 32
31 43
32 7
32 31
32 25
32 34
33 27
33 2
33 26
33 44
34 12
34 32
34 2
35 22
35 4
35 5
35 40
36 2
36 22
36 4
37 7
37 23
37 3
37 39
38 2
38 3
38 4
38 41
38 47
39 2
39 37
39 6
39 44
39 46
40 3
40 7
40 35
41 38
41 18
41 3
42 3
42 2
42 23
42 46
43 31
43 21
43 30
44 33
44 0
44 39
45 27
45 8
45 6
45 47
46 12
46 42
46 39
47 38
47 21
47 45
48 3
48 17
48 13
49 24
49 1
49 2
