0 1
1 0
2 0
2 1
3 0
3 1
3 2
4 3
4 0
4 2
5 3
5 0
5 4
6 1
6 3
6 4
7 2
7 1
7 3
8 1
8 3
8 5
9 1
9 0
9 3
10 0
10 1
10 2
11 3
11 2
11 5
12 10
12 3
12 8
13 1
13 0
13 4
14 4
14 11
14 3
15 1
15 2
15 3
16 11
16 0
16 8
17 1
17 3
17 5
18 1
18 5
18 3
19 4
19 3
19 17
20 4
20 0
20 1
21 5
21 12
21 1
22 4
22 21
22 18
23 3
23 0
23 21
24 17
24 1
24 3
25 14
25 11
25 5
26 0
26 3
26 19
27 0
27 12
27 6
28 1
28 13
28 7
29 1
29 13
29 3
30 10
30 17
30 21
31 9
31 11
31 0
32 4
32 18
32 1
33 0
33 31
33 21
34 13
34 25
34 30
35 23
35 3
35 12
36 6
36 3
36 7
37 11
37 5
37 23
38 36
38 19
38 21
39 0
39 3
39 5
40 25
40 10
40 33
41 25
41 4
41 3
42 22
42 16
42 37
43 0
43 1
43 3
44 41
44 1
44 10
45 0
45 21
45 11
46 18
46 0
46 5
47 1
47 10
47 2
48 13
48 0
48 21
49 0
49 23
49 31
