0 1
0 2
0 3
0 4
0 5
0 7
0 8
0 11
0 12
0 13
0 15
1 0
1 2
1 3
1 5
1 6
1 7
1 11
1 13
1 30
1 37
1 44
2 1
2 0
2 3
2 4
2 5
2 6
2 8
2 9
2 18
2 28
2 35
3 2
3 1
3 0
3 4
3 7
3 9
3 10
3 12
3 14
3 15
3 18
4 3
4 0
4 2
4 10
4 12
4 18
4 25
4 26
4 48
5 2
5 1
5 0
5 6
5 14
5 16
5 25
5 26
5 28
5 34
5 41
6 5
6 1
6 2
6 9
6 10
6 14
6 21
6 43
7 0
7 1
7 3
7 8
7 11
7 17
7 22
7 31
7 32
7 34
7 46
8 2
8 7
8 0
8 13
8 16
8 19
8 26
8 35
8 47
9 3
9 2
9 6
9 17
9 20
9 29
9 36
9 37
10 6
10 4
10 3
10 29
11 1
11 0
11 7
11 15
11 22
12 4
12 0
12 3
12 16
13 0
13 1
13 8
13 17
13 35
14 3
14 5
14 6
14 23
14 30
14 38
15 0
15 3
15 11
15 20
15 24
15 32
15 41
15 42
15 47
16 12
16 8
16 5
17 13
17 9
17 7
17 24
17 29
17 45
18 2
18 4
18 3
18 19
18 21
18 32
18 41
19 3
19 8
19 18
19 24
19 25
19 34
20 9
20 15
20 3
20 44
20 45
21 0
21 6
21 18
21 22
22 21
22 11
22 7
22 27
22 31
22 39
22 42
22 43
22 49
23 3
23 0
23 14
23 27
23 28
23 30
23 36
24 19
24 17
24 15
24 47
25 19
25 4
25 5
25 49
26 4
26 8
26 5
27 0
27 22
27 23
28 2
28 23
28 5
28 31
29 9
29 10
29 17
29 40
29 45
29 46
30 1
30 23
30 14
30 33
31 7
31 22
31 28
32 15
32 18
32 7
32 33
32 44
33 3
33 30
33 32
33 40
34 7
34 19
34 5
34 39
34 48
35 8
35 13
35 2
35 37
35 42
36 23
36 2
36 9
36 38
36 43
37 1
37 35
37 9
38 14
38 36
38 0
39 34
39 22
39 0
39 40
40 29
40 39
40 33
41 5
41 18
41 15
42 22
42 35
42 15
43 36
43 22
43 6
44 20
44 1
44 32
44 48
45 17
45 20
45 29
46 0
46 7
46 29
47 24
47 8
47 15
47 49
48 44
48 4
48 34
49 22
49 25
49 47
