0 1
1 0
2 0
2 1
3 0
3 2
3 1
4 1
4 0
4 2
5 3
5 0
5 1
6 4
6 0
6 1
7 4
7 0
7 2
8 3
8 0
8 4
9 1
9 4
9 0
10 1
10 7
10 4
11 5
11 8
11 10
12 8
12 1
12 4
13 10
13 1
13 7
14 9
14 5
14 1
15 7
15 1
15 3
16 7
16 13
16 8
17 16
17 3
17 8
18 3
18 16
18 0
19 10
19 0
19 9
20 17
20 10
20 8
21 16
21 9
21 18
22 10
22 18
22 13
23 0
23 18
23 11
24 7
24 0
24 4
25 18
25 20
25 15
26 9
26 0
26 6
27 4
27 17
27 22
28 16
28 18
28 20
29 9
29 22
29 17
30 17
30 18
30 13
31 9
31 12
31 30
32 12
32 9
32 26
33 15
33 5
33 1
34 30
34 25
34 20
35 7
35 15
35 32
36 1
36 5
36 0
37 36
37 0
37 2
38 1
38 0
38 20
39 14
39 0
39 16
40 7
40 5
40 8
41 1
41 34
41 10
42 7
42 17
42 14
43 33
43 0
43 5
44 0
44 4
44 9
45 10
45 20
45 34
46 12
46 11
46 9
47 4
47 37
47 6
48 10
48 9
48 15
49 41
49 8
49 9
50 0
50 18
50 15
51 3
51 4
51 14
52 1
52 7
52 34
53 40
53 18
53 51
54 49
54 2
54 47
55 1
55 5
55 13
56 3
56 31
56 0
57 3
57 1
57 46
58 43
58 56
58 20
59 30
59 34
59 33
60 7
60 1
60 48
61 39
61 12
61 44
62 17
62 32
62 35
63 6
63 34
63 15
64 7
64 9
64 2
65 23
65 18
65 10
66 25
66 50
66 39
67 12
67 10
67 21
68 5
68 6
68 61
69 3
69 38
69 0
70 46
70 0
70 15
71 4
71 49
71 1
72 20
72 30
72 44
73 15
73 41
73 62
74 38
74 39
74 48
75 16
75 32
75 0
76 48
76 1
76 4
77 11
77 67
77 18
78 16
78 5
78 9
79 17
79 37
79 25
80 7
80 4
80 43
81 58
81 41
81 11
82 50
82 41
82 81
83 0
83 21
83 16
84 1
84 28
84 32
85 57
85 55
85 71
86 55
86 59
86 77
87 81
87 5
87 11
88 5
88 6
88 57
89 7
89 34
89 11
90 10
90 77
90 18
91 59
91 63
91 33
92 34
92 71
92 42
93 1
93 46
93 48
94 8
94 59
94 18
95 17
95 16
95 20
96 65
96 32
96 9
97 5
97 46
97 59
98 4
98 0
98 22
99 16
99 63
99 61
