0 1
0 2
0 3
0 4
0 5
0 9
0 10
0 19
0 34
0 46
0 48
0 57
0 71
1 0
1 2
1 3
1 4
1 6
1 7
1 8
1 10
1 12
1 13
1 14
1 19
1 21
1 27
1 36
1 67
1 77
1 80
1 89
1 91
2 1
2 0
2 3
2 5
2 6
2 7
2 11
2 15
2 19
2 32
2 39
2 52
2 62
2 65
2 82
2 88
2 92
3 2
3 0
3 1
3 4
3 9
3 10
3 12
3 14
3 21
3 30
3 58
3 70
4 1
4 0
4 3
4 5
4 6
4 8
4 12
4 22
4 26
4 27
4 33
4 46
4 57
4 62
5 2
5 4
5 0
5 15
5 24
5 34
5 37
5 43
5 44
5 46
5 60
5 66
5 80
5 86
5 97
6 2
6 4
6 1
6 7
6 8
6 9
6 13
6 14
6 16
6 18
6 20
6 40
6 42
6 44
6 47
6 66
7 2
7 6
7 1
7 11
7 17
7 25
7 30
7 65
7 72
8 4
8 6
8 1
8 11
8 22
8 32
8 48
8 63
8 82
8 88
9 3
9 6
9 0
9 13
9 18
9 23
9 33
9 50
9 52
9 68
9 71
10 3
10 0
10 1
10 20
10 23
10 81
11 2
11 8
11 7
11 17
11 42
11 65
12 4
12 1
12 3
12 22
12 23
12 45
13 6
13 9
13 1
13 16
13 17
13 27
13 41
13 43
13 64
13 72
13 83
14 6
14 3
14 1
14 15
14 16
14 18
14 24
14 28
14 40
14 98
15 14
15 2
15 5
15 24
15 31
15 72
16 6
16 14
16 13
16 31
16 55
16 76
16 88
16 95
17 13
17 11
17 7
17 20
17 25
17 29
17 49
17 55
17 92
17 97
18 6
18 14
18 9
18 26
18 28
18 37
18 56
18 59
18 73
18 82
18 95
19 2
19 0
19 1
19 33
19 69
19 93
20 17
20 10
20 6
20 21
20 26
20 28
20 38
20 63
20 77
21 3
21 20
21 1
21 44
22 8
22 12
22 4
22 30
22 32
22 36
23 12
23 9
23 10
23 25
23 35
23 41
23 47
23 89
24 5
24 14
24 15
24 59
24 76
24 80
24 91
24 99
25 23
25 7
25 17
25 29
25 83
25 98
26 18
26 20
26 4
26 48
27 1
27 13
27 4
27 31
27 37
27 38
27 50
27 90
28 18
28 20
28 14
28 29
28 35
28 36
28 39
28 64
28 67
28 89
29 25
29 28
29 17
29 64
29 91
30 7
30 22
30 3
30 45
30 60
30 76
30 85
31 16
31 15
31 27
31 34
31 39
31 45
31 54
31 57
31 59
31 61
31 75
31 79
31 87
31 95
31 96
32 8
32 22
32 2
32 35
32 49
32 53
32 75
33 19
33 9
33 4
33 41
33 51
33 79
33 84
33 86
33 96
34 0
34 31
34 5
34 42
34 85
34 90
35 23
35 32
35 28
35 50
35 51
35 56
35 69
35 94
36 28
36 22
36 1
36 43
36 52
36 62
36 71
37 27
37 5
37 18
37 38
37 40
37 55
37 87
38 27
38 37
38 20
38 92
39 28
39 2
39 31
39 58
39 84
39 99
40 14
40 6
40 37
40 49
41 13
41 23
41 33
41 56
41 73
41 78
41 81
42 6
42 34
42 11
42 54
42 61
43 5
43 36
43 13
43 51
43 60
43 69
43 99
44 5
44 21
44 6
45 30
45 31
45 12
45 74
45 75
45 85
45 93
46 5
46 4
46 0
46 47
46 53
46 61
46 74
46 84
47 23
47 46
47 6
47 78
47 93
47 94
48 0
48 8
48 26
49 40
49 17
49 32
49 53
49 58
49 78
49 86
50 9
50 27
50 35
50 67
50 74
50 83
50 94
51 33
51 43
51 35
51 66
52 9
52 2
52 36
53 46
53 32
53 49
53 54
54 53
54 42
54 31
55 37
55 17
55 16
55 68
55 70
55 96
56 41
56 18
56 35
56 63
57 4
57 0
57 31
58 3
58 49
58 39
59 24
59 31
59 18
60 30
60 43
60 5
60 73
60 81
61 42
61 31
61 46
61 87
62 36
62 4
62 2
62 77
63 56
63 8
63 20
63 97
64 13
64 29
64 28
64 68
65 11
65 7
65 2
66 5
66 51
66 6
66 70
67 28
67 1
67 50
68 9
68 64
68 55
69 35
69 43
69 19
69 79
70 66
70 55
70 3
71 0
71 36
71 9
72 7
72 13
72 15
73 18
73 60
73 41
74 50
74 45
74 46
75 31
75 45
75 32
76 24
76 16
76 30
77 62
77 1
77 20
78 47
78 41
78 49
79 69
79 33
79 31
80 1
80 5
80 24
81 41
81 10
81 60
82 18
82 8
82 2
83 50
83 13
83 25
83 90
84 46
84 39
84 33
85 45
85 30
85 34
86 5
86 33
86 49
87 37
87 31
87 61
88 16
88 8
88 2
89 28
89 23
89 1
90 83
90 27
90 34
91 1
91 29
91 24
92 17
92 38
92 2
93 19
93 45
93 47
94 50
94 35
94 47
94 98
95 16
95 31
95 18
96 33
96 55
96 31
97 5
97 17
97 63
98 25
98 94
98 14
99 24
99 43
99 39
