0 1
0 2
1 0
1 2
2 0
2 1
3 0
3 2
3 1
4 3
4 2
4 0
5 4
5 3
5 0
6 0
6 2
6 5
7 5
7 2
7 4
8 1
8 3
8 2
9 3
9 7
9 5
10 3
10 9
10 5
11 2
11 3
11 9
12 1
12 9
12 11
13 1
13 3
13 2
14 4
14 11
14 5
15 1
15 2
15 3
16 5
16 14
16 2
17 1
17 5
17 6
18 10
18 11
18 2
19 6
19 2
19 3
20 0
20 5
20 6
21 4
21 14
21 5
22 2
22 14
22 7
23 13
23 20
23 11
24 1
24 16
24 12
25 16
25 0
25 2
26 4
26 16
26 19
27 0
27 5
27 1
28 2
28 4
28 3
29 5
29 11
29 22
30 5
30 6
30 25
31 5
31 9
31 12
32 6
32 5
32 9
33 19
33 11
33 32
34 8
34 24
34 6
35 27
35 6
35 1
36 2
36 23
36 6
37 16
37 26
37 5
38 1
38 14
38 11
39 37
39 35
39 1
40 0
40 39
40 32
41 4
41 1
41 17
42 22
42 5
42 15
43 7
43 2
43 4
44 5
44 4
44 2
45 4
45 5
45 8
46 41
46 34
46 5
47 11
47 9
47 45
48 26
48 0
48 4
49 19
49 6
49 2
50 2
50 16
50 9
51 30
51 27
51 35
52 7
52 9
52 5
53 3
53 2
53 5
54 0
54 27
54 47
55 11
55 5
55 33
56 41
56 22
56 19
57 44
57 32
57 0
58 1
58 19
58 5
59 14
59 52
59 5
60 52
60 10
60 2
61 60
61 26
61 2
62 5
62 16
62 18
63 0
63 3
63 1
64 11
64 62
64 23
65 9
65 60
65 11
66 4
66 14
66 58
67 26
67 23
67 15
68 16
68 35
68 62
69 41
69 2
69 5
70 69
70 5
70 14
71 27
71 0
71 25
72 1
72 7
72 0
73 44
73 7
73 19
74 1
74 6
74 39
75 44
75 21
75 71
76 57
76 32
76 22
77 16
77 21
77 5
78 19
78 34
78 39
79 27
79 62
79 2
80 72
80 1
80 32
81 23
81 21
81 34
82 39
82 22
82 5
83 58
83 29
83 32
84 76
84 9
84 71
85 2
85 55
85 7
86 22
86 62
86 1
87 7
87 45
87 53
88 82
88 5
88 14
89 40
89 5
89 39
90 4
90 69
90 57
91 19
91 5
91 6
92 19
92 13
92 0
93 23
93 7
93 53
94 76
94 39
94 42
95 69
95 86
95 2
96 83
96 3
96 40
97 75
97 2
97 11
98 0
98 22
98 8
99 34
99 3
99 12
