0 1
0 2
0 3
0 4
1 0
1 2
1 3
1 4
2 0
2 1
2 3
2 7
3 0
3 1
3 2
3 4
4 3
4 0
4 1
4 5
5 0
5 3
5 4
5 6
6 5
6 3
6 4
6 8
7 4
7 0
7 2
7 12
8 3
8 0
8 6
8 16
9 3
9 1
9 0
9 13
10 5
10 6
10 4
10 25
11 3
11 4
11 0
11 17
12 7
12 0
12 3
12 13
13 9
13 12
13 2
13 16
14 0
14 1
14 9
14 30
15 3
15 1
15 2
15 21
16 8
16 2
16 13
16 19
17 5
17 0
17 11
17 21
18 3
18 8
18 4
18 27
19 0
19 16
19 11
19 26
20 0
20 7
20 13
20 45
21 17
21 13
21 15
21 23
22 7
22 5
22 0
22 25
23 21
23 1
23 15
23 58
24 12
24 0
24 2
24 33
25 10
25 22
25 7
25 27
26 19
26 2
26 7
26 36
27 25
27 18
27 1
27 64
28 12
28 2
28 9
28 72
29 4
29 7
29 0
29 67
30 14
30 4
30 6
30 44
31 4
31 2
31 0
31 56
32 0
32 2
32 11
32 37
33 1
33 8
33 24
33 40
34 9
34 18
34 24
35 17
35 13
35 0
36 1
36 26
36 12
37 1
37 9
37 32
37 77
38 6
38 15
38 3
38 42
39 4
39 21
39 3
39 43
40 7
40 33
40 6
41 21
41 2
41 14
41 42
42 9
42 38
42 41
42 80
43 39
43 6
43 16
43 66
44 30
44 13
44 33
44 57
45 20
45 2
45 5
45 62
46 16
46 15
46 6
46 50
47 11
47 9
47 30
47 63
48 25
48 1
48 6
49 4
49 30
49 2
49 59
50 39
50 19
50 46
50 60
51 15
51 21
51 9
51 84
52 39
52 2
52 6
53 16
53 0
53 3
54 1
54 2
54 4
55 22
55 5
55 6
55 56
56 11
56 55
56 31
57 2
57 22
57 44
57 98
58 9
58 23
58 1
59 5
59 49
59 4
60 5
60 9
60 50
61 26
61 11
61 20
61 88
62 45
62 4
62 11
63 47
63 6
63 26
64 0
64 17
64 27
64 70
65 24
65 15
65 1
66 1
66 3
66 43
66 78
67 26
67 29
67 1
67 93
68 21
68 2
68 25
69 21
69 2
69 25
69 85
70 55
70 22
70 64
71 12
71 0
71 9
72 28
72 16
72 43
72 92
73 21
73 0
73 41
73 87
74 46
74 2
74 9
75 17
75 7
75 2
76 11
76 26
76 3
76 79
77 13
77 37
77 12
77 84
78 66
78 17
78 10
78 81
79 76
79 8
79 46
80 1
80 42
80 13
80 83
81 78
81 31
81 2
82 11
82 13
82 1
83 49
83 80
83 16
84 77
84 2
84 51
84 99
85 1
85 69
85 45
86 8
86 12
86 9
87 73
87 10
87 47
88 61
88 21
88 76
89 4
89 78
89 6
90 27
90 0
90 10
91 16
91 4
91 50
92 72
92 45
92 9
93 49
93 67
93 80
94 10
94 17
94 1
95 21
95 4
95 77
96 51
96 1
96 10
97 5
97 69
97 2
98 57
98 0
98 39
99 84
99 11
99 67
