0 1
1 0
2 1
2 0
3 1
3 0
3 2
4 2
4 0
4 3
5 0
5 4
5 1
6 0
6 4
6 2
7 0
7 4
7 3
8 2
8 3
8 0
9 2
9 1
9 5
10 4
10 8
10 3
11 1
11 6
11 9
12 3
12 7
12 1
13 8
13 0
13 1
14 7
14 3
14 13
15 1
15 9
15 6
16 7
16 2
16 10
17 15
17 1
17 3
18 3
18 0
18 1
19 17
19 2
19 1
20 2
20 9
20 1
21 1
21 0
21 10
22 1
22 8
22 7
23 2
23 20
23 15
24 9
24 5
24 0
25 3
25 1
25 11
26 0
26 2
26 4
27 2
27 19
27 14
28 8
28 1
28 4
29 7
29 1
29 24
30 22
30 10
30 24
31 2
31 0
31 10
32 0
32 1
32 18
33 0
33 8
33 2
34 17
34 9
34 32
35 1
35 3
35 24
36 1
36 15
36 22
37 18
37 1
37 5
38 9
38 37
38 8
39 1
39 18
39 4
40 0
40 11
40 7
41 7
41 2
41 30
42 6
42 21
42 0
43 32
43 26
43 34
44 2
44 16
44 23
45 20
45 3
45 22
46 0
46 4
46 10
47 26
47 21
47 11
48 2
48 18
48 3
49 7
49 11
49 44
50 21
50 17
50 2
51 37
51 0
51 21
52 3
52 9
52 11
53 3
53 21
53 48
54 0
54 33
54 44
55 27
55 11
55 1
56 24
56 1
56 8
57 9
57 13
57 4
58 0
58 32
58 46
59 38
59 42
59 6
60 19
60 52
60 11
61 3
61 47
61 2
62 8
62 6
62 3
63 1
63 42
63 2
64 44
64 4
64 63
65 3
65 2
65 13
66 44
66 61
66 32
67 1
67 7
67 52
68 2
68 56
68 37
69 2
69 61
69 3
70 1
70 0
70 41
71 15
71 50
71 12
72 15
72 21
72 66
73 68
73 2
73 11
74 71
74 48
74 39
75 33
75 47
75 24
76 4
76 6
76 19
77 0
77 5
77 6
78 48
78 56
78 13
79 45
79 1
79 46
80 11
80 65
80 2
81 27
81 22
81 4
82 65
82 1
82 8
83 44
83 7
83 19
84 56
84 34
84 17
85 30
85 54
85 41
86 2
86 47
86 41
87 0
87 33
87 1
88 33
88 0
88 17
89 17
89 1
89 7
90 9
90 1
90 44
91 64
91 47
91 36
92 18
92 21
92 64
93 10
93 38
93 59
94 10
94 21
94 81
95 22
95 0
95 61
96 72
96 65
96 19
97 18
97 29
97 45
98 65
98 4
98 51
99 15
99 2
99 40
100 3
100 2
100 88
101 2
101 98
101 22
102 83
102 82
102 50
103 8
103 27
103 53
104 3
104 2
104 14
105 98
105 7
105 13
106 59
106 2
106 87
107 0
107 48
107 53
108 19
108 52
108 62
109 22
109 34
109 11
110 104
110 0
110 49
111 4
111 71
111 76
112 106
112 9
112 33
113 2
113 52
113 22
114 0
114 5
114 109
115 43
115 2
115 3
116 11
116 26
116 46
117 113
117 96
117 71
118 29
118 83
118 52
119 65
119 36
119 17
120 71
120 8
120 81
121 48
121 31
121 45
122 11
122 108
122 95
123 14
123 68
123 0
124 73
124 68
124 13
125 40
125 91
125 64
126 1
126 67
126 68
127 47
127 8
127 4
128 10
128 13
128 11
129 106
129 26
129 9
130 61
130 16
130 39
131 1
131 25
131 103
132 41
132 3
132 38
133 103
133 1
133 41
134 106
134 1
134 2
135 2
135 107
135 119
136 80
136 90
136 106
137 0
137 73
137 11
138 126
138 24
138 76
139 1
139 6
139 68
140 106
140 92
140 65
141 16
141 10
141 45
142 65
142 61
142 6
143 78
143 109
143 3
144 8
144 102
144 125
145 89
145 2
145 1
146 67
146 0
146 88
147 118
147 11
147 116
148 9
148 91
148 15
149 6
149 5
149 47
150 121
150 2
150 48
151 30
151 71
151 3
152 40
152 4
152 1
153 2
153 61
153 71
154 8
154 69
154 35
155 84
155 45
155 5
156 22
156 33
156 68
157 153
157 41
157 115
158 138
158 67
158 65
159 3
159 45
159 37
160 13
160 55
160 44
161 72
161 129
161 3
162 1
162 68
162 42
163 68
163 8
163 19
164 45
164 0
164 100
165 55
165 45
165 116
166 85
166 89
166 46
167 109
167 107
167 2
168 53
168 153
168 38
169 24
169 21
169 42
170 22
170 36
170 0
171 80
171 30
171 7
172 5
172 3
172 81
173 165
173 15
173 149
174 146
174 8
174 114
175 166
175 71
175 41
176 118
176 3
176 9
177 0
177 17
177 98
178 53
178 62
178 27
179 11
179 136
179 22
180 64
180 17
180 15
181 115
181 64
181 3
182 0
182 2
182 169
183 2
183 108
183 18
184 95
184 4
184 25
185 108
185 40
185 96
186 161
186 3
186 43
187 24
187 9
187 35
188 32
188 1
188 9
189 14
189 2
189 0
190 6
190 17
190 62
191 48
191 142
191 87
192 40
192 24
192 187
193 3
193 6
193 109
194 105
194 25
194 178
195 45
195 94
195 62
196 39
196 10
196 153
197 136
197 85
197 62
198 5
198 181
198 77
199 172
199 66
199 43
200 104
200 79
200 0
201 183
201 108
201 13
202 24
202 81
202 187
203 9
203 110
203 62
204 173
204 18
204 46
205 32
205 56
205 60
206 4
206 93
206 58
207 167
207 25
207 187
208 25
208 52
208 1
209 59
209 13
209 30
210 7
210 0
210 63
211 66
211 7
211 192
212 209
212 163
212 13
213 71
213 54
213 35
214 110
214 13
214 109
215 1
215 36
215 80
216 15
216 9
216 125
217 78
217 19
217 50
218 126
218 136
218 48
219 10
219 144
219 9
220 138
220 155
220 177
221 2
221 1
221 187
222 29
222 202
222 219
223 22
223 8
223 46
224 74
224 1
224 3
225 144
225 24
225 4
226 35
226 110
226 0
227 147
227 178
227 13
228 3
228 21
228 90
229 195
229 223
229 89
230 163
230 130
230 68
231 37
231 63
231 109
232 84
232 1
232 202
233 115
233 15
233 11
234 109
234 2
234 61
235 15
235 50
235 224
236 117
236 14
236 21
237 101
237 24
237 4
238 0
238 64
238 184
239 89
239 82
239 163
240 84
240 56
240 68
241 8
241 15
241 14
242 156
242 85
242 44
243 124
243 133
243 88
244 111
244 104
244 203
245 2
245 88
245 178
246 130
246 41
246 212
247 130
247 3
247 138
248 170
248 44
248 196
249 42
249 15
249 245
250 61
250 227
250 78
251 60
251 13
251 79
252 4
252 71
252 86
253 80
253 194
253 2
254 217
254 216
254 109
255 187
255 67
255 22
256 51
256 32
256 116
257 32
257 3
257 108
258 164
258 251
258 2
259 58
259 15
259 78
260 239
260 46
260 71
261 8
261 0
261 131
262 2
262 59
262 0
263 2
263 1
263 104
264 159
264 202
264 242
265 223
265 2
265 67
266 72
266 146
266 64
267 0
267 3
267 87
268 9
268 1
268 237
269 147
269 2
269 96
270 21
270 114
270 11
271 114
271 64
271 67
272 3
272 6
272 36
273 9
273 77
273 19
274 181
274 7
274 87
275 178
275 0
275 3
276 10
276 89
276 178
277 183
277 18
277 0
278 94
278 4
278 21
279 8
279 22
279 116
280 27
280 11
280 3
281 7
281 108
281 183
282 39
282 61
282 40
283 157
283 39
283 158
284 58
284 173
284 1
285 89
285 1
285 62
286 30
286 22
286 2
287 1
287 100
287 71
288 157
288 219
288 15
289 276
289 95
289 0
290 61
290 208
290 44
291 163
291 2
291 186
292 76
292 101
292 124
293 172
293 65
293 22
294 27
294 42
294 140
295 9
295 121
295 43
296 1
296 294
296 26
297 59
297 236
297 17
298 4
298 178
298 16
299 95
299 169
299 75
300 34
300 150
300 48
301 229
301 203
301 69
302 271
302 30
302 45
303 272
303 2
303 23
304 68
304 192
304 144
305 10
305 118
305 98
306 166
306 2
306 114
307 203
307 32
307 30
308 27
308 192
308 38
309 2
309 34
309 158
310 174
310 71
310 240
311 281
311 9
311 180
312 7
312 53
312 60
313 67
313 75
313 239
314 280
314 234
314 33
315 18
315 25
315 0
316 10
316 7
316 3
317 53
317 52
317 158
318 2
318 194
318 22
319 2
319 21
319 5
320 209
320 27
320 46
321 202
321 3
321 287
322 317
322 283
322 56
323 56
323 128
323 18
324 262
324 14
324 297
325 46
325 292
325 2
326 187
326 50
326 105
327 109
327 27
327 32
328 95
328 103
328 158
329 22
329 111
329 64
330 2
330 13
330 3
331 62
331 176
331 271
332 50
332 12
332 3
333 34
333 82
333 13
334 313
334 53
334 170
335 306
335 118
335 4
336 24
336 85
336 22
337 258
337 64
337 28
338 223
338 2
338 235
339 284
339 61
339 70
340 65
340 38
340 118
341 61
341 53
341 6
342 322
342 2
342 0
343 0
343 198
343 74
344 343
344 175
344 268
345 158
345 1
345 7
346 273
346 231
346 58
347 27
347 11
347 273
348 6
348 44
348 19
349 95
349 262
349 173
350 265
350 8
350 215
351 120
351 4
351 32
352 28
352 3
352 284
353 48
353 43
353 293
354 118
354 284
354 2
355 224
355 18
355 102
356 25
356 114
356 345
357 103
357 335
357 292
358 71
358 56
358 98
359 67
359 89
359 1
360 32
360 2
360 65
361 41
361 2
361 18
362 138
362 45
362 21
363 73
363 68
363 23
364 48
364 74
364 8
365 126
365 2
365 193
366 8
366 267
366 4
367 32
367 220
367 0
368 30
368 175
368 53
369 130
369 76
369 11
370 30
370 194
370 32
371 80
371 48
371 187
372 142
372 124
372 316
373 49
373 74
373 215
374 27
374 18
374 196
375 22
375 67
375 60
376 54
376 98
376 9
377 146
377 60
377 248
378 0
378 240
378 4
379 100
379 164
379 98
380 30
380 293
380 153
381 373
381 0
381 13
382 168
382 48
382 15
383 67
383 138
383 18
384 304
384 356
384 183
385 4
385 33
385 233
386 43
386 15
386 24
387 137
387 1
387 31
388 10
388 42
388 128
389 37
389 285
389 96
390 257
390 5
390 34
391 331
391 179
391 3
392 86
392 118
392 44
393 252
393 8
393 335
394 16
394 82
394 66
395 268
395 78
395 306
396 51
396 164
396 2
397 19
397 3
397 192
398 283
398 114
398 5
399 353
399 1
399 35
400 7
400 328
400 186
401 7
401 211
401 312
402 345
402 251
402 54
403 17
403 18
403 329
404 259
404 161
404 41
405 90
405 104
405 62
406 229
406 309
406 375
407 175
407 45
407 24
408 287
408 288
408 276
409 8
409 101
409 66
410 81
410 90
410 21
411 32
411 166
411 222
412 65
412 155
412 13
413 283
413 100
413 381
414 65
414 252
414 249
415 2
415 61
415 5
416 318
416 24
416 1
417 24
417 125
417 176
418 1
418 280
418 8
419 15
419 43
419 4
420 330
420 159
420 94
421 107
421 248
421 125
422 10
422 125
422 279
423 379
423 375
423 47
424 395
424 130
424 421
425 8
425 278
425 67
426 193
426 60
426 44
427 2
427 51
427 217
428 0
428 61
428 116
429 418
429 33
429 108
430 87
430 16
430 239
431 108
431 34
431 2
432 2
432 0
432 52
433 372
433 13
433 53
434 387
434 306
434 30
435 65
435 53
435 15
436 397
436 249
436 169
437 16
437 1
437 320
438 93
438 313
438 54
439 11
439 227
439 385
440 347
440 219
440 234
441 3
441 61
441 20
442 71
442 8
442 282
443 14
443 389
443 268
444 200
444 213
444 11
445 370
445 249
445 15
446 295
446 68
446 296
447 61
447 245
447 15
448 194
448 73
448 8
449 61
449 53
449 67
450 383
450 144
450 114
451 5
451 82
451 400
452 327
452 20
452 24
453 156
453 234
453 3
454 24
454 196
454 292
455 375
455 47
455 103
456 71
456 286
456 41
457 83
457 123
457 1
458 39
458 90
458 270
459 194
459 360
459 268
460 114
460 180
460 8
461 199
461 235
461 357
462 445
462 11
462 67
463 388
463 76
463 75
464 28
464 430
464 377
465 297
465 35
465 220
466 123
466 76
466 25
467 69
467 2
467 341
468 24
468 452
468 259
469 22
469 0
469 187
470 66
470 128
470 207
471 328
471 61
471 183
472 442
472 330
472 178
473 255
473 318
473 391
474 18
474 207
474 2
475 293
475 93
475 11
476 381
476 252
476 102
477 98
477 21
477 178
478 7
478 142
478 197
479 92
479 95
479 7
480 181
480 9
480 4
481 19
481 192
481 166
482 136
482 361
482 480
483 206
483 249
483 74
484 239
484 297
484 15
485 87
485 7
485 65
486 129
486 103
486 144
487 318
487 13
487 95
488 98
488 8
488 323
489 169
489 165
489 187
490 9
490 356
490 6
491 15
491 5
491 17
492 98
492 6
492 459
493 281
493 126
493 24
494 412
494 449
494 63
495 2
495 73
495 426
496 255
496 83
496 452
497 385
497 232
497 240
498 2
498 455
498 396
499 410
499 9
499 8
500 452
500 64
500 305
501 5
501 11
501 402
502 109
502 173
502 2
503 12
503 59
503 71
504 27
504 468
504 469
505 303
505 3
505 19
506 178
506 154
506 30
507 106
507 71
507 360
508 153
508 88
508 3
509 59
509 431
509 4
510 22
510 64
510 1
511 80
511 84
511 460
512 129
512 106
512 11
513 60
513 10
513 0
514 0
514 1
514 67
515 438
515 45
515 195
516 10
516 54
516 160
517 411
517 3
517 50
518 464
518 36
518 502
519 0
519 5
519 125
520 278
520 318
520 246
521 475
521 22
521 452
522 13
522 2
522 496
523 24
523 277
523 7
524 246
524 7
524 353
525 27
525 278
525 462
526 401
526 2
526 56
527 279
527 1
527 250
528 133
528 46
528 5
529 353
529 454
529 181
530 2
530 234
530 212
531 280
531 13
531 147
532 322
532 6
532 66
533 235
533 21
533 246
534 19
534 2
534 233
535 25
535 106
535 125
536 221
536 475
536 168
537 76
537 38
537 457
538 66
538 17
538 8
539 8
539 147
539 115
540 292
540 230
540 4
541 316
541 344
541 177
542 73
542 511
542 247
543 52
543 64
543 106
544 541
544 2
544 36
545 15
545 339
545 0
546 71
546 353
546 2
547 529
547 85
547 217
548 25
548 5
548 198
549 296
549 94
549 392
550 13
550 383
550 195
551 79
551 0
551 214
552 226
552 166
552 438
553 380
553 216
553 1
554 2
554 32
554 52
555 302
555 305
555 5
556 231
556 246
556 202
557 144
557 15
557 207
558 19
558 281
558 83
559 318
559 96
559 452
560 73
560 7
560 46
561 484
561 116
561 33
562 7
562 396
562 5
563 40
563 296
563 0
564 236
564 0
564 55
565 1
565 2
565 111
566 7
566 405
566 484
567 7
567 404
567 273
568 550
568 348
568 231
569 116
569 2
569 130
570 333
570 190
570 17
571 13
571 83
571 275
572 554
572 476
572 39
573 156
573 131
573 14
574 335
574 400
574 1
575 93
575 76
575 420
576 5
576 2
576 523
577 110
577 536
577 252
578 290
578 61
578 246
579 59
579 179
579 19
580 354
580 34
580 19
581 94
581 398
581 497
582 2
582 401
582 214
583 68
583 26
583 2
584 24
584 15
584 302
585 170
585 286
585 226
586 5
586 71
586 279
587 440
587 139
587 71
588 126
588 145
588 246
589 0
589 296
589 233
590 365
590 353
590 60
591 50
591 398
591 104
592 81
592 3
592 204
593 11
593 420
593 269
594 572
594 65
594 298
595 375
595 22
595 35
596 560
596 465
596 482
597 118
597 47
597 67
598 82
598 406
598 537
599 178
599 390
599 106
600 4
600 33
600 560
601 409
601 77
601 177
602 9
602 178
602 413
603 15
603 264
603 308
604 518
604 34
604 9
605 323
605 227
605 453
606 110
606 59
606 417
607 15
607 59
607 469
608 494
608 45
608 71
609 205
609 61
609 366
610 56
610 398
610 445
611 21
611 73
611 513
612 1
612 330
612 225
613 73
613 328
613 194
614 605
614 345
614 13
615 14
615 421
615 407
616 429
616 255
616 25
617 463
617 271
617 8
618 246
618 400
618 49
619 281
619 254
619 276
620 0
620 598
620 7
621 39
621 5
621 535
622 385
622 8
622 22
623 489
623 164
623 147
624 559
624 167
624 378
625 318
625 32
625 263
626 77
626 342
626 537
627 9
627 88
627 55
628 542
628 39
628 93
629 509
629 63
629 41
630 50
630 80
630 53
631 7
631 11
631 376
632 118
632 3
632 215
633 192
633 0
633 11
634 90
634 27
634 13
635 106
635 254
635 153
636 8
636 341
636 38
637 619
637 67
637 459
638 35
638 0
638 86
639 459
639 146
639 475
640 61
640 0
640 73
641 634
641 81
641 63
642 62
642 469
642 146
643 58
643 9
643 11
644 0
644 1
644 372
645 282
645 123
645 1
646 2
646 413
646 10
647 293
647 547
647 265
648 233
648 511
648 72
649 565
649 11
649 161
650 297
650 468
650 1
651 71
651 312
651 572
652 80
652 323
652 343
653 109
653 493
653 34
654 0
654 212
654 275
655 650
655 471
655 469
656 141
656 121
656 200
657 271
657 502
657 78
658 657
658 109
658 124
659 335
659 460
659 422
660 353
660 328
660 492
661 641
661 511
661 54
662 263
662 167
662 418
663 54
663 11
663 147
664 22
664 227
664 94
665 589
665 242
665 408
666 11
666 4
666 10
667 106
667 200
667 10
668 195
668 130
668 260
669 570
669 2
669 212
670 535
670 104
670 190
671 383
671 175
671 243
672 4
672 353
672 215
673 37
673 502
673 121
674 19
674 361
674 231
675 475
675 460
675 42
676 274
676 149
676 523
677 32
677 18
677 59
678 557
678 81
678 321
679 612
679 323
679 1
680 281
680 645
680 1
681 677
681 106
681 195
682 101
682 60
682 67
683 299
683 14
683 377
684 196
684 34
684 49
685 239
685 261
685 322
686 73
686 582
686 11
687 551
687 21
687 126
688 96
688 636
688 25
689 1
689 82
689 257
690 41
690 0
690 11
691 7
691 505
691 609
692 682
692 626
692 459
693 266
693 81
693 53
694 23
694 496
694 523
695 114
695 276
695 18
696 174
696 17
696 186
697 248
697 259
697 44
698 13
698 8
698 290
699 189
699 61
699 537
700 0
700 419
700 229
701 114
701 175
701 311
702 261
702 440
702 4
703 361
703 392
703 211
704 114
704 232
704 221
705 65
705 171
705 19
706 9
706 124
706 15
707 281
707 3
707 94
708 221
708 71
708 18
709 362
709 389
709 262
710 105
710 586
710 441
711 101
711 219
711 7
712 559
712 420
712 111
713 336
713 86
713 396
714 294
714 415
714 236
715 443
715 239
715 106
716 483
716 44
716 452
717 526
717 533
717 167
718 4
718 95
718 570
719 301
719 534
719 73
720 212
720 541
720 192
721 26
721 235
721 621
722 11
722 345
722 402
723 487
723 396
723 284
724 169
724 188
724 13
725 101
725 563
725 143
726 0
726 273
726 267
727 555
727 284
727 278
728 529
728 554
728 236
729 195
729 156
729 357
730 53
730 615
730 352
731 487
731 35
731 206
732 87
732 684
732 98
733 524
733 0
733 247
734 24
734 328
734 406
735 646
735 313
735 304
736 180
736 259
736 2
737 40
737 114
737 343
738 0
738 194
738 8
739 459
739 128
739 4
740 193
740 3
740 544
741 570
741 249
741 619
742 736
742 408
742 460
743 0
743 70
743 129
744 740
744 65
744 623
745 159
745 106
745 254
746 65
746 178
746 125
747 687
747 318
747 679
748 269
748 226
748 36
749 47
749 43
749 489
750 22
750 568
750 0
751 66
751 519
751 572
752 24
752 582
752 89
753 62
753 254
753 460
754 5
754 2
754 268
755 40
755 575
755 8
756 101
756 268
756 0
757 251
757 18
757 130
758 138
758 214
758 36
759 390
759 214
759 32
760 455
760 98
760 0
761 341
761 458
761 5
762 186
762 102
762 372
763 136
763 2
763 229
764 64
764 48
764 670
765 424
765 29
765 59
766 596
766 472
766 146
767 2
767 110
767 552
768 682
768 219
768 1
769 258
769 2
769 13
770 9
770 74
770 207
771 577
771 107
771 35
772 589
772 713
772 723
773 67
773 471
773 11
774 569
774 45
774 478
775 22
775 695
775 93
776 493
776 176
776 414
777 239
777 542
777 2
778 741
778 325
778 435
779 340
779 93
779 339
780 10
780 477
780 127
781 311
781 722
781 495
782 563
782 642
782 522
783 248
783 19
783 61
784 218
784 639
784 114
785 767
785 15
785 357
786 30
786 174
786 644
787 81
787 235
787 339
788 30
788 550
788 280
789 96
789 82
789 105
790 665
790 690
790 1
791 0
791 70
791 2
792 95
792 2
792 772
793 717
793 262
793 469
794 226
794 273
794 43
795 249
795 525
795 53
796 63
796 61
796 21
797 163
797 715
797 308
798 9
798 81
798 4
799 306
799 24
799 11
800 1
800 544
800 33
801 0
801 271
801 446
802 552
802 141
802 128
803 202
803 483
803 691
804 27
804 13
804 49
805 78
805 308
805 655
806 76
806 0
806 194
807 228
807 196
807 129
808 21
808 518
808 37
809 8
809 251
809 326
810 32
810 600
810 199
811 387
811 574
811 258
812 94
812 145
812 404
813 236
813 78
813 286
814 660
814 752
814 506
815 804
815 770
815 717
816 5
816 1
816 664
817 114
817 239
817 438
818 52
818 322
818 696
819 354
819 14
819 118
820 15
820 8
820 574
821 85
821 98
821 9
822 609
822 56
822 519
823 617
823 59
823 323
824 82
824 232
824 17
825 370
825 531
825 642
826 121
826 71
826 327
827 784
827 7
827 509
828 11
828 0
828 275
829 577
829 777
829 634
830 715
830 666
830 155
831 507
831 248
831 243
832 0
832 1
832 582
833 825
833 194
833 387
834 68
834 61
834 245
835 147
835 772
835 396
836 34
836 591
836 463
837 544
837 116
837 42
838 30
838 224
838 46
839 14
839 426
839 1
840 2
840 765
840 797
841 24
841 802
841 106
842 13
842 178
842 369
843 738
843 28
843 89
844 559
844 598
844 465
845 712
845 337
845 125
846 35
846 9
846 252
847 214
847 346
847 570
848 69
848 79
848 153
849 437
849 802
849 633
850 484
850 117
850 334
851 760
851 369
851 114
852 13
852 284
852 233
853 380
853 2
853 103
854 715
854 186
854 232
855 458
855 221
855 1
856 3
856 547
856 49
857 33
857 634
857 7
858 636
858 242
858 459
859 10
859 71
859 285
860 770
860 713
860 805
861 235
861 63
861 859
862 682
862 11
862 497
863 53
863 128
863 30
864 19
864 68
864 143
865 1
865 2
865 238
866 109
866 767
866 2
867 86
867 22
867 8
868 684
868 620
868 778
869 473
869 211
869 497
870 302
870 469
870 5
871 339
871 130
871 231
872 4
872 60
872 421
873 743
873 832
873 758
874 480
874 196
874 652
875 7
875 428
875 258
876 86
876 76
876 425
877 867
877 32
877 116
878 94
878 194
878 691
879 187
879 437
879 5
880 68
880 194
880 2
881 153
881 824
881 623
882 107
882 633
882 342
883 381
883 680
883 753
884 680
884 731
884 22
885 691
885 11
885 196
886 0
886 605
886 365
887 379
887 130
887 642
888 203
888 46
888 33
889 235
889 21
889 244
890 40
890 147
890 33
891 789
891 704
891 639
892 434
892 435
892 254
893 868
893 43
893 25
894 465
894 814
894 74
895 291
895 244
895 631
896 130
896 378
896 274
897 10
897 758
897 390
898 674
898 2
898 641
899 40
899 524
899 823
900 202
900 235
900 452
901 440
901 677
901 768
902 94
902 769
902 18
903 12
903 580
903 766
904 8
904 682
904 53
905 543
905 365
905 128
906 10
906 540
906 269
907 249
907 494
907 472
908 502
908 239
908 893
909 441
909 1
909 815
910 269
910 197
910 743
911 7
911 292
911 385
912 34
912 405
912 273
913 891
913 252
913 667
914 58
914 19
914 95
915 45
915 590
915 139
916 106
916 0
916 791
917 386
917 822
917 0
918 135
918 8
918 786
919 404
919 681
919 7
920 267
920 344
920 74
921 259
921 748
921 832
922 34
922 266
922 125
923 561
923 244
923 31
924 206
924 46
924 80
925 840
925 866
925 89
926 36
926 186
926 721
927 665
927 812
927 784
928 732
928 392
928 280
929 61
929 106
929 7
930 57
930 255
930 397
931 65
931 52
931 248
932 44
932 292
932 318
933 481
933 623
933 649
934 212
934 89
934 7
935 608
935 44
935 526
936 240
936 1
936 446
937 0
937 24
937 1
938 202
938 9
938 101
939 699
939 58
939 468
940 13
940 82
940 784
941 33
941 824
941 32
942 87
942 53
942 50
943 84
943 18
943 67
944 162
944 2
944 116
945 802
945 168
945 918
946 166
946 866
946 10
947 8
947 5
947 3
948 542
948 176
948 149
949 483
949 2
949 4
950 30
950 365
950 364
951 116
951 638
951 191
952 366
952 461
952 34
953 505
953 32
953 931
954 0
954 823
954 249
955 27
955 14
955 872
956 914
956 49
956 377
957 96
957 396
957 85
958 21
958 182
958 440
959 401
959 630
959 372
960 781
960 15
960 163
961 469
961 8
961 9
962 187
962 436
962 375
963 868
963 413
963 477
964 13
964 155
964 130
965 921
965 395
965 1
966 635
966 149
966 103
967 86
967 413
967 596
968 0
968 45
968 358
969 1
969 406
969 396
970 7
970 344
970 102
971 589
971 166
971 343
972 700
972 41
972 312
973 365
973 3
973 221
974 38
974 211
974 22
975 19
975 5
975 294
976 22
976 945
976 437
977 380
977 537
977 866
978 748
978 32
978 20
979 821
979 929
979 407
980 237
980 777
980 637
981 478
981 528
981 339
982 65
982 632
982 557
983 535
983 968
983 2
984 750
984 160
984 955
985 27
985 7
985 274
986 71
986 900
986 819
987 40
987 259
987 697
988 19
988 22
988 341
989 580
989 173
989 86
990 3
990 625
990 147
991 203
991 342
991 155
992 0
992 281
992 65
993 754
993 60
993 230
994 113
994 714
994 461
995 812
995 20
995 546
996 709
996 109
996 301
997 872
997 80
997 242
998 483
998 116
998 813
999 82
999 15
999 421
