1 0
2 0
2 1
3 2
3 1
3 0
4 2
4 1
4 3
5 1
5 3
5 2
6 2
6 0
6 1
7 2
7 0
7 1
8 3
8 2
8 0
9 0
9 1
9 7
10 1
10 0
10 9
11 9
11 10
11 1
12 10
12 0
12 9
13 0
13 2
13 3
14 9
14 6
14 2
15 4
15 2
15 10
16 10
16 5
16 1
17 12
17 3
17 11
18 2
18 9
18 1
19 15
19 9
19 1
20 19
20 6
20 9
21 16
21 0
21 9
22 2
22 9
22 0
23 9
23 2
23 11
24 1
24 18
24 2
25 0
25 1
25 2
26 0
26 20
26 11
27 5
27 2
27 4
28 19
28 18
28 9
29 13
29 25
29 1
30 20
30 23
30 12
31 13
31 1
31 0
32 27
32 31
32 0
33 9
33 0
33 10
34 23
34 5
34 3
35 4
35 2
35 24
36 33
36 21
36 4
37 20
37 9
37 1
38 6
38 9
38 1
39 3
39 0
39 25
40 29
40 20
40 13
41 20
41 38
41 15
42 3
42 39
42 30
43 34
43 2
43 9
44 40
44 25
44 6
45 39
45 12
45 0
46 42
46 4
46 20
47 18
47 9
47 31
48 0
48 5
48 40
49 19
49 11
49 20
50 15
50 13
50 9
51 2
51 10
51 7
52 41
52 9
52 23
53 7
53 46
53 0
54 31
54 10
54 20
55 45
55 20
55 10
56 2
56 10
56 9
57 20
57 2
57 4
58 11
58 7
58 40
59 33
59 46
59 48
60 59
60 24
60 56
61 9
61 33
61 46
62 50
62 3
62 1
63 54
63 4
63 10
64 33
64 3
64 6
65 13
65 2
65 20
66 63
66 38
66 13
67 59
67 0
67 6
68 45
68 44
68 43
69 49
69 23
69 36
70 2
70 7
70 28
71 28
71 7
71 63
72 6
72 69
72 59
73 57
73 54
73 1
74 33
74 11
74 8
75 14
75 10
75 1
76 9
76 2
76 42
77 2
77 65
77 33
78 28
78 0
78 70
79 5
79 11
79 59
80 20
80 0
80 53
81 0
81 6
81 12
82 81
82 73
82 54
83 19
83 20
83 28
84 22
84 67
84 27
85 15
85 7
85 38
86 27
86 1
86 55
87 71
87 12
87 83
88 69
88 31
88 11
89 27
89 15
89 0
90 48
90 60
90 21
91 29
91 0
91 20
92 39
92 7
92 52
93 6
93 20
93 89
94 71
94 73
94 1
95 12
95 89
95 91
96 18
96 54
96 61
97 54
97 51
97 11
98 25
98 12
98 13
99 10
99 15
99 33
100 50
100 67
100 0
101 62
101 20
101 42
102 56
102 18
102 66
103 19
103 58
103 75
104 42
104 20
104 61
105 3
105 9
105 19
106 8
106 2
106 44
107 18
107 40
107 20
108 86
108 19
108 0
109 91
109 11
109 10
110 9
110 4
110 10
111 56
111 36
111 74
112 20
112 107
112 53
113 9
113 93
113 18
114 8
114 19
114 15
115 2
115 53
115 11
116 95
116 93
116 18
117 102
117 42
117 108
118 35
118 15
118 102
119 33
119 2
119 75
120 2
120 104
120 72
121 49
121 120
121 58
122 75
122 119
122 8
123 70
123 48
123 11
124 1
124 92
124 2
125 50
125 52
125 116
126 3
126 62
126 5
127 104
127 43
127 122
128 83
128 3
128 46
129 1
129 31
129 0
130 9
130 15
130 36
131 91
131 38
131 35
132 120
132 114
132 6
133 62
133 0
133 121
134 2
134 129
134 18
135 100
135 60
135 89
136 13
136 53
136 60
137 3
137 45
137 32
138 84
138 45
138 75
139 9
139 21
139 1
140 62
140 30
140 28
141 41
141 50
141 82
142 82
142 19
142 42
143 34
143 0
143 141
144 61
144 59
144 46
145 12
145 2
145 11
146 13
146 14
146 45
147 13
147 69
147 2
148 116
148 76
148 0
149 101
149 4
149 11
150 55
150 59
150 96
151 2
151 140
151 5
152 88
152 6
152 45
153 57
153 90
153 3
154 0
154 58
154 15
155 125
155 54
155 118
156 1
156 107
156 100
157 129
157 136
157 69
158 10
158 0
158 137
159 10
159 15
159 28
160 95
160 0
160 33
161 44
161 91
161 35
162 30
162 29
162 53
163 64
163 38
163 71
164 159
164 69
164 72
165 96
165 46
165 94
166 73
166 32
166 18
167 2
167 99
167 7
168 29
168 0
168 11
169 3
169 17
169 25
170 94
170 118
170 10
171 54
171 110
171 160
172 134
172 29
172 165
173 97
173 128
173 160
174 171
174 33
174 16
175 54
175 46
175 122
176 36
176 28
176 27
177 57
177 53
177 172
178 10
178 115
178 6
179 20
179 61
179 127
180 120
180 2
180 171
181 120
181 7
181 33
182 35
182 92
182 95
183 27
183 4
183 51
184 87
184 122
184 7
185 87
185 22
185 129
186 33
186 104
186 149
187 9
187 24
187 67
188 150
188 13
188 39
189 146
189 58
189 3
190 89
190 39
190 75
191 110
191 3
191 24
192 23
192 33
192 165
193 45
193 28
193 8
194 131
194 0
194 88
195 129
195 11
195 1
196 141
196 69
196 65
197 129
197 50
197 72
198 3
198 23
198 124
199 98
199 112
199 23
200 136
200 65
200 115
201 20
201 98
201 163
202 80
202 52
202 57
203 13
203 0
203 158
204 184
204 0
204 114
205 51
205 2
205 78
206 77
206 15
206 188
207 184
207 165
207 104
208 84
208 65
208 40
209 73
209 1
209 167
210 62
210 113
210 115
211 9
211 0
211 59
212 56
212 3
212 35
213 177
213 143
213 151
214 122
214 48
214 2
215 4
215 110
215 13
216 134
216 89
216 155
217 34
217 147
217 24
218 190
218 11
218 178
219 204
219 0
219 35
220 203
220 62
220 155
221 5
221 62
221 139
222 2
222 4
222 3
223 38
223 18
223 10
224 65
224 147
224 0
225 129
225 69
225 27
226 165
226 8
226 4
227 18
227 0
227 193
228 19
228 137
228 1
229 11
229 143
229 205
230 165
230 163
230 3
231 121
231 3
231 9
232 63
232 51
232 73
233 86
233 72
233 59
234 44
234 192
234 218
235 6
235 118
235 75
236 15
236 9
236 104
237 205
237 5
237 75
238 105
238 192
238 94
239 92
239 228
239 2
240 35
240 23
240 59
241 213
241 2
241 15
242 122
242 7
242 77
243 2
243 12
243 123
244 11
244 167
244 157
245 13
245 51
245 119
246 123
246 9
246 184
247 25
247 107
247 225
248 129
248 9
248 11
249 20
249 13
249 18
250 9
250 21
250 27
251 184
251 1
251 133
252 12
252 228
252 81
253 23
253 65
253 2
254 217
254 129
254 46
255 2
255 54
255 0
256 2
256 8
256 0
257 120
257 20
257 246
258 13
258 90
258 18
259 38
259 13
259 18
260 50
260 22
260 229
261 56
261 76
261 50
262 230
262 33
262 27
263 125
263 75
263 122
264 5
264 58
264 30
265 15
265 180
265 118
266 95
266 18
266 200
267 105
267 165
267 69
268 124
268 9
268 122
269 1
269 96
269 48
270 120
270 184
270 137
271 82
271 8
271 129
272 233
272 81
272 10
273 194
273 196
273 78
274 255
274 209
274 10
275 2
275 71
275 69
276 95
276 203
276 3
277 210
277 223
277 13
278 110
278 0
278 2
279 274
279 203
279 78
280 228
280 18
280 236
281 238
281 93
281 4
282 99
282 104
282 89
283 14
283 63
283 4
284 11
284 2
284 125
285 158
285 152
285 140
286 270
286 16
286 119
287 18
287 131
287 154
288 192
288 0
288 167
289 9
289 18
289 193
290 226
290 126
290 99
291 95
291 169
291 224
292 290
292 70
292 28
293 6
293 17
293 69
294 79
294 206
294 241
295 230
295 138
295 62
296 284
296 53
296 156
297 5
297 12
297 77
298 240
298 19
298 183
299 138
299 3
299 10
300 2
300 120
300 87
301 43
301 298
301 75
302 18
302 33
302 54
303 118
303 129
303 2
304 251
304 172
304 181
305 54
305 24
305 19
306 44
306 2
306 9
307 280
307 98
307 122
308 20
308 128
308 218
309 73
309 26
309 172
310 136
310 294
310 130
311 46
311 101
311 39
312 221
312 9
312 2
313 7
313 290
313 75
314 231
314 213
314 288
315 6
315 65
315 95
316 45
316 118
316 20
317 281
317 177
317 21
318 91
318 125
318 56
319 54
319 106
319 163
320 103
320 10
320 17
321 290
321 15
321 147
322 38
322 165
322 1
323 11
323 122
323 3
324 86
324 320
324 6
325 1
325 209
325 11
326 297
326 2
326 1
327 294
327 165
327 4
328 219
328 1
328 235
329 48
329 0
329 49
330 236
330 62
330 224
331 67
331 264
331 50
332 63
332 224
332 95
333 9
333 60
333 4
334 253
334 2
334 280
335 9
335 73
335 2
336 315
336 107
336 46
337 81
337 15
337 19
338 32
338 18
338 69
339 269
339 0
339 203
340 134
340 13
340 66
341 192
341 40
341 38
342 2
342 308
342 64
343 224
343 84
343 1
344 11
344 179
344 18
345 82
345 89
345 143
346 7
346 33
346 22
347 308
347 91
347 241
348 224
348 206
348 153
349 303
349 2
349 264
350 164
350 89
350 5
351 8
351 2
351 330
352 8
352 158
352 329
353 1
353 12
353 137
354 10
354 0
354 235
355 109
355 192
355 313
356 85
356 205
356 104
357 167
357 20
357 282
358 27
358 147
358 80
359 234
359 39
359 62
360 2
360 44
360 173
361 272
361 15
361 345
362 28
362 124
362 224
363 262
363 194
363 223
364 311
364 312
364 38
365 326
365 48
365 10
366 101
366 70
366 62
367 26
367 89
367 0
368 362
368 301
368 1
369 362
369 331
369 151
370 286
370 93
370 42
371 82
371 27
371 276
372 138
372 274
372 54
373 155
373 91
373 56
374 225
374 71
374 9
375 155
375 56
375 23
376 41
376 165
376 8
377 2
377 330
377 128
378 120
378 1
378 214
379 13
379 367
379 376
380 376
380 290
380 62
381 72
381 374
381 112
382 157
382 41
382 215
383 373
383 152
383 80
384 280
384 5
384 316
385 25
385 46
385 224
386 311
386 95
386 307
387 72
387 184
387 60
388 138
388 165
388 27
389 320
389 311
389 53
390 185
390 12
390 181
391 255
391 20
391 13
392 94
392 11
392 336
393 184
393 20
393 89
394 59
394 91
394 278
395 15
395 330
395 59
396 14
396 52
396 378
397 1
397 352
397 41
398 33
398 184
398 27
399 175
399 62
399 192
400 83
400 18
400 194
401 305
401 39
401 1
402 72
402 147
402 102
403 303
403 26
403 228
404 284
404 298
404 33
405 51
405 3
405 337
406 0
406 6
406 42
407 69
407 189
407 300
408 214
408 181
408 79
409 225
409 5
409 41
410 4
410 148
410 41
411 291
411 3
411 25
412 28
412 301
412 75
413 109
413 231
413 324
414 235
414 51
414 62
415 19
415 173
415 33
416 221
416 144
416 71
417 159
417 101
417 51
418 231
418 130
418 285
419 98
419 4
419 114
420 278
420 2
420 35
421 0
421 72
421 2
422 0
422 196
422 3
423 2
423 147
423 37
424 334
424 23
424 360
425 317
425 118
425 27
426 28
426 317
426 406
427 298
427 5
427 280
428 258
428 2
428 81
429 91
429 64
429 0
430 207
430 9
430 234
431 163
431 129
431 370
432 361
432 115
432 2
433 379
433 418
433 109
434 400
434 94
434 222
435 126
435 44
435 2
436 233
436 10
436 3
437 240
437 433
437 194
438 75
438 18
438 186
439 232
439 48
439 57
440 203
440 9
440 171
441 20
441 39
441 301
442 106
442 257
442 18
443 434
443 243
443 406
444 358
444 131
444 11
445 50
445 53
445 392
446 38
446 262
446 56
447 165
447 53
447 197
448 217
448 176
448 155
449 416
449 2
449 384
450 282
450 321
450 384
451 2
451 85
451 164
452 62
452 50
452 35
453 65
453 3
453 401
454 94
454 340
454 148
455 186
455 316
455 108
456 61
456 92
456 2
457 312
457 129
457 301
458 52
458 191
458 92
459 0
459 291
459 70
460 89
460 82
460 241
461 3
461 371
461 1
462 6
462 135
462 36
463 46
463 100
463 155
464 215
464 422
464 141
465 21
465 438
465 109
466 59
466 214
466 112
467 169
467 23
467 248
468 412
468 1
468 311
469 44
469 379
469 42
470 2
470 277
470 193
471 24
471 324
471 134
472 269
472 298
472 441
473 298
473 129
473 166
474 386
474 11
474 9
475 298
475 46
475 228
476 181
476 165
476 423
477 358
477 262
477 110
478 212
478 20
478 115
479 163
479 309
479 78
480 264
480 209
480 11
481 16
481 0
481 6
482 130
482 13
482 89
483 39
483 104
483 80
484 441
484 30
484 119
485 279
485 216
485 466
486 394
486 229
486 305
487 46
487 92
487 239
488 0
488 1
488 78
489 369
489 11
489 226
490 5
490 250
490 65
491 409
491 9
491 0
492 491
492 69
492 62
493 255
493 3
493 296
494 401
494 0
494 370
495 135
495 202
495 296
496 102
496 415
496 107
497 221
497 2
497 379
498 390
498 54
498 125
499 396
499 303
499 244
500 95
500 15
500 0
501 269
501 230
501 321
502 13
502 141
502 239
503 9
503 221
503 122
504 419
504 138
504 6
505 72
505 46
505 301
506 6
506 8
506 373
507 0
507 2
507 64
508 437
508 27
508 51
509 75
509 71
509 373
510 241
510 18
510 366
511 383
511 190
511 89
512 46
512 1
512 354
513 2
513 473
513 15
514 379
514 1
514 8
515 318
515 453
515 140
516 89
516 104
516 11
517 291
517 382
517 20
518 499
518 68
518 15
519 230
519 40
519 80
520 406
520 30
520 102
521 33
521 187
521 20
522 228
522 131
522 120
523 144
523 249
523 307
524 461
524 75
524 211
525 345
525 13
525 382
526 45
526 488
526 410
527 69
527 431
527 58
528 259
528 368
528 149
529 428
529 329
529 100
530 52
530 95
530 1
531 327
531 46
531 417
532 24
532 224
532 218
533 189
533 0
533 208
534 139
534 278
534 489
535 38
535 53
535 473
536 100
536 92
536 39
537 0
537 204
537 93
538 0
538 35
538 377
539 46
539 248
539 53
540 133
540 109
540 221
541 55
541 213
541 8
542 50
542 70
542 18
543 221
543 506
543 9
544 41
544 418
544 206
545 9
545 426
545 12
546 19
546 106
546 204
547 251
547 506
547 70
548 122
548 80
548 472
549 98
549 311
549 123
550 11
550 6
550 174
551 37
551 155
551 106
552 2
552 170
552 239
553 56
553 54
553 71
554 335
554 352
554 192
555 116
555 122
555 143
556 423
556 313
556 438
557 42
557 59
557 194
558 24
558 469
558 364
559 3
559 28
559 438
560 144
560 221
560 48
561 331
561 525
561 163
562 487
562 61
562 120
563 214
563 127
563 488
564 2
564 113
564 162
565 465
565 110
565 158
566 243
566 10
566 150
567 303
567 0
567 531
568 23
568 92
568 473
569 95
569 4
569 352
570 13
570 2
570 82
571 144
571 406
571 5
572 191
572 181
572 1
573 484
573 194
573 114
574 9
574 441
574 73
575 221
575 27
575 265
576 9
576 441
576 6
577 120
577 55
577 126
578 303
578 238
578 301
579 491
579 307
579 25
580 92
580 241
580 18
581 132
581 258
581 214
582 576
582 142
582 11
583 472
583 53
583 456
584 44
584 561
584 18
585 1
585 43
585 138
586 577
586 34
586 379
587 1
587 412
587 209
588 247
588 196
588 24
589 434
589 27
589 2
590 250
590 65
590 13
591 155
591 362
591 18
592 112
592 478
592 191
593 122
593 570
593 503
594 65
594 6
594 129
595 81
595 59
595 127
596 39
596 1
596 16
597 43
597 281
597 143
598 428
598 89
598 373
599 95
599 50
599 301
600 165
600 422
600 104
601 1
601 210
601 529
602 359
602 11
602 124
603 9
603 262
603 461
604 70
604 501
604 306
605 214
605 36
605 449
606 104
606 1
606 269
607 477
607 503
607 6
608 129
608 259
608 258
609 357
609 94
609 2
610 563
610 608
610 602
611 95
611 420
611 16
612 50
612 479
612 0
613 13
613 167
613 215
614 241
614 41
614 185
615 134
615 431
615 164
616 497
616 489
616 301
617 102
617 490
617 2
618 78
618 602
618 34
619 14
619 75
619 115
620 494
620 389
620 457
621 237
621 104
621 455
622 4
622 603
622 457
623 500
623 26
623 460
624 207
624 38
624 193
625 25
625 543
625 613
626 358
626 235
626 107
627 72
627 4
627 474
628 107
628 2
628 597
629 101
629 420
629 4
630 2
630 102
630 186
631 492
631 228
631 45
632 222
632 416
632 65
633 106
633 1
633 54
634 214
634 99
634 178
635 41
635 27
635 158
636 267
636 434
636 26
637 2
637 372
637 28
638 72
638 11
638 101
639 250
639 8
639 301
640 67
640 190
640 277
641 140
641 291
641 80
642 97
642 496
642 180
643 103
643 364
643 3
644 10
644 186
644 563
645 9
645 129
645 355
646 575
646 355
646 388
647 193
647 25
647 208
648 226
648 0
648 122
649 545
649 412
649 38
650 120
650 220
650 61
651 147
651 10
651 129
652 311
652 364
652 6
653 261
653 13
653 0
654 222
654 240
654 258
655 575
655 397
655 305
656 622
656 585
656 345
657 158
657 69
657 125
658 632
658 125
658 578
659 124
659 31
659 60
660 219
660 297
660 83
661 169
661 0
661 53
662 75
662 103
662 0
663 116
663 9
663 623
664 468
664 410
664 6
665 9
665 92
665 304
666 74
666 15
666 428
667 44
667 475
667 21
668 482
668 13
668 479
669 42
669 40
669 264
670 596
670 6
670 428
671 264
671 73
671 50
672 301
672 51
672 130
673 490
673 137
673 563
674 538
674 46
674 144
675 406
675 174
675 2
676 5
676 15
676 441
677 0
677 54
677 9
678 203
678 196
678 88
679 274
679 97
679 493
680 550
680 486
680 228
681 667
681 356
681 608
682 4
682 8
682 541
683 60
683 129
683 2
684 8
684 59
684 531
685 530
685 157
685 66
686 18
686 59
686 98
687 80
687 627
687 393
688 2
688 205
688 392
689 383
689 39
689 2
690 82
690 235
690 128
691 136
691 544
691 179
692 32
692 562
692 237
693 67
693 68
693 9
694 469
694 229
694 42
695 44
695 5
695 548
696 245
696 91
696 18
697 70
697 23
697 350
698 20
698 2
698 19
699 2
699 397
699 370
700 107
700 24
700 193
701 226
701 12
701 43
702 77
702 1
702 22
703 31
703 28
703 42
704 653
704 2
704 170
705 60
705 27
705 412
706 69
706 70
706 647
707 262
707 61
707 2
708 224
708 10
708 12
709 680
709 148
709 566
710 134
710 0
710 682
711 104
711 396
711 54
712 165
712 73
712 64
713 680
713 297
713 211
714 54
714 181
714 143
715 430
715 674
715 358
716 386
716 187
716 486
717 453
717 92
717 1
718 679
718 8
718 2
719 98
719 46
719 376
720 213
720 507
720 33
721 24
721 6
721 467
722 507
722 443
722 194
723 269
723 25
723 223
724 337
724 412
724 43
725 41
725 312
725 73
726 167
726 508
726 50
727 11
727 2
727 231
728 552
728 146
728 430
729 202
729 8
729 258
730 65
730 194
730 559
731 28
731 614
731 239
732 288
732 0
732 570
733 581
733 667
733 67
734 105
734 494
734 44
735 13
735 593
735 9
736 160
736 20
736 394
737 590
737 234
737 354
738 579
738 243
738 659
739 400
739 12
739 59
740 519
740 8
740 239
741 24
741 328
741 100
742 0
742 236
742 375
743 6
743 54
743 237
744 623
744 19
744 133
745 38
745 427
745 364
746 400
746 224
746 648
747 28
747 558
747 376
748 307
748 705
748 688
749 3
749 290
749 234
750 372
750 2
750 358
751 345
751 397
751 74
752 359
752 415
752 0
753 3
753 617
753 59
754 109
754 532
754 298
755 149
755 723
755 36
756 400
756 149
756 70
757 209
757 660
757 421
758 459
758 413
758 143
759 226
759 9
759 0
760 699
760 239
760 687
761 38
761 3
761 407
762 0
762 641
762 128
763 181
763 175
763 509
764 437
764 115
764 70
765 250
765 323
765 80
766 43
766 708
766 646
767 356
767 382
767 170
768 638
768 552
768 127
769 324
769 573
769 129
770 51
770 127
770 39
771 9
771 0
771 399
772 111
772 5
772 69
773 54
773 750
773 647
774 521
774 7
774 10
775 110
775 13
775 228
776 199
776 575
776 147
777 464
777 192
777 186
778 134
778 208
778 118
779 320
779 480
779 751
780 208
780 322
780 45
781 160
781 436
781 280
782 174
782 9
782 141
783 13
783 45
783 526
784 581
784 517
784 119
785 76
785 234
785 145
786 307
786 15
786 553
787 246
787 88
787 2
788 598
788 301
788 303
789 660
789 30
789 357
790 124
790 586
790 463
791 358
791 730
791 33
792 69
792 485
792 49
793 141
793 39
793 342
794 655
794 11
794 138
795 231
795 685
795 0
796 184
796 13
796 627
797 185
797 266
797 0
798 2
798 135
798 303
799 454
799 10
799 397
800 626
800 202
800 431
801 189
801 118
801 9
802 291
802 358
802 93
803 89
803 386
803 444
804 224
804 797
804 9
805 69
805 724
805 431
806 324
806 27
806 266
807 444
807 803
807 11
808 12
808 140
808 39
809 73
809 6
809 486
810 226
810 377
810 70
811 364
811 479
811 36
812 98
812 52
812 0
813 28
813 364
813 59
814 1
814 23
814 664
815 15
815 44
815 100
816 436
816 6
816 482
817 9
817 69
817 467
818 592
818 244
818 69
819 671
819 34
819 345
820 2
820 449
820 10
821 118
821 494
821 415
822 187
822 507
822 18
823 2
823 569
823 155
824 297
824 129
824 116
825 804
825 479
825 174
826 815
826 564
826 45
827 486
827 468
827 743
828 46
828 759
828 709
829 669
829 381
829 45
830 95
830 9
830 70
831 461
831 736
831 54
832 109
832 15
832 32
833 20
833 48
833 635
834 307
834 724
834 657
835 621
835 90
835 209
836 217
836 679
836 196
837 818
837 759
837 561
838 0
838 20
838 173
839 120
839 741
839 419
840 48
840 64
840 298
841 801
841 211
841 53
842 206
842 608
842 462
843 412
843 799
843 0
844 729
844 48
844 787
845 652
845 240
845 293
846 496
846 357
846 2
847 494
847 185
847 272
848 109
848 698
848 436
849 414
849 9
849 116
850 6
850 30
850 96
851 167
851 13
851 6
852 431
852 239
852 1
853 26
853 343
853 512
854 206
854 341
854 269
855 571
855 381
855 53
856 15
856 46
856 101
857 95
857 73
857 8
858 272
858 153
858 95
859 589
859 34
859 109
860 416
860 120
860 82
861 348
861 664
861 80
862 246
862 75
862 28
863 98
863 279
863 109
864 337
864 196
864 416
865 165
865 456
865 218
866 497
866 578
866 192
867 192
867 246
867 376
868 2
868 515
868 3
869 480
869 219
869 31
870 7
870 562
870 316
871 20
871 18
871 461
872 76
872 810
872 135
873 574
873 312
873 169
874 328
874 19
874 28
875 126
875 0
875 275
876 31
876 381
876 767
877 228
877 720
877 3
878 53
878 102
878 107
879 74
879 203
879 294
880 19
880 845
880 174
881 9
881 213
881 0
882 143
882 28
882 31
883 381
883 160
883 275
884 155
884 102
884 28
885 574
885 882
885 20
886 780
886 18
886 42
887 36
887 452
887 226
888 821
888 642
888 579
889 13
889 508
889 537
890 612
890 637
890 2
891 344
891 263
891 379
892 61
892 886
892 463
893 10
893 730
893 214
894 286
894 39
894 337
895 861
895 1
895 454
896 806
896 53
896 163
897 426
897 688
897 465
898 136
898 421
898 519
899 386
899 351
899 296
900 129
900 642
900 97
901 107
901 208
901 28
902 635
902 416
902 55
903 40
903 292
903 209
904 396
904 96
904 349
905 452
905 226
905 530
906 848
906 521
906 500
907 95
907 735
907 54
908 141
908 12
908 707
909 587
909 120
909 250
910 358
910 493
910 58
911 20
911 454
911 176
912 876
912 494
912 570
913 747
913 174
913 186
914 81
914 41
914 488
915 870
915 881
915 611
916 834
916 212
916 27
917 297
917 851
917 652
918 444
918 828
918 11
919 611
919 509
919 313
920 376
920 13
920 92
921 96
921 224
921 228
922 381
922 363
922 661
923 108
923 53
923 67
924 90
924 639
924 9
925 89
925 636
925 50
926 526
926 494
926 73
927 245
927 45
927 58
928 74
928 46
928 65
929 12
929 2
929 888
930 366
930 367
930 23
931 862
931 213
931 758
932 51
932 190
932 13
933 621
933 806
933 187
934 104
934 267
934 62
935 193
935 64
935 299
936 449
936 191
936 497
937 2
937 485
937 308
938 513
938 32
938 317
939 793
939 567
939 13
940 2
940 9
940 15
941 388
941 524
941 705
942 473
942 903
942 717
943 431
943 228
943 18
944 41
944 535
944 109
945 732
945 662
945 184
946 519
946 799
946 118
947 450
947 525
947 7
948 219
948 415
948 41
949 39
949 177
949 465
950 485
950 66
950 940
951 764
951 570
951 646
952 253
952 754
952 741
953 755
953 700
953 49
954 59
954 39
954 33
955 202
955 461
955 566
956 196
956 1
956 139
957 310
957 538
957 2
958 178
958 337
958 212
959 55
959 92
959 226
960 37
960 0
960 145
961 70
961 76
961 39
962 24
962 461
962 73
963 303
963 20
963 122
964 158
964 3
964 278
965 665
965 841
965 291
966 616
966 114
966 509
967 198
967 247
967 10
968 0
968 2
968 406
969 821
969 28
969 482
970 304
970 181
970 668
971 7
971 20
971 80
972 828
972 494
972 902
973 908
973 178
973 183
974 843
974 0
974 186
975 224
975 836
975 847
976 139
976 269
976 91
977 81
977 62
977 630
978 35
978 46
978 686
979 124
979 187
979 592
980 131
980 147
980 787
981 212
981 24
981 146
982 847
982 206
982 40
983 25
983 593
983 1
984 24
984 291
984 913
985 553
985 170
985 611
986 671
986 138
986 352
987 5
987 33
987 578
988 2
988 127
988 25
989 77
989 343
989 603
990 680
990 356
990 47
991 71
991 9
991 486
992 466
992 706
992 9
993 2
993 420
993 19
994 0
994 968
994 6
995 912
995 798
995 8
996 352
996 755
996 679
997 22
997 596
997 477
998 954
998 87
998 361
999 12
999 179
999 191
