0 1
1 0
2 0
2 1
3 0
3 2
3 1
4 2
4 0
4 1
5 1
5 4
5 0
6 0
6 1
6 2
7 0
7 2
7 1
8 5
8 1
8 0
9 6
9 2
9 4
10 2
10 1
10 7
11 1
11 9
11 0
12 1
12 9
12 5
13 10
13 4
13 6
14 2
14 1
14 5
15 6
15 2
15 4
16 11
16 0
16 8
17 7
17 4
17 1
18 9
18 1
18 0
19 0
19 3
19 5
20 19
20 0
20 5
21 5
21 3
21 16
22 9
22 16
22 0
23 20
23 10
23 5
24 1
24 3
24 2
25 0
25 5
25 9
26 1
26 2
26 23
27 3
27 24
27 20
28 18
28 7
28 5
29 4
29 0
29 8
30 1
30 0
30 2
31 18
31 20
31 0
32 1
32 0
32 2
33 6
33 2
33 5
34 29
34 10
34 9
35 24
35 34
35 1
36 23
36 20
36 10
37 18
37 20
37 27
38 17
38 0
38 11
39 3
39 1
39 29
40 0
40 23
40 11
41 31
41 4
41 18
42 10
42 1
42 23
43 18
43 40
43 9
44 0
44 24
44 3
45 0
45 2
45 5
46 15
46 16
46 1
47 5
47 34
47 7
48 2
48 13
48 1
49 29
49 24
49 5
50 2
50 12
50 49
51 10
51 0
51 32
52 1
52 50
52 11
53 9
53 0
53 1
54 24
54 9
54 5
55 10
55 23
55 29
56 31
56 5
56 1
57 18
57 50
57 10
58 42
58 24
58 17
59 4
59 2
59 28
60 4
60 6
60 58
61 56
61 40
61 9
62 20
62 29
62 6
63 53
63 36
63 50
64 50
64 0
64 10
65 23
65 0
65 28
66 3
66 58
66 52
67 48
67 3
67 6
68 2
68 20
68 7
69 50
69 26
69 0
70 28
70 4
70 45
71 21
71 0
71 34
72 18
72 56
72 9
73 1
73 36
73 67
74 13
74 0
74 5
75 29
75 47
75 2
76 59
76 47
76 26
77 33
77 28
77 46
78 1
78 35
78 10
79 9
79 64
79 52
80 72
80 63
80 30
81 45
81 18
81 58
82 40
82 3
82 1
83 26
83 6
83 42
84 71
84 16
84 1
85 51
85 69
85 6
86 38
86 37
86 33
87 7
87 65
87 50
88 8
88 84
88 68
89 52
89 84
89 1
90 20
90 11
90 63
91 6
91 34
91 20
92 1
92 61
92 50
93 11
93 17
93 56
94 20
94 50
94 38
95 52
95 54
95 56
96 26
96 43
96 18
97 11
97 6
97 8
98 64
98 72
98 73
99 30
99 29
99 34
100 30
100 4
100 2
101 79
101 0
101 80
102 27
102 58
102 0
103 1
103 29
103 45
104 72
104 84
104 103
105 58
105 3
105 53
106 34
106 13
106 4
107 5
107 21
107 55
108 29
108 1
108 107
109 66
109 10
109 98
110 20
110 60
110 9
111 73
111 60
111 0
112 69
112 108
112 103
113 12
113 89
113 24
114 4
114 79
114 1
115 34
115 6
115 22
116 4
116 1
116 16
117 31
117 52
117 25
118 48
118 14
118 36
119 34
119 83
119 9
120 82
120 111
120 92
121 97
121 10
121 5
122 3
122 22
122 52
123 5
123 9
123 6
124 70
124 2
124 10
125 10
125 29
125 72
126 7
126 38
126 0
127 5
127 3
127 63
128 28
128 29
128 92
129 19
129 6
129 65
130 110
130 13
130 50
131 9
131 4
131 48
132 7
132 18
132 60
133 88
133 5
133 9
134 79
134 30
134 120
135 0
135 5
135 72
136 107
136 2
136 1
137 66
137 50
137 128
138 5
138 11
138 1
139 77
139 9
139 3
140 80
140 83
140 16
141 101
141 78
141 10
142 55
142 97
142 111
143 1
143 0
143 4
144 6
144 9
144 5
145 7
145 17
145 101
146 54
146 0
146 47
147 123
147 124
147 106
148 1
148 132
148 3
149 127
149 39
149 37
150 20
150 79
150 35
151 129
151 23
151 1
152 136
152 89
152 6
153 0
153 33
153 26
154 63
154 2
154 93
155 55
155 45
155 30
156 134
156 1
156 6
157 33
157 0
157 14
158 20
158 88
158 63
159 30
159 115
159 134
160 42
160 112
160 93
161 3
161 1
161 99
162 87
162 3
162 40
163 89
163 56
163 30
164 24
164 64
164 140
165 50
165 4
165 11
166 66
166 162
166 133
167 62
167 23
167 107
168 8
168 17
168 0
169 5
169 1
169 19
170 37
170 52
170 113
171 24
171 105
171 70
172 68
172 1
172 84
173 11
173 159
173 90
174 80
174 131
174 52
175 124
175 36
175 21
176 1
176 140
176 106
177 1
177 5
177 17
178 8
178 10
178 73
179 71
179 9
179 3
180 62
180 65
180 46
181 86
181 172
181 170
182 163
182 97
182 117
183 84
183 30
183 159
184 33
184 36
184 110
185 163
185 79
185 160
186 3
186 153
186 20
187 76
187 158
187 84
188 110
188 62
188 107
189 27
189 146
189 0
190 110
190 162
190 92
191 12
191 1
191 9
192 174
192 120
192 19
193 109
193 185
193 143
194 113
194 51
194 5
195 66
195 9
195 37
196 36
196 19
196 29
197 95
197 194
197 5
198 84
198 76
198 79
199 103
199 184
199 21
200 108
200 55
200 27
201 2
201 1
201 51
202 121
202 134
202 90
203 162
203 9
203 94
204 5
204 180
204 77
205 4
205 19
205 136
206 109
206 89
206 14
207 0
207 163
207 200
208 89
208 1
208 79
209 1
209 27
209 141
210 1
210 22
210 40
211 118
211 4
211 42
212 160
212 190
212 33
213 84
213 20
213 34
214 113
214 13
214 50
215 0
215 19
215 121
216 34
216 92
216 1
217 72
217 66
217 12
218 1
218 6
218 80
219 5
219 44
219 107
220 205
220 1
220 13
221 6
221 1
221 98
222 74
222 25
222 4
223 3
223 32
223 124
224 162
224 103
224 143
225 113
225 177
225 191
226 207
226 9
226 72
227 18
227 22
227 143
228 203
228 224
228 9
229 1
229 70
229 5
230 1
230 84
230 69
231 10
231 120
231 63
232 179
232 108
232 9
233 178
233 186
233 0
234 6
234 106
234 229
235 96
235 9
235 110
236 98
236 123
236 87
237 16
237 76
237 2
238 84
238 42
238 221
239 26
239 18
239 0
240 76
240 9
240 26
241 185
241 128
241 23
242 5
242 7
242 77
243 107
243 202
243 0
244 3
244 103
244 101
245 23
245 157
245 211
246 101
246 34
246 32
247 79
247 0
247 145
248 35
248 191
248 161
249 218
249 6
249 33
250 0
250 128
250 160
251 229
251 0
251 7
252 6
252 131
252 195
253 0
253 19
253 5
254 148
254 164
254 0
255 19
255 32
255 132
256 179
256 16
256 113
257 21
257 132
257 208
258 141
258 1
258 3
259 39
259 59
259 167
260 228
260 73
260 163
261 251
261 74
261 4
262 107
262 110
262 58
263 4
263 17
263 60
264 151
264 9
264 5
265 24
265 136
265 84
266 79
266 51
266 11
267 48
267 209
267 53
268 180
268 99
268 20
269 110
269 0
269 103
270 126
270 133
270 66
271 203
271 2
271 162
272 93
272 1
272 191
273 12
273 0
273 3
274 226
274 87
274 1
275 0
275 49
275 80
276 181
276 130
276 9
277 9
277 5
277 65
278 93
278 3
278 132
279 262
279 252
279 228
280 207
280 173
280 258
281 18
281 222
281 207
282 3
282 164
282 267
283 1
283 69
283 135
284 1
284 4
284 147
285 124
285 54
285 9
286 205
286 3
286 29
287 247
287 58
287 76
288 89
288 110
288 16
289 1
289 37
289 19
290 1
290 254
290 72
291 27
291 1
291 144
292 81
292 142
292 112
293 53
293 15
293 65
294 134
294 230
294 128
295 111
295 183
295 48
296 209
296 22
296 2
297 89
297 105
297 34
298 66
298 255
298 62
299 17
299 5
299 183
300 34
300 16
300 25
301 159
301 92
301 2
302 4
302 219
302 29
303 1
303 83
303 106
304 9
304 163
304 1
305 132
305 218
305 269
306 284
306 80
306 21
307 231
307 0
307 29
308 160
308 9
308 8
309 42
309 295
309 60
310 56
310 1
310 265
311 47
311 63
311 74
312 53
312 173
312 0
313 98
313 13
313 219
314 158
314 128
314 17
315 229
315 35
315 133
316 180
316 1
316 93
317 16
317 87
317 57
318 89
318 96
318 99
319 47
319 234
319 5
320 158
320 17
320 53
321 27
321 7
321 4
322 1
322 293
322 12
323 210
323 35
323 101
324 1
324 28
324 69
325 217
325 92
325 186
326 81
326 65
326 141
327 8
327 137
327 152
328 1
328 140
328 74
329 118
329 219
329 5
330 132
330 31
330 146
331 166
331 35
331 103
332 177
332 1
332 181
333 107
333 29
333 295
334 5
334 3
334 1
335 149
335 143
335 59
336 74
336 67
336 88
337 3
337 75
337 195
338 19
338 65
338 214
339 324
339 4
339 1
340 199
340 50
340 45
341 0
341 1
341 49
342 50
342 39
342 58
343 9
343 298
343 10
344 151
344 132
344 5
345 7
345 203
345 18
346 7
346 62
346 1
347 2
347 253
347 0
348 158
348 73
348 113
349 6
349 30
349 85
350 161
350 263
350 0
351 119
351 189
351 0
352 312
352 2
352 167
353 56
353 117
353 139
354 28
354 292
354 203
355 1
355 159
355 52
356 244
356 1
356 158
357 63
357 134
357 345
358 62
358 25
358 129
359 160
359 244
359 0
360 354
360 1
360 155
361 351
361 1
361 360
362 108
362 303
362 140
363 67
363 151
363 362
364 216
364 1
364 8
365 301
365 1
365 227
366 2
366 36
366 23
367 17
367 20
367 5
368 79
368 26
368 10
369 9
369 115
369 31
370 313
370 319
370 18
371 8
371 88
371 289
372 11
372 2
372 279
373 83
373 29
373 359
374 24
374 317
374 76
375 58
375 72
375 18
376 1
376 347
376 132
377 10
377 0
377 37
378 150
378 6
378 89
379 0
379 1
379 5
380 79
380 132
380 161
381 305
381 79
381 265
382 76
382 126
382 304
383 147
383 21
383 4
384 170
384 272
384 35
385 10
385 2
385 3
386 303
386 28
386 180
387 316
387 1
387 36
388 298
388 154
388 252
389 325
389 8
389 10
390 11
390 5
390 144
391 189
391 14
391 30
392 27
392 13
392 110
393 16
393 28
393 3
394 105
394 350
394 200
395 222
395 160
395 35
396 127
396 48
396 45
397 212
397 165
397 48
398 335
398 170
398 74
399 229
399 219
399 206
400 17
400 165
400 326
401 1
401 4
401 16
402 184
402 2
402 104
403 29
403 218
403 155
404 343
404 96
404 66
405 264
405 42
405 6
406 132
406 4
406 0
407 1
407 64
407 63
408 29
408 91
408 284
409 19
409 361
409 22
410 124
410 254
410 303
411 8
411 231
411 361
412 46
412 149
412 74
413 179
413 0
413 1
414 219
414 230
414 201
415 25
415 1
415 0
416 55
416 89
416 60
417 101
417 1
417 203
418 7
418 65
418 101
419 79
419 289
419 16
420 33
420 362
420 236
421 248
421 0
421 199
422 384
422 413
422 103
423 0
423 25
423 101
424 22
424 2
424 14
425 91
425 62
425 34
426 2
426 302
426 11
427 58
427 90
427 253
428 65
428 113
428 5
429 52
429 164
429 254
430 78
430 297
430 1
431 56
431 355
431 303
432 21
432 0
432 116
433 400
433 92
433 319
434 72
434 37
434 11
435 29
435 365
435 114
436 408
436 111
436 52
437 155
437 3
437 106
438 34
438 27
438 11
439 74
439 44
439 60
440 387
440 8
440 100
441 5
441 54
441 6
442 212
442 359
442 45
443 402
443 1
443 9
444 237
444 0
444 154
445 44
445 84
445 18
446 379
446 66
446 1
447 273
447 23
447 16
448 154
448 1
448 88
449 22
449 58
449 342
450 213
450 59
450 0
451 76
451 93
451 73
452 7
452 29
452 397
453 381
453 58
453 75
454 124
454 380
454 213
455 46
455 11
455 339
456 35
456 359
456 307
457 164
457 165
457 207
458 108
458 159
458 105
459 112
459 180
459 4
460 107
460 104
460 89
461 24
461 25
461 12
462 129
462 192
462 2
463 9
463 323
463 143
464 332
464 19
464 7
465 42
465 44
465 133
466 465
466 303
466 24
467 151
467 156
467 181
468 69
468 5
468 34
469 93
469 240
469 20
470 159
470 166
470 165
471 206
471 234
471 9
472 129
472 46
472 293
473 356
473 69
473 357
474 220
474 12
474 358
475 151
475 238
475 45
476 306
476 55
476 173
477 186
477 20
477 215
478 383
478 55
478 66
479 465
479 79
479 339
480 326
480 190
480 41
481 293
481 31
481 131
482 4
482 9
482 7
483 137
483 70
483 151
484 69
484 17
484 265
485 151
485 17
485 326
486 53
486 180
486 123
487 230
487 471
487 55
488 12
488 182
488 115
489 474
489 118
489 47
490 446
490 112
490 289
491 311
491 20
491 10
492 129
492 431
492 481
493 16
493 373
493 296
494 383
494 182
494 95
495 478
495 118
495 443
496 86
496 8
496 362
497 11
497 1
497 177
498 0
498 21
498 1
499 203
499 208
499 258
