0 1
1 0
2 0
2 1
3 0
3 1
3 2
4 0
4 1
4 3
5 1
5 0
5 2
6 4
6 3
6 2
7 0
7 3
7 1
8 5
8 1
8 3
9 7
9 1
9 2
10 6
10 0
10 1
11 5
11 6
11 0
12 2
12 5
12 0
13 1
13 5
13 8
14 3
14 11
14 10
15 1
15 0
15 4
16 0
16 3
16 13
17 1
17 6
17 15
18 7
18 1
18 0
19 11
19 6
19 5
20 16
20 3
20 5
21 1
21 14
21 13
22 14
22 0
22 1
23 8
23 4
23 6
24 6
24 5
24 18
25 6
25 13
25 19
26 3
26 4
26 2
27 7
27 9
27 15
28 18
28 8
28 6
29 6
29 11
29 0
30 12
30 18
30 1
31 0
31 9
31 7
32 17
32 16
32 6
33 22
33 27
33 29
34 22
34 15
34 4
35 0
35 7
35 28
36 35
36 9
36 34
37 22
37 0
37 11
38 1
38 0
38 16
39 12
39 28
39 0
40 3
40 5
40 37
41 35
41 0
41 18
42 41
42 6
42 38
43 3
43 1
43 41
44 41
44 36
44 2
45 41
45 33
45 29
46 7
46 20
46 6
47 37
47 4
47 5
48 1
48 34
48 16
49 44
49 41
49 1
50 22
50 1
50 24
51 6
51 35
51 7
52 48
52 37
52 17
53 28
53 47
53 36
54 6
54 0
54 53
55 36
55 22
55 38
56 35
56 47
56 11
57 33
57 3
57 18
58 22
58 7
58 37
59 0
59 38
59 6
60 6
60 35
60 3
61 1
61 0
61 40
62 35
62 18
62 7
63 3
63 27
63 4
64 4
64 18
64 10
65 26
65 42
65 5
66 22
66 37
66 39
67 3
67 56
67 55
68 18
68 65
68 46
69 38
69 40
69 36
70 26
70 3
70 62
71 7
71 16
71 22
72 0
72 67
72 7
73 41
73 20
73 22
74 65
74 45
74 40
75 23
75 53
75 20
76 41
76 6
76 58
77 36
77 33
77 26
78 65
78 35
78 25
79 0
79 74
79 64
80 6
80 60
80 74
81 3
81 0
81 2
82 38
82 74
82 37
83 52
83 1
83 42
84 53
84 0
84 13
85 0
85 11
85 5
86 2
86 1
86 32
87 12
87 51
87 60
88 73
88 22
88 1
89 16
89 2
89 23
90 23
90 52
90 22
91 58
91 31
91 16
92 2
92 7
92 88
93 0
93 4
93 53
94 1
94 62
94 12
95 74
95 83
95 23
96 40
96 41
96 37
97 9
97 37
97 29
98 29
98 4
98 47
99 0
99 90
99 16
