0 1
1 0
2 1
2 0
3 2
3 0
3 1
4 0
4 2
4 3
5 4
5 2
5 1
6 0
6 2
6 1
7 0
7 3
7 6
8 1
8 6
8 7
9 0
9 4
9 2
10 2
10 1
10 6
11 3
11 1
11 2
12 2
12 6
12 1
13 3
13 2
13 9
14 13
14 2
14 1
15 1
15 0
15 13
16 2
16 11
16 0
17 14
17 16
17 1
18 13
18 2
18 16
19 0
19 2
19 15
20 6
20 2
20 3
21 1
21 13
21 18
22 6
22 2
22 1
23 2
23 3
23 13
24 9
24 1
24 0
25 2
25 1
25 8
26 1
26 2
26 0
27 9
27 4
27 3
28 13
28 14
28 1
29 7
29 2
29 9
30 17
30 27
30 3
31 9
31 18
31 6
32 22
32 14
32 12
33 0
33 20
33 2
34 4
34 27
34 18
35 17
35 29
35 22
36 26
36 1
36 24
37 13
37 6
37 25
38 27
38 16
38 13
39 2
39 34
39 0
40 19
40 32
40 13
41 27
41 32
41 13
42 1
42 27
42 28
43 36
43 2
43 33
44 13
44 17
44 0
45 2
45 13
45 37
46 3
46 10
46 40
47 13
47 8
47 10
48 17
48 5
48 16
49 9
49 48
49 1
