0 1
1 0
2 0
2 1
3 1
3 0
3 2
4 2
4 0
4 3
5 0
5 4
5 2
6 4
6 1
6 0
7 0
7 4
7 1
8 0
8 2
8 4
9 4
9 2
9 6
10 1
10 0
10 2
11 5
11 4
11 7
12 2
12 0
12 9
13 0
13 7
13 9
14 1
14 0
14 2
15 1
15 13
15 8
16 0
16 12
16 10
17 12
17 11
17 1
18 0
18 14
18 13
19 11
19 5
19 7
20 0
20 1
20 12
21 0
21 11
21 1
22 3
22 7
22 11
23 17
23 11
23 1
24 6
24 2
24 22
25 13
25 3
25 11
26 10
26 7
26 12
27 10
27 13
27 7
28 1
28 10
28 15
29 5
29 2
29 0
30 11
30 13
30 27
31 26
31 10
31 7
32 2
32 9
32 7
33 5
33 14
33 0
34 2
34 1
34 29
35 0
35 2
35 17
36 17
36 11
36 8
37 9
37 1
37 0
38 1
38 27
38 2
39 7
39 2
39 30
40 1
40 2
40 36
41 14
41 10
41 29
42 5
42 0
42 9
43 26
43 24
43 25
44 37
44 2
44 30
45 36
45 27
45 11
46 37
46 2
46 20
47 14
47 13
47 7
48 34
48 36
48 2
49 37
49 17
49 43
50 4
50 1
50 27
51 0
51 11
51 7
52 46
52 23
52 34
53 0
53 11
53 37
54 1
54 0
54 27
55 2
55 28
55 7
56 26
56 34
56 54
57 37
57 7
57 22
58 13
58 0
58 4
59 32
59 58
59 14
60 2
60 27
60 3
61 25
61 2
61 11
62 0
62 27
62 12
63 1
63 42
63 2
64 38
64 30
64 28
65 61
65 7
65 28
66 24
66 11
66 5
67 11
67 30
67 10
68 25
68 17
68 2
69 1
69 32
69 10
70 27
70 2
70 10
71 26
71 2
71 27
72 1
72 25
72 63
73 4
73 24
73 21
74 71
74 13
74 14
75 30
75 2
75 7
76 16
76 22
76 24
77 69
77 61
77 7
78 2
78 0
78 29
79 0
79 28
79 31
80 25
80 14
80 2
81 10
81 15
81 5
82 17
82 33
82 5
83 70
83 80
83 0
84 36
84 55
84 10
85 80
85 38
85 8
86 49
86 4
86 40
87 36
87 33
87 24
88 52
88 61
88 27
89 60
89 4
89 40
90 32
90 5
90 11
91 39
91 61
91 10
92 55
92 58
92 30
93 12
93 6
93 11
94 27
94 56
94 62
95 2
95 13
95 93
96 26
96 24
96 28
97 10
97 19
97 26
98 25
98 7
98 54
99 59
99 41
99 34
