0 1
1 0
2 1
2 0
3 1
3 0
3 2
4 0
4 1
4 3
5 2
5 0
5 1
6 0
6 1
6 5
7 0
7 4
7 5
8 0
8 1
8 2
9 1
9 5
9 2
10 2
10 5
10 1
11 4
11 0
11 6
12 0
12 11
12 10
13 6
13 12
13 9
14 2
14 11
14 7
15 5
15 2
15 1
16 11
16 10
16 4
17 1
17 2
17 16
18 1
18 11
18 2
19 10
19 7
19 9
20 12
20 7
20 5
21 19
21 1
21 3
22 2
22 20
22 4
23 3
23 7
23 11
24 12
24 2
24 13
25 7
25 17
25 2
26 17
26 12
26 16
27 2
27 11
27 8
28 9
28 3
28 0
29 13
29 11
29 1
30 3
30 13
30 17
31 11
31 0
31 16
32 10
32 2
32 30
33 19
33 3
33 1
34 12
34 9
34 3
35 6
35 2
35 12
36 16
36 4
36 18
37 3
37 2
37 6
38 10
38 1
38 0
39 27
39 12
39 10
40 3
40 31
40 20
41 4
41 9
41 1
42 30
42 23
42 1
43 1
43 16
43 7
44 4
44 1
44 17
45 16
45 7
45 5
46 33
46 20
46 25
47 2
47 19
47 3
48 2
48 1
48 42
49 18
49 4
49 38
50 43
50 44
50 28
51 41
51 1
51 7
52 22
52 5
52 16
53 9
53 7
53 10
54 16
54 11
54 30
55 0
55 16
55 14
56 33
56 1
56 35
57 12
57 0
57 32
58 29
58 3
58 28
59 1
59 26
59 34
60 0
60 3
60 44
61 20
61 55
61 24
62 44
62 16
62 48
63 5
63 44
63 7
64 10
64 1
64 42
65 11
65 43
65 0
66 45
66 16
66 27
67 5
67 0
67 2
68 5
68 1
68 0
69 52
69 11
69 4
70 25
70 2
70 17
71 18
71 51
71 16
72 16
72 11
72 33
73 46
73 1
73 43
74 18
74 49
74 59
75 0
75 73
75 30
76 0
76 1
76 12
77 6
77 0
77 37
78 32
78 5
78 3
79 66
79 5
79 10
80 66
80 71
80 22
81 12
81 17
81 27
82 75
82 13
82 57
83 56
83 12
83 44
84 8
84 27
84 25
85 30
85 0
85 61
86 2
86 36
86 11
87 27
87 2
87 51
88 16
88 3
88 5
89 48
89 71
89 59
90 1
90 82
90 81
91 6
91 16
91 0
92 7
92 53
92 79
93 1
93 89
93 17
94 16
94 5
94 61
95 38
95 9
95 3
96 9
96 95
96 89
97 5
97 56
97 76
98 17
98 12
98 0
99 80
99 48
99 22
100 43
100 56
100 1
101 27
101 16
101 6
102 29
102 1
102 10
103 83
103 84
103 0
104 24
104 19
104 95
105 56
105 25
105 57
106 63
106 16
106 73
107 66
107 71
107 12
108 93
108 106
108 1
109 3
109 11
109 56
110 55
110 5
110 76
111 3
111 25
111 64
112 48
112 58
112 72
113 46
113 6
113 100
114 59
114 58
114 74
115 19
115 0
115 23
116 23
116 25
116 43
117 28
117 33
117 30
118 3
118 17
118 43
119 116
119 84
119 27
120 48
120 89
120 14
121 46
121 53
121 80
122 32
122 11
122 67
123 43
123 2
123 57
124 37
124 43
124 2
125 122
125 19
125 1
126 25
126 13
126 10
127 71
127 0
127 25
128 1
128 25
128 42
129 56
129 1
129 0
130 74
130 9
130 5
131 17
131 118
131 25
132 82
132 17
132 118
133 54
133 88
133 1
134 46
134 63
134 118
135 35
135 103
135 132
136 16
136 119
136 43
137 6
137 10
137 13
138 12
138 134
138 41
139 44
139 25
139 77
140 68
140 133
140 37
141 34
141 29
141 83
142 70
142 18
142 122
143 132
143 36
143 55
144 25
144 60
144 9
145 9
145 122
145 7
146 28
146 4
146 144
147 0
147 41
147 74
148 0
148 22
148 88
149 111
149 104
149 118
150 107
150 16
150 42
151 57
151 19
151 1
152 12
152 45
152 132
153 61
153 5
153 3
154 16
154 0
154 74
155 56
155 82
155 39
156 91
156 3
156 1
157 30
157 6
157 77
158 74
158 140
158 37
159 34
159 2
159 10
160 63
160 44
160 0
161 128
161 34
161 1
162 93
162 33
162 131
163 128
163 22
163 3
164 13
164 140
164 79
165 92
165 108
165 10
166 137
166 41
166 127
167 2
167 58
167 52
168 1
168 11
168 8
169 76
169 110
169 14
170 1
170 74
170 152
171 9
171 17
171 48
172 2
172 146
172 36
173 4
173 2
173 7
174 12
174 14
174 131
175 118
175 4
175 83
176 109
176 11
176 56
177 99
177 4
177 52
178 115
178 63
178 7
179 20
179 102
179 27
180 92
180 11
180 34
181 74
181 22
181 15
182 6
182 12
182 24
183 20
183 102
183 12
184 92
184 61
184 9
185 2
185 55
185 48
186 110
186 28
186 5
187 119
187 30
187 12
188 1
188 66
188 56
189 18
189 160
189 1
190 176
190 55
190 21
191 88
191 56
191 12
192 5
192 34
192 1
193 11
193 0
193 60
194 52
194 24
194 45
195 153
195 21
195 31
196 102
196 176
196 70
197 67
197 149
197 42
198 0
198 7
198 82
199 66
199 77
199 183
200 25
200 72
200 0
201 126
201 116
201 1
202 133
202 0
202 2
203 31
203 12
203 60
204 171
204 202
204 16
205 83
205 5
205 19
206 29
206 134
206 2
207 110
207 106
207 23
208 0
208 176
208 5
209 118
209 42
209 175
210 84
210 1
210 36
211 106
211 16
211 37
212 110
212 3
212 161
213 200
213 108
213 193
214 28
214 29
214 11
215 63
215 42
215 44
216 215
216 26
216 201
217 178
217 139
217 122
218 74
218 215
218 167
219 56
219 0
219 47
220 2
220 74
220 137
221 146
221 3
221 4
222 34
222 7
222 144
223 30
223 216
223 61
224 215
224 30
224 2
225 49
225 128
225 133
226 2
226 135
226 22
227 126
227 188
227 0
228 131
228 101
228 136
229 3
229 21
229 6
230 42
230 0
230 30
231 66
231 63
231 135
232 226
232 65
232 12
233 122
233 131
233 71
234 48
234 0
234 62
235 8
235 0
235 16
236 1
236 66
236 193
237 158
237 99
237 212
238 153
238 147
238 137
239 34
239 71
239 118
240 36
240 77
240 163
241 192
241 25
241 86
242 234
242 103
242 1
243 2
243 7
243 148
244 71
244 28
244 8
245 1
245 9
245 74
246 60
246 174
246 80
247 74
247 42
247 0
248 153
248 43
248 2
249 41
249 43
249 202
250 10
250 215
250 81
251 144
251 27
251 1
252 126
252 144
252 110
253 11
253 156
253 151
254 146
254 29
254 61
255 59
255 69
255 10
256 63
256 1
256 16
257 151
257 73
257 120
258 87
258 48
258 70
259 1
259 149
259 2
260 247
260 143
260 30
261 50
261 11
261 24
262 170
262 27
262 46
263 111
263 11
263 43
264 10
264 72
264 112
265 3
265 229
265 149
266 138
266 0
266 63
267 242
267 174
267 3
268 41
268 147
268 59
269 218
269 261
269 25
270 45
270 126
270 1
271 162
271 3
271 108
272 251
272 43
272 204
273 232
273 75
273 208
274 5
274 196
274 177
275 193
275 238
275 274
276 92
276 30
276 44
277 4
277 113
277 106
278 111
278 3
278 36
279 0
279 153
279 84
280 239
280 178
280 221
281 1
281 235
281 170
282 35
282 218
282 47
283 212
283 218
283 4
284 179
284 55
284 109
285 72
285 219
285 59
286 4
286 16
286 10
287 3
287 77
287 25
288 19
288 203
288 2
289 53
289 138
289 28
290 189
290 5
290 66
291 17
291 2
291 88
292 5
292 28
292 60
293 170
293 4
293 75
294 56
294 0
294 14
295 156
295 3
295 4
296 2
296 278
296 45
297 79
297 138
297 13
298 41
298 47
298 52
299 222
299 298
299 11
300 3
300 176
300 24
301 54
301 14
301 115
302 17
302 83
302 59
303 3
303 162
303 67
304 47
304 262
304 117
305 29
305 77
305 83
306 132
306 45
306 5
307 156
307 41
307 118
308 7
308 284
308 94
309 4
309 267
309 31
310 5
310 12
310 2
311 89
311 74
311 96
312 193
312 151
312 146
313 19
313 213
313 120
314 33
314 210
314 1
315 134
315 0
315 294
316 225
316 10
316 2
317 132
317 7
317 134
318 1
318 48
318 274
319 3
319 176
319 12
320 239
320 24
320 102
321 261
321 189
321 248
322 197
322 255
322 210
323 2
323 0
323 46
324 54
324 9
324 43
325 118
325 285
325 7
326 105
326 168
326 2
327 71
327 89
327 83
328 128
328 98
328 92
329 299
329 84
329 7
330 2
330 97
330 256
331 71
331 110
331 135
332 12
332 42
332 3
333 248
333 4
333 1
334 212
334 2
334 227
335 37
335 161
335 57
336 214
336 33
336 181
337 17
337 3
337 45
338 163
338 7
338 28
339 87
339 2
339 0
340 21
340 30
340 317
341 48
341 47
341 25
342 45
342 2
342 113
343 270
343 263
343 33
344 41
344 191
344 154
345 11
345 1
345 152
346 129
346 2
346 17
347 12
347 271
347 217
348 306
348 155
348 56
349 273
349 53
349 17
350 133
350 272
350 140
351 217
351 176
351 70
352 154
352 80
352 207
353 5
353 56
353 312
354 79
354 325
354 70
355 1
355 36
355 12
356 1
356 308
356 122
357 226
357 57
357 176
358 300
358 130
358 17
359 42
359 28
359 118
360 225
360 319
360 68
361 151
361 6
361 0
362 52
362 288
362 281
363 170
363 122
363 56
364 337
364 17
364 55
365 211
365 12
365 190
366 98
366 21
366 83
367 23
367 121
367 109
368 97
368 41
368 165
369 10
369 1
369 11
370 248
370 300
370 0
371 347
371 293
371 120
372 344
372 100
372 317
373 1
373 260
373 366
374 98
374 248
374 325
375 34
375 266
375 244
376 125
376 139
376 7
377 7
377 370
377 71
378 6
378 201
378 155
379 70
379 60
379 286
380 156
380 254
380 126
381 76
381 3
381 61
382 219
382 43
382 5
383 0
383 306
383 170
384 325
384 24
384 112
385 6
385 52
385 219
386 217
386 310
386 59
387 28
387 282
387 106
388 28
388 166
388 348
389 184
389 126
389 77
390 166
390 56
390 27
391 100
391 39
391 296
392 128
392 359
392 53
393 12
393 306
393 7
394 74
394 118
394 213
395 7
395 4
395 110
396 65
396 29
396 340
397 80
397 51
397 45
398 11
398 1
398 55
399 27
399 11
399 234
400 48
400 90
400 340
401 360
401 291
401 30
402 223
402 181
402 70
403 219
403 22
403 1
404 278
404 1
404 56
405 104
405 122
405 112
406 3
406 142
406 46
407 0
407 51
407 385
408 9
408 219
408 44
409 121
409 11
409 19
410 1
410 85
410 104
411 8
411 31
411 2
412 38
412 30
412 215
413 226
413 6
413 97
414 282
414 305
414 130
415 383
415 29
415 38
416 7
416 38
416 339
417 22
417 17
417 176
418 235
418 31
418 63
419 170
419 30
419 1
420 79
420 2
420 43
421 7
421 20
421 328
422 225
422 181
422 144
423 3
423 0
423 52
424 290
424 282
424 2
425 250
425 171
425 68
426 127
426 5
426 137
427 247
427 7
427 3
428 8
428 82
428 12
429 204
429 7
429 360
430 117
430 214
430 2
431 161
431 146
431 147
432 247
432 71
432 8
433 106
433 226
433 179
434 104
434 61
434 1
435 400
435 225
435 152
436 37
436 18
436 385
437 269
437 0
437 165
438 16
438 370
438 365
439 231
439 279
439 0
440 2
440 57
440 74
441 2
441 276
441 48
442 128
442 50
442 300
443 197
443 429
443 279
444 0
444 144
444 90
445 62
445 252
445 310
446 16
446 444
446 92
447 77
447 28
447 152
448 12
448 154
448 43
449 2
449 47
449 304
450 240
450 167
450 33
451 32
451 386
451 302
452 254
452 34
452 446
453 68
453 248
453 82
454 0
454 6
454 305
455 184
455 218
455 347
456 447
456 7
456 402
457 22
457 382
457 56
458 191
458 25
458 457
459 128
459 21
459 191
460 36
460 321
460 226
461 48
461 458
461 4
462 410
462 280
462 396
463 218
463 352
463 136
464 23
464 218
464 49
465 48
465 0
465 8
466 440
466 4
466 325
467 260
467 350
467 421
468 34
468 17
468 95
469 23
469 145
469 37
470 166
470 14
470 189
471 42
471 36
471 316
472 163
472 3
472 195
473 46
473 282
473 252
474 19
474 88
474 444
475 230
475 51
475 372
476 17
476 0
476 11
477 429
477 230
477 51
478 80
478 10
478 455
479 42
479 54
479 120
480 217
480 189
480 118
481 192
481 239
481 9
482 159
482 5
482 195
483 45
483 2
483 203
484 30
484 25
484 92
485 63
485 47
485 290
486 13
486 234
486 282
487 317
487 93
487 19
488 248
488 74
488 235
489 466
489 268
489 42
490 210
490 248
490 175
491 118
491 289
491 10
492 462
492 31
492 45
493 0
493 3
493 50
494 394
494 412
494 458
495 148
495 69
495 82
496 63
496 16
496 10
497 248
497 274
497 293
498 409
498 7
498 366
499 118
499 4
499 22
500 71
500 218
500 162
501 7
501 296
501 44
502 197
502 8
502 30
503 332
503 241
503 219
504 498
504 392
504 48
505 19
505 189
505 265
506 219
506 265
506 1
507 43
507 345
507 7
508 329
508 74
508 227
509 2
509 116
509 56
510 396
510 476
510 25
511 80
511 403
511 451
512 479
512 10
512 307
513 170
513 223
513 310
514 343
514 130
514 102
515 35
515 218
515 91
516 115
516 132
516 1
517 193
517 34
517 282
518 262
518 156
518 20
519 94
519 71
519 435
520 196
520 60
520 512
521 406
521 360
521 310
522 7
522 19
522 454
523 13
523 70
523 12
524 457
524 221
524 82
525 305
525 354
525 177
526 75
526 1
526 37
527 110
527 57
527 196
528 500
528 385
528 8
529 0
529 201
529 495
530 467
530 506
530 44
531 300
531 441
531 352
532 66
532 25
532 0
533 470
533 11
533 35
534 11
534 192
534 217
535 207
535 453
535 74
536 377
536 371
536 248
537 96
537 249
537 16
538 175
538 186
538 269
539 326
539 16
539 523
540 71
540 2
540 3
541 103
541 111
541 37
542 177
542 3
542 302
543 528
543 5
543 223
544 117
544 36
544 250
545 289
545 71
545 500
546 316
546 440
546 74
547 182
547 9
547 2
548 287
548 123
548 20
549 76
549 83
549 205
550 469
550 525
550 364
551 31
551 504
551 441
552 207
552 144
552 486
553 239
553 26
553 11
554 1
554 365
554 5
555 290
555 121
555 106
556 485
556 161
556 360
557 118
557 325
557 0
558 441
558 6
558 23
559 404
559 3
559 281
560 142
560 165
560 80
561 285
561 199
561 4
562 52
562 42
562 12
563 7
563 6
563 327
564 131
564 2
564 19
565 491
565 540
565 13
566 562
566 346
566 224
567 314
567 267
567 166
568 232
568 366
568 177
569 29
569 18
569 2
570 64
570 340
570 233
571 99
571 457
571 3
572 552
572 481
572 11
573 247
573 47
573 7
574 49
574 182
574 82
575 176
575 25
575 128
576 170
576 6
576 225
577 218
577 243
577 241
578 245
578 16
578 249
579 144
579 163
579 5
580 202
580 382
580 281
581 457
581 279
581 394
582 4
582 89
582 126
583 221
583 380
583 356
584 322
584 269
584 1
585 109
585 54
585 53
586 57
586 355
586 320
587 193
587 166
587 230
588 356
588 36
588 137
589 23
589 42
589 77
590 70
590 314
590 47
591 73
591 434
591 3
592 0
592 1
592 2
593 16
593 382
593 10
594 13
594 165
594 22
595 204
595 248
595 33
596 164
596 169
596 441
597 360
597 459
597 3
598 4
598 287
598 575
599 272
599 465
599 169
600 65
600 9
600 3
601 595
601 70
601 16
602 11
602 165
602 334
603 518
603 300
603 16
604 201
604 72
604 359
605 119
605 434
605 281
606 241
606 56
606 98
607 282
607 31
607 21
608 170
608 23
608 119
609 356
609 94
609 14
610 417
610 340
610 138
611 234
611 181
611 0
612 71
612 573
612 195
613 362
613 302
613 342
614 387
614 158
614 67
615 224
615 30
615 0
616 27
616 55
616 465
617 148
617 128
617 127
618 30
618 17
618 3
619 69
619 572
619 570
620 144
620 187
620 552
621 234
621 308
621 129
622 268
622 179
622 25
623 9
623 388
623 3
624 29
624 11
624 402
625 240
625 241
625 3
626 295
626 269
626 230
627 598
627 3
627 64
628 133
628 27
628 68
629 16
629 14
629 217
630 344
630 131
630 2
631 404
631 539
631 2
632 48
632 110
632 252
633 17
633 0
633 57
634 454
634 84
634 14
635 526
635 308
635 95
636 33
636 289
636 0
637 249
637 571
637 503
638 123
638 350
638 284
639 421
639 167
639 156
640 16
640 13
640 77
641 216
641 2
641 3
642 404
642 373
642 240
643 33
643 1
643 85
644 2
644 603
644 376
645 71
645 367
645 34
646 16
646 46
646 327
647 356
647 56
647 325
648 453
648 5
648 35
649 219
649 41
649 26
650 0
650 2
650 620
651 30
651 219
651 15
652 177
652 11
652 150
653 402
653 22
653 358
654 291
654 0
654 556
655 71
655 404
655 1
656 1
656 89
656 86
657 31
657 192
657 452
658 548
658 622
658 342
659 534
659 5
659 7
660 265
660 577
660 356
661 39
661 280
661 328
662 195
662 1
662 10
663 12
663 5
663 100
664 89
664 388
664 354
665 44
665 164
665 0
666 427
666 123
666 17
667 339
667 1
667 63
668 293
668 109
668 36
669 391
669 0
669 356
670 115
670 86
670 376
671 12
671 649
671 356
672 4
672 142
672 112
673 656
673 192
673 299
674 57
674 146
674 306
675 411
675 192
675 45
676 577
676 265
676 164
677 80
677 127
677 61
678 404
678 0
678 617
679 17
679 83
679 153
680 356
680 270
680 6
681 457
681 154
681 128
682 43
682 102
682 344
683 248
683 82
683 623
684 156
684 379
684 25
685 216
685 11
685 101
686 500
686 506
686 41
687 362
687 2
687 300
688 680
688 49
688 43
689 397
689 116
689 178
690 1
690 48
690 59
691 348
691 17
691 424
692 678
692 5
692 192
693 85
693 3
693 578
694 1
694 2
694 262
695 269
695 360
695 249
696 77
696 56
696 1
697 16
697 532
697 140
698 492
698 630
698 151
699 43
699 252
699 486
700 135
700 16
700 34
701 362
701 93
701 59
702 114
702 381
702 76
703 133
703 147
703 620
704 300
704 41
704 508
705 515
705 156
705 0
706 45
706 373
706 162
707 108
707 401
707 281
708 25
708 221
708 481
709 2
709 521
709 1
710 0
710 37
710 308
711 634
711 41
711 1
712 344
712 41
712 28
713 214
713 536
713 56
714 707
714 130
714 2
715 360
715 207
715 427
716 241
716 128
716 73
717 41
717 217
717 2
718 221
718 204
718 631
719 19
719 709
719 20
720 70
720 11
720 9
721 654
721 470
721 447
722 1
722 659
722 3
723 104
723 11
723 0
724 11
724 66
724 259
725 413
725 276
725 646
726 360
726 101
726 268
727 17
727 0
727 127
728 101
728 646
728 505
729 2
729 5
729 268
730 658
730 127
730 345
731 36
731 218
731 513
732 81
732 455
732 89
733 47
733 483
733 295
734 12
734 218
734 671
735 245
735 582
735 552
736 648
736 70
736 399
737 144
737 2
737 286
738 63
738 3
738 16
739 17
739 214
739 173
740 17
740 71
740 445
741 16
741 193
741 374
742 37
742 91
742 552
743 269
743 386
743 518
744 64
744 2
744 135
745 38
745 396
745 71
746 525
746 80
746 106
747 140
747 218
747 222
748 4
748 549
748 44
749 446
749 204
749 704
750 726
750 691
750 128
751 270
751 109
751 169
752 148
752 497
752 20
753 133
753 67
753 403
754 58
754 526
754 444
755 500
755 106
755 727
756 14
756 139
756 282
757 153
757 0
757 72
758 312
758 13
758 7
759 699
759 700
759 368
760 472
760 127
760 291
761 680
761 32
761 594
762 10
762 225
762 3
763 125
763 1
763 7
764 234
764 70
764 220
765 26
765 163
765 65
766 345
766 457
766 557
767 43
767 31
767 281
768 277
768 342
768 0
769 102
769 351
769 127
770 5
770 169
770 101
771 193
771 122
771 703
772 537
772 308
772 2
773 207
773 61
773 427
774 729
774 613
774 61
775 283
775 59
775 11
776 100
776 2
776 567
777 17
777 51
777 350
778 603
778 307
778 158
779 256
779 118
779 742
780 560
780 2
780 663
781 138
781 192
781 213
782 159
782 287
782 1
783 607
783 20
783 48
784 249
784 34
784 421
785 10
785 48
785 3
786 648
786 11
786 757
787 560
787 643
787 118
788 4
788 758
788 366
789 189
789 751
789 17
790 190
790 189
790 457
791 93
791 16
791 113
792 703
792 176
792 52
793 30
793 17
793 5
794 12
794 353
794 459
795 636
795 181
795 80
796 144
796 66
796 3
797 630
797 8
797 19
798 23
798 5
798 17
799 421
799 156
799 126
800 409
800 110
800 197
801 418
801 526
801 373
802 120
802 777
802 388
803 558
803 39
803 42
804 662
804 52
804 23
805 310
805 382
805 293
806 135
806 273
806 655
807 0
807 7
807 478
808 56
808 0
808 686
809 12
809 363
809 31
810 1
810 575
810 695
811 486
811 680
811 132
812 0
812 670
812 234
813 403
813 135
813 526
814 170
814 590
814 517
815 324
815 641
815 327
816 54
816 503
816 4
817 351
817 14
817 305
818 304
818 671
818 122
819 672
819 470
819 455
820 72
820 574
820 20
821 269
821 3
821 113
822 136
822 813
822 2
823 116
823 103
823 603
824 394
824 56
824 118
825 445
825 214
825 123
826 722
826 11
826 9
827 82
827 674
827 99
828 803
828 66
828 520
829 38
829 818
829 536
830 17
830 346
830 527
831 6
831 126
831 230
832 594
832 562
832 673
833 365
833 441
833 288
834 823
834 41
834 454
835 396
835 113
835 366
836 86
836 430
836 2
837 126
837 313
837 599
838 1
838 530
838 104
839 397
839 789
839 58
840 101
840 345
840 71
841 17
841 414
841 290
842 181
842 720
842 202
843 0
843 42
843 702
844 189
844 82
844 217
845 637
845 11
845 120
846 70
846 4
846 148
847 1
847 692
847 435
848 204
848 435
848 375
849 367
849 122
849 66
850 631
850 203
850 640
851 642
851 151
851 14
852 375
852 690
852 54
853 315
853 7
853 260
854 206
854 441
854 128
855 29
855 269
855 845
856 398
856 215
856 2
857 649
857 31
857 60
858 82
858 160
858 37
859 116
859 16
859 2
860 714
860 515
860 302
861 220
861 811
861 832
862 132
862 118
862 734
863 624
863 343
863 12
864 112
864 23
864 8
865 781
865 118
865 702
866 642
866 574
866 4
867 10
867 346
867 543
868 82
868 33
868 192
869 88
869 551
869 483
870 3
870 55
870 344
871 148
871 281
871 327
872 760
872 140
872 88
873 16
873 121
873 6
874 196
874 279
874 62
875 1
875 869
875 367
876 863
876 310
876 37
877 314
877 2
877 578
878 49
878 36
878 221
879 730
879 407
879 0
880 472
880 144
880 227
881 840
881 268
881 114
882 135
882 59
882 543
883 25
883 189
883 362
884 289
884 246
884 564
885 195
885 563
885 374
886 707
886 17
886 713
887 576
887 574
887 446
888 405
888 600
888 42
889 556
889 832
889 649
890 11
890 508
890 781
891 607
891 694
891 155
892 703
892 75
892 558
893 29
893 144
893 14
894 210
894 86
894 120
895 153
895 12
895 821
896 40
896 454
896 83
897 694
897 348
897 621
898 192
898 552
898 37
899 739
899 239
899 42
900 282
900 41
900 714
901 871
901 50
901 849
902 573
902 363
902 129
903 48
903 41
903 84
904 245
904 89
904 482
905 594
905 155
905 115
906 165
906 370
906 463
907 620
907 396
907 12
908 106
908 441
908 431
909 71
909 523
909 11
910 99
910 89
910 56
911 568
911 11
911 300
912 302
912 55
912 216
913 153
913 32
913 556
914 204
914 3
914 0
915 31
915 618
915 192
916 853
916 248
916 707
917 87
917 730
917 204
918 760
918 822
918 5
919 108
919 3
919 744
920 2
920 517
920 790
921 81
921 16
921 155
922 918
922 23
922 35
923 537
923 595
923 148
924 176
924 865
924 48
925 272
925 170
925 645
926 49
926 760
926 48
927 32
927 16
927 442
928 537
928 554
928 39
929 595
929 564
929 411
930 187
930 893
930 362
931 13
931 836
931 404
932 586
932 665
932 554
933 25
933 42
933 344
934 308
934 47
934 317
935 356
935 861
935 686
936 3
936 10
936 418
937 456
937 764
937 104
938 1
938 12
938 80
939 5
939 525
939 217
940 140
940 442
940 537
941 75
941 665
941 245
942 779
942 196
942 246
943 869
943 66
943 757
944 3
944 399
944 800
945 312
945 18
945 6
946 2
946 344
946 825
947 20
947 44
947 289
948 89
948 12
948 2
949 286
949 904
949 684
950 588
950 2
950 48
951 699
951 712
951 80
952 896
952 383
952 138
953 44
953 111
953 56
954 231
954 276
954 161
955 632
955 142
955 775
956 16
956 92
956 757
957 843
957 3
957 5
958 681
958 715
958 649
959 647
959 122
959 645
960 439
960 138
960 589
961 155
961 270
961 0
962 86
962 377
962 315
963 640
963 513
963 133
964 89
964 32
964 19
965 29
965 243
965 136
966 59
966 622
966 66
967 52
967 45
967 11
968 25
968 671
968 64
969 509
969 217
969 193
970 109
970 289
970 11
971 610
971 617
971 23
972 120
972 83
972 4
973 160
973 166
973 19
974 216
974 11
974 93
975 913
975 128
975 126
976 218
976 777
976 663
977 18
977 905
977 607
978 184
978 228
978 372
979 100
979 849
979 20
980 102
980 137
980 923
981 185
981 465
981 8
982 138
982 36
982 128
983 374
983 931
983 346
984 5
984 8
984 752
985 87
985 219
985 703
986 730
986 881
986 345
987 9
987 148
987 2
988 52
988 132
988 574
989 19
989 776
989 71
990 278
990 51
990 508
991 965
991 359
991 356
992 176
992 125
992 52
993 181
993 681
993 2
994 642
994 818
994 980
995 268
995 27
995 102
996 774
996 0
996 42
997 400
997 414
997 587
998 101
998 83
998 48
999 500
999 21
999 4
