0 1
1 0
2 1
2 0
3 0
3 1
3 2
4 3
4 1
4 0
5 4
5 2
5 0
6 3
6 2
6 4
7 1
7 0
7 5
8 7
8 6
8 1
9 3
9 5
9 1
10 1
10 5
10 2
11 6
11 4
11 0
12 1
12 4
12 11
13 5
13 7
13 4
14 1
14 3
14 5
15 12
15 5
15 3
16 3
16 1
16 2
17 8
17 16
17 1
18 11
18 3
18 4
19 1
19 17
19 3
20 11
20 1
20 3
21 5
21 1
21 12
22 21
22 1
22 5
23 17
23 2
23 3
24 3
24 20
24 18
25 12
25 1
25 3
26 4
26 3
26 2
27 4
27 24
27 5
28 17
28 1
28 3
29 1
29 16
29 3
30 4
30 0
30 5
31 2
31 11
31 9
32 7
32 17
32 0
33 0
33 2
33 17
34 4
34 2
34 0
35 33
35 17
35 4
36 1
36 5
36 13
37 17
37 1
37 27
38 4
38 23
38 18
39 24
39 15
39 26
40 2
40 4
40 3
41 17
41 4
41 28
42 32
42 1
42 22
43 34
43 3
43 29
44 5
44 0
44 15
45 33
45 4
45 15
46 3
46 40
46 4
47 7
47 31
47 45
48 25
48 0
48 32
49 20
49 17
49 29
