1 0
2 0
2 1
3 0
3 1
3 2
4 3
4 0
4 1
5 1
5 4
5 2
6 2
6 5
6 3
7 5
7 1
7 3
8 2
8 0
8 5
9 0
9 1
9 4
10 2
10 1
10 3
11 9
11 5
11 2
12 5
12 2
12 0
13 5
13 10
13 7
14 9
14 2
14 4
15 2
15 5
15 8
16 15
16 0
16 11
17 4
17 2
17 0
18 5
18 0
18 9
19 17
19 1
19 0
20 8
20 19
20 0
21 16
21 18
21 2
22 12
22 11
22 0
23 13
23 9
23 15
24 5
24 15
24 10
25 13
25 20
25 7
26 6
26 5
26 14
27 22
27 10
27 2
28 2
28 5
28 9
29 26
29 2
29 3
30 3
30 1
30 0
31 8
31 25
31 26
32 18
32 5
32 16
33 26
33 20
33 5
34 2
34 19
34 28
35 7
35 8
35 14
36 4
36 11
36 1
37 2
37 22
37 8
38 3
38 2
38 4
39 16
39 29
39 12
40 2
40 23
40 31
41 33
41 34
41 8
42 11
42 16
42 8
43 2
43 1
43 18
44 8
44 13
44 27
45 26
45 2
45 27
46 4
46 43
46 15
47 7
47 13
47 10
48 43
48 11
48 8
49 1
49 8
49 11
