0 1
0 2
0 3
0 4
0 5
0 6
0 13
0 16
0 21
0 23
0 31
1 0
1 2
1 3
1 4
1 7
1 9
1 14
1 25
1 29
1 36
1 41
2 1
2 0
2 3
2 4
2 5
2 8
2 9
2 12
2 16
2 17
2 20
3 0
3 1
3 2
3 6
3 7
3 8
3 11
3 12
3 13
3 14
3 18
4 1
4 2
4 0
4 5
4 6
4 12
4 14
4 18
4 30
4 34
4 38
5 0
5 4
5 2
5 7
5 8
5 10
5 19
5 20
5 26
5 38
5 81
6 4
6 0
6 3
6 9
6 19
6 20
6 22
6 28
6 33
6 46
6 49
7 1
7 3
7 5
7 18
7 24
7 45
7 67
7 90
7 97
7 124
7 136
8 5
8 3
8 2
8 10
8 11
8 15
8 16
8 22
8 35
8 57
8 69
9 6
9 2
9 1
9 10
9 11
9 15
9 21
9 24
9 28
9 44
9 61
10 9
10 5
10 8
10 37
10 66
10 68
10 121
10 184
10 221
10 263
10 459
11 8
11 9
11 3
11 13
11 32
11 98
11 102
11 186
11 253
11 282
11 323
12 3
12 2
12 4
12 23
12 27
12 30
12 44
12 48
12 49
12 66
12 92
13 11
13 3
13 0
13 15
13 25
13 27
13 40
13 51
13 70
13 113
13 127
14 4
14 1
14 3
14 17
14 27
14 31
14 35
14 63
14 81
14 84
14 110
15 8
15 9
15 13
15 21
15 53
15 68
15 89
15 139
15 197
15 228
15 406
16 0
16 8
16 2
16 17
16 19
16 37
16 53
16 59
16 82
16 84
16 91
17 2
17 14
17 16
17 31
17 34
17 91
17 97
17 114
17 117
17 120
17 235
18 7
18 3
18 4
18 33
18 34
18 47
18 55
18 96
18 176
18 298
18 413
19 6
19 5
19 16
19 26
19 42
19 46
19 54
19 148
19 163
19 216
19 318
20 6
20 5
20 2
20 28
20 162
20 193
20 259
20 332
20 493
20 779
20 999
21 0
21 9
21 15
21 22
21 41
21 100
21 133
21 152
21 280
21 405
21 574
22 8
22 21
22 6
22 29
22 43
22 55
22 65
22 79
22 88
22 108
22 146
23 12
23 2
23 0
23 87
23 350
23 975
24 7
24 2
24 9
24 32
24 40
24 204
24 328
24 570
24 614
24 668
24 750
25 3
25 1
25 13
25 65
25 123
25 248
25 253
25 322
25 863
26 5
26 2
26 19
26 33
26 74
26 84
26 177
26 403
26 925
26 985
26 993
27 14
27 13
27 12
27 45
27 58
27 66
27 92
27 103
27 118
27 210
27 262
28 9
28 20
28 6
28 29
28 39
28 42
28 447
28 598
28 742
28 748
29 1
29 22
29 28
29 42
29 56
29 61
29 165
29 188
29 240
29 306
29 460
30 3
30 12
30 4
30 59
30 119
30 130
30 140
30 243
30 246
30 318
30 342
31 14
31 0
31 17
31 45
31 52
31 54
31 59
31 73
31 85
31 93
31 138
32 24
32 11
32 0
32 50
32 62
32 64
32 107
32 111
32 119
32 147
32 159
33 18
33 6
33 26
33 39
33 52
33 56
33 77
33 109
33 190
33 212
33 272
34 18
34 17
34 4
34 35
34 47
34 89
34 137
34 142
34 177
34 245
34 473
35 14
35 34
35 8
35 40
35 46
35 51
35 75
35 98
35 121
35 202
35 208
36 0
36 1
36 2
36 37
36 43
36 61
36 71
36 203
36 236
36 322
36 394
37 36
37 10
37 16
37 48
37 57
37 102
37 111
37 146
37 202
37 205
37 305
38 4
38 3
38 5
38 50
38 86
38 110
38 128
38 213
38 230
38 294
38 620
39 28
39 2
39 33
39 65
39 78
39 82
39 89
39 123
39 198
39 260
39 276
40 13
40 24
40 35
40 60
40 95
40 126
40 128
40 305
40 798
41 2
41 1
41 21
41 139
41 713
41 761
41 804
41 896
42 28
42 29
42 19
42 81
42 269
42 324
42 699
42 770
43 36
43 4
43 22
43 52
43 71
43 135
43 167
43 173
43 193
43 316
43 439
44 12
44 9
44 3
44 50
44 98
44 113
44 142
44 154
44 168
44 188
44 241
45 27
45 7
45 31
45 132
45 151
45 166
45 174
45 189
45 195
45 231
45 273
46 35
46 6
46 19
46 49
46 63
46 78
46 94
46 159
46 200
46 274
46 325
47 18
47 2
47 34
47 83
47 153
47 213
47 235
47 395
47 422
47 559
47 954
48 37
48 3
48 12
48 51
48 57
48 62
48 83
48 587
48 917
48 988
49 12
49 6
49 46
49 62
49 79
49 102
49 424
50 38
50 32
50 44
50 56
50 58
50 91
50 106
50 125
50 141
50 252
50 257
51 35
51 48
51 13
51 53
51 58
51 72
51 118
51 132
51 164
51 183
51 223
52 33
52 31
52 43
52 109
52 167
52 242
52 591
52 811
52 933
53 15
53 51
53 16
53 60
53 67
53 75
53 101
53 218
53 457
53 569
53 628
54 31
54 3
54 19
54 68
54 116
54 117
54 119
54 120
54 131
54 141
54 171
55 22
55 18
55 2
55 250
55 325
55 532
55 615
55 698
55 716
56 50
56 29
56 33
56 73
56 78
56 87
56 106
56 129
56 168
56 177
56 187
57 48
57 37
57 8
57 265
57 343
57 359
57 364
57 446
57 632
57 660
57 697
58 50
58 51
58 27
58 125
58 172
58 267
58 282
58 499
58 502
58 680
58 697
59 30
59 31
59 16
59 64
59 71
59 77
59 127
59 160
59 162
59 182
59 490
60 53
60 3
60 40
60 95
60 99
60 155
60 240
60 284
60 315
60 861
60 862
61 9
61 36
61 29
61 225
61 232
61 239
61 415
62 48
62 49
62 32
62 309
62 403
62 430
62 517
62 951
63 46
63 14
63 0
63 76
63 170
63 180
63 226
63 758
63 793
63 935
64 59
64 9
64 32
64 72
64 101
64 145
64 234
64 244
64 675
64 919
65 39
65 25
65 22
65 155
65 227
65 669
65 714
65 747
65 875
66 12
66 27
66 10
66 77
66 147
66 849
66 968
67 7
67 9
67 53
67 80
67 83
67 85
67 215
67 239
67 421
68 15
68 10
68 54
68 69
68 136
68 156
68 286
68 431
69 8
69 68
69 2
69 172
69 185
69 186
69 204
69 265
69 321
69 529
69 563
70 13
70 6
70 9
70 182
70 442
71 36
71 43
71 59
71 72
71 76
71 90
71 103
71 107
71 120
71 234
71 339
72 64
72 51
72 71
72 73
72 143
72 224
72 584
72 607
72 819
73 72
73 31
73 56
73 88
73 94
73 190
73 194
73 329
73 384
73 386
73 387
74 4
74 26
74 8
74 101
74 250
74 392
74 438
74 498
74 508
74 554
74 605
75 35
75 53
75 0
75 87
75 93
75 137
75 214
75 223
75 476
75 588
75 807
76 2
76 71
76 63
76 82
76 151
76 154
76 165
76 187
76 501
76 704
76 820
77 59
77 33
77 66
77 79
77 122
77 167
77 400
77 409
77 454
77 481
77 545
78 46
78 56
78 39
78 132
78 217
78 219
78 226
78 317
78 375
78 397
78 501
79 22
79 49
79 77
79 192
79 264
79 299
79 336
79 451
79 620
79 686
79 700
80 2
80 3
80 67
80 100
80 128
80 684
81 14
81 42
81 5
81 93
81 95
81 104
81 108
81 153
81 233
81 749
81 773
82 16
82 39
82 76
82 314
82 515
82 580
82 968
83 47
83 67
83 48
83 96
83 188
83 220
83 344
83 508
83 565
83 818
84 16
84 14
84 26
84 86
84 94
84 111
84 114
84 150
84 157
84 240
84 493
85 31
85 67
85 4
85 109
85 234
85 295
85 386
85 494
85 522
85 543
85 856
86 38
86 84
86 8
86 149
86 163
86 173
86 180
86 229
86 277
86 285
86 306
87 23
87 75
87 56
87 140
87 166
87 203
87 266
87 312
87 348
87 668
87 801
88 73
88 22
88 3
88 99
88 454
89 15
89 39
89 34
89 137
89 181
89 992
90 7
90 0
90 71
90 92
90 107
90 123
90 133
90 134
90 143
90 146
90 168
91 16
91 50
91 17
91 97
91 541
91 757
91 761
91 835
92 12
92 27
92 90
92 334
92 485
92 543
92 630
93 81
93 75
93 31
93 124
93 187
93 254
93 290
93 294
93 800
94 73
94 84
94 46
94 135
94 161
94 179
94 258
94 917
95 81
95 60
95 40
95 236
95 245
95 557
95 767
95 913
95 966
96 83
96 0
96 18
96 122
96 133
96 159
96 316
96 552
97 17
97 91
97 7
97 113
97 316
97 443
97 543
98 35
98 44
98 11
98 173
98 180
98 224
98 242
98 372
98 651
98 769
98 863
99 88
99 60
99 3
99 103
99 457
99 496
99 538
99 737
99 839
99 897
100 2
100 80
100 21
100 104
100 135
100 252
100 276
100 512
100 764
101 74
101 64
101 53
101 287
101 535
101 700
101 827
102 49
102 37
102 11
102 115
102 261
102 319
102 366
102 465
103 27
103 99
103 71
103 140
103 194
103 254
103 418
103 424
103 466
103 511
103 648
104 100
104 81
104 9
104 122
104 271
104 278
104 344
104 388
104 404
104 410
104 423
105 9
105 0
105 8
105 222
105 630
105 796
105 945
106 56
106 50
106 4
106 127
106 263
106 713
106 871
107 71
107 32
107 90
107 221
107 282
107 412
107 561
107 864
108 2
108 22
108 81
108 118
108 131
108 144
108 319
108 355
108 403
108 696
108 733
109 33
109 52
109 85
109 115
109 196
109 258
109 303
109 373
109 467
109 512
109 922
110 14
110 38
110 1
110 131
110 318
110 408
110 542
110 589
110 893
111 37
111 84
111 32
111 115
111 165
111 463
111 591
111 635
111 647
111 828
112 8
112 1
112 16
112 175
112 924
113 13
113 44
113 97
113 452
113 547
113 570
113 774
114 17
114 1
114 84
114 169
114 256
114 275
114 285
114 359
114 388
114 437
114 475
115 111
115 109
115 102
115 164
115 256
115 291
115 398
115 428
115 587
115 651
115 816
116 54
116 4
116 2
116 237
116 331
116 515
116 738
116 755
116 852
116 992
117 6
117 17
117 54
118 27
118 108
118 51
118 227
118 251
118 267
118 572
118 779
119 54
119 32
119 30
119 268
119 273
119 593
119 685
119 858
119 913
119 963
119 977
120 17
120 54
120 71
120 334
120 399
120 550
121 10
121 9
121 35
121 126
121 138
121 227
121 256
121 433
121 567
121 611
122 96
122 104
122 77
122 130
122 166
122 171
122 183
122 208
122 313
122 346
122 449
123 90
123 25
123 39
123 156
123 364
123 404
123 468
123 603
123 792
123 816
124 93
124 7
124 16
124 191
124 354
124 368
124 596
124 625
124 660
124 813
125 50
125 2
125 58
125 134
125 179
125 209
125 333
125 349
125 352
125 356
125 823
126 40
126 121
126 4
126 150
126 164
126 179
126 220
126 342
126 393
126 407
126 441
127 59
127 106
127 13
127 223
127 306
127 328
127 330
127 612
128 40
128 38
128 80
128 907
129 1
129 56
129 2
129 311
130 30
130 122
130 12
130 192
130 458
130 614
131 108
131 110
131 54
131 255
132 78
132 51
132 45
132 201
132 274
132 376
132 533
132 576
132 694
132 883
132 949
133 96
133 21
133 90
133 190
133 196
133 199
133 361
133 415
133 423
133 509
134 125
134 90
134 3
134 154
134 195
134 259
134 327
134 606
135 100
135 43
135 94
136 68
136 7
136 14
136 149
136 191
136 216
136 850
137 75
137 34
137 89
137 142
137 225
137 314
137 734
138 121
138 7
138 31
138 292
138 305
138 401
138 411
138 517
138 537
138 599
138 658
139 2
139 41
139 15
139 345
139 590
139 726
140 103
140 87
140 30
140 176
140 231
140 249
140 381
140 383
140 523
140 642
141 54
141 0
141 50
141 277
141 929
142 34
142 137
142 44
142 147
142 160
142 459
142 485
142 500
142 551
143 5
143 72
143 90
143 323
143 382
143 721
143 944
144 4
144 12
144 108
144 337
144 351
144 578
144 642
145 3
145 64
145 8
145 150
145 161
145 221
145 327
145 375
145 523
145 675
145 972
146 37
146 22
146 90
146 207
146 262
146 377
146 379
146 389
146 470
147 142
147 66
147 32
147 169
147 175
147 198
147 209
147 212
147 537
147 581
147 662
148 19
148 12
148 1
148 207
148 311
148 335
148 814
148 904
149 4
149 86
149 136
149 155
149 197
149 486
149 720
149 940
150 126
150 84
150 145
150 402
151 45
151 76
151 12
151 158
151 278
151 573
152 0
152 21
152 8
152 153
152 217
152 250
152 326
152 390
153 152
153 81
153 47
153 321
153 367
153 542
153 613
154 76
154 44
154 134
154 160
154 185
154 244
154 320
154 389
154 480
154 671
154 687
155 149
155 65
155 60
155 217
155 346
155 500
155 524
155 597
155 616
155 689
156 14
156 68
156 123
156 196
156 345
156 362
156 474
156 489
156 722
156 898
156 962
157 9
157 6
157 84
157 229
157 331
157 449
157 984
158 151
158 1
158 0
159 96
159 46
159 32
159 182
159 211
159 226
159 288
159 374
159 405
159 436
159 516
160 142
160 154
160 59
160 199
160 295
160 300
160 354
160 371
160 900
161 145
161 2
161 94
161 257
161 395
161 768
161 961
162 20
162 13
162 59
162 304
162 339
162 340
162 536
162 590
162 597
162 687
163 86
163 2
163 19
163 381
163 739
163 820
163 906
164 126
164 51
164 115
164 213
164 279
164 409
164 416
165 76
165 111
165 29
165 219
165 264
165 326
165 458
165 567
165 782
165 971
166 87
166 45
166 122
166 218
166 399
166 538
166 675
166 681
166 872
167 43
167 52
167 77
167 181
167 323
167 376
167 383
167 491
167 568
167 777
167 846
168 56
168 90
168 44
168 202
168 235
168 530
168 549
169 8
169 147
169 114
169 239
169 298
169 434
169 667
169 684
169 849
170 2
170 32
170 63
170 379
170 537
170 541
170 730
170 818
171 122
171 32
171 54
171 207
171 332
172 8
172 69
172 58
172 189
172 385
172 563
172 626
172 638
172 853
172 964
173 98
173 43
173 86
173 191
173 204
173 342
173 462
173 566
174 14
174 6
174 45
174 247
174 604
174 629
174 873
174 907
175 147
175 112
175 7
175 245
175 336
175 378
175 504
175 630
175 657
175 679
176 140
176 6
176 18
176 279
176 293
176 300
176 428
176 661
176 788
176 833
176 963
177 34
177 26
177 56
177 186
177 199
177 330
177 608
177 840
178 32
178 8
178 14
178 296
178 307
178 678
178 735
179 126
179 94
179 125
179 394
179 479
179 678
179 881
179 907
180 98
180 63
180 86
180 192
180 343
180 571
180 785
181 89
181 167
181 12
181 486
181 788
181 906
182 70
182 159
182 59
182 251
182 281
182 488
182 618
182 679
182 941
183 51
183 3
183 122
183 429
183 513
184 13
184 16
184 10
184 382
184 483
184 948
185 69
185 4
185 154
185 281
185 283
185 291
185 377
185 432
185 497
185 682
185 834
186 11
186 69
186 177
186 205
186 258
186 289
186 447
186 451
186 923
186 967
187 76
187 56
187 93
187 421
187 430
187 775
187 886
188 44
188 83
188 29
188 308
188 357
189 45
189 9
189 172
189 208
189 277
189 330
189 879
190 73
190 33
190 133
190 193
190 236
190 328
190 393
190 441
190 551
190 645
191 124
191 136
191 173
191 233
191 237
191 270
191 391
191 470
191 781
191 995
192 79
192 130
192 180
192 350
192 368
192 370
192 759
193 43
193 20
193 190
193 885
194 73
194 32
194 103
194 422
194 425
194 446
194 452
194 498
194 503
194 610
194 894
195 3
195 45
195 134
195 293
195 657
196 109
196 156
196 133
196 933
197 149
197 8
197 15
197 228
197 491
197 616
198 1
198 39
198 147
198 492
198 555
198 692
198 707
198 878
198 903
198 905
199 160
199 177
199 133
199 229
199 336
199 459
199 972
200 1
200 6
200 46
200 339
200 646
200 759
201 132
201 12
201 14
201 206
201 319
201 443
202 35
202 37
202 168
202 309
202 338
202 366
202 565
203 3
203 87
203 36
203 303
203 427
203 789
204 173
204 24
204 69
204 911
205 37
205 8
205 186
205 268
205 386
205 712
206 201
206 8
206 6
206 280
206 307
206 471
206 670
206 770
206 886
207 146
207 148
207 171
207 271
207 335
207 358
207 520
207 970
207 990
207 996
208 189
208 122
208 35
208 284
208 814
209 125
209 147
209 14
210 27
210 8
210 56
210 247
210 255
210 266
210 404
210 579
211 159
211 3
211 6
211 581
211 928
212 0
212 33
212 147
213 47
213 164
213 38
213 527
213 547
214 75
214 5
214 14
214 321
214 378
214 687
214 817
214 970
215 13
215 67
215 90
215 225
215 291
215 482
215 603
216 19
216 136
216 14
216 535
216 955
217 155
217 78
217 152
217 506
217 650
217 746
218 166
218 53
218 1
218 390
219 165
219 1
219 78
219 433
219 760
220 126
220 83
220 4
220 246
220 399
220 756
221 107
221 145
221 10
221 230
221 464
221 744
221 881
221 949
222 90
222 105
222 8
222 265
222 275
222 292
222 380
222 881
222 922
223 51
223 127
223 75
223 253
223 286
223 362
223 545
223 605
223 626
223 652
223 725
224 16
224 72
224 98
224 592
225 137
225 61
225 215
225 405
225 464
225 526
225 761
225 953
225 984
226 159
226 78
226 63
226 269
226 352
226 442
226 451
226 596
226 693
226 703
227 118
227 65
227 121
227 268
227 564
228 197
228 15
228 9
228 380
228 533
228 753
229 86
229 157
229 199
229 507
229 804
230 221
230 38
230 6
230 490
230 845
231 140
231 45
231 54
231 275
231 322
231 358
231 641
231 923
231 987
232 1
232 8
232 61
233 191
233 8
233 81
233 302
233 333
233 352
233 378
233 426
233 431
233 453
233 490
234 71
234 85
234 64
234 241
234 371
234 413
234 414
234 484
234 582
234 594
234 883
235 17
235 47
235 168
235 273
235 467
236 95
236 190
236 36
236 558
237 13
237 116
237 191
237 286
237 304
237 396
237 624
237 635
237 716
238 4
238 56
238 3
238 398
238 659
239 169
239 61
239 67
239 743
239 903
239 958
240 60
240 84
240 29
240 259
240 312
240 926
240 979
241 44
241 234
241 1
241 248
241 601
241 884
241 893
242 98
242 52
242 56
242 356
242 369
242 485
242 529
242 580
242 618
243 9
243 30
243 54
243 285
243 392
243 754
243 950
244 154
244 54
244 64
244 343
244 474
244 582
244 742
244 752
245 34
245 175
245 95
245 436
245 604
245 672
246 30
246 220
246 31
246 271
247 35
247 174
247 210
247 301
247 479
247 577
248 12
248 25
248 241
248 712
248 952
249 0
249 140
249 2
249 664
250 74
250 55
250 152
250 300
250 312
250 458
250 462
250 501
250 624
250 637
250 745
251 182
251 118
251 6
251 325
251 347
251 986
252 50
252 100
252 12
252 472
253 25
253 11
253 223
253 350
253 860
253 914
253 969
254 12
254 93
254 103
254 503
254 579
255 3
255 131
255 210
255 266
255 290
255 355
255 379
255 583
255 623
256 121
256 114
256 115
256 363
256 998
257 14
257 161
257 50
257 743
257 784
258 109
258 94
258 186
258 283
258 289
258 308
258 310
258 337
258 354
258 382
258 413
259 134
259 240
259 20
259 299
259 410
259 426
259 437
259 455
259 544
259 590
259 688
260 54
260 13
260 39
260 540
260 627
260 667
260 722
260 854
261 12
261 102
261 56
261 600
262 6
262 27
262 146
262 466
262 526
262 716
262 728
263 10
263 106
263 56
263 425
263 595
263 699
263 737
264 79
264 165
264 0
264 634
264 712
264 780
265 57
265 69
265 222
265 307
265 586
265 945
265 952
266 87
266 255
266 210
267 58
267 118
267 9
267 308
267 309
267 362
267 370
267 441
267 746
267 762
267 924
268 205
268 227
268 119
268 638
268 798
269 32
269 226
269 42
269 574
269 762
270 12
270 191
270 9
270 659
271 207
271 104
271 246
271 598
272 8
272 13
272 33
272 389
272 471
272 633
272 651
272 791
272 875
273 45
273 235
273 119
273 419
273 518
273 718
274 16
274 46
274 132
274 488
274 528
274 529
274 905
275 114
275 231
275 222
275 910
276 100
276 39
276 14
277 189
277 141
277 86
277 450
277 484
278 104
278 2
278 151
278 363
278 450
278 466
278 482
278 701
279 176
279 16
279 164
279 301
279 317
279 351
279 665
279 867
280 0
280 206
280 21
280 297
280 902
281 32
281 185
281 182
281 549
281 810
281 887
282 11
282 107
282 58
282 324
282 416
282 465
282 516
282 695
282 769
282 824
282 918
283 3
283 258
283 185
283 717
283 967
284 44
284 208
284 60
284 492
284 556
285 114
285 243
285 86
285 353
285 778
286 68
286 223
286 237
286 298
287 16
287 101
287 0
287 555
288 14
288 6
288 159
289 258
289 39
289 186
289 365
290 255
290 5
290 93
290 311
290 376
290 640
290 853
290 978
291 185
291 215
291 115
291 406
291 846
292 14
292 138
292 222
292 358
292 360
292 589
292 690
292 729
292 859
292 869
292 947
293 56
293 176
293 195
293 359
293 366
293 397
293 429
293 483
293 553
293 774
294 38
294 93
294 45
294 532
295 85
295 90
295 160
295 296
295 666
296 178
296 295
296 4
296 313
296 315
296 396
296 461
297 280
297 22
297 12
297 532
298 18
298 286
298 169
298 470
298 480
298 665
298 781
298 889
299 79
299 259
299 44
299 538
299 732
300 250
300 176
300 160
301 247
301 279
301 6
301 560
302 13
302 1
302 233
302 446
302 469
302 531
302 796
302 871
303 203
303 4
303 109
303 334
303 461
303 500
303 519
303 726
303 987
304 13
304 162
304 237
304 747
305 37
305 138
305 40
305 332
305 432
305 556
305 966
306 127
306 29
306 86
307 265
307 206
307 178
307 613
307 854
308 267
308 188
308 258
308 540
308 748
308 774
308 926
308 996
309 267
309 62
309 202
309 314
309 317
309 349
309 369
309 511
310 9
310 1
310 258
310 335
311 290
311 129
311 148
311 419
311 609
311 677
312 250
312 240
312 87
312 435
312 634
312 718
313 122
313 296
313 2
314 309
314 137
314 82
314 357
315 27
315 60
315 296
315 333
315 425
315 908
316 96
316 43
316 97
316 331
316 346
316 505
316 896
317 78
317 279
317 309
317 348
317 627
317 670
317 787
317 985
318 110
318 19
318 30
318 356
318 380
318 387
318 445
319 108
319 102
319 201
319 939
320 8
320 32
320 154
320 415
320 494
320 752
321 214
321 153
321 69
322 36
322 25
322 231
322 482
322 622
322 809
323 167
323 11
323 143
323 373
323 607
323 759
323 789
324 54
324 282
324 42
324 417
324 438
324 463
324 615
324 689
324 900
325 46
325 251
325 55
325 327
325 736
325 782
326 46
326 152
326 165
326 563
326 594
326 724
327 325
327 145
327 134
327 457
327 795
328 127
328 190
328 24
328 416
328 426
328 447
328 771
328 831
328 901
329 90
329 3
329 73
329 398
329 653
329 671
330 189
330 177
330 127
330 340
330 565
330 885
331 316
331 116
331 157
331 347
331 355
331 495
331 731
332 305
332 171
332 20
332 429
332 481
332 496
332 503
332 617
332 844
333 233
333 125
333 315
333 363
333 443
333 699
334 92
334 120
334 303
334 375
334 407
334 677
335 207
335 148
335 310
335 525
335 559
336 175
336 199
336 79
336 417
337 144
337 258
337 46
337 486
337 575
337 721
337 875
338 9
338 202
338 19
338 373
338 384
338 385
338 460
338 990
339 71
339 162
339 200
339 931
339 957
340 162
340 330
340 1
340 676
341 45
341 51
341 2
341 730
341 874
342 126
342 173
342 30
342 410
342 430
342 444
342 477
342 886
343 180
343 57
343 244
343 361
343 432
343 891
343 982
344 83
344 104
344 90
344 369
344 534
344 732
345 139
345 44
345 156
345 418
345 837
346 155
346 122
346 316
346 365
346 440
346 561
346 654
347 54
347 331
347 251
347 400
347 525
347 638
347 827
348 56
348 317
348 87
348 418
348 609
348 866
349 9
349 309
349 125
349 434
349 978
350 23
350 253
350 192
350 436
351 9
351 279
351 144
352 233
352 226
352 125
353 19
353 285
353 44
353 448
353 936
354 160
354 258
354 124
354 450
355 331
355 255
355 108
355 463
356 242
356 125
356 318
356 580
357 188
357 9
357 314
357 455
357 597
358 207
358 231
358 292
358 421
358 799
359 57
359 114
359 293
360 292
360 14
360 7
360 780
360 939
361 2
361 343
361 133
362 267
362 156
362 223
362 428
362 841
362 855
363 278
363 333
363 256
363 420
363 440
363 507
363 514
363 689
363 694
363 901
363 948
364 9
364 57
364 123
364 365
364 608
364 934
365 364
365 289
365 346
365 495
365 584
365 779
365 819
365 930
365 990
366 102
366 202
366 293
366 449
366 473
366 502
366 559
366 648
366 654
366 683
366 723
367 56
367 9
367 153
367 408
367 516
367 557
367 745
367 873
368 192
368 124
368 51
368 427
369 344
369 309
369 242
369 417
369 462
369 521
369 898
370 4
370 192
370 267
370 738
370 852
370 868
371 160
371 234
371 86
372 6
372 98
372 12
373 338
373 109
373 323
374 12
374 14
374 159
374 610
374 615
375 334
375 78
375 145
375 392
375 478
375 487
375 573
375 606
375 653
375 794
375 934
376 167
376 132
376 290
376 387
376 475
376 655
376 800
376 956
377 14
377 185
377 146
377 758
378 175
378 233
378 214
378 562
378 692
378 900
379 146
379 255
379 170
379 502
379 740
379 812
380 228
380 318
380 222
380 666
381 163
381 140
381 8
381 596
381 984
382 143
382 184
382 258
382 424
382 491
382 506
382 589
382 646
383 46
383 140
383 167
383 397
383 635
383 903
383 963
384 73
384 338
384 2
384 412
384 711
384 815
385 11
385 338
385 172
385 493
386 205
386 73
386 85
386 657
386 703
387 73
387 376
387 318
387 838
388 104
388 114
388 54
388 544
389 146
389 154
389 272
390 218
390 152
390 12
391 51
391 39
391 191
391 448
391 528
391 636
391 727
391 822
391 890
391 954
392 375
392 74
392 243
393 126
393 3
393 190
393 408
393 469
393 707
393 957
394 36
394 179
394 9
395 35
395 161
395 47
395 414
395 456
395 845
396 237
396 296
396 31
396 489
396 811
396 895
397 78
397 293
397 383
397 556
397 592
397 662
398 329
398 115
398 238
398 858
398 954
399 166
399 220
399 120
399 423
399 680
399 767
400 347
400 77
400 0
400 478
400 585
400 607
400 808
401 138
401 51
401 5
402 90
402 150
402 8
402 652
402 789
403 26
403 108
403 62
403 472
403 504
404 210
404 104
404 123
404 431
405 159
405 21
405 225
405 577
405 634
405 892
406 2
406 15
406 291
406 438
406 682
407 33
407 334
407 126
407 524
407 605
407 606
408 367
408 110
408 393
408 908
408 976
409 12
409 77
409 164
409 448
409 631
409 696
409 737
409 792
410 259
410 104
410 342
410 725
411 0
411 138
411 44
411 848
412 384
412 107
412 19
412 513
412 655
412 882
413 18
413 258
413 234
414 234
414 11
414 395
415 320
415 61
415 133
415 455
415 757
416 164
416 282
416 328
416 473
416 602
416 633
416 636
416 733
417 369
417 324
417 336
417 763
418 103
418 348
418 345
418 536
418 809
419 6
419 273
419 311
419 674
419 868
420 27
420 363
420 90
421 187
421 358
421 67
421 741
422 13
422 194
422 47
422 623
423 133
423 104
423 399
423 691
424 49
424 103
424 382
424 828
425 194
425 263
425 315
426 259
426 328
426 233
426 495
426 511
426 564
426 783
426 785
426 952
427 203
427 368
427 30
427 453
428 176
428 115
428 362
428 546
428 637
428 918
429 183
429 293
429 332
429 568
430 62
430 342
430 187
430 456
430 547
430 833
431 404
431 233
431 68
431 440
431 571
431 695
432 305
432 185
432 343
432 742
433 73
433 219
433 121
433 515
433 518
433 592
433 679
434 169
434 39
434 349
434 567
434 841
434 870
435 71
435 15
435 312
435 465
436 159
436 245
436 350
436 600
436 948
437 37
437 259
437 114
437 690
438 74
438 406
438 324
438 832
439 43
439 73
439 14
439 499
439 743
439 817
440 363
440 346
440 431
440 460
440 514
441 267
441 126
441 190
441 832
442 70
442 44
442 226
443 97
443 201
443 333
443 497
443 681
443 758
444 33
444 8
444 342
444 617
444 836
445 2
445 318
445 0
445 744
445 887
446 302
446 194
446 57
446 585
446 936
447 186
447 328
447 28
447 602
447 790
447 795
448 409
448 391
448 353
448 471
448 618
448 661
448 736
448 906
449 366
449 157
449 122
449 643
449 686
449 944
450 277
450 278
450 354
450 650
450 772
451 186
451 226
451 79
452 258
452 113
452 194
452 996
453 6
453 427
453 233
453 993
454 77
454 1
454 88
455 415
455 259
455 357
456 14
456 395
456 430
456 531
456 535
456 723
457 99
457 53
457 327
458 250
458 165
458 130
458 708
459 199
459 10
459 142
459 464
459 823
459 909
459 955
460 440
460 338
460 29
460 519
460 522
460 871
460 997
461 4
461 303
461 296
461 702
461 872
462 250
462 173
462 369
462 476
462 505
462 548
462 574
462 611
462 790
463 111
463 355
463 324
463 510
463 546
463 727
464 459
464 225
464 221
464 506
464 627
464 960
465 102
465 282
465 435
465 531
465 863
466 262
466 278
466 103
466 522
466 552
466 649
466 668
466 669
466 772
467 235
467 109
467 5
467 753
467 844
467 937
468 122
468 123
468 2
468 544
469 3
469 302
469 393
469 731
469 792
469 892
470 191
470 298
470 146
471 206
471 272
471 448
471 601
471 884
471 912
472 3
472 403
472 252
472 510
472 914
473 34
473 366
473 416
474 156
474 31
474 244
474 598
474 619
475 12
475 114
475 376
475 593
475 628
475 652
475 710
475 915
476 45
476 462
476 75
476 498
477 342
477 56
477 32
477 514
477 677
477 736
478 9
478 375
478 400
478 528
478 564
478 586
478 813
479 247
479 179
479 0
479 593
479 771
480 13
480 154
480 298
480 702
480 738
481 56
481 77
481 332
481 612
481 645
481 791
481 833
482 215
482 278
482 322
482 517
482 519
482 661
482 981
483 13
483 184
483 293
484 234
484 277
484 44
484 639
484 778
484 791
484 916
485 242
485 142
485 92
485 633
485 714
485 835
485 942
486 149
486 181
486 337
487 39
487 16
487 375
487 995
488 30
488 274
488 182
488 636
488 656
488 734
488 834
489 156
489 122
489 396
489 837
489 978
490 59
490 233
490 230
490 539
490 895
490 920
491 167
491 382
491 197
491 546
491 856
492 7
492 284
492 198
492 611
492 838
493 20
493 385
493 84
493 659
494 85
494 122
494 320
494 600
494 662
494 728
495 426
495 365
495 331
495 765
495 778
495 870
496 43
496 99
496 332
497 185
497 29
497 443
497 910
498 476
498 194
498 74
498 781
499 58
499 13
499 439
499 552
499 710
500 142
500 303
500 155
500 704
500 705
501 78
501 76
501 250
501 850
502 58
502 379
502 366
502 591
502 993
503 332
503 194
503 254
503 576
503 847
503 914
503 930
504 175
504 37
504 403
505 462
505 316
505 233
505 562
506 217
506 382
506 464
506 560
507 363
507 229
507 3
507 614
507 648
507 672
508 9
508 74
508 83
508 729
509 33
509 133
509 54
509 549
509 947
510 233
510 463
510 472
511 103
511 426
511 309
511 581
511 692
512 45
512 100
512 109
512 534
512 571
512 572
512 980
513 51
513 412
513 183
513 521
514 363
514 477
514 440
514 558
514 640
515 433
515 82
515 116
516 282
516 367
516 159
516 524
516 578
516 613
516 957
517 62
517 482
517 138
517 685
518 16
518 273
518 433
519 460
519 303
519 482
520 27
520 207
520 59
521 513
521 31
521 369
521 576
521 706
521 805
521 816
521 953
522 466
522 460
522 85
523 45
523 145
523 140
523 643
524 516
524 407
524 155
524 671
524 812
524 950
524 981
524 988
525 258
525 335
525 347
525 646
525 728
525 859
526 35
526 225
526 262
526 824
526 856
527 35
527 213
527 159
527 570
527 588
527 843
528 478
528 391
528 274
528 764
529 274
529 69
529 242
530 84
530 168
530 29
531 465
531 302
531 456
531 588
531 962
532 55
532 294
532 297
532 839
533 29
533 132
533 228
533 745
533 983
534 1
534 512
534 344
534 802
534 876
535 101
535 216
535 456
536 30
536 162
536 418
536 551
536 644
537 138
537 170
537 147
537 622
537 680
537 706
537 805
537 891
538 299
538 99
538 166
538 701
539 32
539 1
539 490
540 260
540 86
540 308
540 807
541 91
541 32
541 170
541 548
541 770
541 919
542 110
542 11
542 153
542 562
542 629
542 794
542 897
543 92
543 85
543 97
544 259
544 468
544 388
544 550
545 77
545 19
545 223
545 612
545 831
546 491
546 463
546 428
546 740
546 830
547 213
547 113
547 430
547 768
548 56
548 541
548 462
548 762
549 168
549 281
549 509
549 572
549 997
550 120
550 544
550 37
550 878
551 190
551 142
551 536
551 846
552 466
552 499
552 96
553 293
553 9
553 32
553 645
553 678
553 839
554 84
554 8
554 74
554 557
554 763
555 287
555 198
555 32
555 656
555 755
556 305
556 284
556 397
557 95
557 554
557 367
557 621
557 788
558 29
558 514
558 236
558 889
559 335
559 366
559 47
559 669
560 301
560 78
560 506
560 644
560 666
561 86
561 346
561 107
561 902
562 505
562 378
562 542
562 640
562 667
563 172
563 69
563 326
564 426
564 227
564 478
564 838
565 330
565 83
565 202
565 674
566 1
566 86
566 173
566 773
567 121
567 165
567 434
567 891
567 961
568 429
568 167
568 35
569 8
569 53
569 37
570 113
570 527
570 24
570 773
571 431
571 512
571 180
572 549
572 118
572 512
572 803
572 807
573 151
573 27
573 375
573 656
573 715
573 915
573 959
574 269
574 21
574 462
574 753
574 827
575 2
575 86
575 337
575 739
576 503
576 132
576 521
576 786
576 883
576 924
577 405
577 126
577 247
577 594
577 936
578 144
578 18
578 516
578 905
579 254
579 210
579 19
579 658
579 663
579 932
580 356
580 242
580 82
580 616
581 211
581 147
581 511
582 234
582 258
582 244
582 683
582 777
583 90
583 255
583 3
584 365
584 22
584 72
585 400
585 446
585 22
585 830
585 912
586 265
586 84
586 478
586 625
586 632
586 688
586 717
586 857
587 48
587 86
587 115
587 595
587 625
587 795
587 851
588 527
588 75
588 531
588 631
588 980
589 292
589 382
589 110
589 750
589 974
590 162
590 139
590 259
590 849
591 111
591 502
591 52
592 433
592 397
592 224
593 119
593 475
593 479
593 733
593 822
594 577
594 326
594 234
594 690
594 720
595 587
595 263
595 0
595 654
595 663
595 693
596 226
596 124
596 381
596 676
597 155
597 357
597 162
597 653
597 744
597 980
597 988
598 28
598 271
598 474
598 888
599 18
599 1
599 138
599 715
599 741
600 436
600 494
600 261
600 874
601 241
601 122
601 471
601 655
601 797
601 951
602 447
602 59
602 416
602 799
603 123
603 215
603 2
603 989
604 245
604 174
604 51
604 880
605 407
605 223
605 74
605 608
606 375
606 134
606 407
607 400
607 72
607 323
607 707
608 605
608 364
608 177
609 348
609 10
609 311
610 90
610 194
610 374
610 724
610 999
611 462
611 492
611 121
611 831
611 991
612 127
612 545
612 481
612 639
613 307
613 516
613 153
613 780
613 806
614 507
614 24
614 130
615 374
615 324
615 55
616 580
616 197
616 155
616 663
617 444
617 332
617 37
618 242
618 448
618 182
618 698
619 77
619 17
619 474
620 79
620 9
620 38
620 732
620 848
621 7
621 557
621 50
621 785
621 872
621 878
622 537
622 18
622 322
622 897
623 11
623 255
623 422
623 933
623 942
624 237
624 250
624 0
624 991
625 586
625 587
625 124
626 172
626 5
626 223
626 629
626 974
627 260
627 317
627 464
627 691
627 813
627 899
628 30
628 475
628 53
628 787
628 982
629 174
629 542
629 626
629 706
629 747
630 175
630 92
630 105
630 842
631 409
631 588
631 13
632 159
632 57
632 586
632 861
633 272
633 485
633 416
634 405
634 264
634 312
634 949
635 237
635 383
635 111
636 416
636 488
636 391
636 945
637 428
637 39
637 250
638 172
638 268
638 347
638 766
638 802
639 484
639 612
639 69
640 514
640 562
640 290
640 641
640 682
640 705
640 776
640 972
640 975
641 231
641 640
641 233
641 867
642 144
642 3
642 140
643 449
643 523
643 39
644 560
644 21
644 536
644 842
645 481
645 190
645 553
645 931
646 525
646 382
646 200
646 709
647 114
647 71
647 111
648 507
648 103
648 366
649 466
649 258
649 27
649 786
650 450
650 22
650 217
650 821
651 98
651 115
651 272
651 766
652 402
652 475
652 223
652 869
653 375
653 597
653 329
653 840
654 366
654 595
654 346
654 826
655 376
655 412
655 601
655 684
656 573
656 488
656 555
657 195
657 175
657 386
657 755
658 138
658 29
658 579
658 804
659 493
659 270
659 238
659 705
659 876
660 29
660 124
660 57
660 811
661 482
661 176
661 448
662 494
662 147
662 397
663 595
663 616
663 579
663 683
664 50
664 249
664 0
664 763
664 826
665 279
665 298
665 74
666 560
666 295
666 380
667 562
667 260
667 169
667 720
668 24
668 87
668 466
668 700
668 828
669 559
669 65
669 466
670 317
670 206
670 6
671 154
671 329
671 524
672 245
672 1
672 507
672 749
672 844
672 947
673 7
673 38
673 37
673 801
673 815
674 565
674 5
674 419
674 798
675 64
675 166
675 145
676 17
676 340
676 596
676 799
676 865
677 334
677 477
677 311
677 904
677 959
678 553
678 178
678 179
678 890
679 175
679 433
679 182
680 58
680 537
680 399
680 754
680 806
680 825
681 443
681 166
681 18
681 685
681 847
681 916
682 640
682 406
682 185
683 663
683 582
683 366
683 709
684 169
684 655
684 80
685 119
685 517
685 681
685 752
685 982
686 79
686 449
686 2
686 767
686 864
686 989
687 162
687 154
687 214
687 694
688 10
688 586
688 259
688 702
688 722
688 809
688 934
689 363
689 324
689 155
690 292
690 594
690 437
690 701
690 901
691 423
691 44
691 627
691 741
691 751
691 803
692 378
692 511
692 198
693 33
693 595
693 226
693 709
693 726
693 750
694 363
694 687
694 132
694 810
694 908
695 282
695 59
695 431
695 921
696 114
696 108
696 409
697 58
697 103
697 57
698 30
698 618
698 55
699 263
699 42
699 333
699 717
700 668
700 101
700 79
701 278
701 538
701 690
702 461
702 480
702 688
702 797
703 19
703 386
703 226
703 823
704 76
704 500
704 154
704 731
704 826
704 964
705 500
705 659
705 640
706 521
706 629
706 537
707 198
707 393
707 607
707 719
707 727
708 3
708 458
708 9
709 693
709 683
709 646
709 775
710 5
710 475
710 499
711 7
711 384
711 3
712 248
712 264
712 205
713 41
713 258
713 106
714 65
714 73
714 485
714 723
715 573
715 599
715 44
715 926
716 262
716 237
716 55
717 586
717 699
717 283
718 27
718 273
718 312
718 989
719 35
719 707
719 30
719 857
720 149
720 667
720 594
721 337
721 143
721 53
722 688
722 260
722 156
722 953
723 366
723 714
723 456
723 852
724 610
724 78
724 326
725 223
725 410
725 5
726 693
726 139
726 303
727 463
727 391
727 707
728 494
728 262
728 525
728 929
728 938
729 292
729 45
729 508
730 341
730 170
730 122
730 974
731 469
731 704
731 331
732 620
732 344
732 299
733 108
733 593
733 416
733 772
733 951
734 488
734 137
734 18
735 58
735 178
735 2
736 325
736 448
736 477
737 409
737 263
737 99
737 793
738 370
738 116
738 480
738 938
739 575
739 56
739 163
739 894
739 969
740 546
740 379
740 258
740 814
740 902
740 932
741 599
741 421
741 691
742 244
742 28
742 432
742 756
742 805
743 239
743 439
743 257
744 597
744 221
744 445
744 879
745 367
745 250
745 533
745 868
745 899
746 217
746 13
746 267
746 943
746 970
747 629
747 304
747 65
748 103
748 308
748 28
749 81
749 32
749 672
750 693
750 589
750 24
751 691
751 6
751 4
752 320
752 685
752 244
752 931
753 228
753 467
753 574
753 860
754 30
754 680
754 243
755 555
755 657
755 116
755 950
756 220
756 51
756 742
757 39
757 415
757 91
758 443
758 63
758 377
759 200
759 323
759 192
759 898
760 219
760 138
760 73
761 225
761 41
761 91
762 267
762 548
762 269
762 808
762 932
763 664
763 417
763 554
764 38
764 100
764 528
764 768
765 4
765 259
765 495
766 651
766 638
766 8
766 925
767 95
767 399
767 686
768 764
768 547
768 161
769 282
769 98
769 19
769 829
770 541
770 206
770 42
770 821
771 479
771 328
771 22
771 927
771 955
772 450
772 466
772 733
773 81
773 566
773 570
773 946
773 979
774 113
774 308
774 293
775 187
775 709
775 21
776 640
776 13
776 14
777 167
777 582
777 30
778 484
778 285
778 495
778 918
779 365
779 118
779 20
780 360
780 264
780 613
780 793
781 498
781 191
781 298
782 165
782 325
782 122
783 426
783 50
783 44
784 17
784 18
784 257
785 426
785 621
785 180
785 860
785 943
786 24
786 576
786 649
787 74
787 628
787 317
788 181
788 557
788 176
789 203
789 402
789 323
790 447
790 78
790 462
791 484
791 481
791 272
791 822
792 409
792 469
792 123
792 851
792 857
793 780
793 737
793 63
794 375
794 259
794 542
794 885
795 327
795 587
795 447
795 806
796 138
796 105
796 302
797 601
797 702
797 86
798 268
798 674
798 40
799 358
799 602
799 676
799 890
799 946
800 93
800 122
800 376
800 922
801 673
801 87
801 44
801 835
802 27
802 534
802 638
802 965
802 985
803 3
803 691
803 572
804 41
804 658
804 229
805 521
805 537
805 742
806 680
806 795
806 613
807 540
807 572
807 75
807 941
808 78
808 762
808 400
808 825
809 322
809 418
809 688
810 103
810 694
810 281
810 880
810 893
811 660
811 396
811 52
811 824
812 524
812 379
812 11
813 124
813 478
813 627
813 923
814 208
814 148
814 740
815 384
815 673
815 7
816 123
816 115
816 521
817 214
817 439
817 37
818 16
818 83
818 170
819 39
819 365
819 72
819 992
820 43
820 163
820 76
821 17
821 770
821 650
822 391
822 593
822 791
823 703
823 459
823 125
824 282
824 526
824 811
824 928
825 808
825 76
825 680
826 704
826 664
826 654
827 101
827 347
827 574
827 940
827 965
828 424
828 668
828 111
829 22
829 769
829 46
830 546
830 10
830 585
830 979
831 545
831 328
831 611
832 9
832 438
832 441
832 864
833 176
833 481
833 430
834 488
834 4
834 185
834 927
835 91
835 801
835 485
836 8
836 444
836 39
836 958
836 961
837 489
837 345
837 19
838 492
838 564
838 387
838 911
839 553
839 99
839 532
840 108
840 653
840 177
841 362
841 18
841 434
842 9
842 630
842 644
843 527
843 125
843 73
844 332
844 467
844 672
844 855
845 54
845 230
845 395
845 967
846 291
846 551
846 167
847 503
847 15
847 681
848 620
848 18
848 411
848 935
849 590
849 169
849 66
850 31
850 501
850 136
851 587
851 73
851 792
852 116
852 723
852 370
853 290
853 172
853 45
854 307
854 36
854 260
855 233
855 362
855 844
856 526
856 85
856 491
856 959
857 719
857 586
857 792
858 0
858 119
858 398
859 292
859 9
859 525
860 785
860 753
860 253
861 60
861 632
861 14
862 21
862 13
862 60
863 25
863 98
863 465
863 983
864 832
864 107
864 686
865 90
865 69
865 676
866 6
866 10
866 348
867 279
867 1
867 641
868 370
868 745
868 419
869 652
869 12
869 292
870 57
870 434
870 495
871 106
871 302
871 460
872 166
872 461
872 621
873 367
873 9
873 174
874 21
874 600
874 341
875 337
875 65
875 272
876 10
876 534
876 659
877 103
877 19
877 115
877 938
878 550
878 621
878 198
879 744
879 189
879 81
879 998
880 810
880 604
880 2
881 222
881 179
881 221
882 259
882 8
882 412
883 576
883 132
883 234
884 241
884 471
884 16
885 794
885 330
885 193
886 187
886 206
886 342
886 916
887 445
887 281
887 59
888 234
888 79
888 598
889 79
889 298
889 558
890 678
890 391
890 799
891 537
891 567
891 343
891 904
892 469
892 78
892 405
893 241
893 810
893 110
894 3
894 194
894 739
895 396
895 490
895 185
896 44
896 316
896 41
897 542
897 622
897 99
898 369
898 759
898 156
899 627
899 745
899 4
900 160
900 378
900 324
901 363
901 690
901 328
902 561
902 280
902 740
903 198
903 383
903 239
904 148
904 677
904 891
905 578
905 274
905 198
906 181
906 163
906 448
906 937
907 174
907 128
907 179
908 315
908 408
908 694
909 31
909 81
909 459
909 960
910 497
910 275
910 185
911 838
911 204
911 223
912 585
912 69
912 471
913 119
913 95
913 233
914 253
914 503
914 472
915 475
915 573
915 34
916 484
916 681
916 886
917 1
917 94
917 48
918 282
918 778
918 428
919 64
919 1
919 541
919 962
920 490
920 282
920 103
921 695
921 53
921 9
922 800
922 109
922 222
923 186
923 813
923 231
924 267
924 112
924 576
925 194
925 766
925 26
925 975
926 715
926 240
926 308
927 834
927 77
927 771
928 54
928 824
928 211
929 141
929 38
929 728
929 994
930 503
930 16
930 365
931 645
931 752
931 339
932 762
932 740
932 579
933 196
933 623
933 52
934 364
934 688
934 375
935 29
935 848
935 63
936 446
936 577
936 353
937 74
937 906
937 467
938 738
938 728
938 877
939 14
939 319
939 360
940 149
940 827
940 74
941 807
941 182
941 16
942 623
942 56
942 485
943 746
943 785
943 32
944 449
944 143
944 11
944 999
945 105
945 636
945 265
946 773
946 24
946 799
947 509
947 292
947 672
948 363
948 184
948 436
949 221
949 132
949 634
950 755
950 243
950 524
951 601
951 62
951 733
951 973
952 426
952 248
952 265
953 722
953 521
953 225
954 391
954 47
954 398
955 771
955 459
955 216
956 21
956 37
956 376
957 339
957 393
957 516
958 836
958 239
958 69
959 856
959 573
959 677
960 464
960 250
960 909
961 567
961 836
961 161
962 531
962 919
962 156
963 176
963 119
963 383
964 704
964 172
964 154
965 17
965 802
965 827
966 95
966 35
966 305
967 186
967 845
967 283
968 66
968 159
968 82
969 739
969 253
969 37
970 214
970 207
970 746
971 126
971 24
971 165
972 640
972 199
972 145
973 951
973 60
973 4
974 626
974 730
974 589
975 640
975 23
975 925
976 16
976 98
976 408
977 119
977 53
977 32
978 349
978 290
978 489
979 830
979 773
979 240
980 588
980 597
980 512
981 375
981 482
981 524
982 343
982 628
982 685
983 533
983 863
983 2
984 225
984 381
984 157
985 802
985 317
985 26
986 1
986 71
986 251
987 231
987 50
987 303
988 48
988 597
988 524
989 686
989 718
989 603
990 338
990 207
990 365
991 624
991 611
991 59
992 116
992 819
992 89
993 453
993 26
993 502
994 929
994 38
994 51
995 53
995 487
995 191
996 452
996 207
996 308
997 549
997 51
997 460
998 223
998 256
998 879
999 944
999 20
999 610
