0 1
1 0
2 0
2 1
3 0
3 1
3 2
4 1
4 0
4 2
5 0
5 1
5 3
6 1
6 2
6 5
7 1
7 6
7 5
8 0
8 2
8 5
9 7
9 5
9 6
10 5
10 1
10 3
11 2
11 6
11 0
12 1
12 10
12 5
13 0
13 3
13 8
14 1
14 2
14 5
15 9
15 8
15 5
16 13
16 6
16 5
17 1
17 4
17 11
18 12
18 17
18 1
19 16
19 0
19 14
20 15
20 14
20 0
21 1
21 14
21 3
22 0
22 17
22 3
23 10
23 1
23 17
24 22
24 1
24 20
25 7
25 6
25 15
26 8
26 24
26 6
27 4
27 5
27 9
28 10
28 6
28 5
29 17
29 5
29 2
30 5
30 8
30 12
31 23
31 10
31 3
32 11
32 8
32 13
33 13
33 4
33 29
34 31
34 9
34 2
35 27
35 4
35 10
36 5
36 2
36 20
37 2
37 8
37 28
38 2
38 23
38 8
39 1
39 4
39 5
40 35
40 0
40 2
41 14
41 34
41 15
42 3
42 5
42 31
43 27
43 42
43 25
44 1
44 3
44 18
45 11
45 2
45 1
46 44
46 23
46 1
47 15
47 27
47 4
48 46
48 20
48 11
49 2
49 39
49 31
50 0
50 8
50 30
51 6
51 24
51 1
52 15
52 1
52 3
53 14
53 1
53 42
54 5
54 1
54 9
55 52
55 1
55 8
56 1
56 5
56 36
57 5
57 9
57 8
58 57
58 3
58 14
59 0
59 14
59 1
60 2
60 58
60 48
61 8
61 14
61 21
62 2
62 1
62 8
63 28
63 61
63 47
64 9
64 57
64 56
65 61
65 1
65 36
66 13
66 48
66 61
67 10
67 5
67 1
68 7
68 1
68 12
69 15
69 8
69 49
70 5
70 16
70 46
71 9
71 10
71 26
72 37
72 39
72 45
73 15
73 0
73 24
74 0
74 6
74 9
75 37
75 8
75 27
76 46
76 73
76 3
77 42
77 9
77 1
78 16
78 5
78 44
79 8
79 73
79 7
80 13
80 62
80 63
81 44
81 17
81 1
82 40
82 52
82 5
83 29
83 20
83 48
84 35
84 0
84 23
85 1
85 48
85 0
86 45
86 18
86 31
87 1
87 63
87 61
88 5
88 10
88 52
89 65
89 29
89 6
90 2
90 0
90 11
91 20
91 2
91 52
92 27
92 3
92 43
93 15
93 36
93 53
94 35
94 53
94 3
95 3
95 4
95 74
96 43
96 47
96 32
97 62
97 7
97 52
98 11
98 2
98 0
99 1
99 3
99 33
100 0
100 69
100 48
101 75
101 69
101 61
102 11
102 8
102 1
103 65
103 5
103 74
104 2
104 0
104 63
105 91
105 56
105 18
106 3
106 4
106 76
107 7
107 14
107 52
108 26
108 9
108 33
109 90
109 27
109 8
110 35
110 0
110 93
111 1
111 23
111 90
112 0
112 7
112 8
113 17
113 3
113 23
114 48
114 64
114 23
115 73
115 9
115 0
116 0
116 84
116 11
117 53
117 88
117 1
118 11
118 42
118 58
119 96
119 56
119 8
120 52
120 97
120 14
121 3
121 44
121 52
122 45
122 5
122 73
123 62
123 48
123 9
124 62
124 15
124 26
125 48
125 27
125 1
126 14
126 26
126 1
127 15
127 11
127 63
128 39
128 8
128 9
129 8
129 31
129 30
130 13
130 122
130 7
131 95
131 62
131 51
132 26
132 102
132 44
133 82
133 40
133 48
134 48
134 59
134 54
135 5
135 48
135 9
136 3
136 127
136 79
137 90
137 49
137 62
138 1
138 3
138 9
139 123
139 40
139 10
140 107
140 33
140 134
141 9
141 42
141 17
142 59
142 5
142 3
143 86
143 10
143 105
144 2
144 9
144 32
145 61
145 55
145 12
146 132
146 98
146 69
147 38
147 44
147 90
148 14
148 17
148 3
149 69
149 23
149 42
150 6
150 88
150 49
151 0
151 12
151 52
152 123
152 1
152 5
153 127
153 49
153 5
154 50
154 48
154 23
155 41
155 1
155 36
156 50
156 99
156 8
157 88
157 124
157 135
158 74
158 15
158 43
159 46
159 52
159 151
160 58
160 119
160 4
161 11
161 50
161 143
162 26
162 156
162 7
163 6
163 84
163 106
164 2
164 31
164 163
165 5
165 63
165 13
166 5
166 23
166 113
167 31
167 153
167 56
168 126
168 23
168 3
169 33
169 109
169 91
170 108
170 10
170 48
171 20
171 61
171 44
172 1
172 2
172 86
173 4
173 5
173 28
174 42
174 33
174 10
175 33
175 1
175 127
176 122
176 6
176 12
177 9
177 73
177 60
178 150
178 4
178 113
179 9
179 147
179 71
180 59
180 46
180 31
181 18
181 55
181 8
182 18
182 74
182 15
183 47
183 23
183 13
184 28
184 17
184 77
185 140
185 88
185 28
186 175
186 90
186 3
187 142
187 24
187 30
188 90
188 172
188 9
189 52
189 28
189 23
190 99
190 98
190 117
191 56
191 165
191 57
192 33
192 9
192 1
193 73
193 88
193 15
194 16
194 30
194 3
195 35
195 160
195 69
196 8
196 125
196 143
197 122
197 17
197 58
198 53
198 48
198 8
199 37
199 178
199 139
200 2
200 133
200 52
201 79
201 82
201 71
202 79
202 196
202 11
203 67
203 143
203 1
204 181
204 49
204 178
205 8
205 139
205 99
206 29
206 134
206 5
207 187
207 2
207 93
208 126
208 46
208 82
209 11
209 1
209 144
210 88
210 1
210 63
211 46
211 191
211 9
212 202
212 38
212 22
213 94
213 102
213 60
214 146
214 17
214 88
215 79
215 1
215 88
216 89
216 38
216 140
217 10
217 136
217 29
218 210
218 15
218 1
219 82
219 3
219 102
220 198
220 3
220 152
221 210
221 76
221 10
222 36
222 133
222 127
223 79
223 23
223 190
224 1
224 42
224 63
225 14
225 15
225 61
226 41
226 145
226 86
227 43
227 172
227 81
228 92
228 52
228 3
229 0
229 143
229 20
230 14
230 161
230 26
231 171
231 154
231 12
232 179
232 33
232 32
233 5
233 52
233 62
234 154
234 9
234 96
235 75
235 12
235 5
236 9
236 12
236 55
237 76
237 83
237 77
238 131
238 57
238 222
239 5
239 2
239 57
240 153
240 2
240 151
241 18
241 210
241 6
242 8
242 5
242 56
243 8
243 1
243 62
244 89
244 75
244 37
245 55
245 172
245 89
246 159
246 5
246 8
247 157
247 221
247 165
248 47
248 11
248 1
249 143
249 1
249 23
250 106
250 51
250 169
251 16
251 37
251 150
252 125
252 145
252 156
253 97
253 135
253 8
254 6
254 94
254 116
255 191
255 81
255 45
256 44
256 38
256 5
257 179
257 146
257 36
258 60
258 43
258 87
259 126
259 7
259 14
260 101
260 1
260 48
261 48
261 5
261 139
262 8
262 153
262 32
263 39
263 80
263 15
264 0
264 2
264 105
265 47
265 248
265 230
266 63
266 236
266 23
267 60
267 264
267 76
268 0
268 2
268 47
269 39
269 3
269 127
270 3
270 134
270 92
271 223
271 8
271 61
272 1
272 150
272 253
273 54
273 1
273 48
274 17
274 101
274 37
275 102
275 46
275 218
276 27
276 25
276 102
277 121
277 200
277 28
278 168
278 62
278 106
279 144
279 171
279 20
280 39
280 87
280 59
281 178
281 231
281 18
282 235
282 10
282 190
283 0
283 18
283 46
284 31
284 8
284 44
285 210
285 166
285 154
286 160
286 38
286 267
287 47
287 225
287 1
288 75
288 35
288 118
289 17
289 126
289 8
290 130
290 92
290 77
291 20
291 9
291 62
292 157
292 256
292 269
293 164
293 76
293 221
294 57
294 1
294 78
295 1
295 8
295 87
296 39
296 46
296 73
297 86
297 17
297 81
298 11
298 74
298 154
299 288
299 244
299 49
300 39
300 86
300 206
301 230
301 104
301 0
302 90
302 60
302 15
303 259
303 8
303 0
304 5
304 87
304 61
305 1
305 274
305 119
306 2
306 20
306 236
307 3
307 304
307 16
308 3
308 76
308 74
309 161
309 249
309 1
310 166
310 44
310 50
311 198
311 1
311 234
312 106
312 13
312 290
313 81
313 69
313 1
314 39
314 8
314 52
315 199
315 126
315 44
316 160
316 1
316 88
317 65
317 265
317 97
318 71
318 13
318 52
319 44
319 181
319 158
320 39
320 0
320 18
321 8
321 77
321 300
322 122
322 205
322 42
323 127
323 91
323 146
324 88
324 28
324 0
325 190
325 152
325 79
326 36
326 156
326 48
327 46
327 68
327 0
328 9
328 0
328 44
329 62
329 175
329 103
330 311
330 207
330 14
331 3
331 88
331 210
332 244
332 126
332 132
333 307
333 134
333 39
334 81
334 23
334 181
335 108
335 265
335 3
336 47
336 13
336 7
337 257
337 1
337 27
338 281
338 43
338 20
339 123
339 289
339 6
340 315
340 146
340 37
341 61
341 27
341 150
342 62
342 4
342 26
343 49
343 8
343 16
344 0
344 98
344 35
345 62
345 47
345 36
346 309
346 11
346 117
347 9
347 66
347 21
348 165
348 13
348 5
349 151
349 9
349 24
350 210
350 6
350 88
351 1
351 153
351 211
352 117
352 17
352 39
353 144
353 45
353 305
354 214
354 172
354 19
355 191
355 0
355 139
356 3
356 118
356 155
357 259
357 21
357 14
358 56
358 319
358 86
359 1
359 150
359 231
360 131
360 127
360 0
361 1
361 211
361 11
362 236
362 88
362 2
363 105
363 8
363 160
364 0
364 305
364 99
365 1
365 0
365 165
366 153
366 5
366 26
367 306
367 341
367 178
368 160
368 120
368 9
369 325
369 157
369 12
370 311
370 318
370 144
371 227
371 20
371 204
372 2
372 7
372 55
373 326
373 72
373 309
374 119
374 13
374 44
375 203
375 35
375 56
376 8
376 108
376 74
377 19
377 231
377 288
378 11
378 17
378 186
379 334
379 21
379 140
380 127
380 3
380 166
381 223
381 310
381 20
382 91
382 60
382 323
383 317
383 31
383 326
384 13
384 35
384 310
385 108
385 277
385 18
386 329
386 198
386 12
387 18
387 42
387 69
388 161
388 160
388 231
389 265
389 323
389 54
390 6
390 300
390 329
391 125
391 5
391 31
392 74
392 305
392 169
393 212
393 359
393 208
394 332
394 211
394 392
395 140
395 121
395 280
396 175
396 177
396 234
397 33
397 93
397 3
398 376
398 332
398 10
399 5
399 146
399 0
400 163
400 8
400 228
401 94
401 23
401 217
402 392
402 318
402 5
403 16
403 363
403 140
404 79
404 128
404 4
405 11
405 52
405 375
406 169
406 113
406 390
407 20
407 326
407 230
408 52
408 34
408 254
409 236
409 177
409 58
410 279
410 393
410 137
411 8
411 16
411 294
412 241
412 13
412 10
413 262
413 307
413 299
414 126
414 4
414 43
415 3
415 236
415 305
416 173
416 36
416 386
417 414
417 310
417 0
418 0
418 131
418 12
419 214
419 172
419 146
420 318
420 0
420 290
421 147
421 83
421 38
422 31
422 408
422 101
423 39
423 82
423 49
424 29
424 137
424 46
425 20
425 35
425 73
426 95
426 249
426 1
427 378
427 1
427 11
428 5
428 111
428 0
429 310
429 12
429 63
430 283
430 7
430 57
431 84
431 15
431 61
432 195
432 16
432 8
433 122
433 31
433 5
434 287
434 35
434 407
435 126
435 210
435 11
436 199
436 4
436 137
437 1
437 153
437 425
438 31
438 6
438 13
439 92
439 44
439 390
440 52
440 211
440 151
441 5
441 282
441 116
442 152
442 403
442 81
443 193
443 75
443 141
444 52
444 13
444 49
445 8
445 74
445 33
446 3
446 88
446 422
447 95
447 403
447 157
448 38
448 102
448 188
449 388
449 304
449 187
450 0
450 8
450 74
451 0
451 347
451 6
452 308
452 26
452 172
453 186
453 1
453 127
454 228
454 4
454 39
455 399
455 334
455 48
456 396
456 16
456 127
457 378
457 20
457 236
458 221
458 27
458 52
459 361
459 221
459 13
460 386
460 363
460 327
461 8
461 323
461 11
462 4
462 1
462 17
463 181
463 58
463 93
464 314
464 65
464 39
465 37
465 11
465 13
466 178
466 0
466 331
467 238
467 44
467 128
468 102
468 165
468 259
469 23
469 11
469 13
470 15
470 223
470 38
471 13
471 324
471 0
472 38
472 68
472 421
473 388
473 290
473 139
474 294
474 462
474 0
475 42
475 21
475 94
476 332
476 468
476 91
477 6
477 116
477 137
478 467
478 48
478 75
479 44
479 150
479 26
480 92
480 388
480 134
481 305
481 1
481 23
482 229
482 179
482 203
483 59
483 49
483 2
484 39
484 73
484 143
485 48
485 257
485 1
486 370
486 320
486 79
487 8
487 326
487 124
488 258
488 121
488 6
489 104
489 449
489 11
490 14
490 199
490 334
491 27
491 34
491 1
492 80
492 160
492 488
493 9
493 5
493 48
494 75
494 392
494 92
495 242
495 2
495 325
496 157
496 209
496 151
497 81
497 15
497 20
498 268
498 69
498 38
499 210
499 93
499 319
500 122
500 84
500 12
501 2
501 56
501 259
502 246
502 79
502 259
503 17
503 52
503 1
504 7
504 13
504 245
505 8
505 122
505 222
506 27
506 79
506 89
507 7
507 126
507 307
508 393
508 412
508 200
509 253
509 181
509 361
510 481
510 318
510 263
511 73
511 370
511 443
512 26
512 3
512 102
513 1
513 26
513 76
514 122
514 4
514 23
515 13
515 184
515 21
516 460
516 28
516 394
517 3
517 17
517 128
518 56
518 487
518 156
519 140
519 10
519 427
520 422
520 408
520 178
521 62
521 128
521 48
522 445
522 18
522 246
523 370
523 230
523 31
524 9
524 136
524 440
525 227
525 148
525 17
526 3
526 5
526 69
527 164
527 286
527 323
528 49
528 462
528 501
529 69
529 1
529 2
530 256
530 212
530 9
531 295
531 298
531 19
532 61
532 63
532 55
533 169
533 154
533 478
534 128
534 339
534 408
535 79
535 300
535 426
536 152
536 304
536 305
537 354
537 399
537 51
538 7
538 1
538 198
539 27
539 253
539 468
540 272
540 483
540 48
541 127
541 265
541 15
542 8
542 308
542 288
543 15
543 363
543 222
544 134
544 154
544 251
545 169
545 96
545 212
546 515
546 9
546 13
547 461
547 259
547 164
548 2
548 432
548 93
549 1
549 71
549 3
550 34
550 37
550 394
551 523
551 90
551 56
552 499
552 349
552 94
553 332
553 15
553 3
554 23
554 22
554 48
555 129
555 410
555 125
556 244
556 126
556 169
557 178
557 465
557 11
558 9
558 6
558 1
559 50
559 538
559 5
560 8
560 326
560 251
561 202
561 432
561 221
562 253
562 42
562 152
563 9
563 309
563 14
564 174
564 221
564 462
565 490
565 236
565 543
566 33
566 235
566 556
567 275
567 468
567 151
568 9
568 358
568 505
569 127
569 52
569 3
570 62
570 34
570 352
571 94
571 198
571 3
572 122
572 88
572 468
573 1
573 233
573 161
574 316
574 472
574 23
575 4
575 63
575 46
576 16
576 249
576 148
577 379
577 178
577 1
578 33
578 236
578 9
579 96
579 8
579 267
580 14
580 1
580 153
581 181
581 259
581 385
582 24
582 0
582 8
583 10
583 526
583 21
584 96
584 143
584 98
585 579
585 21
585 43
586 6
586 3
586 251
587 3
587 500
587 134
588 6
588 515
588 0
589 485
589 16
589 244
590 352
590 0
590 19
591 338
591 44
591 1
592 49
592 199
592 527
593 9
593 516
593 11
594 79
594 250
594 46
595 3
595 1
595 376
596 153
596 217
596 193
597 19
597 543
597 8
598 394
598 478
598 11
599 181
599 129
599 12
600 383
600 496
600 0
601 8
601 43
601 289
602 7
602 299
602 62
603 130
603 599
603 117
604 57
604 318
604 319
605 19
605 27
605 277
606 248
606 20
606 13
607 377
607 0
607 445
608 586
608 150
608 525
609 7
609 294
609 0
610 105
610 160
610 23
611 581
611 233
611 55
612 415
612 610
612 385
613 353
613 53
613 395
614 69
614 2
614 365
615 172
615 343
615 6
616 521
616 57
616 20
617 589
617 133
617 125
618 9
618 306
618 1
619 209
619 592
619 308
620 79
620 1
620 0
621 336
621 279
621 329
622 257
622 292
622 0
623 3
623 123
623 186
624 29
624 313
624 9
625 8
625 392
625 0
626 385
626 133
626 506
627 172
627 55
627 54
628 1
628 17
628 65
629 529
629 378
629 206
630 264
630 1
630 139
631 231
631 524
631 195
632 324
632 304
632 1
633 1
633 98
633 138
634 151
634 16
634 471
635 259
635 517
635 595
636 276
636 138
636 219
637 45
637 317
637 19
638 101
638 7
638 9
639 48
639 307
639 3
640 537
640 294
640 95
641 38
641 251
641 628
642 505
642 1
642 416
643 79
643 1
643 0
644 91
644 262
644 316
645 96
645 107
645 13
646 1
646 149
646 448
647 473
647 332
647 637
648 571
648 124
648 61
649 81
649 8
649 37
650 543
650 17
650 360
651 237
651 218
651 239
652 414
652 145
652 8
653 39
653 288
653 127
654 434
654 557
654 16
655 532
655 15
655 542
656 76
656 1
656 611
657 212
657 575
657 370
658 229
658 1
658 6
659 10
659 87
659 122
660 79
660 342
660 143
661 0
661 163
661 551
662 134
662 243
662 592
663 91
663 1
663 554
664 126
664 299
664 4
665 254
665 5
665 326
666 486
666 423
666 68
667 7
667 127
667 56
668 27
668 1
668 562
669 134
669 502
669 363
670 392
670 633
670 27
671 636
671 98
671 389
672 385
672 1
672 76
673 145
673 153
673 15
674 92
674 332
674 0
675 414
675 332
675 31
676 233
676 169
676 640
677 57
677 363
677 6
678 376
678 638
678 1
679 328
679 58
679 315
680 39
680 231
680 257
681 76
681 92
681 44
682 8
682 88
682 124
683 3
683 39
683 17
684 66
684 106
684 132
685 435
685 63
685 389
686 180
686 659
686 18
687 31
687 672
687 1
688 201
688 318
688 303
689 8
689 160
689 199
690 567
690 248
690 221
691 621
691 158
691 471
692 256
692 87
692 44
693 41
693 139
693 12
694 608
694 629
694 62
695 566
695 638
695 623
696 435
696 11
696 113
697 350
697 329
697 126
698 484
698 323
698 399
699 668
699 107
699 8
700 183
700 9
700 56
701 34
701 362
701 93
702 492
702 326
702 93
703 430
703 12
703 13
704 6
704 238
704 593
705 445
705 127
705 290
706 191
706 650
706 193
707 561
707 311
707 209
708 485
708 192
708 46
709 2
709 482
709 543
710 117
710 1
710 213
711 58
711 244
711 63
712 52
712 378
712 50
713 23
713 469
713 591
714 6
714 1
714 0
715 271
715 127
715 280
716 214
716 23
716 3
717 34
717 462
717 113
718 7
718 2
718 62
719 397
719 473
719 58
720 259
720 636
720 692
721 501
721 183
721 382
722 243
722 104
722 48
723 0
723 550
723 616
724 158
724 39
724 626
725 181
725 169
725 553
726 62
726 7
726 99
727 242
727 265
727 643
728 288
728 355
728 185
729 307
729 44
729 1
730 60
730 378
730 57
731 440
731 675
731 146
732 321
732 56
732 257
733 487
733 129
733 173
734 96
734 138
734 557
735 0
735 23
735 98
736 267
736 698
736 20
737 236
737 23
737 112
738 48
738 1
738 164
739 10
739 242
739 207
740 9
740 56
740 205
741 494
741 134
741 635
742 195
742 193
742 464
743 146
743 13
743 659
744 246
744 210
744 5
745 54
745 539
745 11
746 460
746 259
746 129
747 23
747 205
747 5
748 5
748 160
748 154
749 245
749 487
749 171
750 26
750 252
750 79
751 2
751 231
751 192
752 461
752 192
752 440
753 446
753 290
753 114
754 48
754 59
754 22
755 98
755 699
755 47
756 81
756 0
756 297
757 206
757 324
757 135
758 310
758 348
758 360
759 2
759 423
759 55
760 550
760 276
760 742
761 205
761 3
761 1
762 73
762 45
762 562
763 11
763 707
763 329
764 307
764 514
764 8
765 486
765 720
765 141
766 756
766 132
766 314
767 198
767 471
767 346
768 484
768 532
768 0
769 181
769 51
769 122
770 461
770 38
770 283
771 611
771 1
771 306
772 56
772 296
772 134
773 3
773 61
773 461
774 13
774 0
774 58
775 10
775 105
775 46
776 5
776 755
776 368
777 596
777 373
777 403
778 229
778 128
778 136
779 264
779 323
779 672
780 0
780 650
780 3
781 11
781 308
781 154
782 719
782 277
782 458
783 246
783 16
783 358
784 46
784 254
784 604
785 499
785 529
785 538
786 46
786 645
786 19
787 48
787 258
787 126
788 508
788 344
788 600
789 536
789 13
789 507
790 134
790 510
790 107
791 1
791 135
791 149
792 128
792 697
792 175
793 107
793 235
793 122
794 12
794 43
794 627
795 0
795 257
795 72
796 759
796 442
796 17
797 402
797 3
797 236
798 360
798 23
798 575
799 517
799 745
799 417
800 361
800 0
800 23
801 509
801 167
801 3
802 8
802 31
802 494
803 296
803 725
803 703
804 450
804 90
804 54
805 311
805 82
805 49
806 95
806 429
806 127
807 27
807 359
807 16
808 244
808 449
808 300
809 69
809 102
809 13
810 393
810 443
810 43
811 617
811 397
811 235
812 1
812 211
812 181
813 332
813 471
813 537
814 0
814 656
814 311
815 20
815 456
815 471
816 652
816 52
816 148
817 36
817 504
817 106
818 496
818 248
818 614
819 725
819 102
819 627
820 45
820 235
820 443
821 79
821 615
821 3
822 683
822 2
822 756
823 430
823 630
823 46
824 74
824 719
824 153
825 30
825 465
825 446
826 21
826 811
826 5
827 320
827 211
827 195
828 0
828 31
828 42
829 468
829 48
829 514
830 11
830 0
830 538
831 621
831 318
831 160
832 125
832 6
832 26
833 67
833 262
833 544
834 698
834 517
834 53
835 257
835 423
835 1
836 745
836 188
836 102
837 97
837 9
837 15
838 813
838 1
838 59
839 449
839 16
839 691
840 626
840 1
840 292
841 225
841 64
841 126
842 12
842 712
842 423
843 8
843 91
843 98
844 257
844 27
844 563
845 204
845 166
845 337
846 404
846 161
846 832
847 48
847 614
847 55
848 245
848 156
848 633
849 493
849 774
849 256
850 269
850 568
850 685
851 76
851 498
851 0
852 48
852 668
852 794
853 27
853 540
853 427
854 18
854 51
854 467
855 391
855 435
855 9
856 58
856 73
856 690
857 770
857 403
857 2
858 755
858 157
858 382
859 480
859 1
859 3
860 151
860 14
860 774
861 127
861 50
861 231
862 559
862 245
862 39
863 150
863 370
863 143
864 414
864 94
864 27
865 160
865 3
865 52
866 380
866 684
866 301
867 198
867 133
867 545
868 6
868 92
868 518
869 68
869 227
869 63
870 707
870 640
870 289
871 584
871 178
871 207
872 396
872 382
872 200
873 400
873 54
873 242
874 684
874 8
874 493
875 17
875 160
875 839
876 88
876 236
876 45
877 84
877 3
877 866
878 342
878 6
878 94
879 25
879 419
879 875
880 135
880 90
880 110
881 666
881 435
881 752
882 298
882 95
882 559
883 186
883 348
883 54
884 311
884 153
884 503
885 3
885 854
885 120
886 179
886 34
886 16
887 202
887 24
887 363
888 52
888 310
888 369
889 868
889 86
889 219
890 815
890 439
890 745
891 27
891 55
891 26
892 76
892 160
892 263
893 127
893 32
893 410
894 618
894 152
894 256
895 359
895 277
895 388
896 15
896 290
896 893
897 35
897 488
897 23
898 311
898 360
898 15
899 739
899 172
899 91
900 245
900 1
900 92
901 694
901 69
901 417
902 892
902 5
902 21
903 174
903 250
903 577
904 464
904 52
904 517
905 669
905 746
905 13
906 3
906 724
906 558
907 179
907 1
907 95
908 50
908 1
908 0
909 863
909 267
909 745
910 158
910 5
910 324
911 677
911 15
911 796
912 221
912 217
912 246
913 377
913 191
913 5
914 22
914 27
914 851
915 257
915 309
915 107
916 775
916 8
916 592
917 604
917 458
917 808
918 88
918 494
918 712
919 88
919 629
919 14
920 738
920 60
920 318
921 717
921 15
921 839
922 46
922 23
922 346
923 443
923 184
923 419
924 151
924 306
924 138
925 736
925 98
925 427
926 385
926 429
926 42
927 239
927 74
927 26
928 169
928 46
928 773
929 3
929 697
929 73
930 765
930 48
930 360
931 488
931 487
931 12
932 164
932 809
932 0
933 788
933 38
933 458
934 22
934 12
934 736
935 407
935 341
935 310
936 1
936 12
936 363
937 713
937 172
937 722
938 38
938 751
938 76
939 602
939 694
939 138
940 377
940 212
940 118
941 221
941 165
941 1
942 452
942 645
942 1
943 246
943 204
943 74
944 179
944 83
944 487
945 135
945 8
945 248
946 122
946 9
946 250
947 548
947 265
947 403
948 79
948 714
948 47
949 267
949 259
949 123
950 26
950 255
950 15
951 32
951 498
951 833
952 875
952 137
952 836
953 439
953 140
953 6
954 18
954 48
954 886
955 248
955 788
955 480
956 54
956 81
956 941
957 423
957 215
957 310
958 305
958 193
958 127
959 672
959 2
959 780
960 868
960 341
960 627
961 150
961 598
961 466
962 27
962 2
962 189
963 52
963 228
963 789
964 6
964 894
964 278
965 8
965 950
965 152
966 378
966 467
966 435
967 116
967 863
967 1
968 311
968 344
968 37
969 359
969 425
969 17
970 450
970 473
970 857
971 850
971 62
971 195
972 734
972 174
972 74
973 127
973 8
973 413
974 441
974 160
974 798
975 265
975 49
975 659
976 135
976 681
976 349
977 618
977 239
977 32
978 770
978 14
978 102
979 138
979 74
979 31
980 781
980 684
980 1
981 181
981 967
981 661
982 311
982 0
982 282
983 250
983 296
983 452
984 300
984 423
984 0
985 756
985 629
985 39
986 146
986 65
986 356
987 4
987 457
987 261
988 153
988 8
988 662
989 578
989 127
989 90
990 781
990 139
990 43
991 194
991 128
991 28
992 17
992 26
992 27
993 816
993 712
993 613
994 58
994 178
994 90
995 51
995 185
995 784
996 150
996 15
996 96
997 520
997 938
997 519
998 956
998 9
998 961
999 832
999 297
999 66
