0 1
1 0
2 0
2 1
3 0
3 1
3 2
4 2
4 0
4 3
5 3
5 0
5 1
6 1
6 3
6 0
7 1
7 3
7 2
8 6
8 0
8 7
9 1
9 0
9 5
10 0
10 4
10 3
11 6
11 3
11 0
12 0
12 6
12 8
13 8
13 0
13 2
14 1
14 4
14 6
15 11
15 9
15 0
16 6
16 2
16 4
17 5
17 9
17 2
18 0
18 3
18 5
19 1
19 2
19 10
20 3
20 11
20 0
21 4
21 11
21 6
22 0
22 7
22 14
23 6
23 10
23 14
24 0
24 18
24 6
25 19
25 2
25 18
26 17
26 7
26 18
27 12
27 18
27 11
28 19
28 17
28 27
29 1
29 11
29 4
30 4
30 26
30 2
31 12
31 25
31 11
32 28
32 12
32 23
33 30
33 2
33 27
34 11
34 18
34 23
35 10
35 24
35 9
36 4
36 0
36 12
37 24
37 30
37 0
38 29
38 1
38 22
39 1
39 0
39 6
40 2
40 0
40 27
41 39
41 28
41 0
42 18
42 6
42 11
43 12
43 6
43 11
44 19
44 0
44 9
45 11
45 32
45 35
46 0
46 22
46 36
47 2
47 25
47 0
48 10
48 2
48 12
49 27
49 48
49 19
50 18
50 5
50 35
51 6
51 41
51 3
52 51
52 6
52 1
53 48
53 6
53 51
54 43
54 3
54 1
55 4
55 27
55 12
56 2
56 40
56 44
57 5
57 39
57 23
58 5
58 40
58 12
59 14
59 25
59 4
60 55
60 56
60 30
61 23
61 45
61 2
62 37
62 18
62 47
63 5
63 1
63 54
64 31
64 8
64 0
65 30
65 2
65 11
66 26
66 10
66 0
67 24
67 11
67 45
68 37
68 51
68 5
69 11
69 2
69 28
70 45
70 1
70 6
71 9
71 0
71 4
72 3
72 64
72 2
73 10
73 63
73 56
74 15
74 53
74 61
75 15
75 25
75 18
76 1
76 36
76 35
77 26
77 9
77 6
78 77
78 67
78 0
79 13
79 6
79 75
80 46
80 19
80 51
81 23
81 48
81 2
82 0
82 77
82 74
83 45
83 26
83 5
84 42
84 11
84 71
85 24
85 6
85 51
86 72
86 84
86 61
87 5
87 1
87 0
88 1
88 3
88 51
89 0
89 39
89 1
90 2
90 27
90 11
91 74
91 13
91 25
92 27
92 73
92 78
93 67
93 49
93 86
94 45
94 4
94 74
95 49
95 47
95 60
96 10
96 21
96 30
97 9
97 75
97 24
98 37
98 51
98 18
99 33
99 53
99 44
100 57
100 18
100 0
101 6
101 4
101 14
102 10
102 29
102 37
103 96
103 1
103 26
104 56
104 14
104 54
105 1
105 5
105 25
106 73
106 52
106 16
107 87
107 21
107 1
108 14
108 100
108 3
109 4
109 10
109 0
110 55
110 53
110 52
111 100
111 55
111 37
112 99
112 12
112 4
113 66
113 60
113 69
114 91
114 0
114 12
115 85
115 64
115 1
116 86
116 52
116 1
117 0
117 107
117 1
118 102
118 107
118 7
119 15
119 24
119 80
120 88
120 97
120 30
121 6
121 11
121 40
122 25
122 72
122 71
123 26
123 43
123 4
124 50
124 6
124 102
125 6
125 54
125 1
126 49
126 70
126 1
127 30
127 44
127 86
128 105
128 0
128 36
129 66
129 0
129 34
130 14
130 6
130 2
131 6
131 38
131 123
132 73
132 0
132 44
133 10
133 75
133 19
134 18
134 25
134 12
135 16
135 92
135 38
136 9
136 89
136 30
137 19
137 135
137 0
138 92
138 18
138 52
139 33
139 0
139 1
140 24
140 25
140 56
141 99
141 6
141 27
142 87
142 129
142 40
143 48
143 51
143 137
144 37
144 35
144 47
145 10
145 76
145 43
146 19
146 91
146 107
147 106
147 0
147 6
148 35
148 52
148 46
149 64
149 71
149 114
150 1
150 12
150 51
151 66
151 67
151 1
152 39
152 55
152 48
153 19
153 86
153 45
154 6
154 14
154 71
155 29
155 72
155 49
156 52
156 53
156 29
157 119
157 1
157 134
158 154
158 24
158 14
159 99
159 43
159 149
160 27
160 97
160 78
161 107
161 62
161 0
162 26
162 0
162 137
163 9
163 138
163 118
164 82
164 28
164 19
165 51
165 8
165 24
166 70
166 63
166 45
167 1
167 0
167 41
168 25
168 118
168 92
169 77
169 24
169 4
170 134
170 65
170 11
171 165
171 150
171 72
172 155
172 117
172 86
173 60
173 32
173 71
174 127
174 34
174 0
175 98
175 39
175 49
176 84
176 6
176 56
177 69
177 109
177 156
178 0
178 1
178 143
179 38
179 6
179 59
180 84
180 0
180 55
181 23
181 4
181 24
182 26
182 98
182 60
183 169
183 153
183 121
184 103
184 9
184 30
185 11
185 107
185 97
186 163
186 30
186 71
187 169
187 11
187 0
188 0
188 34
188 137
189 0
189 38
189 138
190 135
190 5
190 100
191 74
191 186
191 11
192 178
192 19
192 18
193 6
193 161
193 97
194 29
194 5
194 107
195 35
195 1
195 8
196 24
196 63
196 6
197 130
197 53
197 18
198 7
198 47
198 1
199 75
199 67
199 86
200 53
200 61
200 65
201 26
201 15
201 174
202 143
202 17
202 105
203 133
203 3
203 11
204 167
204 202
204 55
205 115
205 6
205 165
206 14
206 143
206 196
207 11
207 78
207 35
208 127
208 91
208 6
209 60
209 172
209 160
210 1
210 88
210 165
211 152
211 83
211 181
212 48
212 51
212 8
213 135
213 4
213 34
214 98
214 47
214 86
215 45
215 213
215 14
216 12
216 162
216 98
217 42
217 0
217 86
218 0
218 31
218 3
219 4
219 194
219 94
220 38
220 61
220 178
221 146
221 195
221 134
222 0
222 41
222 11
223 136
223 24
223 23
224 105
224 12
224 48
225 54
225 196
225 135
226 132
226 144
226 1
227 51
227 0
227 12
228 0
228 42
228 6
229 123
229 11
229 204
230 24
230 1
230 214
231 25
231 133
231 127
232 4
232 63
232 90
233 164
233 225
233 229
234 39
234 11
234 70
235 67
235 107
235 18
236 37
236 28
236 49
237 40
237 20
237 94
238 55
238 183
238 84
239 192
239 135
239 143
240 1
240 84
240 0
241 165
241 70
241 115
242 90
242 176
242 115
243 16
243 6
243 3
244 17
244 24
244 19
245 208
245 25
245 87
246 208
246 130
246 134
247 10
247 232
247 75
248 15
248 193
248 169
249 65
249 24
249 139
250 196
250 71
250 33
251 143
251 166
251 84
252 1
252 125
252 21
253 21
253 0
253 122
254 1
254 182
254 234
255 209
255 6
255 194
256 120
256 103
256 18
257 14
257 6
257 254
258 81
258 169
258 1
259 135
259 84
259 256
260 52
260 69
260 251
261 183
261 174
261 97
262 55
262 11
262 122
263 27
263 107
263 146
264 215
264 42
264 192
265 11
265 26
265 63
266 59
266 0
266 125
267 92
267 1
267 5
268 93
268 196
268 31
269 94
269 61
269 254
270 12
270 150
270 181
271 14
271 169
271 34
272 265
272 127
272 129
273 53
273 52
273 193
274 148
274 266
274 53
275 171
275 53
275 136
276 25
276 240
276 165
277 145
277 77
277 55
278 77
278 2
278 129
279 11
279 184
279 248
280 111
280 107
280 105
281 256
281 143
281 250
282 24
282 40
282 142
283 52
283 29
283 39
284 231
284 205
284 10
285 49
285 123
285 3
286 6
286 40
286 55
287 51
287 139
287 186
288 225
288 48
288 5
289 87
289 169
289 115
290 0
290 264
290 54
291 4
291 6
291 92
292 19
292 254
292 137
293 22
293 10
293 115
294 170
294 107
294 11
295 254
295 165
295 115
296 274
296 179
296 55
297 71
297 261
297 78
298 70
298 107
298 294
299 125
299 88
299 219
300 65
300 31
300 166
301 5
301 52
301 11
302 47
302 115
302 21
303 6
303 19
303 123
304 6
304 134
304 105
305 4
305 48
305 0
306 91
306 8
306 160
307 17
307 43
307 165
308 229
308 97
308 196
309 91
309 0
309 73
310 54
310 4
310 92
311 125
311 206
311 63
312 69
312 222
312 32
313 137
313 134
313 40
314 0
314 3
314 26
315 13
315 26
315 36
316 37
316 53
316 27
317 18
317 25
317 14
318 205
318 103
318 49
319 67
319 171
319 249
320 168
320 107
320 183
321 261
321 82
321 16
322 7
322 255
322 84
323 146
323 23
323 75
324 11
324 12
324 1
325 249
325 2
325 30
326 32
326 193
326 27
327 0
327 197
327 35
328 125
328 145
328 6
329 75
329 326
329 310
330 10
330 318
330 35
331 70
331 150
331 248
332 248
332 6
332 25
333 136
333 39
333 72
334 155
334 293
334 161
335 322
335 146
335 74
336 48
336 254
336 9
337 296
337 53
337 0
338 42
338 176
338 2
339 131
339 159
339 21
340 300
340 143
340 202
341 228
341 268
341 4
342 150
342 229
342 2
343 49
343 264
343 65
344 248
344 247
344 100
345 171
345 309
345 258
346 52
346 116
346 27
347 83
347 7
347 142
348 18
348 321
348 0
349 147
349 288
349 104
350 119
350 91
350 52
351 220
351 141
351 134
352 285
352 0
352 229
353 74
353 153
353 11
354 69
354 0
354 23
355 26
355 264
355 309
356 39
356 1
356 289
357 296
357 10
357 193
358 90
358 10
358 1
359 289
359 136
359 107
360 201
360 297
360 7
361 85
361 321
361 2
362 164
362 25
362 302
363 172
363 183
363 132
364 54
364 185
364 203
365 0
365 8
365 291
366 348
366 170
366 53
367 241
367 0
367 25
368 248
368 197
368 288
369 4
369 127
369 143
370 288
370 38
370 3
371 247
371 165
371 3
372 162
372 4
372 3
373 269
373 1
373 328
374 38
374 26
374 62
375 206
375 3
375 73
376 30
376 41
376 78
377 280
377 21
377 55
378 6
378 155
378 199
379 80
379 7
379 148
380 144
380 142
380 114
381 52
381 205
381 291
382 53
382 214
382 90
383 19
383 304
383 26
384 63
384 14
384 169
385 17
385 67
385 146
386 1
386 229
386 368
387 169
387 315
387 48
388 0
388 140
388 37
389 170
389 0
389 290
390 207
390 76
390 105
391 35
391 369
391 79
392 329
392 13
392 188
393 6
393 181
393 75
394 99
394 339
394 37
395 290
395 252
395 2
396 45
396 392
396 0
397 78
397 157
397 310
398 69
398 60
398 122
399 194
399 53
399 48
400 12
400 47
400 252
401 10
401 274
401 180
402 67
402 64
402 333
403 194
403 239
403 11
404 316
404 1
404 127
405 34
405 85
405 361
406 88
406 0
406 165
407 201
407 159
407 110
408 35
408 361
408 11
409 74
409 30
409 32
410 6
410 290
410 102
411 163
411 44
411 318
412 339
412 55
412 346
413 179
413 50
413 120
414 53
414 180
414 412
415 84
415 1
415 4
416 132
416 34
416 127
417 263
417 311
417 12
418 98
418 33
418 52
419 88
419 359
419 409
420 53
420 191
420 12
421 11
421 121
421 290
422 346
422 261
422 339
423 39
423 52
423 77
424 249
424 50
424 183
425 158
425 174
425 7
426 11
426 134
426 372
427 91
427 346
427 378
428 295
428 206
428 139
429 38
429 250
429 227
430 6
430 1
430 403
431 0
431 258
431 90
432 19
432 109
432 25
433 290
433 235
433 418
434 0
434 223
434 427
435 254
435 198
435 371
436 321
436 156
436 146
437 289
437 321
437 325
438 59
438 32
438 6
439 84
439 20
439 311
440 357
440 48
440 343
441 79
441 369
441 12
442 305
442 195
442 174
443 433
443 405
443 1
444 84
444 310
444 143
445 418
445 32
445 116
446 107
446 407
446 25
447 290
447 18
447 90
448 6
448 447
448 48
449 30
449 125
449 165
450 11
450 25
450 27
451 249
451 14
451 37
452 191
452 115
452 286
453 52
453 300
453 208
454 5
454 161
454 84
455 442
455 175
455 415
456 239
456 10
456 442
457 291
457 310
457 24
458 186
458 273
458 268
459 409
459 38
459 1
460 303
460 274
460 11
461 420
461 65
461 160
462 245
462 252
462 357
463 106
463 145
463 187
464 450
464 107
464 34
465 5
465 80
465 129
466 18
466 364
466 155
467 249
467 110
467 185
468 316
468 464
468 192
469 218
469 84
469 176
470 270
470 239
470 18
471 47
471 70
471 180
472 120
472 282
472 9
473 440
473 55
473 183
474 422
474 414
474 196
475 162
475 5
475 1
476 79
476 350
476 55
477 131
477 49
477 14
478 6
478 450
478 248
479 53
479 179
479 113
480 91
480 141
480 303
481 273
481 408
481 188
482 174
482 355
482 395
483 140
483 18
483 318
484 2
484 410
484 55
485 247
485 137
485 229
486 205
486 1
486 77
487 106
487 89
487 174
488 369
488 136
488 0
489 0
489 114
489 61
490 6
490 91
490 29
491 277
491 230
491 305
492 0
492 105
492 63
493 153
493 42
493 374
494 109
494 38
494 75
495 388
495 184
495 19
496 42
496 283
496 82
497 24
497 50
497 120
498 4
498 473
498 331
499 339
499 1
499 302
