0 1
0 2
1 0
1 2
2 0
2 1
3 0
3 1
3 2
4 0
4 2
4 1
5 3
5 0
5 1
6 3
6 2
6 5
7 5
7 2
7 6
8 1
8 3
8 0
9 1
9 2
9 7
10 5
10 2
10 4
11 4
11 1
11 3
12 0
12 11
12 3
13 6
13 9
13 4
14 8
14 2
14 5
15 0
15 1
15 2
16 9
16 11
16 1
17 0
17 4
17 12
18 4
18 16
18 1
19 7
19 4
19 3
20 0
20 5
20 3
21 4
21 16
21 3
22 0
22 4
22 1
23 1
23 9
23 16
24 3
24 12
24 2
25 4
25 6
25 11
26 0
26 3
26 13
27 13
27 5
27 3
28 2
28 1
28 5
29 18
29 0
29 25
30 0
30 3
30 16
31 4
31 15
31 11
32 4
32 5
32 9
33 3
33 1
33 6
34 10
34 25
34 5
35 7
35 0
35 13
36 4
36 9
36 27
37 26
37 11
37 0
38 25
38 16
38 23
39 4
39 27
39 25
40 27
40 4
40 1
41 4
41 3
41 26
42 11
42 1
42 37
43 34
43 7
43 40
44 24
44 37
44 25
45 38
45 22
45 2
46 6
46 26
46 0
47 7
47 4
47 11
48 8
48 1
48 16
49 4
49 31
49 1
