0 1
1 0
2 1
2 0
3 2
3 1
3 0
4 3
4 0
4 1
5 1
5 4
5 3
6 3
6 4
6 0
7 0
7 4
7 3
8 3
8 7
8 4
9 5
9 7
9 0
10 4
10 1
10 7
11 0
11 9
11 3
12 0
12 5
12 7
13 0
13 3
13 11
14 8
14 10
14 3
15 0
15 3
15 7
16 0
16 5
16 9
17 0
17 16
17 2
18 4
18 12
18 7
19 17
19 4
19 1
20 7
20 0
20 2
21 0
21 7
21 11
22 11
22 16
22 8
23 7
23 1
23 12
24 12
24 6
24 16
25 0
25 18
25 3
26 15
26 3
26 16
27 3
27 20
27 15
28 3
28 0
28 20
29 13
29 0
29 2
30 4
30 17
30 0
31 17
31 5
31 30
32 1
32 2
32 21
33 4
33 20
33 0
34 32
34 13
34 8
35 4
35 0
35 11
36 1
36 35
36 13
37 4
37 0
37 30
38 7
38 9
38 12
39 14
39 0
39 37
40 8
40 29
40 1
41 7
41 13
41 0
42 16
42 5
42 33
43 9
43 15
43 22
44 15
44 9
44 29
45 31
45 1
45 17
46 1
46 15
46 17
47 12
47 43
47 3
48 5
48 47
48 20
49 3
49 17
49 12
50 43
50 44
50 20
51 20
51 0
51 3
52 1
52 0
52 12
53 4
53 3
53 0
54 45
54 0
54 7
55 4
55 11
55 8
56 3
56 20
56 10
57 3
57 22
57 44
58 12
58 4
58 1
59 28
59 0
59 2
60 59
60 18
60 3
61 36
61 38
61 20
62 0
62 54
62 30
63 29
63 9
63 49
64 1
64 12
64 11
65 50
65 1
65 20
66 51
66 61
66 0
67 4
67 11
67 47
68 4
68 14
68 57
69 17
69 9
69 34
70 33
70 43
70 34
71 10
71 54
71 37
72 9
72 4
72 11
73 32
73 48
73 38
74 39
74 1
74 12
75 49
75 4
75 62
76 4
76 23
76 0
77 5
77 11
77 33
78 17
78 63
78 33
79 0
79 28
79 41
80 27
80 15
80 40
81 16
81 46
81 67
82 45
82 11
82 31
83 67
83 14
83 4
84 12
84 14
84 62
85 0
85 20
85 38
86 57
86 46
86 85
87 0
87 9
87 46
88 2
88 0
88 37
89 59
89 25
89 44
90 0
90 14
90 2
91 13
91 7
91 54
92 1
92 39
92 84
93 20
93 4
93 92
94 80
94 13
94 53
95 8
95 7
95 2
96 89
96 12
96 38
97 59
97 70
97 4
98 86
98 66
98 0
99 13
99 17
99 46
100 37
100 3
100 0
101 91
101 7
101 51
102 13
102 40
102 25
103 7
103 12
103 13
104 67
104 17
104 0
105 3
105 47
105 0
106 2
106 56
106 75
107 1
107 4
107 39
108 79
108 1
108 104
109 89
109 93
109 96
110 59
110 5
110 47
111 39
111 37
111 49
112 3
112 84
112 0
113 39
113 35
113 34
114 72
114 15
114 104
115 27
115 0
115 96
116 106
116 23
116 112
117 37
117 0
117 3
118 3
118 12
118 25
119 32
119 20
119 112
120 107
120 9
120 45
121 0
121 45
121 49
122 7
122 37
122 56
123 12
123 11
123 42
124 32
124 45
124 40
125 3
125 23
125 5
126 32
126 118
126 2
127 7
127 31
127 13
128 39
128 0
128 17
129 58
129 12
129 0
130 29
130 30
130 0
131 60
131 68
131 51
132 49
132 111
132 27
133 9
133 69
133 53
134 97
134 84
134 93
135 33
135 53
135 37
136 11
136 112
136 0
137 68
137 122
137 102
138 7
138 104
138 130
139 8
139 9
139 0
140 88
140 75
140 70
141 20
141 0
141 77
142 0
142 17
142 15
143 31
143 22
143 13
144 85
144 23
144 6
145 0
145 97
145 104
146 54
146 139
146 35
147 0
147 39
147 1
148 1
148 98
148 30
149 3
149 0
149 63
150 58
150 88
150 7
151 0
151 85
151 135
152 45
152 2
152 8
153 5
153 20
153 8
154 67
154 7
154 4
155 140
155 141
155 51
156 0
156 14
156 51
157 95
157 47
157 66
158 67
158 9
158 45
159 20
159 2
159 10
160 119
160 9
160 12
161 104
161 72
161 75
162 55
162 9
162 23
163 51
163 37
163 7
164 0
164 20
164 146
165 31
165 3
165 25
166 78
166 31
166 43
167 88
167 11
167 46
168 126
168 94
168 11
169 77
169 1
169 20
170 17
170 0
170 7
171 15
171 107
171 95
172 7
172 23
172 134
173 37
173 14
173 2
174 65
174 7
174 0
175 149
175 7
175 2
176 54
176 40
176 2
177 53
177 1
177 54
178 53
178 42
178 96
179 129
179 25
179 13
180 119
180 11
180 25
181 22
181 57
181 4
182 142
182 72
182 20
183 160
183 84
183 68
184 94
184 86
184 0
185 86
185 9
185 4
186 54
186 119
186 184
187 134
187 62
187 139
188 0
188 58
188 84
189 20
189 121
189 43
190 132
190 7
190 151
191 67
191 34
191 74
192 126
192 1
192 45
193 31
193 162
193 0
194 128
194 125
194 3
195 76
195 25
195 141
196 1
196 3
196 0
197 89
197 45
197 62
198 45
198 38
198 49
199 1
199 71
199 85
200 25
200 13
200 72
201 85
201 11
201 20
202 197
202 22
202 37
203 96
203 143
203 54
204 2
204 170
204 11
205 63
205 3
205 170
206 13
206 54
206 0
207 105
207 131
207 2
208 164
208 141
208 20
209 131
209 88
209 9
210 127
210 7
210 33
211 53
211 74
211 163
212 13
212 11
212 8
213 5
213 51
213 74
214 110
214 7
214 5
215 84
215 77
215 62
216 45
216 2
216 109
217 13
217 67
217 0
218 73
218 17
218 204
219 25
219 62
219 59
220 40
220 71
220 7
221 41
221 3
221 195
222 48
222 213
222 3
223 5
223 135
223 25
224 0
224 4
224 213
225 114
225 37
225 12
226 16
226 164
226 111
227 54
227 40
227 49
228 210
228 9
228 223
229 32
229 20
229 90
230 0
230 20
230 120
231 4
231 5
231 82
232 209
232 28
232 119
233 32
233 3
233 73
234 56
234 29
234 114
235 77
235 78
235 27
236 17
236 82
236 181
237 5
237 191
237 67
238 39
238 93
238 146
239 0
239 2
239 143
240 0
240 20
240 68
241 131
241 89
241 46
242 133
242 89
242 126
243 62
243 51
243 9
244 158
244 232
244 72
245 131
245 4
245 5
246 7
246 146
246 85
247 51
247 204
247 45
248 38
248 0
248 58
249 59
249 30
249 148
250 171
250 112
250 17
251 171
251 22
251 150
252 59
252 40
252 32
253 25
253 3
253 79
254 7
254 113
254 147
255 6
255 0
255 77
256 214
256 211
256 1
257 56
257 10
257 21
258 237
258 8
258 66
259 62
259 2
259 16
260 2
260 232
260 61
261 130
261 59
261 17
262 5
262 15
262 119
263 42
263 150
263 57
264 23
264 113
264 121
265 89
265 7
265 91
266 172
266 111
266 230
267 32
267 12
267 5
268 7
268 208
268 168
269 217
269 17
269 25
270 76
270 203
270 116
271 20
271 115
271 0
272 8
272 138
272 60
273 31
273 0
273 25
274 114
274 245
274 37
275 262
275 45
275 77
276 4
276 104
276 110
277 20
277 157
277 54
278 178
278 31
278 247
279 11
279 117
279 2
280 25
280 72
280 111
281 34
281 104
281 0
282 275
282 75
282 35
283 57
283 119
283 38
284 33
284 277
284 31
285 11
285 110
285 17
286 0
286 21
286 118
287 285
287 39
287 87
288 185
288 226
288 1
289 275
289 201
289 26
290 25
290 246
290 72
291 138
291 182
291 30
292 162
292 33
292 16
293 58
293 28
293 3
294 211
294 118
294 14
295 72
295 37
295 145
296 133
296 0
296 65
297 221
297 146
297 9
298 176
298 104
298 152
299 142
299 8
299 162
300 19
300 173
300 132
301 51
301 7
301 132
302 300
302 7
302 3
303 5
303 3
303 200
304 248
304 67
304 7
305 1
305 22
305 53
306 89
306 291
306 63
307 175
307 13
307 54
308 93
308 298
308 1
309 48
309 68
309 10
310 229
310 146
310 4
311 180
311 155
311 43
312 131
312 9
312 237
313 221
313 273
313 2
314 55
314 54
314 27
315 210
315 252
315 148
316 119
316 109
316 62
317 25
317 49
317 60
318 49
318 118
318 174
319 318
319 176
319 8
320 11
320 30
320 15
321 0
321 52
321 242
322 13
322 124
322 291
323 322
323 177
323 73
324 229
324 68
324 226
325 0
325 70
325 3
326 79
326 280
326 42
327 0
327 78
327 1
328 90
328 40
328 3
329 259
329 162
329 137
330 87
330 126
330 81
331 147
331 308
331 123
332 284
332 77
332 64
333 87
333 319
333 51
334 170
334 10
334 17
335 125
335 13
335 30
336 23
336 266
336 12
337 52
337 3
337 1
338 180
338 40
338 150
339 26
339 242
339 229
340 89
340 70
340 2
341 259
341 164
341 126
342 48
342 177
342 85
343 136
343 94
343 120
344 267
344 331
344 37
345 126
345 118
345 191
346 274
346 3
346 182
347 21
347 315
347 56
348 2
348 12
348 282
349 322
349 216
349 222
350 223
350 342
350 22
351 169
351 111
351 68
352 233
352 175
352 7
353 40
353 64
353 213
354 288
354 54
354 4
355 161
355 57
355 65
356 168
356 303
356 271
357 12
357 329
357 14
358 93
358 17
358 282
359 297
359 265
359 8
360 29
360 71
360 104
361 12
361 138
361 1
362 111
362 263
362 254
363 126
363 0
363 90
364 48
364 129
364 293
365 0
365 5
365 295
366 82
366 282
366 238
367 153
367 32
367 11
368 4
368 66
368 111
369 148
369 9
369 1
370 3
370 186
370 27
371 40
371 42
371 74
372 226
372 93
372 279
373 11
373 35
373 359
374 47
374 310
374 93
375 10
375 319
375 338
376 33
376 52
376 114
377 247
377 180
377 72
378 11
378 250
378 58
379 279
379 32
379 29
380 293
380 17
380 96
381 78
381 20
381 361
382 232
382 259
382 4
383 25
383 78
383 42
384 26
384 288
384 159
385 262
385 111
385 280
386 355
386 300
386 210
387 79
387 160
387 2
388 245
388 83
388 116
389 268
389 37
389 105
390 0
390 96
390 106
391 184
391 122
391 333
392 88
392 12
392 49
393 372
393 132
393 100
394 241
394 76
394 346
395 46
395 59
395 171
396 4
396 12
396 82
397 55
397 38
397 3
398 45
398 227
398 355
399 110
399 67
399 11
400 285
400 2
400 192
401 0
401 9
401 6
402 215
402 169
402 49
403 83
403 41
403 232
404 86
404 0
404 320
405 171
405 88
405 3
406 59
406 1
406 16
407 192
407 149
407 40
408 356
408 346
408 253
409 186
409 143
409 247
410 14
410 329
410 25
411 84
411 25
411 344
412 70
412 5
412 64
413 138
413 42
413 81
414 246
414 291
414 119
415 43
415 27
415 399
416 9
416 209
416 63
417 212
417 373
417 146
418 167
418 39
418 215
419 81
419 4
419 340
420 344
420 54
420 57
421 312
421 56
421 10
422 104
422 1
422 34
423 7
423 391
423 2
424 14
424 42
424 217
425 3
425 406
425 163
426 44
426 74
426 20
427 334
427 13
427 254
428 0
428 132
428 9
429 68
429 290
429 87
430 332
430 357
430 233
431 246
431 161
431 134
432 154
432 61
432 20
433 91
433 197
433 121
434 4
434 49
434 13
435 22
435 319
435 362
436 40
436 2
436 237
437 238
437 0
437 32
438 27
438 37
438 118
439 285
439 8
439 238
440 25
440 77
440 104
441 3
441 0
441 291
442 17
442 388
442 8
443 248
443 125
443 114
444 73
444 28
444 49
445 184
445 133
445 167
446 0
446 259
446 54
447 247
447 148
447 3
448 4
448 114
448 305
449 407
449 16
449 329
450 8
450 57
450 307
451 20
451 21
451 271
452 38
452 304
452 45
453 4
453 1
453 223
454 304
454 32
454 176
455 197
455 58
455 319
456 13
456 242
456 311
457 0
457 275
457 238
458 44
458 198
458 9
459 111
459 17
459 119
460 11
460 68
460 0
461 88
461 391
461 170
462 104
462 384
462 17
463 336
463 234
463 252
464 94
464 114
464 275
465 198
465 57
465 461
466 169
466 58
466 13
467 270
467 35
467 17
468 39
468 0
468 434
469 95
469 66
469 272
470 66
470 389
470 92
471 39
471 17
471 157
472 238
472 290
472 211
473 148
473 410
473 461
474 236
474 172
474 17
475 126
475 405
475 92
476 0
476 30
476 59
477 12
477 28
477 4
478 96
478 426
478 377
479 2
479 445
479 414
480 0
480 89
480 290
481 73
481 33
481 26
482 402
482 68
482 67
483 113
483 391
483 414
484 48
484 2
484 20
485 443
485 417
485 204
486 434
486 84
486 267
487 17
487 20
487 154
488 0
488 111
488 72
489 4
489 23
489 137
490 231
490 0
490 410
491 340
491 323
491 399
492 362
492 182
492 53
493 457
493 217
493 31
494 8
494 72
494 4
495 324
495 109
495 377
496 261
496 465
496 236
497 0
497 213
497 111
498 182
498 326
498 247
499 451
499 269
499 160
500 50
500 233
500 247
501 241
501 171
501 384
502 143
502 40
502 384
503 236
503 55
503 7
504 463
504 301
504 328
505 32
505 98
505 28
506 399
506 51
506 158
507 332
507 217
507 277
508 21
508 58
508 55
509 0
509 8
509 468
510 172
510 4
510 201
511 89
511 7
511 505
512 313
512 2
512 166
513 399
513 40
513 113
514 3
514 125
514 13
515 86
515 259
515 378
516 442
516 3
516 13
517 341
517 410
517 463
518 346
518 286
518 123
519 130
519 11
519 57
520 118
520 0
520 215
521 184
521 9
521 20
522 31
522 219
522 416
523 230
523 104
523 97
524 186
524 306
524 62
525 152
525 60
525 319
526 352
526 347
526 154
527 111
527 39
527 162
528 337
528 141
528 235
529 0
529 83
529 171
530 4
530 213
530 33
531 37
531 59
531 30
532 32
532 518
532 3
533 398
533 123
533 94
534 12
534 13
534 136
535 168
535 506
535 30
536 7
536 387
536 392
537 233
537 3
537 41
538 89
538 303
538 148
539 84
539 198
539 34
540 496
540 105
540 67
541 29
541 271
541 217
542 440
542 517
542 1
543 271
543 398
543 84
544 416
544 248
544 300
545 506
545 213
545 37
546 70
546 147
546 4
547 506
547 61
547 154
548 473
548 15
548 141
549 328
549 4
549 364
550 290
550 42
550 39
551 371
551 227
551 169
552 269
552 357
552 37
553 14
553 150
553 236
554 227
554 1
554 111
555 229
555 251
555 391
556 126
556 406
556 86
557 32
557 246
557 420
558 182
558 26
558 231
559 98
559 456
559 87
560 399
560 445
560 0
561 400
561 114
561 365
562 283
562 51
562 29
563 1
563 22
563 2
564 394
564 319
564 7
565 534
565 300
565 215
566 33
566 197
566 367
567 0
567 42
567 488
568 101
568 4
568 0
569 197
569 53
569 558
570 102
570 11
570 37
571 101
571 0
571 495
572 144
572 32
572 3
573 180
573 70
573 9
574 532
574 511
574 523
575 14
575 538
575 292
576 77
576 572
576 303
577 323
577 95
577 11
578 108
578 55
578 329
579 279
579 170
579 39
580 9
580 332
580 160
581 15
581 133
581 566
582 3
582 4
582 167
583 432
583 0
583 14
584 83
584 441
584 303
585 489
585 413
585 13
586 304
586 3
586 146
587 42
587 351
587 496
588 2
588 394
588 108
589 37
589 60
589 39
590 97
590 455
590 43
591 2
591 347
591 91
592 34
592 128
592 4
593 54
593 2
593 80
594 180
594 348
594 150
595 53
595 25
595 17
596 399
596 120
596 13
597 235
597 443
597 284
598 22
598 304
598 3
599 98
599 73
599 4
600 9
600 364
600 58
601 296
601 146
601 6
602 441
602 134
602 563
603 2
603 3
603 66
604 2
604 64
604 3
605 0
605 28
605 425
606 367
606 91
606 30
607 285
607 128
607 4
608 7
608 69
608 403
609 0
609 96
609 163
610 39
610 357
610 527
611 246
611 381
611 4
612 28
612 292
612 459
613 375
613 499
613 147
614 73
614 37
614 489
615 67
615 416
615 2
616 340
616 379
616 85
617 25
617 217
617 54
618 17
618 463
618 203
619 309
619 229
619 591
620 154
620 15
620 417
621 67
621 499
621 403
622 12
622 169
622 7
623 77
623 318
623 98
624 44
624 47
624 8
625 184
625 7
625 523
626 292
626 613
626 590
627 334
627 191
627 571
628 372
628 73
628 85
629 311
629 601
629 220
630 17
630 426
630 86
631 11
631 127
631 588
632 394
632 452
632 345
633 466
633 7
633 17
634 374
634 16
634 170
635 499
635 13
635 25
636 42
636 138
636 496
637 379
637 318
637 378
638 321
638 398
638 200
639 94
639 50
639 372
640 394
640 520
640 147
641 269
641 328
641 291
642 559
642 128
642 97
643 271
643 0
643 119
644 84
644 2
644 94
645 3
645 637
645 389
646 115
646 257
646 566
647 222
647 307
647 293
648 12
648 211
648 25
649 103
649 74
649 77
650 422
650 257
650 31
651 625
651 13
651 87
652 13
652 193
652 407
653 176
653 4
653 6
654 96
654 84
654 48
655 475
655 365
655 44
656 315
656 608
656 89
657 355
657 238
657 73
658 533
658 150
658 550
659 3
659 655
659 0
660 486
660 0
660 173
661 516
661 93
661 60
662 363
662 34
662 13
663 510
663 463
663 244
664 46
664 611
664 31
665 509
665 94
665 39
666 236
666 339
666 226
667 36
667 293
667 131
668 426
668 436
668 3
669 1
669 37
669 17
670 5
670 30
670 113
671 49
671 561
671 586
672 193
672 141
672 195
673 400
673 585
673 221
674 9
674 197
674 673
675 5
675 11
675 80
676 54
676 389
676 38
677 374
677 306
677 465
678 318
678 274
678 56
679 329
679 45
679 443
680 320
680 348
680 30
681 11
681 620
681 9
682 384
682 253
682 257
683 337
683 227
683 416
684 3
684 234
684 101
685 448
685 460
685 72
686 644
686 1
686 379
687 58
687 13
687 104
688 59
688 450
688 160
689 95
689 17
689 25
690 39
690 236
690 200
691 263
691 553
691 403
692 462
692 0
692 381
693 394
693 105
693 0
694 12
694 70
694 386
695 682
695 428
695 40
696 259
696 90
696 11
697 396
697 97
697 247
698 517
698 269
698 356
699 37
699 48
699 365
700 333
700 593
700 638
701 91
701 346
701 45
702 192
702 203
702 213
703 348
703 681
703 0
704 89
704 391
704 156
705 259
705 70
705 607
706 225
706 86
706 139
707 14
707 12
707 502
708 377
708 637
708 305
709 269
709 204
709 293
710 206
710 0
710 212
711 432
711 96
711 545
712 17
712 32
712 234
713 288
713 532
713 4
714 47
714 392
714 0
715 174
715 30
715 146
716 193
716 239
716 40
717 98
717 532
717 257
718 389
718 142
718 648
719 20
719 394
719 0
720 203
720 244
720 348
721 20
721 0
721 47
722 288
722 562
722 714
723 511
723 599
723 316
724 14
724 31
724 626
725 608
725 237
725 3
726 132
726 459
726 3
727 248
727 682
727 11
728 3
728 444
728 224
729 553
729 67
729 589
730 175
730 174
730 153
731 61
731 85
731 351
732 646
732 169
732 344
733 341
733 532
733 1
734 655
734 82
734 246
735 4
735 160
735 217
736 73
736 27
736 663
737 170
737 545
737 0
738 721
738 572
738 88
739 54
739 81
739 511
740 65
740 64
740 2
741 196
741 378
741 193
742 298
742 131
742 174
743 97
743 558
743 319
744 531
744 650
744 423
745 116
745 184
745 333
746 161
746 437
746 227
747 9
747 123
747 469
748 106
748 642
748 620
749 344
749 98
749 2
750 15
750 568
750 450
751 70
751 10
751 651
752 45
752 98
752 33
753 368
753 356
753 16
754 729
754 692
754 238
755 690
755 216
755 1
756 17
756 126
756 329
757 59
757 681
757 97
758 411
758 363
758 336
759 510
759 733
759 0
760 8
760 251
760 308
761 14
761 79
761 3
762 374
762 20
762 669
763 112
763 115
763 0
764 282
764 4
764 2
765 98
765 642
765 348
766 313
766 4
766 0
767 416
767 351
767 523
768 626
768 387
768 189
769 265
769 335
769 399
770 5
770 17
770 345
771 503
771 3
771 27
772 496
772 0
772 233
773 75
773 489
773 303
774 122
774 572
774 507
775 146
775 637
775 534
776 723
776 4
776 560
777 56
777 478
777 741
778 293
778 160
778 486
779 486
779 350
779 128
780 741
780 25
780 54
781 42
781 67
781 49
782 3
782 157
782 735
783 50
783 51
783 44
784 439
784 100
784 384
785 378
785 509
785 520
786 551
786 137
786 684
787 632
787 10
787 175
788 102
788 691
788 238
789 54
789 37
789 7
790 282
790 512
790 169
791 454
791 104
791 68
792 3
792 50
792 623
793 25
793 362
793 1
794 663
794 62
794 476
795 222
795 389
795 158
796 239
796 577
796 767
797 54
797 48
797 9
798 286
798 87
798 3
799 442
799 238
799 170
800 96
800 17
800 36
801 143
801 466
801 317
802 577
802 7
802 650
803 205
803 452
803 536
804 643
804 332
804 58
805 34
805 0
805 305
806 0
806 184
806 512
807 455
807 119
807 20
808 426
808 611
808 2
809 295
809 7
809 134
810 473
810 413
810 58
811 386
811 326
811 54
812 284
812 441
812 20
813 287
813 20
813 158
814 159
814 31
814 0
815 43
815 182
815 534
816 507
816 0
816 3
817 14
817 9
817 428
818 168
818 38
818 510
819 205
819 802
819 711
820 0
820 314
820 67
821 1
821 690
821 45
822 66
822 20
822 677
823 86
823 230
823 158
824 703
824 233
824 304
825 650
825 143
825 232
826 2
826 1
826 225
827 750
827 158
827 5
828 378
828 598
828 8
829 319
829 293
829 120
830 12
830 14
830 20
831 788
831 404
831 410
832 677
832 457
832 305
833 642
833 128
833 4
834 728
834 408
834 611
835 398
835 30
835 627
836 559
836 308
836 80
837 30
837 78
837 2
838 4
838 341
838 7
839 201
839 10
839 149
840 413
840 221
840 345
841 535
841 122
841 591
842 4
842 17
842 754
843 104
843 544
843 303
844 14
844 298
844 134
845 328
845 362
845 592
846 171
846 288
846 87
847 253
847 452
847 412
848 523
848 301
848 667
849 182
849 53
849 612
850 33
850 546
850 0
851 64
851 620
851 12
852 31
852 374
852 721
853 0
853 62
853 7
854 362
854 547
854 141
855 170
855 320
855 193
856 232
856 49
856 22
857 613
857 153
857 39
858 253
858 675
858 637
859 692
859 218
859 761
860 751
860 797
860 371
861 33
861 526
861 413
862 570
862 232
862 403
863 624
863 75
863 569
864 577
864 98
864 1
865 13
865 132
865 478
866 293
866 25
866 714
867 338
867 43
867 2
868 74
868 41
868 365
869 3
869 457
869 225
870 233
870 676
870 202
871 667
871 483
871 589
872 9
872 162
872 64
873 515
873 563
873 221
874 769
874 208
874 826
875 78
875 562
875 374
876 625
876 85
876 45
877 26
877 747
877 101
878 622
878 143
878 265
879 51
879 48
879 828
880 389
880 61
880 3
881 344
881 738
881 47
882 464
882 4
882 360
883 686
883 120
883 7
884 50
884 424
884 94
885 0
885 64
885 813
886 650
886 30
886 58
887 794
887 494
887 5
888 204
888 641
888 21
889 37
889 466
889 356
890 0
890 619
890 549
891 93
891 410
891 14
892 191
892 84
892 180
893 735
893 617
893 104
894 453
894 90
894 5
895 17
895 130
895 812
896 367
896 300
896 75
897 109
897 4
897 236
898 297
898 304
898 1
899 563
899 179
899 880
900 77
900 733
900 518
901 832
901 51
901 106
902 29
902 33
902 179
903 98
903 86
903 553
904 40
904 753
904 235
905 11
905 448
905 23
906 148
906 886
906 10
907 408
907 507
907 300
908 210
908 511
908 881
909 0
909 745
909 40
910 512
910 234
910 901
911 202
911 3
911 399
912 399
912 62
912 441
913 58
913 586
913 300
914 20
914 749
914 206
915 13
915 560
915 3
916 813
916 425
916 374
917 39
917 3
917 341
918 259
918 2
918 478
919 98
919 288
919 388
920 403
920 5
920 248
921 577
921 192
921 8
922 633
922 873
922 698
923 307
923 566
923 105
924 68
924 39
924 0
925 767
925 309
925 22
926 7
926 15
926 322
927 54
927 584
927 413
928 573
928 191
928 538
929 83
929 809
929 4
930 234
930 135
930 429
931 298
931 550
931 872
932 1
932 155
932 2
933 246
933 74
933 31
934 38
934 232
934 306
935 234
935 54
935 212
936 443
936 57
936 63
937 331
937 558
937 173
938 664
938 416
938 468
939 736
939 162
939 532
940 27
940 25
940 122
941 374
941 189
941 758
942 164
942 25
942 731
943 2
943 0
943 27
944 179
944 123
944 796
945 0
945 724
945 919
946 13
946 593
946 178
947 14
947 0
947 660
948 1
948 547
948 665
949 32
949 451
949 434
950 330
950 45
950 926
951 81
951 97
951 436
952 723
952 134
952 0
953 78
953 186
953 57
954 27
954 366
954 348
955 89
955 12
955 20
956 105
956 283
956 768
957 400
957 569
957 809
958 111
958 467
958 1
959 296
959 277
959 21
960 380
960 820
960 5
961 938
961 739
961 237
962 184
962 282
962 623
963 20
963 304
963 723
964 484
964 1
964 624
965 16
965 25
965 104
966 222
966 94
966 125
967 930
967 857
967 687
968 474
968 215
968 110
969 500
969 7
969 105
970 88
970 7
970 499
971 93
971 29
971 789
972 816
972 4
972 714
973 538
973 38
973 52
974 84
974 126
974 59
975 338
975 20
975 438
976 861
976 198
976 141
977 493
977 2
977 806
978 16
978 404
978 43
979 93
979 801
979 135
980 790
980 70
980 39
981 182
981 369
981 403
982 4
982 80
982 332
983 89
983 177
983 275
984 221
984 196
984 794
985 91
985 143
985 13
986 1
986 275
986 39
987 28
987 466
987 203
988 93
988 28
988 443
989 130
989 530
989 688
990 75
990 667
990 97
991 399
991 468
991 198
992 526
992 451
992 621
993 332
993 10
993 33
994 90
994 637
994 40
995 416
995 941
995 968
996 11
996 621
996 479
997 202
997 265
997 642
998 0
998 861
998 844
999 2
999 265
999 574
