0 1
0 2
0 3
0 4
0 6
0 7
0 9
0 15
0 38
0 45
0 46
1 0
1 2
1 3
1 4
1 12
1 17
1 21
1 29
1 31
1 39
1 55
2 0
2 1
2 3
2 5
2 6
2 7
2 9
2 10
2 17
2 20
2 22
3 1
3 2
3 0
3 4
3 5
3 8
3 12
3 14
3 16
3 22
3 24
4 1
4 3
4 0
4 5
4 6
4 9
4 11
4 14
4 18
4 23
4 29
5 2
5 4
5 3
5 8
5 15
5 17
5 25
5 31
5 34
5 45
5 82
6 0
6 4
6 2
6 7
6 10
6 11
6 13
6 15
6 41
6 61
6 65
7 6
7 0
7 2
7 8
7 10
7 11
7 23
7 51
7 76
7 84
7 106
8 5
8 3
8 7
8 12
8 13
8 20
8 21
8 23
8 25
8 26
8 33
9 4
9 2
9 0
9 18
9 33
9 63
9 68
9 77
9 118
9 132
9 136
10 2
10 6
10 7
10 27
10 30
10 151
10 169
10 224
10 245
10 274
10 337
11 4
11 6
11 7
11 13
11 14
11 16
11 20
11 21
11 29
11 32
11 39
12 8
12 1
12 3
12 24
12 39
12 47
12 59
12 64
12 84
12 159
12 223
13 8
13 6
13 11
13 16
13 18
13 19
13 48
13 80
13 91
13 162
13 203
14 3
14 4
14 11
14 19
14 26
14 32
14 46
14 51
14 121
14 192
14 215
15 0
15 5
15 6
15 27
15 38
15 44
15 64
15 152
15 195
15 338
15 452
16 3
16 11
16 13
16 28
16 134
16 137
16 144
16 214
16 436
17 1
17 5
17 2
17 19
17 43
17 75
17 101
17 127
17 184
17 499
18 13
18 4
18 9
18 26
18 34
18 60
18 61
18 92
18 96
18 132
18 140
19 14
19 13
19 17
19 35
19 62
19 110
19 143
19 161
19 194
19 230
19 267
20 11
20 8
20 2
20 28
20 30
20 34
20 40
20 42
20 48
20 52
20 56
21 8
21 1
21 11
21 22
21 40
21 50
21 91
21 103
21 264
21 358
21 448
22 21
22 3
22 2
22 24
22 25
22 69
22 79
22 111
22 125
22 327
22 401
23 4
23 8
23 7
23 52
23 53
23 71
23 106
23 113
23 127
23 135
23 179
24 12
24 3
24 22
24 66
24 69
24 88
24 148
24 168
24 195
24 206
24 228
25 22
25 8
25 5
25 60
25 82
25 91
25 94
25 97
25 109
25 184
25 205
26 14
26 18
26 8
26 32
26 90
26 116
26 205
26 381
27 3
27 10
27 15
27 35
27 41
27 44
27 62
27 107
27 109
27 129
27 193
28 3
28 20
28 16
28 54
28 56
28 102
28 123
28 157
28 278
28 461
28 472
29 1
29 4
29 11
29 40
29 75
29 99
29 221
29 365
30 10
30 3
30 20
30 37
30 59
30 103
30 170
30 171
30 183
30 191
30 225
31 5
31 1
31 2
31 36
31 50
31 182
31 486
32 26
32 14
32 11
32 35
32 36
32 56
32 66
32 150
32 419
33 9
33 4
33 8
33 54
33 81
33 93
33 239
33 331
33 344
34 20
34 5
34 18
34 47
34 49
34 60
34 63
34 66
34 83
34 92
34 139
35 32
35 27
35 19
35 106
35 198
35 275
36 32
36 3
36 31
36 63
36 122
36 125
36 197
36 218
36 293
37 30
37 2
37 4
37 58
37 70
37 101
37 143
37 265
38 15
38 2
38 0
38 53
38 57
38 68
38 82
38 120
38 143
38 182
38 188
39 1
39 11
39 12
39 46
39 53
39 54
39 55
39 72
39 102
39 128
39 140
40 29
40 21
40 20
40 51
40 99
40 187
40 253
40 353
40 440
41 6
41 27
41 2
41 107
41 108
41 168
41 173
41 211
41 227
41 255
42 8
42 20
42 2
42 97
42 99
42 383
43 11
43 17
43 3
43 98
43 120
43 165
43 181
43 189
43 228
43 316
43 347
44 27
44 4
44 15
44 254
44 436
44 486
45 2
45 5
45 0
45 75
45 111
45 117
45 152
45 279
45 484
46 0
46 14
46 39
46 78
46 95
46 135
46 139
46 153
46 176
46 177
46 209
47 12
47 11
47 34
47 67
47 79
47 174
47 339
47 386
48 20
48 2
48 13
48 85
48 159
49 3
49 4
49 34
49 86
49 126
49 166
49 192
49 224
49 272
49 306
49 326
50 31
50 3
50 21
50 52
50 57
50 65
50 125
50 142
50 236
50 242
50 248
51 40
51 7
51 14
51 64
51 65
51 154
51 216
51 239
51 242
51 290
51 297
52 50
52 20
52 23
52 77
52 121
52 148
52 156
52 269
52 294
52 379
52 478
53 38
53 39
53 23
53 84
53 108
53 132
53 298
53 317
53 323
53 335
53 346
54 33
54 39
54 28
54 175
54 208
54 226
54 277
54 285
54 369
55 1
55 8
55 39
55 81
55 97
55 149
55 152
55 257
55 414
55 465
56 32
56 20
56 28
56 62
56 104
56 113
56 153
56 172
56 219
57 3
57 38
57 50
57 76
57 158
57 286
57 303
58 8
58 4
58 37
58 73
58 94
58 100
58 118
58 131
58 137
58 159
58 451
59 12
59 4
59 30
59 67
59 70
59 72
59 85
59 109
59 134
59 164
59 167
60 18
60 34
60 25
60 235
60 255
61 6
61 18
61 0
61 74
61 77
61 251
61 341
61 453
62 19
62 56
62 27
62 70
62 131
62 201
62 346
63 36
63 9
63 34
63 201
63 276
63 442
64 12
64 15
64 51
64 225
64 256
64 385
65 6
65 51
65 50
65 80
65 98
65 252
65 254
65 268
65 290
65 329
66 34
66 24
66 32
66 68
66 83
66 130
66 165
66 186
66 295
66 343
66 373
67 59
67 8
67 47
67 149
67 232
67 265
67 498
68 9
68 66
68 38
68 107
68 119
68 146
68 155
68 179
68 252
68 290
68 414
69 24
69 22
69 11
69 71
69 89
69 114
69 130
69 191
69 273
69 304
70 62
70 59
70 37
70 371
70 407
71 0
71 69
71 23
71 74
71 100
71 117
71 284
71 288
71 462
72 39
72 59
72 20
72 79
72 262
73 11
73 58
73 4
73 90
73 158
73 188
73 281
73 297
74 1
74 61
74 71
74 122
74 217
74 241
74 390
75 45
75 29
75 17
75 76
75 78
75 87
75 128
75 238
75 433
75 491
76 57
76 7
76 75
76 404
76 407
77 52
77 61
77 9
77 86
77 105
77 115
77 169
77 196
77 274
77 305
77 355
78 75
78 46
78 4
78 123
78 240
78 325
78 344
78 350
78 354
78 355
78 428
79 72
79 22
79 47
79 80
79 268
79 436
79 450
79 467
80 65
80 13
80 79
80 100
80 111
80 146
80 171
80 238
80 280
80 352
80 382
81 55
81 8
81 33
81 102
81 296
81 299
81 367
82 25
82 38
82 5
82 112
82 205
82 216
82 222
82 234
82 258
82 300
82 303
83 66
83 34
83 0
83 192
83 337
84 53
84 7
84 12
84 88
84 131
84 167
84 181
84 203
84 207
84 222
84 234
85 48
85 59
85 6
85 96
85 150
85 175
85 198
85 221
85 484
86 49
86 77
86 11
86 112
86 126
86 151
86 161
86 225
86 360
86 402
87 75
87 3
87 0
87 130
87 141
87 156
87 341
88 24
88 11
88 84
88 95
88 105
88 118
88 144
88 208
88 321
88 358
88 403
89 69
89 8
89 3
89 299
90 2
90 73
90 26
90 101
90 156
90 241
90 416
91 25
91 21
91 13
91 115
91 158
91 270
92 34
92 18
92 6
92 129
92 133
92 209
92 263
92 267
92 280
92 320
92 390
93 4
93 33
93 20
93 157
93 296
94 58
94 25
94 3
94 117
94 268
95 0
95 46
95 88
95 134
95 176
95 185
95 206
95 256
95 357
96 85
96 1
96 18
96 116
96 163
96 223
97 42
97 55
97 25
97 138
97 295
97 343
97 345
97 437
98 4
98 43
98 65
98 173
99 40
99 42
99 29
99 104
99 114
99 126
99 351
99 391
100 71
100 80
100 58
100 160
100 292
100 412
100 469
101 17
101 37
101 90
101 103
101 120
101 139
101 211
101 359
102 39
102 81
102 28
102 149
102 174
102 326
103 101
103 30
103 21
103 229
103 259
103 438
104 11
104 56
104 99
104 110
104 218
104 227
104 235
104 246
104 362
105 77
105 5
105 88
105 114
106 23
106 7
106 35
106 119
106 372
106 459
107 68
107 27
107 41
107 202
107 210
107 232
107 302
107 333
107 364
107 450
108 53
108 41
108 4
109 25
109 27
109 59
109 175
109 310
109 447
110 104
110 19
110 20
110 321
110 339
111 45
111 80
111 22
111 233
111 316
111 433
111 485
112 82
112 86
112 7
112 293
112 428
112 451
113 23
113 56
113 7
113 172
113 173
113 186
113 266
113 473
114 105
114 69
114 99
114 204
114 210
114 230
115 77
115 6
115 91
115 177
115 261
115 393
116 96
116 0
116 26
116 246
116 249
116 317
116 343
117 71
117 94
117 45
117 124
117 165
117 185
117 340
117 371
118 58
118 88
118 9
118 123
118 133
118 157
118 162
118 170
118 171
118 180
118 181
119 106
119 8
119 68
119 124
119 145
119 169
119 200
119 498
120 38
120 43
120 101
120 180
120 306
121 52
121 14
121 1
121 127
121 372
121 437
122 74
122 36
122 2
122 481
123 28
123 78
123 118
123 269
123 454
124 4
124 119
124 117
124 330
124 363
125 36
125 50
125 22
125 162
125 190
125 401
125 422
126 86
126 49
126 99
126 178
126 214
126 353
126 499
127 17
127 121
127 23
127 151
127 174
127 178
127 293
127 405
127 411
128 5
128 75
128 39
128 184
129 6
129 92
129 27
129 150
129 344
129 396
129 437
129 444
130 87
130 66
130 69
130 250
131 84
131 58
131 62
131 141
131 170
131 208
131 212
131 314
132 53
132 9
132 18
132 217
132 368
133 92
133 118
133 11
133 136
133 202
134 59
134 95
134 16
134 220
134 260
134 273
134 368
134 397
134 427
134 441
134 489
135 23
135 3
135 46
135 197
135 366
135 414
135 474
136 9
136 133
136 2
136 138
136 153
136 410
137 6
137 16
137 58
137 222
137 233
137 244
137 374
137 451
138 11
138 97
138 136
138 284
138 313
138 321
139 34
139 101
139 46
139 194
139 245
139 271
139 309
139 312
139 388
139 445
140 18
140 34
140 39
140 250
140 417
140 435
141 87
141 8
141 131
141 166
141 227
141 237
141 315
141 328
141 386
141 417
142 11
142 50
142 18
142 145
143 37
143 19
143 38
143 147
143 237
144 16
144 20
144 88
144 179
144 210
144 215
145 119
145 8
145 142
145 319
145 325
145 422
145 488
146 80
146 68
146 5
146 273
146 356
147 11
147 7
147 143
147 166
147 202
147 452
148 52
148 24
148 39
148 257
148 454
149 55
149 102
149 67
149 391
149 419
149 429
150 129
150 85
150 32
150 213
150 368
151 127
151 86
151 10
151 204
151 323
152 15
152 45
152 55
152 160
152 186
152 236
152 292
152 380
153 56
153 136
153 46
153 183
153 424
153 443
154 0
154 3
154 51
154 199
154 233
154 244
154 315
154 316
154 345
155 68
155 9
155 7
155 458
156 87
156 90
156 52
156 190
156 358
156 375
156 483
157 28
157 93
157 118
157 200
157 305
157 338
157 369
157 372
158 73
158 91
158 57
158 160
158 207
158 279
158 387
158 410
158 481
159 48
159 12
159 58
159 207
159 231
159 307
159 412
159 419
160 152
160 100
160 158
160 164
160 253
160 298
160 370
160 465
161 19
161 7
161 86
161 258
161 267
161 347
161 474
162 125
162 118
162 13
162 163
162 305
162 346
163 11
163 162
163 96
163 204
163 289
164 59
164 160
164 11
164 324
164 371
165 66
165 117
165 43
166 147
166 141
166 49
166 336
166 384
166 490
167 59
167 34
167 84
167 219
167 394
167 434
168 5
168 24
168 41
168 249
168 301
168 314
169 77
169 119
169 10
169 240
170 30
170 131
170 118
170 172
170 223
170 349
171 118
171 80
171 30
171 271
171 300
172 170
172 56
172 113
172 277
172 285
172 455
173 98
173 113
173 41
173 221
173 247
174 102
174 47
174 127
174 236
174 275
174 282
174 335
174 340
174 342
174 392
174 471
175 109
175 54
175 85
175 193
176 95
176 11
176 46
176 289
176 308
176 309
176 387
176 477
177 5
177 46
177 115
177 248
177 286
177 365
177 430
178 127
178 126
178 18
178 193
178 349
179 144
179 68
179 23
179 189
179 381
179 431
180 118
180 120
180 4
180 230
180 480
180 486
181 84
181 43
181 118
181 231
181 333
181 339
181 367
181 447
182 6
182 31
182 38
182 196
182 312
182 382
183 1
183 30
183 153
183 288
183 303
184 17
184 128
184 25
185 95
185 117
185 7
185 224
186 66
186 152
186 113
186 242
187 3
187 7
187 40
187 196
187 203
187 359
188 73
188 38
188 11
188 301
188 311
188 442
188 492
189 43
189 179
189 5
190 5
190 156
190 125
190 238
190 397
191 30
191 69
191 7
192 14
192 49
192 83
192 249
193 178
193 175
193 27
193 229
193 335
194 19
194 139
194 9
194 220
194 277
194 345
194 378
195 24
195 18
195 15
195 481
196 77
196 187
196 182
196 460
197 135
197 18
197 36
197 214
197 380
198 35
198 85
198 20
199 154
199 2
199 6
199 261
199 263
199 318
200 157
200 119
200 11
200 247
201 5
201 62
201 63
201 260
201 334
202 107
202 133
202 147
202 228
202 394
202 469
203 84
203 13
203 187
203 463
203 495
204 114
204 151
204 163
204 282
204 355
205 25
205 82
205 26
205 212
205 219
205 246
205 291
205 308
205 443
205 446
206 9
206 95
206 24
206 243
206 387
206 392
207 158
207 159
207 84
207 248
207 253
207 261
208 131
208 54
208 88
208 362
209 11
209 46
209 92
209 266
209 288
209 318
209 409
209 473
209 497
210 144
210 114
210 107
211 101
211 41
211 2
211 216
212 205
212 131
212 38
212 291
212 378
212 435
212 467
213 150
213 7
213 2
213 245
214 16
214 126
214 197
214 280
214 294
214 340
214 357
215 11
215 14
215 144
215 363
216 51
216 211
216 82
216 301
216 362
217 74
217 34
217 132
217 312
217 326
217 444
218 23
218 36
218 104
219 205
219 56
219 167
219 276
219 464
220 134
220 6
220 194
220 361
221 85
221 173
221 29
221 424
222 82
222 137
222 84
222 251
222 356
223 96
223 12
223 170
223 270
223 389
223 396
223 494
224 49
224 185
224 10
224 361
224 370
225 86
225 30
225 64
225 342
226 12
226 59
226 54
226 269
226 304
227 41
227 104
227 141
227 296
227 435
228 24
228 43
228 202
228 229
228 287
228 405
228 449
228 463
229 193
229 103
229 228
229 454
230 180
230 19
230 114
231 3
231 159
231 181
231 376
231 395
232 67
232 107
232 20
233 154
233 137
233 111
233 381
233 447
233 459
234 59
234 84
234 82
235 4
235 104
235 60
235 284
235 328
235 394
236 50
236 152
236 174
236 266
236 283
237 141
237 13
237 143
237 357
237 406
238 190
238 80
238 75
238 262
238 373
238 480
239 46
239 33
239 51
240 169
240 78
240 8
240 260
241 6
241 90
241 74
242 51
242 50
242 186
242 292
242 463
243 5
243 118
243 206
243 342
244 137
244 154
244 9
245 139
245 213
245 10
245 443
246 205
246 104
246 116
246 338
246 341
246 396
247 173
247 200
247 12
247 327
248 207
248 177
248 50
249 192
249 168
249 116
249 272
249 415
249 456
250 8
250 140
250 130
251 5
251 222
251 61
252 68
252 65
252 30
252 351
252 392
253 40
253 160
253 207
253 265
253 455
254 1
254 44
254 65
254 264
254 322
255 41
255 84
255 60
255 425
255 477
256 64
256 7
256 95
256 411
257 55
257 148
257 0
257 287
257 483
258 82
258 25
258 161
259 5
259 103
259 27
259 423
260 134
260 240
260 201
261 199
261 207
261 115
261 278
261 283
261 324
261 331
261 380
262 238
262 7
262 72
262 334
262 478
263 92
263 2
263 199
263 334
263 488
264 18
264 21
264 254
264 311
264 413
265 253
265 67
265 37
265 302
265 398
266 236
266 209
266 113
267 19
267 92
267 161
267 286
267 378
267 402
268 79
268 65
268 94
269 226
269 52
269 123
269 319
269 417
270 8
270 91
270 223
270 348
270 374
271 139
271 14
271 171
271 320
271 426
271 467
271 479
272 49
272 18
272 249
273 134
273 69
273 146
273 281
274 10
274 77
274 59
274 440
274 466
274 472
275 35
275 8
275 174
275 347
275 448
276 63
276 11
276 219
277 194
277 54
277 172
277 352
277 406
278 14
278 28
278 261
279 45
279 11
279 158
279 364
279 383
279 433
279 461
280 92
280 80
280 214
280 400
281 59
281 73
281 273
281 468
282 84
282 204
282 174
283 236
283 261
283 18
284 71
284 138
284 235
285 6
285 54
285 172
286 267
286 57
286 177
286 398
286 409
287 228
287 3
287 257
287 315
288 183
288 209
288 71
289 176
289 18
289 163
289 476
290 51
290 65
290 68
290 325
291 212
291 205
291 2
291 295
292 242
292 152
292 100
292 479
293 127
293 112
293 36
294 8
294 214
294 52
294 421
295 97
295 291
295 66
295 307
295 354
295 472
295 488
296 81
296 227
296 93
296 427
297 73
297 0
297 51
297 434
298 23
298 53
298 160
298 348
298 391
299 4
299 81
299 89
299 324
300 82
300 1
300 171
300 304
300 319
300 382
301 168
301 216
301 188
301 427
302 13
302 265
302 107
302 408
303 183
303 57
303 82
304 226
304 69
304 300
304 388
305 162
305 77
305 157
306 49
306 120
306 6
306 404
307 20
307 295
307 159
307 309
307 388
307 418
308 205
308 8
308 176
308 438
309 176
309 307
309 139
309 332
309 446
310 34
310 50
310 109
311 4
311 264
311 188
311 333
311 377
311 495
312 217
312 139
312 182
313 138
313 2
313 12
313 351
313 401
313 444
314 168
314 131
314 11
314 399
315 141
315 154
315 287
316 43
316 154
316 111
316 328
316 398
316 480
317 116
317 53
317 5
317 384
318 0
318 199
318 209
318 360
318 379
319 145
319 269
319 300
320 271
320 92
320 84
320 379
321 110
321 88
321 138
321 404
321 416
321 441
322 254
322 11
322 3
322 348
323 53
323 39
323 151
323 375
324 261
324 299
324 164
325 78
325 145
325 290
326 49
326 102
326 217
327 247
327 38
327 22
327 376
328 235
328 141
328 316
328 482
329 5
329 9
329 65
329 455
330 49
330 24
330 124
330 431
331 9
331 261
331 33
331 350
331 466
332 0
332 18
332 309
333 107
333 181
333 311
333 407
333 476
334 201
334 262
334 263
335 53
335 174
335 193
336 38
336 13
336 166
337 10
337 83
337 2
338 157
338 246
338 15
339 47
339 110
339 181
339 365
339 476
340 214
340 117
340 174
340 468
341 87
341 61
341 246
342 243
342 174
342 225
342 434
342 493
343 66
343 97
343 116
343 496
343 499
344 129
344 33
344 78
344 470
345 154
345 97
345 194
345 485
346 162
346 53
346 62
347 275
347 161
347 43
347 374
347 430
348 322
348 298
348 270
349 7
349 170
349 178
349 420
350 331
350 78
350 11
351 313
351 252
351 99
351 364
351 487
352 19
352 277
352 80
352 490
353 13
353 126
353 40
354 12
354 295
354 78
355 78
355 77
355 204
355 432
355 478
356 146
356 118
356 222
356 457
357 214
357 237
357 95
358 156
358 88
358 21
358 395
358 420
358 487
358 493
359 23
359 101
359 187
359 366
359 425
360 2
360 318
360 86
361 224
361 220
361 11
362 216
362 208
362 104
363 215
363 13
363 124
363 431
364 279
364 351
364 107
365 29
365 339
365 177
365 439
366 135
366 359
366 30
366 385
366 422
366 464
367 181
367 81
367 0
368 132
368 134
368 150
369 84
369 157
369 54
370 160
370 38
370 224
370 449
370 470
371 164
371 117
371 70
372 157
372 121
372 106
372 491
373 34
373 238
373 66
374 347
374 137
374 270
375 323
375 10
375 156
375 474
376 327
376 5
376 231
377 13
377 9
377 311
378 267
378 212
378 194
379 318
379 320
379 52
380 197
380 261
380 152
380 383
380 393
380 466
381 26
381 233
381 179
382 80
382 182
382 300
382 462
383 380
383 279
383 42
384 317
384 30
384 166
385 7
385 64
385 366
386 24
386 47
386 141
387 176
387 158
387 206
387 389
387 390
387 445
388 304
388 139
388 307
388 405
389 43
389 223
389 387
389 442
390 387
390 92
390 74
391 99
391 149
391 298
391 411
392 206
392 252
392 174
393 115
393 380
393 6
393 421
394 202
394 235
394 167
395 4
395 358
395 231
395 497
396 246
396 129
396 223
397 39
397 134
397 190
397 479
398 316
398 265
398 286
399 314
399 80
399 82
400 24
400 84
400 280
401 22
401 125
401 313
402 267
402 2
402 86
403 27
403 18
403 88
404 306
404 321
404 76
404 440
405 388
405 228
405 127
405 421
406 277
406 34
406 237
407 70
407 76
407 333
408 23
408 302
408 9
409 286
409 46
409 209
409 426
409 457
410 8
410 158
410 136
410 458
411 127
411 256
411 391
411 470
412 159
412 100
412 88
413 19
413 84
413 264
413 465
414 135
414 68
414 55
415 80
415 249
415 27
416 80
416 90
416 321
417 269
417 141
417 140
418 2
418 307
418 3
419 159
419 149
419 32
420 358
420 12
420 349
421 405
421 294
421 393
421 432
422 366
422 125
422 145
423 8
423 259
423 46
423 425
424 8
424 221
424 153
425 255
425 359
425 423
426 409
426 271
426 13
426 460
427 301
427 296
427 134
427 453
428 10
428 112
428 78
429 12
429 149
429 3
430 177
430 347
430 12
431 330
431 363
431 179
432 66
432 421
432 355
433 279
433 111
433 75
434 297
434 167
434 342
435 227
435 212
435 140
436 79
436 44
436 16
437 121
437 97
437 129
438 103
438 22
438 308
439 5
439 365
439 19
439 450
440 40
440 404
440 274
441 22
441 321
441 134
442 188
442 389
442 63
442 477
443 205
443 153
443 245
444 129
444 217
444 313
445 139
445 387
445 43
446 309
446 205
446 38
447 109
447 233
447 181
448 2
448 275
448 21
448 484
449 370
449 228
449 0
449 473
449 494
450 79
450 439
450 107
451 58
451 137
451 112
452 15
452 147
452 58
453 61
453 78
453 427
453 464
453 485
454 123
454 229
454 148
455 172
455 253
455 329
455 458
456 27
456 249
456 11
457 409
457 10
457 356
458 455
458 155
458 410
459 50
459 106
459 233
460 196
460 53
460 426
461 28
461 279
461 82
462 2
462 71
462 382
463 242
463 228
463 203
464 366
464 453
464 219
464 489
465 160
465 55
465 413
466 274
466 331
466 380
466 496
467 79
467 212
467 271
468 340
468 281
468 59
469 100
469 22
469 202
470 411
470 344
470 370
470 482
471 174
471 34
471 51
472 295
472 28
472 274
473 209
473 449
473 113
474 161
474 135
474 375
474 491
475 2
475 19
475 88
476 289
476 339
476 333
477 176
477 255
477 442
478 52
478 355
478 262
479 271
479 397
479 292
480 238
480 180
480 316
481 158
481 122
481 195
482 328
482 8
482 470
483 257
483 156
483 174
483 487
484 45
484 448
484 85
485 345
485 111
485 453
486 180
486 44
486 31
487 358
487 351
487 483
488 295
488 263
488 145
489 134
489 464
489 34
490 166
490 352
490 10
491 474
491 372
491 75
492 58
492 92
492 188
492 495
493 358
493 342
493 43
494 8
494 223
494 449
495 311
495 203
495 492
496 466
496 343
496 34
497 118
497 209
497 395
498 67
498 119
498 0
499 17
499 343
499 126
