0 1
0 2
1 0
1 2
2 1
2 0
3 1
3 2
3 0
4 0
4 2
4 1
5 3
5 2
5 4
6 2
6 3
6 0
7 5
7 2
7 4
8 4
8 3
8 5
9 0
9 2
9 3
10 2
10 6
10 1
11 3
11 2
11 1
12 1
12 3
12 0
13 7
13 5
13 6
14 3
14 4
14 5
15 4
15 11
15 9
16 7
16 2
16 0
17 6
17 2
17 3
18 3
18 4
18 15
19 9
19 3
19 7
20 3
20 18
20 1
21 2
21 20
21 15
22 1
22 4
22 18
23 3
23 1
23 5
24 0
24 3
24 2
25 3
25 5
25 2
26 16
26 5
26 3
27 9
27 25
27 2
28 11
28 14
28 1
29 0
29 16
29 1
30 1
30 9
30 17
31 5
31 4
31 2
32 10
32 7
32 25
33 4
33 8
33 0
34 15
34 23
34 24
35 5
35 0
35 15
36 2
36 21
36 29
37 19
37 5
37 32
38 7
38 17
38 31
39 26
39 5
39 1
40 2
40 26
40 6
41 26
41 1
41 23
42 3
42 21
42 19
43 17
43 4
43 18
44 38
44 20
44 15
45 25
45 15
45 3
46 6
46 2
46 0
47 0
47 18
47 11
48 46
48 1
48 2
49 11
49 7
49 12
50 2
50 22
50 4
51 42
51 7
51 2
52 1
52 34
52 0
53 32
53 44
53 5
54 15
54 0
54 10
55 9
55 8
55 0
56 27
56 24
56 7
57 54
57 26
57 1
58 57
58 15
58 5
59 9
59 6
59 41
60 56
60 7
60 4
61 15
61 2
61 36
62 22
62 2
62 13
63 2
63 37
63 41
64 41
64 23
64 3
65 35
65 4
65 38
66 7
66 0
66 54
67 43
67 17
67 38
68 48
68 33
68 47
69 3
69 11
69 15
70 16
70 1
70 15
71 2
71 8
71 45
72 7
72 2
72 12
73 1
73 26
73 2
74 33
74 60
74 0
75 18
75 19
75 2
76 3
76 9
76 2
77 8
77 15
77 6
78 1
78 37
78 4
79 26
79 7
79 33
80 14
80 15
80 16
81 42
81 0
81 7
82 3
82 0
82 6
83 0
83 14
83 25
84 22
84 37
84 1
85 2
85 17
85 48
86 53
86 2
86 1
87 30
87 9
87 2
88 43
88 9
88 2
89 15
89 80
89 38
90 50
90 48
90 62
91 81
91 64
91 15
92 15
92 4
92 2
93 62
93 4
93 57
94 3
94 5
94 2
95 23
95 55
95 27
96 1
96 9
96 43
97 22
97 57
97 1
98 59
98 3
98 53
99 64
99 60
99 38
100 15
100 23
100 6
101 63
101 73
101 43
102 97
102 83
102 26
103 5
103 9
103 28
104 2
104 70
104 35
105 54
105 6
105 4
106 48
106 2
106 90
107 7
107 47
107 4
108 6
108 78
108 2
109 5
109 8
109 98
110 17
110 1
110 5
111 41
111 63
111 45
112 42
112 3
112 26
113 84
113 36
113 92
114 24
114 63
114 45
115 54
115 81
115 56
116 41
116 1
116 0
117 0
117 90
117 8
118 95
118 48
118 8
119 7
119 84
119 73
120 1
120 15
120 87
121 15
121 103
121 43
122 50
122 38
122 5
123 24
123 2
123 72
124 5
124 48
124 89
125 90
125 5
125 4
126 119
126 1
126 84
127 83
127 95
127 22
128 77
128 8
128 89
129 15
129 45
129 28
130 93
130 123
130 9
131 30
131 25
131 60
132 25
132 6
132 0
133 83
133 41
133 2
134 53
134 2
134 126
135 3
135 88
135 2
136 79
136 83
136 1
137 2
137 79
137 110
138 56
138 13
138 73
139 12
139 64
139 2
140 91
140 2
140 22
141 2
141 40
141 26
142 8
142 9
142 109
143 6
143 2
143 77
144 95
144 56
144 23
145 26
145 58
145 109
146 6
146 18
146 41
147 1
147 61
147 24
148 38
148 3
148 0
149 110
149 25
149 52
150 9
150 29
150 0
151 15
151 29
151 103
152 32
152 138
152 39
153 33
153 83
153 45
154 42
154 0
154 2
155 50
155 79
155 0
156 3
156 72
156 26
157 132
157 54
157 126
158 14
158 33
158 59
159 94
159 89
159 54
160 154
160 2
160 26
161 133
161 2
161 4
162 22
162 140
162 116
163 2
163 5
163 15
164 5
164 146
164 4
165 101
165 1
165 0
166 24
166 138
166 94
167 34
167 2
167 8
168 6
168 2
168 87
169 157
169 53
169 69
170 122
170 0
170 53
171 75
171 110
171 99
172 84
172 158
172 64
173 2
173 59
173 108
174 4
174 91
174 171
175 4
175 3
175 8
176 161
176 77
176 155
177 44
177 38
177 164
178 157
178 79
178 136
179 2
179 4
179 10
180 3
180 1
180 16
181 5
181 0
181 89
182 0
182 21
182 43
183 159
183 22
183 162
184 2
184 11
184 42
185 81
185 7
185 22
186 0
186 140
186 10
187 157
187 38
187 7
188 130
188 83
188 150
189 4
189 15
189 36
190 128
190 0
190 15
191 3
191 1
191 22
192 1
192 161
192 116
193 106
193 105
193 3
194 57
194 6
194 0
195 87
195 157
195 93
196 21
196 95
196 113
197 3
197 134
197 2
198 1
198 175
198 64
199 165
199 110
199 6
200 128
200 146
200 36
201 35
201 164
201 43
202 134
202 200
202 147
203 172
203 184
203 80
204 54
204 195
204 32
205 2
205 30
205 0
206 4
206 193
206 205
207 3
207 126
207 13
208 7
208 77
208 162
209 13
209 125
209 21
210 153
210 3
210 155
211 150
211 56
211 83
212 33
212 94
212 44
213 177
213 134
213 128
214 6
214 18
214 157
215 97
215 109
215 194
216 83
216 151
216 47
217 130
217 95
217 54
218 7
218 140
218 2
219 32
219 2
219 74
220 117
220 146
220 22
221 58
221 3
221 178
222 3
222 150
222 132
223 23
223 15
223 110
224 22
224 2
224 69
225 27
225 61
225 42
226 2
226 22
226 3
227 2
227 82
227 127
228 17
228 66
228 34
229 60
229 2
229 185
230 226
230 26
230 42
231 22
231 2
231 23
232 184
232 3
232 130
233 2
233 40
233 3
234 183
234 66
234 1
235 206
235 24
235 22
236 77
236 169
236 48
237 7
237 161
237 5
238 5
238 171
238 68
239 49
239 63
239 38
240 146
240 1
240 74
241 88
241 0
241 188
242 45
242 178
242 147
243 3
243 6
243 176
244 192
244 151
244 3
245 80
245 59
245 4
246 232
246 110
246 115
247 61
247 2
247 62
248 247
248 199
248 240
249 31
249 183
249 17
250 111
250 4
250 6
251 2
251 48
251 188
252 24
252 18
252 118
253 2
253 226
253 93
254 172
254 79
254 15
255 138
255 2
255 11
256 110
256 5
256 171
257 14
257 10
257 22
258 142
258 2
258 252
259 70
259 144
259 2
260 0
260 53
260 107
261 146
261 13
261 245
262 168
262 146
262 25
263 0
263 132
263 122
264 212
264 83
264 14
265 157
265 206
265 17
266 134
266 26
266 183
267 202
267 23
267 94
268 87
268 2
268 26
269 44
269 225
269 95
270 184
270 5
270 146
271 256
271 14
271 9
272 194
272 49
272 84
273 132
273 22
273 231
274 185
274 19
274 15
275 31
275 2
275 15
276 134
276 49
276 148
277 81
277 94
277 54
278 56
278 6
278 0
279 199
279 40
279 113
280 2
280 109
280 32
281 2
281 267
281 253
282 88
282 224
282 26
283 233
283 146
283 49
284 2
284 54
284 213
285 50
285 240
285 209
286 59
286 7
286 15
287 129
287 162
287 15
288 10
288 126
288 235
289 256
289 52
289 268
290 248
290 36
290 161
291 6
291 132
291 15
292 3
292 132
292 28
293 0
293 105
293 196
294 188
294 28
294 0
295 161
295 15
295 77
296 26
296 147
296 251
297 237
297 257
297 143
298 87
298 7
298 97
299 43
299 225
299 224
300 61
300 258
300 75
301 0
301 59
301 138
302 248
302 136
302 114
303 1
303 2
303 7
304 26
304 101
304 7
305 5
305 17
305 53
306 197
306 296
306 146
307 173
307 18
307 95
308 26
308 44
308 305
309 39
309 256
309 250
310 87
310 207
310 15
311 176
311 93
311 307
312 45
312 21
312 107
313 178
313 3
313 42
314 249
314 24
314 8
315 63
315 207
315 276
316 119
316 38
316 15
317 84
317 2
317 0
318 280
318 54
318 38
319 4
319 150
319 3
320 9
320 6
320 274
321 15
321 109
321 13
322 195
322 119
322 2
323 244
323 95
323 228
324 194
324 223
324 26
325 156
325 14
325 260
326 12
326 73
326 3
327 19
327 311
327 235
328 31
328 135
328 58
329 270
329 83
329 109
330 9
330 95
330 47
331 6
331 77
331 269
332 2
332 50
332 15
333 275
333 91
333 177
334 98
334 100
334 94
335 180
335 186
335 183
336 9
336 288
336 215
337 185
337 146
337 218
338 194
338 22
338 201
339 137
339 37
339 9
340 3
340 2
340 26
341 83
341 204
341 99
342 310
342 91
342 28
343 88
343 110
343 150
344 17
344 147
344 2
345 1
345 5
345 66
346 5
346 113
346 261
347 1
347 154
347 166
348 10
348 113
348 38
349 267
349 243
349 346
350 207
350 194
350 265
351 77
351 158
351 312
352 3
352 237
352 2
353 141
353 308
353 48
354 59
354 12
354 149
355 110
355 113
355 88
356 88
356 277
356 1
357 15
357 163
357 254
358 103
358 5
358 33
359 33
359 321
359 3
360 54
360 12
360 134
361 172
361 4
361 8
362 175
362 330
362 42
363 82
363 4
363 83
364 177
364 199
364 226
365 94
365 143
365 99
366 15
366 2
366 180
367 50
367 4
367 157
368 347
368 116
368 207
369 25
369 362
369 26
370 32
370 258
370 365
371 1
371 311
371 2
372 95
372 58
372 180
373 52
373 185
373 163
374 224
374 9
374 230
375 3
375 286
375 18
376 248
376 287
376 119
377 9
377 128
377 250
378 227
378 288
378 6
379 215
379 312
379 50
380 199
380 143
380 17
381 245
381 105
381 114
382 1
382 95
382 3
383 254
383 73
383 195
384 190
384 0
384 331
385 44
385 45
385 347
386 131
386 224
386 92
387 264
387 14
387 75
388 38
388 159
388 3
389 308
389 255
389 276
390 115
390 1
390 282
391 34
391 171
391 41
392 99
392 3
392 312
393 143
393 38
393 135
394 46
394 108
394 64
395 4
395 14
395 5
396 382
396 52
396 311
397 50
397 64
397 16
398 5
398 2
398 225
399 8
399 296
399 60
400 77
400 17
400 311
401 231
401 175
401 4
402 84
402 107
402 334
403 171
403 1
403 101
404 3
404 198
404 38
405 177
405 93
405 81
406 386
406 15
406 3
407 200
407 330
407 226
408 146
408 176
408 349
409 274
409 275
409 3
410 130
410 189
410 95
411 4
411 64
411 321
412 107
412 0
412 250
413 117
413 159
413 288
414 248
414 77
414 31
415 5
415 13
415 54
416 75
416 273
416 94
417 331
417 76
417 87
418 271
418 13
418 341
419 194
419 0
419 105
420 386
420 176
420 310
421 1
421 4
421 295
422 286
422 277
422 4
423 249
423 43
423 248
424 276
424 152
424 9
425 194
425 37
425 223
426 23
426 405
426 25
427 330
427 310
427 231
428 297
428 124
428 6
429 31
429 306
429 287
430 55
430 19
430 335
431 8
431 70
431 73
432 339
432 304
432 118
433 69
433 1
433 401
434 0
434 264
434 5
435 28
435 67
435 41
436 23
436 32
436 4
437 63
437 304
437 12
438 364
438 4
438 23
439 167
439 17
439 195
440 33
440 209
440 4
441 238
441 325
441 32
442 229
442 109
442 34
443 338
443 405
443 6
444 311
444 45
444 138
445 137
445 84
445 300
446 81
446 26
446 405
447 84
447 146
447 134
448 231
448 421
448 176
449 345
449 32
449 6
450 4
450 15
450 0
451 83
451 322
451 0
452 26
452 7
452 115
453 424
453 335
453 76
454 130
454 97
454 122
455 104
455 88
455 231
456 195
456 409
456 87
457 118
457 7
457 227
458 267
458 14
458 3
459 28
459 84
459 30
460 150
460 53
460 368
461 249
461 20
461 107
462 134
462 41
462 271
463 2
463 54
463 13
464 253
464 291
464 316
465 425
465 391
465 23
466 132
466 21
466 452
467 405
467 0
467 16
468 91
468 81
468 144
469 0
469 12
469 396
470 17
470 33
470 247
471 77
471 123
471 129
472 381
472 188
472 370
473 4
473 183
473 260
474 352
474 83
474 25
475 3
475 372
475 347
476 311
476 38
476 259
477 79
477 265
477 38
478 221
478 85
478 4
479 5
479 175
479 16
480 209
480 0
480 405
481 114
481 161
481 263
482 186
482 211
482 435
483 41
483 19
483 46
484 233
484 28
484 189
485 4
485 3
485 181
486 18
486 203
486 110
487 60
487 127
487 7
488 38
488 26
488 53
489 31
489 5
489 146
490 81
490 17
490 260
491 195
491 352
491 173
492 134
492 45
492 34
493 22
493 146
493 186
494 264
494 169
494 38
495 3
495 183
495 48
496 48
496 9
496 146
497 337
497 36
497 349
498 244
498 170
498 340
499 2
499 1
499 330
