0 1
0 2
0 3
0 4
0 14
0 16
0 20
0 24
0 67
0 72
1 0
1 2
1 3
1 4
1 5
1 6
1 11
1 18
1 25
1 26
1 31
1 38
1 47
1 56
1 58
1 91
1 96
2 0
2 1
2 3
2 5
2 7
2 9
2 12
2 13
2 15
2 16
2 24
2 27
2 68
2 73
2 85
2 93
3 2
3 0
3 1
3 4
3 6
3 7
3 9
3 10
3 15
3 20
3 32
3 34
3 42
3 60
3 70
3 86
3 91
3 92
3 98
4 0
4 1
4 3
4 5
4 10
4 22
4 23
4 25
4 27
4 33
4 40
4 57
4 90
4 94
5 2
5 4
5 1
5 6
5 7
5 8
5 9
5 12
5 17
5 20
5 30
5 43
5 52
5 59
5 66
5 77
5 86
5 95
6 5
6 3
6 1
6 8
6 14
6 17
6 51
6 53
7 3
7 5
7 2
7 8
7 13
7 18
7 21
7 23
7 53
7 65
7 74
7 75
7 79
7 83
7 89
7 92
8 6
8 5
8 7
8 10
8 11
8 21
8 27
8 35
8 36
8 44
8 59
9 2
9 3
9 5
9 16
9 26
9 33
9 44
9 47
9 57
10 4
10 8
10 3
10 11
10 12
10 15
10 18
10 31
10 66
10 75
10 81
11 8
11 10
11 1
11 17
11 19
11 38
11 45
11 86
12 5
12 10
12 2
12 13
12 14
12 19
12 21
12 28
12 36
12 37
12 49
12 70
12 78
12 84
12 85
13 12
13 2
13 7
13 28
14 12
14 0
14 6
14 29
14 50
14 98
15 2
15 3
15 10
15 23
15 30
15 32
15 45
15 60
15 68
15 79
15 82
15 95
16 9
16 2
16 0
16 37
16 42
17 5
17 11
17 6
17 19
17 22
17 24
17 41
17 46
17 56
18 1
18 7
18 10
18 47
18 73
18 97
19 12
19 17
19 11
19 22
19 26
19 30
19 32
19 35
19 37
19 39
19 48
19 63
19 65
19 67
19 84
19 87
19 89
20 3
20 5
20 0
20 39
20 49
20 54
21 12
21 8
21 7
21 31
21 34
21 43
22 17
22 19
22 4
22 25
22 46
22 58
23 4
23 15
23 7
24 2
24 17
24 0
24 28
24 89
25 1
25 22
25 4
25 34
25 51
25 53
25 95
26 19
26 9
26 1
26 42
26 49
26 63
26 92
27 4
27 8
27 2
27 29
27 36
27 40
27 50
27 57
27 63
27 74
28 24
28 13
28 12
28 29
28 45
28 54
28 69
28 94
29 28
29 27
29 14
29 68
29 71
29 76
30 15
30 5
30 19
30 79
31 21
31 10
31 1
31 33
31 54
31 58
31 61
31 96
32 3
32 15
32 19
32 35
32 41
32 43
32 62
32 99
33 4
33 31
33 9
33 40
33 55
34 3
34 21
34 25
35 19
35 8
35 32
36 27
36 12
36 8
36 38
36 39
36 44
36 82
36 90
37 12
37 16
37 19
37 51
38 1
38 11
38 36
38 52
38 78
38 88
39 36
39 19
39 20
39 55
39 64
39 85
39 94
40 33
40 27
40 4
40 41
40 66
41 17
41 40
41 32
41 65
41 81
42 3
42 26
42 16
42 48
42 50
42 62
42 67
42 71
43 32
43 21
43 5
43 46
43 52
43 60
43 61
43 71
43 80
44 36
44 9
44 8
45 15
45 28
45 11
46 17
46 22
46 43
46 83
47 1
47 9
47 18
47 48
47 59
47 69
47 99
48 47
48 19
48 42
48 55
48 80
49 26
49 12
49 20
49 76
50 14
50 27
50 42
50 78
51 25
51 6
51 37
51 62
51 98
52 38
52 43
52 5
52 56
52 76
52 81
53 6
53 25
53 7
54 20
54 28
54 31
55 39
55 48
55 33
55 93
55 96
56 1
56 17
56 52
56 70
56 88
57 4
57 27
57 9
57 61
57 64
57 77
58 31
58 1
58 22
58 82
59 47
59 8
59 5
59 64
60 3
60 43
60 15
60 93
61 57
61 43
61 31
61 84
62 51
62 32
62 42
62 91
63 27
63 19
63 26
63 73
63 87
64 59
64 57
64 39
65 41
65 7
65 19
65 75
66 40
66 10
66 5
67 42
67 0
67 19
67 69
67 72
68 29
68 15
68 2
68 72
68 83
69 28
69 47
69 67
70 12
70 3
70 56
71 42
71 43
71 29
72 68
72 0
72 67
72 77
73 18
73 63
73 2
73 74
74 7
74 73
74 27
75 10
75 7
75 65
76 29
76 52
76 49
76 88
76 97
77 57
77 72
77 5
77 87
78 38
78 12
78 50
79 15
79 7
79 30
79 80
80 43
80 48
80 79
80 90
81 52
81 41
81 10
82 58
82 15
82 36
83 7
83 68
83 46
84 61
84 12
84 19
85 39
85 2
85 12
86 5
86 3
86 11
86 99
87 63
87 77
87 19
88 38
88 56
88 76
89 19
89 7
89 24
90 36
90 4
90 80
90 97
91 62
91 1
91 3
92 26
92 7
92 3
93 2
93 55
93 60
94 39
94 28
94 4
95 15
95 5
95 25
96 31
96 55
96 1
97 18
97 76
97 90
98 51
98 14
98 3
99 32
99 47
99 86
