0 1
1 0
2 0
2 1
3 0
3 2
3 1
4 3
4 1
4 0
5 3
5 4
5 0
6 4
6 0
6 3
7 0
7 1
7 4
8 7
8 1
8 2
9 2
9 3
9 8
10 1
10 3
10 5
11 1
11 0
11 3
12 3
12 10
12 1
13 11
13 2
13 1
14 0
14 1
14 7
15 11
15 12
15 0
16 0
16 10
16 7
17 4
17 15
17 5
18 1
18 5
18 12
19 2
19 0
19 4
20 1
20 3
20 18
21 3
21 2
21 13
22 3
22 4
22 0
23 14
23 0
23 18
24 9
24 6
24 3
25 4
25 7
25 8
26 7
26 24
26 12
27 19
27 0
27 1
28 26
28 12
28 20
29 4
29 26
29 5
30 6
30 13
30 10
31 15
31 10
31 12
32 11
32 26
32 20
33 7
33 4
33 8
34 25
34 12
34 26
35 26
35 10
35 17
36 4
36 18
36 13
37 25
37 19
37 18
38 26
38 30
38 2
39 26
39 15
39 19
40 8
40 25
40 4
41 33
41 11
41 12
42 20
42 3
42 29
43 3
43 25
43 0
44 20
44 14
44 23
45 12
45 5
45 9
46 20
46 0
46 7
47 8
47 16
47 4
48 1
48 23
48 39
49 26
49 25
49 7
