0 1
0 2
0 3
0 4
0 5
0 6
0 7
0 8
0 10
0 11
0 12
0 16
0 17
0 19
0 21
0 23
0 28
0 32
0 42
0 47
0 70
0 76
0 98
1 0
1 2
1 3
1 9
1 17
1 24
1 28
1 42
1 43
1 50
1 66
2 0
2 1
2 3
2 4
2 5
2 7
2 12
2 14
2 15
2 17
2 21
2 24
2 32
2 37
2 41
2 43
2 48
2 62
2 72
3 0
3 2
3 1
3 4
3 5
3 8
3 10
3 15
3 23
3 25
3 26
3 33
3 37
3 46
3 47
3 49
3 60
3 63
3 79
3 89
3 90
4 2
4 0
4 3
4 6
4 14
4 18
4 20
4 30
4 52
4 66
4 82
4 84
4 92
5 0
5 2
5 3
5 6
5 7
5 9
5 11
5 13
5 14
5 33
5 36
5 41
6 4
6 5
6 0
6 9
6 19
6 22
6 23
6 26
6 35
6 39
6 48
6 60
6 92
7 5
7 2
7 0
7 8
7 15
7 18
7 20
7 27
7 32
7 47
7 70
7 72
7 76
7 80
7 90
8 3
8 0
8 7
8 10
8 12
8 16
8 21
8 29
8 31
8 39
8 45
8 49
8 55
8 74
8 77
8 89
8 94
9 5
9 1
9 6
9 11
9 19
9 65
9 75
10 8
10 3
10 0
10 13
10 16
10 40
10 54
10 56
10 61
11 9
11 0
11 5
11 22
11 25
11 27
11 38
11 62
11 71
11 91
11 97
12 0
12 2
12 8
12 13
12 59
12 83
12 85
13 5
13 10
13 12
13 26
13 30
13 54
13 59
13 68
13 73
13 93
14 5
14 4
14 2
14 25
15 7
15 3
15 2
15 34
15 51
15 81
16 0
16 10
16 8
16 18
16 38
17 0
17 1
17 2
17 30
17 31
17 33
17 37
17 39
18 4
18 16
18 7
18 20
18 22
18 29
18 48
18 58
18 71
18 78
19 0
19 6
19 9
19 56
19 95
20 18
20 7
20 4
20 68
20 86
20 99
21 0
21 2
21 8
21 40
21 45
21 46
22 18
22 11
22 6
22 24
22 28
22 50
22 63
23 6
23 3
23 0
23 35
23 49
23 57
23 73
23 78
23 89
23 96
24 2
24 22
24 1
24 53
25 3
25 11
25 14
26 3
26 13
26 6
26 27
26 29
26 67
26 78
27 7
27 11
27 26
27 34
27 35
27 38
27 57
28 22
28 0
28 1
28 51
28 69
28 70
28 88
29 18
29 26
29 8
29 51
29 77
30 17
30 13
30 4
30 31
30 34
30 55
30 58
30 64
30 65
30 81
31 8
31 17
31 30
31 54
31 73
31 80
31 85
32 7
32 2
32 0
32 36
32 52
32 91
33 3
33 17
33 5
33 36
33 44
34 30
34 15
34 27
34 46
34 63
34 64
35 6
35 27
35 23
35 52
35 53
35 58
35 62
35 67
35 81
35 87
36 5
36 33
36 32
36 40
36 43
36 44
36 84
36 85
36 96
37 17
37 3
37 2
37 41
37 42
37 76
37 90
38 11
38 16
38 27
38 56
39 17
39 6
39 8
40 21
40 36
40 10
41 37
41 2
41 5
41 50
41 94
42 37
42 0
42 1
42 45
42 75
43 36
43 2
43 1
43 44
43 55
43 77
43 91
43 97
43 98
44 36
44 43
44 33
44 61
44 67
44 94
45 42
45 21
45 8
45 75
46 3
46 34
46 21
46 74
47 3
47 0
47 7
47 74
47 84
47 95
48 6
48 2
48 18
49 8
49 3
49 23
50 1
50 41
50 22
50 57
51 15
51 28
51 29
51 53
51 59
51 60
51 61
51 66
52 32
52 4
52 35
53 24
53 35
53 51
53 82
54 31
54 10
54 13
54 79
55 30
55 43
55 8
55 87
55 92
56 19
56 10
56 38
56 69
57 23
57 27
57 50
57 88
58 18
58 35
58 30
59 13
59 51
59 12
59 64
59 83
60 3
60 51
60 6
61 51
61 44
61 10
62 11
62 2
62 35
63 3
63 22
63 34
63 65
64 34
64 30
64 59
65 63
65 9
65 30
66 4
66 51
66 1
66 69
66 72
66 79
66 99
67 35
67 26
67 44
67 68
67 71
67 82
67 86
67 88
68 67
68 13
68 20
68 86
68 93
69 28
69 56
69 66
70 0
70 28
70 7
71 18
71 11
71 67
72 7
72 66
72 2
73 23
73 13
73 31
74 46
74 8
74 47
75 45
75 42
75 9
75 80
75 83
76 37
76 7
76 0
77 8
77 43
77 29
78 26
78 23
78 18
78 93
78 95
79 3
79 54
79 66
80 7
80 75
80 31
80 96
80 97
81 35
81 30
81 15
82 67
82 4
82 53
83 75
83 59
83 12
84 47
84 4
84 36
84 87
85 31
85 12
85 36
86 20
86 68
86 67
87 55
87 35
87 84
88 28
88 57
88 67
89 3
89 8
89 23
90 37
90 7
90 3
90 99
91 43
91 11
91 32
92 6
92 55
92 4
93 68
93 78
93 13
94 8
94 44
94 41
94 98
95 78
95 47
95 19
96 23
96 36
96 80
97 43
97 11
97 80
98 43
98 94
98 0
99 66
99 90
99 20
