0 1
0 2
0 3
0 4
0 5
0 11
0 12
0 14
0 15
0 17
0 22
1 0
1 2
1 3
1 4
1 6
1 8
1 10
1 23
1 25
1 31
1 49
2 0
2 1
2 3
2 5
2 8
2 10
2 13
2 57
2 67
2 83
3 1
3 2
3 0
3 4
3 5
3 6
3 7
3 8
3 9
3 10
3 15
4 0
4 3
4 1
4 7
4 9
4 19
4 22
4 23
4 26
4 33
4 41
5 3
5 0
5 2
5 6
5 7
5 24
5 34
5 35
5 38
5 47
5 51
6 5
6 3
6 1
6 11
6 14
6 18
6 38
6 51
6 52
7 4
7 5
7 3
7 9
7 12
7 16
7 32
7 43
7 46
7 58
7 66
8 1
8 2
8 3
8 11
8 16
8 24
8 31
8 39
8 45
8 71
8 87
9 7
9 3
9 4
9 14
9 24
9 28
9 43
9 50
9 53
9 54
9 80
10 2
10 1
10 3
10 12
10 13
10 35
10 39
10 49
10 50
10 65
10 71
11 6
11 0
11 8
11 13
11 18
11 28
11 77
11 95
12 0
12 10
12 7
12 15
12 16
12 49
12 93
13 2
13 10
13 11
13 20
13 32
13 47
13 55
13 64
13 85
14 9
14 6
14 0
14 19
14 28
14 75
15 12
15 0
15 3
15 20
15 29
15 44
15 50
15 56
15 99
16 7
16 8
16 12
16 17
16 18
16 40
16 75
16 83
16 99
17 0
17 3
17 16
17 19
17 27
17 30
17 31
17 37
17 44
18 16
18 6
18 11
18 22
18 25
18 34
18 36
18 44
19 17
19 4
19 14
19 21
19 77
20 15
20 13
20 3
20 21
20 25
20 29
20 34
20 51
20 62
20 63
20 78
21 20
21 19
21 3
21 23
21 26
21 32
21 42
21 52
21 57
21 86
22 4
22 18
22 0
22 39
22 48
22 62
23 21
23 1
23 4
23 45
23 53
23 79
23 88
24 5
24 9
24 8
24 27
24 33
24 35
24 37
24 64
24 69
24 78
24 86
25 18
25 20
25 1
25 68
25 79
26 0
26 21
26 4
26 29
26 30
26 38
26 48
26 58
26 98
27 3
27 24
27 17
27 96
27 97
28 11
28 14
28 9
28 33
28 69
28 81
28 86
29 20
29 26
29 15
29 36
29 67
30 3
30 17
30 26
30 43
30 57
30 64
30 72
30 73
30 84
31 8
31 17
31 1
32 21
32 7
32 13
32 54
32 67
32 93
33 24
33 4
33 28
33 42
33 47
33 91
34 20
34 18
34 5
34 69
35 5
35 24
35 10
35 36
35 37
35 68
36 35
36 29
36 18
36 40
36 41
36 56
36 61
36 71
36 72
36 76
36 97
37 35
37 17
37 24
37 46
37 77
38 6
38 5
38 26
38 40
39 22
39 10
39 8
40 36
40 38
40 16
40 41
40 74
40 75
40 76
40 88
41 40
41 36
41 4
41 53
41 87
41 89
42 33
42 21
42 0
42 59
42 62
43 7
43 9
43 30
43 55
43 59
43 60
43 70
43 78
44 15
44 18
44 17
44 55
44 63
45 8
45 23
45 4
45 90
45 92
46 37
46 4
46 7
46 89
47 33
47 5
47 13
47 72
48 3
48 22
48 26
49 12
49 1
49 10
49 60
49 63
49 95
49 97
50 15
50 9
50 10
51 5
51 20
51 6
51 73
52 6
52 21
52 1
53 9
53 23
53 41
54 0
54 32
54 9
54 65
54 90
55 43
55 44
55 13
56 0
56 36
56 15
57 2
57 21
57 30
57 59
57 96
58 26
58 7
58 0
58 70
59 42
59 57
59 43
59 99
60 49
60 5
60 43
60 66
61 36
61 1
61 4
62 20
62 22
62 42
62 79
62 82
62 90
63 20
63 44
63 49
63 84
64 30
64 13
64 24
64 74
65 0
65 54
65 10
66 7
66 60
66 1
66 70
66 76
66 92
67 2
67 32
67 29
68 35
68 7
68 25
69 34
69 24
69 28
69 91
70 43
70 66
70 58
70 87
71 8
71 36
71 10
71 98
72 47
72 36
72 30
72 81
73 10
73 30
73 51
74 40
74 64
74 0
74 85
75 40
75 16
75 14
75 92
76 66
76 36
76 40
77 37
77 19
77 11
77 81
78 43
78 20
78 24
79 62
79 25
79 23
80 4
80 9
80 3
81 28
81 77
81 72
82 62
82 5
82 3
83 16
83 2
83 3
83 89
84 20
84 63
84 30
85 20
85 13
85 74
86 24
86 21
86 28
87 41
87 70
87 8
88 23
88 8
88 40
89 83
89 41
89 46
90 45
90 62
90 54
90 98
91 24
91 33
91 69
92 75
92 45
92 66
93 32
93 12
93 4
94 0
94 8
94 9
95 49
95 11
95 7
96 10
96 57
96 27
97 36
97 27
97 49
98 90
98 26
98 71
99 15
99 16
99 59
