0 1
0 2
1 0
1 2
2 0
2 1
3 1
3 2
3 0
4 1
4 3
4 2
5 1
5 2
5 0
6 2
6 5
6 4
7 2
7 6
7 3
8 7
8 2
8 6
9 1
9 3
9 5
10 6
10 3
10 7
11 1
11 2
11 4
12 6
12 4
12 2
13 4
13 1
13 10
14 4
14 6
14 8
15 12
15 3
15 0
16 2
16 1
16 0
17 5
17 3
17 2
18 13
18 0
18 2
19 5
19 7
19 11
20 19
20 17
20 2
21 11
21 0
21 1
22 2
22 5
22 6
23 10
23 2
23 4
24 5
24 12
24 3
25 6
25 2
25 4
26 5
26 8
26 15
27 8
27 26
27 20
28 6
28 5
28 4
29 2
29 4
29 6
30 0
30 1
30 7
31 26
31 5
31 2
32 6
32 17
32 31
33 2
33 4
33 1
34 6
34 28
34 11
35 31
35 5
35 8
36 20
36 0
36 29
37 0
37 15
37 19
38 29
38 2
38 11
39 25
39 3
39 17
40 4
40 5
40 0
41 17
41 2
41 15
42 11
42 17
42 7
43 5
43 29
43 2
44 2
44 20
44 1
45 19
45 17
45 10
46 44
46 34
46 13
47 10
47 20
47 2
48 15
48 26
48 36
49 45
49 17
49 1
50 5
50 2
50 4
51 6
51 44
51 18
52 8
52 23
52 1
53 12
53 1
53 7
54 7
54 22
54 40
55 0
55 15
55 48
56 20
56 32
56 54
57 4
57 55
57 51
58 34
58 4
58 18
59 31
59 7
59 45
60 42
60 11
60 44
61 3
61 38
61 6
62 11
62 7
62 18
63 1
63 31
63 62
64 4
64 41
64 6
65 52
65 49
65 6
66 9
66 4
66 61
67 41
67 36
67 43
68 19
68 26
68 52
69 1
69 4
69 2
70 44
70 47
70 63
71 19
71 18
71 15
72 7
72 55
72 4
73 72
73 6
73 23
74 71
74 4
74 12
75 48
75 2
75 54
76 45
76 20
76 58
77 58
77 11
77 34
78 68
78 10
78 15
79 64
79 6
79 58
80 38
80 1
80 70
81 3
81 68
81 18
82 40
82 5
82 64
83 46
83 11
83 33
84 2
84 8
84 67
85 38
85 57
85 64
86 8
86 31
86 52
87 5
87 78
87 65
88 13
88 6
88 52
89 1
89 41
89 74
90 4
90 0
90 86
91 63
91 48
91 79
92 72
92 77
92 2
93 91
93 82
93 30
94 70
94 38
94 58
95 1
95 5
95 50
96 3
96 91
96 88
97 44
97 0
97 29
98 55
98 22
98 38
99 74
99 20
99 97
100 97
100 3
100 17
101 92
101 67
101 31
102 60
102 51
102 85
103 13
103 32
103 2
104 34
104 17
104 2
105 5
105 17
105 48
106 18
106 2
106 61
107 4
107 70
107 2
108 3
108 2
108 72
109 73
109 11
109 2
110 7
110 20
110 79
111 3
111 38
111 55
112 78
112 26
112 7
113 35
113 51
113 86
114 5
114 7
114 75
115 31
115 32
115 68
116 5
116 2
116 44
117 46
117 95
117 54
118 34
118 51
118 26
119 71
119 46
119 5
120 88
120 18
120 104
121 2
121 43
121 94
122 96
122 20
122 0
123 113
123 6
123 51
124 32
124 20
124 6
125 66
125 61
125 53
126 4
126 46
126 55
127 51
127 7
127 79
128 72
128 76
128 17
129 68
129 11
129 104
130 54
130 38
130 108
131 61
131 46
131 0
132 102
132 2
132 3
133 2
133 111
133 107
134 22
134 6
134 78
135 4
135 65
135 35
136 3
136 26
136 37
137 45
137 4
137 6
138 3
138 36
138 0
139 91
139 8
139 11
140 75
140 7
140 37
141 138
141 2
141 37
142 139
142 67
142 34
143 19
143 23
143 4
144 115
144 37
144 104
145 70
145 15
145 2
146 4
146 142
146 54
147 5
147 42
147 73
148 5
148 38
148 29
149 39
149 28
149 34
150 4
150 17
150 5
151 61
151 81
151 68
152 11
152 10
152 7
153 6
153 9
153 66
154 152
154 140
154 98
155 111
155 2
155 81
156 20
156 12
156 150
157 8
157 97
157 37
158 11
158 86
158 8
159 17
159 15
159 6
160 52
160 17
160 146
161 2
161 79
161 6
162 71
162 31
162 120
163 119
163 4
163 154
164 8
164 31
164 5
165 36
165 96
165 46
166 2
166 148
166 118
167 3
167 11
167 119
168 48
168 6
168 16
169 2
169 4
169 5
170 52
170 151
170 19
171 95
171 61
171 67
172 34
172 20
172 6
173 96
173 3
173 31
174 3
174 4
174 26
175 45
175 128
175 150
176 44
176 146
176 17
177 143
177 17
177 61
178 88
178 8
178 51
179 109
179 66
179 38
180 6
180 2
180 9
181 4
181 15
181 74
182 6
182 3
182 58
183 5
183 87
183 8
184 1
184 140
184 55
185 68
185 72
185 92
186 150
186 180
186 2
187 176
187 104
187 113
188 1
188 123
188 23
189 151
189 59
189 164
190 138
190 9
190 6
191 2
191 29
191 41
192 2
192 121
192 74
193 71
193 101
193 121
194 74
194 55
194 20
195 121
195 2
195 151
196 164
196 148
196 0
197 86
197 4
197 87
198 127
198 85
198 153
199 3
199 190
199 41
200 133
200 44
200 187
201 122
201 133
201 127
202 152
202 178
202 4
203 70
203 17
203 3
204 17
204 129
204 62
205 67
205 61
205 63
206 48
206 153
206 20
207 11
207 44
207 98
208 32
208 58
208 40
209 20
209 135
209 73
210 125
210 166
210 46
211 183
211 68
211 4
212 63
212 140
212 22
213 17
213 89
213 47
214 113
214 5
214 10
215 71
215 13
215 24
216 6
216 203
216 132
217 9
217 94
217 81
218 6
218 3
218 17
219 20
219 72
219 138
220 128
220 179
220 189
221 1
221 7
221 160
222 7
222 207
222 54
223 179
223 48
223 6
224 45
224 109
224 183
225 75
225 158
225 217
226 20
226 197
226 173
227 32
227 123
227 6
228 196
228 74
228 2
229 198
229 141
229 5
230 55
230 7
230 88
231 226
231 113
231 83
232 2
232 217
232 3
233 52
233 107
233 104
234 48
234 17
234 10
235 189
235 11
235 0
236 20
236 15
236 11
237 216
237 151
237 17
238 10
238 26
238 31
239 228
239 1
239 45
240 69
240 7
240 202
241 104
241 237
241 189
242 153
242 229
242 209
243 61
243 2
243 142
244 26
244 7
244 46
245 161
245 202
245 242
246 225
246 140
246 38
247 44
247 112
247 86
248 33
248 181
248 35
249 222
249 88
249 17
250 116
250 27
250 58
251 7
251 74
251 63
252 230
252 233
252 3
253 84
253 128
253 252
254 101
254 59
254 151
255 66
255 184
255 16
256 1
256 72
256 205
257 151
257 2
257 61
258 64
258 45
258 33
259 157
259 5
259 207
260 257
260 79
260 63
261 17
261 129
261 91
262 4
262 78
262 35
263 47
263 46
263 2
264 194
264 225
264 32
265 147
265 248
265 19
266 104
266 7
266 65
267 264
267 139
267 34
268 141
268 1
268 121
269 20
269 58
269 199
270 266
270 127
270 132
271 103
271 147
271 6
272 61
272 209
272 71
273 119
273 30
273 182
274 65
274 3
274 14
275 56
275 140
275 51
276 100
276 94
276 104
277 22
277 4
277 147
278 8
278 242
278 180
279 15
279 202
279 51
280 13
280 5
280 49
281 126
281 146
281 70
282 38
282 228
282 127
283 202
283 93
283 30
284 63
284 38
284 223
285 208
285 44
285 267
286 201
286 61
286 133
287 190
287 104
287 257
288 218
288 113
288 47
289 64
289 4
289 0
290 23
290 4
290 8
291 41
291 69
291 1
292 4
292 89
292 6
293 0
293 102
293 76
294 44
294 219
294 251
295 5
295 205
295 19
296 151
296 123
296 92
297 8
297 70
297 6
298 2
298 53
298 64
299 96
299 219
299 48
300 53
300 146
300 18
301 230
301 92
301 22
302 86
302 10
302 76
303 148
303 8
303 208
304 142
304 63
304 300
305 236
305 11
305 8
306 55
306 5
306 124
307 176
307 26
307 88
308 51
308 47
308 3
309 305
309 278
309 9
310 228
310 3
310 191
311 38
311 151
311 104
312 11
312 163
312 153
313 3
313 17
313 282
314 51
314 59
314 5
315 6
315 158
315 109
316 24
316 42
316 272
317 0
317 23
317 13
318 3
318 230
318 5
319 65
319 91
319 32
320 169
320 1
320 230
321 10
321 45
321 36
322 219
322 4
322 109
323 92
323 152
323 264
324 139
324 0
324 220
325 312
325 319
325 67
326 259
326 7
326 218
327 6
327 5
327 42
328 252
328 76
328 4
329 270
329 212
329 322
330 209
330 106
330 326
331 18
331 47
331 55
332 331
332 5
332 76
333 144
333 135
333 31
334 43
334 57
334 222
335 7
335 251
335 103
336 7
336 310
336 170
337 0
337 185
337 17
338 96
338 8
338 91
339 78
339 7
339 146
340 104
340 194
340 90
341 17
341 6
341 258
342 86
342 113
342 43
343 11
343 77
343 119
344 7
344 3
344 1
345 338
345 202
345 4
346 17
346 280
346 337
347 34
347 0
347 127
348 207
348 120
348 109
349 67
349 5
349 179
350 28
350 90
350 6
351 142
351 339
351 6
352 51
352 215
352 119
353 66
353 2
353 5
354 31
354 28
354 2
355 337
355 6
355 8
356 289
356 51
356 266
357 97
357 7
357 107
358 5
358 291
358 7
359 1
359 25
359 73
360 151
360 135
360 82
361 109
361 7
361 140
362 146
362 166
362 301
363 91
363 207
363 315
364 8
364 63
364 26
365 147
365 122
365 141
366 331
366 18
366 38
367 357
367 263
367 5
368 26
368 124
368 243
369 32
369 133
369 174
370 226
370 122
370 365
371 258
371 93
371 291
372 191
372 241
372 71
373 258
373 2
373 5
374 0
374 323
374 86
375 217
375 7
375 8
376 192
376 367
376 35
377 68
377 5
377 200
378 258
378 352
378 331
379 302
379 2
379 232
380 55
380 84
380 51
381 198
381 260
381 150
382 304
382 36
382 211
383 365
383 161
383 48
384 42
384 122
384 172
385 17
385 199
385 58
386 94
386 6
386 160
387 241
387 319
387 54
388 167
388 46
388 294
389 4
389 220
389 280
390 115
390 173
390 4
391 331
391 215
391 7
392 15
392 64
392 2
393 6
393 9
393 289
394 120
394 49
394 2
395 207
395 343
395 6
396 365
396 2
396 270
397 6
397 52
397 207
398 6
398 362
398 93
399 79
399 12
399 5
400 0
400 18
400 92
401 266
401 113
401 386
402 102
402 172
402 108
403 74
403 105
403 164
404 315
404 259
404 150
405 2
405 196
405 198
406 63
406 169
406 143
407 64
407 56
407 117
408 5
408 193
408 102
409 9
409 109
409 13
410 264
410 191
410 199
411 2
411 5
411 6
412 7
412 124
412 278
413 20
413 280
413 2
414 138
414 339
414 109
415 205
415 224
415 48
416 31
416 264
416 1
417 0
417 3
417 4
418 109
418 58
418 132
419 14
419 270
419 2
420 47
420 1
420 341
421 161
421 392
421 308
422 267
422 177
422 6
423 382
423 225
423 333
424 308
424 96
424 66
425 376
425 67
425 242
426 4
426 86
426 234
427 163
427 267
427 51
428 93
428 91
428 3
429 156
429 160
429 40
430 7
430 1
430 6
431 137
431 369
431 365
432 87
432 96
432 294
433 96
433 17
433 229
434 217
434 28
434 141
435 3
435 190
435 134
436 82
436 373
436 370
437 6
437 164
437 212
438 73
438 180
438 207
439 38
439 11
439 316
440 39
440 85
440 72
441 186
441 201
441 272
442 370
442 135
442 64
443 143
443 97
443 292
444 375
444 51
444 329
445 1
445 237
445 158
446 398
446 161
446 169
447 280
447 47
447 419
448 101
448 196
448 153
449 74
449 147
449 19
450 76
450 66
450 1
451 127
451 269
451 289
452 97
452 261
452 47
453 393
453 164
453 115
454 3
454 388
454 190
455 207
455 222
455 224
456 397
456 68
456 62
457 7
457 5
457 199
458 44
458 192
458 176
459 438
459 37
459 62
460 238
460 12
460 416
461 20
461 19
461 286
462 191
462 101
462 196
463 410
463 6
463 19
464 2
464 37
464 267
465 118
465 415
465 63
466 104
466 302
466 95
467 170
467 43
467 333
468 259
468 26
468 6
469 410
469 86
469 202
470 430
470 207
470 73
471 141
471 39
471 302
472 74
472 147
472 269
473 96
473 272
473 126
474 459
474 84
474 79
475 392
475 236
475 20
476 9
476 284
476 5
477 207
477 458
477 384
478 194
478 471
478 372
479 357
479 17
479 135
480 5
480 287
480 414
481 132
481 229
481 123
482 33
482 48
482 419
483 7
483 76
483 163
484 44
484 113
484 5
485 328
485 195
485 241
486 389
486 67
486 48
487 47
487 4
487 79
488 64
488 269
488 17
489 156
489 104
489 224
490 124
490 20
490 5
491 413
491 216
491 228
492 7
492 3
492 234
493 333
493 5
493 151
494 140
494 31
494 37
495 211
495 2
495 311
496 173
496 213
496 272
497 278
497 86
497 38
498 4
498 176
498 180
499 55
499 46
499 26
