0 1
0 2
0 3
0 6
0 7
1 0
1 2
1 3
1 4
1 5
2 0
2 1
2 3
2 4
2 7
3 1
3 2
3 0
3 4
3 5
4 3
4 1
4 2
4 5
4 7
5 3
5 1
5 4
5 6
5 9
6 5
6 0
6 1
6 17
6 26
7 2
7 4
7 0
7 9
7 11
8 3
8 4
8 2
8 11
8 96
9 5
9 1
9 7
9 10
9 11
10 9
10 5
10 3
10 16
10 17
11 7
11 9
11 8
11 16
11 25
12 4
12 1
12 3
12 85
13 1
13 7
13 2
13 21
13 37
14 1
14 4
14 3
14 18
14 23
15 1
15 3
15 9
15 23
16 3
16 10
16 11
16 43
17 10
17 6
17 1
17 22
17 40
18 14
18 2
18 1
18 55
18 71
19 3
19 4
19 5
19 20
19 36
20 3
20 1
20 19
20 28
20 32
21 4
21 1
21 13
21 41
21 66
22 17
22 9
22 3
22 29
22 30
23 15
23 3
23 14
23 25
23 56
24 7
24 4
24 5
24 35
25 23
25 11
25 3
25 53
26 6
26 14
26 1
27 10
27 3
27 9
27 31
28 20
28 6
28 10
28 56
28 93
29 3
29 22
29 9
29 37
29 61
30 22
30 5
30 3
30 36
30 42
31 27
31 9
31 6
31 73
31 74
32 3
32 20
32 6
32 37
32 70
33 1
33 0
33 22
33 50
33 80
34 5
34 1
34 3
34 40
34 53
35 24
35 4
35 5
35 47
35 87
36 19
36 7
36 30
36 92
37 29
37 13
37 32
37 47
37 48
38 9
38 1
38 3
38 64
38 81
39 11
39 3
39 7
39 55
39 67
40 34
40 1
40 17
40 51
41 9
41 11
41 21
41 59
41 61
42 5
42 11
42 30
42 65
43 16
43 4
43 1
43 69
43 77
44 0
44 1
44 11
44 51
44 54
45 17
45 10
45 7
46 6
46 10
46 1
47 3
47 37
47 35
47 78
48 20
48 5
48 37
49 3
49 1
49 13
49 52
49 89
50 33
50 3
50 7
50 76
50 79
51 44
51 40
51 37
52 3
52 7
52 49
52 69
52 74
53 3
53 34
53 25
53 84
54 14
54 17
54 44
54 60
54 83
55 18
55 39
55 34
56 23
56 9
56 28
57 7
57 17
57 6
57 67
57 95
58 19
58 30
58 4
58 89
59 41
59 3
59 5
59 88
60 37
60 54
60 3
60 82
61 41
61 29
61 37
61 71
62 9
62 1
62 13
62 66
62 77
63 20
63 29
63 2
64 1
64 38
64 3
64 88
65 13
65 42
65 23
66 21
66 62
66 3
67 57
67 39
67 14
67 75
67 85
68 30
68 3
68 7
68 80
69 43
69 29
69 52
69 80
70 3
70 4
70 32
70 78
71 61
71 18
71 7
72 6
72 7
72 0
73 37
73 31
73 5
73 78
74 1
74 31
74 52
74 96
75 9
75 67
75 10
76 4
76 0
76 50
76 83
77 62
77 11
77 43
77 89
78 70
78 73
78 47
79 17
79 50
79 4
79 94
80 69
80 68
80 33
80 82
80 84
81 52
81 62
81 38
82 80
82 34
82 60
83 29
83 54
83 76
84 80
84 53
84 3
84 94
85 20
85 12
85 67
86 13
86 38
86 5
87 35
87 4
87 1
88 64
88 59
88 3
89 77
89 49
89 58
89 98
90 4
90 37
90 52
91 43
91 14
91 30
92 36
92 5
92 4
93 3
93 52
93 28
94 43
94 79
94 84
95 10
95 17
95 57
96 8
96 80
96 74
97 13
97 3
97 6
98 2
98 89
98 30
99 23
99 54
99 21
