0 1
0 2
0 3
1 0
1 2
1 3
2 0
2 1
2 3
3 0
3 2
3 1
4 3
4 1
4 2
5 0
5 4
5 2
6 0
6 3
6 4
7 0
7 3
7 6
8 5
8 4
8 7
9 0
9 3
9 4
10 1
10 4
10 0
11 9
11 10
11 4
12 6
12 3
12 4
13 11
13 3
13 1
14 4
14 2
14 10
15 0
15 6
15 3
16 4
16 10
16 3
17 3
17 10
17 16
18 17
18 10
18 4
19 5
19 3
19 2
20 13
20 9
20 3
21 11
21 4
21 0
22 3
22 14
22 10
23 3
23 0
23 22
24 3
24 0
24 12
25 3
25 0
25 17
26 21
26 4
26 10
27 0
27 24
27 15
28 15
28 3
28 2
29 16
29 4
29 3
30 14
30 12
30 7
31 24
31 17
31 19
32 9
32 19
32 15
33 30
33 2
33 9
34 15
34 31
34 2
35 3
35 22
35 4
36 9
36 16
36 7
37 24
37 35
37 17
38 10
38 15
38 2
39 2
39 3
39 0
40 13
40 4
40 38
41 4
41 26
41 9
42 34
42 14
42 37
43 40
43 30
43 3
44 0
44 11
44 2
45 27
45 19
45 17
46 32
46 31
46 3
47 2
47 0
47 4
48 35
48 19
48 30
49 33
49 41
49 44
50 48
50 2
50 21
51 4
51 41
51 7
52 3
52 25
52 44
53 6
53 41
53 2
54 7
54 33
54 48
55 15
55 17
55 3
56 53
56 31
56 13
57 46
57 40
57 31
58 34
58 56
58 29
59 26
59 48
59 3
60 24
60 42
60 5
61 36
61 2
61 31
62 39
62 0
62 2
63 61
63 4
63 39
64 3
64 10
64 4
65 55
65 8
65 1
66 30
66 33
66 2
67 0
67 24
67 15
68 57
68 13
68 1
69 6
69 40
69 7
70 4
70 2
70 0
71 11
71 15
71 1
72 1
72 48
72 24
73 8
73 32
73 17
74 8
74 12
74 54
75 0
75 4
75 48
76 32
76 48
76 7
77 3
77 54
77 21
78 8
78 23
78 70
79 3
79 16
79 62
80 47
80 14
80 5
81 34
81 49
81 41
82 64
82 0
82 40
83 77
83 60
83 15
84 16
84 2
84 62
85 24
85 61
85 14
86 30
86 5
86 6
87 60
87 62
87 49
88 53
88 8
88 3
89 13
89 11
89 34
90 4
90 3
90 15
91 0
91 85
91 36
92 1
92 52
92 4
93 9
93 14
93 2
94 15
94 61
94 3
95 1
95 12
95 3
96 70
96 2
96 19
97 19
97 4
97 3
98 60
98 8
98 14
99 31
99 80
99 55
