0 1
0 2
0 3
1 0
1 2
1 3
2 0
2 1
2 3
3 0
3 1
3 2
4 0
4 2
4 3
5 0
5 1
5 4
6 0
6 3
6 1
7 2
7 3
7 0
8 1
8 3
8 0
9 0
9 4
9 2
10 2
10 3
10 7
11 3
11 2
11 0
12 6
12 5
12 4
13 3
13 1
13 4
14 5
14 3
14 0
15 0
15 2
15 9
16 7
16 9
16 0
17 1
17 16
17 8
18 9
18 8
18 4
19 3
19 11
19 0
20 3
20 16
20 7
21 9
21 8
21 12
22 15
22 21
22 1
23 0
23 2
23 3
24 1
24 12
24 15
25 8
25 7
25 18
26 0
26 3
26 5
27 23
27 10
27 3
28 9
28 20
28 1
29 3
29 21
29 4
30 0
30 3
30 5
31 29
31 5
31 9
32 8
32 3
32 23
33 22
33 10
33 3
34 8
34 0
34 31
35 1
35 2
35 9
36 33
36 3
36 1
37 16
37 36
37 1
38 37
38 0
38 21
39 8
39 3
39 2
40 1
40 20
40 34
41 15
41 5
41 7
42 13
42 0
42 9
43 6
43 1
43 5
44 23
44 12
44 4
45 37
45 2
45 4
46 2
46 9
46 8
47 40
47 0
47 34
48 7
48 3
48 22
49 29
49 22
49 3
50 2
50 0
50 48
51 4
51 37
51 0
52 4
52 19
52 42
53 36
53 1
53 33
54 3
54 0
54 37
55 51
55 16
55 54
56 54
56 5
56 48
57 28
57 32
57 3
58 0
58 41
58 42
59 1
59 23
59 49
60 5
60 7
60 0
61 42
61 29
61 4
62 15
62 7
62 46
63 29
63 7
63 2
64 37
64 45
64 15
65 4
65 15
65 3
66 1
66 57
66 49
67 2
67 15
67 47
68 23
68 7
68 3
69 3
69 42
69 32
70 12
70 1
70 57
71 0
71 9
71 68
72 20
72 2
72 22
73 54
73 22
73 2
74 3
74 62
74 16
75 28
75 8
75 70
76 73
76 47
76 1
77 70
77 0
77 38
78 32
78 31
78 13
79 35
79 46
79 49
80 41
80 20
80 7
81 77
81 37
81 15
82 26
82 1
82 16
83 65
83 16
83 15
84 53
84 47
84 16
85 43
85 7
85 1
86 1
86 16
86 5
87 58
87 36
87 7
88 75
88 0
88 20
89 2
89 20
89 1
90 79
90 78
90 2
91 7
91 34
91 47
92 3
92 1
92 81
93 0
93 57
93 2
94 79
94 23
94 90
95 37
95 3
95 0
96 2
96 0
96 12
97 7
97 11
97 30
98 36
98 4
98 44
99 36
99 51
99 15
100 3
100 37
100 59
101 21
101 55
101 99
102 5
102 1
102 96
103 7
103 73
103 37
104 39
104 79
104 41
105 9
105 62
105 15
106 21
106 43
106 41
107 2
107 28
107 10
108 62
108 5
108 80
109 32
109 74
109 85
110 50
110 71
110 42
111 47
111 95
111 16
112 15
112 4
112 3
113 11
113 15
113 19
114 48
114 5
114 30
115 0
115 47
115 37
116 21
116 12
116 1
117 15
117 1
117 62
118 51
118 43
118 15
119 59
119 32
119 19
120 3
120 20
120 11
121 99
121 0
121 2
122 106
122 10
122 70
123 75
123 26
123 43
124 7
124 112
124 21
125 54
125 77
125 91
126 68
126 45
126 74
127 0
127 74
127 37
128 43
128 101
128 70
129 12
129 94
129 81
130 52
130 11
130 0
131 36
131 10
131 0
132 4
132 48
132 64
133 7
133 0
133 46
134 59
134 41
134 43
135 7
135 110
135 72
136 7
136 76
136 0
137 2
137 37
137 36
138 62
138 0
138 56
139 37
139 105
139 122
140 47
140 74
140 4
141 3
141 22
141 5
142 16
142 15
142 36
143 2
143 71
143 115
144 20
144 37
144 54
145 13
145 11
145 7
146 108
146 12
146 107
147 56
147 28
147 46
148 35
148 61
148 98
149 62
149 0
149 21
150 84
150 55
150 85
151 121
151 83
151 12
152 88
152 125
152 101
153 62
153 136
153 70
154 3
154 122
154 13
155 134
155 1
155 15
156 44
156 85
156 89
157 131
157 65
157 0
158 117
158 104
158 125
159 53
159 2
159 121
160 11
160 5
160 113
161 28
161 32
161 102
162 121
162 126
162 34
163 74
163 36
163 41
164 142
164 72
164 100
165 53
165 0
165 7
166 40
166 28
166 121
167 27
167 36
167 107
168 120
168 1
168 36
169 48
169 41
169 56
170 142
170 7
170 2
171 70
171 15
171 28
172 162
172 36
172 42
173 14
173 18
173 2
174 160
174 72
174 37
175 43
175 77
175 100
176 110
176 15
176 128
177 52
177 173
177 43
178 115
178 0
178 123
179 38
179 14
179 49
180 3
180 1
180 4
181 95
181 71
181 15
182 133
182 154
182 85
183 36
183 37
183 141
184 139
184 38
184 111
185 163
185 4
185 31
186 36
186 5
186 37
187 44
187 48
187 87
188 0
188 186
188 97
189 5
189 127
189 34
190 20
190 156
190 12
191 37
191 36
191 28
192 136
192 126
192 16
193 130
193 3
193 15
194 164
194 15
194 6
195 125
195 181
195 3
196 101
196 31
196 49
197 22
197 0
197 2
198 15
198 23
198 1
199 177
199 8
199 62
200 116
200 15
200 180
201 12
201 85
201 23
202 48
202 0
202 21
203 66
203 3
203 50
204 121
204 193
204 132
205 0
205 15
205 70
206 0
206 190
206 164
207 72
207 19
207 106
208 47
208 88
208 98
209 208
209 1
209 185
210 8
210 190
210 181
211 139
211 31
211 13
212 146
212 197
212 117
213 128
213 81
213 54
214 51
214 21
214 4
215 7
215 80
215 168
216 15
216 12
216 193
217 48
217 162
217 176
218 177
218 109
218 54
219 194
219 3
219 9
220 3
220 117
220 116
221 69
221 2
221 0
222 212
222 9
222 37
223 85
223 188
223 125
224 109
224 148
224 8
225 1
225 95
225 169
226 3
226 214
226 2
227 2
227 50
227 9
228 155
228 12
228 89
229 215
229 85
229 62
230 1
230 3
230 54
231 187
231 51
231 77
232 36
232 5
232 70
233 2
233 3
233 6
234 68
234 160
234 12
235 1
235 173
235 121
236 167
236 113
236 71
237 181
237 109
237 9
238 227
238 234
238 146
239 89
239 15
239 68
240 75
240 230
240 21
241 36
241 109
241 21
242 228
242 158
242 123
243 173
243 109
243 3
244 66
244 7
244 14
245 122
245 5
245 54
246 42
246 34
246 11
247 56
247 4
247 36
248 181
248 200
248 41
249 49
249 41
249 21
250 108
250 7
250 9
251 183
251 3
251 154
252 1
252 237
252 5
253 131
253 200
253 35
254 44
254 5
254 221
255 119
255 37
255 221
256 47
256 181
256 10
257 96
257 49
257 2
258 22
258 7
258 166
259 171
259 145
259 192
260 241
260 98
260 0
261 62
261 216
261 149
262 156
262 174
262 142
263 0
263 1
263 14
264 63
264 182
264 36
265 236
265 15
265 252
266 2
266 51
266 104
267 209
267 210
267 15
268 0
268 188
268 15
269 62
269 173
269 6
270 28
270 79
270 104
271 81
271 242
271 0
272 214
272 59
272 16
273 180
273 113
273 100
274 148
274 197
274 16
275 77
275 215
275 134
276 228
276 26
276 55
277 106
277 203
277 21
278 181
278 47
278 85
279 209
279 261
279 206
280 9
280 44
280 272
281 74
281 0
281 89
282 8
282 18
282 146
283 78
283 73
283 0
284 2
284 235
284 124
285 202
285 99
285 185
286 32
286 19
286 37
287 111
287 211
287 10
288 71
288 28
288 102
289 186
289 1
289 42
290 228
290 224
290 129
291 192
291 168
291 278
292 283
292 3
292 130
293 3
293 128
293 158
294 8
294 183
294 53
295 125
295 79
295 34
296 3
296 218
296 189
297 93
297 71
297 9
298 0
298 50
298 174
299 293
299 147
299 21
300 15
300 105
300 179
301 119
301 196
301 22
302 217
302 162
302 99
303 256
303 51
303 272
304 12
304 264
304 174
305 102
305 21
305 3
306 78
306 98
306 150
307 164
307 186
307 209
308 211
308 38
308 203
309 186
309 12
309 101
310 241
310 136
310 0
311 169
311 62
311 50
312 193
312 13
312 223
313 14
313 15
313 118
314 4
314 101
314 24
315 141
315 37
315 9
316 50
316 3
316 154
317 225
317 117
317 2
318 170
318 278
318 67
319 7
319 29
319 2
320 99
320 50
320 316
321 101
321 295
321 170
322 156
322 125
322 0
323 7
323 116
323 176
324 0
324 1
324 35
325 8
325 37
325 72
326 217
326 123
326 157
327 78
327 131
327 105
328 300
328 211
328 11
329 117
329 69
329 263
330 9
330 60
330 93
331 107
331 105
331 120
332 223
332 8
332 10
333 48
333 97
333 150
334 5
334 81
334 66
335 295
335 7
335 66
336 8
336 240
336 49
337 323
337 146
337 20
338 145
338 75
338 271
339 127
339 44
339 3
340 54
340 8
340 0
341 21
341 337
341 4
342 140
342 0
342 174
343 130
343 305
343 11
344 181
344 49
344 7
345 133
345 61
345 341
346 256
346 192
346 47
347 4
347 34
347 130
348 21
348 116
348 75
349 1
349 312
349 15
350 269
350 66
350 147
351 8
351 66
351 102
352 216
352 11
352 244
353 294
353 151
353 181
354 275
354 21
354 264
355 106
355 244
355 262
356 4
356 0
356 249
357 15
357 4
357 12
358 133
358 1
358 18
359 251
359 212
359 189
360 116
360 179
360 143
361 257
361 155
361 21
362 16
362 321
362 237
363 326
363 89
363 11
364 234
364 2
364 61
365 7
365 160
365 122
366 28
366 304
366 225
367 226
367 173
367 15
368 287
368 98
368 135
369 9
369 4
369 49
370 36
370 133
370 300
371 69
371 51
371 295
372 230
372 9
372 128
373 308
373 157
373 159
374 300
374 187
374 305
375 14
375 106
375 192
376 54
376 200
376 92
377 1
377 21
377 297
378 191
378 59
378 223
379 71
379 16
379 65
380 218
380 36
380 2
381 245
381 256
381 104
382 36
382 72
382 96
383 153
383 316
383 41
384 380
384 30
384 218
385 110
385 222
385 313
386 83
386 70
386 102
387 5
387 12
387 278
388 123
388 306
388 317
389 317
389 293
389 267
390 2
390 50
390 133
391 137
391 5
391 85
392 7
392 15
392 56
393 135
393 123
393 48
394 299
394 91
394 160
395 122
395 119
395 2
396 385
396 297
396 253
397 78
397 36
397 61
398 298
398 125
398 3
399 9
399 118
399 376
400 16
400 353
400 278
401 181
401 231
401 74
402 377
402 163
402 2
403 294
403 308
403 215
404 267
404 106
404 7
405 39
405 34
405 269
406 351
406 311
406 308
407 3
407 50
407 49
408 0
408 47
408 53
409 1
409 207
409 275
410 18
410 30
410 133
411 15
411 27
411 53
412 101
412 410
412 230
413 1
413 329
413 334
414 108
414 109
414 8
415 84
415 66
415 35
416 255
416 138
416 223
417 382
417 43
417 160
418 120
418 21
418 326
419 15
419 292
419 245
420 192
420 14
420 0
421 290
421 21
421 416
422 287
422 262
422 73
423 40
423 47
423 115
424 369
424 226
424 211
425 3
425 317
425 7
426 52
426 135
426 80
427 30
427 307
427 217
428 219
428 74
428 389
429 9
429 48
429 251
430 134
430 12
430 14
431 71
431 120
431 19
432 391
432 85
432 403
433 196
433 324
433 142
434 384
434 393
434 12
435 1
435 287
435 21
436 294
436 34
436 2
437 258
437 395
437 48
438 305
438 46
438 7
439 108
439 256
439 2
440 211
440 37
440 36
441 1
441 400
441 34
442 197
442 5
442 21
443 249
443 120
443 26
444 15
444 96
444 188
445 11
445 251
445 15
446 435
446 176
446 47
447 328
447 59
447 336
448 221
448 16
448 50
449 361
449 5
449 213
450 223
450 188
450 11
451 283
451 211
451 62
452 256
452 225
452 110
453 172
453 48
453 51
454 72
454 20
454 42
455 105
455 237
455 5
456 36
456 1
456 340
457 351
457 160
457 97
458 182
458 181
458 408
459 123
459 146
459 34
460 46
460 260
460 326
461 40
461 116
461 169
462 124
462 50
462 31
463 363
463 328
463 0
464 24
464 101
464 85
465 152
465 433
465 48
466 3
466 74
466 47
467 28
467 21
467 264
468 0
468 89
468 295
469 4
469 41
469 212
470 212
470 15
470 193
471 23
471 15
471 37
472 2
472 1
472 288
473 156
473 106
473 102
474 193
474 85
474 178
475 264
475 16
475 154
476 54
476 9
476 48
477 201
477 216
477 319
478 166
478 308
478 0
479 5
479 385
479 438
480 299
480 21
480 79
481 30
481 141
481 21
482 248
482 436
482 0
483 286
483 71
483 198
484 26
484 126
484 148
485 8
485 262
485 273
486 15
486 125
486 42
487 7
487 32
487 388
488 52
488 54
488 257
489 185
489 423
489 242
490 162
490 1
490 459
491 407
491 229
491 3
492 485
492 0
492 2
493 162
493 180
493 3
494 428
494 225
494 41
495 22
495 125
495 1
496 28
496 266
496 265
497 163
497 36
497 281
498 182
498 102
498 7
499 93
499 71
499 245
