0 1
1 0
2 1
2 0
3 0
3 1
3 2
4 0
4 2
4 1
5 1
5 2
5 4
6 0
6 2
6 1
7 5
7 2
7 1
8 2
8 1
8 6
9 6
9 8
9 1
10 1
10 2
10 0
11 5
11 1
11 8
12 9
12 8
12 4
13 2
13 12
13 5
14 2
14 12
14 3
15 13
15 0
15 2
16 2
16 1
16 13
17 9
17 2
17 4
18 4
18 1
18 2
19 15
19 8
19 1
20 6
20 15
20 1
21 8
21 0
21 6
22 2
22 5
22 1
23 13
23 5
23 2
24 15
24 6
24 5
25 4
25 19
25 16
26 20
26 1
26 6
27 19
27 6
27 4
28 0
28 1
28 9
29 2
29 15
29 3
30 14
30 1
30 29
31 6
31 1
31 13
32 2
32 8
32 6
33 2
33 0
33 17
34 17
34 1
34 4
35 11
35 2
35 9
36 0
36 2
36 8
37 15
37 1
37 5
38 12
38 19
38 9
39 1
39 8
39 26
40 5
40 29
40 1
41 34
41 7
41 9
42 1
42 9
42 41
43 30
43 15
43 4
44 17
44 22
44 9
45 33
45 1
45 8
46 30
46 4
46 10
47 1
47 39
47 0
48 4
48 7
48 17
49 16
49 5
49 15
50 39
50 1
50 40
51 35
51 39
51 8
52 15
52 19
52 4
53 1
53 2
53 16
54 21
54 2
54 1
55 9
55 36
55 3
56 4
56 40
56 44
57 2
57 8
57 12
58 15
58 22
58 2
59 49
59 1
59 22
60 8
60 6
60 15
61 4
61 5
61 42
62 8
62 28
62 9
63 4
63 52
63 1
64 4
64 22
64 2
65 33
65 22
65 34
66 61
66 29
66 37
67 4
67 21
67 6
68 15
68 6
68 11
69 1
69 15
69 4
70 13
70 41
70 8
71 27
71 2
71 4
72 58
72 26
72 44
73 4
73 34
73 39
74 1
74 4
74 5
75 35
75 49
75 11
76 4
76 1
76 44
77 72
77 0
77 12
78 72
78 15
78 9
79 74
79 22
79 13
80 1
80 74
80 2
81 23
81 27
81 2
82 11
82 2
82 34
83 22
83 38
83 6
84 15
84 8
84 65
85 33
85 1
85 84
86 9
86 53
86 13
87 2
87 20
87 26
88 35
88 5
88 52
89 34
89 28
89 57
90 6
90 28
90 31
91 8
91 2
91 6
92 7
92 0
92 53
93 37
93 75
93 2
94 73
94 19
94 27
95 80
95 54
95 4
96 33
96 91
96 76
97 9
97 13
97 42
98 69
98 27
98 24
99 77
99 0
99 18
100 4
100 72
100 64
101 81
101 13
101 43
102 33
102 34
102 5
103 4
103 6
103 39
104 74
104 102
104 0
105 65
105 61
105 36
106 1
106 70
106 2
107 44
107 96
107 33
108 46
108 9
108 4
109 1
109 89
109 79
110 65
110 99
110 104
111 11
111 45
111 41
112 27
112 104
112 28
113 80
113 2
113 111
114 38
114 14
114 0
115 64
115 89
115 2
116 74
116 59
116 32
117 108
117 107
117 6
118 100
118 56
118 12
119 70
119 1
119 30
120 79
120 51
120 99
121 12
121 104
121 0
122 20
122 66
122 6
123 2
123 73
123 79
124 15
124 87
124 111
125 64
125 49
125 9
126 10
126 8
126 5
127 66
127 31
127 87
128 4
128 2
128 15
129 9
129 4
129 15
130 1
130 86
130 26
131 120
131 130
131 6
132 19
132 34
132 60
133 4
133 1
133 49
134 23
134 130
134 81
135 0
135 30
135 85
136 114
136 49
136 132
137 13
137 89
137 61
138 81
138 6
138 97
139 42
139 6
139 15
140 2
140 129
140 79
141 118
141 12
141 82
142 7
142 17
142 57
143 138
143 140
143 87
144 6
144 0
144 82
145 122
145 19
145 70
146 0
146 79
146 6
147 43
147 129
147 8
148 80
148 39
148 87
149 24
149 90
149 97
150 94
150 29
150 96
151 1
151 2
151 77
152 18
152 2
152 15
153 96
153 13
153 104
154 81
154 8
154 72
155 2
155 91
155 21
156 13
156 8
156 38
157 27
157 86
157 138
158 129
158 155
158 50
159 4
159 1
159 0
160 56
160 119
160 13
161 24
161 9
161 2
162 2
162 4
162 72
163 39
163 102
163 47
164 90
164 79
164 24
165 2
165 101
165 146
166 23
166 30
166 52
167 12
167 8
167 140
168 5
168 107
168 89
169 165
169 12
169 65
170 53
170 41
170 52
171 2
171 4
171 43
172 1
172 4
172 42
173 27
173 8
173 117
174 0
174 169
174 23
175 46
175 1
175 123
176 171
176 7
176 27
177 4
177 85
177 41
178 138
178 23
178 156
179 19
179 12
179 6
180 61
180 26
180 9
181 45
181 6
181 2
182 29
182 6
182 38
183 4
183 59
183 177
184 13
184 12
184 2
185 27
185 138
185 50
186 3
186 108
186 58
187 18
187 2
187 1
188 150
188 60
188 80
189 94
189 6
189 1
190 0
190 164
190 87
191 180
191 116
191 0
192 57
192 78
192 0
193 169
193 36
193 35
194 16
194 162
194 106
195 173
195 165
195 12
196 42
196 72
196 7
197 38
197 13
197 72
198 13
198 6
198 99
199 114
199 41
199 5
200 8
200 1
200 129
201 116
201 81
201 120
202 7
202 57
202 1
203 131
203 6
203 73
204 22
204 119
204 1
205 120
205 39
205 50
206 19
206 102
206 9
207 4
207 124
207 205
208 57
208 41
208 50
209 87
209 4
209 3
210 96
210 99
210 148
211 113
211 5
211 199
212 147
212 19
212 57
213 201
213 82
213 148
214 2
214 106
214 61
215 6
215 69
215 98
216 190
216 4
216 41
217 13
217 140
217 65
218 168
218 123
218 85
219 97
219 1
219 158
220 180
220 5
220 161
221 165
221 109
221 52
222 46
222 13
222 133
223 88
223 36
223 37
224 216
224 17
224 2
225 178
225 82
225 94
226 114
226 0
226 191
227 135
227 17
227 41
228 81
228 173
228 6
229 2
229 0
229 74
230 111
230 179
230 2
231 1
231 142
231 5
232 24
232 111
232 14
233 0
233 177
233 203
234 119
234 55
234 97
235 9
235 1
235 222
236 214
236 1
236 228
237 191
237 13
237 127
238 107
238 44
238 156
239 82
239 22
239 222
240 42
240 78
240 222
241 22
241 85
241 29
242 155
242 98
242 202
243 173
243 218
243 70
244 35
244 39
244 29
245 72
245 234
245 6
246 188
246 1
246 2
247 96
247 171
247 4
248 43
248 71
248 9
249 76
249 59
249 200
250 184
250 123
250 79
251 71
251 182
251 2
252 2
252 13
252 154
253 190
253 17
253 4
254 184
254 77
254 149
255 41
255 88
255 228
256 42
256 76
256 6
257 169
257 35
257 157
258 159
258 0
258 2
259 2
259 85
259 27
260 2
260 108
260 81
261 142
261 41
261 64
262 28
262 0
262 9
263 19
263 2
263 39
264 47
264 27
264 31
265 127
265 64
265 222
266 6
266 251
266 2
267 0
267 16
267 148
268 87
268 5
268 120
269 41
269 6
269 12
270 155
270 41
270 5
271 264
271 0
271 40
272 225
272 165
272 36
273 13
273 76
273 200
274 192
274 71
274 17
275 170
275 2
275 76
276 272
276 93
276 61
277 4
277 34
277 197
278 15
278 72
278 13
279 1
279 2
279 274
280 2
280 0
280 34
281 0
281 21
281 32
282 229
282 2
282 173
283 81
283 184
283 82
284 88
284 197
284 243
285 12
285 6
285 32
286 204
286 142
286 2
287 94
287 55
287 123
288 233
288 178
288 36
289 96
289 190
289 158
290 89
290 0
290 132
291 269
291 39
291 104
292 180
292 39
292 138
293 33
293 22
293 83
294 238
294 44
294 165
295 15
295 69
295 2
296 200
296 154
296 5
297 19
297 206
297 116
298 204
298 6
298 102
299 35
299 129
299 6
300 129
300 270
300 195
301 114
301 2
301 13
302 40
302 82
302 221
303 28
303 110
303 296
304 88
304 6
304 24
305 58
305 1
305 154
306 2
306 96
306 11
307 88
307 22
307 89
308 13
308 83
308 137
309 224
309 181
309 81
310 29
310 1
310 117
311 22
311 217
311 140
312 87
312 34
312 267
313 9
313 2
313 64
314 173
314 62
314 114
315 267
315 148
315 6
316 116
316 26
316 274
317 2
317 1
317 9
318 15
318 2
318 30
319 8
319 1
319 231
320 106
320 70
320 24
321 9
321 0
321 50
322 8
322 139
322 115
323 115
323 197
323 44
324 27
324 241
324 225
325 8
325 72
325 124
326 123
326 4
326 187
327 6
327 262
327 9
328 194
328 34
328 44
329 0
329 34
329 180
330 34
330 155
330 2
331 61
331 6
331 314
332 180
332 35
332 19
333 107
333 75
333 136
334 34
334 19
334 298
335 72
335 8
335 88
336 72
336 140
336 4
337 9
337 336
337 5
338 239
338 244
338 319
339 75
339 6
339 3
340 9
340 24
340 232
341 27
341 149
341 333
342 8
342 163
342 38
343 57
343 318
343 15
344 85
344 180
344 4
345 98
345 237
345 307
346 238
346 2
346 12
347 3
347 0
347 327
348 22
348 24
348 36
349 148
349 116
349 2
350 40
350 15
350 9
351 9
351 21
351 124
352 17
352 57
352 149
353 94
353 4
353 22
354 3
354 128
354 284
355 251
355 14
355 10
356 45
356 244
356 283
357 307
357 249
357 117
358 4
358 70
358 164
359 212
359 74
359 87
360 335
360 351
360 224
361 113
361 2
361 33
362 335
362 87
362 200
363 192
363 1
363 76
364 273
364 99
364 125
365 81
365 139
365 107
366 6
366 157
366 192
367 9
367 35
367 85
368 287
368 2
368 140
369 61
369 41
369 208
370 15
370 331
370 57
371 244
371 173
371 84
372 225
372 119
372 120
373 0
373 29
373 22
374 88
374 85
374 4
375 99
375 143
375 364
376 356
376 4
376 112
377 166
377 261
377 285
378 6
378 160
378 339
379 249
379 17
379 147
380 325
380 0
380 341
381 256
381 13
381 4
382 142
382 339
382 295
383 9
383 111
383 25
384 255
384 1
384 76
385 286
385 2
385 0
386 309
386 26
386 140
387 382
387 333
387 214
388 371
388 2
388 1
389 340
389 224
389 52
390 285
390 39
390 238
391 115
391 209
391 371
392 72
392 157
392 41
393 121
393 228
393 169
394 390
394 9
394 1
395 1
395 115
395 19
396 47
396 160
396 238
397 97
397 6
397 35
398 25
398 41
398 6
399 52
399 15
399 37
400 206
400 46
400 77
401 1
401 223
401 76
402 96
402 156
402 171
403 0
403 36
403 2
404 124
404 222
404 113
405 41
405 392
405 236
406 326
406 124
406 192
407 344
407 289
407 15
408 0
408 71
408 211
409 21
409 81
409 67
410 164
410 98
410 367
411 114
411 6
411 356
412 77
412 395
412 52
413 30
413 181
413 2
414 292
414 119
414 404
415 64
415 5
415 320
416 127
416 239
416 21
417 6
417 90
417 0
418 199
418 315
418 20
419 126
419 57
419 324
420 175
420 72
420 9
421 76
421 4
421 234
422 234
422 8
422 98
423 245
423 87
423 1
424 159
424 406
424 181
425 178
425 415
425 75
426 8
426 116
426 187
427 335
427 195
427 141
428 238
428 344
428 15
429 102
429 135
429 19
430 348
430 5
430 310
431 123
431 384
431 71
432 321
432 20
432 236
433 165
433 73
433 29
434 432
434 109
434 293
435 125
435 32
435 367
436 164
436 22
436 51
437 12
437 4
437 69
438 274
438 8
438 4
439 116
439 150
439 262
440 364
440 40
440 374
441 1
441 143
441 35
442 119
442 19
442 154
443 333
443 180
443 72
444 173
444 350
444 43
445 15
445 8
445 88
446 344
446 72
446 15
447 29
447 53
447 125
448 325
448 365
448 155
449 96
449 14
449 319
450 335
450 6
450 2
451 104
451 42
451 62
452 60
452 30
452 364
453 34
453 106
453 168
454 33
454 226
454 42
455 259
455 257
455 271
456 102
456 47
456 31
457 413
457 45
457 269
458 438
458 383
458 289
459 4
459 2
459 109
460 257
460 408
460 289
461 1
461 182
461 13
462 222
462 2
462 65
463 34
463 33
463 62
464 335
464 207
464 51
465 333
465 82
465 118
466 75
466 13
466 15
467 11
467 65
467 96
468 360
468 414
468 378
469 172
469 394
469 320
470 235
470 282
470 170
471 140
471 9
471 422
472 248
472 199
472 355
473 325
473 142
473 292
474 383
474 186
474 418
475 429
475 61
475 90
476 64
476 33
476 440
477 323
477 102
477 17
478 8
478 20
478 406
479 160
479 39
479 265
480 171
480 189
480 114
481 6
481 13
481 204
482 177
482 33
482 90
483 110
483 191
483 468
484 232
484 434
484 226
485 57
485 150
485 39
486 421
486 335
486 2
487 1
487 152
487 0
488 55
488 460
488 360
489 98
489 15
489 1
490 224
490 94
490 0
491 100
491 34
491 400
492 12
492 79
492 226
493 243
493 267
493 204
494 107
494 85
494 173
495 1
495 30
495 6
496 337
496 200
496 413
497 421
497 129
497 339
498 159
498 128
498 265
499 22
499 381
499 165
500 268
500 222
500 13
501 346
501 110
501 385
502 42
502 237
502 169
503 29
503 18
503 78
504 336
504 107
504 80
505 443
505 373
505 31
506 417
506 39
506 335
507 400
507 337
507 70
508 132
508 53
508 318
509 79
509 126
509 76
510 425
510 36
510 275
511 13
511 404
511 363
512 2
512 154
512 51
513 76
513 81
513 6
514 26
514 385
514 41
515 398
515 1
515 283
516 51
516 44
516 2
517 379
517 209
517 5
518 4
518 51
518 36
519 85
519 192
519 457
520 1
520 309
520 413
521 1
521 38
521 111
522 249
522 162
522 17
523 236
523 388
523 2
524 359
524 461
524 159
525 314
525 492
525 395
526 376
526 448
526 80
527 237
527 252
527 243
528 312
528 12
528 4
529 252
529 56
529 19
530 184
530 49
530 138
531 73
531 19
531 407
532 446
532 118
532 165
533 65
533 515
533 60
534 276
534 6
534 19
535 33
535 173
535 40
536 236
536 6
536 85
537 509
537 274
537 267
538 77
538 44
538 228
539 72
539 528
539 94
540 6
540 81
540 162
541 427
541 421
541 129
542 31
542 39
542 229
543 21
543 36
543 15
544 138
544 88
544 441
545 129
545 114
545 89
546 320
546 476
546 96
547 111
547 271
547 21
548 47
548 545
548 8
549 35
549 503
549 403
550 6
550 469
550 382
551 5
551 2
551 13
552 104
552 254
552 142
553 2
553 0
553 529
554 171
554 0
554 394
555 38
555 183
555 78
556 243
556 71
556 58
557 32
557 147
557 371
558 98
558 8
558 267
559 11
559 34
559 219
560 227
560 190
560 335
561 20
561 205
561 131
562 120
562 140
562 36
563 57
563 344
563 38
564 182
564 481
564 237
565 111
565 187
565 1
566 69
566 5
566 2
567 4
567 273
567 372
568 37
568 528
568 135
569 6
569 133
569 158
570 336
570 161
570 249
571 403
571 360
571 295
572 448
572 4
572 148
573 325
573 186
573 359
574 244
574 41
574 215
575 99
575 37
575 70
576 456
576 416
576 14
577 207
577 281
577 222
578 165
578 321
578 276
579 107
579 222
579 5
580 184
580 19
580 464
581 119
581 498
581 179
582 12
582 164
582 50
583 400
583 560
583 41
584 271
584 565
584 298
585 71
585 17
585 165
586 359
586 356
586 65
587 98
587 210
587 123
588 48
588 6
588 89
589 82
589 407
589 1
590 11
590 72
590 287
591 154
591 148
591 2
592 173
592 182
592 569
593 388
593 423
593 470
594 2
594 335
594 156
595 287
595 51
595 1
596 592
596 493
596 385
597 167
597 8
597 284
598 73
598 392
598 51
599 5
599 331
599 195
600 69
600 1
600 295
601 332
601 392
601 34
602 114
602 518
602 9
603 65
603 280
603 27
604 96
604 72
604 305
605 2
605 357
605 86
606 13
606 2
606 4
607 47
607 87
607 81
608 444
608 4
608 369
609 30
609 111
609 6
610 240
610 147
610 183
611 35
611 169
611 2
612 142
612 206
612 279
613 57
613 490
613 582
614 83
614 34
614 15
615 147
615 257
615 2
616 120
616 117
616 72
617 41
617 559
617 81
618 566
618 527
618 417
619 129
619 1
619 27
620 96
620 233
620 49
621 308
621 0
621 155
622 154
622 94
622 70
623 480
623 0
623 539
624 273
624 546
624 118
625 178
625 293
625 582
626 107
626 31
626 6
627 626
627 4
627 192
628 182
628 502
628 173
629 1
629 94
629 96
630 39
630 544
630 72
631 316
631 356
631 167
632 250
632 344
632 99
633 169
633 477
633 283
634 633
634 538
634 151
635 27
635 228
635 39
636 41
636 234
636 115
637 21
637 40
637 1
638 417
638 179
638 189
639 509
639 76
639 175
640 87
640 250
640 96
641 607
641 229
641 40
642 1
642 119
642 107
643 602
643 503
643 31
644 49
644 9
644 173
645 169
645 2
645 533
646 362
646 77
646 183
647 8
647 171
647 222
648 6
648 422
648 266
649 1
649 606
649 185
650 5
650 181
650 154
651 281
651 502
651 523
652 154
652 22
652 206
653 226
653 217
653 1
654 350
654 153
654 510
655 5
655 75
655 252
656 156
656 206
656 201
657 287
657 1
657 13
658 14
658 231
658 1
659 587
659 641
659 76
660 20
660 371
660 506
661 76
661 98
661 61
662 2
662 619
662 6
663 176
663 209
663 177
664 177
664 78
664 4
665 585
665 6
665 406
666 17
666 656
666 657
667 91
667 140
667 87
668 1
668 53
668 27
669 81
669 6
669 637
670 0
670 624
670 169
671 99
671 509
671 204
672 39
672 342
672 533
673 124
673 491
673 238
674 130
674 72
674 625
675 74
675 15
675 116
676 227
676 61
676 99
677 145
677 137
677 102
678 99
678 306
678 289
679 21
679 545
679 365
680 58
680 557
680 309
681 107
681 119
681 72
682 359
682 2
682 424
683 265
683 600
683 124
684 30
684 255
684 454
685 207
685 72
685 8
686 21
686 535
686 411
687 1
687 57
687 374
688 451
688 22
688 0
689 283
689 135
689 131
690 240
690 274
690 652
691 325
691 624
691 114
692 585
692 69
692 154
693 155
693 205
693 367
694 116
694 11
694 34
695 44
695 578
695 79
696 363
696 88
696 99
697 329
697 176
697 504
698 51
698 13
698 296
699 64
699 29
699 262
700 376
700 699
700 203
701 250
701 352
701 582
702 116
702 165
702 357
703 142
703 103
703 428
704 41
704 428
704 1
705 85
705 0
705 57
706 0
706 8
706 100
707 13
707 371
707 166
708 13
708 584
708 383
709 619
709 4
709 511
710 607
710 114
710 2
711 625
711 51
711 531
712 102
712 28
712 154
713 6
713 84
713 97
714 381
714 5
714 248
715 1
715 103
715 308
716 154
716 156
716 401
717 88
717 658
717 43
718 371
718 388
718 72
719 74
719 97
719 648
720 71
720 124
720 693
721 0
721 45
721 89
722 15
722 25
722 0
723 450
723 234
723 323
724 157
724 508
724 81
725 289
725 23
725 479
726 423
726 660
726 182
727 507
727 165
727 371
728 38
728 1
728 178
729 103
729 124
729 2
730 87
730 75
730 291
731 124
731 544
731 571
732 158
732 257
732 235
733 398
733 151
733 117
734 165
734 4
734 382
735 140
735 499
735 138
736 8
736 0
736 9
737 28
737 79
737 5
738 2
738 471
738 660
739 52
739 279
739 436
740 593
740 122
740 219
741 601
741 9
741 6
742 325
742 53
742 320
743 28
743 389
743 170
744 27
744 41
744 11
745 160
745 680
745 14
746 204
746 0
746 317
747 445
747 702
747 210
748 358
748 307
748 94
749 209
749 32
749 184
750 50
750 241
750 12
751 383
751 218
751 97
752 376
752 625
752 2
753 150
753 5
753 0
754 471
754 145
754 235
755 658
755 59
755 79
756 186
756 0
756 196
757 1
757 89
757 520
758 440
758 4
758 34
759 34
759 436
759 581
760 688
760 229
760 720
761 217
761 72
761 504
762 225
762 216
762 13
763 326
763 588
763 295
764 161
764 135
764 393
765 111
765 130
765 53
766 447
766 11
766 308
767 491
767 120
767 4
768 43
768 693
768 15
769 9
769 86
769 51
770 711
770 5
770 588
771 9
771 71
771 504
772 212
772 147
772 85
773 703
773 204
773 247
774 240
774 136
774 589
775 547
775 6
775 0
776 134
776 311
776 346
777 147
777 697
777 193
778 24
778 41
778 516
779 0
779 738
779 209
780 589
780 598
780 640
781 347
781 645
781 515
782 4
782 278
782 384
783 660
783 136
783 419
784 126
784 1
784 500
785 320
785 9
785 19
786 538
786 351
786 659
787 6
787 33
787 15
788 5
788 778
788 278
789 142
789 511
789 49
790 9
790 579
790 539
791 385
791 427
791 91
792 548
792 282
792 13
793 1
793 722
793 540
794 205
794 131
794 1
795 186
795 8
795 9
796 364
796 304
796 421
797 585
797 1
797 423
798 386
798 11
798 676
799 47
799 416
799 528
800 147
800 72
800 792
801 240
801 94
801 167
802 1
802 335
802 81
803 6
803 352
803 13
804 110
804 277
804 37
805 192
805 57
805 503
806 1
806 616
806 224
807 8
807 41
807 142
808 46
808 75
808 734
809 2
809 790
809 800
810 5
810 183
810 107
811 39
811 225
811 27
812 532
812 776
812 0
813 517
813 413
813 745
814 53
814 41
814 48
815 733
815 782
815 644
816 96
816 6
816 19
817 312
817 90
817 38
818 88
818 300
818 333
819 815
819 14
819 30
820 10
820 342
820 38
821 797
821 115
821 40
822 30
822 290
822 4
823 552
823 497
823 392
824 139
824 187
824 51
825 43
825 342
825 296
826 641
826 255
826 590
827 283
827 322
827 28
828 28
828 71
828 1
829 140
829 212
829 142
830 392
830 40
830 79
831 197
831 42
831 217
832 2
832 164
832 607
833 39
833 2
833 66
834 468
834 636
834 31
835 545
835 355
835 428
836 82
836 545
836 231
837 42
837 39
837 564
838 721
838 9
838 437
839 2
839 457
839 39
840 2
840 416
840 71
841 307
841 719
841 37
842 268
842 202
842 496
843 338
843 5
843 195
844 400
844 30
844 754
845 470
845 303
845 624
846 1
846 42
846 9
847 310
847 580
847 79
848 704
848 314
848 8
849 266
849 162
849 291
850 607
850 79
850 0
851 244
851 1
851 142
852 63
852 165
852 487
853 173
853 592
853 412
854 84
854 57
854 511
855 672
855 94
855 417
856 273
856 615
856 291
857 2
857 96
857 191
858 114
858 466
858 780
859 24
859 1
859 114
860 252
860 147
860 588
861 354
861 191
861 126
862 479
862 34
862 82
863 198
863 31
863 13
864 225
864 26
864 736
865 252
865 33
865 277
866 42
866 2
866 417
867 274
867 735
867 29
868 94
868 359
868 500
869 96
869 107
869 488
870 483
870 87
870 13
871 449
871 78
871 384
872 295
872 59
872 0
873 139
873 686
873 476
874 854
874 836
874 527
875 107
875 512
875 374
876 698
876 27
876 9
877 611
877 672
877 352
878 853
878 1
878 183
879 319
879 468
879 141
880 548
880 660
880 195
881 651
881 417
881 134
882 154
882 2
882 339
883 1
883 461
883 116
884 269
884 67
884 12
885 45
885 80
885 184
886 170
886 35
886 809
887 882
887 288
887 414
888 597
888 344
888 67
889 143
889 8
889 672
890 35
890 33
890 59
891 269
891 81
891 35
892 98
892 8
892 94
893 182
893 124
893 351
894 57
894 778
894 2
895 114
895 398
895 380
896 41
896 520
896 448
897 247
897 690
897 39
898 537
898 423
898 498
899 645
899 793
899 702
900 647
900 78
900 79
901 557
901 116
901 707
902 414
902 32
902 266
903 267
903 113
903 137
904 511
904 887
904 425
905 532
905 50
905 322
906 659
906 55
906 386
907 113
907 150
907 182
908 1
908 6
908 582
909 91
909 319
909 183
910 652
910 1
910 417
911 133
911 407
911 24
912 76
912 2
912 324
913 269
913 354
913 854
914 103
914 2
914 114
915 295
915 392
915 722
916 112
916 3
916 84
917 1
917 72
917 218
918 47
918 110
918 4
919 801
919 132
919 314
920 647
920 785
920 805
921 78
921 556
921 240
922 152
922 0
922 454
923 275
923 41
923 192
924 21
924 773
924 88
925 43
925 560
925 480
926 2
926 790
926 416
927 70
927 1
927 640
928 250
928 353
928 15
929 754
929 20
929 73
930 1
930 224
930 12
931 29
931 392
931 2
932 306
932 31
932 830
933 649
933 505
933 0
934 41
934 5
934 274
935 290
935 64
935 0
936 344
936 310
936 564
937 701
937 12
937 471
938 8
938 77
938 19
939 198
939 841
939 263
940 75
940 706
940 386
941 440
941 1
941 902
942 267
942 208
942 124
943 779
943 9
943 675
944 146
944 295
944 452
945 603
945 235
945 41
946 169
946 922
946 36
947 165
947 97
947 164
948 557
948 72
948 12
949 821
949 879
949 26
950 170
950 221
950 388
951 210
951 775
951 508
952 108
952 59
952 99
953 400
953 392
953 706
954 306
954 797
954 90
955 558
955 603
955 146
956 251
956 335
956 270
957 478
957 155
957 17
958 13
958 19
958 29
959 310
959 287
959 109
960 316
960 863
960 890
961 308
961 495
961 116
962 245
962 682
962 922
963 355
963 587
963 30
964 793
964 241
964 492
965 50
965 590
965 842
966 756
966 625
966 683
967 45
967 73
967 13
968 453
968 167
968 8
969 462
969 15
969 276
970 34
970 325
970 41
971 896
971 147
971 17
972 162
972 498
972 115
973 489
973 851
973 857
974 110
974 607
974 59
975 1
975 384
975 156
976 101
976 201
976 198
977 39
977 8
977 888
978 452
978 478
978 119
979 97
979 31
979 448
980 240
980 6
980 57
981 226
981 15
981 380
982 3
982 142
982 799
983 869
983 243
983 509
984 73
984 922
984 367
985 125
985 13
985 837
986 319
986 50
986 671
987 12
987 343
987 73
988 369
988 65
988 419
989 21
989 138
989 809
990 13
990 5
990 147
991 181
991 475
991 135
992 538
992 29
992 36
993 229
993 548
993 837
994 296
994 179
994 903
995 99
995 452
995 830
996 6
996 516
996 207
997 19
997 584
997 326
998 15
998 162
998 403
999 37
999 27
999 76
