0 1
0 2
0 3
0 4
0 5
0 8
0 10
1 0
1 2
1 3
1 4
1 5
1 6
1 7
2 0
2 1
2 3
2 11
2 17
2 23
2 28
3 0
3 2
3 1
3 4
3 5
3 6
3 7
4 0
4 3
4 1
4 13
4 15
4 17
4 24
5 1
5 0
5 3
5 6
5 7
5 8
5 9
6 5
6 1
6 3
6 8
6 10
6 12
6 15
7 1
7 5
7 3
7 9
7 11
7 35
7 40
8 0
8 6
8 5
8 22
8 27
8 28
8 34
9 5
9 7
9 1
9 12
9 14
9 18
9 22
10 6
10 0
10 1
10 12
10 13
10 18
10 20
11 7
11 2
11 0
11 14
11 16
11 17
11 20
12 6
12 9
12 10
12 15
12 16
12 46
12 77
13 0
13 10
13 4
13 26
13 29
13 40
13 86
14 3
14 9
14 11
14 21
14 29
14 47
14 71
15 12
15 6
15 4
15 18
15 73
15 87
15 107
16 11
16 12
16 0
16 19
16 20
16 38
16 44
17 2
17 4
17 11
17 33
17 38
17 123
17 150
18 9
18 15
18 10
18 19
18 27
18 53
18 54
19 18
19 16
19 1
19 25
19 26
19 151
19 205
20 10
20 11
20 16
20 21
20 23
20 48
20 106
21 20
21 14
21 11
21 23
21 24
21 27
21 61
22 1
22 8
22 9
22 58
22 80
22 95
22 113
23 20
23 21
23 2
23 25
23 45
23 51
23 54
24 4
24 1
24 21
24 32
24 86
24 92
24 167
25 19
25 1
25 23
25 34
25 96
25 286
26 4
26 13
26 19
26 35
26 63
26 84
26 98
27 8
27 21
27 18
27 49
27 51
27 93
27 151
28 0
28 2
28 8
28 61
28 62
28 105
28 109
29 13
29 1
29 14
29 41
29 42
29 43
29 70
30 11
30 2
30 3
30 168
31 10
31 11
31 2
31 39
31 430
31 435
32 4
32 11
32 24
32 77
32 168
32 387
32 471
33 11
33 0
33 17
33 209
33 381
33 464
34 25
34 8
34 9
34 36
34 47
34 49
34 60
35 26
35 5
35 7
35 37
35 44
35 65
35 152
36 0
36 5
36 34
36 57
36 100
36 102
36 372
37 11
37 35
37 9
37 44
37 73
37 78
37 134
38 0
38 16
38 17
38 39
38 40
38 65
38 78
39 31
39 38
39 0
39 50
39 60
39 71
39 79
40 38
40 13
40 7
40 55
40 63
40 88
40 112
41 0
41 29
41 3
41 76
41 84
41 94
41 218
42 11
42 6
42 29
42 50
42 60
42 102
42 109
43 29
43 3
43 2
43 67
43 74
43 85
43 117
44 16
44 37
44 35
44 46
44 90
44 173
45 10
45 3
45 23
45 59
45 114
45 209
45 292
46 44
46 12
46 0
46 52
46 55
46 57
46 58
47 6
47 14
47 34
47 52
47 89
47 153
47 239
48 4
48 11
48 20
48 63
48 87
48 220
48 302
49 1
49 27
49 34
49 131
49 185
49 350
50 5
50 39
50 42
50 99
50 134
50 135
50 166
51 23
51 27
51 0
51 62
51 124
51 365
51 371
52 47
52 46
52 11
52 311
52 448
53 2
53 18
53 3
53 123
53 212
53 364
53 446
54 23
54 0
54 18
54 68
54 75
54 104
54 158
55 9
55 40
55 46
55 72
55 88
55 96
55 103
56 9
56 6
56 10
57 46
57 36
57 3
57 150
57 467
57 488
58 46
58 22
58 8
58 90
58 156
58 197
58 274
59 6
59 45
59 2
59 83
59 101
59 252
59 258
60 42
60 34
60 39
60 68
60 77
60 83
60 117
61 28
61 1
61 21
61 116
61 241
61 243
62 4
62 51
62 28
62 65
62 97
62 201
62 326
63 26
63 40
63 48
63 67
63 82
63 155
63 246
64 18
64 0
64 1
64 90
64 93
64 97
64 146
65 35
65 38
65 62
65 71
65 114
65 186
65 210
66 0
66 1
66 23
66 136
67 43
67 63
67 16
67 70
67 87
67 174
67 223
68 60
68 9
68 54
68 73
68 79
68 100
68 110
69 6
69 11
69 18
69 72
69 189
69 318
69 359
70 29
70 11
70 67
70 91
70 115
70 125
70 131
71 65
71 14
71 39
71 138
71 208
71 247
71 435
72 55
72 69
72 4
72 140
72 221
72 414
73 15
73 68
73 37
73 84
73 220
73 285
73 487
74 43
74 21
74 34
74 144
74 156
74 181
74 186
75 54
75 0
75 3
75 76
75 86
75 125
75 130
76 41
76 75
76 34
76 95
76 117
76 224
76 250
77 60
77 12
77 32
77 82
77 119
77 215
77 312
78 37
78 38
78 5
78 88
78 105
78 115
78 132
79 68
79 39
79 21
79 91
79 122
79 345
80 46
80 9
80 22
80 207
81 5
81 39
81 3
81 96
81 127
81 148
81 192
82 63
82 77
82 11
82 257
82 362
83 14
83 60
83 59
83 232
83 325
83 352
83 362
84 41
84 26
84 73
84 167
84 202
84 217
84 344
85 43
85 39
85 0
85 145
85 264
85 358
86 13
86 75
86 24
86 237
86 336
86 399
86 417
87 67
87 15
87 48
87 112
87 156
87 157
87 271
88 55
88 40
88 78
88 126
88 154
88 206
88 297
89 3
89 2
89 47
89 136
89 143
89 218
90 44
90 64
90 58
90 146
90 174
90 181
90 235
91 79
91 29
91 70
91 211
91 258
91 262
91 270
92 3
92 24
92 2
92 126
92 433
93 64
93 27
93 3
93 220
93 378
93 391
93 413
94 41
94 3
94 5
94 105
94 110
94 297
94 298
95 22
95 6
95 76
95 169
95 202
95 212
95 234
96 55
96 81
96 25
96 118
96 119
96 417
96 459
97 64
97 21
97 62
98 5
98 26
98 11
98 184
98 219
99 14
99 5
99 50
99 115
99 192
99 335
99 390
100 5
100 68
100 36
100 116
100 152
100 203
100 208
101 7
101 59
101 3
101 119
101 158
101 367
101 422
102 2
102 42
102 36
102 132
102 198
102 204
102 238
103 18
103 39
103 55
103 121
103 136
103 157
103 192
104 7
104 39
104 54
104 481
105 78
105 94
105 28
105 116
105 132
105 138
105 147
106 11
106 39
106 20
106 113
106 394
106 472
107 15
107 11
107 2
107 173
107 195
107 231
107 261
108 23
108 34
108 3
108 158
108 226
108 323
108 441
109 42
109 2
109 28
109 131
109 145
109 170
109 188
110 94
110 14
110 68
110 176
110 289
110 338
110 429
111 68
111 6
111 2
111 288
112 15
112 40
112 87
113 22
113 106
113 11
113 139
113 251
113 310
114 45
114 10
114 65
114 135
114 159
114 162
114 205
115 78
115 99
115 70
115 187
115 219
115 278
116 100
116 105
116 61
116 121
116 180
116 242
117 60
117 43
117 76
117 130
117 165
117 260
117 282
118 96
118 15
118 39
118 149
118 173
118 304
119 96
119 77
119 101
119 137
119 306
119 345
120 20
120 1
120 46
120 128
120 144
120 169
120 178
121 116
121 103
121 43
121 222
121 322
122 3
122 43
122 79
122 227
123 17
123 14
123 53
123 125
123 407
124 0
124 5
124 51
124 160
124 283
124 410
125 75
125 70
125 123
125 243
126 92
126 88
126 29
126 135
126 249
126 313
127 9
127 4
127 81
127 196
127 200
128 1
128 120
128 6
128 167
128 180
128 339
129 0
129 42
129 39
129 308
129 412
129 465
130 55
130 75
130 117
130 235
130 328
131 109
131 49
131 70
131 142
131 206
131 217
131 271
132 105
132 78
132 102
132 193
132 231
132 443
133 20
133 60
133 46
133 210
133 364
134 50
134 34
134 37
134 467
135 126
135 114
135 50
135 245
136 66
136 103
136 89
136 256
136 461
136 490
137 119
137 55
137 13
138 42
138 105
138 71
138 181
138 267
138 334
139 46
139 113
139 11
139 171
139 269
139 280
139 392
140 0
140 70
140 72
140 351
140 366
140 448
140 450
141 11
141 23
141 28
141 280
141 311
142 131
142 13
142 0
142 193
142 228
142 257
142 276
143 89
143 23
143 37
143 174
143 177
144 2
144 120
144 74
144 165
144 170
144 355
144 425
145 85
145 22
145 109
145 147
146 64
146 43
146 90
146 179
147 4
147 105
147 145
147 252
147 303
148 81
148 40
148 38
148 170
148 287
148 306
148 471
149 2
149 118
149 28
149 152
149 177
149 189
149 324
150 57
150 17
150 29
150 237
150 300
150 418
151 19
151 15
151 27
151 224
151 323
151 332
151 346
152 100
152 35
152 149
153 47
153 42
153 21
153 164
153 211
153 294
153 309
154 5
154 68
154 88
154 178
154 244
154 284
154 314
155 20
155 63
155 17
155 324
156 74
156 58
156 87
156 163
156 227
156 260
156 301
157 11
157 87
157 103
157 186
157 227
157 388
157 466
158 54
158 101
158 108
158 177
158 199
158 230
158 290
159 114
159 37
159 7
160 11
160 124
160 40
160 255
160 478
160 484
161 12
161 11
161 0
162 37
162 114
162 105
162 185
162 187
162 325
162 363
163 23
163 46
163 156
163 223
163 241
163 277
164 153
164 17
164 11
164 199
164 228
164 298
164 343
165 117
165 144
165 2
165 197
165 202
165 282
165 475
166 50
166 17
166 34
166 315
166 317
166 341
167 128
167 84
167 24
167 187
167 397
167 438
168 3
168 32
168 30
168 232
168 265
168 285
168 438
169 95
169 4
169 120
169 314
169 348
169 493
170 148
170 144
170 109
170 198
170 253
170 296
170 396
171 7
171 70
171 139
171 244
171 246
171 361
171 412
172 15
172 8
172 2
172 300
172 382
172 397
173 107
173 118
173 44
173 182
173 247
173 332
173 349
174 90
174 67
174 143
174 351
174 436
175 14
175 24
175 34
176 6
176 21
176 110
176 470
177 143
177 149
177 158
177 237
178 78
178 120
178 154
178 203
178 205
178 236
178 328
179 18
179 12
179 146
179 233
179 312
179 342
179 442
180 5
180 128
180 116
180 259
181 90
181 74
181 138
181 225
181 236
181 309
181 334
182 16
182 173
182 68
182 378
182 384
183 34
183 46
183 38
184 98
184 34
184 29
184 368
184 394
185 162
185 4
185 49
185 193
185 219
185 242
186 157
186 74
186 65
186 330
186 459
187 162
187 167
187 115
187 206
187 235
187 306
188 38
188 109
188 55
189 105
189 149
189 69
189 197
189 258
189 288
189 331
190 0
190 4
190 24
190 316
190 485
191 18
191 75
191 3
192 99
192 81
192 103
192 261
192 452
193 132
193 185
193 142
193 248
193 358
193 451
194 6
194 37
194 103
194 338
195 11
195 107
195 37
195 225
195 240
196 127
196 26
196 2
196 333
196 498
197 189
197 58
197 165
197 265
197 297
197 298
197 332
198 102
198 11
198 170
198 293
199 38
199 158
199 164
199 210
199 212
199 403
200 10
200 127
200 38
200 216
201 20
201 62
201 0
201 229
201 279
202 95
202 165
202 84
202 215
202 330
202 354
202 462
203 100
203 37
203 178
203 289
203 342
203 477
204 68
204 7
204 102
205 178
205 114
205 19
205 238
205 376
206 131
206 187
206 88
206 207
206 217
207 18
207 206
207 80
207 281
207 296
207 304
207 459
208 71
208 42
208 100
209 42
209 45
209 33
209 222
210 133
210 65
210 199
211 153
211 70
211 91
211 214
211 230
211 268
211 287
212 199
212 95
212 53
212 236
212 296
212 403
212 405
213 24
213 34
213 37
213 271
213 399
214 0
214 211
214 13
215 202
215 46
215 77
215 249
215 380
216 114
216 200
216 5
217 84
217 206
217 131
217 377
217 466
218 41
218 37
218 89
219 115
219 185
219 98
219 420
220 93
220 48
220 73
220 287
220 337
220 344
220 474
221 5
221 64
221 72
222 209
222 121
222 39
222 369
222 434
223 163
223 67
223 35
223 426
224 76
224 151
224 60
225 6
225 195
225 181
226 108
226 34
226 7
226 422
227 156
227 157
227 122
227 366
227 373
227 484
228 164
228 4
228 142
228 428
229 201
229 1
229 65
230 26
230 211
230 158
230 411
231 16
231 132
231 107
231 264
231 357
231 360
232 168
232 68
232 83
232 303
232 427
232 428
232 433
233 105
233 179
233 37
233 243
234 17
234 95
234 5
234 443
235 187
235 90
235 130
235 316
235 424
235 434
235 473
236 178
236 212
236 181
236 439
237 150
237 86
237 177
237 266
237 290
237 416
237 424
238 205
238 55
238 102
239 3
239 38
239 47
240 68
240 13
240 195
240 315
241 61
241 163
241 10
242 185
242 116
242 16
243 125
243 233
243 61
243 250
243 309
244 23
244 171
244 154
244 272
244 420
245 11
245 54
245 135
245 253
245 321
246 63
246 2
246 171
246 326
246 386
247 105
247 71
247 173
247 286
247 415
248 9
248 1
248 193
248 327
248 342
248 387
249 215
249 24
249 126
249 259
249 398
249 493
250 243
250 76
250 9
250 327
250 333
250 443
251 113
251 35
251 76
251 486
252 59
252 4
252 147
253 245
253 3
253 170
253 263
253 267
253 323
253 406
254 6
254 26
254 15
254 294
254 313
254 352
254 384
255 90
255 26
255 160
255 256
255 400
256 136
256 255
256 22
256 334
257 82
257 142
257 81
258 59
258 91
258 189
258 295
259 29
259 249
259 180
260 156
260 117
260 1
260 353
261 107
261 192
261 65
261 269
261 302
261 321
261 355
262 55
262 2
262 91
262 391
263 67
263 47
263 253
263 281
263 299
263 355
264 231
264 85
264 4
264 270
265 168
265 197
265 35
265 366
265 374
265 444
266 0
266 237
266 35
266 293
266 349
266 491
267 253
267 138
267 100
267 268
267 402
267 496
268 211
268 267
268 6
268 319
269 261
269 139
269 34
269 276
269 344
270 54
270 264
270 91
271 213
271 87
271 131
271 317
271 423
272 244
272 70
272 18
272 337
272 424
272 498
273 41
273 55
273 34
274 19
274 58
274 0
274 316
274 387
274 408
275 105
275 34
275 28
276 269
276 142
276 95
277 163
277 67
277 74
278 81
278 115
278 58
278 421
279 63
279 100
279 201
280 139
280 19
280 141
280 398
280 460
281 67
281 207
281 263
281 377
281 401
282 42
282 117
282 165
283 124
283 20
283 68
283 288
283 393
284 154
284 55
284 16
285 168
285 38
285 73
286 247
286 103
286 25
286 390
286 412
286 415
286 417
287 211
287 148
287 220
287 458
288 111
288 189
288 283
288 497
289 110
289 203
289 11
289 294
289 313
289 371
290 131
290 158
290 237
291 12
291 17
291 7
291 335
292 24
292 11
292 45
293 198
293 266
293 100
293 463
294 254
294 153
294 289
295 258
295 100
295 102
295 445
295 463
296 207
296 170
296 212
296 414
297 94
297 88
297 197
298 94
298 197
298 164
298 479
299 35
299 263
299 29
299 375
300 172
300 150
300 34
300 308
300 320
301 55
301 156
301 8
302 48
302 28
302 261
302 432
303 147
303 100
303 232
304 118
304 47
304 207
304 406
305 87
305 13
305 20
305 400
305 402
306 187
306 119
306 148
307 0
307 68
307 65
307 322
307 449
307 471
308 102
308 300
308 129
309 181
309 153
309 243
310 40
310 113
310 14
310 395
310 427
310 428
311 52
311 100
311 141
311 340
311 420
312 28
312 77
312 179
312 389
313 126
313 289
313 254
313 388
313 394
313 491
314 169
314 11
314 154
314 326
314 466
315 240
315 166
315 14
315 352
316 190
316 274
316 235
316 455
317 271
317 41
317 166
317 386
317 437
318 58
318 40
318 69
318 319
319 268
319 13
319 318
320 300
320 103
320 11
321 14
321 261
321 245
322 307
322 46
322 121
323 108
323 253
323 151
323 351
324 155
324 149
324 6
325 162
325 83
325 42
325 365
326 62
326 314
326 246
326 409
326 427
326 468
327 250
327 1
327 248
328 29
328 178
328 130
329 1
329 64
329 102
330 202
330 186
330 77
330 482
331 87
331 55
331 189
331 457
332 151
332 173
332 197
333 17
333 250
333 196
334 138
334 256
334 181
334 369
334 436
335 99
335 291
335 26
335 339
335 499
336 86
336 90
336 0
337 26
337 272
337 220
337 497
338 107
338 110
338 194
338 374
338 385
339 128
339 335
339 42
340 11
340 311
340 78
341 29
341 81
341 166
341 411
341 465
342 248
342 179
342 203
343 164
343 103
343 158
344 84
344 220
344 269
344 375
344 398
345 197
345 79
345 119
346 11
346 151
346 40
346 410
346 432
347 78
347 13
347 23
348 0
348 169
348 151
348 383
349 14
349 266
349 173
349 419
350 3
350 49
350 91
350 354
350 452
350 458
351 174
351 140
351 323
351 389
352 83
352 254
352 315
352 406
352 493
353 260
353 14
353 164
354 350
354 202
354 68
355 144
355 263
355 261
356 65
356 11
356 151
356 450
357 189
357 231
357 1
357 469
358 85
358 54
358 193
358 359
358 409
359 69
359 76
359 358
359 429
359 454
359 474
360 231
360 59
360 8
360 404
361 11
361 95
361 171
362 4
362 82
362 83
362 373
362 383
363 162
363 11
363 173
364 133
364 63
364 53
365 51
365 19
365 325
366 140
366 265
366 227
367 101
367 46
367 162
368 37
368 11
368 184
368 378
369 222
369 334
369 23
370 83
370 1
370 5
371 7
371 289
371 51
372 68
372 36
372 90
373 2
373 362
373 227
374 265
374 338
374 27
374 445
375 62
375 344
375 299
375 419
375 440
375 484
376 117
376 2
376 205
377 39
377 281
377 217
378 368
378 182
378 93
379 78
379 10
379 75
380 67
380 6
380 215
380 381
380 481
381 120
381 380
381 33
381 393
382 172
382 78
382 68
383 348
383 3
383 362
384 182
384 151
384 254
385 7
385 3
385 338
386 41
386 317
386 246
387 274
387 32
387 248
387 439
387 479
388 83
388 157
388 313
388 441
388 473
389 312
389 13
389 351
390 286
390 46
390 99
391 262
391 109
391 93
392 139
392 43
392 68
392 423
393 16
393 283
393 381
394 184
394 106
394 313
395 16
395 310
395 34
396 9
396 170
396 7
396 447
397 45
397 167
397 172
397 483
398 344
398 280
398 249
398 445
399 86
399 213
399 91
399 487
400 68
400 305
400 255
401 281
401 29
401 0
402 305
402 94
402 267
402 479
402 498
403 199
403 74
403 212
404 75
404 360
404 154
405 102
405 212
405 41
405 490
406 253
406 352
406 304
406 425
407 94
407 123
407 170
408 274
408 81
408 70
409 326
409 358
409 81
409 475
410 178
410 346
410 124
411 230
411 2
411 341
412 129
412 286
412 171
413 93
413 70
413 88
414 100
414 296
414 72
415 286
415 247
415 20
415 494
416 237
416 253
416 10
417 86
417 286
417 96
418 150
418 189
418 2
419 349
419 375
419 86
420 219
420 244
420 311
420 476
420 489
421 28
421 278
421 54
421 477
422 101
422 75
422 226
423 271
423 392
423 286
424 235
424 237
424 272
424 430
425 406
425 144
425 46
425 446
425 450
426 178
426 223
426 20
427 326
427 232
427 310
427 480
428 232
428 228
428 310
429 173
429 110
429 359
430 424
430 31
430 197
430 433
431 149
431 105
431 68
431 446
432 346
432 3
432 302
433 232
433 430
433 92
434 6
434 222
434 235
434 485
435 71
435 62
435 31
436 174
436 334
436 75
436 494
437 110
437 12
437 317
438 254
438 167
438 168
438 478
439 144
439 236
439 387
440 375
440 144
440 50
440 494
441 21
441 388
441 108
441 448
442 179
442 24
442 10
443 132
443 250
443 234
444 83
444 26
444 265
444 499
445 295
445 374
445 398
445 456
446 425
446 431
446 53
447 396
447 164
447 149
447 492
448 52
448 441
448 140
448 490
449 54
449 307
449 4
450 140
450 356
450 425
451 154
451 193
451 53
452 350
452 253
452 192
453 109
453 154
453 6
454 131
454 359
454 162
455 197
455 316
455 69
456 445
456 170
456 100
457 331
457 40
457 39
458 287
458 350
458 54
459 96
459 207
459 186
460 18
460 35
460 280
461 70
461 8
461 136
462 202
462 69
462 6
463 102
463 293
463 295
464 64
464 144
464 33
465 341
465 74
465 129
466 157
466 217
466 314
467 134
467 19
467 57
468 326
468 103
468 40
469 357
469 173
469 151
470 176
470 40
470 107
471 32
471 307
471 148
472 46
472 106
472 131
473 235
473 86
473 388
474 220
474 359
474 101
475 165
475 7
475 409
476 11
476 420
476 34
477 203
477 95
477 421
478 105
478 438
478 160
479 402
479 298
479 387
480 211
480 427
480 189
481 380
481 90
481 104
482 330
482 11
482 29
483 101
483 178
483 397
484 160
484 227
484 375
485 434
485 190
485 189
486 11
486 251
486 0
487 19
487 399
487 73
488 15
488 57
488 4
489 420
489 9
489 88
490 448
490 405
490 136
491 313
491 197
491 266
492 47
492 447
492 2
493 352
493 169
493 249
494 440
494 436
494 415
495 0
495 11
495 81
496 99
496 9
496 267
497 337
497 212
497 288
498 402
498 196
498 272
499 78
499 444
499 335
