0 1
1 0
2 1
2 0
3 2
3 0
3 1
4 0
4 2
4 3
5 0
5 1
5 2
6 2
6 0
6 1
7 1
7 5
7 2
8 1
8 6
8 5
9 0
9 8
9 1
10 7
10 2
10 1
11 7
11 5
11 3
12 0
12 6
12 5
13 0
13 2
13 12
14 1
14 2
14 0
15 7
15 14
15 5
16 3
16 0
16 4
17 0
17 14
17 3
18 14
18 1
18 0
19 9
19 1
19 10
20 2
20 5
20 0
21 1
21 0
21 12
22 9
22 1
22 2
23 15
23 1
23 17
24 9
24 8
24 19
25 2
25 0
25 9
26 3
26 7
26 19
27 6
27 17
27 1
28 2
28 1
28 0
29 2
29 4
29 10
30 23
30 0
30 25
31 1
31 3
31 8
32 9
32 1
32 31
33 3
33 6
33 11
34 15
34 9
34 16
35 6
35 27
35 25
36 3
36 15
36 32
37 25
37 35
37 0
38 23
38 3
38 9
39 17
39 6
39 1
40 20
40 1
40 12
41 32
41 6
41 28
42 5
42 21
42 1
43 2
43 8
43 3
44 25
44 28
44 12
45 1
45 31
45 6
46 2
46 3
46 6
47 2
47 26
47 16
48 0
48 10
48 40
49 0
49 1
49 13
50 10
50 0
50 3
51 23
51 14
51 16
52 41
52 6
52 18
53 1
53 6
53 5
54 3
54 8
54 36
55 2
55 13
55 39
56 12
56 10
56 13
57 53
57 36
57 25
58 37
58 15
58 57
59 2
59 0
59 23
60 1
60 21
60 7
61 28
61 55
61 5
62 40
62 0
62 31
63 10
63 60
63 36
64 52
64 0
64 7
65 63
65 31
65 16
66 18
66 13
66 7
67 37
67 6
67 9
68 2
68 25
68 8
69 31
69 8
69 63
70 11
70 67
70 36
71 17
71 9
71 53
72 44
72 53
72 17
73 16
73 2
73 67
74 44
74 69
74 10
75 69
75 0
75 41
76 6
76 36
76 3
77 75
77 5
77 2
78 13
78 68
78 1
79 58
79 9
79 16
80 17
80 40
80 15
81 9
81 3
81 6
82 7
82 1
82 2
83 10
83 14
83 6
84 13
84 80
84 52
85 31
85 28
85 80
86 35
86 24
86 31
87 36
87 61
87 84
88 56
88 3
88 9
89 0
89 7
89 27
90 1
90 6
90 45
91 69
91 31
91 53
92 15
92 13
92 88
93 3
93 52
93 44
94 87
94 12
94 0
95 0
95 11
95 23
96 51
96 59
96 84
97 87
97 38
97 12
98 2
98 85
98 6
99 69
99 2
99 35
