0 1
1 0
2 1
2 0
3 0
3 1
3 2
4 1
4 3
4 2
5 0
5 2
5 1
6 5
6 2
6 0
7 2
7 6
7 0
8 0
8 3
8 6
9 8
9 5
9 0
10 8
10 0
10 6
11 8
11 7
11 5
12 2
12 1
12 10
13 6
13 2
13 7
14 7
14 1
14 6
15 13
15 0
15 1
16 7
16 0
16 2
17 6
17 5
17 13
18 13
18 1
18 0
19 17
19 0
19 2
20 17
20 11
20 1
21 3
21 6
21 5
22 0
22 13
22 19
23 5
23 3
23 6
24 6
24 7
24 10
25 19
25 17
25 0
26 17
26 12
26 14
27 25
27 21
27 26
28 2
28 16
28 26
29 3
29 7
29 17
30 1
30 22
30 23
31 15
31 17
31 22
32 0
32 1
32 2
33 22
33 0
33 2
34 24
34 30
34 3
35 15
35 7
35 33
36 8
36 0
36 6
37 25
37 8
37 6
38 25
38 7
38 0
39 37
39 2
39 0
40 2
40 22
40 4
41 34
41 28
41 35
42 13
42 7
42 0
43 10
43 5
43 23
44 37
44 16
44 11
45 43
45 0
45 15
46 8
46 2
46 17
47 46
47 30
47 2
48 10
48 9
48 2
49 22
49 30
49 42
50 23
50 2
50 42
51 49
51 9
51 0
52 6
52 34
52 5
53 50
53 5
53 41
54 10
54 30
54 2
55 51
55 7
55 26
56 35
56 0
56 34
57 8
57 2
57 1
58 51
58 10
58 11
59 19
59 25
59 42
60 4
60 33
60 35
61 32
61 17
61 11
62 0
62 29
62 8
63 53
63 58
63 2
64 1
64 8
64 0
65 63
65 29
65 42
66 62
66 34
66 8
67 5
67 2
67 66
68 54
68 28
68 56
69 23
69 68
69 1
70 1
70 41
70 2
71 67
71 32
71 3
72 17
72 3
72 32
73 23
73 60
73 22
74 6
74 39
74 2
75 1
75 32
75 22
76 34
76 2
76 65
77 55
77 10
77 26
78 17
78 0
78 47
79 2
79 16
79 65
80 40
80 41
80 58
81 26
81 48
81 28
82 72
82 67
82 64
83 7
83 6
83 23
84 78
84 24
84 61
85 48
85 2
85 84
86 34
86 72
86 79
87 6
87 61
87 0
88 6
88 72
88 8
89 1
89 6
89 87
90 48
90 30
90 28
91 34
91 0
91 63
92 17
92 10
92 5
93 29
93 6
93 86
94 8
94 50
94 22
95 6
95 19
95 22
96 30
96 17
96 78
97 0
97 61
97 84
98 4
98 2
98 53
99 65
99 10
99 5
