0 1
1 0
2 0
2 1
3 0
3 1
3 2
4 0
4 2
4 1
5 1
5 2
5 0
6 1
6 5
6 0
7 0
7 6
7 4
8 1
8 0
8 4
9 1
9 2
9 0
10 0
10 4
10 2
11 0
11 3
11 6
12 0
12 2
12 4
13 2
13 1
13 12
14 0
14 3
14 1
15 5
15 10
15 0
16 2
16 14
16 6
17 0
17 1
17 3
18 2
18 3
18 0
19 5
19 1
19 2
20 2
20 0
20 11
21 13
21 19
21 2
22 6
22 5
22 0
23 18
23 3
23 15
24 4
24 0
24 6
25 4
25 10
25 13
26 0
26 2
26 12
27 0
27 4
27 18
28 2
28 13
28 4
29 5
29 4
29 21
30 20
30 3
30 4
31 29
31 2
31 21
32 5
32 16
32 28
33 1
33 2
33 29
34 0
34 2
34 20
35 5
35 3
35 2
36 4
36 5
36 28
37 9
37 35
37 6
38 13
38 6
38 30
39 5
39 0
39 2
40 39
40 26
40 2
41 4
41 13
41 19
42 39
42 41
42 2
43 2
43 26
43 33
44 2
44 0
44 22
45 12
45 19
45 0
46 9
46 14
46 1
47 10
47 27
47 19
48 0
48 13
48 2
49 28
49 48
49 19
