0 1
1 0
2 1
2 0
3 1
3 2
3 0
4 1
4 2
4 0
5 0
5 2
5 1
6 0
6 1
6 4
7 1
7 4
7 6
8 1
8 4
8 6
9 3
9 0
9 1
10 6
10 9
10 0
11 4
11 6
11 2
12 3
12 7
12 4
13 0
13 6
13 2
14 0
14 1
14 3
15 1
15 7
15 0
16 1
16 11
16 6
17 9
17 2
17 3
18 5
18 14
18 6
19 4
19 3
19 1
20 6
20 2
20 19
21 8
21 18
21 3
22 17
22 0
22 6
23 6
23 14
23 0
24 13
24 3
24 5
25 6
25 0
25 4
26 3
26 4
26 0
27 0
27 22
27 9
28 8
28 0
28 3
29 5
29 6
29 18
30 1
30 9
30 8
31 3
31 9
31 4
32 6
32 0
32 14
33 9
33 21
33 24
34 26
34 6
34 9
35 0
35 1
35 18
36 14
36 3
36 7
37 3
37 1
37 23
38 19
38 3
38 21
39 7
39 3
39 0
40 1
40 18
40 21
41 1
41 4
41 0
42 22
42 3
42 33
43 32
43 18
43 4
44 17
44 6
44 28
45 2
45 19
45 34
46 0
46 40
46 19
47 21
47 1
47 36
48 1
48 12
48 18
49 2
49 46
49 18
