0 1
1 0
2 1
2 0
3 0
3 1
3 2
4 1
4 2
4 3
5 3
5 4
5 1
6 4
6 5
6 1
7 1
7 5
7 0
8 0
8 3
8 1
9 1
9 4
9 2
10 8
10 5
10 0
11 2
11 5
11 3
12 11
12 4
12 1
13 3
13 5
13 0
14 5
14 2
14 3
15 3
15 9
15 8
16 13
16 2
16 0
17 1
17 8
17 14
18 16
18 1
18 11
19 0
19 15
19 9
20 2
20 14
20 0
21 4
21 8
21 13
22 0
22 13
22 1
23 0
23 6
23 3
24 19
24 9
24 1
25 13
25 5
25 4
26 13
26 0
26 5
27 5
27 13
27 1
28 4
28 2
28 6
29 28
29 26
29 6
30 29
30 2
30 13
31 15
31 13
31 0
32 2
32 4
32 1
33 13
33 29
33 2
34 3
34 12
34 13
35 33
35 6
35 22
36 8
36 6
36 1
37 13
37 3
37 34
38 2
38 13
38 8
39 24
39 3
39 13
40 27
40 3
40 23
41 4
41 0
41 39
42 3
42 0
42 26
43 36
43 12
43 0
44 4
44 0
44 3
45 14
45 26
45 9
46 0
46 34
46 13
47 0
47 13
47 1
48 13
48 3
48 2
49 4
49 17
49 36
50 42
50 5
50 13
51 12
51 6
51 26
52 0
52 2
52 33
53 47
53 12
53 3
54 6
54 16
54 5
55 46
55 54
55 2
56 10
56 13
56 28
57 44
57 26
57 16
58 3
58 9
58 0
59 2
59 3
59 17
60 2
60 37
60 18
61 55
61 0
61 60
62 1
62 22
62 13
63 43
63 2
63 14
64 13
64 50
64 6
65 6
65 58
65 8
66 5
66 0
66 65
67 3
67 34
67 13
68 12
68 4
68 45
69 36
69 46
69 4
70 6
70 9
70 0
71 37
71 6
71 2
72 37
72 5
72 49
73 16
73 47
73 30
74 33
74 65
74 69
75 3
75 1
75 39
76 4
76 49
76 1
77 12
77 65
77 49
78 13
78 72
78 28
79 13
79 55
79 0
80 13
80 38
80 0
81 44
81 31
81 26
82 8
82 13
82 2
83 34
83 2
83 73
84 46
84 4
84 3
85 20
85 2
85 4
86 44
86 16
86 34
87 2
87 67
87 36
88 3
88 13
88 27
89 62
89 5
89 29
90 46
90 50
90 76
91 62
91 3
91 46
92 69
92 87
92 13
93 33
93 7
93 0
94 67
94 80
94 7
95 67
95 13
95 4
96 77
96 2
96 91
97 65
97 4
97 13
98 2
98 16
98 40
99 76
99 56
99 36
