0 1
1 0
2 0
2 1
3 1
3 2
3 0
4 1
4 2
4 0
5 0
5 4
5 2
6 5
6 1
6 0
7 2
7 1
7 5
8 1
8 0
8 2
9 0
9 3
9 8
10 0
10 3
10 4
11 0
11 3
11 10
12 0
12 7
12 2
13 0
13 12
13 9
14 2
14 1
14 5
15 1
15 9
15 7
16 6
16 7
16 15
17 10
17 11
17 3
18 13
18 3
18 17
19 16
19 0
19 9
20 15
20 3
20 12
21 3
21 1
21 0
22 1
22 12
22 6
23 1
23 18
23 2
24 12
24 1
24 14
25 23
25 18
25 14
26 14
26 0
26 9
27 15
27 0
27 22
28 22
28 11
28 0
29 19
29 7
29 23
30 14
30 9
30 5
31 16
31 2
31 22
32 0
32 14
32 26
33 2
33 1
33 10
34 21
34 32
34 2
35 1
35 0
35 13
36 1
36 13
36 3
37 36
37 12
37 7
38 14
38 19
38 1
39 17
39 10
39 20
40 0
40 12
40 1
41 26
41 15
41 10
42 3
42 10
42 14
43 14
43 34
43 1
44 19
44 36
44 31
45 14
45 0
45 5
46 19
46 7
46 18
47 12
47 18
47 39
48 6
48 36
48 8
49 12
49 21
49 45
50 14
50 35
50 2
51 22
51 7
51 10
52 22
52 2
52 26
53 1
53 13
53 3
54 4
54 16
54 2
55 19
55 25
55 5
56 54
56 14
56 7
57 9
57 2
57 23
58 7
58 39
58 4
59 50
59 22
59 1
60 28
60 1
60 22
61 15
61 16
61 3
62 1
62 2
62 22
63 6
63 45
63 1
64 1
64 18
64 5
65 45
65 15
65 47
66 62
66 7
66 2
67 0
67 31
67 12
68 0
68 7
68 62
69 26
69 67
69 3
70 69
70 29
70 56
71 18
71 14
71 36
72 68
72 43
72 2
73 53
73 47
73 27
74 13
74 0
74 17
75 51
75 15
75 3
76 45
76 28
76 14
77 35
77 0
77 1
78 9
78 14
78 13
79 59
79 51
79 12
80 1
80 16
80 5
81 27
81 23
81 0
82 60
82 2
82 18
83 0
83 59
83 47
84 42
84 17
84 15
85 17
85 22
85 5
86 0
86 22
86 42
87 48
87 46
87 50
88 22
88 0
88 9
89 15
89 17
89 40
90 3
90 70
90 35
91 77
91 10
91 79
92 79
92 86
92 61
93 64
93 4
93 78
94 24
94 41
94 15
95 0
95 35
95 83
96 2
96 62
96 0
97 45
97 19
97 15
98 63
98 71
98 5
99 29
99 63
99 4
100 8
100 99
100 0
101 7
101 12
101 0
102 4
102 81
102 71
103 77
103 0
103 93
104 79
104 75
104 63
105 36
105 69
105 50
106 2
106 12
106 68
107 2
107 7
107 24
108 0
108 73
108 39
109 1
109 26
109 98
110 68
110 4
110 57
111 62
111 20
111 42
112 10
112 86
112 83
113 2
113 7
113 0
114 14
114 95
114 1
115 113
115 13
115 18
116 1
116 26
116 38
117 1
117 19
117 27
118 5
118 113
118 15
119 0
119 3
119 103
120 1
120 36
120 21
121 103
121 47
121 79
122 0
122 19
122 1
123 83
123 95
123 37
124 95
124 58
124 6
125 2
125 52
125 77
126 33
126 55
126 10
127 86
127 61
127 29
128 86
128 1
128 35
129 27
129 127
129 61
130 55
130 7
130 22
131 93
131 61
131 49
132 12
132 51
132 28
133 26
133 121
133 67
134 66
134 50
134 19
135 8
135 54
135 26
136 42
136 113
136 22
137 88
137 22
137 61
138 50
138 115
138 71
139 51
139 90
139 76
140 132
140 45
140 27
141 102
141 13
141 127
142 18
142 16
142 81
143 16
143 102
143 22
144 22
144 42
144 10
145 22
145 21
145 7
146 71
146 54
146 60
147 3
147 62
147 65
148 0
148 28
148 32
149 8
149 61
149 110
150 1
150 0
150 74
151 67
151 66
151 20
152 50
152 39
152 36
153 71
153 19
153 116
154 22
154 92
154 118
155 14
155 4
155 70
156 8
156 93
156 79
157 18
157 102
157 0
158 128
158 152
158 42
159 116
159 33
159 11
160 104
160 106
160 18
161 61
161 150
161 10
162 73
162 158
162 22
163 12
163 162
163 113
164 97
164 89
164 44
165 0
165 81
165 15
166 152
166 36
166 113
167 18
167 50
167 116
168 4
168 27
168 11
169 55
169 2
169 0
170 42
170 16
170 113
171 0
171 8
171 124
172 22
172 73
172 1
173 22
173 155
173 95
174 153
174 61
174 82
175 53
175 131
175 2
176 17
176 79
176 138
177 41
177 59
177 26
178 5
178 0
178 33
179 102
179 61
179 5
180 164
180 150
180 104
181 21
181 26
181 129
182 169
182 49
182 57
183 33
183 1
183 112
184 12
184 35
184 157
185 71
185 103
185 92
186 54
186 0
186 74
187 45
187 19
187 169
188 78
188 2
188 8
189 5
189 2
189 169
190 71
190 184
190 91
191 49
191 8
191 162
192 26
192 34
192 64
193 118
193 6
193 189
194 2
194 1
194 0
195 20
195 73
195 1
196 140
196 33
196 3
197 77
197 17
197 83
198 137
198 14
198 45
199 10
199 4
199 191
200 96
200 57
200 149
201 93
201 41
201 7
202 124
202 2
202 8
203 57
203 93
203 0
204 164
204 169
204 7
205 204
205 67
205 93
206 135
206 1
206 154
207 169
207 129
207 113
208 22
208 207
208 62
209 161
209 7
209 137
210 0
210 97
210 90
211 102
211 74
211 80
212 21
212 174
212 78
213 196
213 19
213 50
214 3
214 0
214 32
215 28
215 200
215 81
216 152
216 100
216 47
217 134
217 206
217 38
218 164
218 22
218 149
219 131
219 120
219 3
220 50
220 77
220 123
221 69
221 102
221 16
222 27
222 113
222 205
223 45
223 36
223 1
224 12
224 27
224 132
225 1
225 106
225 99
226 86
226 57
226 1
227 31
227 212
227 91
228 5
228 124
228 48
229 100
229 3
229 12
230 5
230 113
230 0
231 44
231 4
231 145
232 12
232 36
232 0
233 222
233 45
233 5
234 93
234 26
234 145
235 223
235 27
235 120
236 27
236 12
236 139
237 5
237 112
237 157
238 67
238 0
238 136
239 213
239 7
239 2
240 61
240 8
240 10
241 0
241 2
241 132
242 29
242 103
242 47
243 100
243 2
243 44
244 0
244 21
244 63
245 93
245 115
245 211
246 167
246 1
246 9
247 0
247 15
247 12
248 9
248 3
248 27
249 143
249 212
249 53
250 160
250 4
250 90
251 9
251 86
251 241
252 162
252 71
252 21
253 242
253 0
253 105
254 237
254 24
254 57
255 0
255 131
255 7
256 40
256 90
256 13
257 120
257 220
257 45
258 110
258 231
258 213
259 45
259 147
259 102
260 19
260 32
260 15
261 32
261 68
261 53
262 201
262 27
262 78
263 24
263 262
263 47
264 1
264 149
264 49
265 244
265 77
265 182
266 58
266 48
266 195
267 27
267 3
267 65
268 60
268 91
268 12
269 22
269 157
269 135
270 61
270 22
270 132
271 131
271 250
271 86
272 63
272 201
272 157
273 133
273 116
273 263
274 175
274 153
274 204
275 181
275 15
275 103
276 153
276 13
276 14
277 50
277 257
277 248
278 21
278 35
278 26
279 7
279 4
279 63
280 77
280 1
280 104
281 5
281 52
281 34
282 167
282 22
282 100
283 12
283 22
283 184
284 47
284 8
284 94
285 214
285 11
285 257
286 136
286 80
286 210
287 70
287 231
287 65
288 86
288 61
288 152
289 229
289 208
289 90
290 189
290 20
290 134
291 259
291 190
291 78
292 51
292 47
292 0
293 55
293 67
293 4
294 22
294 36
294 18
295 213
295 58
295 294
296 68
296 112
296 0
297 147
297 117
297 31
298 273
298 293
298 223
299 18
299 256
299 81
300 54
300 14
300 93
301 185
301 26
301 214
302 223
302 291
302 42
303 282
303 184
303 215
304 44
304 164
304 5
305 45
305 20
305 47
306 7
306 186
306 125
307 36
307 155
307 72
308 61
308 187
308 86
309 195
309 5
309 1
310 198
310 28
310 274
311 1
311 171
311 300
312 3
312 47
312 21
313 2
313 90
313 194
314 132
314 42
314 156
315 245
315 263
315 237
316 210
316 305
316 129
317 49
317 10
317 18
318 46
318 75
318 24
319 313
319 78
319 289
320 171
320 193
320 9
321 12
321 164
321 19
322 123
322 100
322 29
323 27
323 14
323 71
324 79
324 279
324 12
325 37
325 281
325 22
326 94
326 24
326 113
327 182
327 5
327 116
328 194
328 232
328 11
329 3
329 10
329 58
330 325
330 256
330 45
331 318
331 26
331 61
332 226
332 131
332 301
333 45
333 274
333 5
334 45
334 77
334 215
335 47
335 71
335 15
336 2
336 330
336 50
337 167
337 58
337 18
338 116
338 139
338 0
339 208
339 276
339 158
340 19
340 233
340 294
341 28
341 64
341 44
342 16
342 92
342 315
343 154
343 52
343 116
344 0
344 61
344 337
345 327
345 136
345 191
346 145
346 50
346 100
347 16
347 70
347 152
348 21
348 7
348 86
349 2
349 36
349 38
350 22
350 201
350 134
351 285
351 207
351 153
352 52
352 58
352 2
353 276
353 245
353 292
354 305
354 135
354 24
355 349
355 206
355 246
356 14
356 12
356 201
357 340
357 12
357 6
358 50
358 26
358 223
359 78
359 241
359 172
360 27
360 5
360 298
361 339
361 299
361 2
362 69
362 327
362 169
363 50
363 158
363 66
364 343
364 49
364 19
365 59
365 309
365 90
366 352
366 10
366 28
367 90
367 8
367 51
368 12
368 50
368 36
369 232
369 14
369 26
370 198
370 163
370 77
371 307
371 86
371 327
372 242
372 16
372 10
373 56
373 6
373 68
374 326
374 262
374 201
375 139
375 1
375 155
376 13
376 242
376 66
377 177
377 208
377 37
378 2
378 16
378 375
379 1
379 313
379 9
380 16
380 0
380 269
381 361
381 11
381 16
382 199
382 15
382 315
383 15
383 50
383 311
384 16
384 7
384 27
385 52
385 116
385 212
386 36
386 64
386 200
387 54
387 304
387 215
388 17
388 45
388 20
389 208
389 186
389 13
390 36
390 379
390 103
391 7
391 205
391 290
392 27
392 5
392 35
393 143
393 145
393 58
394 96
394 22
394 212
395 118
395 345
395 15
396 1
396 15
396 58
397 346
397 64
397 0
398 65
398 44
398 326
399 5
399 184
399 8
400 211
400 277
400 321
401 257
401 178
401 110
402 12
402 4
402 22
403 18
403 338
403 4
404 81
404 0
404 162
405 360
405 202
405 7
406 245
406 156
406 103
407 214
407 20
407 140
408 59
408 2
408 16
409 102
409 119
409 95
410 115
410 266
410 31
411 15
411 60
411 22
412 182
412 0
412 302
413 45
413 1
413 365
414 14
414 232
414 187
415 217
415 63
415 243
416 405
416 69
416 22
417 330
417 415
417 177
418 343
418 164
418 54
419 19
419 2
419 37
420 93
420 2
420 28
421 141
421 53
421 100
422 20
422 136
422 19
423 1
423 122
423 196
424 66
424 47
424 322
425 0
425 16
425 349
426 71
426 22
426 254
427 7
427 145
427 5
428 26
428 123
428 31
429 266
429 44
429 140
430 21
430 22
430 164
431 59
431 420
431 214
432 287
432 378
432 23
433 304
433 102
433 412
434 335
434 28
434 192
435 309
435 83
435 271
436 25
436 21
436 103
437 0
437 22
437 160
438 69
438 42
438 15
439 91
439 104
439 50
440 36
440 225
440 13
441 14
441 1
441 2
442 19
442 43
442 12
443 151
443 375
443 344
444 347
444 81
444 64
445 63
445 13
445 66
446 1
446 405
446 204
447 15
447 185
447 26
448 81
448 171
448 284
449 45
449 70
449 281
450 22
450 50
450 113
451 58
451 322
451 437
452 237
452 42
452 16
453 19
453 306
453 20
454 16
454 35
454 164
455 0
455 195
455 22
456 237
456 9
456 366
457 26
457 367
457 435
458 3
458 388
458 73
459 203
459 96
459 441
460 343
460 0
460 195
461 439
461 9
461 22
462 297
462 213
462 93
463 103
463 55
463 242
464 257
464 70
464 358
465 50
465 212
465 158
466 375
466 14
466 225
467 289
467 61
467 102
468 200
468 78
468 88
469 191
469 23
469 44
470 295
470 455
470 1
471 5
471 47
471 107
472 459
472 309
472 115
473 153
473 299
473 7
474 136
474 4
474 100
475 257
475 92
475 22
476 9
476 95
476 305
477 21
477 5
477 123
478 36
478 435
478 7
479 1
479 2
479 315
480 0
480 377
480 301
481 63
481 4
481 75
482 40
482 170
482 442
483 90
483 257
483 14
484 333
484 17
484 285
485 243
485 242
485 21
486 34
486 376
486 71
487 24
487 16
487 414
488 8
488 332
488 61
489 0
489 135
489 116
490 330
490 174
490 0
491 217
491 20
491 223
492 228
492 94
492 419
493 360
493 259
493 16
494 48
494 270
494 33
495 354
495 480
495 22
496 51
496 0
496 68
497 305
497 64
497 53
498 31
498 350
498 83
499 413
499 26
499 200
