0 1
1 0
2 1
2 0
3 1
3 0
3 2
4 1
4 0
4 2
5 3
5 4
5 0
6 0
6 1
6 2
7 1
7 4
7 0
8 0
8 1
8 6
9 3
9 6
9 0
10 0
10 6
10 3
11 1
11 6
11 0
12 5
12 7
12 1
13 10
13 6
13 2
14 9
14 1
14 8
15 0
15 10
15 1
16 2
16 15
16 10
17 0
17 2
17 14
18 0
18 11
18 13
19 0
19 6
19 4
20 1
20 6
20 12
21 0
21 2
21 7
22 0
22 7
22 11
23 8
23 17
23 7
24 0
24 6
24 9
25 6
25 0
25 11
26 5
26 6
26 2
27 7
27 1
27 17
28 0
28 22
28 27
29 16
29 0
29 2
30 0
30 7
30 15
31 28
31 27
31 13
32 7
32 1
32 15
33 29
33 5
33 1
34 25
34 1
34 17
35 2
35 5
35 14
36 8
36 17
36 32
37 17
37 25
37 31
38 0
38 26
38 31
39 30
39 3
39 10
40 17
40 25
40 5
41 1
41 7
41 13
42 5
42 1
42 8
43 19
43 40
43 6
44 26
44 28
44 24
45 17
45 27
45 0
46 5
46 10
46 11
47 3
47 40
47 2
48 27
48 29
48 28
49 6
49 7
49 0
