0 1
0 2
1 0
1 2
2 0
2 1
3 2
3 1
3 0
4 0
4 3
4 1
5 2
5 1
5 3
6 4
6 3
6 0
7 2
7 3
7 1
8 6
8 3
8 1
9 1
9 2
9 4
10 7
10 1
10 9
11 7
11 10
11 0
12 8
12 0
12 7
13 1
13 3
13 11
14 1
14 6
14 7
15 2
15 0
15 10
16 3
16 8
16 4
17 6
17 4
17 2
18 1
18 7
18 2
19 0
19 6
19 4
20 9
20 18
20 1
21 18
21 1
21 11
22 6
22 7
22 9
23 2
23 16
23 3
24 7
24 0
24 6
25 1
25 6
25 14
26 0
26 6
26 20
27 8
27 4
27 21
28 1
28 18
28 13
29 0
29 8
29 2
30 16
30 2
30 25
31 8
31 16
31 0
32 0
32 6
32 19
33 4
33 10
33 2
34 20
34 28
34 6
35 1
35 17
35 14
36 15
36 8
36 16
37 26
37 1
37 6
38 25
38 1
38 10
39 12
39 22
39 2
40 18
40 19
40 1
41 1
41 39
41 37
42 1
42 0
42 24
43 8
43 36
43 9
44 6
44 18
44 0
45 3
45 1
45 2
46 18
46 0
46 6
47 41
47 14
47 1
48 4
48 13
48 23
49 21
49 26
49 8
