0 1
1 0
2 1
2 0
3 2
3 0
3 1
4 2
4 1
4 0
5 0
5 4
5 1
6 3
6 4
6 0
7 1
7 2
7 3
8 0
8 2
8 4
9 0
9 3
9 7
10 3
10 7
10 1
11 0
11 3
11 9
12 2
12 7
12 3
13 10
13 6
13 1
14 8
14 4
14 10
15 2
15 7
15 0
16 8
16 2
16 6
17 0
17 4
17 15
18 17
18 4
18 3
19 13
19 10
19 7
20 3
20 14
20 0
21 0
21 1
21 3
22 11
22 4
22 20
23 22
23 17
23 11
24 1
24 0
24 6
25 7
25 2
25 10
26 6
26 8
26 19
27 3
27 0
27 26
28 2
28 14
28 1
29 8
29 0
29 2
30 12
30 2
30 22
31 24
31 23
31 4
32 19
32 8
32 4
33 13
33 0
33 19
34 10
34 3
34 5
35 6
35 15
35 22
36 6
36 13
36 0
37 34
37 5
37 2
38 7
38 13
38 23
39 35
39 19
39 7
40 24
40 12
40 3
41 13
41 12
41 15
42 34
42 4
42 41
43 3
43 10
43 12
44 0
44 4
44 37
45 1
45 24
45 5
46 24
46 25
46 10
47 20
47 14
47 19
48 35
48 1
48 6
49 3
49 13
49 32
50 9
50 3
50 45
51 50
51 12
51 20
52 6
52 26
52 18
53 13
53 5
53 3
54 34
54 7
54 0
55 35
55 26
55 45
56 8
56 0
56 44
57 22
57 1
57 18
58 22
58 13
58 44
59 3
59 2
59 0
60 44
60 11
60 3
61 6
61 19
61 9
62 11
62 19
62 6
63 4
63 12
63 37
64 3
64 46
64 20
65 35
65 3
65 22
66 52
66 1
66 19
67 4
67 5
67 1
68 60
68 65
68 25
69 4
69 1
69 3
70 12
70 26
70 10
71 19
71 34
71 24
72 0
72 6
72 1
73 47
73 1
73 0
74 6
74 20
74 35
75 32
75 20
75 2
76 30
76 32
76 4
77 0
77 2
77 12
78 19
78 25
78 4
79 24
79 26
79 1
80 43
80 35
80 2
81 12
81 27
81 8
82 67
82 0
82 4
83 20
83 5
83 41
84 14
84 1
84 67
85 4
85 13
85 81
86 74
86 7
86 35
87 10
87 2
87 59
88 1
88 9
88 12
89 23
89 51
89 20
90 3
90 0
90 14
91 6
91 73
91 0
92 4
92 0
92 71
93 0
93 9
93 13
94 23
94 40
94 5
95 91
95 94
95 22
96 10
96 68
96 80
97 26
97 4
97 64
98 41
98 1
98 81
99 97
99 0
99 8
100 35
100 12
100 19
101 19
101 4
101 35
102 50
102 7
102 3
103 3
103 22
103 80
104 5
104 69
104 2
105 3
105 1
105 21
106 6
106 75
106 10
107 75
107 26
107 44
108 35
108 21
108 19
109 14
109 25
109 81
110 29
110 30
110 49
111 31
111 35
111 6
112 25
112 85
112 28
113 75
113 8
113 0
114 78
114 17
114 9
115 0
115 89
115 3
116 48
116 81
116 67
117 2
117 4
117 27
118 99
118 4
118 52
119 24
119 99
119 9
120 90
120 50
120 68
121 46
121 1
121 0
122 51
122 6
122 46
123 0
123 12
123 30
124 101
124 0
124 8
125 37
125 87
125 50
126 90
126 42
126 29
127 111
127 41
127 109
128 50
128 59
128 105
129 4
129 25
129 37
130 121
130 81
130 13
131 73
131 31
131 50
132 25
132 53
132 12
133 0
133 22
133 7
134 94
134 101
134 14
135 29
135 103
135 1
136 2
136 3
136 12
137 27
137 33
137 10
138 15
138 4
138 37
139 22
139 29
139 4
140 26
140 0
140 78
141 3
141 111
141 132
142 4
142 106
142 107
143 103
143 7
143 101
144 139
144 69
144 12
145 46
145 0
145 65
146 97
146 21
146 98
147 103
147 0
147 45
148 1
148 0
148 9
149 20
149 35
149 5
150 9
150 2
150 5
151 109
151 26
151 1
152 89
152 142
152 81
153 56
153 10
153 1
154 19
154 101
154 76
155 5
155 45
155 15
156 43
156 0
156 52
157 46
157 75
157 0
158 18
158 8
158 81
159 13
159 3
159 1
160 5
160 23
160 111
161 4
161 48
161 67
162 12
162 106
162 13
163 102
163 34
163 3
164 128
164 13
164 1
165 20
165 78
165 45
166 44
166 9
166 15
167 145
167 96
167 153
168 160
168 23
168 0
169 37
169 3
169 18
170 62
170 32
170 13
171 107
171 38
171 55
172 132
172 153
172 4
173 158
173 12
173 13
174 46
174 48
174 11
175 99
175 173
175 74
176 152
176 18
176 7
177 122
177 37
177 149
178 62
178 29
178 3
179 37
179 155
179 9
180 139
180 12
180 132
181 79
181 125
181 173
182 111
182 81
182 23
183 167
183 97
183 2
184 0
184 137
184 6
185 106
185 160
185 126
186 103
186 9
186 35
187 80
187 4
187 105
188 158
188 160
188 21
189 76
189 13
189 18
190 171
190 24
190 6
191 80
191 9
191 1
192 27
192 12
192 133
193 57
193 161
193 102
194 103
194 78
194 27
195 48
195 68
195 33
196 1
196 82
196 3
197 1
197 179
197 83
198 6
198 133
198 170
199 29
199 24
199 10
200 3
200 80
200 160
201 133
201 20
201 168
202 129
202 3
202 175
203 11
203 193
203 8
204 83
204 80
204 0
205 0
205 172
205 24
206 12
206 1
206 37
207 28
207 1
207 3
208 24
208 0
208 78
209 32
209 24
209 26
210 42
210 31
210 39
211 4
211 53
211 0
212 11
212 2
212 109
213 8
213 165
213 29
214 7
214 38
214 81
215 79
215 40
215 46
216 68
216 9
216 124
217 81
217 183
217 156
218 34
218 19
218 39
219 162
219 143
219 178
220 8
220 9
220 41
221 122
221 3
221 209
222 65
222 132
222 160
223 0
223 109
223 1
224 151
224 188
224 3
225 0
225 13
225 34
226 133
226 171
226 44
227 31
227 6
227 15
228 224
228 17
228 19
229 146
229 31
229 143
230 6
230 151
230 95
231 4
231 135
231 45
232 1
232 225
232 10
233 51
233 141
233 9
234 1
234 51
234 35
235 201
235 0
235 122
236 1
236 84
236 8
237 4
237 167
237 44
238 224
238 177
238 76
239 132
239 115
239 221
240 162
240 222
240 24
241 11
241 1
241 21
242 65
242 142
242 4
243 19
243 24
243 56
244 6
244 15
244 153
245 177
245 0
245 201
246 0
246 114
246 150
247 188
247 177
247 84
248 165
248 86
248 156
249 43
249 84
249 6
250 26
250 179
250 69
251 0
251 34
251 197
252 7
252 115
252 2
253 12
253 71
253 78
254 73
254 4
254 50
255 50
255 6
255 167
256 0
256 234
256 118
257 2
257 151
257 78
258 30
258 9
258 166
259 0
259 9
259 141
260 68
260 228
260 213
261 252
261 13
261 48
262 207
262 16
262 80
263 6
263 7
263 196
264 2
264 190
264 30
265 14
265 10
265 222
266 13
266 88
266 103
267 233
267 9
267 47
268 19
268 6
268 64
269 37
269 0
269 29
270 3
270 21
270 89
271 149
271 105
271 56
272 73
272 13
272 169
273 2
273 24
273 34
274 96
274 218
274 84
275 183
275 8
275 25
276 272
276 0
276 87
277 10
277 267
277 60
278 31
278 0
278 205
279 6
279 202
279 111
280 0
280 37
280 107
281 210
281 22
281 234
282 23
282 207
282 229
283 85
283 248
283 0
284 73
284 1
284 3
285 26
285 12
285 4
286 182
286 1
286 133
287 180
287 14
287 117
288 102
288 16
288 261
289 29
289 26
289 167
290 2
290 22
290 275
291 1
291 52
291 56
292 3
292 8
292 46
293 4
293 158
293 13
294 121
294 30
294 96
295 229
295 80
295 293
296 37
296 221
296 68
297 0
297 184
297 7
298 183
298 48
298 167
299 26
299 34
299 195
300 262
300 71
300 206
301 213
301 98
301 126
302 97
302 7
302 133
303 171
303 20
303 5
304 97
304 147
304 95
305 256
305 13
305 64
306 3
306 39
306 111
307 146
307 98
307 188
308 206
308 30
308 238
309 85
309 141
309 67
310 2
310 19
310 4
311 64
311 101
311 28
312 265
312 0
312 27
313 105
313 31
313 166
314 15
314 97
314 183
315 20
315 272
315 10
316 139
316 55
316 108
317 288
317 219
317 31
318 2
318 13
318 15
319 41
319 107
319 170
320 219
320 298
320 171
321 182
321 3
321 152
322 25
322 20
322 106
323 104
323 23
323 318
324 306
324 250
324 209
325 91
325 59
325 136
326 28
326 8
326 2
327 9
327 263
327 94
328 3
328 268
328 319
329 97
329 298
329 6
330 282
330 0
330 139
331 37
331 179
331 5
332 9
332 310
332 11
333 69
333 192
333 202
334 36
334 14
334 196
335 196
335 90
335 7
336 327
336 102
336 308
337 280
337 131
337 283
338 54
338 171
338 103
339 318
339 12
339 9
340 188
340 135
340 180
341 109
341 15
341 21
342 4
342 77
342 71
343 21
343 78
343 24
344 216
344 83
344 13
345 256
345 335
345 0
346 113
346 64
346 4
347 171
347 25
347 143
348 265
348 102
348 114
349 117
349 337
349 256
350 7
350 216
350 1
351 150
351 9
351 3
352 106
352 77
352 49
353 97
353 19
353 77
354 6
354 153
354 188
355 2
355 72
355 276
356 4
356 0
356 26
357 0
357 129
357 23
358 311
358 3
358 50
359 8
359 154
359 179
360 21
360 180
360 59
361 3
361 41
361 172
362 2
362 104
362 142
363 97
363 0
363 188
364 0
364 3
364 271
365 8
365 262
365 3
366 105
366 1
366 263
367 7
367 59
367 231
368 4
368 249
368 37
369 16
369 6
369 54
370 101
370 188
370 160
371 218
371 12
371 190
372 30
372 3
372 219
373 223
373 24
373 221
374 360
374 0
374 321
375 374
375 30
375 69
376 159
376 281
376 209
377 81
377 1
377 31
378 139
378 85
378 289
379 7
379 327
379 32
380 50
380 4
380 49
381 18
381 4
381 287
382 292
382 105
382 130
383 259
383 22
383 4
384 369
384 290
384 265
385 89
385 5
385 368
386 118
386 65
386 374
387 34
387 13
387 222
388 12
388 0
388 75
389 139
389 218
389 0
390 69
390 5
390 151
391 20
391 153
391 2
392 202
392 115
392 46
393 173
393 147
393 171
394 126
394 21
394 35
395 81
395 340
395 335
396 9
396 1
396 23
397 157
397 10
397 75
398 50
398 17
398 81
399 275
399 233
399 205
400 0
400 261
400 155
401 286
401 99
401 0
402 208
402 260
402 154
403 29
403 2
403 3
404 11
404 359
404 4
405 7
405 109
405 47
406 216
406 3
406 13
407 320
407 80
407 356
408 6
408 0
408 378
409 355
409 2
409 3
410 29
410 0
410 20
411 64
411 2
411 6
412 24
412 4
412 228
413 3
413 399
413 139
414 170
414 300
414 6
415 138
415 162
415 291
416 338
416 3
416 101
417 210
417 118
417 39
418 355
418 188
418 42
419 147
419 134
419 81
420 219
420 172
420 207
421 197
421 6
421 289
422 331
422 174
422 24
423 120
423 14
423 72
424 3
424 24
424 22
425 314
425 45
425 7
426 295
426 12
426 388
427 0
427 64
427 118
428 3
428 7
428 35
429 17
429 272
429 266
430 0
430 188
430 276
431 234
431 282
431 61
432 55
432 104
432 3
433 202
433 4
433 118
434 117
434 7
434 298
435 201
435 232
435 12
436 114
436 19
436 3
437 179
437 162
437 144
438 272
438 3
438 67
439 10
439 202
439 210
440 259
440 150
440 37
441 156
441 76
441 329
442 4
442 6
442 426
443 169
443 437
443 183
444 187
444 302
444 433
445 229
445 115
445 169
446 15
446 22
446 154
447 106
447 47
447 171
448 0
448 76
448 85
449 58
449 2
449 323
450 166
450 160
450 0
451 215
451 13
451 24
452 3
452 4
452 104
453 9
453 73
453 4
454 10
454 25
454 1
455 118
455 21
455 13
456 118
456 314
456 309
457 407
457 1
457 59
458 0
458 31
458 443
459 144
459 191
459 364
460 136
460 248
460 41
461 106
461 34
461 219
462 10
462 25
462 16
463 42
463 93
463 1
464 9
464 148
464 0
465 148
465 0
465 450
466 26
466 148
466 331
467 389
467 308
467 241
468 372
468 4
468 314
469 105
469 4
469 14
470 419
470 42
470 270
471 306
471 44
471 148
472 257
472 326
472 4
473 325
473 89
473 18
474 185
474 3
474 84
475 118
475 3
475 197
476 3
476 405
476 42
477 394
477 4
477 1
478 23
478 345
478 81
479 26
479 366
479 241
480 464
480 463
480 1
481 0
481 21
481 17
482 69
482 103
482 419
483 198
483 18
483 20
484 120
484 175
484 391
485 283
485 364
485 14
486 10
486 22
486 462
487 358
487 0
487 8
488 1
488 441
488 2
489 476
489 12
489 133
490 10
490 53
490 0
491 191
491 34
491 231
492 75
492 384
492 149
493 155
493 123
493 4
494 489
494 225
494 6
495 173
495 13
495 478
496 165
496 11
496 308
497 470
497 251
497 45
498 73
498 102
498 243
499 202
499 196
499 58
500 8
500 31
500 9
501 407
501 2
501 24
502 37
502 75
502 197
503 8
503 2
503 163
504 6
504 24
504 71
505 314
505 112
505 177
506 233
506 62
506 132
507 177
507 22
507 386
508 24
508 486
508 305
509 498
509 334
509 372
510 59
510 238
510 156
511 407
511 76
511 154
512 277
512 221
512 252
513 249
513 76
513 37
514 2
514 15
514 69
515 4
515 509
515 80
516 12
516 248
516 4
517 123
517 376
517 5
518 21
518 6
518 256
519 29
519 15
519 92
520 89
520 35
520 108
521 234
521 30
521 24
522 1
522 207
522 154
523 221
523 177
523 203
524 283
524 180
524 31
525 90
525 77
525 147
526 100
526 51
526 141
527 175
527 33
527 333
528 300
528 231
528 1
529 19
529 397
529 179
530 123
530 23
530 29
531 207
531 29
531 71
532 39
532 528
532 34
533 97
533 440
533 179
534 19
534 26
534 368
535 21
535 326
535 11
536 448
536 182
536 239
537 330
537 36
537 95
538 492
538 13
538 292
539 69
539 400
539 4
540 436
540 468
540 263
541 462
541 8
541 80
542 459
542 2
542 158
543 1
543 4
543 352
544 175
544 248
544 57
545 300
545 9
545 78
546 122
546 98
546 350
547 22
547 291
547 335
548 197
548 91
548 71
549 58
549 37
549 311
550 8
550 222
550 109
551 52
551 139
551 472
552 372
552 350
552 0
553 9
553 99
553 249
554 177
554 460
554 540
555 13
555 78
555 0
556 9
556 20
556 72
557 80
557 7
557 285
558 530
558 23
558 444
559 13
559 94
559 231
560 132
560 438
560 250
561 182
561 179
561 32
562 392
562 532
562 2
563 276
563 102
563 234
564 562
564 7
564 149
565 4
565 1
565 251
566 290
566 286
566 384
567 12
567 35
567 43
568 59
568 151
568 484
569 171
569 75
569 12
570 155
570 4
570 499
571 90
571 26
571 192
572 327
572 81
572 403
573 5
573 102
573 297
574 224
574 435
574 489
575 28
575 261
575 356
576 7
576 441
576 81
577 317
577 176
577 0
578 23
578 22
578 198
579 248
579 260
579 301
580 568
580 80
580 81
581 359
581 3
581 373
582 64
582 12
582 48
583 10
583 12
583 15
584 12
584 120
584 27
585 356
585 97
585 6
586 250
586 219
586 142
587 3
587 241
587 7
588 7
588 67
588 143
589 149
589 75
589 10
590 261
590 177
590 335
591 80
591 368
591 570
592 24
592 540
592 496
593 111
593 360
593 39
594 29
594 22
594 20
595 6
595 266
595 377
596 185
596 150
596 2
597 45
597 224
597 106
598 4
598 2
598 8
599 153
599 195
599 19
600 49
600 40
600 0
601 423
601 143
601 246
602 213
602 330
602 82
603 401
603 334
603 158
604 7
604 259
604 263
605 370
605 22
605 4
606 1
606 593
606 96
607 39
607 40
607 10
608 73
608 374
608 1
609 46
609 265
609 59
610 149
610 20
610 350
611 104
611 187
611 306
612 63
612 482
612 133
613 487
613 208
613 314
614 562
614 0
614 210
615 97
615 460
615 1
616 1
616 37
616 223
617 228
617 96
617 75
618 22
618 37
618 29
619 120
619 248
619 13
620 97
620 78
620 536
621 555
621 401
621 62
622 139
622 310
622 103
623 304
623 13
623 12
624 15
624 0
624 516
625 571
625 0
625 175
626 44
626 89
626 204
627 215
627 530
627 34
628 66
628 15
628 108
629 4
629 80
629 350
630 11
630 24
630 331
631 170
631 450
631 17
632 615
632 558
632 4
633 42
633 407
633 105
634 3
634 349
634 0
635 448
635 109
635 294
636 98
636 179
636 159
637 98
637 81
637 400
638 529
638 7
638 316
639 6
639 41
639 541
640 37
640 541
640 151
641 160
641 534
641 624
642 435
642 603
642 6
643 333
643 71
643 378
644 210
644 18
644 133
645 104
645 9
645 35
646 294
646 129
646 4
647 203
647 6
647 562
648 529
648 123
648 188
649 1
649 0
649 23
650 0
650 112
650 3
651 67
651 12
651 526
652 40
652 436
652 351
653 4
653 317
653 139
654 377
654 198
654 42
655 290
655 533
655 0
656 188
656 300
656 7
657 585
657 78
657 375
658 2
658 106
658 105
659 55
659 33
659 53
660 19
660 8
660 512
661 41
661 442
661 8
662 0
662 193
662 394
663 451
663 28
663 7
664 22
664 118
664 109
665 164
665 80
665 75
666 170
666 95
666 102
667 1
667 3
667 2
668 115
668 353
668 171
669 37
669 503
669 554
670 0
670 42
670 185
671 35
671 398
671 0
672 470
672 464
672 360
673 6
673 3
673 119
674 39
674 463
674 197
675 138
675 457
675 59
676 9
676 80
676 164
677 366
677 2
677 549
678 146
678 522
678 209
679 317
679 89
679 102
680 87
680 83
680 4
681 2
681 169
681 412
682 31
682 340
682 102
683 520
683 6
683 202
684 48
684 280
684 569
685 59
685 590
685 45
686 34
686 4
686 97
687 3
687 459
687 474
688 85
688 69
688 171
689 193
689 197
689 105
690 0
690 75
690 292
691 272
691 165
691 511
692 626
692 3
692 102
693 608
693 279
693 356
694 152
694 73
694 97
695 639
695 662
695 22
696 136
696 6
696 12
697 627
697 412
697 290
698 132
698 229
698 165
699 2
699 658
699 0
700 545
700 26
700 29
701 18
701 70
701 362
702 7
702 198
702 0
703 159
703 6
703 316
704 351
704 488
704 663
705 217
705 1
705 183
706 169
706 398
706 331
707 24
707 329
707 350
708 267
708 152
708 80
709 398
709 496
709 449
710 320
710 13
710 77
711 97
711 503
711 40
712 590
712 62
712 423
713 243
713 76
713 3
714 337
714 21
714 98
715 7
715 476
715 0
716 578
716 0
716 243
717 7
717 134
717 254
718 586
718 24
718 44
719 303
719 44
719 579
720 411
720 55
720 657
721 173
721 95
721 121
722 233
722 24
722 513
723 165
723 265
723 19
724 208
724 661
724 132
725 43
725 1
725 377
726 665
726 1
726 29
727 214
727 62
727 645
728 584
728 3
728 0
729 101
729 4
729 115
730 105
730 71
730 165
731 35
731 13
731 2
732 29
732 250
732 59
733 209
733 69
733 234
734 684
734 8
734 104
735 91
735 439
735 23
736 412
736 137
736 538
737 19
737 0
737 218
738 51
738 170
738 301
739 132
739 42
739 64
740 295
740 8
740 1
741 52
741 153
741 735
742 146
742 18
742 693
743 506
743 319
743 105
744 278
744 0
744 38
745 71
745 675
745 215
746 177
746 568
746 218
747 19
747 84
747 183
748 116
748 246
748 406
749 39
749 0
749 96
750 68
750 229
750 26
751 676
751 1
751 22
752 364
752 4
752 171
753 451
753 406
753 252
754 1
754 534
754 80
755 0
755 200
755 237
756 177
756 191
756 133
757 185
757 108
757 0
758 483
758 556
758 78
759 31
759 7
759 358
760 13
760 237
760 689
761 261
761 24
761 322
762 657
762 64
762 2
763 13
763 301
763 466
764 165
764 16
764 585
765 267
765 456
765 570
766 177
766 238
766 81
767 8
767 209
767 522
768 265
768 13
768 50
769 294
769 173
769 259
770 121
770 716
770 77
771 125
771 11
771 217
772 174
772 493
772 441
773 433
773 354
773 9
774 341
774 4
774 697
775 506
775 3
775 664
776 436
776 425
776 526
777 653
777 100
777 402
778 2
778 604
778 654
779 630
779 186
779 116
780 111
780 581
780 353
781 115
781 56
781 153
782 225
782 505
782 30
783 4
783 9
783 708
784 132
784 258
784 518
785 553
785 3
785 439
786 470
786 72
786 102
787 309
787 268
787 202
788 16
788 190
788 258
789 121
789 457
789 583
790 34
790 491
790 39
791 93
791 213
791 463
792 653
792 276
792 501
793 165
793 2
793 15
794 89
794 31
794 26
795 158
795 463
795 104
796 327
796 763
796 550
797 762
797 433
797 14
798 35
798 202
798 228
799 155
799 334
799 33
800 51
800 631
800 396
801 732
801 209
801 48
802 0
802 732
802 71
803 608
803 135
803 45
804 541
804 59
804 62
805 596
805 337
805 249
806 85
806 98
806 117
807 78
807 9
807 748
808 222
808 601
808 482
809 6
809 699
809 59
810 664
810 500
810 20
811 115
811 474
811 25
812 182
812 26
812 0
813 144
813 24
813 247
814 179
814 25
814 7
815 375
815 499
815 750
816 34
816 120
816 24
817 132
817 35
817 96
818 80
818 715
818 512
819 5
819 557
819 624
820 13
820 4
820 81
821 711
821 97
821 247
822 347
822 50
822 558
823 560
823 202
823 600
824 95
824 802
824 731
825 20
825 85
825 582
826 145
826 245
826 805
827 13
827 350
827 106
828 626
828 19
828 425
829 45
829 11
829 172
830 772
830 6
830 570
831 81
831 146
831 326
832 307
832 19
832 598
833 1
833 742
833 108
834 469
834 149
834 3
835 422
835 2
835 45
836 373
836 312
836 73
837 2
837 94
837 147
838 457
838 201
838 4
839 108
839 191
839 392
840 154
840 26
840 4
841 554
841 825
841 218
842 734
842 97
842 6
843 36
843 60
843 14
844 478
844 6
844 132
845 388
845 153
845 29
846 153
846 151
846 117
847 26
847 0
847 10
848 58
848 169
848 13
849 136
849 14
849 772
850 144
850 378
850 0
851 680
851 786
851 0
852 173
852 405
852 435
853 9
853 99
853 381
854 105
854 26
854 397
855 284
855 730
855 492
856 213
856 680
856 821
857 1
857 143
857 94
858 473
858 89
858 165
859 740
859 149
859 834
860 97
860 370
860 302
861 320
861 487
861 309
862 509
862 44
862 32
863 132
863 225
863 170
864 26
864 124
864 6
865 740
865 12
865 644
866 4
866 270
866 18
867 188
867 43
867 265
868 34
868 47
868 35
869 644
869 367
869 496
870 751
870 12
870 515
871 43
871 75
871 44
872 109
872 26
872 41
873 155
873 39
873 25
874 199
874 321
874 272
875 20
875 222
875 458
876 573
876 364
876 78
877 334
877 317
877 25
878 102
878 248
878 415
879 460
879 603
879 641
880 13
880 635
880 25
881 710
881 1
881 3
882 463
882 64
882 140
883 27
883 518
883 211
884 513
884 402
884 435
885 0
885 94
885 617
886 166
886 146
886 268
887 501
887 8
887 23
888 332
888 210
888 13
889 386
889 328
889 708
890 190
890 861
890 375
891 351
891 0
891 130
892 778
892 466
892 504
893 272
893 372
893 727
894 354
894 73
894 433
895 381
895 19
895 0
896 97
896 663
896 272
897 614
897 793
897 4
898 326
898 75
898 248
899 20
899 1
899 193
900 491
900 1
900 3
901 497
901 541
901 0
902 654
902 157
902 898
903 4
903 838
903 416
904 247
904 27
904 35
905 292
905 80
905 716
906 501
906 53
906 771
907 840
907 0
907 298
908 751
908 219
908 85
909 819
909 94
909 26
910 90
910 81
910 562
911 26
911 528
911 505
912 15
912 69
912 186
913 613
913 22
913 335
914 268
914 38
914 541
915 563
915 290
915 375
916 20
916 659
916 300
917 42
917 100
917 15
918 84
918 103
918 151
919 468
919 426
919 169
920 300
920 9
920 146
921 435
921 885
921 4
922 15
922 521
922 368
923 0
923 5
923 11
924 215
924 5
924 626
925 26
925 278
925 335
926 495
926 376
926 665
927 160
927 0
927 219
928 49
928 78
928 438
929 9
929 76
929 553
930 85
930 152
930 224
931 390
931 18
931 138
932 164
932 95
932 4
933 11
933 93
933 0
934 2
934 384
934 35
935 19
935 80
935 777
936 301
936 346
936 798
937 380
937 13
937 81
938 230
938 746
938 81
939 9
939 541
939 97
940 33
940 132
940 3
941 359
941 875
941 2
942 4
942 205
942 905
943 331
943 48
943 558
944 291
944 37
944 615
945 465
945 6
945 573
946 884
946 216
946 101
947 528
947 418
947 34
948 785
948 263
948 134
949 64
949 256
949 841
950 265
950 901
950 529
951 248
951 12
951 363
952 764
952 799
952 72
953 68
953 102
953 175
954 170
954 162
954 8
955 176
955 66
955 89
956 875
956 3
956 132
957 64
957 221
957 768
958 218
958 887
958 12
959 221
959 26
959 7
960 225
960 76
960 459
961 856
961 1
961 11
962 118
962 810
962 23
963 26
963 246
963 830
964 193
964 138
964 357
965 375
965 415
965 483
966 72
966 50
966 15
967 7
967 4
967 102
968 402
968 644
968 1
969 463
969 230
969 79
970 0
970 9
970 26
971 386
971 206
971 397
972 457
972 194
972 804
973 349
973 9
973 364
974 68
974 586
974 171
975 102
975 116
975 6
976 163
976 484
976 293
977 23
977 523
977 167
978 406
978 229
978 897
979 26
979 81
979 72
980 188
980 369
980 466
981 468
981 90
981 6
982 132
982 1
982 143
983 981
983 12
983 724
984 10
984 936
984 194
985 578
985 125
985 554
986 812
986 386
986 78
987 19
987 165
987 659
988 899
988 194
988 304
989 459
989 598
989 158
990 326
990 771
990 14
991 519
991 375
991 734
992 263
992 14
992 328
993 242
993 2
993 5
994 157
994 776
994 331
995 94
995 375
995 980
996 861
996 109
996 300
997 712
997 47
997 475
998 25
998 514
998 497
999 771
999 998
999 686
