0 1
1 0
2 1
2 0
3 0
3 1
3 2
4 1
4 0
4 3
5 3
5 0
5 1
6 0
6 1
6 4
7 1
7 2
7 5
8 5
8 0
8 3
9 0
9 3
9 1
10 5
10 4
10 1
11 3
11 4
11 10
12 0
12 3
12 9
13 4
13 11
13 3
14 0
14 3
14 4
15 0
15 3
15 8
16 13
16 12
16 0
17 12
17 1
17 10
18 11
18 15
18 5
19 10
19 1
19 15
20 3
20 0
20 10
21 0
21 19
21 11
22 10
22 5
22 3
23 3
23 18
23 0
24 9
24 5
24 2
25 5
25 10
25 17
26 10
26 0
26 23
27 0
27 8
27 17
28 3
28 11
28 4
29 25
29 24
29 10
30 12
30 5
30 13
31 3
31 15
31 20
32 4
32 3
32 31
33 28
33 2
33 11
34 10
34 15
34 19
35 31
35 11
35 0
36 12
36 3
36 19
37 26
37 1
37 0
38 0
38 28
38 4
39 3
39 32
39 14
40 0
40 3
40 10
41 10
41 18
41 3
42 6
42 12
42 10
43 37
43 0
43 1
44 4
44 24
44 43
45 8
45 10
45 43
46 19
46 11
46 3
47 2
47 3
47 0
48 34
48 40
48 46
49 32
49 25
49 3
