0 1
1 0
2 0
2 1
3 2
3 1
3 0
4 3
4 1
4 2
5 4
5 2
5 3
6 2
6 3
6 1
7 1
7 2
7 4
8 6
8 0
8 5
9 7
9 5
9 1
10 2
10 8
10 6
11 6
11 3
11 2
12 4
12 5
12 1
13 0
13 2
13 1
14 6
14 1
14 12
15 0
15 11
15 6
16 12
16 1
16 0
17 1
17 5
17 14
18 3
18 4
18 12
19 5
19 3
19 6
20 2
20 6
20 1
21 6
21 14
21 5
22 8
22 17
22 0
23 6
23 18
23 15
24 0
24 12
24 11
25 3
25 2
25 0
26 12
26 2
26 1
27 3
27 0
27 11
28 21
28 3
28 0
29 5
29 2
29 8
30 1
30 24
30 3
31 26
31 8
31 18
32 29
32 3
32 17
33 2
33 18
33 27
34 32
34 5
34 6
35 21
35 3
35 1
36 26
36 4
36 33
37 2
37 25
37 21
38 21
38 8
38 22
39 3
39 0
39 8
40 22
40 10
40 34
41 30
41 10
41 21
42 0
42 23
42 10
43 3
43 1
43 0
44 3
44 33
44 42
45 3
45 0
45 5
46 2
46 6
46 17
47 5
47 1
47 42
48 40
48 38
48 6
49 20
49 0
49 12
50 15
50 5
50 18
51 0
51 21
51 18
52 18
52 30
52 14
53 30
53 45
53 37
54 6
54 41
54 2
55 18
55 6
55 5
56 5
56 47
56 54
57 38
57 5
57 8
58 3
58 31
58 57
59 26
59 2
59 14
60 8
60 30
60 19
61 23
61 21
61 51
62 57
62 38
62 7
63 10
63 5
63 12
64 8
64 3
64 61
65 56
65 12
65 21
66 36
66 15
66 1
67 21
67 59
67 12
68 8
68 4
68 34
69 14
69 42
69 5
70 28
70 38
70 19
71 6
71 30
71 10
72 51
72 61
72 30
73 36
73 35
73 42
74 32
74 14
74 10
75 2
75 3
75 0
76 65
76 3
76 21
77 11
77 3
77 14
78 0
78 1
78 26
79 42
79 2
79 38
80 60
80 70
80 17
81 42
81 46
81 24
82 13
82 28
82 48
83 10
83 14
83 0
84 26
84 14
84 5
85 30
85 57
85 63
86 13
86 10
86 12
87 20
87 1
87 40
88 59
88 6
88 2
89 77
89 26
89 2
90 67
90 27
90 47
91 3
91 67
91 68
92 38
92 22
92 83
93 2
93 70
93 1
94 12
94 6
94 17
95 60
95 37
95 3
96 8
96 24
96 54
97 5
97 25
97 3
98 23
98 62
98 3
99 66
99 2
99 30
