0 1
1 0
2 0
2 1
3 1
3 2
3 0
4 0
4 1
4 2
5 1
5 3
5 2
6 2
6 5
6 0
7 1
7 6
7 2
8 1
8 3
8 0
9 8
9 2
9 6
10 0
10 3
10 2
11 1
11 0
11 10
12 0
12 1
12 5
13 1
13 0
13 5
14 4
14 1
14 10
15 0
15 3
15 10
16 1
16 6
16 0
17 6
17 2
17 7
18 15
18 13
18 1
19 0
19 14
19 10
20 4
20 14
20 16
21 20
21 19
21 9
22 6
22 19
22 0
23 3
23 6
23 1
24 20
24 1
24 6
25 1
25 0
25 3
26 15
26 4
26 0
27 1
27 7
27 0
28 6
28 15
28 1
29 1
29 0
29 22
30 20
30 0
30 19
31 1
31 10
31 2
32 13
32 1
32 3
33 2
33 32
33 13
34 3
34 2
34 31
35 13
35 20
35 1
36 19
36 0
36 14
37 31
37 19
37 32
38 0
38 11
38 7
39 3
39 1
39 17
40 8
40 19
40 14
41 39
41 1
41 13
42 0
42 24
42 3
43 31
43 26
43 5
44 39
44 0
44 15
45 1
45 38
45 13
46 2
46 44
46 43
47 1
47 31
47 10
48 4
48 46
48 25
49 14
49 0
49 6
50 14
50 1
50 0
51 22
51 44
51 38
52 3
52 23
52 14
53 6
53 3
53 39
54 0
54 5
54 7
55 23
55 38
55 4
56 20
56 38
56 14
57 14
57 4
57 42
58 32
58 0
58 38
59 18
59 30
59 0
60 12
60 9
60 1
61 6
61 2
61 3
62 6
62 29
62 39
63 19
63 4
63 13
64 0
64 23
64 43
65 31
65 50
65 2
66 18
66 1
66 41
67 5
67 57
67 14
68 23
68 38
68 54
69 0
69 29
69 7
70 2
70 35
70 20
71 38
71 45
71 29
72 66
72 4
72 71
73 16
73 58
73 9
74 61
74 41
74 60
75 1
75 4
75 15
76 44
76 51
76 2
77 0
77 5
77 19
78 10
78 19
78 16
79 43
79 16
79 66
80 1
80 9
80 60
81 41
81 37
81 0
82 26
82 14
82 80
83 1
83 12
83 68
84 18
84 39
84 23
85 14
85 1
85 2
86 2
86 1
86 10
87 54
87 16
87 0
88 25
88 44
88 0
89 9
89 1
89 66
90 88
90 10
90 32
91 18
91 6
91 3
92 0
92 66
92 16
93 6
93 87
93 9
94 62
94 7
94 26
95 18
95 12
95 38
96 0
96 7
96 2
97 0
97 41
97 90
98 70
98 41
98 58
99 4
99 25
99 84
