0 1
1 0
2 0
2 1
3 1
3 0
3 2
4 1
4 2
4 0
5 1
5 0
5 2
6 2
6 0
6 1
7 0
7 5
7 2
8 3
8 2
8 5
9 1
9 7
9 5
10 2
10 0
10 7
11 3
11 2
11 4
12 11
12 0
12 4
13 2
13 0
13 3
14 0
14 4
14 5
15 8
15 3
15 5
16 0
16 11
16 7
17 11
17 7
17 0
18 4
18 6
18 0
19 6
19 7
19 16
20 1
20 9
20 5
21 2
21 7
21 19
22 0
22 9
22 20
23 2
23 7
23 18
24 3
24 19
24 1
25 2
25 16
25 3
26 18
26 4
26 2
27 3
27 11
27 9
28 0
28 1
28 23
29 11
29 18
29 0
30 27
30 1
30 2
31 1
31 21
31 19
32 11
32 15
32 31
33 30
33 29
33 1
34 19
34 22
34 18
35 6
35 21
35 7
36 2
36 33
36 5
37 1
37 10
37 3
38 1
38 33
38 2
39 0
39 14
39 36
40 8
40 18
40 5
41 1
41 11
41 31
42 9
42 4
42 27
43 6
43 20
43 30
44 7
44 11
44 42
45 23
45 18
45 7
46 6
46 4
46 18
47 36
47 21
47 1
48 5
48 19
48 40
49 6
49 4
49 35
