0 1
0 2
0 3
1 0
1 2
1 3
2 1
2 0
2 3
3 2
3 0
3 1
4 0
4 2
4 3
5 1
5 2
5 3
6 1
6 3
6 4
7 3
7 2
7 0
8 4
8 3
8 5
9 5
9 7
9 2
10 7
10 9
10 3
11 3
11 7
11 1
12 0
12 6
12 9
13 0
13 3
13 2
14 1
14 4
14 0
15 2
15 14
15 13
16 2
16 7
16 12
17 7
17 14
17 15
18 7
18 4
18 3
19 4
19 2
19 3
20 15
20 1
20 11
21 11
21 14
21 1
22 11
22 0
22 10
23 7
23 4
23 3
24 11
24 7
24 3
25 0
25 3
25 1
26 20
26 0
26 15
27 6
27 4
27 25
28 0
28 11
28 3
29 12
29 11
29 0
30 1
30 0
30 13
31 3
31 5
31 7
32 8
32 14
32 23
33 2
33 13
33 7
34 10
34 3
34 5
35 2
35 4
35 5
36 29
36 34
36 2
37 2
37 11
37 4
38 0
38 7
38 6
39 3
39 0
39 4
40 0
40 26
40 2
41 19
41 1
41 38
42 30
42 4
42 2
43 3
43 9
43 4
44 2
44 24
44 27
45 24
45 38
45 3
46 3
46 6
46 9
47 14
47 3
47 2
48 15
48 36
48 3
49 2
49 7
49 32
