0 1
1 0
2 1
2 0
3 0
3 2
3 1
4 1
4 2
4 0
5 4
5 1
5 0
6 1
6 0
6 3
7 1
7 3
7 0
8 1
8 5
8 0
9 0
9 1
9 7
10 0
10 2
10 1
11 3
11 0
11 5
12 2
12 1
12 7
13 1
13 0
13 9
14 0
14 1
14 11
15 1
15 9
15 2
16 2
16 7
16 0
17 2
17 10
17 9
18 9
18 3
18 0
19 6
19 1
19 15
20 2
20 8
20 0
21 1
21 0
21 20
22 0
22 1
22 6
23 3
23 11
23 18
24 8
24 6
24 23
25 23
25 7
25 19
26 12
26 7
26 1
27 8
27 10
27 1
28 9
28 1
28 26
29 27
29 1
29 15
30 12
30 15
30 11
31 26
31 9
31 1
32 25
32 1
32 29
33 4
33 11
33 0
34 20
34 2
34 30
35 33
35 14
35 28
36 2
36 9
36 0
37 1
37 15
37 8
38 9
38 15
38 2
39 19
39 20
39 5
40 2
40 0
40 1
41 7
41 25
41 17
42 2
42 17
42 11
43 28
43 5
43 36
44 1
44 13
44 39
45 29
45 40
45 27
46 7
46 11
46 0
47 0
47 22
47 4
48 25
48 1
48 31
49 1
49 44
49 0
50 0
50 7
50 5
51 22
51 35
51 5
52 7
52 5
52 1
53 9
53 52
53 38
54 0
54 14
54 2
55 3
55 52
55 34
56 2
56 19
56 1
57 40
57 0
57 12
58 0
58 38
58 5
59 0
59 7
59 28
60 3
60 48
60 45
61 56
61 9
61 5
62 15
62 10
62 1
63 5
63 12
63 1
64 5
64 1
64 41
65 48
65 25
65 63
66 11
66 37
66 48
67 0
67 3
67 26
68 2
68 10
68 1
69 1
69 32
69 16
70 12
70 10
70 40
71 5
71 39
71 11
72 9
72 4
72 0
73 1
73 54
73 20
74 28
74 25
74 7
75 18
75 62
75 66
76 65
76 2
76 22
77 6
77 65
77 50
78 76
78 0
78 10
79 9
79 51
79 7
80 20
80 0
80 19
81 71
81 73
81 11
82 47
82 19
82 11
83 14
83 45
83 1
84 1
84 12
84 19
85 77
85 29
85 48
86 7
86 19
86 82
87 38
87 19
87 20
88 7
88 79
88 0
89 10
89 28
89 43
90 88
90 2
90 70
91 0
91 2
91 29
92 4
92 91
92 9
93 75
93 89
93 37
94 9
94 1
94 10
95 51
95 70
95 1
96 59
96 1
96 9
97 13
97 1
97 0
98 74
98 9
98 2
99 36
99 10
99 78
100 91
100 11
100 40
101 77
101 2
101 73
102 0
102 7
102 44
103 82
103 6
103 10
104 14
104 12
104 83
105 5
105 2
105 9
106 33
106 9
106 55
107 14
107 1
107 0
108 70
108 6
108 99
109 48
109 3
109 25
110 99
110 19
110 83
111 35
111 27
111 12
112 53
112 0
112 9
113 41
113 0
113 52
114 47
114 107
114 70
115 10
115 51
115 5
116 96
116 39
116 26
117 13
117 1
117 91
118 40
118 88
118 7
119 73
119 0
119 112
120 12
120 13
120 14
121 47
121 107
121 74
122 97
122 2
122 26
123 32
123 79
123 43
124 0
124 2
124 78
125 2
125 8
125 5
126 52
126 40
126 7
127 66
127 39
127 8
128 2
128 50
128 26
129 27
129 88
129 37
130 5
130 9
130 1
131 1
131 10
131 5
132 9
132 1
132 10
133 9
133 11
133 36
134 48
134 22
134 6
135 2
135 4
135 84
136 85
136 89
136 87
137 13
137 48
137 9
138 110
138 44
138 102
139 22
139 5
139 62
140 5
140 6
140 4
141 94
141 82
141 112
142 17
142 93
142 10
143 1
143 29
143 72
144 0
144 34
144 2
145 2
145 94
145 0
146 139
146 47
146 19
147 73
147 60
147 78
148 5
148 0
148 48
149 14
149 9
149 126
150 34
150 1
150 49
151 43
151 0
151 9
152 95
152 5
152 17
153 86
153 144
153 23
154 36
154 27
154 142
155 0
155 99
155 79
156 39
156 40
156 1
157 99
157 49
157 2
158 156
158 14
158 37
159 91
159 72
159 0
160 0
160 37
160 12
161 11
161 62
161 14
162 9
162 37
162 129
163 156
163 12
163 97
164 51
164 0
164 39
165 4
165 10
165 2
166 156
166 34
166 1
167 33
167 12
167 115
168 121
168 0
168 63
169 157
169 44
169 87
170 0
170 161
170 151
171 167
171 52
171 88
172 28
172 14
172 5
173 32
173 148
173 1
174 14
174 147
174 93
175 119
175 62
175 10
176 2
176 124
176 0
177 32
177 52
177 77
178 47
178 71
178 0
179 86
179 100
179 77
180 37
180 82
180 2
181 73
181 8
181 1
182 109
182 121
182 47
183 47
183 28
183 0
184 109
184 14
184 9
185 148
185 19
185 35
186 38
186 125
186 15
187 89
187 100
187 74
188 10
188 81
188 155
189 67
189 43
189 9
190 80
190 9
190 83
191 183
191 141
191 1
192 2
192 180
192 190
193 66
193 64
193 131
194 53
194 20
194 10
195 5
195 182
195 1
196 12
196 107
196 28
197 123
197 127
197 1
198 105
198 2
198 37
199 8
199 98
199 24
200 48
200 92
200 106
201 2
201 172
201 19
202 150
202 1
202 46
203 5
203 64
203 158
204 119
204 161
204 118
205 7
205 190
205 99
206 71
206 65
206 33
207 92
207 127
207 7
208 5
208 144
208 41
209 200
209 10
209 138
210 19
210 37
210 28
211 59
211 12
211 114
212 79
212 189
212 31
213 5
213 117
213 93
214 117
214 78
214 15
215 7
215 37
215 124
216 1
216 12
216 184
217 10
217 92
217 151
218 58
218 198
218 9
219 0
219 28
219 77
220 149
220 20
220 16
221 100
221 30
221 170
222 7
222 16
222 123
223 5
223 137
223 1
224 112
224 186
224 218
225 89
225 165
225 98
226 1
226 10
226 158
227 7
227 78
227 88
228 111
228 20
228 144
229 185
229 93
229 121
230 88
230 10
230 0
231 107
231 29
231 50
232 141
232 63
232 53
233 17
233 161
233 4
234 120
234 48
234 4
235 216
235 35
235 20
236 11
236 63
236 5
237 232
237 48
237 52
238 201
238 6
238 229
239 0
239 136
239 79
240 146
240 166
240 211
241 80
241 89
241 1
242 112
242 0
242 2
243 26
243 5
243 109
244 84
244 43
244 9
245 0
245 2
245 114
246 117
246 48
246 73
247 51
247 1
247 89
248 1
248 161
248 3
249 233
249 107
249 1
250 27
250 44
250 238
251 88
251 73
251 10
252 28
252 77
252 176
253 0
253 107
253 189
254 185
254 93
254 77
255 122
255 41
255 53
256 92
256 1
256 0
257 28
257 0
257 95
258 92
258 78
258 109
259 3
259 110
259 219
260 12
260 50
260 143
261 27
261 0
261 88
262 209
262 110
262 116
263 184
263 81
263 214
264 43
264 55
264 1
265 22
265 77
265 99
266 178
266 135
266 123
267 165
267 37
267 1
268 22
268 1
268 8
269 1
269 142
269 19
270 99
270 147
270 258
271 185
271 200
271 172
272 123
272 26
272 165
273 0
273 20
273 73
274 2
274 4
274 149
275 225
275 32
275 244
276 127
276 232
276 0
277 74
277 9
277 113
278 131
278 22
278 20
279 137
279 92
279 54
280 71
280 223
280 13
281 5
281 215
281 149
282 96
282 27
282 2
283 40
283 12
283 31
284 209
284 3
284 7
285 9
285 149
285 260
286 0
286 242
286 97
287 112
287 1
287 53
288 251
288 110
288 10
289 261
289 38
289 74
290 172
290 9
290 22
291 29
291 86
291 73
292 7
292 211
292 20
293 89
293 77
293 144
294 13
294 228
294 91
295 83
295 247
295 101
296 39
296 8
296 197
297 0
297 79
297 201
298 88
298 37
298 151
299 3
299 0
299 163
300 208
300 196
300 31
301 5
301 7
301 249
302 17
302 117
302 81
303 105
303 37
303 100
304 117
304 173
304 2
305 189
305 127
305 6
306 69
306 299
306 114
307 151
307 116
307 86
308 216
308 258
308 93
309 0
309 183
309 72
310 39
310 192
310 74
311 77
311 239
311 66
312 254
312 29
312 281
313 283
313 1
313 112
314 0
314 70
314 1
315 28
315 6
315 107
316 2
316 103
316 97
317 59
317 3
317 288
318 315
318 1
318 73
319 8
319 164
319 122
320 39
320 93
320 218
321 6
321 69
321 128
322 100
322 1
322 265
323 53
323 293
323 31
324 162
324 256
324 38
325 63
325 11
325 263
326 9
326 320
326 149
327 218
327 223
327 211
328 2
328 9
328 33
329 121
329 147
329 3
330 87
330 99
330 247
331 9
331 26
331 199
332 107
332 182
332 1
333 19
333 122
333 55
334 83
334 39
334 1
335 223
335 180
335 192
336 64
336 16
336 229
337 123
337 177
337 95
338 52
338 290
338 249
339 2
339 257
339 309
340 48
340 107
340 28
341 184
341 22
341 2
342 7
342 9
342 39
343 267
343 283
343 161
344 97
344 198
344 307
345 28
345 297
345 275
346 17
346 223
346 3
347 92
347 77
347 2
348 138
348 169
348 2
349 79
349 62
349 52
350 47
350 64
350 12
351 10
351 1
351 5
352 218
352 1
352 39
353 12
353 27
353 221
354 90
354 108
354 320
355 93
355 64
355 117
356 54
356 133
356 320
357 169
357 164
357 95
358 31
358 331
358 198
359 52
359 0
359 335
360 1
360 14
360 263
361 71
361 103
361 7
362 320
362 191
362 3
363 1
363 154
363 149
364 200
364 31
364 59
365 27
365 93
365 290
366 178
366 200
366 37
367 33
367 198
367 291
368 233
368 343
368 51
369 39
369 9
369 268
370 52
370 117
370 86
371 211
371 5
371 1
372 23
372 155
372 133
373 358
373 0
373 217
374 141
374 20
374 41
375 95
375 7
375 152
376 237
376 123
376 38
377 68
377 5
377 263
378 200
378 256
378 77
379 320
379 117
379 79
380 1
380 52
380 252
381 52
381 51
381 42
382 107
382 82
382 66
383 323
383 143
383 131
384 242
384 132
384 31
385 215
385 315
385 79
386 338
386 304
386 258
387 52
387 385
387 99
388 260
388 1
388 15
389 71
389 256
389 220
390 58
390 26
390 126
391 20
391 31
391 187
392 25
392 380
392 198
393 11
393 236
393 356
394 305
394 112
394 83
395 331
395 5
395 91
396 256
396 255
396 62
397 47
397 151
397 92
398 1
398 114
398 5
399 73
399 187
399 87
400 355
400 93
400 1
401 77
401 12
401 83
402 85
402 184
402 149
403 82
403 124
403 11
404 228
404 48
404 5
405 151
405 199
405 124
406 31
406 0
406 7
407 209
407 50
407 5
408 200
408 54
408 256
409 122
409 26
409 331
410 25
410 59
410 88
411 215
411 353
411 273
412 310
412 337
412 33
413 283
413 263
413 9
414 0
414 9
414 211
415 85
415 28
415 137
416 1
416 291
416 78
417 9
417 204
417 16
418 7
418 251
418 281
419 260
419 32
419 305
420 68
420 419
420 1
421 152
421 72
421 261
422 5
422 114
422 11
423 0
423 323
423 203
424 184
424 185
424 8
425 46
425 404
425 119
426 126
426 67
426 272
427 283
427 320
427 180
428 11
428 139
428 19
429 140
429 315
429 105
430 322
430 9
430 2
431 2
431 39
431 6
432 177
432 200
432 222
433 87
433 46
433 0
434 40
434 146
434 420
435 177
435 355
435 176
436 168
436 31
436 114
437 18
437 378
437 364
438 384
438 48
438 49
439 1
439 119
439 404
440 85
440 46
440 283
441 38
441 96
441 228
442 284
442 132
442 2
443 91
443 52
443 95
444 1
444 81
444 74
445 9
445 199
445 232
446 1
446 199
446 365
447 168
447 29
447 12
448 9
448 15
448 3
449 44
449 79
449 293
450 39
450 141
450 9
451 82
451 193
451 172
452 107
452 273
452 331
453 0
453 107
453 136
454 214
454 142
454 41
455 180
455 0
455 192
456 204
456 123
456 251
457 288
457 109
457 215
458 37
458 16
458 290
459 427
459 121
459 309
460 14
460 42
460 40
461 22
461 26
461 0
462 23
462 48
462 415
463 0
463 89
463 266
464 7
464 439
464 79
465 34
465 65
465 5
466 2
466 198
466 177
467 1
467 35
467 163
468 11
468 14
468 1
469 178
469 87
469 12
470 87
470 27
470 199
471 36
471 117
471 46
472 436
472 157
472 330
473 118
473 5
473 88
474 36
474 81
474 19
475 439
475 10
475 290
476 434
476 1
476 36
477 23
477 35
477 60
478 119
478 31
478 7
479 99
479 115
479 27
480 0
480 89
480 184
481 352
481 222
481 93
482 117
482 83
482 20
483 0
483 179
483 53
484 40
484 352
484 27
485 0
485 477
485 92
486 397
486 276
486 37
487 156
487 476
487 198
488 273
488 339
488 28
489 105
489 482
489 11
490 140
490 457
490 339
491 298
491 46
491 14
492 0
492 7
492 2
493 93
493 53
493 50
494 38
494 60
494 473
495 180
495 49
495 396
496 74
496 242
496 164
497 114
497 37
497 28
498 12
498 479
498 187
499 182
499 344
499 29
