0 1
0 2
0 3
0 4
1 0
1 2
1 3
1 6
2 0
2 1
2 3
2 4
3 2
3 1
3 0
3 4
4 0
4 3
4 2
4 5
5 0
5 4
5 2
5 8
6 3
6 2
6 1
6 9
7 3
7 1
7 4
7 9
8 5
8 0
8 3
8 22
9 6
9 7
9 2
9 12
10 3
10 6
10 2
10 21
11 1
11 3
11 5
11 14
12 3
12 0
12 9
12 15
13 0
13 2
13 1
13 16
14 3
14 9
14 11
14 16
15 2
15 12
15 4
15 19
16 11
16 14
16 13
16 17
17 16
17 11
17 0
17 21
18 3
18 11
18 6
18 23
19 14
19 15
19 16
19 48
20 1
20 16
20 2
20 21
21 20
21 10
21 17
21 31
22 8
22 17
22 2
22 50
23 18
23 8
23 1
23 42
24 4
24 15
24 1
24 40
25 4
25 8
25 3
25 26
26 25
26 6
26 12
26 46
27 8
27 0
27 16
27 88
28 14
28 1
28 3
28 88
29 3
29 10
29 9
30 2
30 9
30 14
30 49
31 21
31 25
31 6
31 37
32 16
32 25
32 1
32 38
33 4
33 8
33 15
33 97
34 0
34 16
34 4
34 94
35 16
35 13
35 10
35 43
36 8
36 0
36 16
36 60
37 31
37 16
37 7
37 58
38 4
38 9
38 32
38 50
39 1
39 17
39 31
39 63
40 17
40 14
40 24
41 15
41 2
41 13
41 73
42 14
42 31
42 23
43 35
43 7
43 6
43 73
44 2
44 17
44 16
44 47
45 16
45 35
45 9
46 26
46 11
46 3
46 76
47 44
47 13
47 2
48 19
48 17
48 24
48 78
49 17
49 30
49 35
49 59
50 11
50 22
50 38
50 77
51 2
51 0
51 21
51 53
52 0
52 3
52 15
52 77
53 51
53 9
53 30
53 75
54 0
54 3
54 16
55 0
55 25
55 8
55 60
56 21
56 5
56 2
57 7
57 2
57 16
58 1
58 37
58 51
59 6
59 2
59 49
59 98
60 55
60 49
60 36
60 81
61 55
61 13
61 24
61 79
62 6
62 37
62 10
62 74
63 9
63 39
63 0
63 69
64 49
64 22
64 12
64 69
65 2
65 5
65 6
66 11
66 8
66 22
67 5
67 16
67 2
67 95
68 49
68 22
68 55
68 73
69 64
69 9
69 63
69 84
70 19
70 55
70 23
71 17
71 32
71 0
71 80
72 13
72 11
72 16
73 41
73 68
73 43
73 82
74 14
74 62
74 49
75 49
75 20
75 53
76 43
76 46
76 6
76 89
77 52
77 22
77 50
78 10
78 48
78 62
78 87
79 61
79 13
79 18
80 71
80 48
80 46
81 60
81 13
81 25
82 4
82 73
82 21
83 0
83 3
83 25
84 69
84 50
84 49
85 8
85 0
85 22
86 62
86 39
86 48
87 78
87 7
87 9
87 90
88 27
88 16
88 28
89 28
89 76
89 60
89 99
90 87
90 49
90 14
91 13
91 21
91 1
92 39
92 64
92 17
93 31
93 15
93 32
94 44
94 73
94 34
95 67
95 2
95 38
96 49
96 32
96 78
97 6
97 33
97 12
98 59
98 2
98 71
99 4
99 43
99 89
