0 1
1 0
2 1
2 0
3 0
3 2
3 1
4 0
4 1
4 3
5 0
5 3
5 4
6 1
6 0
6 2
7 4
7 0
7 1
8 4
8 1
8 0
9 1
9 0
9 2
10 0
10 7
10 1
11 7
11 8
11 4
12 10
12 4
12 3
13 5
13 4
13 6
14 1
14 13
14 4
15 10
15 0
15 3
16 3
16 1
16 4
17 8
17 0
17 1
18 1
18 0
18 12
19 18
19 1
19 4
20 5
20 15
20 3
21 17
21 13
21 3
22 1
22 8
22 3
23 2
23 3
23 1
24 3
24 13
24 1
25 8
25 10
25 2
26 3
26 10
26 8
27 3
27 23
27 7
28 0
28 25
28 1
29 5
29 0
29 21
30 11
30 0
30 22
31 28
31 0
31 12
32 20
32 24
32 30
33 6
33 8
33 10
34 9
34 16
34 20
35 18
35 1
35 33
36 13
36 27
36 3
37 4
37 3
37 31
38 21
38 13
38 37
39 24
39 9
39 1
40 1
40 31
40 16
41 6
41 5
41 17
42 28
42 1
42 2
43 1
43 8
43 0
44 11
44 2
44 28
45 23
45 0
45 2
46 14
46 1
46 15
47 12
47 1
47 25
48 0
48 18
48 11
49 18
49 8
49 37
50 25
50 35
50 10
51 4
51 9
51 25
52 13
52 45
52 20
53 29
53 24
53 46
54 40
54 35
54 2
55 19
55 28
55 23
56 13
56 26
56 8
57 9
57 39
57 21
58 23
58 0
58 4
59 12
59 18
59 15
60 28
60 27
60 35
61 4
61 24
61 29
62 58
62 3
62 19
63 1
63 49
63 47
64 29
64 3
64 5
65 20
65 3
65 1
66 50
66 40
66 46
67 39
67 8
67 27
68 1
68 23
68 39
69 27
69 60
69 44
70 47
70 58
70 22
71 31
71 4
71 14
72 15
72 7
72 3
73 13
73 6
73 3
74 19
74 8
74 42
75 18
75 20
75 16
76 3
76 58
76 0
77 51
77 3
77 70
78 70
78 28
78 39
79 28
79 8
79 68
80 76
80 37
80 68
81 80
81 3
81 62
82 0
82 64
82 54
83 9
83 25
83 73
84 27
84 0
84 3
85 2
85 4
85 18
86 21
86 37
86 73
87 20
87 0
87 21
88 33
88 87
88 39
89 3
89 74
89 64
90 39
90 1
90 26
91 40
91 20
91 73
92 28
92 8
92 57
93 3
93 89
93 21
94 8
94 31
94 54
95 46
95 37
95 7
96 69
96 3
96 35
97 13
97 38
97 5
98 1
98 21
98 78
99 77
99 40
99 76
100 1
100 3
100 78
101 28
101 49
101 54
102 86
102 2
102 90
103 35
103 47
103 3
104 1
104 3
104 76
105 1
105 4
105 15
106 82
106 96
106 0
107 64
107 40
107 6
108 81
108 1
108 75
109 77
109 23
109 88
110 78
110 2
110 47
111 39
111 0
111 37
112 21
112 81
112 38
113 76
113 0
113 17
114 35
114 47
114 84
115 53
115 51
115 0
116 28
116 1
116 8
117 0
117 8
117 7
118 24
118 11
118 0
119 32
119 39
119 20
120 98
120 0
120 95
121 13
121 88
121 4
122 112
122 114
122 91
123 57
123 3
123 1
124 8
124 47
124 0
125 104
125 44
125 47
126 34
126 98
126 26
127 55
127 78
127 86
128 107
128 39
128 13
129 57
129 114
129 3
130 3
130 22
130 13
131 53
131 4
131 114
132 66
132 78
132 48
133 45
133 61
133 37
134 64
134 14
134 26
135 122
135 0
135 37
136 31
136 5
136 73
137 22
137 49
137 88
138 18
138 55
138 0
139 8
139 1
139 107
140 51
140 30
140 3
141 3
141 9
141 7
142 18
142 130
142 99
143 103
143 31
143 61
144 111
144 27
144 18
145 30
145 17
145 132
146 97
146 39
146 103
147 27
147 106
147 53
148 104
148 13
148 1
149 148
149 17
149 2
150 30
150 14
150 80
151 16
151 123
151 8
152 82
152 1
152 14
153 8
153 138
153 20
154 29
154 64
154 3
155 57
155 42
155 95
156 5
156 42
156 18
157 8
157 37
157 0
158 27
158 57
158 2
159 32
159 1
159 0
160 26
160 14
160 7
161 3
161 60
161 0
162 30
162 47
162 73
163 7
163 135
163 146
164 92
164 73
164 64
165 49
165 4
165 15
166 23
166 12
166 114
167 113
167 38
167 3
168 4
168 111
168 146
169 152
169 154
169 7
170 70
170 28
170 135
171 4
171 0
171 13
172 8
172 170
172 56
173 3
173 141
173 50
174 8
174 24
174 39
175 112
175 13
175 26
176 158
176 73
176 49
177 86
177 40
177 124
178 106
178 111
178 110
179 26
179 148
179 19
180 88
180 80
180 40
181 1
181 144
181 6
182 7
182 1
182 45
183 24
183 50
183 20
184 44
184 174
184 171
185 68
185 1
185 109
186 80
186 3
186 34
187 38
187 97
187 24
188 66
188 28
188 104
189 64
189 95
189 175
190 35
190 30
190 169
191 0
191 33
191 47
192 0
192 153
192 63
193 63
193 164
193 40
194 99
194 31
194 17
195 40
195 187
195 7
196 55
196 15
196 157
197 142
197 67
197 1
198 2
198 144
198 143
199 42
199 40
199 22
200 171
200 1
200 164
201 12
201 142
201 85
202 125
202 64
202 129
203 98
203 40
203 6
204 47
204 2
204 4
205 167
205 78
205 3
206 156
206 179
206 77
207 155
207 183
207 81
208 40
208 16
208 1
209 0
209 47
209 11
210 63
210 1
210 4
211 147
211 20
211 24
212 134
212 6
212 34
213 3
213 39
213 166
214 3
214 13
214 57
215 142
215 194
215 64
216 14
216 156
216 64
217 166
217 149
217 8
218 46
218 30
218 184
219 39
219 111
219 26
220 88
220 172
220 81
221 70
221 0
221 172
222 64
222 182
222 160
223 89
223 6
223 49
224 86
224 52
224 54
225 217
225 192
225 98
226 4
226 60
226 28
227 0
227 60
227 139
228 1
228 136
228 18
229 8
229 31
229 201
230 184
230 219
230 143
231 83
231 5
231 143
232 86
232 0
232 30
233 3
233 102
233 109
234 47
234 1
234 0
235 166
235 41
235 37
236 141
236 6
236 51
237 125
237 203
237 37
238 3
238 224
238 77
239 234
239 163
239 5
240 3
240 154
240 19
241 59
241 100
241 22
242 24
242 36
242 0
243 169
243 35
243 194
244 202
244 180
244 213
245 188
245 42
245 219
246 106
246 6
246 0
247 192
247 145
247 111
248 1
248 30
248 56
249 53
249 35
249 18
250 73
250 4
250 46
251 128
251 5
251 226
252 123
252 9
252 0
253 86
253 15
253 40
254 88
254 151
254 184
255 129
255 194
255 103
256 210
256 23
256 183
257 46
257 56
257 16
258 234
258 90
258 39
259 8
259 30
259 40
260 5
260 227
260 149
261 14
261 46
261 47
262 73
262 15
262 240
263 4
263 170
263 13
264 106
264 50
264 161
265 9
265 81
265 101
266 8
266 174
266 54
267 78
267 66
267 129
268 93
268 67
268 14
269 100
269 103
269 52
270 104
270 73
270 3
271 6
271 57
271 64
272 180
272 109
272 35
273 237
273 41
273 47
274 13
274 28
274 0
275 97
275 0
275 53
276 17
276 136
276 23
277 214
277 50
277 192
278 21
278 272
278 262
279 252
279 28
279 9
280 61
280 18
280 224
281 163
281 16
281 67
282 2
282 59
282 47
283 226
283 281
283 14
284 0
284 86
284 8
285 146
285 28
285 36
286 192
286 272
286 222
287 20
287 156
287 206
288 28
288 175
288 78
289 263
289 3
289 25
290 5
290 38
290 154
291 129
291 1
291 8
292 134
292 291
292 284
293 289
293 51
293 92
294 28
294 39
294 73
295 140
295 58
295 289
296 110
296 204
296 163
297 87
297 86
297 23
298 40
298 90
298 160
299 7
299 1
299 239
300 6
300 86
300 118
301 210
301 37
301 128
302 46
302 238
302 269
303 180
303 172
303 58
304 37
304 277
304 235
305 161
305 262
305 86
306 260
306 8
306 55
307 184
307 56
307 124
308 0
308 16
308 294
309 269
309 56
309 148
310 296
310 249
310 195
311 18
311 1
311 60
312 114
312 32
312 67
313 301
313 20
313 8
314 41
314 208
314 31
315 150
315 125
315 238
316 19
316 285
316 0
317 5
317 3
317 16
318 57
318 301
318 32
319 41
319 76
319 275
320 73
320 57
320 103
321 280
321 295
321 84
322 124
322 210
322 242
323 125
323 20
323 24
324 21
324 93
324 22
325 86
325 73
325 266
326 54
326 236
326 55
327 195
327 272
327 233
328 132
328 299
328 208
329 89
329 144
329 295
330 86
330 76
330 11
331 42
331 310
331 174
332 3
332 20
332 158
333 254
333 171
333 0
334 140
334 302
334 0
335 165
335 1
335 30
336 102
336 18
336 26
337 3
337 57
337 35
338 85
338 316
338 93
339 214
339 320
339 302
340 4
340 289
340 337
341 315
341 145
341 18
342 1
342 58
342 4
343 28
343 162
343 16
344 78
344 65
344 142
345 0
345 93
345 1
346 1
346 65
346 146
347 74
347 278
347 76
348 336
348 226
348 25
349 145
349 233
349 202
350 87
350 28
350 78
351 24
351 34
351 172
352 313
352 66
352 185
353 3
353 78
353 76
354 233
354 310
354 28
355 0
355 137
355 3
356 47
356 39
356 295
357 1
357 243
357 41
358 53
358 344
358 76
359 180
359 251
359 104
360 284
360 107
360 1
361 139
361 264
361 1
362 147
362 318
362 20
363 328
363 294
363 1
364 1
364 53
364 88
365 155
365 182
365 184
366 13
366 275
366 184
367 49
367 78
367 90
368 304
368 44
368 107
369 138
369 261
369 283
370 9
370 184
370 208
371 1
371 86
371 205
372 227
372 73
372 1
373 102
373 263
373 40
374 63
374 1
374 151
375 251
375 150
375 44
376 13
376 51
376 347
377 23
377 295
377 270
378 76
378 227
378 167
379 173
379 249
379 304
380 0
380 29
380 3
381 290
381 3
381 147
382 315
382 167
382 301
383 360
383 95
383 180
384 320
384 245
384 293
385 39
385 233
385 118
386 7
386 1
386 260
387 23
387 107
387 234
388 3
388 67
388 7
389 66
389 369
389 7
390 3
390 221
390 341
391 37
391 67
391 187
392 284
392 143
392 221
393 73
393 56
393 143
394 91
394 151
394 332
395 3
395 44
395 78
396 264
396 201
396 110
397 4
397 45
397 102
398 39
398 18
398 235
399 270
399 164
399 27
400 64
400 26
400 235
401 25
401 327
401 268
402 57
402 214
402 120
403 35
403 59
403 79
404 55
404 41
404 3
405 30
405 391
405 133
406 117
406 21
406 50
407 194
407 214
407 222
408 396
408 373
408 81
409 238
409 333
409 306
410 66
410 272
410 224
411 103
411 372
411 34
412 24
412 310
412 263
413 1
413 103
413 24
414 0
414 125
414 250
415 163
415 329
415 1
416 10
416 30
416 0
417 256
417 56
417 242
418 24
418 147
418 144
419 76
419 98
419 163
420 147
420 101
420 375
421 391
421 337
421 37
422 142
422 44
422 37
423 257
423 4
423 329
424 136
424 238
424 47
425 111
425 121
425 11
426 41
426 114
426 281
427 382
427 64
427 238
428 85
428 326
428 217
429 135
429 8
429 31
430 25
430 242
430 4
431 97
431 253
431 21
432 145
432 120
432 123
433 8
433 103
433 184
434 72
434 126
434 68
435 335
435 163
435 199
436 112
436 319
436 5
437 397
437 99
437 21
438 37
438 85
438 20
439 0
439 39
439 73
440 76
440 18
440 400
441 0
441 53
441 306
442 111
442 145
442 307
443 400
443 39
443 15
444 373
444 40
444 53
445 169
445 36
445 291
446 90
446 279
446 148
447 93
447 280
447 204
448 258
448 148
448 297
449 275
449 101
449 143
450 198
450 3
450 386
451 313
451 444
451 39
452 4
452 90
452 416
453 28
453 30
453 329
454 260
454 330
454 113
455 309
455 238
455 86
456 306
456 182
456 136
457 384
457 141
457 39
458 63
458 102
458 10
459 6
459 39
459 206
460 100
460 428
460 39
461 448
461 110
461 154
462 20
462 25
462 73
463 88
463 103
463 23
464 81
464 89
464 39
465 169
465 103
465 53
466 110
466 37
466 73
467 3
467 64
467 221
468 398
468 8
468 293
469 280
469 454
469 320
470 451
470 285
470 251
471 18
471 368
471 114
472 469
472 351
472 0
473 3
473 467
473 332
474 14
474 77
474 20
475 417
475 3
475 461
476 28
476 0
476 355
477 144
477 51
477 165
478 4
478 138
478 29
479 332
479 468
479 73
480 1
480 20
480 51
481 84
481 56
481 170
482 37
482 184
482 87
483 27
483 345
483 451
484 454
484 31
484 1
485 9
485 149
485 4
486 6
486 39
486 80
487 311
487 143
487 277
488 199
488 139
488 77
489 40
489 234
489 5
490 460
490 78
490 213
491 88
491 40
491 2
492 437
492 4
492 147
493 421
493 263
493 0
494 64
494 407
494 293
495 38
495 172
495 453
496 340
496 3
496 344
497 301
497 77
497 1
498 299
498 12
498 261
499 42
499 3
499 26
500 96
500 66
500 139
501 50
501 310
501 388
502 104
502 133
502 238
503 388
503 26
503 63
504 73
504 4
504 37
505 383
505 28
505 159
506 23
506 181
506 361
507 40
507 38
507 103
508 6
508 373
508 231
509 31
509 424
509 226
510 275
510 87
510 152
511 150
511 1
511 157
512 442
512 219
512 0
513 13
513 75
513 407
514 172
514 200
514 35
515 47
515 46
515 137
516 133
516 32
516 150
517 238
517 4
517 7
518 143
518 6
518 462
519 56
519 446
519 54
520 303
520 31
520 1
521 86
521 394
521 19
522 438
522 293
522 172
523 34
523 369
523 38
524 326
524 88
524 280
525 143
525 462
525 409
526 285
526 60
526 170
527 136
527 409
527 448
528 325
528 13
528 375
529 105
529 99
529 124
530 77
530 76
530 349
531 147
531 175
531 118
532 410
532 12
532 58
533 161
533 279
533 39
534 10
534 202
534 26
535 110
535 24
535 435
536 203
536 172
536 535
537 240
537 115
537 486
538 475
538 54
538 0
539 180
539 61
539 21
540 368
540 77
540 222
541 391
541 6
541 163
542 293
542 323
542 18
543 158
543 208
543 542
544 32
544 118
544 383
545 462
545 248
545 0
546 3
546 103
546 190
547 0
547 328
547 350
548 47
548 9
548 235
549 59
549 169
549 165
550 96
550 365
550 169
551 46
551 148
551 79
552 45
552 0
552 459
553 18
553 109
553 171
554 460
554 143
554 444
555 4
555 192
555 34
556 509
556 151
556 434
557 250
557 418
557 351
558 96
558 1
558 103
559 0
559 273
559 21
560 460
560 0
560 198
561 3
561 82
561 283
562 110
562 0
562 20
563 210
563 2
563 153
564 276
564 527
564 4
565 449
565 386
565 10
566 105
566 3
566 29
567 169
567 553
567 344
568 86
568 333
568 344
569 93
569 52
569 210
570 295
570 395
570 133
571 358
571 10
571 70
572 453
572 149
572 46
573 76
573 44
573 205
574 560
574 360
574 486
575 234
575 224
575 266
576 266
576 47
576 322
577 421
577 184
577 27
578 11
578 40
578 23
579 360
579 8
579 272
580 3
580 369
580 33
581 133
581 82
581 314
582 323
582 210
582 9
583 77
583 49
583 128
584 57
584 344
584 337
585 170
585 216
585 125
586 268
586 39
586 453
587 8
587 25
587 568
588 9
588 47
588 23
589 1
589 370
589 505
590 240
590 390
590 39
591 491
591 50
591 45
592 18
592 3
592 1
593 333
593 103
593 201
594 551
594 402
594 120
595 393
595 145
595 28
596 122
596 481
596 524
597 586
597 272
597 14
598 362
598 430
598 1
599 535
599 555
599 34
600 366
600 11
600 1
601 8
601 163
601 478
602 366
602 73
602 51
603 208
603 500
603 103
604 221
604 594
604 201
605 114
605 81
605 19
606 312
606 104
606 102
607 39
607 148
607 8
608 549
608 23
608 6
609 61
609 516
609 1
610 16
610 49
610 403
611 229
611 145
611 29
612 288
612 608
612 79
613 352
613 138
613 462
614 6
614 256
614 99
615 112
615 311
615 284
616 35
616 223
616 407
617 425
617 355
617 272
618 146
618 39
618 105
619 1
619 16
619 5
620 0
620 341
620 7
621 308
621 63
621 390
622 238
622 170
622 175
623 2
623 299
623 275
624 16
624 600
624 9
625 158
625 66
625 611
626 16
626 3
626 227
627 65
627 96
627 27
628 154
628 554
628 438
629 182
629 358
629 536
630 474
630 22
630 546
631 366
631 149
631 255
632 1
632 360
632 147
633 393
633 184
633 8
634 349
634 220
634 206
635 134
635 453
635 22
636 505
636 157
636 15
637 609
637 611
637 288
638 139
638 560
638 8
639 459
639 616
639 633
640 105
640 20
640 0
641 427
641 489
641 83
642 67
642 329
642 107
643 35
643 103
643 180
644 266
644 177
644 14
645 37
645 489
645 1
646 439
646 391
646 265
647 483
647 221
647 60
648 31
648 14
648 598
649 418
649 429
649 299
650 17
650 40
650 502
651 11
651 7
651 326
652 551
652 275
652 332
653 594
653 562
653 427
654 633
654 191
654 93
655 465
655 210
655 461
656 28
656 7
656 314
657 84
657 18
657 291
658 0
658 132
658 248
659 27
659 14
659 393
660 606
660 0
660 255
661 73
661 191
661 58
662 626
662 94
662 118
663 439
663 536
663 14
664 20
664 203
664 419
665 641
665 619
665 60
666 122
666 359
666 438
667 1
667 211
667 307
668 88
668 206
668 97
669 419
669 340
669 60
670 377
670 350
670 560
671 584
671 39
671 599
672 555
672 171
672 64
673 7
673 45
673 54
674 156
674 670
674 6
675 487
675 448
675 252
676 4
676 99
676 138
677 53
677 602
677 446
678 594
678 149
678 87
679 457
679 195
679 462
680 272
680 334
680 240
681 196
681 66
681 9
682 497
682 264
682 115
683 147
683 90
683 12
684 57
684 142
684 269
685 133
685 1
685 6
686 96
686 18
686 443
687 202
687 233
687 234
688 529
688 173
688 328
689 575
689 75
689 192
690 116
690 508
690 107
691 223
691 86
691 31
692 386
692 331
692 23
693 238
693 78
693 333
694 54
694 592
694 29
695 255
695 277
695 18
696 234
696 607
696 690
697 600
697 668
697 215
698 351
698 6
698 144
699 84
699 163
699 460
700 46
700 235
700 527
701 11
701 0
701 28
702 18
702 238
702 326
703 700
703 624
703 88
704 544
704 103
704 6
705 60
705 11
705 28
706 186
706 4
706 16
707 241
707 47
707 151
708 3
708 240
708 108
709 96
709 372
709 11
710 147
710 659
710 649
711 104
711 4
711 107
712 425
712 543
712 186
713 38
713 673
713 479
714 707
714 272
714 147
715 592
715 3
715 28
716 471
716 0
716 391
717 18
717 45
717 10
718 20
718 455
718 24
719 89
719 349
719 45
720 564
720 103
720 37
721 2
721 23
721 388
722 459
722 9
722 100
723 439
723 644
723 271
724 481
724 215
724 306
725 174
725 335
725 5
726 3
726 28
726 13
727 59
727 73
727 160
728 62
728 41
728 247
729 220
729 46
729 146
730 34
730 177
730 435
731 2
731 22
731 147
732 78
732 358
732 619
733 377
733 107
733 433
734 528
734 37
734 690
735 18
735 492
735 149
736 0
736 468
736 666
737 73
737 539
737 585
738 464
738 624
738 10
739 138
739 191
739 181
740 3
740 46
740 593
741 27
741 548
741 59
742 296
742 45
742 222
743 2
743 149
743 3
744 454
744 63
744 112
745 223
745 182
745 270
746 264
746 478
746 6
747 47
747 323
747 462
748 219
748 39
748 701
749 62
749 593
749 63
750 39
750 295
750 65
751 3
751 250
751 262
752 586
752 600
752 27
753 50
753 39
753 150
754 124
754 272
754 628
755 80
755 334
755 1
756 444
756 2
756 30
757 628
757 226
757 55
758 363
758 25
758 145
759 544
759 23
759 444
760 103
760 150
760 275
761 37
761 319
761 14
762 172
762 9
762 78
763 37
763 77
763 64
764 99
764 91
764 475
765 394
765 3
765 33
766 39
766 221
766 2
767 314
767 25
767 109
768 13
768 88
768 1
769 5
769 355
769 72
770 667
770 281
770 240
771 143
771 136
771 418
772 382
772 91
772 194
773 118
773 35
773 1
774 253
774 743
774 107
775 550
775 386
775 3
776 188
776 503
776 473
777 772
777 59
777 530
778 333
778 599
778 182
779 181
779 643
779 136
780 179
780 461
780 67
781 644
781 317
781 328
782 46
782 29
782 291
783 194
783 47
783 369
784 110
784 23
784 104
785 576
785 298
785 52
786 233
786 477
786 28
787 169
787 136
787 415
788 3
788 405
788 28
789 403
789 734
789 81
790 22
790 39
790 713
791 222
791 8
791 1
792 288
792 624
792 221
793 682
793 36
793 326
794 650
794 47
794 548
795 97
795 39
795 60
796 33
796 2
796 713
797 333
797 154
797 8
798 4
798 37
798 374
799 128
799 627
799 103
800 155
800 721
800 644
801 659
801 488
801 125
802 315
802 221
802 320
803 86
803 329
803 35
804 34
804 550
804 28
805 628
805 188
805 8
806 106
806 194
806 604
807 8
807 329
807 30
808 107
808 4
808 321
809 486
809 13
809 668
810 1
810 44
810 18
811 779
811 43
811 23
812 652
812 97
812 17
813 748
813 149
813 521
814 252
814 28
814 22
815 306
815 55
815 89
816 97
816 50
816 370
817 88
817 235
817 14
818 20
818 40
818 2
819 809
819 693
819 151
820 147
820 6
820 270
821 35
821 260
821 73
822 329
822 24
822 484
823 391
823 644
823 95
824 55
824 420
824 580
825 0
825 113
825 28
826 28
826 589
826 263
827 166
827 53
827 591
828 140
828 637
828 123
829 222
829 103
829 301
830 37
830 162
830 98
831 652
831 37
831 0
832 243
832 563
832 710
833 396
833 14
833 37
834 527
834 282
834 201
835 136
835 827
835 464
836 478
836 230
836 134
837 315
837 20
837 126
838 2
838 594
838 81
839 64
839 98
839 197
840 5
840 553
840 804
841 840
841 402
841 335
842 791
842 170
842 344
843 629
843 63
843 81
844 512
844 0
844 204
845 340
845 339
845 26
846 49
846 326
846 665
847 56
847 30
847 144
848 341
848 479
848 36
849 4
849 536
849 27
850 88
850 47
850 165
851 811
851 473
851 484
852 206
852 548
852 319
853 4
853 484
853 592
854 57
854 336
854 316
855 266
855 591
855 2
856 175
856 180
856 527
857 8
857 266
857 169
858 0
858 345
858 346
859 570
859 8
859 20
860 576
860 600
860 123
861 47
861 833
861 238
862 67
862 328
862 757
863 710
863 236
863 453
864 396
864 81
864 229
865 16
865 384
865 90
866 491
866 250
866 266
867 273
867 37
867 429
868 3
868 239
868 660
869 222
869 814
869 324
870 293
870 53
870 553
871 738
871 285
871 104
872 145
872 512
872 526
873 418
873 234
873 35
874 161
874 42
874 753
875 796
875 874
875 205
876 1
876 3
876 140
877 744
877 315
877 113
878 73
878 1
878 595
879 497
879 188
879 67
880 28
880 508
880 408
881 755
881 50
881 189
882 47
882 61
882 506
883 150
883 423
883 459
884 73
884 490
884 327
885 419
885 270
885 648
886 359
886 1
886 617
887 323
887 462
887 821
888 146
888 54
888 349
889 260
889 788
889 487
890 64
890 45
890 56
891 177
891 51
891 497
892 634
892 752
892 93
893 139
893 795
893 326
894 214
894 405
894 202
895 18
895 714
895 409
896 317
896 148
896 1
897 337
897 11
897 7
898 113
898 423
898 104
899 424
899 225
899 111
900 141
900 616
900 46
901 665
901 688
901 191
902 140
902 864
902 436
903 526
903 19
903 274
904 884
904 150
904 175
905 156
905 647
905 608
906 192
906 750
906 36
907 47
907 373
907 165
908 315
908 111
908 268
909 23
909 40
909 837
910 802
910 309
910 372
911 64
911 25
911 3
912 229
912 10
912 214
913 600
913 359
913 104
914 66
914 188
914 218
915 277
915 144
915 20
916 411
916 572
916 817
917 320
917 46
917 910
918 51
918 442
918 37
919 202
919 166
919 887
920 22
920 73
920 148
921 832
921 149
921 553
922 247
922 248
922 90
923 765
923 503
923 37
924 722
924 14
924 55
925 744
925 145
925 186
926 6
926 218
926 3
927 118
927 115
927 151
928 652
928 296
928 565
929 3
929 310
929 148
930 544
930 47
930 103
931 95
931 234
931 652
932 26
932 208
932 533
933 20
933 85
933 396
934 179
934 173
934 556
935 68
935 577
935 899
936 255
936 243
936 29
937 118
937 802
937 7
938 356
938 6
938 931
939 150
939 303
939 37
940 18
940 600
940 166
941 593
941 179
941 260
942 201
942 907
942 840
943 163
943 303
943 275
944 93
944 97
944 433
945 592
945 35
945 137
946 91
946 201
946 317
947 73
947 466
947 448
948 100
948 22
948 816
949 638
949 18
949 184
950 860
950 81
950 55
951 53
951 152
951 582
952 4
952 128
952 405
953 814
953 224
953 286
954 905
954 1
954 13
955 238
955 7
955 762
956 30
956 46
956 731
957 345
957 116
957 437
958 447
958 13
958 628
959 541
959 822
959 324
960 356
960 698
960 30
961 49
961 682
961 551
962 174
962 333
962 98
963 157
963 26
963 148
964 59
964 389
964 99
965 834
965 833
965 28
966 508
966 89
966 10
967 859
967 73
967 909
968 788
968 248
968 315
969 248
969 503
969 410
970 71
970 268
970 314
971 54
971 214
971 35
972 0
972 686
972 971
973 260
973 594
973 14
974 0
974 1
974 917
975 120
975 278
975 50
976 39
976 118
976 187
977 197
977 586
977 149
978 302
978 236
978 634
979 201
979 3
979 30
980 200
980 918
980 376
981 126
981 315
981 930
982 829
982 326
982 244
983 826
983 675
983 876
984 53
984 223
984 872
985 1
985 403
985 756
986 14
986 516
986 12
987 192
987 88
987 12
988 982
988 262
988 756
989 0
989 663
989 223
990 705
990 39
990 150
991 830
991 88
991 930
992 139
992 674
992 444
993 3
993 87
993 963
994 453
994 496
994 930
995 226
995 868
995 838
996 340
996 306
996 22
997 530
997 212
997 49
998 981
998 54
998 293
999 283
999 592
999 198
