0 1
0 2
0 3
0 4
0 6
0 7
0 8
0 12
0 14
0 17
0 18
0 28
0 32
0 35
0 40
0 45
1 0
1 2
1 3
1 4
1 6
1 10
1 11
1 35
2 1
2 0
2 3
2 5
2 6
2 27
2 28
2 48
3 1
3 2
3 0
3 4
3 5
3 9
3 12
3 22
3 25
3 37
4 0
4 1
4 3
4 5
4 7
4 8
4 9
4 10
4 11
4 19
4 20
4 37
4 40
5 3
5 2
5 4
5 8
5 9
5 10
5 19
5 20
5 23
5 24
5 29
5 30
5 33
5 38
5 41
5 45
5 48
6 0
6 2
6 1
6 7
6 12
6 14
6 22
6 36
6 47
7 0
7 4
7 6
7 11
7 15
7 24
7 27
7 33
8 4
8 0
8 5
8 13
8 17
8 21
8 29
8 32
8 37
8 44
9 3
9 4
9 5
9 15
9 16
9 17
9 23
9 26
9 27
9 31
9 34
9 35
10 1
10 5
10 4
10 13
10 16
10 26
10 31
11 4
11 1
11 7
11 13
11 22
12 3
12 6
12 0
12 38
13 11
13 10
13 8
13 14
13 18
13 20
13 42
13 46
14 0
14 6
14 13
14 15
14 16
14 21
14 23
14 24
14 32
14 36
14 39
14 41
14 49
15 14
15 7
15 9
15 18
15 25
16 14
16 9
16 10
16 43
17 8
17 0
17 9
17 19
17 30
17 46
18 0
18 15
18 13
18 26
18 31
18 41
19 5
19 17
19 4
19 25
20 13
20 4
20 5
20 21
20 28
20 30
21 20
21 8
21 14
22 6
22 3
22 11
22 46
23 14
23 9
23 5
23 40
23 42
24 7
24 5
24 14
24 34
24 38
24 44
25 15
25 19
25 3
26 9
26 10
26 18
26 33
26 42
27 2
27 7
27 9
27 29
27 36
27 39
27 47
28 0
28 2
28 20
29 27
29 8
29 5
30 17
30 5
30 20
30 34
30 43
30 49
31 10
31 18
31 9
32 8
32 0
32 14
32 43
33 7
33 26
33 5
34 30
34 9
34 24
34 39
35 1
35 0
35 9
36 27
36 14
36 6
36 45
37 4
37 8
37 3
37 47
38 5
38 12
38 24
39 34
39 27
39 14
40 0
40 23
40 4
41 14
41 5
41 18
41 44
42 26
42 23
42 13
43 32
43 16
43 30
44 41
44 24
44 8
45 5
45 36
45 0
45 49
46 22
46 17
46 13
47 37
47 27
47 6
47 48
48 47
48 5
48 2
49 30
49 45
49 14
