0 1
1 0
2 1
2 0
3 0
3 2
3 1
4 0
4 1
4 3
5 1
5 3
5 0
6 3
6 1
6 2
7 0
7 1
7 2
8 6
8 2
8 3
9 5
9 3
9 0
10 9
10 6
10 5
11 6
11 3
11 5
12 4
12 6
12 3
13 2
13 6
13 1
14 0
14 6
14 11
15 3
15 12
15 1
16 3
16 14
16 2
17 0
17 11
17 9
18 2
18 7
18 1
19 15
19 3
19 8
20 8
20 9
20 0
21 6
21 0
21 16
22 0
22 2
22 6
23 5
23 0
23 1
24 14
24 22
24 8
25 7
25 19
25 8
26 3
26 2
26 0
27 0
27 2
27 5
28 16
28 2
28 14
29 10
29 0
29 12
30 5
30 2
30 8
31 14
31 4
31 6
32 21
32 2
32 3
33 7
33 32
33 3
34 12
34 32
34 4
35 3
35 0
35 34
36 3
36 23
36 32
37 16
37 7
37 8
38 19
38 4
38 0
39 17
39 8
39 31
40 2
40 19
40 3
41 3
41 16
41 22
42 36
42 35
42 5
43 0
43 17
43 23
44 7
44 5
44 1
45 8
45 17
45 1
46 27
46 41
46 14
47 1
47 0
47 20
48 9
48 7
48 2
49 44
49 0
49 34
50 35
50 7
50 15
51 44
51 41
51 21
52 0
52 1
52 12
53 49
53 32
53 16
54 14
54 25
54 0
55 7
55 30
55 44
56 3
56 14
56 7
57 23
57 5
57 16
58 15
58 30
58 7
59 15
59 26
59 5
60 1
60 32
60 34
61 41
61 52
61 19
62 0
62 1
62 43
63 16
63 7
63 28
64 15
64 3
64 28
65 35
65 45
65 56
66 0
66 32
66 54
67 38
67 14
67 3
68 7
68 13
68 0
69 1
69 22
69 24
70 7
70 13
70 27
71 14
71 16
71 1
72 49
72 40
72 5
73 11
73 31
73 42
74 0
74 16
74 15
75 16
75 40
75 53
76 65
76 15
76 0
77 68
77 71
77 7
78 49
78 63
78 7
79 5
79 32
79 40
80 14
80 19
80 77
81 41
81 43
81 33
82 3
82 43
82 68
83 36
83 1
83 0
84 49
84 0
84 11
85 69
85 2
85 11
86 15
86 7
86 23
87 49
87 0
87 23
88 63
88 42
88 65
89 36
89 21
89 32
90 15
90 22
90 7
91 49
91 17
91 36
92 35
92 25
92 56
93 43
93 10
93 6
94 72
94 7
94 32
95 50
95 87
95 9
96 0
96 63
96 90
97 63
97 12
97 35
98 45
98 6
98 67
99 0
99 7
99 81
