0 1
0 2
0 3
0 5
0 10
0 18
0 23
0 24
0 30
1 0
1 2
1 3
1 4
1 7
1 8
1 10
1 13
1 15
1 16
1 17
2 1
2 0
2 3
2 4
2 5
2 6
2 11
2 14
2 20
2 21
2 26
3 1
3 0
3 2
3 4
3 5
3 6
3 7
3 8
3 9
3 11
3 29
4 1
4 2
4 3
4 6
4 8
4 10
4 13
4 16
4 19
4 24
5 0
5 2
5 3
5 9
5 14
5 16
5 17
5 19
5 21
5 25
5 31
6 3
6 2
6 4
6 7
6 13
6 18
6 21
6 22
6 26
6 27
6 34
7 6
7 1
7 3
7 18
7 20
7 37
7 38
8 3
8 1
8 4
8 9
8 12
8 19
8 20
8 25
8 27
8 34
9 5
9 8
9 3
9 15
9 17
9 24
9 30
9 32
10 4
10 1
10 0
10 11
10 12
10 44
11 10
11 3
11 2
11 12
11 31
11 42
11 47
12 10
12 8
12 11
12 14
12 15
12 23
12 32
12 36
12 38
12 43
13 4
13 6
13 1
13 22
13 26
13 28
14 5
14 2
14 12
14 48
15 12
15 1
15 9
15 45
16 1
16 5
16 4
16 28
16 36
16 46
17 1
17 5
17 9
17 22
17 47
18 6
18 7
18 0
18 23
18 25
18 29
19 5
19 8
19 4
20 8
20 7
20 2
21 5
21 6
21 2
22 6
22 13
22 17
22 27
23 18
23 12
23 0
23 29
23 44
24 4
24 9
24 0
24 48
25 18
25 8
25 5
26 13
26 6
26 2
27 22
27 8
27 6
27 33
27 45
28 16
28 2
28 13
28 34
28 35
28 43
29 3
29 23
29 18
29 31
29 33
29 39
30 3
30 0
30 9
31 5
31 29
31 11
31 36
31 37
31 44
31 49
32 2
32 9
32 12
33 29
33 27
33 1
33 38
33 42
34 28
34 8
34 6
34 37
34 39
34 41
34 42
35 2
35 6
35 28
36 12
36 16
36 31
37 31
37 34
37 7
37 39
37 43
38 12
38 33
38 7
38 41
38 49
39 34
39 37
39 29
40 2
40 3
40 5
41 38
41 2
41 34
42 33
42 34
42 11
43 28
43 12
43 37
44 31
44 10
44 23
44 48
45 6
45 15
45 27
45 47
46 16
46 5
46 3
47 11
47 17
47 45
47 49
48 44
48 14
48 24
49 38
49 31
49 47
