0 1
1 0
2 1
2 0
3 2
3 1
3 0
4 0
4 3
4 1
5 4
5 0
5 3
6 0
6 1
6 5
7 0
7 3
7 2
8 1
8 5
8 7
9 5
9 0
9 6
10 3
10 0
10 1
11 7
11 0
11 1
12 3
12 2
12 4
13 3
13 0
13 7
14 9
14 6
14 3
15 0
15 2
15 9
16 0
16 3
16 15
17 9
17 3
17 15
18 7
18 13
18 0
19 5
19 0
19 16
20 12
20 13
20 18
21 4
21 15
21 20
22 0
22 1
22 13
23 3
23 1
23 2
24 5
24 3
24 1
25 15
25 3
25 5
26 7
26 18
26 0
27 3
27 25
27 0
28 13
28 16
28 7
29 6
29 22
29 3
30 6
30 22
30 1
31 12
31 30
31 13
32 30
32 1
32 22
33 17
33 2
33 12
34 5
34 18
34 30
35 25
35 1
35 0
36 19
36 0
36 13
37 23
37 2
37 24
38 2
38 31
38 28
39 1
39 27
39 24
40 32
40 16
40 7
41 6
41 28
41 23
42 22
42 2
42 40
43 1
43 0
43 8
44 32
44 13
44 41
45 22
45 0
45 41
46 25
46 11
46 9
47 1
47 0
47 15
48 5
48 16
48 2
49 2
49 37
49 32
50 13
50 42
50 41
51 4
51 32
51 42
52 6
52 3
52 25
53 14
53 26
53 13
54 27
54 23
54 5
55 44
55 7
55 27
56 32
56 14
56 2
57 39
57 0
57 3
58 46
58 18
58 13
59 3
59 40
59 1
60 3
60 0
60 39
61 5
61 12
61 27
62 25
62 0
62 50
63 6
63 18
63 25
64 34
64 25
64 43
65 9
65 28
65 32
66 63
66 9
66 57
67 6
67 0
67 18
68 39
68 9
68 3
69 24
69 54
69 32
70 37
70 20
70 41
71 15
71 21
71 70
72 18
72 29
72 55
73 24
73 41
73 2
74 17
74 20
74 11
75 13
75 4
75 3
76 2
76 57
76 14
77 1
77 22
77 6
78 43
78 3
78 39
79 42
79 45
79 63
80 65
80 13
80 45
81 27
81 9
81 0
82 7
82 13
82 22
83 11
83 81
83 3
84 56
84 13
84 43
85 57
85 0
85 51
86 0
86 27
86 22
87 55
87 42
87 20
88 73
88 50
88 46
89 57
89 79
89 2
90 18
90 19
90 15
91 57
91 35
91 6
92 63
92 17
92 20
93 50
93 22
93 63
94 32
94 59
94 69
95 35
95 76
95 94
96 18
96 60
96 6
97 0
97 49
97 78
98 32
98 14
98 91
99 50
99 10
99 47
