0 1
0 2
0 3
0 5
0 9
0 15
0 26
0 30
0 32
1 0
1 2
1 3
1 4
1 5
1 6
1 7
1 13
1 17
1 24
1 25
1 28
1 29
1 30
1 32
1 35
1 36
1 44
1 47
2 0
2 1
2 3
2 4
2 6
2 7
2 8
2 9
2 10
2 11
2 31
2 49
3 0
3 2
3 1
3 4
3 5
3 11
3 12
3 14
3 15
3 16
3 18
3 19
3 22
4 1
4 2
4 3
4 6
4 7
4 10
4 14
4 20
4 22
4 27
4 34
4 37
4 39
4 41
4 48
5 0
5 1
5 3
5 9
5 10
5 11
5 12
5 18
5 20
5 23
6 2
6 1
6 4
6 8
6 12
6 13
6 15
6 31
6 44
7 1
7 2
7 4
7 8
7 13
7 16
7 17
7 19
7 27
7 33
7 38
8 2
8 7
8 6
8 23
9 0
9 2
9 5
9 16
9 22
10 5
10 2
10 4
10 36
10 38
11 5
11 3
11 2
11 26
11 27
11 28
11 42
11 47
12 3
12 6
12 5
12 21
12 25
12 26
12 39
12 45
12 47
13 6
13 7
13 1
13 14
14 3
14 4
14 13
14 23
14 43
15 0
15 3
15 6
15 21
15 25
15 29
16 9
16 7
16 3
16 17
16 18
16 24
16 45
17 16
17 1
17 7
17 20
17 21
17 38
18 5
18 16
18 3
18 19
19 3
19 7
19 18
20 4
20 17
20 5
20 33
20 42
21 17
21 15
21 12
21 37
22 9
22 4
22 3
22 24
22 28
22 36
22 40
23 5
23 8
23 14
23 35
23 37
24 16
24 22
24 1
24 32
24 34
24 40
24 44
25 15
25 1
25 12
26 11
26 12
26 0
26 29
26 49
27 4
27 11
27 7
27 30
27 31
27 43
28 1
28 11
28 22
28 34
28 42
29 1
29 26
29 15
29 35
29 40
29 48
30 1
30 27
30 0
30 45
31 6
31 27
31 2
31 39
32 0
32 24
32 1
32 33
33 32
33 7
33 20
34 28
34 4
34 24
35 23
35 1
35 29
36 10
36 22
36 1
37 21
37 23
37 4
37 41
38 7
38 10
38 17
38 46
39 12
39 4
39 31
39 41
39 46
39 48
40 24
40 22
40 29
41 39
41 4
41 37
41 46
42 20
42 11
42 28
42 43
43 42
43 14
43 27
43 49
44 6
44 1
44 24
45 30
45 16
45 12
46 38
46 39
46 41
47 12
47 1
47 11
48 4
48 39
48 29
49 43
49 2
49 26
