0 1
1 0
2 0
2 1
3 0
3 1
3 2
4 0
4 1
4 3
5 3
5 1
5 2
6 2
6 4
6 1
7 4
7 6
7 3
8 3
8 1
8 0
9 4
9 5
9 0
10 3
10 1
10 0
11 4
11 1
11 5
12 2
12 10
12 5
13 3
13 5
13 1
14 8
14 4
14 1
15 4
15 14
15 7
16 1
16 0
16 7
17 3
17 1
17 0
18 17
18 3
18 1
19 17
19 6
19 7
20 10
20 0
20 9
21 2
21 1
21 9
22 17
22 1
22 15
23 0
23 16
23 1
24 0
24 4
24 10
25 1
25 23
25 19
26 3
26 1
26 5
27 1
27 5
27 3
28 1
28 26
28 23
29 3
29 0
29 1
30 23
30 21
30 13
31 2
31 13
31 16
32 3
32 27
32 8
33 9
33 1
33 6
34 11
34 5
34 0
35 24
35 29
35 23
36 19
36 22
36 8
37 1
37 4
37 33
38 3
38 1
38 13
39 3
39 6
39 4
40 8
40 0
40 26
41 16
41 17
41 24
42 1
42 21
42 27
43 4
43 15
43 1
44 10
44 6
44 1
45 25
45 15
45 32
46 15
46 1
46 3
47 13
47 36
47 4
48 4
48 5
48 1
49 36
49 37
49 20
50 5
50 39
50 1
51 4
51 1
51 13
52 6
52 27
52 23
53 37
53 1
53 44
54 14
54 1
54 19
55 27
55 4
55 24
56 42
56 1
56 18
57 3
57 48
57 1
58 36
58 0
58 6
59 22
59 3
59 29
60 23
60 19
60 12
61 36
61 13
61 30
62 23
62 3
62 45
63 8
63 1
63 27
64 12
64 44
64 29
65 2
65 4
65 21
66 9
66 8
66 37
67 14
67 17
67 34
68 42
68 21
68 30
69 15
69 1
69 29
70 26
70 27
70 1
71 25
71 62
71 39
72 33
72 67
72 6
73 1
73 18
73 22
74 52
74 23
74 50
75 39
75 17
75 5
76 1
76 68
76 72
77 30
77 66
77 8
78 30
78 22
78 21
79 3
79 17
79 71
80 18
80 4
80 56
81 4
81 73
81 26
82 6
82 69
82 3
83 0
83 33
83 62
84 42
84 79
84 4
85 27
85 28
85 1
86 51
86 6
86 5
87 55
87 15
87 36
88 23
88 3
88 58
89 63
89 55
89 86
90 70
90 15
90 17
91 72
91 2
91 15
92 33
92 0
92 72
93 9
93 23
93 56
94 24
94 78
94 56
95 0
95 39
95 54
96 26
96 0
96 29
97 1
97 13
97 10
98 25
98 14
98 1
99 27
99 6
99 21
100 4
100 0
100 1
101 54
101 71
101 32
102 4
102 11
102 66
103 0
103 1
103 82
104 47
104 84
104 97
105 92
105 23
105 36
106 51
106 38
106 92
107 1
107 4
107 22
108 1
108 0
108 18
109 39
109 0
109 63
110 39
110 54
110 17
111 17
111 85
111 1
112 29
112 78
112 46
113 19
113 39
113 100
114 26
114 23
114 15
115 38
115 5
115 67
116 53
116 44
116 78
117 25
117 87
117 1
118 9
118 23
118 17
119 3
119 19
119 10
120 17
120 39
120 10
121 12
121 94
121 110
122 99
122 34
122 3
123 91
123 2
123 39
124 63
124 26
124 1
125 18
125 0
125 6
126 25
126 49
126 28
127 125
127 14
127 42
128 3
128 89
128 15
129 66
129 7
129 25
130 100
130 72
130 15
131 48
131 116
131 73
132 95
132 37
132 83
133 6
133 55
133 1
134 56
134 63
134 26
135 4
135 75
135 28
136 22
136 33
136 112
137 15
137 42
137 14
138 92
138 15
138 23
139 118
139 75
139 21
140 16
140 34
140 126
141 39
141 108
141 17
142 24
142 61
142 17
143 43
143 89
143 115
144 63
144 26
144 1
145 125
145 0
145 5
146 4
146 128
146 72
147 26
147 79
147 6
148 5
148 6
148 36
149 129
149 29
149 87
150 51
150 9
150 26
151 36
151 45
151 17
152 15
152 53
152 12
153 1
153 4
153 29
154 103
154 50
154 36
155 114
155 8
155 34
156 12
156 155
156 66
157 30
157 6
157 29
158 34
158 1
158 19
159 1
159 73
159 84
160 10
160 41
160 134
161 57
161 105
161 128
162 32
162 1
162 72
163 90
163 5
163 97
164 46
164 36
164 78
165 23
165 97
165 26
166 26
166 8
166 40
167 36
167 1
167 17
168 136
168 151
168 130
169 95
169 4
169 0
170 4
170 42
170 147
171 39
171 85
171 51
172 68
172 23
172 26
173 1
173 149
173 158
174 44
174 19
174 36
175 73
175 130
175 5
176 1
176 132
176 17
177 125
177 139
177 2
178 53
178 23
178 10
179 1
179 5
179 13
180 178
180 157
180 121
181 1
181 168
181 44
182 55
182 78
182 22
183 30
183 126
183 2
184 150
184 27
184 147
185 4
185 141
185 85
186 30
186 1
186 94
187 97
187 170
187 164
188 7
188 89
188 29
189 44
189 22
189 14
190 86
190 0
190 17
191 6
191 138
191 13
192 62
192 80
192 1
193 72
193 137
193 5
194 93
194 184
194 51
195 51
195 23
195 4
196 29
196 98
196 157
197 36
197 32
197 3
198 13
198 100
198 108
199 26
199 80
199 9
200 187
200 167
200 4
201 130
201 100
201 23
202 22
202 25
202 4
203 90
203 74
203 184
204 10
204 61
204 57
205 66
205 38
205 80
206 38
206 142
206 50
207 3
207 49
207 21
208 101
208 105
208 163
209 1
209 33
209 103
210 0
210 53
210 9
211 0
211 186
211 125
212 39
212 55
212 101
213 14
213 55
213 20
214 0
214 150
214 86
215 48
215 178
215 12
216 78
216 8
216 37
217 61
217 0
217 53
218 184
218 150
218 0
219 17
219 71
219 1
220 60
220 163
220 17
221 178
221 172
221 0
222 28
222 27
222 131
223 183
223 151
223 181
224 3
224 128
224 60
225 103
225 19
225 23
226 22
226 1
226 23
227 55
227 33
227 171
228 9
228 20
228 63
229 95
229 226
229 15
230 4
230 211
230 5
231 51
231 229
231 29
232 204
232 64
232 149
233 12
233 138
233 69
234 60
234 211
234 190
235 139
235 87
235 14
236 157
236 1
236 141
237 32
237 78
237 42
238 10
238 122
238 142
239 5
239 30
239 104
240 130
240 19
240 110
241 73
241 4
241 17
242 137
242 232
242 8
243 3
243 139
243 188
244 26
244 66
244 1
245 1
245 129
245 4
246 26
246 73
246 29
247 30
247 9
247 29
248 42
248 56
248 26
249 1
249 4
249 9
250 78
250 124
250 68
251 62
251 212
251 39
252 223
252 42
252 84
253 10
253 42
253 1
254 4
254 21
254 124
255 41
255 24
255 163
256 199
256 134
256 54
257 13
257 82
257 166
258 61
258 36
258 26
259 166
259 5
259 6
260 79
260 60
260 2
261 196
261 85
261 25
262 42
262 29
262 96
263 15
263 82
263 12
264 134
264 77
264 59
265 27
265 23
265 70
266 95
266 188
266 2
267 129
267 69
267 167
268 169
268 155
268 38
269 97
269 73
269 10
270 24
270 80
270 78
271 199
271 23
271 176
272 133
272 72
272 53
273 254
273 23
273 51
274 145
274 4
274 164
275 1
275 219
275 32
276 19
276 4
276 228
277 172
277 3
277 19
278 1
278 210
278 4
279 114
279 190
279 49
280 4
280 87
280 0
281 125
281 60
281 2
282 13
282 145
282 49
283 127
283 26
283 21
284 208
284 234
284 153
285 240
285 26
285 15
286 137
286 36
286 255
287 25
287 109
287 50
288 251
288 230
288 5
289 73
289 50
289 262
290 33
290 198
290 29
291 69
291 290
291 188
292 153
292 65
292 261
293 32
293 1
293 3
294 40
294 103
294 197
295 3
295 55
295 255
296 86
296 253
296 132
297 157
297 30
297 272
298 119
298 8
298 287
299 1
299 65
299 76
300 38
300 4
300 104
301 171
301 53
301 101
302 1
302 193
302 252
303 218
303 20
303 289
304 93
304 149
304 212
305 295
305 86
305 3
306 38
306 24
306 22
307 6
307 130
307 105
308 296
308 22
308 70
309 111
309 1
309 17
310 44
310 51
310 10
311 51
311 37
311 78
312 114
312 130
312 73
313 253
313 170
313 59
314 1
314 84
314 42
315 202
315 56
315 53
316 193
316 66
316 1
317 139
317 4
317 29
318 24
318 36
318 202
319 113
319 41
319 27
320 124
320 273
320 187
321 2
321 18
321 21
322 242
322 6
322 166
323 100
323 192
323 5
324 46
324 112
324 18
325 70
325 23
325 254
326 226
326 325
326 321
327 131
327 114
327 292
328 53
328 323
328 26
329 229
329 13
329 319
330 13
330 136
330 202
331 66
331 246
331 104
332 32
332 29
332 326
333 1
333 16
333 172
334 258
334 79
334 66
335 20
335 216
335 21
336 92
336 293
336 104
337 294
337 32
337 14
338 232
338 155
338 44
339 44
339 15
339 234
340 37
340 137
340 14
341 55
341 36
341 328
342 126
342 276
342 253
343 141
343 240
343 94
344 26
344 9
344 46
345 344
345 0
345 334
346 281
346 36
346 175
347 40
347 23
347 286
348 135
348 61
348 2
349 13
349 1
349 269
350 141
350 7
350 3
351 273
351 101
351 5
352 190
352 29
352 15
353 217
353 70
353 32
354 323
354 302
354 283
355 26
355 169
355 285
356 33
356 79
356 36
357 348
357 2
357 0
358 320
358 16
358 1
359 101
359 161
359 82
360 172
360 74
360 212
361 334
361 74
361 1
362 202
362 29
362 234
363 26
363 23
363 0
364 68
364 1
364 130
365 39
365 103
365 48
366 97
366 5
366 334
367 34
367 39
367 141
368 316
368 33
368 239
369 52
369 365
369 54
370 185
370 360
370 181
371 163
371 120
371 352
372 69
372 97
372 94
373 67
373 231
373 97
374 27
374 208
374 189
375 64
375 5
375 216
376 26
376 4
376 228
377 167
377 296
377 5
378 30
378 122
378 26
379 150
379 310
379 248
380 206
380 39
380 330
381 135
381 361
381 9
382 350
382 155
382 65
383 117
383 144
383 5
384 64
384 67
384 55
385 143
385 40
385 51
386 178
386 95
386 78
387 355
387 267
387 5
388 73
388 163
388 42
389 1
389 17
389 169
390 100
390 112
390 43
391 137
391 178
391 110
392 37
392 18
392 314
393 226
393 61
393 202
394 61
394 0
394 105
395 314
395 26
395 2
396 103
396 0
396 26
397 320
397 72
397 296
398 54
398 208
398 150
399 4
399 280
399 274
400 4
400 0
400 16
401 119
401 178
401 95
402 77
402 307
402 181
403 23
403 108
403 324
404 21
404 79
404 134
405 39
405 91
405 324
406 1
406 2
406 64
407 169
407 1
407 19
408 1
408 339
408 253
409 68
409 1
409 27
410 169
410 8
410 273
411 10
411 27
411 34
412 159
412 0
412 200
413 5
413 378
413 0
414 39
414 51
414 15
415 4
415 0
415 212
416 298
416 89
416 137
417 36
417 123
417 2
418 10
418 272
418 1
419 5
419 9
419 59
420 301
420 1
420 94
421 80
421 29
421 37
422 167
422 403
422 383
423 5
423 13
423 26
424 155
424 64
424 1
425 1
425 135
425 39
426 387
426 382
426 38
427 26
427 151
427 103
428 110
428 101
428 5
429 95
429 42
429 168
430 19
430 93
430 17
431 82
431 112
431 352
432 251
432 414
432 24
433 227
433 133
433 78
434 389
434 71
434 1
435 1
435 20
435 25
436 4
436 111
436 34
437 197
437 13
437 154
438 13
438 429
438 56
439 3
439 72
439 1
440 73
440 10
440 7
441 173
441 0
441 1
442 285
442 75
442 197
443 1
443 389
443 169
444 12
444 328
444 201
445 322
445 284
445 125
446 246
446 71
446 1
447 4
447 16
447 267
448 64
448 42
448 4
449 72
449 16
449 164
450 29
450 298
450 5
451 48
451 2
451 8
452 141
452 61
452 57
453 23
453 51
453 27
454 229
454 290
454 254
455 103
455 95
455 267
456 110
456 299
456 194
457 408
457 66
457 115
458 103
458 192
458 440
459 105
459 42
459 3
460 365
460 10
460 115
461 20
461 59
461 323
462 23
462 217
462 186
463 10
463 64
463 420
464 29
464 112
464 3
465 62
465 24
465 21
466 352
466 33
466 197
467 311
467 28
467 4
468 46
468 100
468 33
469 328
469 286
469 344
470 83
470 55
470 93
471 369
471 344
471 461
472 373
472 224
472 1
473 25
473 283
473 1
474 345
474 154
474 5
475 326
475 383
475 33
476 351
476 102
476 38
477 1
477 347
477 157
478 10
478 403
478 15
479 228
479 209
479 85
480 381
480 66
480 405
481 257
481 30
481 8
482 29
482 430
482 437
483 181
483 45
483 368
484 196
484 111
484 42
485 61
485 2
485 252
486 361
486 211
486 5
487 70
487 156
487 456
488 253
488 156
488 169
489 311
489 465
489 145
490 307
490 119
490 318
491 10
491 73
491 103
492 458
492 268
492 27
493 53
493 31
493 297
494 98
494 287
494 186
495 301
495 468
495 5
496 6
496 4
496 95
497 36
497 101
497 486
498 10
498 489
498 66
499 227
499 26
499 351
500 39
500 451
500 3
501 166
501 253
501 208
502 116
502 50
502 26
503 326
503 112
503 172
504 22
504 184
504 72
505 97
505 417
505 79
506 347
506 358
506 488
507 216
507 6
507 1
508 276
508 303
508 388
509 103
509 314
509 3
510 5
510 50
510 256
511 117
511 64
511 55
512 316
512 3
512 46
513 428
513 39
513 18
514 506
514 409
514 0
515 314
515 25
515 26
516 283
516 136
516 4
517 377
517 151
517 3
518 24
518 230
518 1
519 124
519 6
519 15
520 39
520 183
520 44
521 376
521 512
521 345
522 348
522 4
522 319
523 4
523 124
523 365
524 222
524 16
524 50
525 79
525 399
525 21
526 20
526 64
526 128
527 24
527 1
527 161
528 424
528 130
528 79
529 21
529 151
529 357
530 246
530 383
530 1
531 470
531 70
531 276
532 54
532 36
532 351
533 269
533 397
533 199
534 23
534 173
534 510
535 6
535 4
535 348
536 86
536 172
536 1
537 32
537 368
537 50
538 278
538 248
538 135
539 38
539 436
539 196
540 513
540 184
540 343
541 2
541 155
541 44
542 68
542 332
542 64
543 508
543 459
543 252
544 192
544 471
544 160
545 212
545 1
545 143
546 194
546 64
546 1
547 483
547 281
547 514
548 42
548 345
548 40
549 5
549 101
549 378
550 21
550 212
550 29
551 83
551 53
551 73
552 17
552 3
552 222
553 153
553 272
553 533
554 1
554 272
554 499
555 91
555 102
555 163
556 69
556 16
556 154
557 54
557 411
557 334
558 22
558 503
558 53
559 3
559 15
559 235
560 29
560 30
560 212
561 152
561 29
561 373
562 148
562 226
562 503
563 495
563 314
563 106
564 425
564 240
564 0
565 10
565 328
565 321
566 251
566 350
566 4
567 402
567 0
567 472
568 552
568 112
568 72
569 31
569 539
569 481
570 405
570 73
570 21
571 110
571 37
571 163
572 234
572 500
572 261
573 398
573 1
573 109
574 6
574 51
574 110
575 127
575 325
575 95
576 419
576 138
576 1
577 389
577 157
577 72
578 24
578 502
578 228
579 97
579 84
579 465
580 98
580 241
580 370
581 465
581 139
581 94
582 112
582 30
582 8
583 15
583 66
583 347
584 22
584 84
584 51
585 423
585 30
585 414
586 453
586 110
586 29
587 230
587 65
587 240
588 0
588 75
588 66
589 73
589 79
589 72
590 551
590 36
590 422
591 273
591 9
591 46
592 444
592 66
592 189
593 348
593 4
593 141
594 170
594 185
594 579
595 1
595 100
595 202
596 502
596 190
596 107
597 173
597 9
597 525
598 90
598 388
598 379
599 97
599 1
599 45
600 64
600 199
600 99
601 85
601 360
601 535
602 80
602 188
602 152
603 259
603 62
603 438
604 143
604 351
604 155
605 531
605 598
605 334
606 72
606 103
606 150
607 152
607 398
607 450
608 28
608 29
608 414
609 64
609 83
609 241
610 499
610 197
610 92
611 403
611 321
611 94
612 44
612 68
612 15
613 409
613 26
613 39
614 0
614 6
614 4
615 278
615 491
615 279
616 67
616 13
616 15
617 26
617 274
617 178
618 282
618 452
618 1
619 38
619 61
619 69
620 34
620 56
620 405
621 1
621 104
621 111
622 57
622 112
622 321
623 556
623 483
623 26
624 176
624 405
624 17
625 305
625 2
625 79
626 100
626 391
626 332
627 3
627 55
627 453
628 208
628 294
628 623
629 42
629 60
629 282
630 1
630 235
630 199
631 36
631 550
631 188
632 201
632 50
632 189
633 256
633 218
633 0
634 23
634 308
634 25
635 181
635 39
635 72
636 325
636 120
636 193
637 119
637 36
637 475
638 182
638 238
638 55
639 287
639 51
639 45
640 365
640 55
640 152
641 27
641 2
641 1
642 30
642 338
642 1
643 71
643 585
643 309
644 1
644 231
644 405
645 164
645 282
645 388
646 465
646 27
646 100
647 110
647 21
647 112
648 168
648 128
648 299
649 164
649 510
649 597
650 184
650 150
650 277
651 307
651 414
651 31
652 201
652 551
652 500
653 405
653 130
653 294
654 278
654 474
654 418
655 308
655 61
655 498
656 310
656 281
656 545
657 59
657 104
657 103
658 17
658 225
658 28
659 471
659 94
659 578
660 448
660 363
660 64
661 376
661 471
661 429
662 152
662 351
662 154
663 466
663 54
663 1
664 197
664 215
664 66
665 635
665 356
665 112
666 5
666 109
666 21
667 403
667 51
667 7
668 69
668 310
668 620
669 115
669 1
669 86
670 34
670 105
670 636
671 348
671 156
671 230
672 126
672 23
672 199
673 239
673 15
673 523
674 100
674 257
674 45
675 627
675 53
675 515
676 29
676 117
676 430
677 56
677 82
677 0
678 197
678 402
678 97
679 186
679 23
679 155
680 224
680 24
680 1
681 42
681 465
681 12
682 22
682 491
682 282
683 14
683 79
683 419
684 104
684 405
684 3
685 76
685 216
685 277
686 4
686 585
686 1
687 200
687 432
687 73
688 117
688 629
688 632
689 141
689 17
689 462
690 160
690 672
690 572
691 172
691 132
691 392
692 199
692 117
692 23
693 72
693 181
693 129
694 1
694 667
694 213
695 22
695 307
695 657
696 172
696 669
696 347
697 275
697 68
697 416
698 155
698 71
698 97
699 381
699 314
699 23
700 87
700 692
700 499
701 22
701 373
701 309
702 442
702 492
702 15
703 13
703 260
703 96
704 23
704 15
704 38
705 4
705 145
705 332
706 5
706 21
706 465
707 95
707 161
707 364
708 40
708 1
708 141
709 27
709 141
709 127
710 696
710 557
710 105
711 27
711 18
711 510
712 25
712 339
712 5
713 631
713 5
713 66
714 253
714 514
714 79
715 103
715 306
715 290
716 363
716 708
716 421
717 581
717 381
717 184
718 285
718 61
718 53
719 16
719 73
719 154
720 545
720 254
720 653
721 8
721 364
721 427
722 91
722 81
722 305
723 181
723 73
723 443
724 449
724 108
724 110
725 17
725 644
725 18
726 44
726 487
726 34
727 651
727 359
727 256
728 502
728 295
728 4
729 572
729 262
729 290
730 66
730 68
730 150
731 713
731 108
731 666
732 421
732 18
732 373
733 62
733 56
733 349
734 555
734 8
734 396
735 197
735 72
735 60
736 659
736 365
736 8
737 234
737 717
737 711
738 621
738 30
738 654
739 14
739 33
739 419
740 114
740 364
740 156
741 97
741 333
741 575
742 28
742 241
742 585
743 345
743 688
743 324
744 4
744 213
744 686
745 26
745 283
745 699
746 702
746 95
746 365
747 401
747 462
747 228
748 588
748 187
748 181
749 687
749 419
749 76
750 22
750 479
750 494
751 525
751 80
751 686
752 94
752 361
752 729
753 95
753 587
753 83
754 36
754 579
754 463
755 108
755 9
755 1
756 495
756 170
756 62
757 45
757 288
757 135
758 674
758 307
758 566
759 579
759 477
759 8
760 434
760 149
760 56
761 365
761 25
761 616
762 54
762 2
762 225
763 382
763 287
763 192
764 114
764 9
764 724
765 56
765 91
765 707
766 762
766 271
766 702
767 348
767 13
767 285
768 195
768 693
768 23
769 67
769 712
769 438
770 609
770 584
770 187
771 664
771 465
771 197
772 39
772 17
772 48
773 104
773 23
773 1
774 39
774 466
774 71
775 1
775 31
775 42
776 53
776 49
776 381
777 316
777 8
777 73
778 350
778 641
778 467
779 0
779 613
779 21
780 554
780 437
780 246
781 33
781 539
781 724
782 132
782 70
782 2
783 78
783 104
783 4
784 471
784 55
784 736
785 113
785 184
785 129
786 0
786 616
786 392
787 580
787 8
787 388
788 725
788 228
788 8
789 579
789 510
789 42
790 26
790 259
790 335
791 53
791 29
791 66
792 664
792 510
792 771
793 127
793 80
793 89
794 13
794 205
794 197
795 202
795 293
795 60
796 131
796 738
796 88
797 397
797 53
797 535
798 90
798 83
798 348
799 35
799 188
799 260
800 1
800 95
800 150
801 542
801 529
801 124
802 395
802 424
802 261
803 518
803 33
803 214
804 74
804 39
804 317
805 208
805 57
805 149
806 413
806 129
806 508
807 477
807 576
807 593
808 283
808 803
808 226
809 565
809 336
809 214
810 763
810 122
810 613
811 19
811 5
811 530
812 1
812 46
812 15
813 1
813 38
813 240
814 603
814 6
814 344
815 4
815 633
815 372
816 258
816 575
816 681
817 554
817 108
817 750
818 281
818 64
818 483
819 633
819 261
819 49
820 672
820 646
820 22
821 248
821 525
821 212
822 59
822 709
822 119
823 322
823 126
823 408
824 22
824 294
824 765
825 25
825 4
825 118
826 36
826 365
826 4
827 154
827 314
827 345
828 428
828 491
828 80
829 21
829 331
829 4
830 558
830 329
830 829
831 689
831 199
831 437
832 35
832 726
832 579
833 2
833 574
833 1
834 344
834 47
834 673
835 169
835 281
835 584
836 96
836 84
836 44
837 87
837 558
837 4
838 45
838 535
838 212
839 405
839 279
839 343
840 562
840 500
840 209
841 13
841 36
841 301
842 632
842 180
842 717
843 759
843 286
843 170
844 91
844 67
844 347
845 654
845 447
845 29
846 727
846 72
846 523
847 811
847 17
847 314
848 638
848 110
848 476
849 360
849 526
849 631
850 849
850 15
850 184
851 6
851 275
851 95
852 336
852 820
852 157
853 1
853 73
853 79
854 182
854 94
854 690
855 488
855 3
855 810
856 855
856 158
856 260
857 11
857 0
857 182
858 344
858 745
858 23
859 19
859 212
859 347
860 73
860 69
860 376
861 389
861 612
861 61
862 335
862 42
862 53
863 679
863 554
863 176
864 846
864 12
864 51
865 385
865 157
865 186
866 441
866 657
866 225
867 405
867 737
867 33
868 458
868 106
868 525
869 51
869 137
869 39
870 420
870 376
870 562
871 33
871 318
871 606
872 22
872 240
872 42
873 807
873 349
873 810
874 70
874 42
874 29
875 82
875 754
875 439
876 308
876 19
876 465
877 859
877 2
877 228
878 454
878 52
878 128
879 802
879 224
879 40
880 726
880 218
880 871
881 430
881 184
881 62
882 590
882 375
882 505
883 3
883 549
883 348
884 395
884 208
884 286
885 707
885 66
885 790
886 55
886 593
886 21
887 367
887 163
887 454
888 95
888 777
888 214
889 664
889 27
889 83
890 59
890 222
890 426
891 70
891 64
891 326
892 751
892 60
892 716
893 609
893 392
893 786
894 341
894 138
894 64
895 21
895 258
895 6
896 32
896 169
896 77
897 9
897 249
897 14
898 539
898 376
898 71
899 429
899 328
899 5
900 22
900 349
900 103
901 745
901 190
901 79
902 280
902 10
902 738
903 756
903 15
903 369
904 641
904 465
904 530
905 55
905 27
905 675
906 19
906 412
906 897
907 217
907 6
907 14
908 907
908 402
908 578
909 1
909 87
909 557
910 46
910 616
910 319
911 227
911 201
911 581
912 511
912 150
912 458
913 216
913 30
913 72
914 576
914 26
914 1
915 845
915 2
915 381
916 455
916 559
916 536
917 806
917 877
917 68
918 199
918 1
918 303
919 351
919 5
919 267
920 715
920 271
920 228
921 309
921 825
921 74
922 253
922 211
922 104
923 270
923 1
923 898
924 790
924 73
924 13
925 578
925 532
925 600
926 438
926 290
926 5
927 113
927 86
927 15
928 280
928 137
928 542
929 225
929 659
929 274
930 651
930 13
930 392
931 78
931 557
931 868
932 413
932 8
932 152
933 125
933 72
933 298
934 59
934 904
934 837
935 331
935 499
935 605
936 142
936 804
936 0
937 201
937 803
937 287
938 874
938 39
938 227
939 422
939 67
939 806
940 841
940 129
940 72
941 36
941 549
941 184
942 184
942 373
942 41
943 797
943 276
943 849
944 299
944 462
944 572
945 82
945 897
945 42
946 229
946 4
946 63
947 377
947 97
947 267
948 134
948 137
948 246
949 303
949 42
949 553
950 707
950 481
950 447
951 130
951 634
951 1
952 613
952 32
952 2
953 4
953 394
953 796
954 539
954 165
954 108
955 683
955 492
955 196
956 549
956 371
956 389
957 105
957 22
957 73
958 1
958 671
958 122
959 765
959 195
959 52
960 233
960 738
960 281
961 3
961 218
961 317
962 670
962 877
962 93
963 808
963 487
963 208
964 677
964 37
964 1
965 110
965 616
965 428
966 615
966 42
966 53
967 871
967 155
967 153
968 30
968 77
968 215
969 11
969 22
969 927
970 199
970 60
970 228
971 331
971 576
971 41
972 72
972 63
972 1
973 212
973 9
973 348
974 878
974 72
974 84
975 392
975 576
975 886
976 62
976 64
976 417
977 266
977 186
977 401
978 85
978 740
978 607
979 20
979 4
979 913
980 4
980 175
980 80
981 314
981 791
981 444
982 8
982 975
982 784
983 352
983 86
983 18
984 511
984 135
984 395
985 29
985 131
985 34
986 17
986 861
986 222
987 101
987 29
987 665
988 309
988 110
988 206
989 19
989 74
989 305
990 454
990 968
990 6
991 420
991 477
991 212
992 613
992 74
992 869
993 286
993 112
993 634
994 32
994 46
994 570
995 349
995 73
995 265
996 347
996 14
996 928
997 278
997 285
997 254
998 335
998 104
998 866
999 488
999 883
999 41
