0 1
1 0
2 1
2 0
3 2
3 1
3 0
4 0
4 2
4 1
5 0
5 3
5 4
6 2
6 1
6 0
7 0
7 4
7 6
8 5
8 0
8 2
9 8
9 1
9 5
10 1
10 5
10 0
11 6
11 5
11 3
12 11
12 1
12 9
13 12
13 1
13 6
14 12
14 0
14 5
15 0
15 4
15 6
16 1
16 6
16 4
17 12
17 16
17 0
18 3
18 2
18 12
19 9
19 0
19 17
20 9
20 1
20 0
21 0
21 17
21 12
22 0
22 1
22 8
23 15
23 1
23 5
24 23
24 1
24 6
25 11
25 24
25 5
26 6
26 1
26 12
27 0
27 26
27 19
28 24
28 3
28 16
29 5
29 15
29 24
30 10
30 1
30 17
31 21
31 4
31 6
32 26
32 19
32 5
33 15
33 17
33 0
34 6
34 5
34 14
35 2
35 17
35 1
36 21
36 16
36 11
37 3
37 16
37 23
38 22
38 12
38 3
39 0
39 1
39 17
40 28
40 6
40 37
41 27
41 26
41 18
42 17
42 13
42 28
43 12
43 17
43 0
44 39
44 3
44 15
45 29
45 12
45 31
46 39
46 8
46 44
47 24
47 15
47 31
48 23
48 20
48 17
49 32
49 25
49 37
50 6
50 2
50 0
51 0
51 6
51 35
52 17
52 0
52 4
53 19
53 9
53 18
54 16
54 4
54 0
55 37
55 30
55 9
56 17
56 1
56 6
57 22
57 36
57 9
58 26
58 54
58 3
59 8
59 36
59 44
60 54
60 3
60 1
61 28
61 1
61 12
62 30
62 0
62 13
63 15
63 10
63 1
64 37
64 31
64 36
65 3
65 36
65 23
66 27
66 24
66 15
67 35
67 43
67 1
68 27
68 28
68 35
69 0
69 8
69 5
70 27
70 8
70 11
71 32
71 0
71 16
72 53
72 1
72 42
73 70
73 23
73 3
74 39
74 17
74 1
75 11
75 22
75 20
76 73
76 3
76 61
77 39
77 11
77 61
78 17
78 33
78 20
79 14
79 25
79 8
80 36
80 55
80 26
81 53
81 56
81 3
82 29
82 2
82 37
83 1
83 9
83 72
84 13
84 3
84 16
85 19
85 17
85 12
86 6
86 17
86 44
87 29
87 44
87 46
88 58
88 50
88 17
89 6
89 11
89 58
90 63
90 27
90 80
91 4
91 27
91 90
92 0
92 58
92 29
93 65
93 9
93 63
94 17
94 43
94 3
95 52
95 13
95 1
96 29
96 32
96 1
97 61
97 15
97 0
98 97
98 2
98 21
99 37
99 31
99 39
100 37
100 71
100 10
101 65
101 50
101 51
102 60
102 13
102 36
103 13
103 48
103 2
104 37
104 22
104 78
105 16
105 34
105 21
106 28
106 65
106 2
107 9
107 0
107 61
108 17
108 66
108 1
109 36
109 5
109 38
110 6
110 45
110 21
111 20
111 90
111 54
112 17
112 71
112 50
113 13
113 37
113 66
114 60
114 43
114 44
115 87
115 57
115 17
116 38
116 83
116 9
117 66
117 107
117 0
118 71
118 5
118 11
119 53
119 44
119 21
120 11
120 0
120 78
121 8
121 108
121 1
122 0
122 9
122 2
123 37
123 115
123 56
124 1
124 71
124 18
125 15
125 100
125 28
126 81
126 100
126 22
127 12
127 6
127 17
128 0
128 24
128 11
129 12
129 26
129 58
130 0
130 24
130 11
131 105
131 115
131 4
132 36
132 4
132 115
133 44
133 1
133 66
134 0
134 36
134 1
135 18
135 120
135 73
136 42
136 51
136 36
137 67
137 69
137 53
138 78
138 14
138 85
139 4
139 81
139 61
140 9
140 106
140 1
141 16
141 79
141 92
142 15
142 37
142 24
143 39
143 36
143 12
144 61
144 1
144 39
145 3
145 57
145 7
146 16
146 131
146 0
147 96
147 77
147 19
148 31
148 0
148 62
149 73
149 23
149 6
150 9
150 19
150 115
151 65
151 71
151 1
152 8
152 83
152 5
153 0
153 28
153 58
154 36
154 2
154 29
155 24
155 86
155 93
156 5
156 30
156 34
157 1
157 133
157 36
158 81
158 150
158 86
159 15
159 0
159 1
160 126
160 35
160 21
161 92
161 132
161 78
162 102
162 3
162 87
163 88
163 95
163 76
164 66
164 8
164 58
165 38
165 69
165 56
166 61
166 154
166 30
167 39
167 27
167 23
168 72
168 161
168 5
169 13
169 153
169 54
170 120
170 28
170 169
171 138
171 36
171 40
172 66
172 36
172 102
173 29
173 17
173 28
174 71
174 77
174 1
175 24
175 23
175 0
176 38
176 75
176 21
177 0
177 77
177 87
178 3
178 19
178 112
179 142
179 61
179 11
180 171
180 83
180 17
181 134
181 9
181 123
182 12
182 72
182 67
183 97
183 19
183 120
184 142
184 120
184 5
185 58
185 11
185 94
186 28
186 5
186 105
187 120
187 185
187 22
188 31
188 66
188 20
189 147
189 70
189 64
190 36
190 55
190 17
191 166
191 5
191 35
192 88
192 22
192 126
193 61
193 180
193 49
194 16
194 39
194 73
195 8
195 32
195 37
196 24
196 35
196 27
197 172
197 146
197 19
198 1
198 16
198 92
199 79
199 165
199 158
200 26
200 5
200 163
201 126
201 27
201 10
202 192
202 120
202 77
203 10
203 9
203 132
204 32
204 17
204 182
205 17
205 80
205 121
206 6
206 39
206 194
207 22
207 45
207 34
208 29
208 57
208 129
209 24
209 58
209 13
210 0
210 1
210 5
211 164
211 127
211 50
212 176
212 1
212 43
213 17
213 190
213 116
214 191
214 29
214 161
215 6
215 5
215 207
216 30
216 66
216 83
217 18
217 15
217 66
218 31
218 14
218 205
219 1
219 198
219 59
220 0
220 4
220 96
221 72
221 94
221 21
222 43
222 62
222 127
223 35
223 31
223 104
224 191
224 167
224 0
225 162
225 49
225 81
226 1
226 2
226 18
227 8
227 81
227 29
228 162
228 193
228 56
229 47
229 79
229 1
230 28
230 16
230 201
231 213
231 1
231 24
232 29
232 73
232 63
233 167
233 54
233 102
234 125
234 113
234 28
235 60
235 5
235 120
236 52
236 2
236 189
237 156
237 8
237 192
238 14
238 88
238 68
239 17
239 54
239 202
240 137
240 80
240 108
241 3
241 102
241 98
242 63
242 100
242 1
243 212
243 46
243 21
244 79
244 51
244 66
245 107
245 0
245 55
246 182
246 141
246 3
247 12
247 192
247 13
248 3
248 155
248 191
249 12
249 247
249 38
250 65
250 120
250 224
251 2
251 107
251 91
252 88
252 66
252 0
253 248
253 5
253 15
254 78
254 112
254 227
255 15
255 114
255 38
256 187
256 0
256 19
257 251
257 92
257 3
258 62
258 16
258 121
259 156
259 61
259 80
260 126
260 110
260 179
261 6
261 81
261 23
262 152
262 68
262 96
263 210
263 12
263 149
264 240
264 227
264 150
265 3
265 30
265 235
266 232
266 17
266 199
267 197
267 6
267 0
268 0
268 88
268 3
269 2
269 0
269 1
270 62
270 50
270 204
271 47
271 26
271 88
272 32
272 71
272 106
273 1
273 77
273 2
274 87
274 1
274 6
275 19
275 108
275 116
276 3
276 27
276 17
277 257
277 24
277 74
278 63
278 5
278 21
279 18
279 0
279 103
280 138
280 187
280 80
281 164
281 226
281 1
282 211
282 182
282 43
283 111
283 78
283 143
284 149
284 38
284 39
285 19
285 93
285 36
286 224
286 66
286 164
287 86
287 178
287 67
288 61
288 183
288 144
289 1
289 24
289 103
290 66
290 1
290 29
291 179
291 258
291 21
292 115
292 16
292 0
293 94
293 12
293 80
294 246
294 288
294 28
295 2
295 3
295 244
296 162
296 195
296 64
297 181
297 246
297 9
298 137
298 92
298 0
299 78
299 62
299 81
300 161
300 1
300 60
301 247
301 110
301 16
302 2
302 32
302 10
303 64
303 0
303 275
304 66
304 36
304 250
305 42
305 238
305 257
306 59
306 74
306 10
307 113
307 197
307 1
308 297
308 38
308 13
309 0
309 274
309 97
310 223
310 1
310 83
311 247
311 237
311 87
312 97
312 22
312 80
313 103
313 47
313 16
314 3
314 201
314 57
315 146
315 12
315 281
316 3
316 267
316 19
317 80
317 128
317 73
318 8
318 37
318 291
319 267
319 109
319 39
320 198
320 216
320 165
321 50
321 184
321 5
322 120
322 14
322 95
323 1
323 107
323 47
324 304
324 110
324 310
325 21
325 23
325 224
326 88
326 221
326 4
327 61
327 208
327 0
328 86
328 114
328 122
329 1
329 169
329 21
330 2
330 39
330 97
331 60
331 167
331 316
332 131
332 30
332 12
333 26
333 110
333 71
334 245
334 119
334 159
335 19
335 126
335 194
336 146
336 72
336 0
337 166
337 0
337 24
338 164
338 140
338 319
339 199
339 218
339 107
340 158
340 0
340 182
341 96
341 135
341 189
342 68
342 272
342 199
343 0
343 38
343 22
344 215
344 18
344 26
345 114
345 19
345 229
346 97
346 33
346 167
347 24
347 61
347 36
348 244
348 208
348 109
349 0
349 74
349 189
350 16
350 14
350 302
351 66
351 6
351 72
352 218
352 18
352 14
353 207
353 141
353 29
354 49
354 73
354 60
355 274
355 0
355 2
356 42
356 224
356 7
357 326
357 179
357 16
358 3
358 50
358 17
359 17
359 221
359 169
360 36
360 76
360 330
361 38
361 217
361 61
362 103
362 353
362 61
363 158
363 0
363 3
364 59
364 260
364 282
365 187
365 126
365 128
366 2
366 62
366 74
367 151
367 126
367 156
368 0
368 126
368 60
369 195
369 49
369 73
370 343
370 221
370 179
371 1
371 136
371 83
372 335
372 22
372 1
373 52
373 21
373 73
374 32
374 71
374 9
375 208
375 86
375 67
376 5
376 35
376 224
377 0
377 2
377 333
378 22
378 119
378 1
379 195
379 24
379 340
380 0
380 361
380 53
381 353
381 18
381 271
382 338
382 28
382 49
383 252
383 224
383 87
384 6
384 1
384 107
385 22
385 266
385 238
386 150
386 17
386 91
387 83
387 227
387 0
388 81
388 162
388 18
389 278
389 169
389 90
390 143
390 146
390 163
391 260
391 6
391 274
392 70
392 66
392 22
393 44
393 56
393 10
394 0
394 152
394 336
395 115
395 71
395 140
396 24
396 141
396 230
397 361
397 331
397 325
398 24
398 12
398 199
399 2
399 327
399 212
400 21
400 46
400 299
401 8
401 186
401 71
402 167
402 67
402 1
403 69
403 316
403 61
404 5
404 48
404 12
405 18
405 199
405 86
406 12
406 174
406 30
407 21
407 12
407 135
408 216
408 17
408 369
409 0
409 5
409 85
410 176
410 353
410 254
411 117
411 77
411 329
412 8
412 223
412 67
413 212
413 343
413 0
414 153
414 234
414 250
415 316
415 347
415 58
416 105
416 71
416 88
417 44
417 54
417 1
418 65
418 31
418 98
419 310
419 342
419 1
420 19
420 260
420 1
421 13
421 142
421 103
422 18
422 93
422 82
423 103
423 2
423 16
424 39
424 245
424 374
425 17
425 234
425 12
426 0
426 389
426 23
427 398
427 108
427 150
428 6
428 374
428 361
429 28
429 61
429 17
430 425
430 371
430 128
431 61
431 36
431 216
432 97
432 52
432 391
433 78
433 30
433 61
434 0
434 159
434 102
435 144
435 116
435 24
436 229
436 29
436 322
437 334
437 1
437 28
438 423
438 427
438 181
439 35
439 16
439 36
440 169
440 202
440 22
441 389
441 78
441 391
442 36
442 102
442 79
443 155
443 135
443 335
444 257
444 78
444 97
445 315
445 127
445 143
446 61
446 130
446 86
447 0
447 121
447 234
448 292
448 267
448 161
449 240
449 97
449 5
450 61
450 291
450 20
451 88
451 373
451 66
452 152
452 274
452 0
453 147
453 181
453 91
454 340
454 17
454 1
455 333
455 107
455 79
456 244
456 199
456 17
457 70
457 36
457 410
458 30
458 37
458 0
459 1
459 153
459 292
460 432
460 17
460 156
461 35
461 292
461 41
462 19
462 239
462 123
463 236
463 279
463 138
464 307
464 83
464 8
465 15
465 109
465 39
466 234
466 0
466 150
467 140
467 23
467 208
468 220
468 3
468 19
469 425
469 421
469 465
470 62
470 299
470 5
471 60
471 274
471 395
472 30
472 376
472 115
473 422
473 92
473 17
474 396
474 11
474 250
475 379
475 33
475 342
476 17
476 188
476 462
477 212
477 384
477 156
478 315
478 288
478 3
479 82
479 385
479 475
480 81
480 38
480 19
481 37
481 47
481 31
482 199
482 428
482 6
483 29
483 332
483 66
484 110
484 81
484 97
485 445
485 439
485 308
486 5
486 3
486 17
487 86
487 44
487 31
488 115
488 0
488 316
489 210
489 3
489 47
490 325
490 127
490 12
491 1
491 115
491 467
492 24
492 88
492 93
493 23
493 413
493 320
494 11
494 263
494 240
495 2
495 5
495 43
496 193
496 108
496 58
497 197
497 2
497 216
498 58
498 156
498 36
499 0
499 243
499 2
