0 1
0 2
0 3
0 5
1 0
1 2
1 3
1 4
2 0
2 1
2 3
2 4
3 1
3 2
3 0
3 4
4 3
4 2
4 1
4 6
5 0
5 1
5 2
5 7
6 1
6 4
6 3
6 10
7 4
7 2
7 5
7 16
8 5
8 1
8 4
8 36
9 0
9 2
9 5
9 11
10 4
10 1
10 6
10 32
11 2
11 9
11 4
11 14
12 0
12 4
12 1
12 17
13 2
13 6
13 5
13 16
14 11
14 9
14 4
14 38
15 0
15 2
15 11
15 29
16 7
16 3
16 13
16 17
17 1
17 12
17 16
17 30
18 0
18 16
18 1
18 26
19 7
19 4
19 0
19 20
20 19
20 0
20 2
21 0
21 11
21 9
21 27
22 0
22 11
22 9
23 4
23 2
23 0
23 24
24 23
24 0
24 2
24 27
25 6
25 2
25 9
25 39
26 18
26 1
26 3
27 21
27 7
27 24
27 34
28 0
28 13
28 11
29 15
29 9
29 19
29 33
30 9
30 0
30 17
31 24
31 16
31 9
31 42
32 1
32 10
32 17
33 3
33 7
33 29
33 41
34 0
34 27
34 2
35 3
35 1
35 9
36 19
36 0
36 8
37 23
37 0
37 29
38 5
38 1
38 14
38 42
39 0
39 25
39 17
40 19
40 8
40 17
40 44
41 33
41 13
41 2
41 46
42 31
42 0
42 38
42 45
43 2
43 27
43 0
44 29
44 40
44 13
45 1
45 29
45 42
46 41
46 27
46 3
47 1
47 23
47 6
48 25
48 1
48 0
49 0
49 40
49 13
