0 1
0 2
1 0
1 2
2 1
2 0
3 1
3 2
3 0
4 2
4 0
4 1
5 2
5 1
5 4
6 5
6 2
6 3
7 2
7 5
7 3
8 0
8 4
8 1
9 1
9 0
9 4
10 8
10 3
10 2
11 10
11 1
11 3
12 10
12 1
12 4
13 11
13 3
13 0
14 0
14 3
14 5
15 11
15 10
15 3
16 2
16 1
16 0
17 7
17 12
17 14
18 1
18 0
18 10
19 13
19 1
19 10
20 3
20 9
20 1
21 11
21 5
21 10
22 8
22 5
22 2
23 10
23 3
23 0
24 0
24 3
24 13
25 8
25 18
25 2
26 0
26 9
26 3
27 3
27 14
27 9
28 11
28 16
28 1
29 12
29 8
29 7
30 16
30 12
30 6
31 10
31 2
31 20
32 19
32 14
32 18
33 0
33 26
33 1
34 1
34 9
34 29
35 18
35 16
35 29
36 1
36 19
36 4
37 10
37 2
37 27
38 14
38 2
38 11
39 1
39 15
39 11
40 19
40 37
40 1
41 21
41 5
41 1
42 5
42 23
42 34
43 24
43 18
43 12
44 0
44 28
44 19
45 35
45 1
45 18
46 42
46 37
46 31
47 8
47 22
47 24
48 31
48 2
48 12
49 9
49 0
49 46
50 42
50 2
50 22
51 0
51 13
51 2
52 0
52 8
52 1
53 3
53 1
53 2
54 1
54 2
54 31
55 1
55 31
55 2
56 2
56 12
56 13
57 2
57 5
57 12
58 4
58 1
58 13
59 35
59 14
59 2
60 45
60 46
60 57
61 0
61 28
61 1
62 0
62 48
62 32
63 13
63 11
63 17
64 17
64 0
64 1
65 29
65 0
65 9
66 27
66 62
66 10
67 11
67 39
67 2
68 57
68 30
68 0
69 5
69 7
69 4
70 17
70 2
70 54
71 31
71 38
71 3
72 6
72 23
72 66
73 2
73 50
73 3
74 60
74 12
74 4
75 12
75 67
75 0
76 11
76 42
76 39
77 48
77 14
77 1
78 74
78 29
78 45
79 3
79 70
79 6
80 18
80 32
80 42
81 39
81 11
81 9
82 11
82 10
82 0
83 38
83 27
83 11
84 21
84 1
84 12
85 10
85 2
85 1
86 7
86 51
86 6
87 3
87 23
87 8
88 1
88 28
88 27
89 3
89 49
89 67
90 77
90 13
90 0
91 52
91 4
91 24
92 33
92 1
92 14
93 18
93 4
93 89
94 85
94 8
94 49
95 5
95 18
95 77
96 65
96 0
96 39
97 2
97 10
97 62
98 22
98 82
98 11
99 27
99 5
99 45
