0 1
1 0
2 0
2 1
3 0
3 2
3 1
4 2
4 0
4 1
5 2
5 0
5 4
6 2
6 1
6 4
7 4
7 1
7 2
8 1
8 0
8 6
9 1
9 0
9 8
10 4
10 5
10 2
11 2
11 0
11 4
12 4
12 0
12 9
13 2
13 1
13 6
14 1
14 2
14 6
15 6
15 1
15 12
16 4
16 11
16 0
17 4
17 10
17 0
18 5
18 1
18 15
19 4
19 5
19 2
20 12
20 0
20 1
21 2
21 0
21 4
22 13
22 0
22 18
23 7
23 14
23 19
24 1
24 0
24 20
25 1
25 8
25 5
26 7
26 12
26 24
27 2
27 3
27 0
28 13
28 27
28 8
29 23
29 0
29 2
30 7
30 12
30 16
31 8
31 10
31 0
32 28
32 23
32 11
33 27
33 4
33 23
34 20
34 10
34 6
35 24
35 22
35 3
36 7
36 0
36 1
37 13
37 32
37 35
38 10
38 33
38 3
39 30
39 2
39 14
40 0
40 14
40 31
41 5
41 18
41 12
42 8
42 16
42 4
43 30
43 1
43 4
44 30
44 4
44 8
45 4
45 12
45 33
46 8
46 45
46 1
47 0
47 45
47 28
48 6
48 0
48 27
49 4
49 1
49 3
50 1
50 6
50 32
51 6
51 30
51 46
52 0
52 4
52 18
53 17
53 6
53 10
54 41
54 30
54 3
55 7
55 1
55 32
56 33
56 48
56 1
57 12
57 2
57 33
58 7
58 0
58 27
59 33
59 13
59 2
60 0
60 8
60 1
61 20
61 11
61 5
62 1
62 27
62 8
63 0
63 49
63 43
64 0
64 1
64 2
65 16
65 0
65 12
66 59
66 0
66 50
67 7
67 9
67 30
68 47
68 1
68 56
69 21
69 1
69 62
70 3
70 28
70 12
71 24
71 1
71 3
72 2
72 64
72 46
73 45
73 0
73 56
74 42
74 52
74 73
75 8
75 28
75 6
76 12
76 27
76 9
77 2
77 57
77 0
78 17
78 69
78 1
79 3
79 41
79 40
80 3
80 6
80 55
81 4
81 12
81 14
82 55
82 17
82 56
83 66
83 46
83 14
84 12
84 68
84 1
85 49
85 2
85 51
86 45
86 75
86 55
87 0
87 2
87 73
88 55
88 52
88 82
89 64
89 4
89 2
90 30
90 68
90 12
91 87
91 71
91 6
92 10
92 70
92 83
93 35
93 73
93 67
94 4
94 38
94 82
95 1
95 10
95 0
96 35
96 0
96 54
97 89
97 33
97 44
98 7
98 27
98 23
99 13
99 0
99 21
100 28
100 52
100 27
101 33
101 7
101 30
102 35
102 4
102 80
103 2
103 66
103 4
104 35
104 73
104 13
105 51
105 64
105 68
106 4
106 34
106 56
107 76
107 5
107 4
108 91
108 22
108 69
109 66
109 67
109 9
110 96
110 14
110 45
111 12
111 5
111 21
112 105
112 74
112 97
113 2
113 11
113 69
114 1
114 73
114 31
115 4
115 49
115 35
116 75
116 6
116 0
117 48
117 56
117 111
118 51
118 0
118 39
119 90
119 1
119 52
120 8
120 1
120 10
121 8
121 4
121 1
122 3
122 12
122 8
123 13
123 90
123 34
124 2
124 4
124 97
125 67
125 4
125 12
126 68
126 48
126 100
127 1
127 5
127 105
128 4
128 1
128 56
129 27
129 65
129 3
130 65
130 20
130 36
131 8
131 1
131 56
132 98
132 33
132 90
133 28
133 69
133 1
134 1
134 52
134 4
135 3
135 103
135 73
136 46
136 0
136 122
137 116
137 11
137 73
138 80
138 134
138 121
139 1
139 12
139 15
140 0
140 16
140 6
141 35
141 89
141 69
142 116
142 77
142 12
143 33
143 65
143 126
144 20
144 6
144 43
145 34
145 8
145 97
146 55
146 2
146 102
147 22
147 32
147 1
148 89
148 110
148 16
149 49
149 102
149 47
150 21
150 48
150 22
151 14
151 119
151 82
152 23
152 141
152 26
153 68
153 119
153 12
154 109
154 41
154 62
155 5
155 58
155 70
156 48
156 80
156 30
157 142
157 136
157 47
158 7
158 92
158 6
159 68
159 2
159 84
160 45
160 56
160 1
161 17
161 5
161 100
162 91
162 4
162 45
163 141
163 50
163 6
164 145
164 110
164 73
165 98
165 24
165 0
166 90
166 159
166 1
167 3
167 139
167 23
168 1
168 0
168 51
169 15
169 3
169 10
170 49
170 0
170 39
171 56
171 38
171 57
172 135
172 15
172 37
173 49
173 54
173 102
174 159
174 0
174 69
175 46
175 3
175 37
176 98
176 2
176 30
177 142
177 176
177 19
178 132
178 0
178 159
179 129
179 2
179 69
180 100
180 73
180 48
181 113
181 15
181 9
182 131
182 28
182 1
183 50
183 2
183 106
184 73
184 136
184 4
185 56
185 9
185 171
186 121
186 77
186 162
187 126
187 46
187 108
188 1
188 4
188 35
189 1
189 108
189 35
190 56
190 129
190 23
191 49
191 128
191 27
192 39
192 43
192 100
193 138
193 154
193 69
194 6
194 4
194 31
195 12
195 80
195 75
196 112
196 65
196 84
197 132
197 15
197 126
198 171
198 8
198 167
199 47
199 157
199 165
200 82
200 9
200 172
201 0
201 47
201 183
202 31
202 1
202 21
203 6
203 108
203 26
204 121
204 0
204 43
205 3
205 11
205 181
206 102
206 189
206 18
207 156
207 135
207 16
208 4
208 131
208 5
209 156
209 102
209 120
210 86
210 132
210 74
211 5
211 1
211 145
212 55
212 87
212 8
213 164
213 0
213 74
214 34
214 2
214 13
215 89
215 162
215 136
216 198
216 124
216 6
217 186
217 98
217 62
218 132
218 111
218 50
219 62
219 123
219 6
220 53
220 16
220 1
221 179
221 57
221 142
222 164
222 31
222 45
223 173
223 176
223 220
224 95
224 8
224 6
225 140
225 205
225 145
226 33
226 184
226 46
227 190
227 26
227 45
228 164
228 4
228 52
229 22
229 138
229 52
230 65
230 108
230 23
231 31
231 133
231 89
232 2
232 72
232 178
233 30
233 113
233 0
234 91
234 65
234 2
235 185
235 16
235 93
236 12
236 64
236 175
237 27
237 36
237 132
238 138
238 158
238 4
239 237
239 100
239 86
240 205
240 194
240 4
241 51
241 0
241 15
242 23
242 34
242 15
243 8
243 52
243 109
244 234
244 79
244 27
245 191
245 196
245 30
246 100
246 46
246 31
247 73
247 173
247 55
248 12
248 231
248 51
249 20
249 3
249 7
250 82
250 216
250 94
251 15
251 150
251 0
252 31
252 5
252 175
253 90
253 1
253 138
254 240
254 193
254 5
255 248
255 108
255 114
256 41
256 110
256 243
257 52
257 102
257 105
258 154
258 66
258 12
259 176
259 1
259 3
260 11
260 1
260 105
261 2
261 117
261 45
262 68
262 126
262 15
263 14
263 37
263 33
264 192
264 69
264 6
265 58
265 15
265 61
266 35
266 1
266 49
267 3
267 8
267 35
268 5
268 109
268 164
269 17
269 255
269 89
270 2
270 176
270 0
271 12
271 46
271 1
272 44
272 263
272 172
273 64
273 132
273 0
274 67
274 60
274 241
275 39
275 6
275 75
276 26
276 266
276 249
277 249
277 187
277 19
278 35
278 3
278 8
279 54
279 219
279 78
280 172
280 6
280 82
281 1
281 2
281 4
282 45
282 56
282 65
283 160
283 167
283 257
284 171
284 138
284 157
285 3
285 120
285 89
286 144
286 172
286 14
287 92
287 3
287 218
288 183
288 77
288 8
289 107
289 137
289 21
290 124
290 1
290 68
291 2
291 222
291 31
292 274
292 161
292 240
293 275
293 202
293 0
294 4
294 33
294 144
295 232
295 27
295 41
296 89
296 71
296 257
297 145
297 143
297 6
298 97
298 8
298 3
299 2
299 111
299 73
300 139
300 240
300 14
301 202
301 54
301 217
302 207
302 4
302 0
303 276
303 129
303 125
304 255
304 269
304 159
305 1
305 37
305 46
306 147
306 4
306 27
307 146
307 266
307 133
308 0
308 288
308 6
309 167
309 9
309 10
310 8
310 31
310 108
311 37
311 15
311 67
312 2
312 64
312 4
313 2
313 24
313 143
314 24
314 275
314 297
315 239
315 2
315 218
316 153
316 45
316 30
317 71
317 137
317 12
318 214
318 51
318 311
319 195
319 1
319 113
320 172
320 2
320 4
321 91
321 113
321 112
322 5
322 86
322 102
323 2
323 49
323 7
324 124
324 230
324 38
325 2
325 91
325 218
326 66
326 88
326 45
327 23
327 35
327 4
328 260
328 108
328 33
329 257
329 47
329 296
330 102
330 193
330 3
331 260
331 103
331 133
332 75
332 32
332 157
333 2
333 65
333 6
334 48
334 28
334 109
335 0
335 30
335 257
336 1
336 2
336 16
337 238
337 0
337 43
338 189
338 15
338 186
339 159
339 4
339 73
340 183
340 96
340 160
341 202
341 41
341 154
342 98
342 22
342 46
343 260
343 109
343 328
344 1
344 256
344 202
345 3
345 276
345 156
346 6
346 142
346 4
347 23
347 51
347 74
348 126
348 246
348 115
349 1
349 315
349 183
350 204
350 1
350 91
351 156
351 177
351 260
352 17
352 279
352 15
353 69
353 56
353 51
354 160
354 131
354 2
355 311
355 258
355 162
356 106
356 145
356 63
357 158
357 8
357 30
358 182
358 53
358 35
359 259
359 90
359 26
360 359
360 351
360 15
361 266
361 136
361 1
362 132
362 22
362 56
363 2
363 15
363 12
364 52
364 27
364 49
365 159
365 6
365 124
366 191
366 2
366 51
367 220
367 102
367 15
368 195
368 10
368 52
369 100
369 0
369 69
370 47
370 56
370 90
371 53
371 255
371 3
372 56
372 55
372 121
373 64
373 73
373 181
374 365
374 56
374 96
375 54
375 49
375 136
376 12
376 145
376 160
377 1
377 80
377 151
378 181
378 51
378 0
379 323
379 330
379 13
380 7
380 176
380 60
381 49
381 33
381 7
382 36
382 168
382 2
383 14
383 76
383 220
384 54
384 247
384 283
385 134
385 350
385 100
386 7
386 1
386 312
387 254
387 314
387 108
388 6
388 33
388 146
389 311
389 312
389 119
390 206
390 3
390 273
391 47
391 152
391 103
392 129
392 254
392 194
393 179
393 209
393 334
394 9
394 302
394 296
395 48
395 356
395 164
396 308
396 363
396 337
397 376
397 49
397 12
398 309
398 4
398 255
399 381
399 143
399 1
400 131
400 4
400 219
401 108
401 141
401 248
402 209
402 153
402 89
403 395
403 10
403 157
404 52
404 260
404 10
405 67
405 384
405 2
406 286
406 73
406 340
407 242
407 4
407 107
408 107
408 155
408 95
409 157
409 46
409 135
410 203
410 173
410 44
411 4
411 279
411 349
412 157
412 78
412 410
413 3
413 8
413 45
414 238
414 106
414 294
415 91
415 193
415 145
416 102
416 173
416 78
417 57
417 87
417 38
418 282
418 276
418 398
419 174
419 33
419 398
420 178
420 96
420 221
421 15
421 1
421 158
422 372
422 13
422 55
423 12
423 18
423 238
424 399
424 19
424 27
425 176
425 33
425 254
426 15
426 362
426 55
427 55
427 346
427 410
428 8
428 147
428 185
429 124
429 266
429 31
430 51
430 176
430 1
431 68
431 359
431 273
432 337
432 332
432 0
433 30
433 160
433 5
434 326
434 0
434 55
435 6
435 14
435 215
436 290
436 1
436 142
437 12
437 100
437 236
438 96
438 79
438 228
439 33
439 199
439 295
440 111
440 411
440 21
441 283
441 304
441 91
442 77
442 0
442 33
443 31
443 250
443 152
444 4
444 6
444 111
445 45
445 300
445 365
446 27
446 1
446 135
447 6
447 126
447 315
448 354
448 282
448 0
449 321
449 5
449 43
450 35
450 162
450 401
451 77
451 112
451 279
452 27
452 60
452 99
453 28
453 225
453 0
454 0
454 65
454 4
455 126
455 116
455 32
456 0
456 260
456 254
457 365
457 33
457 377
458 46
458 15
458 361
459 4
459 237
459 267
460 356
460 1
460 100
461 330
461 229
461 396
462 100
462 31
462 134
463 14
463 4
463 285
464 294
464 6
464 27
465 141
465 142
465 12
466 90
466 373
466 163
467 56
467 14
467 0
468 445
468 81
468 26
469 430
469 368
469 141
470 1
470 316
470 69
471 19
471 8
471 132
472 263
472 452
472 160
473 327
473 78
473 218
474 356
474 14
474 113
475 10
475 106
475 360
476 180
476 4
476 248
477 11
477 388
477 33
478 448
478 438
478 100
479 83
479 407
479 372
480 312
480 298
480 3
481 363
481 188
481 55
482 176
482 93
482 1
483 46
483 1
483 171
484 410
484 0
484 15
485 27
485 341
485 2
486 205
486 100
486 47
487 420
487 123
487 68
488 126
488 13
488 145
489 151
489 9
489 7
490 2
490 1
490 242
491 41
491 47
491 334
492 315
492 133
492 377
493 37
493 27
493 9
494 103
494 364
494 31
495 6
495 4
495 31
496 218
496 121
496 82
497 131
497 116
497 143
498 45
498 234
498 249
499 17
499 1
499 178
500 466
500 52
500 138
501 67
501 199
501 218
502 172
502 69
502 8
503 233
503 12
503 35
504 336
504 0
504 365
505 27
505 92
505 431
506 2
506 4
506 186
507 314
507 6
507 315
508 60
508 456
508 6
509 362
509 90
509 125
510 445
510 9
510 132
511 136
511 203
511 254
512 53
512 4
512 210
513 152
513 307
513 1
514 97
514 258
514 243
515 6
515 302
515 75
516 45
516 366
516 426
517 436
517 31
517 12
518 175
518 279
518 345
519 112
519 287
519 2
520 355
520 308
520 74
521 378
521 2
521 27
522 45
522 159
522 446
523 143
523 147
523 45
524 234
524 60
524 4
525 26
525 456
525 65
526 195
526 415
526 35
527 429
527 134
527 126
528 67
528 62
528 278
529 0
529 60
529 114
530 153
530 124
530 2
531 48
531 245
531 126
532 49
532 77
532 115
533 111
533 28
533 27
534 80
534 255
534 435
535 65
535 51
535 67
536 11
536 1
536 306
537 249
537 105
537 28
538 73
538 35
538 13
539 100
539 2
539 430
540 33
540 28
540 14
541 4
541 65
541 474
542 122
542 341
542 53
543 309
543 1
543 511
544 343
544 0
544 307
545 11
545 259
545 287
546 451
546 111
546 236
547 16
547 33
547 105
548 107
548 467
548 464
549 11
549 62
549 390
550 400
550 2
550 296
551 0
551 327
551 67
552 6
552 91
552 340
553 4
553 206
553 1
554 48
554 1
554 4
555 152
555 136
555 48
556 422
556 65
556 396
557 17
557 382
557 100
558 276
558 6
558 17
559 205
559 3
559 188
560 101
560 74
560 474
561 2
561 259
561 32
562 408
562 315
562 6
563 4
563 46
563 311
564 298
564 43
564 76
565 157
565 0
565 272
566 333
566 403
566 178
567 237
567 6
567 17
568 32
568 296
568 0
569 90
569 280
569 186
570 256
570 246
570 9
571 4
571 97
571 9
572 190
572 4
572 2
573 205
573 131
573 4
574 526
574 403
574 437
575 305
575 126
575 118
576 243
576 111
576 11
577 229
577 213
577 473
578 374
578 145
578 103
579 35
579 1
579 6
580 177
580 533
580 171
581 2
581 41
581 450
582 422
582 435
582 428
583 340
583 88
583 444
584 0
584 116
584 479
585 420
585 498
585 48
586 109
586 153
586 473
587 61
587 266
587 69
588 550
588 98
588 90
589 5
589 80
589 526
590 573
590 24
590 563
591 457
591 27
591 125
592 28
592 16
592 151
593 334
593 324
593 37
594 349
594 134
594 21
595 161
595 149
595 12
596 13
596 282
596 178
597 16
597 582
597 287
598 1
598 0
598 162
599 157
599 55
599 124
600 157
600 7
600 8
601 323
601 340
601 0
602 247
602 368
602 512
603 452
603 12
603 15
604 45
604 202
604 0
605 186
605 587
605 502
606 6
606 64
606 188
607 31
607 454
607 529
608 264
608 113
608 134
609 252
609 59
609 375
610 143
610 195
610 224
611 0
611 100
611 300
612 297
612 280
612 2
613 355
613 1
613 485
614 606
614 254
614 167
615 8
615 280
615 77
616 353
616 33
616 193
617 580
617 86
617 44
618 60
618 415
618 539
619 386
619 476
619 384
620 8
620 5
620 82
621 449
621 82
621 65
622 176
622 261
622 108
623 135
623 14
623 90
624 236
624 56
624 66
625 35
625 33
625 383
626 254
626 280
626 69
627 6
627 53
627 125
628 509
628 52
628 451
629 32
629 2
629 320
630 342
630 337
630 112
631 179
631 2
631 351
632 285
632 95
632 248
633 122
633 286
633 1
634 67
634 119
634 429
635 361
635 4
635 203
636 161
636 316
636 6
637 268
637 69
637 418
638 205
638 24
638 636
639 394
639 7
639 27
640 35
640 422
640 466
641 5
641 315
641 288
642 399
642 179
642 607
643 328
643 392
643 3
644 82
644 589
644 6
645 53
645 5
645 4
646 422
646 29
646 272
647 338
647 15
647 155
648 185
648 12
648 36
649 201
649 230
649 14
650 129
650 548
650 100
651 354
651 148
651 156
652 6
652 74
652 196
653 20
653 359
653 45
654 388
654 183
654 231
655 74
655 581
655 6
656 571
656 356
656 13
657 45
657 143
657 160
658 14
658 334
658 234
659 150
659 398
659 13
660 136
660 146
660 476
661 172
661 31
661 27
662 205
662 514
662 115
663 52
663 491
663 483
664 86
664 16
664 248
665 71
665 46
665 102
666 547
666 48
666 32
667 113
667 191
667 4
668 545
668 171
668 385
669 98
669 454
669 185
670 124
670 332
670 67
671 620
671 220
671 352
672 16
672 132
672 8
673 143
673 353
673 288
674 68
674 255
674 3
675 176
675 601
675 465
676 352
676 211
676 247
677 96
677 64
677 518
678 396
678 15
678 8
679 122
679 20
679 526
680 178
680 24
680 167
681 33
681 516
681 28
682 292
682 366
682 132
683 404
683 320
683 242
684 103
684 35
684 433
685 223
685 35
685 320
686 6
686 23
686 552
687 176
687 192
687 523
688 415
688 354
688 5
689 511
689 420
689 99
690 1
690 139
690 233
691 370
691 4
691 384
692 6
692 450
692 31
693 549
693 485
693 607
694 170
694 0
694 11
695 198
695 344
695 233
696 259
696 352
696 618
697 284
697 1
697 385
698 289
698 2
698 693
699 66
699 135
699 399
700 696
700 367
700 17
701 334
701 591
701 229
702 351
702 333
702 477
703 640
703 468
703 13
704 56
704 607
704 488
705 280
705 699
705 350
706 9
706 152
706 55
707 2
707 231
707 187
708 185
708 384
708 28
709 438
709 157
709 466
710 516
710 2
710 474
711 626
711 434
711 95
712 315
712 245
712 39
713 6
713 43
713 550
714 281
714 31
714 190
715 203
715 4
715 204
716 30
716 494
716 420
717 316
717 34
717 45
718 450
718 2
718 716
719 356
719 112
719 450
720 340
720 256
720 23
721 634
721 187
721 382
722 116
722 563
722 234
723 516
723 179
723 12
724 2
724 9
724 4
725 1
725 460
725 184
726 410
726 47
726 356
727 422
727 272
727 294
728 583
728 653
728 290
729 148
729 188
729 369
730 618
730 176
730 34
731 31
731 28
731 266
732 303
732 0
732 141
733 172
733 132
733 90
734 103
734 619
734 154
735 310
735 1
735 346
736 565
736 488
736 352
737 152
737 106
737 389
738 12
738 63
738 1
739 75
739 3
739 62
740 725
740 487
740 364
741 656
741 178
741 24
742 436
742 471
742 0
743 639
743 683
743 65
744 96
744 362
744 399
745 536
745 152
745 351
746 353
746 180
746 51
747 685
747 704
747 680
748 116
748 588
748 344
749 336
749 69
749 1
750 693
750 228
750 749
751 292
751 238
751 657
752 697
752 137
752 292
753 380
753 67
753 206
754 77
754 45
754 285
755 678
755 444
755 654
756 311
756 435
756 176
757 16
757 7
757 35
758 194
758 41
758 757
759 364
759 127
759 366
760 701
760 218
760 47
761 1
761 469
761 86
762 466
762 8
762 30
763 52
763 1
763 414
764 705
764 4
764 30
765 428
765 220
765 668
766 45
766 2
766 266
767 12
767 429
767 563
768 455
768 453
768 33
769 43
769 45
769 162
770 90
770 332
770 222
771 157
771 741
771 145
772 71
772 417
772 448
773 50
773 663
773 354
774 20
774 607
774 43
775 328
775 420
775 770
776 707
776 699
776 607
777 0
777 162
777 69
778 2
778 334
778 231
779 32
779 495
779 652
780 678
780 17
780 281
781 298
781 500
781 455
782 621
782 17
782 101
783 86
783 2
783 3
784 188
784 6
784 291
785 77
785 11
785 173
786 340
786 124
786 362
787 105
787 1
787 189
788 218
788 524
788 121
789 533
789 6
789 494
790 404
790 4
790 13
791 603
791 108
791 346
792 136
792 45
792 516
793 611
793 245
793 107
794 677
794 587
794 50
795 45
795 47
795 154
796 778
796 5
796 62
797 749
797 459
797 33
798 503
798 690
798 153
799 3
799 7
799 352
800 275
800 729
800 201
801 486
801 8
801 70
802 91
802 334
802 223
803 185
803 302
803 202
804 117
804 40
804 1
805 94
805 587
805 105
806 109
806 447
806 124
807 323
807 474
807 2
808 573
808 28
808 305
809 0
809 3
809 1
810 89
810 2
810 10
811 657
811 594
811 228
812 126
812 91
812 367
813 659
813 354
813 337
814 642
814 369
814 239
815 1
815 563
815 258
816 41
816 588
816 612
817 52
817 753
817 109
818 642
818 376
818 2
819 35
819 396
819 667
820 371
820 82
820 463
821 239
821 179
821 183
822 0
822 613
822 69
823 487
823 4
823 773
824 677
824 580
824 701
825 741
825 564
825 542
826 187
826 6
826 26
827 15
827 126
827 739
828 177
828 131
828 402
829 446
829 276
829 224
830 535
830 12
830 168
831 255
831 787
831 420
832 2
832 250
832 27
833 0
833 6
833 724
834 701
834 435
834 315
835 47
835 655
835 276
836 814
836 89
836 4
837 688
837 50
837 573
838 0
838 125
838 1
839 260
839 774
839 4
840 15
840 157
840 6
841 307
841 131
841 504
842 62
842 67
842 620
843 306
843 67
843 11
844 479
844 6
844 623
845 164
845 117
845 397
846 214
846 390
846 142
847 145
847 383
847 110
848 99
848 826
848 587
849 595
849 538
849 745
850 411
850 83
850 0
851 819
851 260
851 137
852 798
852 256
852 337
853 57
853 659
853 661
854 762
854 289
854 33
855 307
855 367
855 388
856 843
856 82
856 630
857 18
857 346
857 708
858 560
858 50
858 4
859 3
859 328
859 78
860 215
860 738
860 828
861 4
861 590
861 2
862 260
862 8
862 670
863 37
863 847
863 314
864 31
864 254
864 71
865 701
865 256
865 769
866 630
866 622
866 1
867 254
867 46
867 92
868 314
868 504
868 331
869 8
869 49
869 56
870 759
870 462
870 6
871 374
871 33
871 403
872 741
872 233
872 331
873 675
873 294
873 797
874 869
874 1
874 26
875 14
875 807
875 12
876 354
876 513
876 415
877 39
877 818
877 218
878 592
878 488
878 89
879 275
879 472
879 818
880 500
880 340
880 466
881 537
881 601
881 378
882 322
882 343
882 866
883 176
883 6
883 23
884 230
884 65
884 113
885 15
885 47
885 110
886 43
886 15
886 229
887 302
887 151
887 587
888 178
888 281
888 8
889 37
889 544
889 4
890 847
890 181
890 2
891 41
891 33
891 558
892 646
892 1
892 723
893 4
893 74
893 711
894 340
894 701
894 415
895 20
895 870
895 494
896 18
896 412
896 156
897 115
897 678
897 126
898 344
898 14
898 0
899 504
899 102
899 509
900 1
900 53
900 2
901 521
901 479
901 736
902 69
902 258
902 2
903 162
903 160
903 1
904 315
904 183
904 12
905 730
905 500
905 70
906 259
906 237
906 199
907 435
907 132
907 49
908 80
908 69
908 518
909 537
909 371
909 92
910 45
910 309
910 382
911 243
911 1
911 282
912 409
912 274
912 164
913 86
913 396
913 174
914 667
914 12
914 169
915 48
915 391
915 583
916 573
916 717
916 12
917 31
917 272
917 12
918 582
918 699
918 69
919 47
919 39
919 103
920 430
920 458
920 784
921 254
921 56
921 337
922 279
922 861
922 232
923 242
923 250
923 406
924 447
924 110
924 44
925 516
925 567
925 354
926 292
926 786
926 148
927 443
927 624
927 230
928 387
928 3
928 258
929 73
929 619
929 635
930 150
930 234
930 590
931 909
931 34
931 10
932 323
932 100
932 54
933 369
933 165
933 55
934 442
934 45
934 3
935 331
935 10
935 569
936 186
936 924
936 0
937 45
937 460
937 622
938 19
938 462
938 423
939 536
939 670
939 686
940 205
940 591
940 633
941 284
941 230
941 4
942 173
942 765
942 134
943 6
943 449
943 313
944 15
944 612
944 45
945 6
945 762
945 367
946 279
946 208
946 49
947 43
947 312
947 9
948 666
948 215
948 796
949 477
949 52
949 193
950 699
950 16
950 196
951 17
951 45
951 281
952 472
952 90
952 14
953 872
953 719
953 361
954 512
954 379
954 145
955 268
955 892
955 239
956 485
956 446
956 73
957 423
957 412
957 180
958 59
958 28
958 400
959 440
959 211
959 667
960 6
960 684
960 60
961 364
961 95
961 17
962 24
962 220
962 18
963 930
963 298
963 108
964 159
964 50
964 142
965 406
965 54
965 180
966 5
966 327
966 863
967 45
967 143
967 16
968 156
968 8
968 279
969 271
969 311
969 260
970 188
970 302
970 12
971 51
971 850
971 170
972 260
972 3
972 222
973 90
973 4
973 519
974 28
974 381
974 33
975 747
975 653
975 678
976 53
976 41
976 88
977 130
977 22
977 84
978 640
978 687
978 14
979 111
979 966
979 403
980 41
980 106
980 451
981 432
981 0
981 354
982 280
982 33
982 427
983 635
983 141
983 831
984 168
984 429
984 46
985 202
985 28
985 654
986 278
986 282
986 28
987 808
987 8
987 113
988 180
988 621
988 448
989 23
989 234
989 667
990 649
990 364
990 646
991 132
991 4
991 103
992 849
992 146
992 400
993 817
993 188
993 213
994 198
994 539
994 1
995 619
995 294
995 18
996 3
996 965
996 97
997 74
997 122
997 984
998 708
998 89
998 11
999 115
999 221
999 119
