0 1
0 2
0 3
0 5
0 6
0 13
0 18
0 20
0 22
0 27
0 62
1 0
1 2
1 3
1 4
1 5
1 6
1 7
1 8
1 10
1 12
1 16
2 1
2 0
2 3
2 4
2 6
2 7
2 11
2 13
2 33
2 60
2 67
3 2
3 0
3 1
3 4
3 5
3 8
3 9
3 10
3 17
3 19
3 21
4 3
4 1
4 2
4 9
4 13
4 15
4 32
4 34
4 35
4 37
4 38
5 1
5 3
5 0
5 11
5 14
5 16
5 24
5 31
5 41
5 56
5 61
6 0
6 1
6 2
6 7
6 9
6 10
6 19
6 23
6 38
6 45
6 55
7 1
7 6
7 2
7 8
7 12
7 30
7 40
7 53
8 3
8 7
8 1
8 22
8 29
8 30
8 42
8 52
8 94
9 3
9 4
9 6
9 11
9 12
9 14
9 21
9 22
9 24
9 28
9 33
10 1
10 3
10 6
10 15
10 26
10 37
10 51
10 52
10 59
11 9
11 2
11 5
11 14
11 18
11 28
11 43
11 46
11 56
11 78
11 98
12 7
12 9
12 1
12 20
12 25
12 57
12 73
12 74
12 91
13 0
13 2
13 4
13 19
13 62
13 72
13 91
13 92
14 5
14 9
14 11
14 15
14 16
14 30
14 31
14 32
14 37
14 50
14 58
15 10
15 4
15 14
15 17
15 28
15 31
15 59
15 81
16 5
16 1
16 14
16 18
16 42
16 76
16 98
17 3
17 1
17 15
17 25
17 94
18 0
18 11
18 16
18 25
18 48
18 62
18 95
19 3
19 6
19 13
19 21
19 23
19 26
19 27
19 29
19 40
19 51
20 0
20 12
20 1
20 36
20 47
20 87
21 9
21 19
21 3
21 29
21 35
21 39
21 82
21 86
22 8
22 9
22 0
22 24
23 6
23 19
23 1
23 34
23 48
24 5
24 9
24 22
24 36
24 78
24 80
24 90
24 96
25 12
25 17
25 18
25 33
25 42
25 59
25 85
25 91
26 1
26 19
26 10
26 92
27 3
27 19
27 0
27 68
27 71
27 85
28 15
28 11
28 9
28 44
28 51
28 61
28 73
28 88
29 8
29 21
29 19
29 32
29 60
29 72
30 8
30 7
30 14
30 36
31 15
31 5
31 14
31 45
31 54
31 66
31 82
32 29
32 14
32 4
32 46
32 63
32 70
32 76
33 9
33 25
33 2
33 39
33 58
33 64
33 68
33 79
33 83
33 84
33 99
34 23
34 3
34 4
34 38
34 43
34 63
34 71
34 80
35 21
35 3
35 4
35 41
35 80
35 83
36 20
36 30
36 24
36 46
37 10
37 14
37 4
37 88
38 34
38 6
38 4
38 49
38 53
38 87
39 4
39 33
39 21
39 47
39 55
39 85
40 7
40 19
40 1
40 49
40 54
40 65
40 88
41 3
41 35
41 5
41 77
42 25
42 8
42 16
42 45
43 11
43 34
43 1
44 9
44 3
44 28
44 49
44 93
45 6
45 31
45 42
45 68
45 75
46 11
46 36
46 32
46 48
46 50
47 39
47 4
47 20
47 66
47 67
48 46
48 23
48 18
48 57
48 89
49 40
49 38
49 44
49 52
50 46
50 3
50 14
50 77
51 19
51 28
51 10
51 93
52 10
52 49
52 8
52 75
52 86
52 95
53 1
53 38
53 7
53 67
54 40
54 31
54 3
54 65
54 92
55 39
55 6
55 3
56 11
56 4
56 5
57 1
57 12
57 48
58 1
58 33
58 14
58 90
59 10
59 25
59 15
59 61
60 29
60 6
60 2
60 78
61 5
61 28
61 59
62 13
62 18
62 0
62 70
63 9
63 32
63 34
63 65
64 5
64 1
64 33
65 54
65 40
65 63
66 5
66 47
66 31
66 79
66 86
66 97
67 53
67 2
67 47
67 72
67 74
68 27
68 33
68 45
68 74
69 9
69 2
69 6
70 32
70 62
70 5
71 34
71 6
71 27
71 82
71 84
72 29
72 67
72 13
73 28
73 6
73 12
74 68
74 67
74 12
75 9
75 45
75 52
75 96
76 3
76 32
76 16
76 87
77 50
77 0
77 41
78 60
78 24
78 11
78 79
78 97
79 33
79 78
79 66
80 24
80 35
80 34
80 89
80 90
81 3
81 0
81 15
81 89
82 31
82 71
82 21
83 1
83 35
83 33
84 71
84 33
84 6
85 25
85 27
85 39
86 66
86 21
86 52
86 94
87 38
87 20
87 76
88 37
88 28
88 40
88 93
88 96
88 98
89 80
89 48
89 81
90 24
90 58
90 80
91 12
91 25
91 13
92 26
92 13
92 54
92 95
93 44
93 88
93 51
93 97
94 8
94 17
94 86
95 18
95 52
95 92
96 88
96 24
96 75
97 93
97 66
97 78
98 88
98 11
98 16
99 6
99 33
99 11
