0 1
0 2
0 3
1 0
1 2
1 3
2 0
2 1
2 3
3 0
3 1
3 2
4 1
4 2
4 0
5 0
5 1
5 4
6 2
6 3
6 4
7 1
7 3
7 6
8 2
8 6
8 1
9 0
9 5
9 8
10 1
10 5
10 3
11 10
11 0
11 9
12 0
12 1
12 8
13 5
13 6
13 1
14 7
14 3
14 12
15 5
15 7
15 2
16 9
16 1
16 4
17 9
17 2
17 8
18 9
18 16
18 2
19 2
19 1
19 0
20 1
20 2
20 6
21 10
21 19
21 0
22 4
22 0
22 15
23 3
23 5
23 21
24 12
24 0
24 14
25 0
25 3
25 9
26 7
26 2
26 9
27 18
27 4
27 15
28 21
28 3
28 12
29 10
29 14
29 7
30 0
30 24
30 2
31 12
31 17
31 15
32 28
32 9
32 2
33 7
33 6
33 1
34 1
34 3
34 25
35 9
35 4
35 29
36 0
36 3
36 7
37 17
37 20
37 1
38 4
38 20
38 15
39 25
39 9
39 1
40 15
40 34
40 36
41 13
41 6
41 7
42 10
42 3
42 2
43 29
43 24
43 3
44 9
44 4
44 12
45 11
45 28
45 12
46 15
46 1
46 25
47 7
47 9
47 14
48 40
48 25
48 9
49 14
49 30
49 18
