0 1
1 0
2 1
2 0
3 0
3 2
3 1
4 0
4 3
4 1
5 1
5 2
5 4
6 4
6 5
6 1
7 4
7 1
7 6
8 0
8 1
8 4
9 0
9 6
9 2
10 0
10 5
10 3
11 5
11 2
11 3
12 10
12 7
12 1
13 4
13 1
13 12
14 2
14 0
14 3
15 0
15 6
15 5
16 5
16 2
16 1
17 5
17 4
17 9
18 4
18 17
18 2
19 0
19 15
19 4
20 6
20 0
20 17
21 0
21 6
21 4
22 12
22 3
22 0
23 1
23 2
23 18
24 5
24 22
24 4
25 12
25 6
25 15
26 0
26 5
26 24
27 4
27 18
27 20
28 1
28 6
28 18
29 0
29 3
29 20
30 2
30 16
30 4
31 18
31 0
31 15
32 0
32 6
32 15
33 21
33 25
33 19
34 9
34 4
34 33
35 34
35 11
35 15
36 15
36 34
36 5
37 22
37 14
37 30
38 3
38 4
38 15
39 18
39 24
39 10
40 16
40 11
40 22
41 12
41 0
41 21
42 7
42 4
42 6
43 34
43 10
43 38
44 13
44 5
44 30
45 33
45 6
45 29
46 4
46 33
46 22
47 46
47 1
47 34
48 5
48 10
48 1
49 45
49 6
49 14
50 33
50 0
50 5
51 45
51 24
51 4
52 15
52 0
52 5
53 17
53 4
53 52
54 1
54 44
54 31
55 15
55 45
55 0
56 0
56 1
56 50
57 38
57 45
57 6
58 6
58 18
58 42
59 57
59 1
59 18
60 9
60 3
60 10
61 1
61 2
61 24
62 24
62 4
62 9
63 10
63 40
63 0
64 52
64 37
64 1
65 18
65 2
65 10
66 10
66 14
66 13
67 1
67 24
67 18
68 8
68 37
68 10
69 27
69 16
69 38
70 34
70 3
70 2
71 10
71 42
71 38
72 18
72 1
72 44
73 33
73 11
73 6
74 1
74 13
74 7
75 22
75 6
75 63
76 4
76 0
76 15
77 5
77 3
77 25
78 50
78 63
78 2
79 1
79 18
79 7
80 57
80 11
80 2
81 6
81 15
81 5
82 20
82 0
82 31
83 37
83 26
83 10
84 73
84 45
84 10
85 18
85 1
85 42
86 51
86 56
86 18
87 34
87 0
87 3
88 4
88 37
88 2
89 12
89 37
89 33
90 86
90 9
90 17
91 37
91 31
91 24
92 57
92 45
92 39
93 64
93 56
93 91
94 0
94 50
94 24
95 24
95 9
95 69
96 13
96 82
96 4
97 38
97 62
97 45
98 72
98 57
98 17
99 42
99 4
99 93
100 65
100 18
100 7
101 32
101 6
101 18
102 10
102 62
102 6
103 41
103 7
103 42
104 40
104 7
104 17
105 24
105 0
105 18
106 81
106 22
106 21
107 24
107 23
107 10
108 2
108 58
108 3
109 3
109 34
109 37
110 68
110 71
110 46
111 108
111 7
111 21
112 46
112 0
112 40
113 29
113 10
113 19
114 1
114 52
114 65
115 96
115 18
115 42
116 13
116 18
116 74
117 114
117 15
117 0
118 59
118 92
118 6
119 1
119 14
119 22
120 92
120 37
120 5
121 15
121 42
121 24
122 1
122 60
122 113
123 10
123 21
123 9
124 6
124 32
124 11
125 2
125 33
125 43
126 98
126 41
126 91
127 56
127 96
127 76
128 6
128 66
128 43
129 10
129 63
129 91
130 102
130 24
130 25
131 84
131 17
131 10
132 9
132 14
132 31
133 128
133 24
133 71
134 34
134 114
134 118
135 15
135 18
135 25
136 108
136 72
136 69
137 8
137 4
137 136
138 114
138 18
138 72
139 18
139 57
139 1
140 2
140 1
140 23
141 37
141 52
141 9
142 6
142 32
142 12
143 21
143 8
143 111
144 9
144 118
144 40
145 113
145 7
145 112
146 3
146 24
146 84
147 11
147 31
147 6
148 50
148 1
148 26
149 21
149 5
149 25
150 28
150 45
150 133
151 141
151 103
151 25
152 86
152 0
152 54
153 100
153 56
153 128
154 34
154 42
154 24
155 1
155 97
155 92
156 15
156 0
156 13
157 70
157 12
157 91
158 56
158 6
158 26
159 2
159 151
159 25
160 6
160 76
160 141
161 2
161 34
161 1
162 10
162 152
162 47
163 85
163 97
163 18
164 40
164 143
164 11
165 18
165 24
165 0
166 18
166 161
166 124
167 7
167 53
167 5
168 11
168 148
168 50
169 23
169 1
169 84
170 22
170 71
170 80
171 1
171 2
171 161
172 21
172 84
172 6
173 5
173 1
173 21
174 134
174 128
174 131
175 56
175 135
175 168
176 20
176 89
176 3
177 83
177 18
177 52
178 23
178 155
178 156
179 120
179 57
179 24
180 99
180 23
180 167
181 0
181 28
181 74
182 149
182 171
182 6
183 111
183 118
183 32
184 124
184 79
184 42
185 157
185 42
185 6
186 0
186 91
186 19
187 140
187 84
187 4
188 7
188 22
188 168
189 0
189 5
189 33
190 169
190 111
190 5
191 56
191 66
191 33
192 73
192 56
192 23
193 146
193 43
193 153
194 115
194 18
194 88
195 63
195 114
195 156
196 78
196 139
196 3
197 64
197 135
197 195
198 10
198 168
198 61
199 24
199 34
199 2
200 52
200 137
200 118
201 9
201 2
201 137
202 20
202 31
202 44
203 156
203 94
203 0
204 136
204 25
204 23
205 1
205 5
205 8
206 15
206 167
206 19
207 66
207 108
207 1
208 7
208 44
208 3
209 1
209 42
209 106
210 34
210 7
210 0
211 5
211 190
211 22
212 138
212 9
212 199
213 82
213 169
213 65
214 104
214 57
214 1
215 2
215 105
215 9
216 143
216 196
216 61
217 50
217 55
217 100
218 1
218 127
218 88
219 74
219 141
219 125
220 215
220 3
220 81
221 47
221 33
221 0
222 1
222 81
222 85
223 38
223 48
223 6
224 9
224 204
224 59
225 72
225 123
225 129
226 10
226 11
226 0
227 44
227 215
227 177
228 25
228 91
228 9
229 222
229 139
229 118
230 18
230 168
230 163
231 147
231 18
231 187
232 20
232 92
232 23
233 114
233 111
233 0
234 22
234 17
234 127
235 229
235 159
235 21
236 42
236 32
236 41
237 7
237 60
237 179
238 7
238 33
238 52
239 35
239 221
239 205
240 33
240 19
240 125
241 1
241 230
241 88
242 159
242 168
242 0
243 6
243 21
243 137
244 107
244 4
244 9
245 60
245 10
245 46
246 179
246 18
246 13
247 48
247 63
247 5
248 52
248 23
248 86
249 18
249 6
249 87
250 42
250 57
250 16
251 52
251 184
251 60
252 246
252 1
252 222
253 121
253 145
253 21
254 103
254 0
254 35
255 41
255 46
255 195
256 128
256 6
256 0
257 118
257 42
257 20
258 20
258 0
258 4
259 226
259 0
259 139
260 18
260 2
260 211
261 212
261 0
261 23
262 56
262 8
262 0
263 35
263 110
263 4
264 132
264 261
264 25
265 232
265 7
265 161
266 183
266 195
266 4
267 120
267 82
267 7
268 85
268 217
268 139
269 121
269 57
269 3
270 114
270 264
270 181
271 230
271 61
271 143
272 168
272 26
272 42
273 74
273 1
273 139
274 107
274 143
274 93
275 204
275 52
275 15
276 139
276 138
276 10
277 183
277 251
277 153
278 33
278 1
278 2
279 262
279 126
279 83
280 75
280 185
280 186
281 100
281 87
281 5
282 5
282 215
282 202
283 1
283 141
283 150
284 260
284 0
284 167
285 56
285 2
285 53
286 145
286 260
286 85
287 203
287 198
287 7
288 19
288 287
288 26
289 5
289 172
289 19
290 105
290 96
290 218
291 1
291 21
291 3
292 82
292 34
292 0
293 235
293 20
293 82
294 4
294 120
294 16
295 34
295 238
295 65
296 22
296 176
296 96
297 266
297 59
297 1
298 6
298 122
298 137
299 6
299 150
299 130
300 7
300 168
300 57
301 56
301 2
301 289
302 22
302 21
302 215
303 41
303 196
303 203
304 142
304 6
304 1
305 0
305 59
305 56
306 40
306 18
306 88
307 99
307 6
307 0
308 282
308 100
308 152
309 299
309 249
309 135
310 297
310 59
310 56
311 34
311 3
311 4
312 64
312 11
312 205
313 21
313 249
313 296
314 142
314 293
314 11
315 6
315 186
315 287
316 50
316 8
316 47
317 45
317 270
317 72
318 278
318 47
318 139
319 246
319 275
319 24
320 107
320 118
320 26
321 24
321 37
321 21
322 118
322 225
322 176
323 108
323 42
323 6
324 128
324 7
324 4
325 5
325 122
325 15
326 25
326 107
326 121
327 3
327 4
327 154
328 14
328 267
328 66
329 96
329 273
329 84
330 299
330 10
330 277
331 203
331 269
331 273
332 255
332 0
332 278
333 34
333 2
333 246
334 168
334 122
334 94
335 7
335 25
335 34
336 189
336 34
336 228
337 42
337 2
337 1
338 331
338 18
338 5
339 289
339 2
339 238
340 50
340 297
340 1
341 226
341 313
341 120
342 100
342 128
342 25
343 3
343 23
343 168
344 229
344 31
344 256
345 162
345 118
345 69
346 214
346 222
346 198
347 71
347 341
347 10
348 151
348 180
348 169
349 125
349 110
349 139
350 46
350 44
350 111
351 302
351 150
351 209
352 161
352 9
352 289
353 2
353 176
353 64
354 1
354 289
354 84
355 134
355 218
355 311
356 112
356 87
356 307
357 3
357 56
357 269
358 348
358 173
358 90
359 37
359 279
359 13
360 3
360 4
360 256
361 0
361 179
361 30
362 11
362 0
362 146
363 186
363 56
363 171
364 299
364 34
364 15
365 235
365 8
365 34
366 10
366 147
366 189
367 43
367 299
367 87
368 33
368 230
368 350
369 313
369 5
369 37
370 124
370 56
370 14
371 1
371 163
371 72
372 150
372 225
372 15
373 10
373 42
373 269
374 317
374 2
374 91
375 341
375 52
375 291
376 302
376 131
376 10
377 53
377 52
377 114
378 273
378 287
378 6
379 69
379 2
379 346
380 165
380 63
380 8
381 277
381 2
381 266
382 30
382 232
382 38
383 87
383 267
383 6
384 124
384 8
384 2
385 375
385 184
385 66
386 343
386 168
386 12
387 127
387 76
387 81
388 2
388 162
388 14
389 384
389 288
389 1
390 22
390 84
390 10
391 24
391 10
391 23
392 148
392 362
392 343
393 277
393 200
393 2
394 266
394 308
394 131
395 56
395 107
395 171
396 93
396 0
396 281
397 0
397 25
397 316
398 268
398 278
398 294
399 344
399 37
399 18
400 74
400 5
400 35
401 293
401 21
401 206
402 181
402 260
402 17
403 16
403 9
403 140
404 127
404 2
404 23
405 25
405 85
405 145
406 103
406 193
406 102
407 121
407 42
407 120
408 52
408 363
408 324
409 244
409 397
409 3
410 134
410 266
410 404
411 22
411 72
411 16
412 7
412 66
412 2
413 209
413 30
413 153
414 291
414 10
414 69
415 1
415 344
415 4
416 21
416 0
416 35
417 55
417 16
417 38
418 205
418 142
418 19
419 39
419 26
419 229
420 399
420 0
420 147
421 342
421 208
421 0
422 1
422 176
422 5
423 238
423 2
423 342
424 6
424 132
424 0
425 268
425 147
425 24
426 6
426 1
426 89
427 250
427 42
427 72
428 9
428 18
428 163
429 16
429 10
429 9
430 293
430 123
430 421
431 226
431 29
431 183
432 10
432 150
432 214
433 411
433 366
433 148
434 88
434 7
434 0
435 413
435 255
435 25
436 401
436 199
436 1
437 9
437 78
437 6
438 3
438 141
438 42
439 34
439 11
439 189
440 299
440 29
440 11
441 111
441 427
441 32
442 91
442 161
442 144
443 131
443 26
443 21
444 272
444 205
444 40
445 277
445 392
445 1
446 147
446 277
446 1
447 42
447 126
447 1
448 207
448 293
448 6
449 69
449 2
449 5
450 373
450 413
450 161
451 100
451 5
451 95
452 5
452 276
452 72
453 1
453 242
453 116
454 443
454 261
454 44
455 388
455 4
455 130
456 390
456 64
456 440
457 4
457 354
457 265
458 322
458 43
458 439
459 25
459 18
459 53
460 353
460 331
460 114
461 16
461 0
461 96
462 211
462 384
462 269
463 7
463 128
463 34
464 254
464 188
464 9
465 327
465 16
465 61
466 369
466 251
466 362
467 171
467 385
467 137
468 142
468 318
468 222
469 39
469 213
469 272
470 207
470 80
470 70
471 353
471 4
471 364
472 5
472 211
472 128
473 81
473 91
473 206
474 306
474 9
474 29
475 402
475 0
475 343
476 221
476 117
476 58
477 64
477 2
477 306
478 226
478 26
478 84
479 7
479 2
479 110
480 319
480 217
480 161
481 331
481 375
481 57
482 229
482 18
482 112
483 151
483 52
483 17
484 6
484 317
484 186
485 191
485 107
485 0
486 282
486 469
486 18
487 23
487 278
487 205
488 327
488 42
488 2
489 52
489 56
489 341
490 374
490 28
490 1
491 85
491 89
491 0
492 9
492 6
492 18
493 111
493 2
493 69
494 410
494 333
494 486
495 158
495 22
495 214
496 33
496 275
496 90
497 171
497 37
497 286
498 327
498 207
498 54
499 15
499 2
499 258
500 217
500 105
500 165
501 90
501 123
501 16
502 51
502 175
502 260
503 52
503 176
503 287
504 196
504 177
504 1
505 140
505 482
505 29
506 112
506 0
506 484
507 288
507 213
507 316
508 210
508 319
508 69
509 40
509 434
509 64
510 184
510 96
510 4
511 1
511 43
511 287
512 223
512 95
512 393
513 38
513 140
513 88
514 406
514 15
514 269
515 269
515 270
515 66
516 15
516 131
516 71
517 269
517 34
517 121
518 15
518 405
518 318
519 221
519 24
519 137
520 518
520 137
520 321
521 251
521 1
521 18
522 25
522 96
522 378
523 5
523 118
523 117
524 397
524 457
524 487
525 40
525 272
525 399
526 1
526 38
526 431
527 42
527 481
527 75
528 255
528 33
528 278
529 476
529 427
529 177
530 157
530 55
530 331
531 107
531 238
531 84
532 214
532 33
532 9
533 43
533 56
533 18
534 57
534 3
534 339
535 2
535 9
535 399
536 475
536 166
536 482
537 412
537 0
537 105
538 29
538 60
538 208
539 324
539 7
539 343
540 147
540 343
540 165
541 230
541 121
541 523
542 64
542 402
542 140
543 29
543 362
543 277
544 294
544 440
544 105
545 264
545 120
545 131
546 40
546 43
546 293
547 195
547 211
547 522
548 306
548 186
548 52
549 317
549 50
549 331
550 239
550 29
550 465
551 289
551 3
551 60
552 261
552 501
552 120
553 492
553 1
553 137
554 341
554 458
554 0
555 5
555 105
555 140
556 103
556 15
556 266
557 243
557 501
557 3
558 504
558 157
558 33
559 423
559 462
559 169
560 445
560 229
560 395
561 124
561 300
561 533
562 152
562 93
562 251
563 24
563 332
563 218
564 438
564 27
564 172
565 2
565 23
565 7
566 546
566 34
566 2
567 327
567 495
567 433
568 451
568 141
568 169
569 2
569 102
569 83
570 134
570 23
570 567
571 379
571 88
571 37
572 11
572 537
572 38
573 321
573 21
573 96
574 423
574 253
574 15
575 493
575 379
575 26
576 132
576 460
576 410
577 487
577 52
577 10
578 23
578 527
578 34
579 74
579 172
579 298
580 198
580 31
580 9
581 193
581 2
581 0
582 20
582 5
582 343
583 78
583 96
583 29
584 147
584 568
584 399
585 82
585 15
585 127
586 308
586 393
586 9
587 486
587 465
587 327
588 0
588 356
588 48
589 2
589 25
589 43
590 319
590 18
590 117
591 240
591 4
591 518
592 290
592 107
592 165
593 38
593 12
593 3
594 17
594 116
594 433
595 56
595 148
595 10
596 207
596 9
596 148
597 591
597 60
597 64
598 127
598 0
598 580
599 317
599 487
599 35
600 343
600 15
600 221
601 37
601 18
601 50
602 399
602 343
602 270
603 528
603 215
603 109
604 145
604 298
604 399
605 56
605 31
605 427
606 152
606 10
606 271
607 346
607 324
607 35
608 329
608 502
608 233
609 198
609 269
609 22
610 142
610 464
610 121
611 204
611 413
611 54
612 376
612 428
612 10
613 168
613 176
613 464
614 34
614 280
614 168
615 290
615 15
615 2
616 341
616 337
616 344
617 363
617 218
617 314
618 261
618 477
618 1
619 239
619 168
619 10
620 218
620 531
620 72
621 465
621 40
621 115
622 327
622 2
622 353
623 174
623 188
623 59
624 212
624 85
624 327
625 412
625 45
625 52
626 538
626 2
626 145
627 56
627 314
627 476
628 34
628 84
628 531
629 17
629 147
629 4
630 279
630 6
630 267
631 52
631 170
631 21
632 2
632 1
632 10
633 55
633 423
633 40
634 562
634 129
634 66
635 560
635 278
635 6
636 487
636 501
636 483
637 5
637 41
637 255
638 395
638 22
638 44
639 84
639 134
639 16
640 402
640 88
640 205
641 133
641 0
641 312
642 16
642 403
642 401
643 116
643 246
643 29
644 270
644 551
644 415
645 218
645 97
645 495
646 269
646 388
646 9
647 244
647 272
647 273
648 636
648 21
648 619
649 590
649 190
649 207
650 431
650 40
650 548
651 105
651 0
651 9
652 92
652 293
652 296
653 608
653 441
653 1
654 137
654 157
654 491
655 15
655 42
655 449
656 93
656 21
656 632
657 35
657 307
657 308
658 25
658 214
658 121
659 0
659 3
659 43
660 157
660 187
660 66
661 56
661 145
661 584
662 141
662 7
662 8
663 375
663 14
663 276
664 209
664 37
664 9
665 512
665 654
665 201
666 47
666 21
666 404
667 106
667 6
667 268
668 627
668 613
668 69
669 375
669 47
669 309
670 445
670 70
670 99
671 6
671 402
671 373
672 34
672 625
672 10
673 226
673 327
673 64
674 64
674 15
674 297
675 613
675 75
675 617
676 19
676 45
676 338
677 570
677 165
677 24
678 34
678 82
678 78
679 545
679 223
679 397
680 0
680 240
680 18
681 342
681 22
681 147
682 232
682 28
682 135
683 11
683 330
683 137
684 649
684 149
684 42
685 2
685 217
685 521
686 1
686 429
686 191
687 167
687 168
687 126
688 13
688 208
688 121
689 642
689 356
689 22
690 514
690 269
690 238
691 96
691 81
691 497
692 289
692 31
692 84
693 16
693 602
693 487
694 33
694 142
694 57
695 347
695 684
695 0
696 1
696 396
696 501
697 15
697 401
697 18
698 423
698 150
698 16
699 269
699 299
699 337
700 602
700 2
700 163
701 10
701 558
701 510
702 623
702 24
702 76
703 416
703 614
703 5
704 396
704 241
704 2
705 187
705 450
705 385
706 0
706 5
706 272
707 213
707 501
707 375
708 15
708 27
708 358
709 133
709 34
709 270
710 685
710 641
710 372
711 9
711 609
711 282
712 668
712 539
712 569
713 375
713 18
713 246
714 84
714 16
714 681
715 135
715 9
715 704
716 309
716 126
716 0
717 53
717 660
717 23
718 352
718 84
718 258
719 99
719 410
719 482
720 409
720 633
720 83
721 0
721 613
721 260
722 274
722 330
722 286
723 252
723 87
723 61
724 507
724 66
724 697
725 34
725 352
725 168
726 72
726 33
726 24
727 202
727 327
727 609
728 320
728 82
728 582
729 9
729 98
729 479
730 96
730 566
730 350
731 2
731 690
731 43
732 523
732 263
732 314
733 339
733 3
733 15
734 129
734 10
734 372
735 10
735 56
735 244
736 114
736 89
736 134
737 165
737 33
737 40
738 416
738 1
738 33
739 616
739 371
739 199
740 480
740 2
740 34
741 23
741 698
741 10
742 669
742 586
742 2
743 691
743 111
743 545
744 211
744 441
744 3
745 204
745 130
745 22
746 655
746 325
746 69
747 2
747 735
747 6
748 38
748 532
748 285
749 138
749 641
749 54
750 78
750 318
750 399
751 151
751 43
751 37
752 79
752 408
752 8
753 403
753 118
753 22
754 2
754 73
754 666
755 83
755 90
755 229
756 4
756 49
756 44
757 253
757 351
757 366
758 9
758 506
758 28
759 41
759 257
759 503
760 116
760 184
760 62
761 373
761 200
761 546
762 29
762 619
762 199
763 521
763 533
763 646
764 439
764 9
764 69
765 2
765 380
765 602
766 726
766 9
766 20
767 6
767 33
767 250
768 114
768 146
768 238
769 96
769 486
769 269
770 123
770 227
770 75
771 396
771 269
771 61
772 106
772 18
772 33
773 204
773 324
773 23
774 56
774 240
774 9
775 767
775 266
775 3
776 614
776 1
776 327
777 9
777 677
777 343
778 383
778 71
778 16
779 18
779 91
779 630
780 641
780 699
780 558
781 724
781 413
781 388
782 90
782 204
782 34
783 432
783 236
783 619
784 60
784 564
784 143
785 512
785 2
785 256
786 11
786 358
786 605
787 58
787 679
787 16
788 487
788 293
788 21
789 445
789 476
789 754
790 3
790 729
790 204
791 769
791 203
791 251
792 518
792 788
792 264
793 34
793 316
793 489
794 283
794 11
794 136
795 108
795 35
795 76
796 468
796 17
796 635
797 37
797 157
797 627
798 84
798 424
798 27
799 796
799 495
799 647
800 169
800 0
800 584
801 283
801 777
801 166
802 261
802 280
802 105
803 38
803 3
803 763
804 428
804 0
804 344
805 162
805 433
805 114
806 81
806 52
806 10
807 114
807 384
807 672
808 778
808 214
808 534
809 23
809 195
809 117
810 487
810 6
810 10
811 32
811 566
811 608
812 52
812 216
812 206
813 150
813 14
813 88
814 232
814 102
814 501
815 689
815 240
815 6
816 32
816 198
816 9
817 450
817 605
817 287
818 199
818 105
818 35
819 469
819 802
819 358
820 15
820 817
820 721
821 74
821 291
821 610
822 6
822 805
822 44
823 591
823 57
823 16
824 19
824 646
824 80
825 405
825 331
825 0
826 695
826 5
826 145
827 56
827 3
827 34
828 3
828 270
828 118
829 9
829 53
829 426
830 246
830 683
830 6
831 493
831 360
831 398
832 512
832 57
832 494
833 175
833 800
833 446
834 833
834 81
834 189
835 168
835 1
835 250
836 0
836 750
836 628
837 0
837 101
837 24
838 103
838 634
838 270
839 413
839 164
839 19
840 4
840 205
840 558
841 811
841 291
841 133
842 33
842 121
842 296
843 32
843 671
843 725
844 58
844 674
844 0
845 32
845 497
845 61
846 56
846 52
846 614
847 169
847 260
847 282
848 559
848 3
848 232
849 140
849 232
849 40
850 326
850 843
850 125
851 43
851 583
851 538
852 512
852 1
852 249
853 374
853 2
853 114
854 730
854 709
854 825
855 169
855 23
855 129
856 238
856 796
856 837
857 414
857 242
857 0
858 295
858 209
858 537
859 131
859 150
859 28
860 110
860 145
860 50
861 713
861 2
861 151
862 671
862 147
862 0
863 282
863 443
863 101
864 567
864 151
864 105
865 21
865 66
865 583
866 658
866 50
866 416
867 531
867 7
867 560
868 520
868 742
868 618
869 57
869 622
869 558
870 33
870 74
870 97
871 745
871 691
871 287
872 0
872 69
872 22
873 222
873 96
873 205
874 2
874 73
874 74
875 82
875 259
875 285
876 289
876 629
876 193
877 2
877 360
877 38
878 137
878 211
878 6
879 440
879 437
879 406
880 801
880 18
880 449
881 111
881 488
881 401
882 654
882 29
882 532
883 573
883 210
883 21
884 333
884 21
884 298
885 608
885 7
885 26
886 699
886 26
886 259
887 95
887 18
887 402
888 150
888 504
888 794
889 21
889 214
889 6
890 616
890 11
890 360
891 124
891 21
891 222
892 560
892 21
892 41
893 681
893 15
893 153
894 18
894 22
894 48
895 721
895 150
895 175
896 679
896 66
896 240
897 69
897 87
897 26
898 29
898 48
898 444
899 529
899 21
899 31
900 34
900 467
900 179
901 354
901 24
901 732
902 32
902 195
902 680
903 568
903 361
903 6
904 714
904 10
904 63
905 408
905 158
905 56
906 0
906 37
906 103
907 754
907 14
907 0
908 0
908 57
908 383
909 411
909 42
909 726
910 897
910 794
910 96
911 40
911 42
911 25
912 298
912 312
912 56
913 746
913 40
913 1
914 93
914 617
914 810
915 201
915 780
915 72
916 392
916 850
916 360
917 482
917 15
917 18
918 40
918 403
918 294
919 309
919 17
919 870
920 83
920 914
920 33
921 256
921 294
921 32
922 108
922 157
922 395
923 395
923 630
923 736
924 246
924 613
924 754
925 69
925 208
925 580
926 1
926 471
926 479
927 486
927 162
927 25
928 43
928 485
928 390
929 436
929 43
929 239
930 18
930 233
930 6
931 127
931 83
931 692
932 518
932 317
932 430
933 771
933 161
933 339
934 618
934 697
934 71
935 2
935 228
935 497
936 674
936 10
936 86
937 0
937 282
937 173
938 605
938 400
938 114
939 495
939 4
939 436
940 503
940 198
940 147
941 9
941 699
941 42
942 266
942 561
942 197
943 204
943 758
943 337
944 6
944 932
944 816
945 473
945 814
945 26
946 709
946 667
946 697
947 6
947 152
947 475
948 625
948 10
948 228
949 414
949 881
949 77
950 182
950 167
950 343
951 217
951 813
951 171
952 116
952 74
952 592
953 50
953 495
953 739
954 2
954 304
954 34
955 249
955 17
955 340
956 9
956 393
956 23
957 29
957 2
957 800
958 291
958 209
958 180
959 794
959 292
959 378
960 473
960 96
960 940
961 106
961 922
961 41
962 63
962 948
962 128
963 118
963 63
963 60
964 624
964 765
964 86
965 278
965 920
965 6
966 843
966 807
966 145
967 458
967 732
967 213
968 85
968 464
968 80
969 226
969 683
969 25
970 111
970 12
970 564
971 2
971 74
971 57
972 25
972 593
972 83
973 152
973 86
973 907
974 801
974 9
974 217
975 489
975 23
975 64
976 222
976 668
976 84
977 592
977 142
977 343
978 650
978 50
978 27
979 131
979 430
979 428
980 364
980 25
980 238
981 463
981 971
981 205
982 113
982 647
982 74
983 10
983 547
983 43
984 161
984 200
984 877
985 161
985 46
985 6
986 11
986 2
986 314
987 396
987 934
987 7
988 879
988 18
988 139
989 25
989 362
989 284
990 322
990 50
990 76
991 356
991 37
991 255
992 522
992 317
992 487
993 627
993 530
993 38
994 811
994 199
994 286
995 551
995 574
995 561
996 287
996 907
996 211
997 637
997 371
997 877
998 42
998 644
998 13
999 2
999 1
999 546
