0 1
0 2
1 0
1 2
2 0
2 1
3 2
3 0
3 1
4 2
4 0
4 3
5 3
5 4
5 0
6 1
6 3
6 2
7 0
7 2
7 6
8 1
8 2
8 5
9 6
9 0
9 7
10 4
10 2
10 0
11 0
11 4
11 2
12 1
12 0
12 2
13 0
13 8
13 3
14 0
14 1
14 2
15 1
15 14
15 2
16 1
16 12
16 14
17 0
17 9
17 1
18 0
18 1
18 6
19 1
19 14
19 15
20 1
20 15
20 0
21 2
21 16
21 4
22 1
22 15
22 0
23 2
23 6
23 9
24 2
24 8
24 18
25 2
25 0
25 3
26 17
26 2
26 0
27 12
27 6
27 7
28 1
28 8
28 5
29 19
29 26
29 0
30 2
30 15
30 6
31 8
31 0
31 22
32 19
32 6
32 0
33 3
33 9
33 14
34 13
34 20
34 8
35 11
35 16
35 22
36 0
36 31
36 3
37 1
37 9
37 11
38 16
38 18
38 34
39 26
39 30
39 0
40 3
40 6
40 32
41 19
41 9
41 6
42 8
42 19
42 1
43 3
43 7
43 17
44 0
44 20
44 3
45 2
45 25
45 24
46 32
46 8
46 6
47 3
47 22
47 1
48 22
48 2
48 30
49 30
49 15
49 0
50 9
50 1
50 4
51 11
51 43
51 17
52 1
52 42
52 26
53 1
53 16
53 33
54 7
54 0
54 53
55 0
55 15
55 9
56 1
56 3
56 9
57 22
57 4
57 2
58 46
58 14
58 31
59 0
59 8
59 33
60 39
60 2
60 37
61 35
61 1
61 43
62 41
62 50
62 54
63 38
63 6
63 8
64 6
64 7
64 0
65 38
65 2
65 15
66 24
66 2
66 6
67 6
67 0
67 36
68 0
68 30
68 58
69 43
69 0
69 11
70 18
70 22
70 53
71 61
71 16
71 68
72 4
72 0
72 26
73 4
73 24
73 10
74 6
74 4
74 14
75 66
75 22
75 24
76 56
76 20
76 13
77 47
77 66
77 76
78 44
78 4
78 17
79 9
79 22
79 69
80 11
80 78
80 25
81 78
81 80
81 4
82 8
82 55
82 0
83 25
83 0
83 2
84 12
84 68
84 30
85 20
85 19
85 8
86 14
86 48
86 67
87 12
87 30
87 25
88 41
88 6
88 25
89 78
89 53
89 23
90 43
90 0
90 14
91 0
91 3
91 4
92 9
92 22
92 15
93 29
93 53
93 2
94 3
94 1
94 49
95 93
95 28
95 79
96 38
96 35
96 72
97 69
97 76
97 2
98 52
98 53
98 41
99 6
99 9
99 24
100 36
100 18
100 57
101 12
101 71
101 64
102 6
102 100
102 49
103 6
103 54
103 3
104 3
104 18
104 2
105 1
105 86
105 33
106 4
106 2
106 46
107 1
107 54
107 73
108 4
108 80
108 7
109 2
109 84
109 0
110 101
110 8
110 2
111 2
111 52
111 38
112 1
112 0
112 16
113 91
113 46
113 28
114 2
114 91
114 40
115 30
115 57
115 73
116 52
116 3
116 20
117 35
117 18
117 74
118 95
118 71
118 18
119 0
119 74
119 16
120 26
120 4
120 99
121 59
121 12
121 79
122 95
122 9
122 6
123 99
123 78
123 16
124 22
124 53
124 3
125 92
125 1
125 108
126 6
126 54
126 95
127 100
127 2
127 24
128 49
128 8
128 1
129 127
129 0
129 76
130 16
130 10
130 47
131 4
131 98
131 114
132 79
132 61
132 110
133 20
133 32
133 76
134 13
134 116
134 53
135 1
135 14
135 22
136 104
136 38
136 3
137 114
137 16
137 14
138 107
138 70
138 102
139 88
139 128
139 54
140 92
140 52
140 3
141 101
141 120
141 80
142 22
142 2
142 56
143 48
143 71
143 96
144 142
144 108
144 143
145 33
145 43
145 38
146 99
146 88
146 62
147 46
147 0
147 143
148 96
148 42
148 106
149 2
149 80
149 76
150 68
150 11
150 0
151 15
151 1
151 44
152 144
152 80
152 8
153 3
153 7
153 13
154 3
154 110
154 59
155 107
155 80
155 7
156 124
156 23
156 86
157 1
157 81
157 99
158 38
158 3
158 6
159 0
159 142
159 96
160 61
160 14
160 99
161 18
161 30
161 25
162 145
162 142
162 1
163 94
163 38
163 107
164 1
164 2
164 147
165 60
165 92
165 121
166 14
166 81
166 35
167 51
167 2
167 0
168 58
168 99
168 52
169 72
169 69
169 1
170 8
170 157
170 16
171 4
171 66
171 60
172 29
172 31
172 141
173 165
173 30
173 6
174 131
174 113
174 147
175 31
175 7
175 14
176 2
176 12
176 21
177 18
177 25
177 19
178 16
178 38
178 108
179 8
179 1
179 99
180 0
180 11
180 164
181 20
181 21
181 0
182 30
182 8
182 6
183 177
183 13
183 0
184 53
184 25
184 0
185 4
185 18
185 153
186 135
186 184
186 167
187 2
187 0
187 8
188 12
188 82
188 0
189 183
189 0
189 107
190 86
190 12
190 136
191 7
191 160
191 6
192 8
192 188
192 0
193 29
193 0
193 15
194 105
194 19
194 52
195 126
195 192
195 11
196 52
196 71
196 133
197 117
197 64
197 69
198 1
198 19
198 16
199 179
199 39
199 35
200 0
200 141
200 191
201 80
201 96
201 4
202 16
202 95
202 12
203 159
203 15
203 11
204 75
204 36
204 7
205 66
205 0
205 69
206 57
206 86
206 8
207 196
207 93
207 157
208 73
208 0
208 148
209 158
209 52
209 27
210 3
210 0
210 70
211 62
211 18
211 87
212 158
212 16
212 192
213 14
213 59
213 9
214 200
214 50
214 0
215 169
215 9
215 115
216 7
216 8
216 14
217 181
217 38
217 202
218 0
218 1
218 13
219 120
219 148
219 16
220 47
220 46
220 7
221 44
221 161
221 25
222 134
222 0
222 157
223 59
223 114
223 2
224 71
224 167
224 13
225 8
225 68
225 153
226 7
226 9
226 17
227 207
227 184
227 87
228 189
228 108
228 15
229 99
229 226
229 2
230 65
230 2
230 0
231 2
231 108
231 1
232 16
232 18
232 197
233 78
233 176
233 102
234 59
234 96
234 76
235 35
235 195
235 9
236 32
236 53
236 221
237 39
237 207
237 76
238 38
238 12
238 46
239 131
239 183
239 74
240 149
240 7
240 75
241 89
241 39
241 33
242 177
242 69
242 11
243 6
243 2
243 9
244 86
244 4
244 0
245 114
245 0
245 143
246 77
246 223
246 9
247 4
247 69
247 16
248 30
248 68
248 245
249 35
249 196
249 226
250 15
250 6
250 96
251 21
251 158
251 9
252 120
252 142
252 100
253 218
253 95
253 3
254 4
254 20
254 18
255 9
255 14
255 56
256 156
256 14
256 240
257 86
257 46
257 64
258 123
258 77
258 185
259 222
259 35
259 1
260 50
260 20
260 18
261 86
261 63
261 0
262 111
262 222
262 2
263 54
263 157
263 215
264 0
264 2
264 225
265 102
265 0
265 24
266 13
266 116
266 14
267 1
267 7
267 135
268 19
268 230
268 14
269 12
269 47
269 52
270 3
270 95
270 145
271 70
271 88
271 199
272 13
272 0
272 233
273 0
273 166
273 4
274 124
274 157
274 117
275 0
275 67
275 6
276 157
276 129
276 4
277 7
277 170
277 241
278 120
278 3
278 266
279 200
279 13
279 11
280 68
280 239
280 141
281 91
281 183
281 176
282 269
282 25
282 67
283 193
283 102
283 46
284 44
284 222
284 282
285 175
285 29
285 19
286 13
286 19
286 268
287 156
287 177
287 0
288 215
288 99
288 157
289 68
289 282
289 221
290 2
290 69
290 38
291 172
291 107
291 193
292 45
292 2
292 0
293 13
293 74
293 9
294 69
294 223
294 245
295 263
295 129
295 289
296 209
296 16
296 161
297 229
297 293
297 0
298 57
298 30
298 9
299 226
299 14
299 32
300 249
300 156
300 236
301 275
301 1
301 9
302 285
302 19
302 132
303 272
303 24
303 276
304 233
304 277
304 196
305 52
305 18
305 167
306 0
306 25
306 180
307 92
307 53
307 149
308 91
308 9
308 46
309 18
309 100
309 158
310 186
310 110
310 120
311 52
311 8
311 192
312 58
312 106
312 7
313 0
313 29
313 34
314 13
314 95
314 260
315 11
315 29
315 68
316 84
316 27
316 70
317 54
317 135
317 222
318 10
318 29
318 8
319 24
319 38
319 28
320 113
320 3
320 52
321 195
321 140
321 74
322 92
322 141
322 259
323 9
323 2
323 294
324 291
324 6
324 2
325 8
325 199
325 194
326 253
326 51
326 2
327 1
327 49
327 272
328 208
328 1
328 105
329 129
329 202
329 12
330 0
330 74
330 222
331 103
331 78
331 195
332 88
332 13
332 92
333 281
333 100
333 59
334 29
334 286
334 267
335 221
335 64
335 108
336 145
336 0
336 270
337 38
337 320
337 157
338 1
338 284
338 124
339 93
339 277
339 325
340 6
340 14
340 225
341 35
341 30
341 155
342 69
342 2
342 181
343 185
343 3
343 1
344 340
344 52
344 106
345 106
345 320
345 86
346 238
346 0
346 73
347 77
347 195
347 59
348 204
348 193
348 69
349 109
349 59
349 8
350 157
350 110
350 70
351 103
351 200
351 62
352 184
352 222
352 255
353 38
353 117
353 49
354 353
354 54
354 326
355 329
355 155
355 91
356 170
356 80
356 61
357 193
357 88
357 77
358 41
358 70
358 20
359 332
359 343
359 209
360 180
360 14
360 288
361 3
361 336
361 20
362 11
362 100
362 38
363 160
363 3
363 187
364 37
364 147
364 247
365 113
365 64
365 27
366 80
366 69
366 273
367 13
367 177
367 89
368 0
368 113
368 80
369 128
369 320
369 48
370 5
370 1
370 38
371 80
371 131
371 141
372 20
372 141
372 3
373 255
373 2
373 23
374 297
374 38
374 134
375 122
375 2
375 277
376 273
376 134
376 9
377 45
377 127
377 81
378 18
378 135
378 2
379 124
379 35
379 259
380 30
380 271
380 21
381 127
381 30
381 4
382 360
382 114
382 188
383 321
383 105
383 27
384 1
384 0
384 22
385 91
385 14
385 0
386 80
386 101
386 249
387 243
387 6
387 12
388 120
388 0
388 2
389 114
389 298
389 46
390 96
390 110
390 341
391 59
391 184
391 231
392 193
392 39
392 358
393 99
393 6
393 209
394 52
394 149
394 119
395 311
395 116
395 8
396 62
396 44
396 189
397 91
397 62
397 76
398 50
398 328
398 157
399 345
399 3
399 284
400 19
400 37
400 35
401 2
401 293
401 79
402 154
402 255
402 28
403 166
403 107
403 222
404 252
404 124
404 328
405 80
405 31
405 32
406 25
406 259
406 184
407 325
407 7
407 207
408 67
408 16
408 304
409 20
409 4
409 230
410 399
410 131
410 194
411 241
411 18
411 115
412 11
412 263
412 39
413 108
413 52
413 0
414 77
414 378
414 2
415 25
415 143
415 144
416 362
416 91
416 394
417 0
417 346
417 184
418 1
418 306
418 343
419 289
419 4
419 100
420 239
420 148
420 285
421 3
421 394
421 140
422 288
422 269
422 297
423 12
423 174
423 180
424 241
424 345
424 341
425 57
425 11
425 29
426 383
426 86
426 375
427 3
427 7
427 225
428 323
428 286
428 70
429 282
429 2
429 368
430 2
430 22
430 321
431 107
431 9
431 0
432 180
432 9
432 202
433 339
433 148
433 178
434 69
434 147
434 156
435 347
435 13
435 143
436 261
436 125
436 7
437 366
437 30
437 3
438 153
438 68
438 15
439 375
439 222
439 98
440 170
440 223
440 25
441 207
441 80
441 184
442 52
442 426
442 69
443 155
443 288
443 46
444 147
444 243
444 94
445 293
445 0
445 341
446 244
446 239
446 18
447 205
447 38
447 212
448 152
448 358
448 107
449 111
449 11
449 0
450 110
450 2
450 225
451 102
451 199
451 99
452 23
452 127
452 339
453 205
453 2
453 382
454 345
454 16
454 1
455 202
455 100
455 142
456 1
456 360
456 235
457 426
457 39
457 265
458 61
458 193
458 16
459 120
459 160
459 2
460 100
460 133
460 78
461 177
461 281
461 291
462 2
462 377
462 99
463 0
463 15
463 209
464 14
464 232
464 429
465 29
465 216
465 9
466 70
466 446
466 263
467 143
467 176
467 48
468 107
468 27
468 6
469 29
469 30
469 7
470 134
470 29
470 49
471 453
471 24
471 390
472 0
472 8
472 148
473 110
473 40
473 215
474 0
474 271
474 32
475 126
475 69
475 444
476 46
476 7
476 437
477 5
477 70
477 67
478 40
478 285
478 325
479 59
479 100
479 259
480 305
480 470
480 13
481 18
481 304
481 158
482 168
482 222
482 223
483 232
483 7
483 410
484 78
484 7
484 446
485 3
485 368
485 464
486 2
486 260
486 91
487 32
487 25
487 397
488 161
488 18
488 115
489 303
489 2
489 222
490 67
490 70
490 350
491 1
491 376
491 73
492 369
492 1
492 452
493 217
493 78
493 117
494 53
494 281
494 185
495 375
495 480
495 31
496 7
496 473
496 188
497 366
497 410
497 317
498 89
498 366
498 249
499 53
499 287
499 81
500 14
500 149
500 291
501 0
501 338
501 22
502 181
502 401
502 185
503 191
503 373
503 51
504 136
504 480
504 291
505 131
505 148
505 72
506 27
506 503
506 38
507 255
507 375
507 400
508 50
508 168
508 51
509 1
509 328
509 124
510 89
510 59
510 0
511 46
511 153
511 61
512 40
512 479
512 501
513 7
513 11
513 6
514 197
514 195
514 237
515 2
515 428
515 219
516 247
516 2
516 442
517 177
517 7
517 32
518 210
518 445
518 6
519 106
519 287
519 466
520 23
520 250
520 12
521 362
521 1
521 6
522 80
522 222
522 9
523 455
523 192
523 131
524 41
524 6
524 2
525 190
525 211
525 41
526 60
526 309
526 156
527 341
527 11
527 470
528 14
528 452
528 261
529 350
529 412
529 65
530 3
530 291
530 430
531 222
531 348
531 120
532 76
532 262
532 312
533 246
533 193
533 518
534 2
534 200
534 150
535 109
535 24
535 134
536 86
536 57
536 233
537 196
537 39
537 521
538 289
538 91
538 14
539 318
539 328
539 101
540 2
540 13
540 12
541 365
541 229
541 276
542 76
542 0
542 103
543 59
543 91
543 6
544 370
544 168
544 3
545 375
545 80
545 69
546 14
546 83
546 13
547 40
547 148
547 38
548 269
548 46
548 27
549 420
549 52
549 0
550 538
550 476
550 378
551 543
551 260
551 23
552 9
552 30
552 332
553 440
553 76
553 277
554 193
554 101
554 62
555 46
555 59
555 50
556 2
556 84
556 160
557 265
557 73
557 268
558 120
558 14
558 180
559 22
559 104
559 70
560 299
560 419
560 117
561 466
561 537
561 426
562 504
562 59
562 175
563 192
563 143
563 39
564 559
564 8
564 201
565 1
565 11
565 445
566 58
566 473
566 80
567 244
567 498
567 92
568 1
568 520
568 16
569 186
569 271
569 133
570 9
570 237
570 178
571 341
571 2
571 158
572 522
572 325
572 138
573 136
573 14
573 77
574 93
574 403
574 364
575 96
575 34
575 288
576 66
576 63
576 14
577 421
577 303
577 510
578 31
578 14
578 82
579 225
579 182
579 9
580 307
580 28
580 99
581 9
581 29
581 400
582 121
582 18
582 85
583 110
583 14
583 12
584 59
584 78
584 12
585 49
585 92
585 174
586 329
586 156
586 107
587 584
587 336
587 74
588 95
588 356
588 538
589 4
589 94
589 24
590 32
590 2
590 143
591 245
591 157
591 255
592 420
592 22
592 20
593 64
593 281
593 11
594 477
594 12
594 184
595 15
595 39
595 588
596 8
596 498
596 14
597 293
597 154
597 162
598 280
598 0
598 542
599 162
599 25
599 121
600 360
600 414
600 106
601 189
601 99
601 24
602 9
602 250
602 579
603 183
603 251
603 32
604 157
604 116
604 129
605 222
605 307
605 0
606 227
606 586
606 261
607 130
607 233
607 326
608 52
608 14
608 104
609 145
609 251
609 127
610 103
610 101
610 88
611 75
611 0
611 349
612 145
612 263
612 3
613 364
613 30
613 18
614 343
614 5
614 399
615 350
615 14
615 263
616 2
616 136
616 37
617 261
617 95
617 32
618 277
618 9
618 236
619 41
619 54
619 154
620 251
620 53
620 31
621 528
621 352
621 151
622 334
622 378
622 170
623 3
623 9
623 288
624 112
624 180
624 13
625 95
625 0
625 416
626 433
626 3
626 131
627 261
627 106
627 370
628 445
628 15
628 345
629 362
629 69
629 141
630 7
630 178
630 13
631 12
631 308
631 429
632 599
632 31
632 502
633 277
633 82
633 420
634 198
634 233
634 30
635 44
635 14
635 374
636 434
636 1
636 200
637 72
637 89
637 456
638 150
638 234
638 621
639 41
639 359
639 480
640 230
640 420
640 354
641 358
641 455
641 589
642 121
642 1
642 14
643 62
643 184
643 32
644 9
644 186
644 131
645 59
645 538
645 66
646 14
646 518
646 295
647 95
647 463
647 628
648 8
648 293
648 292
649 164
649 51
649 434
650 225
650 113
650 179
651 356
651 70
651 614
652 14
652 8
652 100
653 548
653 91
653 0
654 404
654 4
654 13
655 8
655 431
655 503
656 530
656 307
656 295
657 616
657 400
657 76
658 19
658 73
658 25
659 486
659 408
659 390
660 599
660 344
660 142
661 13
661 35
661 8
662 420
662 202
662 131
663 217
663 0
663 649
664 304
664 43
664 445
665 370
665 189
665 455
666 156
666 46
666 52
667 127
667 99
667 177
668 573
668 46
668 528
669 417
669 477
669 115
670 47
670 36
670 13
671 445
671 406
671 138
672 109
672 481
672 328
673 157
673 40
673 246
674 43
674 599
674 553
675 382
675 15
675 163
676 63
676 25
676 390
677 18
677 60
677 5
678 22
678 6
678 514
679 18
679 389
679 251
680 14
680 108
680 41
681 498
681 219
681 5
682 78
682 237
682 654
683 150
683 66
683 470
684 365
684 358
684 204
685 2
685 124
685 559
686 138
686 63
686 538
687 14
687 677
687 0
688 552
688 489
688 6
689 0
689 548
689 301
690 515
690 201
690 318
691 9
691 30
691 288
692 11
692 8
692 40
693 307
693 0
693 478
694 44
694 0
694 49
695 530
695 1
695 3
696 91
696 16
696 528
697 62
697 431
697 193
698 6
698 179
698 260
699 19
699 243
699 31
700 0
700 452
700 168
701 48
701 30
701 207
702 186
702 352
702 671
703 498
703 241
703 490
704 531
704 1
704 278
705 13
705 538
705 1
706 46
706 121
706 390
707 278
707 654
707 249
708 216
708 278
708 411
709 94
709 95
709 326
710 434
710 354
710 57
711 483
711 549
711 64
712 196
712 578
712 497
713 6
713 712
713 526
714 9
714 1
714 2
715 59
715 584
715 2
716 694
716 30
716 46
717 93
717 64
717 620
718 1
718 41
718 232
719 714
719 54
719 445
720 129
720 360
720 96
721 357
721 249
721 180
722 35
722 68
722 559
723 4
723 6
723 8
724 669
724 232
724 153
725 341
725 122
725 413
726 164
726 455
726 99
727 717
727 226
727 9
728 400
728 6
728 263
729 56
729 43
729 135
730 14
730 472
730 25
731 431
731 536
731 312
732 29
732 99
732 278
733 339
733 77
733 250
734 80
734 233
734 66
735 148
735 211
735 353
736 98
736 318
736 636
737 465
737 18
737 49
738 93
738 37
738 167
739 2
739 382
739 21
740 262
740 111
740 336
741 146
741 705
741 367
742 521
742 120
742 22
743 175
743 261
743 45
744 495
744 693
744 653
745 6
745 287
745 293
746 146
746 640
746 14
747 219
747 177
747 223
748 2
748 450
748 679
749 167
749 9
749 742
750 41
750 567
750 16
751 613
751 69
751 344
752 381
752 122
752 373
753 0
753 246
753 458
754 52
754 91
754 62
755 331
755 8
755 628
756 193
756 702
756 95
757 480
757 476
757 62
758 180
758 25
758 80
759 6
759 148
759 351
760 76
760 11
760 702
761 487
761 480
761 80
762 30
762 553
762 8
763 14
763 558
763 401
764 89
764 214
764 348
765 674
765 464
765 489
766 362
766 39
766 681
767 579
767 71
767 1
768 467
768 185
768 57
769 126
769 244
769 25
770 20
770 147
770 404
771 0
771 467
771 688
772 175
772 417
772 461
773 91
773 221
773 291
774 473
774 597
774 211
775 30
775 1
775 314
776 368
776 446
776 16
777 766
777 7
777 321
778 712
778 346
778 453
779 11
779 88
779 758
780 451
780 287
780 184
781 3
781 274
781 25
782 288
782 292
782 681
783 599
783 0
783 308
784 12
784 0
784 161
785 0
785 608
785 230
786 341
786 514
786 599
787 559
787 694
787 394
788 10
788 121
788 203
789 52
789 110
789 2
790 388
790 86
790 356
791 624
791 122
791 285
792 244
792 2
792 311
793 201
793 0
793 348
794 175
794 370
794 532
795 2
795 373
795 227
796 338
796 269
796 305
797 95
797 300
797 250
798 24
798 6
798 0
799 68
799 49
799 11
800 181
800 576
800 238
801 542
801 35
801 7
802 76
802 291
802 535
803 18
803 420
803 315
804 27
804 360
804 139
805 198
805 0
805 117
806 230
806 342
806 407
807 713
807 15
807 711
808 787
808 381
808 441
809 460
809 43
809 148
810 587
810 120
810 3
811 9
811 170
811 27
812 1
812 108
812 114
813 316
813 186
813 556
814 568
814 336
814 6
815 131
815 118
815 480
816 33
816 263
816 658
817 6
817 267
817 9
818 422
818 222
818 350
819 12
819 8
819 182
820 2
820 226
820 3
821 81
821 211
821 355
822 164
822 14
822 73
823 230
823 575
823 167
824 22
824 795
824 549
825 284
825 80
825 361
826 325
826 429
826 714
827 736
827 50
827 599
828 185
828 225
828 217
829 334
829 81
829 428
830 624
830 59
830 661
831 225
831 392
831 27
832 234
832 720
832 13
833 2
833 508
833 795
834 73
834 68
834 489
835 814
835 627
835 7
836 13
836 30
836 735
837 686
837 438
837 31
838 578
838 2
838 455
839 256
839 77
839 124
840 106
840 641
840 4
841 193
841 1
841 317
842 122
842 8
842 210
843 245
843 79
843 33
844 399
844 568
844 25
845 383
845 601
845 140
846 2
846 476
846 46
847 14
847 259
847 776
848 51
848 1
848 98
849 157
849 77
849 186
850 792
850 22
850 545
851 530
851 339
851 63
852 548
852 333
852 714
853 98
853 88
853 25
854 106
854 2
854 436
855 77
855 98
855 712
856 828
856 0
856 551
857 809
857 18
857 212
858 828
858 77
858 575
859 341
859 80
859 35
860 54
860 391
860 12
861 296
861 119
861 288
862 27
862 410
862 16
863 368
863 0
863 475
864 249
864 630
864 8
865 66
865 657
865 136
866 116
866 404
866 447
867 85
867 348
867 2
868 746
868 1
868 368
869 18
869 469
869 659
870 261
870 777
870 30
871 629
871 709
871 757
872 336
872 431
872 728
873 103
873 108
873 693
874 286
874 16
874 266
875 4
875 46
875 783
876 315
876 11
876 69
877 744
877 54
877 518
878 69
878 6
878 16
879 348
879 7
879 108
880 210
880 655
880 0
881 869
881 59
881 24
882 360
882 545
882 133
883 20
883 249
883 741
884 33
884 350
884 388
885 871
885 3
885 2
886 755
886 15
886 6
887 412
887 307
887 350
888 221
888 259
888 141
889 62
889 2
889 314
890 2
890 86
890 109
891 766
891 55
891 4
892 530
892 628
892 135
893 39
893 86
893 23
894 718
894 234
894 147
895 18
895 41
895 497
896 782
896 49
896 214
897 249
897 728
897 81
898 41
898 331
898 483
899 9
899 236
899 2
900 38
900 372
900 1
901 874
901 654
901 77
902 92
902 746
902 38
903 869
903 91
903 728
904 124
904 578
904 595
905 0
905 207
905 15
906 807
906 445
906 646
907 197
907 667
907 875
908 390
908 906
908 834
909 331
909 477
909 565
910 490
910 97
910 27
911 88
911 627
911 11
912 19
912 2
912 202
913 357
913 14
913 56
914 288
914 14
914 787
915 315
915 854
915 0
916 700
916 25
916 257
917 662
917 434
917 258
918 155
918 83
918 20
919 69
919 326
919 871
920 116
920 798
920 199
921 391
921 780
921 65
922 472
922 141
922 304
923 0
923 342
923 686
924 721
924 265
924 209
925 390
925 6
925 30
926 288
926 2
926 339
927 761
927 282
927 176
928 299
928 661
928 2
929 240
929 202
929 440
930 1
930 888
930 556
931 495
931 41
931 25
932 282
932 186
932 451
933 81
933 0
933 799
934 397
934 581
934 568
935 364
935 11
935 314
936 16
936 635
936 926
937 905
937 2
937 12
938 122
938 2
938 12
939 803
939 318
939 73
940 467
940 457
940 892
941 127
941 104
941 0
942 741
942 61
942 659
943 431
943 49
943 410
944 611
944 480
944 246
945 156
945 135
945 30
946 768
946 11
946 14
947 2
947 193
947 4
948 288
948 915
948 359
949 4
949 654
949 710
950 120
950 30
950 907
951 905
951 1
951 380
952 863
952 218
952 371
953 9
953 69
953 461
954 276
954 31
954 873
955 2
955 53
955 596
956 727
956 808
956 219
957 291
957 922
957 2
958 131
958 108
958 6
959 388
959 106
959 9
960 752
960 0
960 480
961 132
961 286
961 11
962 700
962 457
962 877
963 35
963 716
963 229
964 619
964 232
964 771
965 47
965 46
965 447
966 328
966 107
966 297
967 537
967 460
967 760
968 110
968 311
968 73
969 70
969 241
969 310
970 689
970 2
970 11
971 52
971 418
971 567
972 659
972 304
972 143
973 305
973 33
973 445
974 749
974 75
974 89
975 14
975 903
975 40
976 243
976 185
976 8
977 837
977 38
977 63
978 8
978 143
978 93
979 61
979 392
979 348
980 66
980 6
980 410
981 508
981 124
981 0
982 85
982 111
982 202
983 11
983 261
983 166
984 149
984 96
984 620
985 476
985 51
985 199
986 507
986 974
986 635
987 370
987 59
987 236
988 224
988 282
988 270
989 777
989 110
989 501
990 9
990 6
990 653
991 262
991 866
991 8
992 687
992 170
992 835
993 36
993 91
993 255
994 98
994 141
994 253
995 0
995 432
995 48
996 479
996 32
996 123
997 78
997 802
997 547
998 528
998 368
998 255
999 661
999 247
999 568
