0 1
0 2
0 3
1 0
1 2
1 3
2 1
2 0
2 3
3 0
3 2
3 1
4 3
4 1
4 2
5 3
5 0
5 1
6 1
6 2
6 3
7 6
7 2
7 3
8 3
8 0
8 2
9 3
9 0
9 4
10 3
10 4
10 9
11 7
11 3
11 1
12 0
12 8
12 11
13 10
13 0
13 6
14 1
14 7
14 3
15 3
15 2
15 13
16 4
16 11
16 8
17 0
17 3
17 2
18 15
18 7
18 11
19 4
19 11
19 1
20 5
20 9
20 0
21 1
21 3
21 0
22 11
22 21
22 3
23 3
23 1
23 2
24 10
24 18
24 16
25 1
25 14
25 2
26 4
26 22
26 2
27 10
27 11
27 1
28 22
28 16
28 21
29 0
29 18
29 26
30 17
30 8
30 11
31 20
31 7
31 26
32 1
32 6
32 4
33 13
33 2
33 4
34 7
34 27
34 1
35 9
35 20
35 33
36 23
36 16
36 9
37 11
37 2
37 0
38 4
38 11
38 1
39 11
39 3
39 7
40 28
40 35
40 1
41 4
41 0
41 9
42 31
42 11
42 33
43 3
43 30
43 20
44 9
44 0
44 2
45 10
45 18
45 41
46 11
46 1
46 18
47 11
47 3
47 45
48 4
48 2
48 30
49 2
49 33
49 27
50 6
50 28
50 39
51 4
51 37
51 2
52 31
52 28
52 15
53 2
53 33
53 20
54 14
54 20
54 22
55 1
55 2
55 16
56 3
56 11
56 15
57 3
57 1
57 7
58 14
58 1
58 4
59 3
59 25
59 20
60 9
60 20
60 1
61 0
61 30
61 27
62 1
62 11
62 31
63 24
63 3
63 40
64 3
64 11
64 36
65 34
65 24
65 48
66 1
66 14
66 10
67 11
67 4
67 0
68 23
68 3
68 1
69 3
69 26
69 58
70 68
70 4
70 25
71 59
71 37
71 6
72 6
72 15
72 1
73 0
73 6
73 28
74 6
74 18
74 24
75 30
75 0
75 2
76 1
76 68
76 20
77 2
77 1
77 4
78 25
78 10
78 26
79 11
79 6
79 34
80 7
80 3
80 58
81 58
81 9
81 65
82 11
82 77
82 4
83 4
83 59
83 3
84 2
84 9
84 1
85 28
85 62
85 34
86 85
86 14
86 7
87 7
87 2
87 11
88 18
88 21
88 34
89 62
89 1
89 11
90 7
90 11
90 3
91 87
91 90
91 0
92 34
92 3
92 33
93 78
93 29
93 62
94 15
94 44
94 2
95 91
95 1
95 80
96 18
96 1
96 39
97 30
97 18
97 29
98 34
98 7
98 21
99 47
99 21
99 9
100 10
100 75
100 58
101 2
101 4
101 10
102 66
102 62
102 11
103 18
103 77
103 11
104 16
104 23
104 4
105 70
105 4
105 42
106 80
106 35
106 3
107 36
107 77
107 68
108 29
108 25
108 28
109 90
109 34
109 47
110 3
110 89
110 40
111 4
111 8
111 12
112 11
112 70
112 6
113 102
113 30
113 2
114 7
114 37
114 61
115 34
115 108
115 114
116 11
116 58
116 89
117 0
117 44
117 13
118 7
118 52
118 45
119 30
119 17
119 5
120 3
120 18
120 42
121 15
121 4
121 6
122 53
122 56
122 36
123 10
123 4
123 61
124 102
124 73
124 13
125 101
125 22
125 26
126 29
126 6
126 11
127 1
127 94
127 108
128 56
128 8
128 26
129 3
129 11
129 0
130 8
130 42
130 4
131 2
131 7
131 42
132 6
132 2
132 1
133 20
133 17
133 3
134 54
134 118
134 46
135 1
135 76
135 9
136 47
136 107
136 2
137 18
137 2
137 118
138 87
138 41
138 0
139 97
139 18
139 108
140 6
140 8
140 24
141 11
141 18
141 1
142 38
142 117
142 125
143 28
143 1
143 15
144 13
144 14
144 54
145 89
145 30
145 72
146 0
146 88
146 53
147 108
147 83
147 85
148 119
148 4
148 87
149 0
149 28
149 107
150 129
150 19
150 26
151 105
151 20
151 87
152 146
152 4
152 2
153 74
153 42
153 89
154 3
154 53
154 40
155 10
155 93
155 4
156 3
156 1
156 112
157 12
157 89
157 62
158 64
158 72
158 113
159 4
159 71
159 3
160 3
160 89
160 64
161 4
161 42
161 28
162 54
162 138
162 109
163 160
163 7
163 121
164 9
164 142
164 28
165 44
165 110
165 2
166 160
166 70
166 33
167 3
167 41
167 160
168 1
168 135
168 80
169 116
169 12
169 3
170 42
170 80
170 3
171 6
171 1
171 17
172 85
172 7
172 151
173 145
173 133
173 4
174 62
174 145
174 26
175 1
175 35
175 42
176 18
176 7
176 0
177 89
177 14
177 3
178 55
178 11
178 9
179 70
179 139
179 165
180 165
180 43
180 11
181 45
181 131
181 1
182 66
182 4
182 129
183 8
183 2
183 10
184 146
184 60
184 16
185 56
185 1
185 65
186 36
186 3
186 145
187 123
187 3
187 66
188 160
188 8
188 89
189 30
189 11
189 103
190 156
190 30
190 66
191 77
191 20
191 30
192 2
192 118
192 37
193 141
193 52
193 27
194 34
194 18
194 25
195 79
195 0
195 3
196 66
196 33
196 101
197 5
197 90
197 61
198 2
198 4
198 90
199 5
199 3
199 4
200 24
200 123
200 59
201 43
201 114
201 145
202 58
202 184
202 52
203 2
203 11
203 16
204 1
204 55
204 143
205 137
205 3
205 66
206 103
206 26
206 11
207 2
207 27
207 20
208 175
208 12
208 33
209 89
209 117
209 168
210 46
210 2
210 3
211 7
211 16
211 18
212 95
212 45
212 32
213 18
213 113
213 2
214 157
214 27
214 14
215 14
215 15
215 13
216 126
216 3
216 157
217 110
217 79
217 15
218 210
218 132
218 49
219 11
219 5
219 7
220 29
220 178
220 187
221 128
221 97
221 114
222 33
222 44
222 69
223 168
223 62
223 0
224 6
224 11
224 114
225 80
225 119
225 179
226 190
226 100
226 69
227 218
227 4
227 83
228 95
228 116
228 68
229 180
229 123
229 30
230 112
230 3
230 37
231 45
231 11
231 33
232 0
232 22
232 34
233 8
233 44
233 31
234 2
234 143
234 112
235 134
235 226
235 48
236 0
236 190
236 37
237 121
237 55
237 37
238 112
238 185
238 42
239 20
239 0
239 132
240 5
240 53
240 190
241 30
241 74
241 118
242 11
242 85
242 179
243 58
243 2
243 89
244 88
244 9
244 59
245 85
245 18
245 138
246 229
246 37
246 237
247 216
247 2
247 71
248 186
248 4
248 90
249 45
249 168
249 29
250 192
250 9
250 2
251 222
251 1
251 7
252 86
252 4
252 58
253 180
253 22
253 144
254 6
254 4
254 24
255 6
255 61
255 3
256 68
256 1
256 121
257 149
257 231
257 137
258 20
258 112
258 45
259 45
259 197
259 66
260 75
260 3
260 12
261 145
261 0
261 112
262 4
262 226
262 70
263 11
263 212
263 68
264 3
264 72
264 97
265 114
265 145
265 56
266 112
266 82
266 119
267 11
267 30
267 157
268 32
268 133
268 138
269 10
269 125
269 18
270 60
270 4
270 1
271 16
271 1
271 99
272 180
272 216
272 235
273 1
273 0
273 14
274 226
274 7
274 43
275 223
275 46
275 206
276 239
276 226
276 11
277 11
277 148
277 20
278 212
278 26
278 185
279 192
279 132
279 12
280 30
280 88
280 28
281 224
281 53
281 216
282 70
282 77
282 3
283 203
283 6
283 90
284 15
284 133
284 118
285 37
285 0
285 214
286 1
286 57
286 6
287 82
287 183
287 208
288 30
288 2
288 250
289 148
289 85
289 11
290 25
290 148
290 135
291 43
291 69
291 85
292 192
292 248
292 181
293 126
293 8
293 36
294 55
294 178
294 39
295 3
295 121
295 62
296 88
296 86
296 42
297 9
297 283
297 25
298 9
298 181
298 30
299 6
299 79
299 148
300 37
300 0
300 119
301 30
301 70
301 1
302 3
302 253
302 222
303 41
303 56
303 1
304 38
304 30
304 64
305 3
305 130
305 2
306 11
306 48
306 2
307 169
307 13
307 259
308 271
308 200
308 11
309 179
309 175
309 278
310 128
310 224
310 42
311 117
311 153
311 114
312 68
312 37
312 219
313 148
313 65
313 233
314 9
314 203
314 231
315 290
315 177
315 18
316 138
316 135
316 2
317 4
317 145
317 77
318 261
318 86
318 199
319 174
319 179
319 42
320 272
320 2
320 13
321 295
321 211
321 231
322 55
322 10
322 148
323 11
323 7
323 1
324 209
324 59
324 165
325 4
325 272
325 11
326 257
326 241
326 284
327 173
327 284
327 10
328 145
328 34
328 42
329 2
329 91
329 45
330 197
330 10
330 1
331 94
331 0
331 208
332 125
332 158
332 11
333 156
333 313
333 130
334 16
334 90
334 140
335 320
335 99
335 68
336 220
336 183
336 275
337 98
337 258
337 61
338 3
338 29
338 299
339 3
339 235
339 60
340 236
340 118
340 323
341 34
341 0
341 24
342 2
342 21
342 189
343 229
343 77
343 212
344 222
344 343
344 50
345 210
345 22
345 120
346 257
346 9
346 272
347 156
347 77
347 2
348 99
348 278
348 133
349 300
349 254
349 4
350 42
350 47
350 27
351 283
351 8
351 12
352 320
352 4
352 196
353 15
353 2
353 222
354 152
354 175
354 30
355 323
355 197
355 31
356 221
356 11
356 229
357 11
357 8
357 86
358 1
358 201
358 12
359 217
359 123
359 183
360 36
360 1
360 127
361 335
361 173
361 177
362 23
362 224
362 36
363 146
363 304
363 177
364 131
364 4
364 34
365 347
365 28
365 15
366 105
366 3
366 25
367 9
367 7
367 36
368 6
368 42
368 334
369 2
369 88
369 249
370 242
370 223
370 15
371 49
371 21
371 136
372 10
372 110
372 203
373 56
373 301
373 11
374 86
374 122
374 2
375 3
375 278
375 31
376 347
376 14
376 3
377 69
377 224
377 354
378 325
378 66
378 114
379 10
379 3
379 174
380 3
380 11
380 53
381 6
381 216
381 104
382 370
382 316
382 355
383 258
383 318
383 157
384 301
384 85
384 11
385 288
385 203
385 37
386 34
386 14
386 135
387 14
387 87
387 275
388 51
388 0
388 264
389 8
389 351
389 116
390 213
390 1
390 70
391 8
391 305
391 89
392 153
392 343
392 45
393 356
393 147
393 234
394 2
394 185
394 203
395 390
395 8
395 380
396 18
396 231
396 15
397 8
397 346
397 111
398 337
398 7
398 153
399 8
399 11
399 79
400 181
400 26
400 350
401 157
401 138
401 20
402 69
402 96
402 334
403 21
403 315
403 44
404 207
404 1
404 72
405 76
405 295
405 287
406 101
406 182
406 13
407 25
407 32
407 11
408 258
408 362
408 323
409 119
409 365
409 268
410 79
410 26
410 80
411 44
411 155
411 409
412 0
412 44
412 145
413 397
413 153
413 62
414 320
414 11
414 42
415 11
415 118
415 33
416 58
416 30
416 2
417 237
417 391
417 10
418 323
418 334
418 30
419 222
419 1
419 272
420 195
420 53
420 314
421 380
421 4
421 406
422 3
422 132
422 12
423 108
423 62
423 210
424 11
424 2
424 228
425 30
425 182
425 171
426 125
426 335
426 177
427 6
427 210
427 64
428 97
428 263
428 211
429 236
429 1
429 220
430 260
430 125
430 171
431 89
431 4
431 64
432 344
432 78
432 4
433 313
433 402
433 260
434 168
434 133
434 2
435 202
435 8
435 22
436 226
436 0
436 1
437 16
437 48
437 7
438 61
438 17
438 62
439 175
439 1
439 2
440 8
440 4
440 41
441 42
441 160
441 437
442 90
442 185
442 96
443 346
443 430
443 53
444 2
444 125
444 96
445 265
445 27
445 324
446 27
446 131
446 6
447 145
447 412
447 426
448 231
448 46
448 42
449 5
449 127
449 4
450 16
450 94
450 10
451 3
451 284
451 11
452 190
452 346
452 55
453 89
453 82
453 30
454 26
454 181
454 393
455 255
455 155
455 128
456 2
456 158
456 16
457 222
457 4
457 14
458 233
458 165
458 385
459 11
459 283
459 362
460 1
460 93
460 391
461 163
461 11
461 383
462 207
462 256
462 194
463 3
463 207
463 329
464 3
464 101
464 179
465 23
465 3
465 94
466 1
466 388
466 79
467 55
467 46
467 10
468 117
468 7
468 9
469 68
469 14
469 229
470 420
470 2
470 100
471 30
471 340
471 131
472 308
472 180
472 148
473 320
473 130
473 445
474 469
474 37
474 43
475 430
475 449
475 56
476 224
476 39
476 361
477 381
477 20
477 202
478 373
478 105
478 334
479 41
479 342
479 37
480 1
480 0
480 338
481 216
481 262
481 259
482 470
482 20
482 226
483 135
483 110
483 3
484 319
484 0
484 3
485 457
485 2
485 394
486 18
486 312
486 33
487 127
487 45
487 421
488 105
488 219
488 458
489 154
489 26
489 277
490 11
490 136
490 119
491 5
491 301
491 61
492 1
492 11
492 445
493 4
493 195
493 1
494 18
494 3
494 229
495 11
495 421
495 491
496 418
496 187
496 397
497 308
497 301
497 183
498 18
498 153
498 176
499 266
499 42
499 91
500 9
500 39
500 2
501 45
501 385
501 482
502 453
502 66
502 284
503 41
503 73
503 1
504 175
504 84
504 457
505 257
505 34
505 20
506 67
506 2
506 390
507 228
507 344
507 39
508 383
508 1
508 4
509 37
509 355
509 303
510 101
510 123
510 212
511 30
511 451
511 60
512 86
512 202
512 414
513 436
513 202
513 174
514 465
514 287
514 37
515 302
515 126
515 164
516 24
516 426
516 502
517 196
517 363
517 11
518 37
518 26
518 80
519 454
519 87
519 419
520 305
520 182
520 80
521 224
521 179
521 138
522 342
522 361
522 210
523 2
523 366
523 99
524 8
524 89
524 173
525 368
525 181
525 66
526 45
526 214
526 449
527 338
527 467
527 35
528 203
528 146
528 114
529 387
529 3
529 341
530 278
530 25
530 504
531 114
531 215
531 64
532 27
532 511
532 239
533 504
533 45
533 461
534 145
534 114
534 85
535 491
535 240
535 27
536 60
536 207
536 200
537 136
537 91
537 24
538 126
538 309
538 18
539 94
539 7
539 289
540 383
540 35
540 2
541 489
541 171
541 320
542 428
542 341
542 216
543 171
543 4
543 301
544 278
544 208
544 4
545 42
545 111
545 20
546 12
546 11
546 264
547 58
547 187
547 135
548 470
548 11
548 121
549 20
549 167
549 236
550 149
550 542
550 108
551 9
551 91
551 153
552 13
552 224
552 0
553 449
553 23
553 1
554 229
554 355
554 15
555 493
555 42
555 10
556 123
556 21
556 457
557 274
557 11
557 241
558 20
558 254
558 9
559 378
559 27
559 534
560 278
560 265
560 27
561 207
561 203
561 10
562 1
562 3
562 246
563 419
563 8
563 432
564 7
564 498
564 13
565 562
565 11
565 35
566 6
566 1
566 50
567 459
567 30
567 91
568 0
568 134
568 3
569 126
569 9
569 3
570 385
570 208
570 426
571 425
571 9
571 62
572 362
572 28
572 258
573 430
573 146
573 87
574 15
574 255
574 0
575 308
575 304
575 172
576 1
576 28
576 408
577 74
577 512
577 111
578 375
578 326
578 10
579 281
579 449
579 32
580 105
580 41
580 80
581 256
581 408
581 449
582 470
582 239
582 363
583 383
583 507
583 187
584 210
584 87
584 424
585 37
585 433
585 5
586 498
586 514
586 20
587 277
587 254
587 453
588 77
588 34
588 353
589 281
589 12
589 412
590 2
590 0
590 77
591 136
591 387
591 229
592 92
592 64
592 284
593 280
593 202
593 275
594 244
594 22
594 8
595 10
595 62
595 284
596 345
596 454
596 183
597 195
597 60
597 4
598 252
598 99
598 202
599 0
599 345
599 66
600 141
600 270
600 118
601 464
601 349
601 459
602 14
602 118
602 278
603 60
603 346
603 414
604 258
604 322
604 224
605 324
605 87
605 393
606 47
606 69
606 68
607 433
607 226
607 498
608 436
608 119
608 4
609 127
609 275
609 390
610 117
610 7
610 139
611 409
611 160
611 477
612 1
612 249
612 333
613 302
613 595
613 8
614 584
614 11
614 211
615 372
615 214
615 357
616 72
616 155
616 2
617 81
617 4
617 301
618 4
618 91
618 66
619 514
619 10
619 172
620 595
620 193
620 65
621 17
621 0
621 101
622 1
622 64
622 74
623 303
623 224
623 7
624 470
624 386
624 451
625 473
625 358
625 20
626 68
626 133
626 26
627 144
627 3
627 161
628 491
628 16
628 136
629 457
629 79
629 231
630 626
630 71
630 454
631 575
631 11
631 2
632 203
632 134
632 20
633 338
633 0
633 157
634 42
634 224
634 90
635 631
635 288
635 284
636 258
636 292
636 68
637 4
637 103
637 53
638 281
638 9
638 77
639 1
639 306
639 37
640 566
640 14
640 381
641 462
641 369
641 490
642 79
642 27
642 152
643 68
643 24
643 1
644 626
644 559
644 473
645 14
645 12
645 295
646 406
646 158
646 257
647 170
647 9
647 2
648 1
648 276
648 362
649 2
649 132
649 71
650 43
650 2
650 508
651 44
651 408
651 11
652 598
652 472
652 43
653 34
653 396
653 350
654 651
654 91
654 45
655 136
655 304
655 344
656 301
656 3
656 157
657 9
657 280
657 274
658 27
658 529
658 631
659 2
659 234
659 28
660 318
660 244
660 123
661 256
661 137
661 2
662 258
662 636
662 292
663 308
663 288
663 151
664 58
664 505
664 1
665 70
665 663
665 65
666 194
666 121
666 17
667 28
667 11
667 397
668 223
668 663
668 216
669 10
669 9
669 64
670 34
670 15
670 62
671 149
671 155
671 368
672 11
672 37
672 18
673 632
673 172
673 16
674 37
674 131
674 114
675 413
675 497
675 140
676 335
676 430
676 56
677 89
677 346
677 3
678 11
678 15
678 608
679 179
679 633
679 80
680 52
680 215
680 670
681 636
681 129
681 185
682 211
682 30
682 26
683 20
683 681
683 340
684 141
684 2
684 465
685 614
685 125
685 30
686 582
686 343
686 512
687 677
687 10
687 362
688 133
688 191
688 24
689 8
689 180
689 6
690 267
690 52
690 68
691 273
691 125
691 375
692 621
692 0
692 503
693 232
693 119
693 259
694 2
694 591
694 71
695 133
695 448
695 522
696 14
696 4
696 379
697 42
697 497
697 390
698 147
698 18
698 167
699 155
699 350
699 501
700 3
700 90
700 36
701 11
701 346
701 30
702 94
702 59
702 8
703 133
703 20
703 180
704 190
704 60
704 414
705 27
705 198
705 428
706 515
706 1
706 30
707 83
707 2
707 1
708 308
708 424
708 42
709 3
709 73
709 236
710 402
710 449
710 551
711 258
711 78
711 111
712 30
712 146
712 92
713 90
713 180
713 20
714 177
714 149
714 24
715 357
715 105
715 215
716 157
716 443
716 47
717 308
717 27
717 31
718 238
718 690
718 295
719 353
719 2
719 96
720 597
720 3
720 1
721 285
721 43
721 34
722 14
722 30
722 344
723 82
723 344
723 433
724 82
724 672
724 87
725 51
725 658
725 625
726 290
726 2
726 10
727 96
727 375
727 52
728 649
728 651
728 96
729 5
729 317
729 20
730 460
730 407
730 468
731 531
731 518
731 70
732 3
732 639
732 1
733 212
733 342
733 567
734 574
734 351
734 390
735 165
735 538
735 623
736 342
736 55
736 64
737 140
737 126
737 224
738 7
738 320
738 430
739 190
739 418
739 7
740 138
740 390
740 28
741 2
741 598
741 217
742 42
742 228
742 417
743 35
743 347
743 517
744 9
744 66
744 592
745 418
745 648
745 731
746 240
746 534
746 283
747 10
747 489
747 634
748 4
748 3
748 96
749 22
749 537
749 504
750 10
750 389
750 7
751 274
751 739
751 110
752 216
752 385
752 29
753 252
753 595
753 3
754 335
754 36
754 204
755 287
755 582
755 446
756 361
756 605
756 52
757 28
757 201
757 2
758 210
758 727
758 34
759 90
759 9
759 3
760 259
760 569
760 0
761 375
761 506
761 257
762 489
762 266
762 4
763 16
763 166
763 13
764 551
764 197
764 3
765 511
765 41
765 3
766 369
766 267
766 0
767 3
767 68
767 34
768 577
768 686
768 64
769 391
769 227
769 537
770 490
770 1
770 34
771 399
771 660
771 621
772 667
772 164
772 4
773 97
773 68
773 72
774 597
774 206
774 91
775 423
775 717
775 182
776 702
776 574
776 418
777 304
777 11
777 337
778 10
778 764
778 24
779 100
779 396
779 351
780 232
780 11
780 168
781 61
781 636
781 399
782 435
782 60
782 42
783 1
783 256
783 622
784 254
784 372
784 10
785 210
785 579
785 255
786 361
786 16
786 135
787 148
787 562
787 320
788 185
788 100
788 155
789 508
789 77
789 722
790 160
790 7
790 263
791 326
791 11
791 415
792 1
792 348
792 61
793 560
793 751
793 575
794 183
794 11
794 180
795 39
795 1
795 343
796 126
796 315
796 18
797 2
797 11
797 575
798 344
798 139
798 551
799 300
799 44
799 464
800 676
800 265
800 11
801 179
801 184
801 346
802 207
802 317
802 30
803 611
803 426
803 51
804 61
804 8
804 125
805 467
805 20
805 11
806 1
806 363
806 73
807 726
807 466
807 73
808 3
808 173
808 804
809 4
809 9
809 7
810 691
810 485
810 348
811 25
811 207
811 550
812 90
812 352
812 39
813 56
813 120
813 593
814 3
814 277
814 756
815 363
815 278
815 346
816 336
816 765
816 422
817 1
817 314
817 84
818 460
818 315
818 119
819 3
819 283
819 122
820 14
820 52
820 1
821 575
821 139
821 33
822 130
822 27
822 331
823 373
823 1
823 331
824 28
824 469
824 741
825 291
825 76
825 267
826 148
826 82
826 717
827 137
827 3
827 604
828 62
828 139
828 520
829 419
829 520
829 107
830 614
830 1
830 651
831 770
831 10
831 2
832 437
832 828
832 6
833 334
833 52
833 177
834 182
834 128
834 93
835 38
835 261
835 6
836 10
836 366
836 82
837 381
837 12
837 501
838 394
838 4
838 736
839 376
839 578
839 581
840 397
840 208
840 416
841 2
841 363
841 48
842 187
842 163
842 154
843 8
843 815
843 364
844 129
844 334
844 62
845 293
845 780
845 207
846 110
846 250
846 119
847 160
847 501
847 369
848 426
848 597
848 220
849 2
849 36
849 9
850 355
850 240
850 583
851 59
851 154
851 11
852 90
852 244
852 68
853 356
853 128
853 362
854 31
854 248
854 395
855 89
855 633
855 123
856 207
856 762
856 94
857 30
857 603
857 849
858 12
858 73
858 142
859 26
859 27
859 704
860 132
860 72
860 0
861 46
861 2
861 10
862 278
862 760
862 489
863 3
863 269
863 401
864 171
864 287
864 284
865 181
865 736
865 110
866 829
866 172
866 566
867 53
867 450
867 0
868 567
868 18
868 88
869 504
869 2
869 17
870 836
870 773
870 15
871 75
871 202
871 4
872 62
872 106
872 777
873 342
873 762
873 179
874 800
874 492
874 11
875 118
875 210
875 7
876 3
876 11
876 342
877 443
877 527
877 484
878 408
878 72
878 278
879 6
879 212
879 8
880 789
880 572
880 665
881 539
881 51
881 353
882 492
882 292
882 811
883 390
883 337
883 43
884 26
884 30
884 48
885 695
885 90
885 77
886 86
886 862
886 1
887 120
887 95
887 26
888 396
888 39
888 22
889 9
889 254
889 88
890 176
890 23
890 615
891 179
891 713
891 100
892 318
892 4
892 59
893 22
893 0
893 12
894 629
894 304
894 462
895 543
895 187
895 564
896 804
896 153
896 549
897 868
897 92
897 701
898 791
898 284
898 343
899 570
899 429
899 228
900 511
900 192
900 149
901 361
901 346
901 426
902 357
902 4
902 843
903 418
903 7
903 37
904 146
904 94
904 54
905 320
905 11
905 127
906 221
906 3
906 674
907 6
907 43
907 195
908 37
908 45
908 3
909 454
909 107
909 197
910 101
910 363
910 909
911 228
911 0
911 20
912 365
912 82
912 37
913 11
913 326
913 4
914 12
914 102
914 446
915 189
915 2
915 900
916 174
916 280
916 4
917 772
917 342
917 195
918 68
918 171
918 39
919 332
919 34
919 10
920 716
920 180
920 131
921 535
921 86
921 178
922 304
922 326
922 513
923 112
923 85
923 2
924 676
924 595
924 909
925 805
925 216
925 409
926 224
926 30
926 132
927 73
927 837
927 2
928 614
928 146
928 11
929 837
929 357
929 54
930 194
930 9
930 11
931 658
931 95
931 175
932 331
932 36
932 316
933 755
933 11
933 14
934 62
934 124
934 119
935 221
935 12
935 677
936 129
936 145
936 786
937 257
937 903
937 115
938 9
938 891
938 86
939 308
939 270
939 247
940 144
940 868
940 68
941 6
941 937
941 416
942 737
942 117
942 219
943 69
943 933
943 3
944 445
944 20
944 698
945 26
945 365
945 248
946 888
946 71
946 195
947 591
947 429
947 286
948 319
948 10
948 4
949 160
949 725
949 114
950 62
950 848
950 432
951 34
951 84
951 589
952 782
952 101
952 314
953 2
953 413
953 6
954 72
954 165
954 327
955 460
955 208
955 35
956 35
956 568
956 72
957 22
957 30
957 938
958 11
958 730
958 368
959 6
959 357
959 455
960 936
960 77
960 502
961 383
961 431
961 257
962 77
962 7
962 98
963 779
963 931
963 683
964 119
964 11
964 389
965 231
965 39
965 4
966 469
966 34
966 264
967 6
967 30
967 0
968 52
968 527
968 55
969 135
969 77
969 948
970 1
970 28
970 146
971 110
971 344
971 488
972 92
972 152
972 639
973 107
973 62
973 4
974 713
974 3
974 477
975 844
975 947
975 957
976 163
976 647
976 496
977 594
977 238
977 11
978 570
978 697
978 943
979 482
979 27
979 241
980 27
980 350
980 62
981 304
981 179
981 4
982 925
982 896
982 2
983 10
983 257
983 121
984 275
984 226
984 22
985 305
985 812
985 24
986 944
986 594
986 231
987 759
987 55
987 43
988 922
988 13
988 11
989 121
989 5
989 34
990 9
990 149
990 634
991 520
991 67
991 20
992 543
992 464
992 11
993 971
993 190
993 77
994 375
994 287
994 953
995 144
995 442
995 414
996 939
996 269
996 6
997 948
997 1
997 131
998 309
998 1
998 316
999 107
999 416
999 60
