0 1
1 0
2 0
2 1
3 1
3 2
3 0
4 3
4 1
4 0
5 0
5 2
5 3
6 0
6 4
6 2
7 0
7 3
7 2
8 0
8 3
8 4
9 1
9 3
9 0
10 0
10 1
10 5
11 10
11 3
11 0
12 2
12 0
12 1
13 5
13 3
13 1
14 0
14 1
14 7
15 6
15 10
15 1
16 6
16 10
16 3
17 5
17 7
17 2
18 10
18 16
18 1
19 0
19 3
19 2
20 7
20 6
20 3
21 2
21 3
21 11
22 3
22 2
22 6
23 2
23 3
23 21
24 0
24 9
24 5
25 5
25 3
25 10
26 10
26 9
26 11
27 5
27 3
27 25
28 6
28 2
28 16
29 0
29 15
29 4
30 23
30 0
30 24
31 3
31 8
31 10
32 4
32 6
32 16
33 1
33 10
33 4
34 7
34 1
34 0
35 0
35 25
35 10
36 3
36 9
36 0
37 0
37 16
37 2
38 6
38 22
38 35
39 21
39 9
39 6
40 10
40 6
40 28
41 19
41 14
41 39
42 0
42 10
42 19
43 20
43 0
43 30
44 21
44 2
44 27
45 15
45 12
45 0
46 10
46 12
46 0
47 0
47 44
47 19
48 36
48 3
48 1
49 48
49 1
49 35
50 19
50 39
50 33
51 45
51 5
51 36
52 37
52 43
52 21
53 38
53 10
53 0
54 1
54 23
54 26
55 29
55 38
55 0
56 9
56 0
56 20
57 10
57 27
57 0
58 25
58 0
58 41
59 2
59 19
59 1
60 30
60 9
60 22
61 0
61 1
61 20
62 35
62 1
62 22
63 38
63 10
63 2
64 5
64 32
64 34
65 7
65 45
65 4
66 12
66 30
66 0
67 2
67 59
67 5
68 16
68 4
68 1
69 43
69 11
69 1
70 54
70 4
70 43
71 6
71 15
71 70
72 38
72 7
72 44
73 10
73 27
73 42
74 55
74 21
74 57
75 4
75 60
75 0
76 16
76 4
76 8
77 44
77 10
77 5
78 5
78 28
78 26
79 61
79 27
79 37
80 46
80 69
80 1
81 77
81 1
81 39
82 5
82 0
82 46
83 77
83 11
83 36
84 18
84 1
84 38
85 30
85 1
85 5
86 16
86 0
86 5
87 80
87 38
87 0
88 77
88 3
88 86
89 46
89 22
89 12
90 17
90 55
90 21
91 0
91 33
91 18
92 37
92 84
92 18
93 6
93 32
93 7
94 0
94 26
94 6
95 10
95 4
95 34
96 32
96 37
96 0
97 60
97 89
97 26
98 4
98 22
98 63
99 49
99 0
99 1
100 14
100 89
100 0
101 44
101 6
101 99
102 22
102 7
102 4
103 6
103 2
103 46
104 47
104 46
104 87
105 9
105 26
105 77
106 61
106 28
106 55
107 19
107 5
107 73
108 66
108 6
108 58
109 1
109 89
109 18
110 104
110 108
110 4
111 28
111 101
111 10
112 87
112 54
112 0
113 6
113 1
113 29
114 0
114 82
114 31
115 1
115 0
115 18
116 44
116 3
116 30
117 16
117 69
117 35
118 100
118 0
118 76
119 110
119 100
119 49
120 110
120 100
120 43
121 30
121 83
121 48
122 69
122 3
122 10
123 10
123 119
123 30
124 57
124 2
124 92
125 70
125 89
125 19
126 3
126 53
126 43
127 66
127 75
127 38
128 43
128 121
128 64
129 6
129 5
129 104
130 95
130 1
130 111
131 125
131 96
131 56
132 119
132 27
132 33
133 36
133 5
133 87
134 3
134 4
134 61
135 25
135 118
135 56
136 89
136 85
136 129
137 0
137 26
137 89
138 83
138 115
138 124
139 69
139 105
139 66
140 110
140 84
140 75
141 131
141 73
141 113
142 108
142 4
142 42
143 45
143 27
143 50
144 125
144 21
144 1
145 7
145 5
145 31
146 30
146 16
146 25
147 87
147 23
147 6
148 10
148 0
148 38
149 3
149 44
149 85
150 119
150 60
150 108
151 0
151 85
151 38
152 2
152 98
152 1
153 16
153 35
153 105
154 24
154 30
154 139
155 144
155 1
155 0
156 77
156 7
156 2
157 43
157 4
157 34
158 115
158 73
158 49
159 106
159 44
159 10
160 23
160 0
160 116
161 155
161 34
161 5
162 63
162 19
162 81
163 46
163 24
163 7
164 160
164 5
164 163
165 40
165 48
165 16
166 87
166 1
166 97
167 27
167 6
167 0
168 0
168 3
168 30
169 17
169 18
169 44
170 5
170 0
170 60
171 43
171 37
171 14
172 31
172 19
172 1
173 42
173 63
173 92
174 9
174 156
174 94
175 144
175 110
175 82
176 110
176 111
176 1
177 16
177 89
177 48
178 1
178 2
178 25
179 59
179 78
179 135
180 68
180 1
180 72
181 28
181 6
181 30
182 10
182 44
182 1
183 63
183 124
183 65
184 1
184 16
184 62
185 2
185 16
185 65
186 62
186 35
186 5
187 18
187 9
187 4
188 44
188 99
188 77
189 95
189 66
189 116
190 104
190 2
190 3
191 70
191 136
191 134
192 35
192 158
192 16
193 0
193 87
193 90
194 68
194 3
194 44
195 140
195 157
195 74
196 22
196 63
196 73
197 61
197 156
197 157
198 65
198 20
198 140
199 142
199 91
199 12
200 13
200 15
200 85
201 35
201 70
201 12
202 22
202 19
202 10
203 3
203 128
203 33
204 2
204 0
204 27
205 1
205 170
205 80
206 1
206 48
206 87
207 74
207 136
207 191
208 26
208 125
208 56
209 35
209 21
209 57
210 109
210 83
210 0
211 57
211 6
211 1
212 175
212 203
212 6
213 84
213 6
213 13
214 9
214 130
214 66
215 12
215 34
215 86
216 0
216 135
216 23
217 51
217 5
217 213
218 55
218 33
218 165
219 24
219 5
219 33
220 161
220 103
220 108
221 85
221 140
221 18
222 75
222 140
222 128
223 7
223 63
223 79
224 188
224 20
224 221
225 17
225 31
225 148
226 10
226 4
226 0
227 10
227 12
227 142
228 10
228 5
228 0
229 5
229 179
229 137
230 0
230 84
230 73
231 11
231 147
231 44
232 6
232 191
232 188
233 57
233 40
233 34
234 63
234 1
234 171
235 203
235 174
235 225
236 112
236 63
236 97
237 1
237 111
237 10
238 162
238 6
238 221
239 8
239 115
239 1
240 155
240 0
240 126
241 38
241 165
241 103
242 77
242 16
242 95
243 215
243 211
243 163
244 10
244 186
244 227
245 56
245 165
245 6
246 140
246 97
246 10
247 113
247 156
247 10
248 211
248 73
248 20
249 1
249 90
249 246
250 136
250 3
250 164
251 112
251 150
251 2
252 6
252 22
252 3
253 159
253 2
253 240
254 217
254 22
254 5
255 129
255 163
255 12
256 49
256 227
256 1
257 14
257 115
257 125
258 96
258 153
258 93
259 215
259 10
259 105
260 132
260 252
260 44
261 87
261 123
261 229
262 155
262 27
262 3
263 183
263 10
263 76
264 0
264 6
264 73
265 42
265 2
265 15
266 124
266 19
266 1
267 0
267 82
267 211
268 146
268 237
268 59
269 22
269 265
269 211
270 10
270 47
270 5
271 10
271 0
271 5
272 142
272 3
272 63
273 3
273 40
273 120
274 93
274 213
274 5
275 234
275 2
275 132
276 140
276 170
276 153
277 42
277 132
277 55
278 76
278 185
278 46
279 5
279 18
279 69
280 241
280 2
280 27
281 124
281 181
281 0
282 25
282 2
282 10
283 79
283 237
283 72
284 0
284 191
284 75
285 59
285 206
285 4
286 16
286 7
286 87
287 227
287 55
287 104
288 229
288 7
288 135
289 2
289 4
289 85
290 52
290 47
290 231
291 134
291 31
291 121
292 171
292 61
292 25
293 182
293 140
293 14
294 40
294 131
294 9
295 10
295 79
295 166
296 22
296 0
296 43
297 160
297 138
297 103
298 108
298 83
298 85
299 257
299 90
299 8
300 127
300 80
300 166
301 21
301 5
301 261
302 10
302 28
302 171
303 0
303 91
303 163
304 146
304 27
304 44
305 112
305 129
305 89
306 2
306 77
306 5
307 221
307 108
307 0
308 30
308 1
308 90
309 239
309 8
309 0
310 148
310 10
310 43
311 0
311 171
311 98
312 97
312 30
312 279
313 118
313 3
313 192
314 23
314 66
314 86
315 138
315 43
315 18
316 156
316 2
316 85
317 213
317 250
317 215
318 25
318 14
318 10
319 1
319 112
319 257
320 16
320 234
320 195
321 265
321 133
321 245
322 69
322 91
322 184
323 82
323 86
323 32
324 1
324 5
324 103
325 234
325 87
325 16
326 32
326 12
326 1
327 136
327 0
327 240
328 99
328 1
328 0
329 3
329 15
329 2
330 1
330 27
330 74
331 131
331 139
331 22
332 275
332 115
332 10
333 264
333 127
333 0
334 38
334 9
334 119
335 43
335 112
335 62
336 0
336 171
336 15
337 184
337 298
337 10
338 252
338 124
338 209
339 162
339 163
339 46
340 0
340 145
340 92
341 174
341 10
341 93
342 19
342 51
342 38
343 306
343 34
343 113
344 338
344 123
344 3
345 1
345 70
345 27
346 200
346 62
346 77
347 77
347 6
347 146
348 142
348 4
348 48
349 103
349 209
349 8
350 240
350 6
350 274
351 246
351 85
351 349
352 0
352 9
352 16
353 10
353 160
353 8
354 300
354 46
354 112
355 298
355 0
355 225
356 257
356 89
356 235
357 0
357 2
357 69
358 343
358 133
358 23
359 5
359 26
359 87
360 58
360 24
360 144
361 112
361 262
361 0
362 10
362 110
362 2
363 94
363 34
363 298
364 110
364 3
364 184
365 4
365 5
365 257
366 44
366 5
366 148
367 284
367 262
367 333
368 105
368 77
368 85
369 100
369 34
369 0
370 30
370 22
370 9
371 5
371 111
371 103
372 16
372 366
372 346
373 76
373 352
373 82
374 305
374 167
374 371
375 140
375 353
375 25
376 243
376 1
376 155
377 10
377 19
377 74
378 360
378 313
378 144
379 77
379 146
379 99
380 55
380 21
380 277
381 336
381 346
381 245
382 44
382 67
382 176
383 0
383 73
383 239
384 379
384 105
384 2
385 1
385 119
385 78
386 37
386 0
386 158
387 0
387 279
387 97
388 245
388 10
388 43
389 119
389 61
389 168
390 0
390 192
390 45
391 98
391 144
391 8
392 45
392 34
392 286
393 25
393 37
393 285
394 0
394 2
394 374
395 1
395 10
395 303
396 103
396 7
396 64
397 9
397 43
397 3
398 1
398 385
398 43
399 262
399 69
399 300
400 348
400 393
400 5
401 257
401 381
401 115
402 209
402 35
402 96
403 56
403 61
403 219
404 10
404 9
404 19
405 273
405 34
405 1
406 300
406 26
406 6
407 290
407 142
407 265
408 241
408 30
408 1
409 7
409 36
409 60
410 110
410 216
410 146
411 61
411 380
411 10
412 171
412 9
412 140
413 193
413 35
413 9
414 116
414 285
414 363
415 0
415 15
415 152
416 162
416 179
416 1
417 77
417 0
417 58
418 10
418 26
418 18
419 226
419 23
419 32
420 256
420 304
420 126
421 2
421 170
421 96
422 176
422 82
422 184
423 10
423 2
423 16
424 181
424 46
424 0
425 104
425 390
425 146
426 218
426 211
426 179
427 115
427 322
427 170
428 5
428 129
428 21
429 228
429 10
429 76
430 106
430 85
430 6
431 205
431 171
431 348
432 0
432 295
432 15
433 60
433 34
433 41
434 186
434 0
434 40
435 55
435 141
435 7
436 71
436 254
436 6
437 337
437 281
437 0
438 316
438 45
438 311
439 152
439 271
439 5
440 1
440 46
440 146
441 348
441 1
441 390
442 419
442 229
442 351
443 10
443 182
443 1
444 190
444 264
444 349
445 169
445 0
445 1
446 353
446 148
446 43
447 345
447 104
447 14
448 102
448 217
448 281
449 275
449 2
449 186
450 388
450 90
450 99
451 219
451 3
451 38
452 163
452 158
452 0
453 350
453 35
453 26
454 7
454 74
454 9
455 6
455 3
455 299
456 146
456 16
456 322
457 10
457 112
457 348
458 69
458 302
458 139
459 290
459 4
459 209
460 132
460 248
460 376
461 4
461 134
461 48
462 410
462 105
462 317
463 21
463 155
463 1
464 28
464 4
464 106
465 33
465 178
465 5
466 163
466 10
466 388
467 87
467 302
467 398
468 34
468 340
468 5
469 144
469 32
469 286
470 298
470 269
470 19
471 95
471 16
471 43
472 16
472 213
472 157
473 37
473 85
473 110
474 57
474 366
474 405
475 170
475 98
475 349
476 46
476 326
476 5
477 35
477 381
477 379
478 48
478 152
478 331
479 19
479 0
479 45
480 0
480 460
480 262
481 319
481 312
481 2
482 318
482 39
482 398
483 26
483 369
483 145
484 353
484 34
484 79
485 457
485 154
485 1
486 238
486 76
486 227
487 398
487 21
487 423
488 25
488 448
488 167
489 22
489 254
489 173
490 77
490 26
490 317
491 34
491 5
491 136
492 440
492 310
492 38
493 124
493 76
493 135
494 50
494 300
494 307
495 85
495 149
495 21
496 257
496 5
496 103
497 195
497 133
497 193
498 37
498 89
498 165
499 291
499 168
499 17
500 93
500 328
500 137
501 125
501 290
501 115
502 424
502 332
502 432
503 7
503 110
503 425
504 124
504 38
504 406
505 63
505 394
505 27
506 4
506 2
506 6
507 307
507 124
507 0
508 40
508 96
508 141
509 23
509 43
509 336
510 290
510 27
510 14
511 73
511 70
511 404
512 25
512 3
512 15
513 138
513 388
513 307
514 35
514 2
514 205
515 195
515 15
515 464
516 104
516 68
516 300
517 346
517 3
517 231
518 35
518 85
518 48
519 129
519 475
519 302
520 308
520 370
520 135
521 59
521 5
521 316
522 319
522 377
522 308
523 241
523 424
523 5
524 165
524 101
524 5
525 282
525 171
525 26
526 32
526 368
526 23
527 157
527 194
527 296
528 129
528 108
528 73
529 488
529 26
529 257
530 239
530 140
530 10
531 198
531 377
531 131
532 77
532 9
532 127
533 482
533 14
533 32
534 283
534 16
534 161
535 3
535 207
535 290
536 31
536 1
536 269
537 76
537 318
537 3
538 10
538 0
538 370
539 527
539 8
539 522
540 76
540 251
540 536
541 41
541 1
541 205
542 129
542 85
542 136
543 209
543 10
543 518
544 85
544 511
544 259
545 78
545 46
545 225
546 80
546 420
546 46
547 63
547 529
547 60
548 129
548 119
548 120
549 127
549 330
549 0
550 223
550 2
550 10
551 271
551 43
551 327
552 322
552 4
552 35
553 30
553 34
553 32
554 0
554 329
554 85
555 367
555 57
555 27
556 38
556 516
556 319
557 73
557 27
557 473
558 63
558 5
558 149
559 68
559 482
559 343
560 8
560 384
560 319
561 0
561 22
561 259
562 111
562 321
562 323
563 0
563 518
563 75
564 544
564 397
564 19
565 118
565 5
565 26
566 200
566 15
566 246
567 43
567 564
567 155
568 30
568 333
568 481
569 27
569 10
569 0
570 334
570 100
570 364
571 211
571 146
571 2
572 120
572 9
572 63
573 199
573 480
573 347
574 447
574 16
574 42
575 153
575 411
575 407
576 516
576 513
576 73
577 3
577 73
577 531
578 62
578 441
578 299
579 360
579 351
579 34
580 124
580 6
580 530
581 141
581 104
581 76
582 209
582 112
582 453
583 369
583 229
583 10
584 9
584 515
584 113
585 44
585 127
585 554
586 7
586 5
586 144
587 379
587 34
587 319
588 27
588 3
588 250
589 70
589 7
589 546
590 104
590 264
590 6
591 518
591 269
591 340
592 123
592 2
592 0
593 146
593 239
593 186
594 202
594 269
594 111
595 281
595 264
595 207
596 6
596 125
596 1
597 360
597 3
597 486
598 252
598 469
598 371
599 481
599 56
599 244
600 34
600 38
600 101
601 43
601 10
601 3
602 271
602 577
602 5
603 408
603 246
603 0
604 60
604 0
604 32
605 85
605 24
605 134
606 102
606 334
606 41
607 0
607 371
607 204
608 471
608 44
608 118
609 245
609 524
609 153
610 54
610 578
610 15
611 47
611 262
611 27
612 472
612 16
612 10
613 500
613 87
613 67
614 78
614 548
614 35
615 140
615 564
615 116
616 27
616 20
616 403
617 129
617 113
617 333
618 137
618 456
618 535
619 10
619 26
619 22
620 0
620 37
620 215
621 35
621 509
621 486
622 459
622 149
622 501
623 44
623 108
623 28
624 68
624 370
624 511
625 370
625 421
625 136
626 61
626 560
626 220
627 54
627 187
627 6
628 199
628 10
628 0
629 256
629 224
629 59
630 126
630 410
630 2
631 345
631 93
631 94
632 6
632 140
632 11
633 603
633 302
633 355
634 313
634 43
634 15
635 6
635 460
635 63
636 330
636 468
636 30
637 218
637 12
637 300
638 371
638 301
638 221
639 323
639 10
639 120
640 125
640 163
640 44
641 89
641 118
641 69
642 165
642 42
642 475
643 142
643 129
643 0
644 422
644 0
644 586
645 191
645 230
645 628
646 578
646 111
646 472
647 252
647 248
647 79
648 184
648 262
648 407
649 482
649 123
649 317
650 84
650 355
650 72
651 20
651 46
651 9
652 95
652 294
652 221
653 643
653 140
653 4
654 140
654 62
654 510
655 3
655 131
655 64
656 327
656 0
656 364
657 209
657 131
657 116
658 153
658 144
658 317
659 355
659 101
659 35
660 57
660 0
660 223
661 147
661 610
661 101
662 0
662 25
662 157
663 2
663 5
663 62
664 153
664 557
664 369
665 320
665 35
665 44
666 332
666 491
666 77
667 317
667 13
667 24
668 281
668 294
668 85
669 589
669 229
669 366
670 466
670 129
670 31
671 27
671 3
671 6
672 319
672 400
672 644
673 22
673 478
673 124
674 60
674 584
674 219
675 62
675 305
675 209
676 76
676 475
676 481
677 1
677 2
677 660
678 585
678 66
678 228
679 147
679 44
679 16
680 91
680 112
680 262
681 72
681 538
681 443
682 48
682 458
682 76
683 14
683 2
683 15
684 10
684 593
684 211
685 444
685 19
685 48
686 169
686 400
686 34
687 144
687 323
687 38
688 207
688 32
688 194
689 11
689 1
689 329
690 666
690 133
690 136
691 471
691 9
691 62
692 49
692 622
692 44
693 30
693 317
693 511
694 300
694 353
694 2
695 114
695 85
695 60
696 358
696 44
696 35
697 131
697 10
697 447
698 34
698 503
698 627
699 400
699 225
699 39
700 400
700 389
700 44
701 154
701 361
701 153
702 81
702 111
702 7
703 225
703 48
703 44
704 10
704 550
704 344
705 206
705 146
705 98
706 27
706 146
706 436
707 463
707 38
707 602
708 340
708 33
708 330
709 3
709 116
709 371
710 384
710 678
710 153
711 668
711 332
711 228
712 355
712 35
712 61
713 171
713 485
713 501
714 2
714 583
714 6
715 681
715 42
715 134
716 671
716 135
716 227
717 73
717 676
717 524
718 319
718 649
718 2
719 10
719 70
719 1
720 444
720 343
720 29
721 560
721 4
721 425
722 718
722 332
722 175
723 45
723 612
723 655
724 322
724 192
724 362
725 95
725 20
725 153
726 260
726 199
726 366
727 682
727 482
727 43
728 144
728 16
728 515
729 6
729 319
729 13
730 1
730 2
730 8
731 234
731 307
731 136
732 48
732 248
732 54
733 14
733 237
733 43
734 332
734 211
734 110
735 697
735 29
735 257
736 202
736 141
736 63
737 163
737 4
737 315
738 1
738 256
738 303
739 666
739 259
739 99
740 734
740 326
740 7
741 103
741 1
741 124
742 144
742 5
742 37
743 513
743 203
743 673
744 311
744 593
744 0
745 103
745 173
745 94
746 37
746 6
746 205
747 37
747 679
747 572
748 191
748 649
748 380
749 131
749 483
749 251
750 522
750 221
750 527
751 476
751 162
751 334
752 29
752 73
752 5
753 20
753 66
753 256
754 265
754 3
754 20
755 41
755 9
755 57
756 0
756 70
756 331
757 28
757 15
757 9
758 195
758 88
758 683
759 2
759 362
759 644
760 9
760 427
760 590
761 1
761 139
761 181
762 141
762 196
762 78
763 55
763 633
763 18
764 23
764 327
764 0
765 9
765 473
765 377
766 550
766 612
766 170
767 330
767 0
767 577
768 26
768 516
768 171
769 353
769 14
769 0
770 308
770 31
770 19
771 469
771 0
771 5
772 0
772 316
772 417
773 5
773 2
773 486
774 3
774 248
774 447
775 332
775 3
775 0
776 505
776 26
776 575
777 652
777 336
777 502
778 70
778 735
778 245
779 9
779 644
779 608
780 392
780 163
780 22
781 104
781 342
781 147
782 730
782 582
782 0
783 398
783 744
783 688
784 250
784 707
784 44
785 27
785 262
785 115
786 539
786 44
786 62
787 30
787 204
787 79
788 326
788 123
788 149
789 583
789 548
789 536
790 119
790 0
790 159
791 156
791 426
791 528
792 90
792 349
792 5
793 94
793 687
793 239
794 333
794 43
794 35
795 108
795 581
795 2
796 332
796 740
796 361
797 504
797 42
797 1
798 24
798 127
798 5
799 666
799 308
799 1
800 317
800 448
800 563
801 10
801 2
801 444
802 57
802 448
802 459
803 117
803 153
803 388
804 135
804 710
804 103
805 777
805 327
805 110
806 9
806 85
806 583
807 0
807 44
807 4
808 24
808 490
808 323
809 412
809 6
809 348
810 176
810 403
810 603
811 3
811 367
811 581
812 54
812 248
812 155
813 315
813 68
813 660
814 472
814 51
814 532
815 466
815 542
815 305
816 447
816 98
816 2
817 54
817 311
817 1
818 414
818 144
818 555
819 205
819 658
819 592
820 42
820 183
820 2
821 18
821 55
821 568
822 44
822 61
822 96
823 113
823 514
823 821
824 531
824 303
824 106
825 538
825 105
825 674
826 589
826 655
826 142
827 181
827 302
827 26
828 621
828 58
828 447
829 10
829 266
829 411
830 186
830 288
830 495
831 220
831 775
831 248
832 583
832 542
832 129
833 473
833 6
833 540
834 563
834 440
834 312
835 650
835 19
835 518
836 149
836 321
836 780
837 124
837 99
837 4
838 782
838 773
838 383
839 708
839 30
839 0
840 44
840 139
840 77
841 432
841 234
841 1
842 263
842 105
842 201
843 102
843 324
843 716
844 136
844 108
844 495
845 818
845 118
845 70
846 15
846 93
846 475
847 195
847 110
847 493
848 300
848 191
848 0
849 621
849 225
849 20
850 764
850 27
850 714
851 60
851 803
851 132
852 502
852 696
852 803
853 1
853 225
853 349
854 625
854 36
854 69
855 86
855 20
855 343
856 448
856 239
856 636
857 408
857 44
857 708
858 132
858 581
858 375
859 1
859 625
859 3
860 515
860 568
860 164
861 146
861 136
861 101
862 377
862 827
862 266
863 678
863 245
863 36
864 33
864 340
864 4
865 390
865 25
865 21
866 173
866 762
866 35
867 844
867 16
867 808
868 29
868 34
868 366
869 43
869 263
869 124
870 301
870 187
870 652
871 44
871 299
871 488
872 1
872 68
872 489
873 61
873 99
873 424
874 420
874 31
874 89
875 171
875 417
875 150
876 6
876 781
876 834
877 263
877 43
877 371
878 675
878 112
878 31
879 648
879 42
879 725
880 771
880 403
880 44
881 274
881 628
881 710
882 140
882 515
882 62
883 33
883 2
883 462
884 570
884 122
884 394
885 620
885 170
885 499
886 158
886 85
886 660
887 672
887 123
887 719
888 26
888 67
888 581
889 435
889 474
889 4
890 202
890 140
890 127
891 155
891 300
891 780
892 558
892 16
892 279
893 593
893 184
893 806
894 499
894 360
894 323
895 706
895 1
895 72
896 676
896 282
896 161
897 353
897 710
897 78
898 673
898 473
898 814
899 1
899 109
899 3
900 101
900 379
900 623
901 68
901 85
901 86
902 762
902 607
902 119
903 5
903 93
903 162
904 6
904 7
904 254
905 875
905 474
905 161
906 216
906 447
906 115
907 40
907 11
907 60
908 27
908 864
908 2
909 196
909 58
909 374
910 811
910 30
910 0
911 317
911 623
911 422
912 632
912 1
912 853
913 47
913 48
913 377
914 34
914 149
914 44
915 433
915 398
915 619
916 20
916 127
916 106
917 796
917 683
917 232
918 529
918 347
918 524
919 726
919 501
919 53
920 301
920 329
920 16
921 1
921 3
921 195
922 594
922 254
922 776
923 220
923 671
923 727
924 0
924 353
924 20
925 832
925 4
925 136
926 37
926 137
926 32
927 145
927 347
927 437
928 839
928 266
928 627
929 815
929 286
929 0
930 369
930 4
930 253
931 669
931 220
931 666
932 570
932 98
932 66
933 61
933 165
933 130
934 696
934 43
934 762
935 0
935 27
935 679
936 722
936 592
936 23
937 54
937 660
937 171
938 503
938 803
938 610
939 604
939 1
939 583
940 12
940 1
940 10
941 1
941 645
941 623
942 5
942 29
942 417
943 633
943 380
943 624
944 16
944 668
944 515
945 57
945 611
945 207
946 762
946 74
946 32
947 229
947 165
947 562
948 112
948 885
948 136
949 392
949 18
949 77
950 164
950 560
950 102
951 132
951 875
951 2
952 25
952 546
952 37
953 564
953 19
953 165
954 191
954 223
954 941
955 178
955 19
955 126
956 24
956 459
956 104
957 25
957 859
957 4
958 650
958 319
958 438
959 153
959 119
959 30
960 174
960 709
960 87
961 26
961 101
961 132
962 0
962 108
962 119
963 539
963 5
963 74
964 0
964 142
964 45
965 389
965 381
965 119
966 120
966 580
966 4
967 369
967 660
967 0
968 62
968 55
968 254
969 946
969 412
969 332
970 284
970 137
970 716
971 944
971 127
971 702
972 14
972 1
972 688
973 806
973 271
973 852
974 546
974 110
974 666
975 119
975 43
975 135
976 62
976 593
976 502
977 67
977 722
977 4
978 0
978 678
978 549
979 530
979 305
979 93
980 644
980 412
980 85
981 379
981 207
981 0
982 872
982 2
982 66
983 711
983 457
983 27
984 245
984 382
984 475
985 85
985 174
985 194
986 194
986 784
986 394
987 211
987 663
987 117
988 0
988 11
988 53
989 264
989 854
989 189
990 809
990 274
990 762
991 1
991 380
991 95
992 860
992 4
992 12
993 176
993 298
993 750
994 6
994 706
994 465
995 262
995 44
995 1
996 93
996 611
996 779
997 190
997 677
997 108
998 661
998 379
998 530
999 131
999 105
999 928
