0 1
1 0
2 0
2 1
3 0
3 1
3 2
4 1
4 0
4 2
5 2
5 1
5 0
6 2
6 0
6 1
7 0
7 1
7 2
8 7
8 1
8 0
9 2
9 7
9 0
10 8
10 1
10 4
11 8
11 4
11 2
12 1
12 2
12 6
13 2
13 3
13 4
14 13
14 2
14 10
15 12
15 1
15 10
16 13
16 8
16 15
17 13
17 3
17 1
18 15
18 2
18 7
19 16
19 1
19 9
20 2
20 4
20 3
21 10
21 18
21 1
22 10
22 1
22 9
23 8
23 16
23 10
24 10
24 21
24 4
25 5
25 2
25 4
26 22
26 3
26 6
27 13
27 4
27 2
28 22
28 5
28 4
29 11
29 9
29 7
30 13
30 1
30 7
31 13
31 10
31 6
32 5
32 10
32 7
33 1
33 0
33 23
34 5
34 14
34 7
35 1
35 2
35 10
36 10
36 28
36 24
37 2
37 21
37 4
38 3
38 36
38 1
39 25
39 13
39 15
40 37
40 10
40 0
41 2
41 30
41 6
42 22
42 1
42 2
43 37
43 23
43 0
44 16
44 12
44 2
45 24
45 16
45 6
46 15
46 6
46 13
47 7
47 21
47 2
48 8
48 7
48 1
49 10
49 38
49 4
50 2
50 48
50 46
51 7
51 15
51 10
52 2
52 1
52 46
53 4
53 1
53 10
54 9
54 4
54 21
55 4
55 21
55 12
56 2
56 31
56 35
57 3
57 15
57 2
58 43
58 0
58 2
59 1
59 10
59 38
60 9
60 16
60 43
61 18
61 12
61 48
62 59
62 2
62 23
63 10
63 28
63 35
64 4
64 61
64 0
65 16
65 22
65 1
66 26
66 4
66 16
67 10
67 21
67 47
68 49
68 18
68 7
69 9
69 10
69 7
70 4
70 0
70 2
71 9
71 38
71 0
72 4
72 0
72 2
73 19
73 13
73 1
74 16
74 8
74 63
75 8
75 56
75 24
76 61
76 4
76 5
77 29
77 16
77 10
78 31
78 3
78 24
79 55
79 15
79 71
80 2
80 47
80 50
81 7
81 62
81 15
82 74
82 51
82 26
83 21
83 47
83 67
84 13
84 28
84 5
85 80
85 24
85 82
86 5
86 13
86 22
87 57
87 3
87 82
88 57
88 19
88 18
89 6
89 69
89 80
90 4
90 58
90 2
91 50
91 2
91 0
92 80
92 1
92 11
93 86
93 8
93 65
94 11
94 49
94 2
95 46
95 22
95 73
96 1
96 58
96 21
97 0
97 14
97 1
98 41
98 4
98 36
99 24
99 33
99 2
100 11
100 62
100 2
101 4
101 17
101 5
102 97
102 3
102 4
103 75
103 85
103 31
104 10
104 38
104 51
105 0
105 38
105 69
106 52
106 3
106 12
107 97
107 95
107 45
108 21
108 5
108 13
109 95
109 2
109 85
110 80
110 2
110 108
111 5
111 14
111 50
112 0
112 76
112 8
113 14
113 38
113 2
114 15
114 9
114 10
115 2
115 52
115 4
116 7
116 0
116 33
117 62
117 79
117 0
118 10
118 108
118 3
119 13
119 58
119 21
120 49
120 57
120 86
121 17
121 6
121 12
122 4
122 53
122 89
123 12
123 0
123 92
124 25
124 0
124 1
125 5
125 8
125 33
126 2
126 4
126 25
127 74
127 20
127 1
128 2
128 29
128 16
129 0
129 16
129 3
130 38
130 12
130 84
131 57
131 13
131 2
132 62
132 17
132 108
133 59
133 132
133 50
134 58
134 1
134 37
135 1
135 62
135 49
136 131
136 27
136 16
137 11
137 23
137 121
138 1
138 0
138 13
139 9
139 10
139 43
140 63
140 6
140 121
141 1
141 4
141 91
142 35
142 73
142 18
143 18
143 34
143 84
144 5
144 53
144 46
145 66
145 57
145 23
146 36
146 51
146 98
147 38
147 113
147 15
148 16
148 38
148 20
149 38
149 14
149 2
150 1
150 13
150 3
151 27
151 132
151 82
152 141
152 15
152 82
153 21
153 65
153 4
154 149
154 122
154 9
155 0
155 151
155 9
156 55
156 18
156 24
157 22
157 139
157 114
158 45
158 37
158 0
159 109
159 99
159 0
160 53
160 50
160 52
161 10
161 109
161 50
162 33
162 62
162 59
163 160
163 86
163 123
164 0
164 1
164 4
165 128
165 21
165 70
166 108
166 42
166 123
167 133
167 96
167 0
168 59
168 44
168 3
169 67
169 2
169 91
170 2
170 66
170 141
171 18
171 15
171 95
172 12
172 5
172 46
173 120
173 101
173 91
174 37
174 35
174 157
175 3
175 10
175 120
176 16
176 19
176 2
177 0
177 5
177 101
178 25
178 10
178 52
179 27
179 4
179 25
180 72
180 111
180 21
181 19
181 0
181 4
182 84
182 62
182 179
183 93
183 34
183 24
184 12
184 4
184 45
185 133
185 51
185 41
186 1
186 24
186 72
187 1
187 4
187 97
188 2
188 77
188 182
189 15
189 3
189 12
190 4
190 153
190 93
191 86
191 38
191 136
192 4
192 5
192 107
193 103
193 27
193 1
194 16
194 154
194 2
195 191
195 1
195 21
196 41
196 0
196 21
197 116
197 136
197 15
198 184
198 168
198 23
199 48
199 2
199 122
200 106
200 21
200 1
201 67
201 32
201 2
202 56
202 108
202 197
203 2
203 8
203 5
204 178
204 25
204 23
205 176
205 17
205 48
206 10
206 2
206 162
207 79
207 0
207 127
208 49
208 206
208 78
209 2
209 21
209 197
210 28
210 86
210 2
211 199
211 4
211 12
212 76
212 120
212 0
213 16
213 74
213 27
214 6
214 114
214 37
215 101
215 176
215 1
216 4
216 141
216 36
217 3
217 5
217 211
218 3
218 31
218 54
219 99
219 5
219 12
220 96
220 199
220 13
221 0
221 111
221 95
222 17
222 52
222 34
223 50
223 3
223 13
224 12
224 11
224 168
225 76
225 12
225 10
226 27
226 82
226 108
227 87
227 84
227 42
228 111
228 25
228 39
229 122
229 167
229 9
230 2
230 121
230 33
231 15
231 167
231 4
232 137
232 37
232 31
233 53
233 108
233 33
234 181
234 188
234 1
235 33
235 35
235 77
236 33
236 149
236 210
237 23
237 51
237 35
238 21
238 1
238 5
239 16
239 7
239 0
240 2
240 8
240 58
241 182
241 169
241 82
242 1
242 138
242 17
243 181
243 4
243 0
244 45
244 31
244 0
245 16
245 187
245 1
246 36
246 49
246 16
247 76
247 206
247 18
248 148
248 0
248 239
249 176
249 120
249 73
250 13
250 75
250 232
251 206
251 0
251 51
252 173
252 0
252 95
253 115
253 21
253 118
254 31
254 91
254 42
255 148
255 88
255 25
256 46
256 19
256 48
257 253
257 2
257 16
258 4
258 44
258 67
259 121
259 143
259 147
260 46
260 108
260 5
261 0
261 204
261 4
262 10
262 144
262 136
263 231
263 2
263 82
264 12
264 204
264 21
265 155
265 35
265 173
266 120
266 14
266 221
267 187
267 95
267 13
268 64
268 13
268 46
269 1
269 9
269 78
270 40
270 0
270 12
271 70
271 89
271 59
272 25
272 268
272 0
273 9
273 25
273 36
274 180
274 79
274 18
275 38
275 64
275 69
276 275
276 5
276 255
277 131
277 208
277 44
278 65
278 268
278 22
279 205
279 223
279 27
280 103
280 73
280 84
281 130
281 144
281 221
282 85
282 15
282 97
283 9
283 100
283 224
284 1
284 167
284 28
285 186
285 1
285 12
286 207
286 193
286 275
287 48
287 164
287 207
288 85
288 193
288 205
289 181
289 80
289 68
290 123
290 105
290 14
291 96
291 15
291 126
292 4
292 31
292 46
293 1
293 122
293 280
294 79
294 49
294 51
295 126
295 212
295 74
296 82
296 291
296 258
297 228
297 35
297 200
298 223
298 36
298 71
299 79
299 9
299 23
300 23
300 0
300 49
301 0
301 198
301 57
302 90
302 24
302 206
303 20
303 21
303 108
304 13
304 22
304 193
305 224
305 67
305 68
306 48
306 270
306 36
307 2
307 31
307 24
308 1
308 175
308 259
309 48
309 86
309 220
310 111
310 8
310 22
311 33
311 226
311 79
312 191
312 35
312 228
313 5
313 2
313 64
314 257
314 6
314 75
315 29
315 47
315 30
316 106
316 260
316 20
317 18
317 209
317 61
318 48
318 26
318 274
319 208
319 5
319 125
320 142
320 49
320 6
321 56
321 141
321 2
322 4
322 86
322 3
323 2
323 121
323 93
324 5
324 233
324 8
325 231
325 143
325 18
326 35
326 298
326 2
327 106
327 241
327 34
328 237
328 169
328 104
329 209
329 16
329 134
330 45
330 282
330 10
331 123
331 13
331 120
332 35
332 89
332 28
333 1
333 19
333 195
334 49
334 2
334 59
335 31
335 178
335 321
336 15
336 307
336 335
337 1
337 10
337 150
338 128
338 12
338 2
339 257
339 104
339 32
340 19
340 129
340 123
341 99
341 13
341 165
342 2
342 33
342 128
343 256
343 8
343 266
344 37
344 23
344 153
345 9
345 136
345 46
346 37
346 166
346 329
347 25
347 62
347 140
348 9
348 8
348 13
349 122
349 52
349 312
350 2
350 246
350 279
351 264
351 97
351 3
352 51
352 5
352 64
353 4
353 21
353 23
354 0
354 99
354 83
355 55
355 107
355 4
356 9
356 0
356 142
357 29
357 189
357 190
358 105
358 167
358 307
359 164
359 194
359 302
360 43
360 51
360 154
361 9
361 261
361 64
362 168
362 13
362 37
363 290
363 351
363 46
364 15
364 24
364 292
365 69
365 322
365 186
366 192
366 18
366 288
367 3
367 213
367 50
368 214
368 15
368 86
369 193
369 302
369 5
370 350
370 267
370 108
371 71
371 47
371 257
372 13
372 249
372 132
373 26
373 164
373 34
374 150
374 190
374 19
375 137
375 17
375 42
376 43
376 265
376 317
377 261
377 37
377 181
378 61
378 1
378 24
379 15
379 52
379 169
380 1
380 48
380 161
381 186
381 103
381 31
382 378
382 110
382 181
383 57
383 207
383 0
384 268
384 7
384 93
385 117
385 137
385 24
386 2
386 6
386 256
387 22
387 270
387 182
388 5
388 199
388 31
389 111
389 286
389 2
390 57
390 12
390 280
391 1
391 87
391 38
392 143
392 0
392 383
393 2
393 0
393 129
394 46
394 1
394 232
395 23
395 30
395 27
396 231
396 62
396 136
397 59
397 120
397 162
398 25
398 15
398 361
399 116
399 1
399 158
400 341
400 95
400 369
401 399
401 73
401 5
402 51
402 31
402 1
403 233
403 286
403 1
404 194
404 253
404 107
405 80
405 92
405 99
406 170
406 2
406 5
407 198
407 236
407 16
408 389
408 2
408 345
409 170
409 238
409 62
410 129
410 405
410 169
411 53
411 166
411 1
412 375
412 1
412 22
413 151
413 205
413 102
414 1
414 12
414 43
415 34
415 92
415 190
416 49
416 12
416 368
417 414
417 96
417 11
418 260
418 375
418 136
419 375
419 224
419 113
420 319
420 15
420 5
421 10
421 15
421 24
422 7
422 111
422 414
423 143
423 198
423 113
424 1
424 311
424 64
425 73
425 9
425 209
426 78
426 172
426 367
427 294
427 2
427 391
428 53
428 46
428 95
429 191
429 14
429 84
430 167
430 232
430 169
431 276
431 238
431 207
432 10
432 213
432 11
433 12
433 4
433 198
434 167
434 122
434 52
435 86
435 168
435 46
436 45
436 71
436 190
437 147
437 173
437 246
438 11
438 126
438 376
439 234
439 125
439 107
440 390
440 4
440 31
441 428
441 183
441 13
442 103
442 2
442 148
443 179
443 41
443 430
444 111
444 97
444 189
445 25
445 422
445 82
446 55
446 2
446 395
447 166
447 14
447 22
448 51
448 430
448 391
449 57
449 380
449 187
450 193
450 56
450 282
451 210
451 2
451 31
452 165
452 6
452 93
453 394
453 374
453 5
454 109
454 263
454 196
455 53
455 312
455 24
456 21
456 293
456 4
457 1
457 130
457 131
458 70
458 167
458 84
459 370
459 39
459 277
460 22
460 167
460 2
461 25
461 59
461 28
462 19
462 15
462 62
463 197
463 332
463 50
464 120
464 107
464 378
465 47
465 2
465 130
466 105
466 52
466 431
467 16
467 113
467 400
468 243
468 5
468 395
469 24
469 31
469 306
470 37
470 115
470 417
471 0
471 36
471 303
472 188
472 27
472 349
473 57
473 101
473 113
474 3
474 394
474 87
475 389
475 2
475 276
476 164
476 110
476 225
477 48
477 21
477 47
478 167
478 306
478 153
479 13
479 181
479 45
480 19
480 2
480 1
481 201
481 2
481 108
482 101
482 2
482 428
483 439
483 0
483 15
484 64
484 379
484 176
485 278
485 7
485 400
486 213
486 96
486 356
487 320
487 29
487 8
488 15
488 72
488 0
489 197
489 218
489 19
490 9
490 61
490 66
491 33
491 2
491 468
492 37
492 176
492 103
493 473
493 84
493 417
494 4
494 147
494 44
495 243
495 32
495 4
496 452
496 411
496 93
497 1
497 477
497 64
498 57
498 198
498 181
499 86
499 464
499 241
