0 1
0 2
0 3
0 4
0 5
0 6
0 7
0 11
0 17
0 18
0 28
0 30
0 36
0 37
0 45
0 48
0 62
0 72
0 88
0 91
0 120
0 127
0 128
0 132
0 184
0 194
0 197
0 210
0 217
0 237
0 259
0 272
0 314
0 390
1 0
1 2
1 3
1 4
1 6
1 8
1 9
1 11
1 13
1 22
1 30
1 54
1 60
1 72
1 73
1 75
1 114
1 123
1 143
1 167
1 213
1 224
1 230
1 253
1 335
1 382
1 442
1 446
2 1
2 0
2 3
2 4
2 5
2 12
2 15
2 19
2 34
2 49
2 51
2 53
2 62
2 71
2 81
2 132
2 151
2 202
2 204
2 229
2 257
2 341
2 476
3 2
3 1
3 0
3 5
3 8
3 10
3 14
3 27
3 32
3 40
3 45
3 69
3 91
3 92
3 104
3 119
3 125
3 137
3 156
3 163
3 189
3 209
3 235
3 264
3 292
3 303
3 329
3 345
3 403
3 421
3 434
3 494
4 1
4 2
4 0
4 15
4 16
4 19
4 20
4 24
4 26
4 29
4 39
4 46
4 47
4 50
4 56
4 74
4 86
4 97
4 119
4 124
4 144
4 158
4 168
4 194
4 212
4 254
4 270
4 298
4 347
4 498
5 3
5 2
5 0
5 6
5 7
5 12
5 13
5 20
5 69
5 94
5 102
5 378
5 450
5 469
6 5
6 0
6 1
6 7
6 9
6 14
6 17
6 22
6 24
6 36
6 45
6 63
6 65
6 80
6 113
6 139
6 238
6 241
6 340
6 424
6 443
6 450
6 480
7 0
7 6
7 5
7 8
7 21
7 27
7 28
7 57
7 59
7 66
7 73
7 81
7 101
7 102
7 127
7 140
7 145
7 254
7 300
7 321
7 361
7 366
7 402
7 464
7 479
8 3
8 7
8 1
8 9
8 10
8 15
8 16
8 23
8 29
8 31
8 33
8 35
8 37
8 42
8 55
8 82
8 90
8 95
8 154
8 161
8 232
8 320
8 331
8 333
8 388
8 415
9 6
9 1
9 8
9 10
9 16
9 18
9 19
9 51
9 129
9 156
9 242
9 291
9 302
9 324
9 401
10 8
10 3
10 9
10 11
10 14
10 20
10 33
10 49
10 117
10 126
10 130
10 202
10 208
10 257
11 10
11 0
11 1
11 12
11 80
11 128
11 175
11 289
11 338
11 441
12 5
12 2
12 11
12 13
12 17
12 18
12 57
12 138
12 151
12 173
12 174
12 357
12 443
13 5
13 12
13 1
13 21
13 25
13 30
13 44
13 62
13 83
13 111
13 122
13 124
13 152
13 162
13 200
13 214
13 286
13 295
13 301
13 315
13 330
13 356
13 379
13 420
13 461
14 6
14 10
14 3
14 78
14 106
14 143
14 173
15 4
15 2
15 8
15 21
15 29
15 38
15 41
15 49
15 57
15 70
15 113
15 142
15 176
15 302
15 381
15 387
15 445
15 465
15 483
15 499
16 8
16 9
16 4
16 26
16 34
16 39
16 42
16 53
16 58
16 59
16 61
16 105
16 145
16 170
16 185
16 214
16 217
16 453
16 463
17 12
17 6
17 0
17 22
17 23
17 25
17 47
17 83
17 85
17 92
17 130
17 136
17 169
17 187
17 211
17 237
17 294
17 336
17 497
18 9
18 12
18 0
18 37
18 42
18 48
18 52
18 63
18 85
18 93
18 109
18 115
18 162
18 395
19 9
19 2
19 4
19 25
19 31
19 52
19 66
19 67
19 86
19 113
19 237
19 297
19 354
19 369
20 10
20 4
20 5
20 24
20 39
20 65
20 71
20 75
20 139
20 313
20 385
21 15
21 13
21 7
21 23
21 26
21 28
21 38
21 75
21 93
21 117
21 121
21 122
21 207
21 229
21 265
21 394
21 459
21 475
22 1
22 6
22 17
22 41
22 43
22 68
22 89
22 98
22 141
22 147
22 149
22 178
22 215
22 258
22 313
22 318
22 362
22 397
22 447
22 481
23 21
23 17
23 8
23 35
23 38
23 40
23 41
23 51
23 55
23 58
23 116
23 141
23 156
23 234
23 306
23 335
23 403
23 404
24 20
24 4
24 6
24 31
24 183
24 406
25 13
25 17
25 19
25 88
25 224
26 16
26 21
26 4
26 27
26 32
26 58
26 72
26 76
26 88
26 148
26 168
26 363
26 454
26 468
27 7
27 3
27 26
27 35
27 44
27 68
27 112
27 148
27 153
27 174
27 201
27 228
27 230
27 281
27 328
27 350
27 435
28 7
28 21
28 0
28 54
28 165
28 259
28 358
29 15
29 8
29 4
29 68
29 77
29 83
29 94
29 106
29 115
29 164
29 203
29 330
29 368
30 1
30 13
30 0
30 32
30 33
30 34
30 74
30 117
30 317
30 353
30 411
30 436
30 476
31 8
31 24
31 19
31 47
31 81
31 164
31 244
31 304
31 326
31 428
31 462
32 3
32 30
32 26
32 64
32 77
32 112
32 212
32 249
32 305
32 342
32 359
33 10
33 30
33 8
33 36
33 40
33 60
33 78
33 87
33 93
33 133
33 170
33 232
33 242
33 303
33 349
33 397
33 414
33 447
34 30
34 2
34 16
34 176
34 253
34 346
35 23
35 27
35 8
35 48
35 107
35 277
35 322
36 0
36 6
36 33
36 53
36 54
36 56
36 59
36 66
36 79
36 120
36 123
36 126
36 271
36 332
36 360
36 364
36 383
36 429
37 8
37 0
37 18
37 46
37 108
37 149
37 252
38 23
38 21
38 15
38 43
38 70
38 99
38 199
38 365
38 392
38 398
39 20
39 16
39 4
39 50
39 55
39 124
39 150
39 158
39 159
39 224
39 251
39 276
39 279
39 385
39 486
40 23
40 33
40 3
40 43
40 52
40 84
40 87
40 95
40 105
40 114
40 160
40 468
40 492
41 15
41 23
41 22
41 44
41 86
41 107
41 116
41 129
41 164
41 177
41 186
41 201
41 211
41 239
41 285
41 313
42 16
42 18
42 8
42 46
42 50
42 103
42 121
42 131
42 191
42 226
42 382
43 22
43 38
43 40
43 70
43 82
43 143
43 157
43 298
43 421
43 445
44 27
44 41
44 13
44 60
44 96
44 133
44 154
44 192
44 279
44 454
44 488
45 6
45 3
45 0
45 100
45 135
45 240
46 42
46 4
46 37
46 84
46 96
46 255
46 319
46 322
46 369
46 471
47 17
47 4
47 31
47 106
47 328
47 441
48 18
48 35
48 0
48 56
48 78
48 126
48 372
49 10
49 15
49 2
49 89
49 92
49 96
49 158
50 39
50 4
50 42
50 63
50 79
50 178
50 196
50 221
50 222
50 291
50 416
51 23
51 9
51 2
51 67
51 87
51 100
51 167
51 363
51 402
51 482
52 19
52 18
52 40
52 65
52 85
52 103
52 134
52 161
52 228
52 238
52 452
53 2
53 16
53 36
53 64
53 139
53 198
53 207
53 261
53 377
53 472
54 1
54 36
54 28
54 163
55 23
55 8
55 39
55 79
55 91
55 114
56 36
56 48
56 4
56 105
56 160
56 282
56 312
56 375
57 15
57 12
57 7
57 61
57 69
57 116
57 144
57 181
57 231
57 309
57 382
57 389
57 395
57 429
57 450
58 26
58 16
58 23
58 61
58 226
58 227
58 248
58 373
58 493
59 36
59 7
59 16
59 73
59 76
59 230
60 33
60 44
60 1
60 64
61 58
61 57
61 16
61 76
61 103
61 168
61 185
61 218
61 240
61 246
61 247
61 479
62 13
62 2
62 0
62 67
62 80
62 89
62 98
62 223
62 254
62 402
62 481
63 6
63 18
63 50
63 77
63 234
63 463
64 32
64 60
64 53
64 71
64 131
64 365
64 371
64 389
65 52
65 6
65 20
65 188
65 277
65 391
65 469
65 487
66 36
66 19
66 7
66 108
66 180
66 339
66 371
66 406
67 62
67 19
67 51
67 90
67 111
67 161
67 209
67 306
67 372
67 415
68 22
68 29
68 27
68 74
68 109
68 115
68 188
68 200
68 210
68 213
68 240
68 250
69 57
69 5
69 3
69 104
69 340
70 43
70 15
70 38
70 99
70 101
70 128
70 171
70 182
70 190
70 281
70 314
71 2
71 64
71 20
71 110
71 138
71 180
71 183
72 0
72 26
72 1
72 109
72 216
72 448
72 461
72 473
73 59
73 7
73 1
73 84
73 97
73 129
73 154
73 167
73 181
73 182
73 195
73 203
73 408
73 465
73 497
74 4
74 30
74 68
74 82
74 118
74 119
74 243
74 269
74 284
74 297
74 319
74 400
74 494
75 21
75 20
75 1
75 251
75 475
76 59
76 61
76 26
76 104
76 150
76 218
76 370
77 29
77 63
77 32
77 179
77 235
78 14
78 33
78 48
78 98
78 135
78 152
78 157
78 352
79 36
79 55
79 50
79 125
79 172
79 220
79 259
79 327
79 427
80 11
80 62
80 6
80 94
80 149
80 274
80 392
80 399
80 417
80 492
81 7
81 2
81 31
82 74
82 43
82 8
82 95
82 122
82 281
82 338
82 407
82 410
82 458
82 485
83 17
83 13
83 29
83 169
83 171
83 231
83 256
83 311
83 455
83 485
84 46
84 40
84 73
84 101
84 169
84 205
84 251
84 334
84 336
84 424
85 18
85 17
85 52
85 102
85 269
85 307
85 376
86 19
86 4
86 41
86 374
87 33
87 40
87 51
87 90
87 183
88 0
88 25
88 26
88 100
88 249
88 255
88 305
88 383
88 388
88 466
89 62
89 49
89 22
89 155
89 211
89 234
90 8
90 87
90 67
90 99
90 160
90 192
90 443
91 0
91 3
91 55
91 97
91 134
91 146
91 315
91 471
92 3
92 49
92 17
92 213
92 219
92 245
92 295
92 480
93 33
93 18
93 21
93 108
93 110
93 121
93 136
93 142
93 166
93 175
93 244
93 263
93 362
94 5
94 29
94 80
94 197
94 212
94 223
94 260
94 380
94 433
94 472
95 82
95 8
95 40
95 299
96 46
96 49
96 44
96 112
96 136
96 191
97 91
97 4
97 73
97 134
97 159
97 267
97 283
97 311
97 314
98 78
98 22
98 62
98 132
98 215
98 221
98 387
98 389
98 493
99 70
99 90
99 38
99 118
99 187
99 274
99 303
99 378
99 381
99 440
99 461
100 51
100 88
100 45
100 171
100 191
100 193
100 239
100 334
100 496
101 70
101 7
101 84
101 289
101 296
101 422
101 489
102 7
102 85
102 5
102 110
102 147
102 174
102 189
102 226
102 266
102 287
102 318
102 430
102 446
103 42
103 61
103 52
104 3
104 76
104 69
104 107
104 165
104 193
104 439
105 56
105 40
105 16
105 163
105 322
105 433
106 14
106 47
106 29
106 120
106 140
106 157
106 263
106 273
106 275
106 288
106 412
107 41
107 35
107 104
107 411
107 418
108 37
108 66
108 93
108 111
108 326
108 331
109 18
109 72
109 68
109 123
109 125
109 239
109 274
109 293
109 311
109 359
110 102
110 71
110 93
110 135
110 173
110 177
110 225
110 233
110 287
110 317
111 108
111 67
111 13
111 145
111 390
111 420
112 96
112 27
112 32
112 130
112 185
112 194
112 221
112 279
112 343
113 6
113 19
113 15
113 131
113 287
113 355
114 1
114 40
114 55
114 137
114 150
114 175
115 68
115 29
115 18
115 138
115 193
115 308
116 23
116 41
116 57
116 118
116 146
116 288
117 21
117 30
117 10
117 225
117 248
117 376
117 495
118 116
118 99
118 74
118 199
118 202
118 208
118 214
118 227
118 235
118 278
118 333
119 74
119 4
119 3
119 170
119 203
119 386
120 106
120 0
120 36
120 190
120 220
120 280
120 340
121 93
121 21
121 42
121 216
121 228
121 405
122 13
122 82
122 21
122 141
122 210
122 217
123 1
123 109
123 36
123 153
123 155
124 4
124 39
124 13
124 127
124 133
124 162
124 236
124 288
124 292
124 312
124 358
125 3
125 79
125 109
125 166
125 190
125 205
125 459
126 48
126 36
126 10
126 137
126 159
126 179
126 297
126 348
126 422
126 486
127 0
127 7
127 124
127 275
127 367
127 368
127 395
127 473
128 70
128 0
128 11
128 186
128 238
128 256
128 342
129 9
129 41
129 73
129 219
129 245
129 357
130 10
130 112
130 17
130 147
130 153
130 197
130 445
131 42
131 113
131 64
131 152
132 98
132 2
132 0
132 142
132 146
132 172
132 178
132 408
132 477
132 480
133 33
133 44
133 124
133 296
133 337
133 360
134 52
134 97
134 91
134 140
134 198
134 444
134 456
135 78
135 45
135 110
135 144
135 290
135 343
136 17
136 93
136 96
136 151
136 182
136 205
136 270
136 400
136 440
137 3
137 126
137 114
137 196
137 246
137 263
137 359
137 374
138 115
138 12
138 71
138 155
138 165
138 252
138 261
138 331
139 6
139 20
139 53
140 106
140 7
140 134
140 309
140 321
140 354
141 23
141 22
141 122
141 405
141 431
142 132
142 93
142 15
142 186
143 43
143 1
143 14
144 135
144 57
144 4
144 233
144 318
144 343
145 7
145 111
145 16
145 181
145 276
145 452
146 132
146 116
146 91
146 148
146 187
146 264
146 285
146 349
146 427
146 476
147 130
147 22
147 102
147 250
147 315
147 324
147 418
147 454
148 26
148 146
148 27
148 268
148 470
149 37
149 22
149 80
149 292
150 114
150 76
150 39
150 268
150 293
150 351
150 370
150 441
151 2
151 136
151 12
151 192
151 206
151 413
151 449
151 452
152 13
152 78
152 131
152 176
152 215
152 265
152 266
152 373
152 376
152 466
153 123
153 130
153 27
153 218
153 348
154 8
154 44
154 73
154 198
155 138
155 89
155 123
155 177
155 247
155 289
155 306
155 349
156 9
156 3
156 23
156 201
156 258
156 323
157 78
157 106
157 43
157 166
157 323
157 372
157 416
158 39
158 49
158 4
158 278
158 442
159 126
159 39
159 97
160 40
160 56
160 90
160 172
160 294
160 329
160 345
161 67
161 52
161 8
161 179
161 260
161 310
161 338
161 379
161 391
162 18
162 124
162 13
163 54
163 105
163 3
163 204
163 232
163 333
163 374
163 384
163 435
163 499
164 41
164 31
164 29
165 104
165 138
165 28
166 93
166 125
166 157
166 189
166 229
166 290
166 353
166 440
166 468
167 1
167 51
167 73
167 216
167 485
168 61
168 26
168 4
168 253
168 464
168 477
169 83
169 84
169 17
169 184
169 206
169 266
169 474
170 119
170 16
170 33
170 184
170 196
170 255
171 70
171 100
171 83
172 132
172 160
172 79
172 419
172 438
173 12
173 14
173 110
173 436
174 12
174 102
174 27
174 366
175 93
175 114
175 11
175 285
176 34
176 15
176 152
176 180
176 200
176 209
176 243
176 282
176 347
176 430
176 435
177 41
177 110
177 155
177 270
178 50
178 22
178 132
178 227
178 327
178 386
178 432
178 437
178 469
179 77
179 126
179 161
179 353
180 66
180 176
180 71
180 199
180 269
180 273
180 283
180 346
180 491
181 145
181 73
181 57
181 361
182 73
182 70
182 136
182 188
182 208
182 478
182 497
183 24
183 87
183 71
184 169
184 0
184 170
184 206
184 264
184 320
184 396
184 426
185 112
185 61
185 16
186 128
186 142
186 41
186 302
186 312
186 324
186 404
186 409
186 484
187 17
187 99
187 146
187 248
187 258
187 295
187 448
188 182
188 65
188 68
188 233
188 458
189 3
189 102
189 166
190 70
190 125
190 120
190 195
190 280
190 381
190 383
190 401
190 410
190 470
190 472
191 100
191 96
191 42
191 207
191 290
191 296
191 380
192 90
192 151
192 44
192 195
192 204
192 246
192 284
192 339
192 419
192 499
193 100
193 115
193 104
193 271
193 393
193 399
193 462
194 0
194 112
194 4
194 301
194 422
195 190
195 73
195 192
195 243
195 396
196 170
196 137
196 50
196 260
196 286
196 496
197 94
197 0
197 130
197 319
198 154
198 134
198 53
198 433
198 464
199 180
199 118
199 38
199 261
199 325
199 329
199 398
199 425
200 68
200 176
200 13
200 219
201 41
201 156
201 27
201 325
202 10
202 2
202 118
202 236
202 463
203 73
203 119
203 29
204 163
204 192
204 2
205 84
205 136
205 125
205 344
205 351
206 151
206 184
206 169
206 220
206 245
207 53
207 21
207 191
207 321
207 384
208 182
208 118
208 10
208 257
209 3
209 176
209 67
210 122
210 0
210 68
210 368
211 41
211 89
211 17
212 94
212 4
212 32
212 286
212 373
213 1
213 68
213 92
213 222
213 256
214 13
214 16
214 118
214 301
215 98
215 22
215 152
215 223
215 377
215 394
215 439
215 457
216 167
216 72
216 121
216 222
216 262
216 271
216 363
216 379
217 16
217 0
217 122
217 272
217 429
218 76
218 153
218 61
218 307
218 391
219 129
219 92
219 200
219 252
220 206
220 120
220 79
220 225
220 465
220 488
221 98
221 50
221 112
221 247
222 216
222 50
222 213
222 364
222 489
223 215
223 62
223 94
223 241
223 411
223 412
224 25
224 1
224 39
224 298
224 300
224 332
224 334
224 444
224 460
225 117
225 220
225 110
225 231
225 241
225 250
225 268
225 277
225 278
225 293
225 304
226 102
226 42
226 58
226 317
227 118
227 58
227 178
227 362
228 27
228 121
228 52
228 431
228 474
229 21
229 166
229 2
229 320
229 419
229 432
230 59
230 1
230 27
230 249
230 442
231 225
231 83
231 57
232 163
232 8
232 33
233 188
233 110
233 144
233 332
233 408
234 23
234 63
234 89
234 356
235 3
235 118
235 77
235 236
235 451
236 124
236 235
236 202
236 242
236 282
236 304
236 414
237 17
237 0
237 19
237 371
237 498
238 6
238 128
238 52
238 267
238 273
239 100
239 109
239 41
239 357
240 45
240 61
240 68
240 344
240 493
241 6
241 225
241 223
241 316
241 459
241 478
242 33
242 236
242 9
242 280
242 299
242 308
242 316
242 423
243 74
243 195
243 176
243 244
243 265
243 294
243 457
244 243
244 93
244 31
244 347
245 92
245 206
245 129
245 337
246 61
246 137
246 192
246 291
246 307
247 221
247 155
247 61
247 328
247 413
248 187
248 117
248 58
248 308
249 230
249 32
249 88
249 355
249 471
250 68
250 225
250 147
250 378
251 75
251 39
251 84
251 276
251 426
252 219
252 138
252 37
252 262
252 350
252 380
252 392
253 1
253 168
253 34
253 330
254 4
254 7
254 62
254 323
254 344
255 46
255 170
255 88
255 337
255 423
256 83
256 128
256 213
256 356
257 2
257 208
257 10
257 275
257 283
257 414
258 156
258 187
258 22
258 345
258 401
258 470
259 28
259 79
259 0
259 352
260 94
260 161
260 196
260 425
261 53
261 199
261 138
261 262
261 448
262 252
262 216
262 261
262 267
262 453
263 93
263 106
263 137
264 184
264 3
264 146
265 21
265 243
265 152
266 169
266 102
266 152
266 272
267 97
267 238
267 262
267 484
268 150
268 148
268 225
268 284
269 85
269 180
269 74
270 136
270 4
270 177
270 390
271 216
271 193
271 36
271 299
271 310
272 0
272 217
272 266
272 300
272 367
272 473
273 238
273 180
273 106
273 360
274 99
274 80
274 109
274 350
274 384
274 385
275 106
275 127
275 257
276 251
276 39
276 145
276 316
276 326
276 451
277 225
277 35
277 65
277 305
277 449
278 118
278 225
278 158
279 39
279 44
279 112
279 369
280 190
280 120
280 242
281 70
281 27
281 82
281 335
282 56
282 236
282 176
282 325
282 399
282 409
283 97
283 180
283 257
283 404
284 268
284 74
284 192
285 146
285 41
285 175
285 417
286 196
286 212
286 13
286 352
287 113
287 102
287 110
288 106
288 116
288 124
289 101
289 11
289 155
290 135
290 191
290 166
290 417
290 426
290 449
291 50
291 9
291 246
291 336
292 3
292 124
292 149
293 225
293 150
293 109
293 483
294 160
294 243
294 17
294 341
294 444
295 187
295 13
295 92
295 447
296 101
296 133
296 191
297 19
297 126
297 74
297 327
298 224
298 43
298 4
298 492
299 242
299 95
299 271
299 406
300 224
300 272
300 7
301 13
301 194
301 214
301 346
302 186
302 9
302 15
302 339
302 342
302 355
303 33
303 99
303 3
303 456
303 498
304 236
304 31
304 225
304 409
305 277
305 88
305 32
306 23
306 155
306 67
306 466
307 85
307 246
307 218
307 386
308 248
308 242
308 115
308 309
308 487
309 308
309 57
309 140
309 310
310 309
310 271
310 161
310 396
311 97
311 109
311 83
312 124
312 56
312 186
312 366
312 479
313 22
313 20
313 41
314 97
314 70
314 0
314 403
315 147
315 91
315 13
315 495
316 276
316 242
316 241
316 415
316 418
316 487
317 110
317 226
317 30
317 432
318 102
318 22
318 144
318 398
319 74
319 46
319 197
319 437
319 490
320 229
320 8
320 184
320 462
321 140
321 7
321 207
322 35
322 46
322 105
323 254
323 156
323 157
323 491
324 186
324 147
324 9
324 413
325 199
325 282
325 201
326 276
326 31
326 108
326 348
327 79
327 297
327 178
327 393
327 424
327 438
328 27
328 47
328 247
328 365
328 377
329 160
329 199
329 3
329 375
330 253
330 13
330 29
330 482
331 108
331 8
331 138
332 224
332 36
332 233
332 367
333 118
333 163
333 8
334 100
334 84
334 224
335 23
335 1
335 281
336 291
336 84
336 17
336 361
336 420
336 489
337 245
337 255
337 133
337 341
337 421
338 82
338 161
338 11
339 192
339 66
339 302
340 120
340 69
340 6
340 397
341 337
341 2
341 294
342 128
342 32
342 302
342 474
343 135
343 144
343 112
343 351
343 436
344 240
344 254
344 205
345 160
345 3
345 258
345 354
346 180
346 301
346 34
347 4
347 176
347 244
347 358
347 437
347 475
348 326
348 153
348 126
349 155
349 33
349 146
350 274
350 252
350 27
350 478
351 150
351 205
351 343
352 259
352 78
352 286
353 30
353 166
353 179
353 364
354 19
354 140
354 345
354 405
354 427
354 431
355 302
355 113
355 249
355 458
355 495
356 256
356 13
356 234
357 239
357 129
357 12
358 124
358 28
358 347
358 416
359 32
359 109
359 137
359 394
360 133
360 36
360 273
360 410
360 428
361 336
361 181
361 7
361 490
362 93
362 22
362 227
363 216
363 51
363 26
363 370
363 407
364 36
364 222
364 353
365 38
365 328
365 64
366 7
366 174
366 312
366 428
367 332
367 127
367 272
367 438
368 210
368 127
368 29
369 46
369 19
369 279
370 363
370 76
370 150
370 425
371 66
371 64
371 237
372 48
372 67
372 157
372 375
372 491
372 494
373 212
373 152
373 58
373 393
374 163
374 86
374 137
375 329
375 56
375 372
375 446
376 85
376 117
376 152
376 388
377 53
377 215
377 328
378 250
378 99
378 5
378 423
378 430
379 13
379 216
379 161
380 94
380 191
380 252
380 387
380 400
381 190
381 15
381 99
382 57
382 42
382 1
383 190
383 88
383 36
384 207
384 274
384 163
384 412
385 274
385 39
385 20
385 434
385 439
386 178
386 307
386 119
387 98
387 380
387 15
388 376
388 8
388 88
389 57
389 98
389 64
390 270
390 0
390 111
391 161
391 65
391 218
392 38
392 252
392 80
392 456
393 327
393 373
393 193
394 215
394 359
394 21
395 18
395 127
395 57
396 310
396 184
396 195
397 33
397 22
397 340
397 482
398 199
398 38
398 318
398 477
399 193
399 282
399 80
399 460
400 380
400 74
400 136
401 190
401 9
401 258
401 488
402 7
402 62
402 51
403 3
403 314
403 23
404 23
404 283
404 186
404 407
404 483
405 141
405 121
405 354
406 66
406 299
406 24
407 82
407 363
407 404
408 132
408 73
408 233
409 282
409 186
409 304
410 82
410 360
410 190
411 223
411 30
411 107
412 223
412 106
412 384
413 151
413 324
413 247
414 236
414 257
414 33
414 457
414 481
415 67
415 316
415 8
416 157
416 358
416 50
417 80
417 290
417 285
418 316
418 107
418 147
419 192
419 229
419 172
419 434
420 336
420 13
420 111
421 43
421 3
421 337
422 126
422 194
422 101
423 378
423 255
423 242
424 84
424 327
424 6
425 370
425 199
425 260
426 290
426 184
426 251
427 354
427 146
427 79
428 360
428 366
428 31
428 455
429 36
429 217
429 57
429 467
430 378
430 176
430 102
431 141
431 354
431 228
431 451
432 178
432 229
432 317
432 460
433 198
433 94
433 105
434 385
434 3
434 419
435 27
435 163
435 176
436 343
436 173
436 30
437 178
437 319
437 347
438 327
438 367
438 172
439 104
439 215
439 385
440 136
440 166
440 99
440 496
441 47
441 11
441 150
442 1
442 230
442 158
442 453
443 6
443 90
443 12
444 294
444 134
444 224
445 15
445 43
445 130
446 102
446 375
446 1
447 22
447 33
447 295
448 261
448 187
448 72
449 277
449 151
449 290
450 5
450 6
450 57
450 484
451 276
451 431
451 235
451 455
452 151
452 52
452 145
453 442
453 262
453 16
454 26
454 44
454 147
455 451
455 428
455 83
455 467
456 303
456 134
456 392
457 215
457 414
457 243
458 82
458 355
458 188
459 125
459 241
459 21
460 224
460 432
460 399
461 72
461 99
461 13
462 320
462 31
462 193
462 467
463 63
463 16
463 202
464 168
464 7
464 198
465 15
465 73
465 220
466 306
466 88
466 152
467 462
467 429
467 455
468 166
468 26
468 40
468 486
469 5
469 65
469 178
470 148
470 258
470 190
471 91
471 46
471 249
472 190
472 94
472 53
473 72
473 272
473 127
474 169
474 342
474 228
475 347
475 21
475 75
476 146
476 2
476 30
477 168
477 398
477 132
478 182
478 350
478 241
479 7
479 312
479 61
479 490
480 92
480 132
480 6
481 62
481 22
481 414
482 397
482 330
482 51
483 293
483 404
483 15
484 186
484 267
484 450
485 167
485 82
485 83
486 126
486 39
486 468
487 65
487 316
487 308
488 44
488 220
488 401
489 336
489 222
489 101
490 479
490 319
490 361
491 323
491 372
491 180
492 80
492 40
492 298
493 58
493 98
493 240
494 3
494 372
494 74
495 355
495 315
495 117
496 100
496 196
496 440
497 73
497 17
497 182
498 237
498 4
498 303
499 163
499 15
499 192
