0 1
0 2
0 3
1 0
1 2
1 3
2 1
2 0
2 3
3 1
3 2
3 0
4 0
4 3
4 2
5 0
5 4
5 1
6 3
6 5
6 2
7 2
7 0
7 1
8 1
8 0
8 2
9 2
9 0
9 3
10 2
10 5
10 0
11 5
11 3
11 1
12 7
12 1
12 5
13 2
13 5
13 10
14 3
14 2
14 7
15 3
15 0
15 8
16 8
16 13
16 11
17 1
17 3
17 9
18 0
18 2
18 9
19 2
19 17
19 0
20 3
20 7
20 2
21 8
21 11
21 0
22 3
22 12
22 0
23 3
23 16
23 0
24 1
24 12
24 0
25 3
25 14
25 2
26 3
26 2
26 22
27 1
27 25
27 2
28 5
28 12
28 3
29 5
29 20
29 26
30 8
30 0
30 13
31 8
31 5
31 17
32 20
32 8
32 15
33 13
33 2
33 29
34 8
34 25
34 2
35 17
35 21
35 25
36 11
36 12
36 27
37 24
37 12
37 1
38 0
38 25
38 11
39 12
39 15
39 2
40 7
40 0
40 1
41 5
41 21
41 40
42 1
42 13
42 21
43 0
43 9
43 23
44 1
44 25
44 8
45 0
45 38
45 16
46 7
46 20
46 14
47 44
47 26
47 0
48 1
48 2
48 35
49 32
49 9
49 12
