0 1
0 2
1 0
1 2
2 1
2 0
3 2
3 1
3 0
4 1
4 0
4 3
5 1
5 2
5 0
6 1
6 3
6 0
7 1
7 5
7 0
8 1
8 6
8 2
9 2
9 1
9 7
10 1
10 8
10 2
11 5
11 10
11 0
12 4
12 7
12 1
13 2
13 1
13 0
14 9
14 1
14 12
15 0
15 7
15 5
16 5
16 3
16 8
17 1
17 0
17 9
18 0
18 14
18 12
19 4
19 2
19 14
20 14
20 1
20 2
21 18
21 12
21 0
22 0
22 11
22 15
23 0
23 2
23 20
24 10
24 4
24 0
25 1
25 4
25 2
26 0
26 1
26 2
27 4
27 0
27 9
28 0
28 9
28 14
29 8
29 4
29 12
30 4
30 26
30 8
31 18
31 19
31 0
32 2
32 4
32 3
33 20
33 21
33 1
34 15
34 8
34 3
35 2
35 3
35 21
36 35
36 15
36 20
37 23
37 34
37 18
38 18
38 15
38 1
39 6
39 1
39 17
40 12
40 15
40 1
41 2
41 11
41 0
42 0
42 36
42 2
43 40
43 0
43 23
44 33
44 2
44 10
45 9
45 0
45 38
46 0
46 43
46 1
47 5
47 24
47 16
48 5
48 43
48 8
49 45
49 1
49 0
50 11
50 1
50 17
51 1
51 8
51 14
52 6
52 0
52 1
53 2
53 1
53 5
54 8
54 0
54 11
55 38
55 45
55 10
56 46
56 2
56 0
57 18
57 9
57 1
58 1
58 28
58 21
59 0
59 53
59 19
60 14
60 52
60 35
61 37
61 40
61 1
62 16
62 28
62 15
63 21
63 45
63 4
64 0
64 16
64 54
65 33
65 0
65 6
66 4
66 15
66 43
67 14
67 1
67 26
68 3
68 9
68 8
69 19
69 21
69 14
70 2
70 5
70 25
71 9
71 17
71 12
72 2
72 1
72 33
73 2
73 5
73 8
74 18
74 5
74 2
75 3
75 10
75 48
76 2
76 19
76 75
77 58
77 1
77 73
78 50
78 19
78 15
79 49
79 26
79 12
80 66
80 36
80 16
81 49
81 8
81 6
82 9
82 0
82 78
83 10
83 33
83 4
84 5
84 1
84 53
85 12
85 16
85 5
86 26
86 35
86 28
87 25
87 79
87 69
88 29
88 9
88 6
89 88
89 1
89 80
90 34
90 69
90 17
91 55
91 22
91 23
92 21
92 52
92 85
93 9
93 15
93 28
94 17
94 12
94 1
95 26
95 52
95 21
96 21
96 28
96 91
97 6
97 4
97 16
98 15
98 30
98 44
99 66
99 28
99 26
100 0
100 79
100 1
101 73
101 2
101 10
102 1
102 6
102 9
103 8
103 74
103 9
104 6
104 1
104 9
105 13
105 45
105 43
106 22
106 44
106 1
107 14
107 69
107 1
108 7
108 23
108 52
109 29
109 28
109 2
110 4
110 32
110 61
111 9
111 21
111 51
112 2
112 103
112 4
113 88
113 1
113 21
114 73
114 28
114 1
115 0
115 13
115 92
116 0
116 79
116 87
117 111
117 6
117 1
118 105
118 72
118 14
119 3
119 11
119 7
120 5
120 1
120 45
121 88
121 5
121 59
122 3
122 88
122 1
123 51
123 61
123 0
124 6
124 105
124 1
125 1
125 121
125 6
126 66
126 25
126 96
127 49
127 10
127 62
128 43
128 19
128 105
129 14
129 28
129 0
130 45
130 5
130 85
131 88
131 69
131 58
132 64
132 15
132 116
133 0
133 58
133 9
134 3
134 20
134 11
135 0
135 12
135 6
136 9
136 8
136 3
137 21
137 92
137 134
138 75
138 9
138 126
139 44
139 0
139 2
140 4
140 57
140 105
141 85
141 19
141 66
142 104
142 1
142 115
143 137
143 4
143 18
144 29
144 10
144 0
145 57
145 65
145 64
146 1
146 20
146 18
147 112
147 68
147 88
148 27
148 0
148 4
149 24
149 2
149 64
150 112
150 14
150 138
151 130
151 10
151 14
152 108
152 4
152 116
153 87
153 61
153 2
154 103
154 1
154 24
155 5
155 1
155 128
156 73
156 1
156 102
157 130
157 78
157 36
158 32
158 66
158 78
159 14
159 56
159 69
160 59
160 1
160 8
161 104
161 61
161 2
162 125
162 59
162 39
163 10
163 1
163 28
164 4
164 49
164 73
165 6
165 58
165 45
166 46
166 16
166 9
167 66
167 26
167 151
168 143
168 1
168 129
169 97
169 39
169 36
170 15
170 7
170 147
171 1
171 41
171 4
172 11
172 2
172 71
173 105
173 147
173 5
174 73
174 54
174 18
175 14
175 113
175 6
176 14
176 59
176 3
177 9
177 8
177 51
178 5
178 6
178 2
179 23
179 92
179 1
180 5
180 18
180 156
181 0
181 43
181 81
182 0
182 43
182 41
183 92
183 174
183 2
184 1
184 40
184 58
185 91
185 124
185 10
186 21
186 65
186 80
187 71
187 0
187 22
188 18
188 0
188 80
189 84
189 26
189 22
190 165
190 17
190 0
191 108
191 80
191 43
192 14
192 180
192 147
193 143
193 77
193 17
194 104
194 24
194 141
195 30
195 54
195 8
196 26
196 58
196 64
197 66
197 52
197 38
198 14
198 101
198 26
199 18
199 138
199 3
200 73
200 154
200 88
201 156
201 78
201 1
202 28
202 91
202 66
203 67
203 58
203 83
204 4
204 73
204 1
205 189
205 56
205 0
206 25
206 54
206 8
207 28
207 116
207 138
208 164
208 54
208 8
209 8
209 43
209 64
210 17
210 29
210 22
211 18
211 1
211 6
212 156
212 23
212 170
213 64
213 133
213 58
214 14
214 106
214 116
215 10
215 5
215 212
216 75
216 140
216 2
217 1
217 88
217 116
218 144
218 33
218 0
219 125
219 41
219 86
220 40
220 0
220 100
221 14
221 0
221 139
222 145
222 33
222 4
223 88
223 2
223 1
224 82
224 19
224 12
225 99
225 85
225 57
226 7
226 21
226 2
227 28
227 6
227 1
228 24
228 116
228 2
229 35
229 130
229 94
230 27
230 2
230 123
231 65
231 56
231 28
232 1
232 8
232 2
233 84
233 112
233 15
234 130
234 0
234 6
235 26
235 6
235 2
236 70
236 105
236 83
237 105
237 64
237 50
238 58
238 8
238 137
239 84
239 207
239 171
240 21
240 48
240 121
241 11
241 1
241 69
242 0
242 6
242 229
243 177
243 116
243 20
244 1
244 202
244 0
245 73
245 3
245 22
246 98
246 19
246 45
247 134
247 15
247 23
248 110
248 91
248 177
249 99
249 128
249 57
250 14
250 24
250 134
251 6
251 14
251 40
252 104
252 213
252 13
253 69
253 41
253 105
254 25
254 70
254 4
255 33
255 91
255 14
256 49
256 69
256 115
257 139
257 171
257 16
258 5
258 208
258 147
259 236
259 95
259 258
260 245
260 1
260 3
261 106
261 60
261 0
262 181
262 243
262 14
263 13
263 111
263 212
264 128
264 157
264 66
265 16
265 184
265 123
266 21
266 6
266 1
267 11
267 40
267 43
268 40
268 235
268 158
269 219
269 43
269 8
270 57
270 71
270 0
271 105
271 213
271 0
272 113
272 158
272 122
273 91
273 148
273 174
274 5
274 125
274 16
275 69
275 104
275 184
276 28
276 105
276 38
277 73
277 24
277 99
278 166
278 50
278 6
279 58
279 269
279 26
280 45
280 116
280 22
281 254
281 5
281 26
282 263
282 35
282 59
283 0
283 79
283 38
284 178
284 0
284 217
285 20
285 146
285 188
286 36
286 34
286 118
287 7
287 216
287 1
288 207
288 196
288 8
289 17
289 4
289 278
290 97
290 251
290 60
291 4
291 62
291 148
292 255
292 16
292 6
293 76
293 124
293 24
294 1
294 210
294 61
295 228
295 2
295 1
296 195
296 1
296 227
297 9
297 236
297 31
298 4
298 115
298 45
299 49
299 8
299 92
300 8
300 176
300 244
301 285
301 252
301 263
302 24
302 33
302 2
303 104
303 78
303 145
304 229
304 281
304 138
305 7
305 1
305 4
306 284
306 219
306 20
307 138
307 188
307 1
308 75
308 59
308 50
309 296
309 276
309 50
310 17
310 4
310 185
311 182
311 304
311 61
312 88
312 1
312 90
313 182
313 202
313 71
314 43
314 1
314 224
315 205
315 111
315 135
316 170
316 299
316 8
317 285
317 164
317 18
318 236
318 215
318 197
319 0
319 61
319 232
320 231
320 227
320 116
321 25
321 8
321 185
322 269
322 72
322 104
323 158
323 17
323 187
324 11
324 205
324 104
325 2
325 206
325 175
326 205
326 117
326 75
327 288
327 87
327 14
328 6
328 251
328 17
329 164
329 20
329 1
330 11
330 0
330 58
331 41
331 106
331 61
332 163
332 114
332 3
333 214
333 61
333 138
334 23
334 208
334 210
335 271
335 150
335 162
336 165
336 330
336 225
337 40
337 80
337 9
338 1
338 0
338 188
339 10
339 210
339 147
340 71
340 105
340 9
341 88
341 227
341 306
342 274
342 133
342 45
343 0
343 39
343 31
344 263
344 243
344 147
345 182
345 0
345 70
346 69
346 121
346 221
347 73
347 226
347 6
348 300
348 296
348 15
349 80
349 33
349 172
350 338
350 1
350 266
351 6
351 183
351 21
352 290
352 2
352 9
353 9
353 164
353 14
354 119
354 33
354 168
355 91
355 9
355 43
356 51
356 4
356 18
357 0
357 17
357 45
358 1
358 187
358 42
359 160
359 240
359 66
360 77
360 189
360 9
361 250
361 92
361 296
362 19
362 9
362 24
363 38
363 73
363 188
364 133
364 48
364 18
365 103
365 282
365 197
366 38
366 12
366 0
367 104
367 174
367 111
368 2
368 295
368 18
369 1
369 347
369 262
370 6
370 57
370 25
371 23
371 281
371 112
372 309
372 282
372 68
373 17
373 9
373 245
374 303
374 6
374 0
375 320
375 0
375 138
376 164
376 88
376 168
377 6
377 39
377 51
378 243
378 6
378 41
379 23
379 211
379 83
380 10
380 226
380 83
381 266
381 232
381 43
382 92
382 43
382 244
383 85
383 276
383 95
384 263
384 164
384 256
385 254
385 130
385 40
386 156
386 99
386 88
387 178
387 111
387 45
388 19
388 2
388 45
389 20
389 0
389 4
390 17
390 75
390 21
391 29
391 274
391 384
392 1
392 8
392 21
393 105
393 83
393 143
394 167
394 138
394 86
395 91
395 145
395 25
396 5
396 71
396 161
397 164
397 22
397 171
398 40
398 2
398 138
399 387
399 1
399 115
400 220
400 167
400 192
401 14
401 24
401 86
402 53
402 157
402 356
403 297
403 0
403 179
404 147
404 294
404 14
405 0
405 7
405 73
406 193
406 0
406 81
407 61
407 291
407 75
408 68
408 216
408 1
409 9
409 35
409 1
410 101
410 170
410 64
411 236
411 288
411 12
412 138
412 4
412 222
413 261
413 58
413 91
414 202
414 4
414 22
415 12
415 362
415 150
416 0
416 144
416 24
417 39
417 369
417 10
418 163
418 4
418 14
419 112
419 226
419 347
420 323
420 244
420 1
421 384
421 124
421 107
422 21
422 7
422 378
423 1
423 80
423 280
424 6
424 146
424 14
425 308
425 138
425 126
426 5
426 155
426 284
427 407
427 369
427 383
428 19
428 331
428 58
429 223
429 64
429 248
430 202
430 420
430 358
431 335
431 175
431 53
432 121
432 10
432 195
433 197
433 250
433 369
434 288
434 49
434 32
435 9
435 153
435 67
436 396
436 91
436 134
437 378
437 4
437 138
438 150
438 37
438 2
439 8
439 414
439 5
440 25
440 26
440 6
441 386
441 236
441 18
442 5
442 1
442 138
443 0
443 421
443 6
444 214
444 16
444 416
445 23
445 281
445 236
446 1
446 43
446 106
447 404
447 145
447 418
448 2
448 240
448 307
449 108
449 319
449 10
450 204
450 104
450 3
451 0
451 2
451 274
452 242
452 43
452 35
453 185
453 257
453 276
454 342
454 128
454 33
455 341
455 188
455 99
456 296
456 210
456 355
457 380
457 65
457 91
458 331
458 30
458 287
459 370
459 17
459 419
460 408
460 446
460 332
461 149
461 412
461 35
462 288
462 8
462 30
463 0
463 418
463 102
464 159
464 206
464 14
465 20
465 60
465 12
466 2
466 16
466 172
467 242
467 65
467 296
468 98
468 49
468 398
469 14
469 1
469 330
470 276
470 4
470 264
471 3
471 288
471 285
472 35
472 226
472 11
473 11
473 154
473 218
474 85
474 2
474 90
475 6
475 448
475 245
476 1
476 8
476 285
477 188
477 11
477 24
478 33
478 15
478 358
479 2
479 116
479 458
480 60
480 5
480 45
481 0
481 4
481 307
482 147
482 419
482 407
483 79
483 307
483 14
484 17
484 49
484 11
485 2
485 414
485 456
486 0
486 263
486 11
487 112
487 232
487 332
488 468
488 320
488 15
489 0
489 341
489 351
490 82
490 193
490 30
491 308
491 3
491 286
492 247
492 137
492 236
493 265
493 447
493 46
494 266
494 71
494 11
495 61
495 384
495 440
496 29
496 229
496 39
497 404
497 276
497 10
498 262
498 209
498 38
499 46
499 4
499 164
