0 1
1 0
2 0
2 1
3 1
3 0
3 2
4 1
4 0
4 2
5 2
5 0
5 1
6 1
6 3
6 0
7 1
7 2
7 4
8 2
8 0
8 5
9 0
9 3
9 2
10 2
10 5
10 0
11 3
11 8
11 5
12 5
12 3
12 8
13 1
13 2
13 5
14 8
14 6
14 3
15 0
15 10
15 5
16 0
16 2
16 5
17 0
17 5
17 13
18 4
18 0
18 8
19 6
19 15
19 10
20 5
20 2
20 1
21 20
21 6
21 14
22 20
22 5
22 11
23 0
23 19
23 9
24 2
24 20
24 5
25 1
25 20
25 5
26 2
26 0
26 3
27 7
27 5
27 20
28 5
28 8
28 1
29 5
29 3
29 21
30 14
30 6
30 2
31 18
31 3
31 5
32 1
32 24
32 27
33 7
33 27
33 1
34 8
34 13
34 33
35 20
35 8
35 1
36 15
36 22
36 5
37 14
37 17
37 35
38 25
38 24
38 9
39 8
39 32
39 20
40 8
40 1
40 5
41 26
41 4
41 25
42 1
42 0
42 15
43 33
43 8
43 10
44 5
44 1
44 37
45 4
45 39
45 1
46 20
46 13
46 35
47 21
47 0
47 17
48 10
48 16
48 26
49 34
49 6
49 0
50 44
50 1
50 24
51 27
51 7
51 8
52 0
52 24
52 44
53 40
53 2
53 18
54 1
54 34
54 6
55 2
55 28
55 34
56 41
56 28
56 2
57 25
57 5
57 0
58 20
58 3
58 14
59 20
59 58
59 38
60 58
60 1
60 14
61 3
61 35
61 12
62 27
62 40
62 33
63 1
63 0
63 8
64 6
64 8
64 3
65 8
65 11
65 15
66 6
66 26
66 53
67 3
67 48
67 5
68 46
68 5
68 1
69 27
69 1
69 25
70 2
70 40
70 7
71 6
71 42
71 54
72 2
72 57
72 23
73 0
73 58
73 22
74 0
74 36
74 20
75 5
75 58
75 72
76 35
76 2
76 18
77 56
77 30
77 1
78 1
78 16
78 11
79 2
79 11
79 26
80 13
80 45
80 21
81 5
81 58
81 8
82 0
82 7
82 18
83 19
83 79
83 1
84 6
84 3
84 24
85 69
85 2
85 5
86 18
86 0
86 34
87 8
87 23
87 0
88 1
88 35
88 5
89 70
89 54
89 68
90 68
90 41
90 5
91 13
91 14
91 59
92 30
92 1
92 13
93 16
93 86
93 14
94 3
94 1
94 11
95 2
95 88
95 8
96 0
96 67
96 10
97 77
97 14
97 1
98 28
98 76
98 84
99 77
99 20
99 85
