0 1
0 2
0 3
0 4
0 5
0 9
0 11
0 12
0 14
0 16
0 17
0 19
0 28
0 44
0 66
1 0
1 2
1 3
1 5
1 6
1 7
1 11
1 18
1 25
1 30
1 43
1 46
1 93
1 99
2 1
2 0
2 3
2 4
2 6
2 7
2 8
2 11
2 12
2 13
2 14
2 15
2 27
2 28
2 32
2 44
2 47
2 56
2 59
2 71
2 72
2 85
2 94
3 0
3 1
3 2
3 4
3 17
3 21
3 22
3 24
3 27
3 29
3 55
4 2
4 0
4 3
4 5
4 8
4 9
4 10
4 12
4 14
4 29
4 52
4 54
4 58
4 59
4 76
4 92
5 4
5 0
5 1
5 6
5 7
5 8
5 10
5 17
5 20
5 40
5 55
5 75
5 80
5 94
6 5
6 1
6 2
6 18
6 81
7 5
7 1
7 2
7 44
8 2
8 4
8 5
8 9
8 10
8 13
8 18
8 23
8 25
8 35
8 37
8 39
8 41
8 55
8 59
8 66
8 72
8 77
8 86
8 87
8 96
9 8
9 4
9 0
9 13
9 19
9 23
9 31
9 33
9 70
9 73
10 8
10 5
10 4
10 16
10 22
10 25
10 27
10 52
10 62
10 76
10 87
10 97
10 98
11 2
11 1
11 0
11 16
11 21
11 22
11 26
11 32
11 83
11 97
12 0
12 4
12 2
12 15
12 31
12 37
12 81
13 2
13 8
13 9
13 36
13 54
14 2
14 0
14 4
14 15
14 20
14 28
14 29
14 33
14 42
14 43
14 45
14 58
14 74
14 82
14 85
14 96
15 2
15 14
15 12
15 19
15 31
15 40
15 51
15 63
15 80
15 85
16 10
16 11
16 0
16 26
16 38
16 47
16 48
16 53
16 69
16 71
16 88
17 5
17 3
17 0
17 34
17 49
17 70
17 79
17 82
17 97
18 1
18 6
18 8
18 20
18 23
18 32
18 40
18 50
18 80
19 9
19 15
19 0
19 24
19 30
19 35
19 38
19 41
19 47
19 49
19 52
19 68
19 98
20 14
20 5
20 18
20 21
20 79
21 11
21 20
21 3
21 33
22 11
22 3
22 10
22 24
22 42
22 50
22 90
23 8
23 9
23 18
23 26
23 64
24 22
24 19
24 3
24 35
24 41
24 86
25 8
25 10
25 1
25 60
25 89
26 16
26 11
26 23
26 30
26 38
26 39
26 65
27 2
27 3
27 10
27 45
27 53
27 64
27 68
28 0
28 2
28 14
28 34
28 37
28 61
28 65
28 99
29 4
29 14
29 3
29 34
29 39
29 60
29 65
29 67
29 91
29 95
30 19
30 26
30 1
30 46
30 56
30 73
31 12
31 15
31 9
31 36
31 64
31 88
32 18
32 11
32 2
32 45
33 9
33 21
33 14
33 36
33 49
33 51
33 79
33 84
33 86
33 93
34 28
34 29
34 17
34 46
34 60
35 24
35 8
35 19
35 42
35 48
35 62
35 95
36 13
36 31
36 33
36 54
36 62
36 68
36 76
36 90
37 8
37 12
37 28
37 43
37 48
37 50
37 58
38 26
38 19
38 16
38 66
38 90
39 26
39 29
39 8
39 71
40 15
40 18
40 5
40 77
41 24
41 19
41 8
41 57
41 61
42 14
42 22
42 35
42 53
42 74
42 75
42 89
43 14
43 37
43 1
43 57
44 2
44 7
44 0
45 14
45 27
45 32
45 74
45 78
46 1
46 30
46 34
46 82
47 2
47 16
47 19
48 37
48 16
48 35
48 56
48 84
49 17
49 19
49 33
49 57
49 63
49 81
50 22
50 37
50 18
50 51
50 67
50 75
51 15
51 50
51 33
51 92
52 4
52 10
52 19
53 27
53 42
53 16
53 77
53 95
54 4
54 36
54 13
54 61
55 3
55 5
55 8
55 73
55 99
56 2
56 30
56 48
56 83
57 41
57 43
57 49
57 63
57 69
57 83
58 14
58 4
58 37
58 67
59 2
59 4
59 8
59 94
60 25
60 29
60 34
60 70
61 54
61 41
61 28
62 36
62 10
62 35
63 15
63 57
63 49
64 31
64 23
64 27
64 87
65 26
65 28
65 29
66 0
66 8
66 38
66 88
67 50
67 29
67 58
67 69
68 36
68 27
68 19
69 57
69 16
69 67
69 72
70 60
70 9
70 17
71 16
71 39
71 2
71 78
71 89
72 8
72 69
72 2
73 9
73 55
73 30
73 93
74 42
74 14
74 45
75 5
75 50
75 42
76 10
76 4
76 36
76 78
77 53
77 40
77 8
78 45
78 76
78 71
78 84
78 96
79 20
79 17
79 33
80 18
80 5
80 15
81 12
81 6
81 49
81 91
82 14
82 46
82 17
83 56
83 11
83 57
83 91
84 33
84 78
84 48
85 14
85 2
85 15
86 24
86 8
86 33
86 92
87 64
87 10
87 8
88 66
88 16
88 31
89 25
89 71
89 42
90 36
90 38
90 22
91 29
91 83
91 81
92 51
92 4
92 86
93 33
93 73
93 1
94 59
94 2
94 5
95 53
95 29
95 35
96 8
96 14
96 78
97 10
97 17
97 11
97 98
98 10
98 97
98 19
99 1
99 28
99 55
