0 1
0 2
0 3
1 0
1 2
1 3
2 0
2 1
2 3
3 0
3 1
3 2
4 3
4 2
4 1
5 2
5 3
5 1
6 1
6 5
6 3
7 0
7 3
7 2
8 1
8 0
8 3
9 6
9 7
9 3
10 6
10 4
10 2
11 5
11 1
11 3
12 1
12 2
12 8
13 0
13 3
13 11
14 0
14 10
14 12
15 3
15 8
15 2
16 2
16 5
16 0
17 3
17 8
17 11
18 7
18 3
18 1
19 1
19 9
19 5
20 1
20 5
20 6
21 17
21 14
21 0
22 3
22 16
22 1
23 13
23 3
23 2
24 9
24 2
24 23
25 2
25 1
25 3
26 11
26 1
26 5
27 5
27 3
27 2
28 24
28 2
28 26
29 23
29 9
29 2
30 1
30 24
30 0
31 1
31 12
31 16
32 1
32 16
32 17
33 31
33 30
33 11
34 32
34 14
34 1
35 8
35 2
35 30
36 0
36 3
36 2
37 21
37 6
37 11
38 29
38 34
38 0
39 11
39 6
39 7
40 9
40 1
40 5
41 0
41 31
41 1
42 27
42 33
42 9
43 2
43 3
43 1
44 3
44 0
44 33
45 33
45 1
45 15
46 1
46 36
46 11
47 41
47 23
47 2
48 16
48 3
48 25
49 0
49 10
49 21
50 23
50 16
50 34
51 16
51 36
51 3
52 1
52 2
52 3
53 2
53 51
53 1
54 33
54 14
54 3
55 3
55 1
55 52
56 7
56 23
56 27
57 6
57 42
57 52
58 49
58 3
58 1
59 6
59 13
59 5
60 0
60 33
60 39
61 24
61 27
61 3
62 2
62 23
62 34
63 0
63 5
63 9
64 3
64 0
64 30
65 23
65 2
65 9
66 20
66 23
66 48
67 3
67 16
67 43
68 17
68 54
68 9
69 41
69 55
69 50
70 6
70 29
70 1
71 59
71 23
71 0
72 23
72 5
72 1
73 47
73 37
73 4
74 48
74 3
74 35
75 12
75 2
75 16
76 1
76 9
76 12
77 1
77 5
77 15
78 16
78 11
78 12
79 1
79 27
79 44
80 51
80 79
80 15
81 53
81 1
81 2
82 46
82 72
82 59
83 30
83 80
83 7
84 11
84 29
84 17
85 3
85 7
85 17
86 3
86 33
86 73
87 49
87 51
87 5
88 3
88 66
88 16
89 18
89 23
89 41
90 12
90 89
90 80
91 54
91 36
91 1
92 51
92 14
92 25
93 71
93 2
93 72
94 7
94 55
94 68
95 32
95 1
95 41
96 64
96 2
96 16
97 0
97 96
97 3
98 36
98 64
98 5
99 56
99 10
99 6
100 0
100 2
100 10
101 73
101 92
101 6
102 16
102 2
102 5
103 16
103 28
103 1
104 5
104 98
104 90
105 48
105 11
105 81
106 44
106 32
106 1
107 96
107 9
107 46
108 72
108 90
108 25
109 27
109 11
109 86
110 4
110 5
110 107
111 59
111 68
111 44
112 84
112 2
112 31
113 27
113 53
113 98
114 36
114 41
114 0
115 27
115 2
115 19
116 73
116 9
116 108
117 19
117 17
117 1
118 12
118 32
118 64
119 6
119 67
119 38
120 72
120 9
120 4
121 85
121 118
121 1
122 27
122 1
122 108
123 67
123 19
123 47
124 71
124 108
124 119
125 74
125 67
125 34
126 36
126 85
126 2
127 108
127 73
127 92
128 104
128 107
128 103
129 1
129 37
129 107
130 6
130 3
130 71
131 102
131 2
131 91
132 23
132 24
132 75
133 1
133 33
133 100
134 90
134 110
134 97
135 47
135 1
135 14
136 21
136 92
136 29
137 15
137 0
137 114
138 29
138 0
138 75
139 39
139 84
139 17
140 101
140 16
140 17
141 36
141 56
141 67
142 1
142 12
142 70
143 16
143 90
143 60
144 83
144 103
144 57
145 48
145 53
145 23
146 111
146 136
146 24
147 72
147 48
147 30
148 142
148 143
148 48
149 14
149 97
149 108
150 141
150 14
150 5
151 2
151 80
151 117
152 122
152 26
152 12
153 1
153 16
153 64
154 12
154 92
154 71
155 33
155 6
155 1
156 5
156 118
156 9
157 75
157 139
157 2
158 3
158 6
158 125
159 62
159 148
159 16
160 23
160 53
160 33
161 23
161 67
161 157
162 95
162 112
162 139
163 147
163 4
163 114
164 2
164 159
164 78
165 73
165 5
165 57
166 133
166 20
166 148
167 16
167 123
167 28
168 79
168 33
168 66
169 108
169 137
169 5
170 85
170 166
170 14
171 53
171 16
171 28
172 143
172 71
172 26
173 96
173 9
173 5
174 14
174 133
174 51
175 75
175 5
175 2
176 15
176 151
176 13
177 44
177 48
177 143
178 34
178 119
178 41
179 116
179 7
179 3
180 37
180 18
180 54
181 54
181 19
181 41
182 2
182 159
182 0
183 4
183 173
183 14
184 148
184 7
184 72
185 29
185 17
185 16
186 135
186 14
186 59
187 96
187 3
187 1
188 100
188 46
188 34
189 9
189 154
189 97
190 7
190 29
190 109
191 178
191 2
191 0
192 4
192 60
192 101
193 86
193 36
193 6
194 96
194 16
194 193
195 23
195 1
195 5
196 101
196 7
196 41
197 6
197 185
197 108
198 86
198 127
198 73
199 140
199 59
199 119
200 119
200 163
200 41
201 6
201 43
201 16
202 22
202 121
202 136
203 165
203 17
203 23
204 98
204 175
204 54
205 3
205 39
205 16
206 35
206 6
206 2
207 59
207 192
207 144
208 36
208 116
208 55
209 166
209 173
209 55
210 74
210 3
210 23
211 110
211 166
211 73
212 29
212 198
212 73
213 37
213 88
213 151
214 86
214 5
214 173
215 110
215 1
215 16
216 3
216 17
216 86
217 89
217 7
217 159
218 148
218 122
218 176
219 23
219 147
219 50
220 1
220 158
220 14
221 19
221 2
221 16
222 23
222 4
222 38
223 51
223 17
223 12
224 1
224 48
224 18
225 176
225 5
225 41
226 7
226 169
226 1
227 9
227 3
227 192
228 79
228 169
228 2
229 3
229 211
229 1
230 111
230 15
230 16
231 27
231 162
231 80
232 36
232 41
232 8
233 93
233 144
233 14
234 0
234 31
234 85
235 70
235 3
235 18
236 8
236 0
236 6
237 98
237 14
237 27
238 2
238 82
238 3
239 19
239 59
239 148
240 34
240 23
240 18
241 218
241 54
241 87
242 200
242 176
242 151
243 111
243 0
243 3
244 177
244 214
244 143
245 35
245 151
245 29
246 238
246 3
246 2
247 17
247 26
247 89
248 69
248 176
248 171
249 1
249 212
249 247
250 177
250 53
250 98
251 166
251 0
251 23
252 68
252 34
252 0
253 151
253 72
253 87
254 1
254 3
254 171
255 206
255 43
255 146
256 104
256 45
256 21
257 23
257 92
257 97
258 160
258 21
258 108
259 109
259 111
259 23
260 30
260 243
260 39
261 227
261 26
261 24
262 3
262 97
262 82
263 20
263 11
263 127
264 16
264 6
264 15
265 2
265 27
265 111
266 148
266 176
266 2
267 3
267 5
267 75
268 86
268 37
268 3
269 14
269 2
269 210
270 266
270 128
270 104
271 137
271 18
271 55
272 15
272 195
272 73
273 233
273 81
273 14
274 106
274 2
274 122
275 46
275 162
275 20
276 41
276 18
276 223
277 66
277 263
277 86
278 41
278 260
278 250
279 14
279 157
279 96
280 38
280 174
280 100
281 2
281 179
281 148
282 220
282 4
282 122
283 14
283 252
283 29
284 238
284 181
284 118
285 0
285 4
285 47
286 72
286 1
286 5
287 253
287 157
287 3
288 107
288 1
288 122
289 14
289 105
289 202
290 24
290 69
290 287
291 41
291 35
291 46
292 110
292 41
292 56
293 3
293 23
293 1
294 118
294 20
294 254
295 6
295 209
295 72
296 14
296 75
296 226
297 6
297 78
297 27
298 171
298 17
298 235
299 265
299 117
299 108
300 2
300 258
300 197
301 8
301 265
301 29
302 103
302 19
302 177
303 72
303 247
303 6
304 10
304 160
304 2
305 16
305 21
305 151
306 3
306 74
306 48
307 1
307 175
307 36
308 3
308 51
308 250
309 157
309 125
309 3
310 73
310 3
310 146
311 5
311 233
311 7
312 44
312 88
312 3
313 16
313 15
313 29
314 3
314 14
314 122
315 67
315 150
315 79
316 16
316 219
316 3
317 166
317 107
317 195
318 30
318 134
318 175
319 5
319 134
319 169
320 169
320 19
320 2
321 209
321 162
321 196
322 111
322 17
322 0
323 287
323 55
323 132
324 212
324 131
324 76
325 154
325 289
325 146
326 69
326 211
326 1
327 0
327 123
327 2
328 77
328 13
328 21
329 0
329 227
329 18
330 13
330 66
330 75
331 245
331 113
331 12
332 1
332 304
332 168
333 232
333 46
333 41
334 91
334 112
334 41
335 33
335 48
335 0
336 48
336 84
336 179
337 90
337 4
337 101
338 228
338 169
338 156
339 57
339 25
339 1
340 277
340 196
340 197
341 2
341 208
341 216
342 163
342 177
342 136
343 196
343 3
343 53
344 81
344 73
344 1
345 0
345 140
345 116
346 6
346 0
346 5
347 55
347 149
347 2
348 9
348 19
348 32
349 131
349 137
349 339
350 23
350 3
350 34
351 3
351 12
351 1
352 19
352 48
352 132
353 336
353 150
353 337
354 1
354 308
354 181
355 30
355 194
355 115
356 148
356 330
356 326
357 36
357 60
357 148
358 5
358 122
358 21
359 0
359 292
359 1
360 0
360 7
360 1
361 148
361 17
361 301
362 29
362 10
362 5
363 271
363 3
363 337
364 182
364 245
364 32
365 24
365 3
365 71
366 48
366 44
366 1
367 81
367 82
367 365
368 11
368 60
368 334
369 3
369 80
369 134
370 222
370 230
370 1
371 255
371 364
371 93
372 23
372 366
372 146
373 362
373 26
373 223
374 6
374 149
374 165
375 354
375 103
375 366
376 3
376 213
376 11
377 135
377 6
377 118
378 335
378 7
378 154
379 3
379 75
379 57
380 142
380 53
380 147
381 375
381 330
381 75
382 1
382 9
382 323
383 10
383 3
383 75
384 232
384 54
384 7
385 194
385 134
385 253
386 29
386 137
386 1
387 157
387 22
387 3
388 0
388 232
388 205
389 147
389 153
389 228
390 118
390 149
390 253
391 214
391 15
391 2
392 14
392 292
392 204
393 13
393 3
393 41
394 17
394 203
394 191
395 23
395 73
395 75
396 119
396 129
396 157
397 25
397 364
397 13
398 23
398 196
398 48
399 307
399 383
399 280
400 263
400 103
400 41
401 52
401 30
401 37
402 332
402 303
402 149
403 26
403 188
403 312
404 1
404 146
404 7
405 165
405 288
405 398
406 376
406 11
406 24
407 267
407 7
407 9
408 119
408 144
408 1
409 52
409 209
409 25
410 27
410 4
410 32
411 81
411 2
411 16
412 136
412 32
412 303
413 354
413 19
413 71
414 393
414 2
414 112
415 71
415 16
415 2
416 346
416 36
416 23
417 51
417 21
417 14
418 253
418 2
418 6
419 148
419 1
419 14
420 27
420 12
420 271
421 362
421 2
421 157
422 2
422 395
422 3
423 181
423 16
423 177
424 13
424 186
424 114
425 208
425 275
425 403
426 81
426 144
426 279
427 408
427 16
427 3
428 115
428 1
428 2
429 51
429 33
429 395
430 229
430 333
430 9
431 3
431 93
431 397
432 111
432 87
432 5
433 9
433 41
433 12
434 1
434 89
434 181
435 275
435 1
435 369
436 394
436 17
436 13
437 282
437 107
437 90
438 9
438 23
438 15
439 0
439 65
439 414
440 51
440 55
440 77
441 421
441 3
441 166
442 177
442 293
442 19
443 326
443 1
443 187
444 434
444 131
444 284
445 426
445 17
445 144
446 91
446 284
446 100
447 298
447 199
447 47
448 423
448 68
448 74
449 1
449 100
449 15
450 9
450 257
450 434
451 107
451 9
451 3
452 3
452 119
452 39
453 392
453 97
453 258
454 253
454 322
454 141
455 216
455 37
455 53
456 311
456 438
456 199
457 389
457 293
457 143
458 17
458 18
458 117
459 10
459 91
459 18
460 2
460 3
460 341
461 209
461 10
461 364
462 346
462 163
462 70
463 100
463 348
463 142
464 97
464 176
464 358
465 41
465 2
465 16
466 434
466 50
466 19
467 174
467 90
467 46
468 35
468 157
468 122
469 119
469 53
469 15
470 21
470 456
470 23
471 295
471 398
471 373
472 206
472 15
472 212
473 282
473 361
473 179
474 63
474 36
474 472
475 142
475 275
475 114
476 107
476 102
476 87
477 1
477 30
477 368
478 3
478 0
478 144
479 281
479 229
479 1
480 145
480 3
480 39
481 154
481 243
481 5
482 249
482 447
482 36
483 28
483 16
483 298
484 159
484 473
484 432
485 372
485 27
485 84
486 176
486 336
486 131
487 212
487 3
487 446
488 24
488 58
488 281
489 41
489 2
489 119
490 477
490 411
490 263
491 448
491 1
491 473
492 0
492 15
492 223
493 31
493 462
493 17
494 23
494 17
494 48
495 378
495 16
495 12
496 332
496 70
496 459
497 193
497 64
497 327
498 6
498 75
498 8
499 159
499 3
499 498
