0 1
1 0
2 0
2 1
3 1
3 0
3 2
4 0
4 1
4 3
5 1
5 0
5 3
6 5
6 2
6 1
7 4
7 0
7 2
8 1
8 4
8 2
9 3
9 2
9 0
10 6
10 2
10 0
11 0
11 1
11 5
12 0
12 1
12 2
13 3
13 12
13 5
14 6
14 2
14 9
15 1
15 8
15 9
16 12
16 0
16 5
17 5
17 2
17 0
18 0
18 1
18 4
19 1
19 7
19 2
20 2
20 5
20 0
21 6
21 8
21 17
22 14
22 1
22 0
23 17
23 5
23 9
24 17
24 0
24 19
25 22
25 4
25 1
26 8
26 2
26 5
27 8
27 12
27 6
28 1
28 9
28 5
29 16
29 23
29 0
30 0
30 9
30 15
31 2
31 6
31 18
32 1
32 12
32 0
33 32
33 25
33 7
34 1
34 8
34 6
35 4
35 1
35 0
36 8
36 12
36 0
37 15
37 0
37 8
38 0
38 12
38 6
39 9
39 15
39 8
40 4
40 0
40 29
41 2
41 9
41 25
42 0
42 1
42 38
43 9
43 12
43 32
44 12
44 16
44 2
45 13
45 32
45 0
46 0
46 5
46 13
47 0
47 5
47 45
48 17
48 15
48 5
49 42
49 0
49 3
