0 1
0 2
0 3
1 0
1 2
1 3
2 1
2 0
2 3
3 1
3 2
3 0
4 0
4 3
4 2
5 3
5 0
5 2
6 2
6 4
6 3
7 0
7 3
7 1
8 2
8 0
8 1
9 5
9 4
9 7
10 1
10 9
10 0
11 2
11 1
11 7
12 0
12 2
12 7
13 2
13 0
13 9
14 1
14 2
14 3
15 4
15 0
15 7
16 2
16 10
16 5
17 3
17 13
17 0
18 0
18 2
18 11
19 0
19 18
19 1
20 0
20 3
20 2
21 5
21 19
21 13
22 4
22 5
22 1
23 12
23 11
23 2
24 0
24 4
24 11
25 0
25 9
25 23
26 6
26 7
26 2
27 6
27 3
27 0
28 7
28 25
28 5
29 0
29 1
29 25
30 0
30 7
30 15
31 0
31 3
31 1
32 0
32 20
32 1
33 1
33 2
33 5
34 4
34 21
34 19
35 0
35 16
35 20
36 32
36 1
36 9
37 3
37 13
37 31
38 3
38 18
38 0
39 32
39 27
39 4
40 19
40 4
40 9
41 1
41 11
41 5
42 2
42 1
42 12
43 24
43 0
43 7
44 0
44 30
44 12
45 29
45 2
45 3
46 12
46 10
46 20
47 34
47 6
47 1
48 2
48 4
48 0
49 9
49 0
49 4
