0 1
0 2
0 3
0 4
0 7
0 8
0 10
0 11
0 12
0 17
0 21
0 22
0 23
0 26
0 42
0 46
0 66
0 93
0 103
0 125
0 139
0 141
0 158
1 0
1 2
1 3
1 4
1 8
1 41
1 109
1 134
1 269
1 318
1 323
1 372
1 407
1 440
2 0
2 1
2 3
2 5
2 6
2 9
2 14
2 16
2 19
2 20
2 25
2 26
2 27
2 52
2 62
2 94
2 101
2 110
2 142
2 165
2 195
2 222
2 246
3 2
3 1
3 0
3 4
3 5
3 6
3 7
3 8
3 9
3 13
3 15
3 16
3 33
3 45
3 54
3 121
3 145
3 159
3 184
4 1
4 3
4 0
4 5
4 6
4 9
4 10
4 14
4 18
4 23
4 24
4 25
4 33
4 40
4 43
4 57
4 63
4 79
4 93
4 100
4 114
4 116
4 122
5 3
5 4
5 2
5 11
5 14
5 15
5 20
5 21
5 22
5 28
5 35
5 63
5 89
5 116
5 138
5 149
5 175
5 182
5 338
5 342
6 2
6 4
6 3
6 7
6 10
6 22
6 29
6 31
6 43
6 51
6 66
6 85
6 94
6 102
6 229
6 321
6 344
6 419
7 3
7 0
7 6
7 18
7 34
7 63
7 64
7 74
7 82
7 156
7 181
7 274
8 0
8 1
8 3
8 15
8 50
8 59
8 104
8 131
8 179
8 201
8 408
8 447
8 454
9 2
9 3
9 4
9 11
9 12
9 23
9 25
9 26
9 27
9 28
9 31
9 36
9 37
9 40
9 48
9 51
9 56
9 59
9 64
9 75
9 77
9 83
9 86
10 0
10 4
10 6
10 12
10 16
10 18
10 42
10 67
10 77
10 188
10 206
10 210
10 228
10 232
10 279
10 300
10 339
10 417
11 0
11 5
11 9
11 13
11 17
11 29
11 33
11 34
11 41
11 49
11 66
11 84
11 101
11 127
11 132
11 135
11 148
11 153
11 157
11 201
11 253
11 278
11 286
12 10
12 9
12 0
12 13
12 21
12 27
12 28
12 32
12 35
12 55
12 74
12 305
12 341
12 383
12 459
13 12
13 11
13 3
13 34
13 42
13 50
13 60
13 83
13 90
13 111
13 198
13 224
13 248
13 259
13 297
13 318
13 367
13 385
14 4
14 2
14 5
14 19
14 20
14 30
14 46
14 87
14 95
14 114
14 125
14 161
14 177
14 183
14 213
14 225
14 234
14 331
14 380
14 404
14 433
14 448
14 488
15 8
15 5
15 3
15 31
15 62
15 164
15 386
15 458
15 498
16 10
16 3
16 2
16 17
16 32
16 39
16 53
16 173
16 185
16 208
16 235
16 285
16 314
16 315
16 421
17 0
17 11
17 16
17 19
17 37
17 47
17 60
17 71
17 100
17 147
17 154
17 227
17 243
17 244
17 277
17 295
17 482
18 4
18 10
18 7
18 59
18 116
18 121
18 124
18 128
18 130
18 151
18 152
18 189
18 199
18 298
18 353
18 428
18 460
18 465
19 14
19 2
19 17
19 24
19 47
19 57
19 211
19 219
19 247
19 452
19 484
20 14
20 2
20 5
20 24
20 30
20 47
20 55
20 57
20 58
20 105
20 148
20 200
20 243
20 271
20 304
20 349
21 0
21 12
21 5
21 39
21 40
21 45
21 53
21 64
21 96
21 123
21 268
21 282
21 310
21 442
22 6
22 5
22 0
22 41
22 44
22 54
22 156
22 345
23 0
23 9
23 4
23 32
23 44
23 56
23 61
23 75
23 81
23 83
23 98
23 180
23 184
23 245
23 251
23 276
23 326
23 351
23 374
23 388
23 408
24 20
24 19
24 4
24 35
24 36
24 39
24 65
24 68
24 105
24 109
24 207
24 331
24 332
24 339
24 419
24 478
24 498
25 9
25 4
25 2
25 29
25 91
26 2
26 9
26 0
26 48
26 49
26 82
26 103
26 296
27 2
27 9
27 12
27 30
27 54
27 76
27 86
27 101
27 194
27 284
27 292
27 416
27 453
27 479
28 9
28 12
28 5
28 67
28 118
28 139
28 146
28 155
28 168
28 249
28 325
28 370
28 382
28 497
29 6
29 11
29 25
29 38
29 70
29 73
29 82
29 91
29 121
29 180
29 183
29 324
30 14
30 27
30 20
30 37
30 38
30 92
30 99
30 219
30 231
30 238
30 354
30 372
30 379
30 471
30 494
31 9
31 15
31 6
31 61
31 76
31 142
31 188
31 240
31 248
31 260
32 12
32 16
32 23
32 36
32 56
32 88
32 150
32 264
32 265
32 486
33 3
33 11
33 4
33 38
33 50
33 141
33 162
33 167
33 230
34 11
34 13
34 7
34 58
34 71
34 85
34 233
34 291
34 445
35 24
35 12
35 5
35 48
35 68
35 81
35 88
35 89
35 96
35 204
35 252
35 325
35 364
35 425
36 9
36 24
36 32
36 61
36 108
36 112
36 136
36 199
36 252
36 257
37 9
37 17
37 30
37 213
37 405
38 29
38 30
38 33
38 43
38 94
38 97
38 123
38 196
38 203
38 233
38 239
38 293
38 312
39 24
39 21
39 16
39 45
39 78
39 113
39 126
39 411
39 424
39 441
39 464
40 21
40 4
40 9
40 44
40 46
40 52
40 99
40 119
40 222
40 280
40 281
40 318
40 338
41 1
41 22
41 11
41 53
41 65
41 69
41 131
41 312
41 365
41 376
41 390
41 394
41 460
42 10
42 13
42 0
42 49
42 51
42 58
42 73
42 80
42 85
42 115
42 136
42 149
42 176
42 382
42 387
42 461
43 6
43 38
43 4
43 74
43 139
43 204
43 289
43 299
44 22
44 23
44 40
44 163
44 171
44 239
44 250
44 335
44 499
45 3
45 39
45 21
45 78
45 133
45 164
45 170
45 172
45 179
45 202
45 212
45 279
45 343
45 373
45 394
45 437
46 40
46 0
46 14
46 52
46 160
46 166
46 181
46 206
46 211
46 220
46 364
46 385
46 416
46 470
47 19
47 20
47 17
47 70
47 134
47 170
47 258
47 274
47 311
47 373
47 378
47 401
47 473
47 476
47 485
48 26
48 9
48 35
48 71
48 205
48 275
49 26
49 11
49 42
49 62
49 229
49 266
49 267
49 330
49 385
49 438
49 466
50 33
50 8
50 13
50 80
50 123
50 175
50 282
50 309
50 328
50 425
51 6
51 42
51 9
51 68
51 108
51 117
51 120
51 141
51 145
51 177
51 202
51 210
51 243
51 266
51 279
51 313
52 2
52 40
52 46
52 55
52 75
52 77
52 87
52 90
52 126
52 142
52 165
52 178
52 293
52 303
53 21
53 16
53 41
53 346
54 22
54 27
54 3
54 134
54 140
54 272
55 52
55 20
55 12
55 322
55 470
55 493
56 9
56 23
56 32
56 104
56 127
56 235
56 268
56 421
56 431
57 19
57 4
57 20
57 72
57 147
57 158
57 196
57 296
57 366
58 20
58 34
58 42
58 67
58 97
58 114
58 248
58 330
58 331
58 356
58 496
59 18
59 9
59 8
59 60
59 110
59 129
59 137
60 13
60 59
60 17
60 65
60 69
60 72
60 91
60 128
60 153
60 235
60 338
60 462
61 23
61 36
61 31
61 174
61 226
61 245
61 355
61 400
62 2
62 15
62 49
62 90
62 96
62 97
62 154
62 219
62 290
62 447
63 7
63 4
63 5
63 100
63 144
63 296
63 313
63 325
63 336
63 344
63 383
64 21
64 7
64 9
64 69
64 70
64 84
64 86
64 147
64 169
64 317
64 432
64 449
65 60
65 24
65 41
65 72
65 78
65 192
65 239
65 250
65 342
65 403
65 412
66 6
66 0
66 11
66 95
66 119
66 127
66 216
66 228
66 269
66 281
66 312
66 328
67 58
67 10
67 28
67 122
67 194
68 35
68 24
68 51
68 81
68 102
68 107
68 113
68 151
68 256
68 415
68 464
68 483
68 489
69 64
69 60
69 41
69 146
69 226
70 64
70 29
70 47
70 73
70 88
70 145
70 156
70 174
70 283
70 316
70 319
70 321
70 419
70 481
71 34
71 17
71 48
71 76
71 155
71 203
71 209
71 221
71 297
72 65
72 60
72 57
72 79
72 87
72 215
72 267
72 450
73 70
73 42
73 29
73 106
73 161
73 287
74 7
74 43
74 12
74 79
74 104
74 120
74 135
74 144
74 195
74 241
74 258
74 264
74 302
74 466
75 52
75 9
75 23
75 92
75 294
75 436
76 27
76 31
76 71
76 107
76 336
76 467
77 10
77 52
77 9
77 175
77 261
78 65
78 45
78 39
78 80
78 136
78 186
78 211
78 410
79 4
79 74
79 72
79 113
79 176
79 214
79 467
80 50
80 42
80 78
80 84
80 93
80 98
80 102
80 168
80 257
80 395
81 68
81 23
81 35
81 92
81 143
81 178
82 26
82 7
82 29
82 112
82 200
82 249
82 270
82 272
82 289
82 406
82 430
83 23
83 9
83 13
83 209
83 401
84 11
84 80
84 64
84 163
84 238
84 328
84 346
84 367
84 389
85 6
85 34
85 42
85 261
85 449
86 27
86 9
86 64
86 98
86 360
86 420
87 52
87 14
87 72
87 332
87 334
88 70
88 35
88 32
88 89
88 119
88 463
89 5
89 88
89 35
89 109
89 117
89 491
90 62
90 52
90 13
90 95
90 106
90 194
90 202
90 232
90 360
90 405
90 422
91 25
91 60
91 29
91 135
91 138
91 168
91 197
91 327
91 399
92 81
92 75
92 30
92 120
92 246
92 323
92 495
93 4
93 80
93 0
93 118
93 166
93 220
94 38
94 6
94 2
94 106
94 128
94 129
94 132
94 133
94 162
94 238
94 368
94 409
94 470
95 66
95 14
95 90
95 99
95 115
95 229
95 285
95 330
95 434
96 62
96 21
96 35
96 108
96 189
96 281
96 348
96 404
97 38
97 62
97 58
97 282
98 80
98 86
98 23
98 103
98 115
98 129
98 215
98 242
98 251
98 381
99 30
99 40
99 95
99 111
99 196
99 210
99 213
99 283
99 375
99 417
100 4
100 17
100 63
100 150
100 292
100 494
101 11
101 27
101 2
101 439
101 490
102 6
102 68
102 80
102 130
102 132
102 157
102 186
102 221
103 0
103 98
103 26
103 126
103 205
103 234
103 258
103 273
103 308
103 322
103 329
104 74
104 56
104 8
104 107
104 112
104 131
104 155
104 227
104 256
104 278
104 289
104 456
104 484
105 9
105 24
105 20
105 117
105 122
105 149
105 228
105 365
105 370
105 371
105 490
106 73
106 94
106 90
106 118
106 193
106 433
106 486
106 495
107 104
107 76
107 68
107 143
107 185
107 200
107 263
107 361
108 36
108 51
108 96
108 158
108 172
108 182
109 24
109 1
109 89
109 111
109 130
109 198
109 218
109 241
109 262
109 285
109 298
109 480
110 59
110 2
110 9
110 182
110 208
110 316
111 13
111 109
111 99
111 236
112 82
112 104
112 36
112 125
112 133
112 152
112 204
112 262
112 344
112 377
112 458
113 68
113 39
113 79
113 137
113 140
113 179
113 223
113 225
113 242
113 251
113 313
113 343
113 357
113 371
113 429
114 14
114 4
114 58
114 386
115 95
115 42
115 98
115 157
115 193
115 223
115 418
116 18
116 4
116 5
116 173
116 275
116 340
116 413
117 51
117 89
117 105
117 232
117 250
117 287
117 389
118 28
118 93
118 106
118 170
118 187
118 237
118 347
118 395
119 88
119 40
119 66
119 309
119 359
120 92
120 51
120 74
120 171
120 220
120 226
120 240
121 3
121 29
121 18
121 242
122 67
122 105
122 4
122 137
122 167
122 360
122 379
123 38
123 21
123 50
123 280
124 9
124 4
124 18
124 473
125 112
125 0
125 14
125 143
125 257
125 293
125 324
125 333
125 498
126 39
126 103
126 52
126 154
126 164
126 171
126 247
126 380
126 474
127 56
127 66
127 11
127 138
127 231
127 254
127 271
127 356
127 358
127 369
127 391
128 18
128 60
128 94
128 152
128 207
128 319
128 321
128 429
129 98
129 59
129 94
129 370
130 102
130 109
130 18
130 159
130 218
130 361
131 41
131 104
131 8
131 181
131 187
131 310
132 102
132 94
132 11
133 45
133 94
133 112
133 140
133 167
133 314
134 1
134 47
134 54
134 263
134 273
134 306
135 91
135 74
135 11
135 148
135 198
135 236
135 255
135 299
135 306
135 326
135 341
135 362
136 42
136 78
136 36
136 162
136 216
136 252
136 260
136 352
136 442
137 59
137 122
137 113
137 144
137 199
137 209
137 236
137 334
137 401
137 413
137 418
138 127
138 5
138 91
138 150
138 184
138 295
139 28
139 43
139 0
139 348
140 133
140 54
140 113
140 160
140 222
140 224
140 253
140 277
140 319
140 335
140 429
140 451
140 495
141 33
141 0
141 51
141 207
141 264
141 408
141 431
142 52
142 31
142 2
142 146
142 161
142 183
142 231
142 255
142 453
142 466
143 107
143 125
143 81
143 425
143 430
143 454
144 74
144 137
144 63
144 151
144 190
144 355
144 374
145 3
145 70
145 51
145 233
146 142
146 69
146 28
146 191
146 217
146 256
146 322
146 487
147 57
147 17
147 64
147 205
147 259
147 276
148 135
148 20
148 11
149 105
149 42
149 5
149 174
149 186
149 245
149 291
149 301
149 363
149 381
150 32
150 100
150 138
150 153
150 377
150 394
151 68
151 18
151 144
151 298
152 18
152 112
152 128
153 150
153 60
153 11
153 424
154 17
154 62
154 126
154 176
154 191
154 301
154 357
155 71
155 104
155 28
155 244
156 7
156 70
156 22
156 169
156 206
156 218
156 311
156 347
156 406
157 115
157 11
157 102
157 177
158 57
158 108
158 0
158 166
158 227
158 260
158 308
158 410
158 438
158 447
159 0
159 130
159 3
159 180
159 195
159 214
159 216
159 275
159 469
160 46
160 4
160 140
160 165
160 280
160 461
161 73
161 142
161 14
161 187
161 190
161 304
161 437
162 94
162 33
162 136
162 172
162 302
163 0
163 44
163 84
164 45
164 126
164 15
164 173
165 2
165 52
165 160
165 192
165 359
165 392
166 93
166 158
166 46
166 193
166 320
166 368
166 400
166 456
166 493
167 122
167 33
167 133
168 28
168 91
168 80
168 203
169 0
169 64
169 156
170 47
170 45
170 118
170 215
170 435
171 44
171 120
171 126
172 162
172 45
172 108
172 234
172 363
172 440
173 164
173 116
173 16
173 190
173 225
173 362
174 70
174 149
174 61
174 185
174 221
174 290
174 457
175 50
175 5
175 77
175 192
175 487
176 154
176 79
176 42
176 201
176 364
176 414
177 14
177 51
177 157
177 178
178 52
178 177
178 81
178 307
179 8
179 113
179 45
179 208
179 254
180 23
180 29
180 159
180 255
180 307
180 350
181 7
181 46
181 131
181 284
182 5
182 110
182 108
182 230
182 399
183 142
183 14
183 29
183 188
183 197
183 212
183 247
183 294
183 347
183 448
183 482
184 138
184 23
184 3
185 16
185 107
185 174
185 354
185 409
186 149
186 78
186 102
187 118
187 161
187 131
187 387
187 391
188 10
188 31
188 183
188 217
189 18
189 96
189 0
190 161
190 173
190 144
190 358
190 451
191 154
191 146
191 4
191 288
191 345
191 463
192 165
192 65
192 175
193 166
193 106
193 115
193 240
193 346
194 27
194 90
194 67
194 237
194 265
194 409
194 437
195 74
195 2
195 159
195 350
195 381
195 422
196 99
196 57
196 38
196 369
197 9
197 183
197 91
197 333
197 468
198 109
198 13
198 135
198 423
199 137
199 18
199 36
200 20
200 82
200 107
200 288
200 345
200 403
201 176
201 11
201 8
202 90
202 45
202 51
202 271
202 351
202 384
202 475
202 482
203 71
203 168
203 38
203 316
203 335
204 35
204 112
204 43
204 224
204 340
204 388
204 446
205 48
205 147
205 103
205 288
205 426
206 46
206 156
206 10
207 24
207 141
207 128
207 217
207 261
207 455
208 16
208 110
208 179
208 230
208 295
208 426
209 83
209 137
209 71
209 244
209 286
210 51
210 10
210 99
211 78
211 19
211 46
212 183
212 45
212 9
213 37
213 99
213 14
213 253
213 309
213 426
214 9
214 79
214 159
214 292
214 359
215 98
215 170
215 72
215 223
215 397
216 66
216 136
216 159
216 337
216 481
217 146
217 207
217 188
218 130
218 156
218 109
218 433
219 62
219 30
219 19
219 444
220 46
220 120
220 93
221 71
221 102
221 174
221 356
222 40
222 2
222 140
223 113
223 115
223 215
223 427
223 497
224 204
224 140
224 13
224 274
225 173
225 113
225 14
225 366
225 380
226 61
226 69
226 120
226 246
226 286
226 374
226 446
227 17
227 104
227 158
227 349
227 361
228 66
228 105
228 10
228 317
228 416
228 481
228 496
229 6
229 95
229 49
229 237
229 357
230 182
230 208
230 33
230 241
230 267
230 452
231 127
231 30
231 142
231 291
231 323
231 403
231 423
231 462
232 117
232 10
232 90
232 430
232 450
233 38
233 145
233 34
233 305
233 386
234 14
234 172
234 103
234 301
234 407
234 469
235 60
235 56
235 16
236 111
236 137
236 135
236 343
237 229
237 118
237 194
237 270
237 388
237 472
238 84
238 94
238 30
239 38
239 65
239 44
239 415
240 31
240 193
240 120
240 305
241 109
241 230
241 74
241 249
241 485
242 113
242 121
242 98
243 20
243 51
243 17
243 294
244 155
244 17
244 209
244 424
245 23
245 149
245 61
245 334
245 444
246 92
246 226
246 2
246 263
247 19
247 183
247 126
247 270
247 304
247 490
248 58
248 31
248 13
248 446
249 241
249 28
249 82
249 259
249 350
249 473
249 485
250 44
250 65
250 117
250 254
250 464
251 113
251 98
251 23
251 266
251 297
251 378
251 440
252 136
252 36
252 35
252 413
252 480
253 213
253 140
253 11
254 179
254 127
254 250
255 135
255 142
255 180
255 443
256 104
256 68
256 146
257 80
257 36
257 125
258 47
258 103
258 74
258 265
258 269
258 339
258 383
259 147
259 249
259 13
259 311
259 484
260 31
260 136
260 158
260 268
260 332
260 420
260 471
260 479
261 77
261 85
261 207
261 276
261 329
261 467
262 109
262 112
262 2
263 107
263 246
263 134
263 320
263 457
263 459
264 141
264 32
264 74
265 32
265 258
265 194
265 379
266 51
266 251
266 49
266 333
267 49
267 230
267 72
268 56
268 260
268 21
268 306
268 326
269 1
269 258
269 66
269 474
270 247
270 82
270 237
270 315
270 489
271 20
271 202
271 127
271 376
271 415
271 468
272 2
272 82
272 54
272 369
272 462
273 134
273 0
273 103
274 224
274 47
274 7
274 439
275 48
275 159
275 116
275 303
275 340
275 432
275 487
276 23
276 261
276 147
277 17
277 2
277 140
278 11
278 104
278 9
279 10
279 45
279 51
279 283
279 284
279 336
279 444
280 40
280 160
280 123
281 96
281 66
281 40
281 324
281 384
281 445
282 97
282 50
282 21
282 287
282 317
282 420
283 279
283 70
283 99
283 352
284 279
284 181
284 27
284 341
285 109
285 95
285 16
285 299
285 300
285 302
286 11
286 209
286 226
286 382
286 393
287 73
287 117
287 282
287 327
287 354
287 438
287 483
288 205
288 200
288 191
289 104
289 82
289 43
289 366
290 174
290 62
290 11
291 231
291 149
291 34
291 337
291 421
291 475
292 100
292 214
292 27
292 303
292 314
292 372
292 405
292 497
293 52
293 125
293 38
293 418
293 459
293 499
294 243
294 183
294 75
295 138
295 208
295 17
295 327
295 474
296 26
296 63
296 57
296 300
296 384
297 251
297 13
297 71
297 443
297 454
298 18
298 109
298 151
298 310
298 329
298 402
299 43
299 135
299 285
300 285
300 10
300 296
300 308
301 149
301 154
301 234
301 315
302 74
302 285
302 162
302 348
303 275
303 52
303 292
304 20
304 161
304 247
305 233
305 12
305 240
305 493
306 134
306 268
306 135
306 402
307 178
307 4
307 180
308 103
308 158
308 300
308 398
308 399
309 213
309 119
309 50
310 131
310 298
310 21
310 376
311 156
311 47
311 259
312 41
312 38
312 66
312 457
313 51
313 63
313 113
314 16
314 292
314 133
314 396
315 301
315 16
315 270
315 442
316 70
316 203
316 110
316 461
317 228
317 64
317 282
317 477
318 13
318 1
318 40
318 353
319 128
319 140
319 70
320 2
320 263
320 166
320 458
321 128
321 70
321 6
322 146
322 55
322 103
322 373
322 422
323 1
323 231
323 92
323 368
323 398
323 435
324 281
324 125
324 29
325 28
325 35
325 63
326 135
326 23
326 268
326 475
327 91
327 287
327 295
327 363
327 460
328 84
328 66
328 50
329 103
329 261
329 298
329 362
330 58
330 95
330 49
330 434
331 24
331 14
331 58
331 465
332 24
332 87
332 260
332 395
332 436
333 125
333 197
333 266
333 351
333 352
333 378
333 412
334 87
334 245
334 137
335 140
335 203
335 44
336 63
336 279
336 76
337 216
337 11
337 291
338 5
338 40
338 60
338 472
339 258
339 24
339 10
339 407
339 432
340 204
340 116
340 275
340 414
341 135
341 284
341 12
342 5
342 11
342 65
342 390
343 113
343 45
343 236
343 387
344 6
344 63
344 112
344 428
345 191
345 200
345 22
345 406
346 53
346 193
346 84
346 412
347 156
347 118
347 183
348 139
348 96
348 302
349 20
349 2
349 227
349 353
350 195
350 180
350 249
350 449
351 333
351 23
351 202
352 333
352 136
352 283
352 455
353 318
353 18
353 349
353 404
353 465
354 287
354 30
354 185
355 144
355 0
355 61
356 127
356 221
356 58
357 154
357 113
357 229
358 127
358 190
358 9
359 119
359 214
359 165
359 365
360 90
360 122
360 86
360 397
360 453
361 130
361 107
361 227
361 393
361 396
361 414
362 135
362 173
362 329
363 172
363 149
363 327
363 397
364 176
364 35
364 46
364 367
364 451
365 359
365 105
365 41
365 450
366 225
366 57
366 289
367 84
367 13
367 364
368 323
368 166
368 94
368 371
369 272
369 127
369 196
369 392
369 393
370 129
370 28
370 105
370 377
370 468
371 105
371 368
371 113
372 30
372 292
372 1
373 45
373 47
373 322
374 23
374 226
374 144
375 0
375 2
375 99
375 436
376 310
376 41
376 271
377 370
377 150
377 112
377 411
377 443
378 333
378 47
378 251
379 30
379 122
379 265
379 411
379 434
380 14
380 225
380 126
381 98
381 195
381 149
381 431
382 28
382 42
382 286
382 427
382 463
382 479
383 12
383 258
383 63
383 423
384 281
384 202
384 296
385 13
385 49
385 46
385 402
386 114
386 233
386 15
387 42
387 187
387 343
388 237
388 204
388 23
389 117
389 11
389 84
390 342
390 2
390 41
390 427
390 489
391 2
391 127
391 187
392 369
392 165
392 2
393 286
393 369
393 361
394 150
394 41
394 45
394 469
395 118
395 80
395 332
396 361
396 314
396 11
397 363
397 215
397 360
397 477
398 323
398 308
398 0
399 91
399 182
399 308
400 166
400 0
400 61
401 137
401 47
401 83
402 385
402 306
402 298
402 417
403 231
403 200
403 65
403 455
404 96
404 353
404 14
405 90
405 292
405 37
406 82
406 156
406 345
407 339
407 234
407 1
407 488
407 491
408 141
408 23
408 8
408 435
409 194
409 94
409 185
410 158
410 4
410 78
411 377
411 39
411 379
412 65
412 346
412 333
413 137
413 252
413 116
414 176
414 361
414 340
415 68
415 239
415 271
415 472
416 228
416 46
416 27
417 99
417 402
417 10
418 137
418 115
418 293
419 70
419 24
419 6
420 282
420 86
420 260
421 291
421 16
421 56
422 195
422 90
422 322
423 231
423 383
423 198
424 39
424 153
424 244
424 445
425 35
425 50
425 143
425 494
426 205
426 213
426 208
426 471
427 382
427 223
427 390
428 344
428 18
428 0
428 439
429 128
429 113
429 140
430 232
430 143
430 82
431 141
431 56
431 381
431 441
431 496
432 339
432 275
432 64
433 218
433 14
433 106
434 330
434 379
434 95
435 408
435 170
435 323
436 375
436 75
436 332
437 45
437 161
437 194
438 49
438 287
438 158
439 101
439 428
439 274
440 251
440 1
440 172
440 448
441 4
441 39
441 431
442 21
442 136
442 315
443 255
443 297
443 377
444 279
444 245
444 219
445 34
445 281
445 424
446 204
446 226
446 248
446 476
446 486
447 8
447 62
447 158
448 14
448 183
448 440
449 85
449 64
449 350
450 232
450 72
450 365
450 456
450 478
451 364
451 140
451 190
452 230
452 19
452 0
453 27
453 142
453 360
454 143
454 297
454 8
455 207
455 403
455 352
456 166
456 104
456 450
457 312
457 263
457 174
458 15
458 112
458 320
459 12
459 293
459 263
460 41
460 327
460 18
461 160
461 42
461 316
462 272
462 60
462 231
463 88
463 382
463 191
464 68
464 250
464 39
465 331
465 353
465 18
465 492
466 74
466 49
466 142
467 261
467 76
467 79
468 370
468 271
468 197
469 159
469 234
469 394
470 46
470 94
470 55
471 30
471 426
471 260
472 237
472 415
472 338
473 124
473 47
473 249
474 126
474 295
474 269
474 488
475 326
475 202
475 291
476 446
476 47
476 0
477 317
477 397
477 2
478 9
478 24
478 450
479 27
479 260
479 382
479 491
479 492
480 252
480 9
480 109
481 228
481 70
481 216
482 17
482 202
482 183
483 287
483 11
483 68
484 104
484 259
484 19
484 499
485 47
485 249
485 241
486 106
486 32
486 446
487 146
487 275
487 175
488 407
488 474
488 14
489 68
489 390
489 270
490 101
490 105
490 247
491 479
491 89
491 407
492 11
492 465
492 479
493 305
493 55
493 166
494 425
494 30
494 100
495 92
495 140
495 106
496 431
496 228
496 58
497 223
497 28
497 292
498 125
498 24
498 15
499 44
499 484
499 293
