0 1
0 2
0 3
1 0
1 2
1 3
2 1
2 0
2 3
3 1
3 0
3 2
4 2
4 1
4 3
5 1
5 0
5 2
6 0
6 1
6 2
7 6
7 2
7 0
8 6
8 2
8 1
9 2
9 1
9 3
10 2
10 1
10 0
11 1
11 0
11 4
12 5
12 2
12 7
13 0
13 11
13 2
14 1
14 6
14 11
15 11
15 6
15 1
16 6
16 2
16 0
17 11
17 1
17 2
18 0
18 2
18 8
19 15
19 0
19 1
20 18
20 13
20 0
21 10
21 1
21 0
22 2
22 11
22 0
23 3
23 7
23 6
24 13
24 3
24 0
25 2
25 11
25 19
26 25
26 20
26 4
27 6
27 11
27 24
28 27
28 11
28 3
29 2
29 6
29 12
30 4
30 13
30 2
31 2
31 23
31 27
32 13
32 2
32 14
33 1
33 3
33 30
34 1
34 25
34 2
35 2
35 30
35 1
36 5
36 2
36 20
37 13
37 4
37 23
38 7
38 1
38 16
39 2
39 1
39 7
40 22
40 3
40 24
41 19
41 27
41 2
42 6
42 41
42 30
43 21
43 2
43 6
44 2
44 15
44 27
45 34
45 1
45 11
46 39
46 1
46 23
47 6
47 43
47 39
48 0
48 4
48 2
49 6
49 11
49 0
50 42
50 3
50 5
51 22
51 18
51 49
52 13
52 3
52 2
53 19
53 11
53 3
54 49
54 3
54 43
55 23
55 14
55 6
56 6
56 52
56 45
57 25
57 19
57 49
58 0
58 29
58 33
59 43
59 0
59 22
60 17
60 55
60 4
61 55
61 0
61 7
62 14
62 48
62 2
63 59
63 43
63 8
64 29
64 40
64 54
65 2
65 27
65 60
66 30
66 2
66 1
67 1
67 57
67 20
68 6
68 43
68 2
69 32
69 14
69 63
70 27
70 1
70 13
71 55
71 22
71 6
72 46
72 19
72 37
73 65
73 27
73 39
74 24
74 33
74 4
75 58
75 11
75 35
76 45
76 23
76 3
77 21
77 11
77 20
78 37
78 38
78 15
79 54
79 1
79 57
80 2
80 59
80 24
81 6
81 1
81 2
82 18
82 74
82 52
83 1
83 15
83 29
84 14
84 49
84 37
85 30
85 23
85 39
86 61
86 51
86 57
87 2
87 45
87 66
88 5
88 7
88 11
89 49
89 23
89 0
90 55
90 0
90 66
91 81
91 4
91 43
92 41
92 0
92 3
93 5
93 69
93 30
94 73
94 49
94 36
95 2
95 73
95 29
96 21
96 73
96 20
97 45
97 29
97 23
98 14
98 80
98 16
99 81
99 25
99 9
100 13
100 52
100 43
101 55
101 2
101 37
102 58
102 19
102 86
103 95
103 44
103 76
104 34
104 2
104 59
105 47
105 97
105 79
106 1
106 7
106 6
107 69
107 52
107 3
108 75
108 25
108 27
109 0
109 103
109 45
110 22
110 13
110 35
111 12
111 29
111 32
112 33
112 14
112 58
113 97
113 80
113 83
114 82
114 75
114 29
115 0
115 5
115 105
116 6
116 29
116 4
117 1
117 65
117 31
118 18
118 14
118 95
119 2
119 22
119 7
120 18
120 24
120 65
121 15
121 25
121 27
122 88
122 30
122 116
123 43
123 58
123 60
124 6
124 29
124 75
125 11
125 69
125 120
126 98
126 20
126 93
127 6
127 89
127 46
128 1
128 3
128 18
129 26
129 6
129 120
130 2
130 105
130 11
131 22
131 25
131 90
132 71
132 101
132 52
133 2
133 93
133 40
134 1
134 108
134 2
135 116
135 81
135 54
136 32
136 21
136 45
137 64
137 29
137 33
138 24
138 35
138 23
139 127
139 71
139 86
140 11
140 39
140 22
141 49
141 121
141 104
142 67
142 31
142 123
143 26
143 128
143 49
144 63
144 54
144 1
145 43
145 1
145 0
146 25
146 16
146 10
147 1
147 2
147 25
148 125
148 6
148 96
149 72
149 11
149 45
150 1
150 10
150 7
151 48
151 51
151 18
152 122
152 6
152 121
153 0
153 143
153 6
154 135
154 21
154 128
155 1
155 18
155 113
156 1
156 2
156 3
157 72
157 10
157 2
158 14
158 100
158 56
159 143
159 29
159 54
160 26
160 78
160 36
161 7
161 127
161 45
162 58
162 43
162 16
163 156
163 143
163 47
164 136
164 29
164 42
165 142
165 128
165 11
166 105
166 8
166 72
167 116
167 11
167 127
168 35
168 45
168 33
169 19
169 2
169 165
170 3
170 91
170 6
171 92
171 63
171 24
172 6
172 124
172 1
173 64
173 23
173 54
174 6
174 8
174 29
175 54
175 123
175 121
176 96
176 32
176 125
177 123
177 6
177 131
178 138
178 1
178 156
179 109
179 3
179 20
180 166
180 26
180 58
181 0
181 37
181 98
182 159
182 169
182 1
183 6
183 25
183 0
184 45
184 0
184 25
185 52
185 13
185 173
186 154
186 1
186 29
187 96
187 132
187 103
188 45
188 132
188 139
189 25
189 38
189 22
190 135
190 87
190 56
191 61
191 117
191 33
192 98
192 137
192 40
193 50
193 2
193 103
194 147
194 44
194 22
195 6
195 5
195 156
196 4
196 18
196 155
197 139
197 192
197 73
198 43
198 3
198 0
199 21
199 0
199 77
200 7
200 118
200 6
201 96
201 43
201 148
202 4
202 0
202 1
203 11
203 0
203 22
204 66
204 145
204 143
205 173
205 12
205 0
206 3
206 124
206 89
207 26
207 154
207 3
208 1
208 68
208 4
209 111
209 183
209 80
210 91
210 40
210 182
211 59
211 83
211 122
212 130
212 191
212 131
213 3
213 0
213 110
214 100
214 3
214 2
215 6
215 30
215 40
216 9
216 2
216 11
217 29
217 0
217 33
218 198
218 38
218 59
219 182
219 50
219 16
220 191
220 18
220 7
221 0
221 176
221 95
222 81
222 12
222 22
223 112
223 155
223 157
224 118
224 0
224 19
225 24
225 106
225 3
226 15
226 58
226 48
227 3
227 13
227 6
228 144
228 77
228 110
229 2
229 77
229 43
230 56
230 29
230 135
231 14
231 146
231 70
232 104
232 29
232 14
233 96
233 6
233 67
234 13
234 69
234 93
235 1
235 76
235 2
236 192
236 62
236 111
237 34
237 2
237 189
238 66
238 179
238 104
239 16
239 141
239 22
240 122
240 52
240 43
241 206
241 115
241 57
242 38
242 225
242 75
243 1
243 6
243 68
244 124
244 1
244 30
245 106
245 238
245 219
246 104
246 81
246 33
247 156
247 228
247 7
248 153
248 27
248 142
249 3
249 203
249 67
250 123
250 21
250 245
251 111
251 51
251 106
252 19
252 182
252 24
253 94
253 13
253 4
254 79
254 132
254 29
255 2
255 192
255 104
256 231
256 24
256 37
257 173
257 81
257 35
258 1
258 143
258 85
259 42
259 96
259 0
260 123
260 248
260 191
261 1
261 235
261 156
262 242
262 135
262 56
263 123
263 30
263 229
264 6
264 85
264 79
265 1
265 38
265 3
266 169
266 98
266 92
267 209
267 113
267 15
268 212
268 124
268 65
269 0
269 155
269 102
270 172
270 214
270 1
271 93
271 13
271 115
272 23
272 25
272 1
273 1
273 229
273 262
274 90
274 83
274 92
275 69
275 218
275 161
276 24
276 110
276 78
277 4
277 147
277 0
278 224
278 116
278 167
279 65
279 0
279 259
280 156
280 245
280 65
281 1
281 140
281 193
282 102
282 6
282 118
283 2
283 249
283 6
284 0
284 218
284 206
285 228
285 7
285 0
286 154
286 194
286 197
287 42
287 11
287 203
288 54
288 72
288 27
289 130
289 103
289 29
290 22
290 172
290 0
291 162
291 40
291 287
292 190
292 6
292 3
293 158
293 167
293 60
294 271
294 77
294 156
295 9
295 261
295 2
296 277
296 24
296 104
297 1
297 204
297 36
298 6
298 1
298 67
299 1
299 232
299 6
300 2
300 20
300 154
301 187
301 1
301 0
302 270
302 35
302 2
303 139
303 13
303 105
304 71
304 18
304 119
305 113
305 30
305 2
306 2
306 104
306 22
307 201
307 145
307 104
308 6
308 184
308 62
309 245
309 23
309 26
310 290
310 15
310 254
311 124
311 256
311 213
312 191
312 6
312 280
313 2
313 27
313 286
314 56
314 170
314 285
315 34
315 6
315 116
316 37
316 24
316 202
317 134
317 153
317 116
318 301
318 0
318 270
319 1
319 131
319 39
320 2
320 27
320 285
321 232
321 23
321 193
322 182
322 104
322 170
323 110
323 2
323 103
324 1
324 37
324 286
325 130
325 199
325 236
326 140
326 216
326 268
327 61
327 219
327 3
328 0
328 73
328 17
329 185
329 281
329 105
330 82
330 6
330 174
331 2
331 72
331 325
332 192
332 310
332 58
333 18
333 35
333 228
334 6
334 2
334 3
335 0
335 330
335 91
336 253
336 158
336 120
337 43
337 183
337 28
338 98
338 123
338 224
339 13
339 2
339 303
340 11
340 141
340 111
341 17
341 2
341 23
342 206
342 1
342 71
343 142
343 30
343 85
344 95
344 105
344 135
345 34
345 192
345 100
346 2
346 260
346 34
347 340
347 124
347 161
348 289
348 72
348 62
349 172
349 194
349 120
350 3
350 88
350 333
351 2
351 123
351 104
352 323
352 105
352 38
353 23
353 333
353 252
354 97
354 2
354 10
355 2
355 217
355 30
356 124
356 2
356 1
357 113
357 274
357 1
358 37
358 29
358 174
359 151
359 4
359 143
360 223
360 70
360 270
361 1
361 337
361 159
362 262
362 7
362 113
363 320
363 270
363 220
364 144
364 88
364 63
365 96
365 1
365 0
366 4
366 0
366 27
367 6
367 98
367 218
368 129
368 20
368 120
369 22
369 29
369 11
370 217
370 320
370 30
371 204
371 127
371 320
372 23
372 35
372 301
373 7
373 311
373 18
374 109
374 218
374 2
375 5
375 140
375 38
376 4
376 54
376 14
377 121
377 272
377 24
378 24
378 269
378 252
379 49
379 22
379 8
380 9
380 163
380 297
381 2
381 23
381 141
382 14
382 272
382 142
383 368
383 158
383 264
384 104
384 3
384 324
385 174
385 0
385 85
386 2
386 269
386 369
387 0
387 15
387 124
388 304
388 33
388 312
389 169
389 105
389 1
390 98
390 97
390 42
391 228
391 7
391 390
392 2
392 1
392 212
393 116
393 48
393 233
394 6
394 221
394 143
395 3
395 2
395 122
396 110
396 3
396 17
397 52
397 1
397 2
398 5
398 0
398 222
399 277
399 1
399 30
400 303
400 3
400 193
401 42
401 38
401 13
402 90
402 340
402 5
403 48
403 285
403 185
404 274
404 5
404 103
405 72
405 69
405 38
406 56
406 23
406 0
407 217
407 323
407 180
408 62
408 271
408 246
409 170
409 122
409 14
410 0
410 7
410 22
411 85
411 18
411 78
412 140
412 83
412 13
413 76
413 182
413 350
414 121
414 42
414 119
415 193
415 3
415 254
416 6
416 145
416 22
417 145
417 369
417 11
418 103
418 144
418 1
419 213
419 173
419 117
420 0
420 49
420 30
421 111
421 271
421 1
422 52
422 54
422 0
423 3
423 106
423 6
424 392
424 106
424 88
425 26
425 164
425 1
426 19
426 96
426 0
427 132
427 161
427 59
428 10
428 0
428 387
429 43
429 323
429 360
430 154
430 206
430 25
431 20
431 2
431 22
432 184
432 182
432 2
433 145
433 373
433 29
434 134
434 113
434 1
435 299
435 173
435 196
436 6
436 316
436 75
437 29
437 168
437 172
438 6
438 221
438 249
439 117
439 100
439 231
440 48
440 331
440 76
441 417
441 40
441 366
442 43
442 137
442 434
443 1
443 33
443 98
444 2
444 33
444 42
445 323
445 265
445 38
446 3
446 90
446 121
447 147
447 368
447 19
448 91
448 104
448 7
449 31
449 175
449 250
450 401
450 6
450 37
451 311
451 49
451 257
452 19
452 53
452 134
453 8
453 390
453 85
454 170
454 75
454 128
455 16
455 405
455 150
456 169
456 157
456 295
457 338
457 49
457 77
458 6
458 178
458 89
459 393
459 90
459 3
460 284
460 23
460 178
461 1
461 47
461 20
462 16
462 119
462 380
463 139
463 235
463 392
464 299
464 85
464 6
465 391
465 323
465 185
466 330
466 323
466 451
467 267
467 52
467 146
468 52
468 205
468 192
469 23
469 18
469 390
470 371
470 228
470 18
471 61
471 170
471 149
472 69
472 268
472 430
473 33
473 2
473 237
474 27
474 98
474 30
475 195
475 362
475 388
476 172
476 384
476 140
477 147
477 22
477 1
478 39
478 147
478 330
479 2
479 5
479 43
480 147
480 472
480 475
481 330
481 413
481 13
482 31
482 315
482 43
483 139
483 358
483 262
484 299
484 233
484 1
485 412
485 175
485 305
486 379
486 40
486 285
487 350
487 132
487 191
488 456
488 52
488 112
489 105
489 420
489 74
490 30
490 6
490 20
491 0
491 14
491 4
492 118
492 3
492 0
493 30
493 1
493 80
494 367
494 92
494 414
495 81
495 157
495 20
496 76
496 332
496 110
497 94
497 73
497 5
498 105
498 253
498 404
499 316
499 153
499 9
