0 1
0 2
1 0
1 2
2 0
2 1
3 0
3 2
3 1
4 2
4 0
4 1
5 2
5 3
5 0
6 1
6 5
6 0
7 2
7 3
7 0
8 3
8 7
8 0
9 1
9 0
9 7
10 0
10 3
10 2
11 1
11 5
11 0
12 6
12 11
12 5
13 1
13 11
13 2
14 5
14 3
14 2
15 11
15 2
15 12
16 3
16 0
16 2
17 0
17 2
17 15
18 2
18 11
18 7
19 0
19 5
19 13
20 12
20 9
20 5
21 12
21 15
21 3
22 12
22 0
22 1
23 3
23 7
23 0
24 2
24 8
24 17
25 10
25 19
25 16
26 15
26 0
26 23
27 2
27 1
27 4
28 0
28 2
28 3
29 5
29 2
29 11
30 5
30 1
30 0
31 17
31 2
31 9
32 2
32 1
32 0
33 1
33 2
33 9
34 1
34 0
34 9
35 24
35 18
35 2
36 9
36 2
36 33
37 3
37 9
37 36
38 1
38 2
38 19
39 3
39 2
39 0
40 5
40 1
40 19
41 24
41 8
41 6
42 24
42 33
42 21
43 24
43 17
43 27
44 9
44 12
44 18
45 10
45 8
45 42
46 17
46 27
46 7
47 0
47 24
47 31
48 25
48 0
48 2
49 2
49 33
49 47
