0 1
0 2
0 3
0 5
1 0
1 2
1 3
1 4
2 0
2 1
2 3
2 4
3 2
3 1
3 0
3 4
4 2
4 3
4 1
4 6
5 0
5 1
5 2
5 6
6 2
6 5
6 4
6 27
7 3
7 4
7 5
7 11
8 1
8 5
8 3
8 11
9 2
9 5
9 1
9 19
10 1
10 3
10 0
10 20
11 7
11 8
11 0
11 14
12 2
12 4
12 1
12 13
13 5
13 0
13 12
13 15
14 11
14 1
14 3
14 30
15 5
15 1
15 13
15 17
16 0
16 7
16 2
17 2
17 5
17 15
18 2
18 7
18 12
19 0
19 11
19 9
19 23
20 3
20 13
20 10
20 24
21 7
21 1
21 2
21 26
22 9
22 15
22 1
22 25
23 3
23 19
23 1
24 12
24 20
24 0
24 27
25 22
25 4
25 7
25 44
26 5
26 21
26 19
26 31
27 3
27 24
27 6
27 32
28 0
28 2
28 6
29 0
29 20
29 11
30 7
30 14
30 8
31 14
31 26
31 4
31 44
32 2
32 27
32 9
33 26
33 11
33 14
34 0
34 10
34 2
35 19
35 2
35 22
36 6
36 14
36 0
37 20
37 3
37 5
37 39
38 14
38 20
38 0
38 48
39 7
39 1
39 37
39 40
40 39
40 10
40 5
41 6
41 14
41 27
42 27
42 37
42 39
43 12
43 11
43 1
44 31
44 7
44 25
44 49
45 3
45 9
45 0
46 11
46 2
46 22
47 0
47 24
47 4
48 2
48 38
48 10
49 2
49 44
49 5
