0 1
0 2
1 0
1 2
2 1
2 0
3 2
3 0
3 1
4 1
4 0
4 3
5 0
5 1
5 4
6 1
6 5
6 3
7 0
7 5
7 1
8 0
8 4
8 2
9 0
9 2
9 4
10 1
10 9
10 2
11 0
11 4
11 7
12 1
12 4
12 0
13 7
13 1
13 11
14 6
14 5
14 1
15 4
15 2
15 1
16 0
16 9
16 2
17 11
17 6
17 13
18 7
18 9
18 15
19 1
19 0
19 12
20 0
20 14
20 19
21 0
21 8
21 17
22 16
22 1
22 0
23 4
23 2
23 21
24 4
24 2
24 1
25 24
25 0
25 21
26 1
26 0
26 20
27 9
27 4
27 17
28 2
28 0
28 9
29 17
29 0
29 1
30 1
30 18
30 24
31 6
31 20
31 7
32 15
32 2
32 9
33 2
33 1
33 24
34 23
34 2
34 7
35 2
35 1
35 9
36 20
36 2
36 0
37 11
37 2
37 28
38 2
38 6
38 30
39 18
39 19
39 2
40 24
40 13
40 4
41 0
41 3
41 18
42 39
42 5
42 28
43 1
43 9
43 2
44 24
44 0
44 25
45 0
45 23
45 9
46 0
46 38
46 37
47 15
47 6
47 13
48 0
48 10
48 2
49 42
49 19
49 28
50 2
50 19
50 16
51 2
51 19
51 48
52 13
52 50
52 0
53 9
53 25
53 52
54 18
54 21
54 12
55 29
55 11
55 28
56 2
56 0
56 31
57 19
57 18
57 49
58 9
58 0
58 5
59 2
59 19
59 20
60 55
60 12
60 50
61 37
61 2
61 20
62 20
62 0
62 7
63 29
63 52
63 6
64 11
64 15
64 35
65 26
65 9
65 30
66 5
66 2
66 28
67 5
67 3
67 1
68 1
68 2
68 29
69 49
69 21
69 2
70 21
70 26
70 13
71 28
71 33
71 0
72 21
72 11
72 1
73 2
73 48
73 1
74 38
74 0
74 18
75 5
75 31
75 17
76 44
76 12
76 5
77 49
77 7
77 9
78 59
78 35
78 58
79 17
79 45
79 51
80 47
80 2
80 41
81 2
81 69
81 41
82 50
82 0
82 22
83 36
83 3
83 0
84 13
84 0
84 3
85 1
85 2
85 15
86 81
86 53
86 4
87 73
87 2
87 15
88 37
88 2
88 31
89 2
89 51
89 4
90 73
90 87
90 4
91 7
91 74
91 67
92 5
92 11
92 0
93 5
93 59
93 66
94 50
94 18
94 0
95 33
95 8
95 1
96 92
96 8
96 48
97 40
97 18
97 1
98 3
98 33
98 52
99 72
99 18
99 1
