0 1
0 2
0 3
1 0
1 2
1 3
2 1
2 0
2 3
3 1
3 2
3 0
4 2
4 3
4 0
5 1
5 0
5 2
6 3
6 0
6 5
7 2
7 3
7 0
8 0
8 1
8 3
9 2
9 0
9 5
10 8
10 0
10 5
11 4
11 2
11 0
12 7
12 5
12 0
13 10
13 4
13 3
14 6
14 5
14 0
15 0
15 3
15 1
16 4
16 6
16 0
17 2
17 0
17 1
18 0
18 8
18 13
19 6
19 18
19 8
20 1
20 5
20 4
21 18
21 13
21 0
22 18
22 3
22 0
23 0
23 3
23 17
24 4
24 0
24 22
25 0
25 6
25 5
26 14
26 16
26 5
27 0
27 5
27 6
28 13
28 1
28 0
29 17
29 14
29 2
30 2
30 17
30 5
31 3
31 0
31 2
32 11
32 17
32 3
33 4
33 6
33 23
34 20
34 1
34 0
35 13
35 9
35 23
36 13
36 1
36 34
37 8
37 29
37 6
38 29
38 11
38 16
39 1
39 7
39 0
40 37
40 7
40 4
41 15
41 14
41 17
42 13
42 0
42 23
43 1
43 7
43 37
44 20
44 1
44 3
45 5
45 2
45 40
46 12
46 5
46 11
47 42
47 13
47 15
48 26
48 0
48 5
49 15
49 5
49 7
50 5
50 3
50 21
51 3
51 16
51 8
52 49
52 3
52 38
53 1
53 2
53 16
54 2
54 16
54 21
55 17
55 7
55 6
56 6
56 0
56 44
57 1
57 6
57 0
58 11
58 3
58 42
59 6
59 2
59 17
60 41
60 45
60 13
61 45
61 10
61 1
62 7
62 35
62 22
63 4
63 3
63 40
64 26
64 4
64 15
65 22
65 40
65 42
66 2
66 1
66 63
67 0
67 46
67 1
68 19
68 29
68 46
69 11
69 1
69 0
70 30
70 42
70 59
71 6
71 4
71 3
72 0
72 58
72 55
73 37
73 2
73 36
74 58
74 0
74 4
75 13
75 16
75 0
76 37
76 5
76 23
77 1
77 0
77 72
78 0
78 3
78 46
79 1
79 59
79 78
80 0
80 40
80 67
81 54
81 64
81 25
82 70
82 6
82 51
83 21
83 76
83 63
84 11
84 5
84 79
85 22
85 13
85 3
86 26
86 34
86 63
87 60
87 39
87 44
88 5
88 18
88 6
89 0
89 5
89 17
90 13
90 51
90 79
91 21
91 82
91 1
92 0
92 20
92 11
93 3
93 0
93 8
94 72
94 15
94 91
95 54
95 92
95 64
96 7
96 80
96 45
97 21
97 18
97 75
98 85
98 29
98 33
99 0
99 16
99 26
