0 1
0 2
0 3
0 10
0 12
0 13
0 23
0 30
0 70
0 76
0 83
0 195
0 234
0 274
0 454
0 559
0 582
0 639
0 842
0 867
0 919
0 926
0 948
1 0
1 2
1 3
1 4
1 7
1 8
1 9
1 10
1 12
1 18
1 20
1 21
1 25
1 26
1 28
1 34
1 63
1 82
1 83
1 87
1 92
1 114
1 139
2 0
2 1
2 3
2 4
2 5
2 6
2 7
2 9
2 11
2 12
2 15
2 22
2 23
2 24
2 26
2 58
2 59
2 64
2 110
2 114
2 129
2 133
2 138
3 0
3 1
3 2
3 4
3 5
3 6
3 16
3 167
3 213
3 291
3 401
3 457
3 468
3 507
3 531
3 636
3 753
3 760
3 852
3 954
4 3
4 1
4 2
4 5
4 17
4 19
4 27
4 42
4 73
4 137
4 146
4 242
4 283
4 296
4 598
4 602
4 727
4 768
4 772
4 860
4 970
5 3
5 4
5 2
5 6
5 7
5 8
5 10
5 18
5 33
5 34
5 36
5 37
5 67
5 78
5 79
5 146
5 160
5 173
5 177
5 212
5 214
5 250
5 270
6 3
6 2
6 5
6 8
6 16
6 22
6 30
6 31
6 107
6 136
6 192
6 236
6 242
6 333
6 545
6 896
7 2
7 1
7 5
7 9
7 13
7 15
7 16
7 19
7 21
7 29
7 31
7 40
7 68
7 69
7 91
7 121
7 148
7 324
7 349
7 408
7 422
7 431
7 441
8 6
8 5
8 1
8 11
8 14
8 15
8 25
8 30
8 32
8 33
8 37
8 44
8 66
8 90
8 111
8 113
8 131
8 136
8 157
8 158
8 180
8 181
8 196
9 7
9 1
9 2
9 11
9 13
9 19
9 36
9 39
9 60
9 88
9 125
9 146
9 161
9 194
9 205
9 209
9 213
9 247
9 376
9 434
9 501
9 555
9 589
10 0
10 1
10 5
10 17
10 22
10 24
10 50
10 74
10 106
10 243
10 246
10 290
10 304
10 451
10 519
10 530
10 628
10 727
10 864
10 876
10 926
11 2
11 9
11 8
11 14
11 27
11 29
11 40
11 49
11 53
11 57
11 72
11 91
11 103
11 168
11 171
11 201
11 309
11 315
11 346
11 455
11 609
11 769
11 803
12 1
12 2
12 0
12 14
12 43
12 59
12 60
12 66
12 71
12 110
12 115
12 122
12 156
12 174
12 280
12 362
12 364
12 503
12 669
12 729
12 759
12 762
12 907
13 7
13 0
13 9
13 56
13 59
13 64
13 68
13 71
13 115
13 119
13 125
13 155
13 188
13 207
13 340
13 423
13 440
13 474
13 507
13 683
13 833
13 834
13 946
14 12
14 8
14 11
14 29
14 31
14 55
14 73
14 93
14 101
14 170
14 176
14 221
14 231
14 253
14 284
14 371
14 376
14 397
14 431
14 607
14 709
14 748
14 775
15 2
15 8
15 7
15 17
15 18
15 20
15 35
15 39
15 43
15 44
15 45
15 52
15 62
15 93
15 106
15 108
15 116
15 117
15 147
15 166
15 216
15 326
15 330
16 6
16 7
16 3
16 20
16 21
16 42
16 51
16 52
16 53
16 57
16 69
16 89
16 91
16 96
16 135
16 138
16 156
16 235
16 260
16 333
16 357
16 420
16 432
17 4
17 15
17 10
17 68
17 79
17 143
17 172
17 204
17 237
17 336
17 416
17 548
18 5
18 1
18 15
18 23
18 26
18 28
18 47
18 86
18 104
18 115
18 123
18 133
18 179
18 285
18 330
18 397
18 409
18 518
18 592
18 682
18 737
18 951
19 4
19 7
19 9
19 41
19 45
19 53
19 66
19 159
19 194
19 219
19 244
19 258
19 287
19 319
19 369
19 447
19 739
19 747
19 775
19 853
19 895
19 973
20 16
20 15
20 1
20 24
20 28
20 35
20 39
20 51
20 83
20 85
20 139
20 150
20 155
20 166
20 171
20 173
20 200
20 216
20 286
20 325
20 338
20 354
20 376
21 16
21 7
21 1
21 52
21 99
21 122
21 134
21 171
21 384
21 467
21 490
21 642
21 671
21 694
21 703
21 760
21 861
21 929
22 10
22 6
22 2
22 27
22 32
22 61
22 69
22 70
22 74
22 81
22 99
22 143
22 197
22 275
22 300
22 313
22 466
22 540
22 579
22 613
22 640
22 650
22 753
23 2
23 0
23 18
23 97
23 109
23 116
23 123
23 138
23 276
23 311
23 383
23 445
23 619
23 644
24 2
24 20
24 10
24 25
24 38
24 44
24 107
24 140
24 346
24 373
24 419
24 693
25 1
25 24
25 8
25 36
25 47
25 123
25 161
25 183
25 209
25 527
25 553
25 684
25 848
25 892
26 1
26 18
26 2
26 153
26 179
26 196
26 286
26 549
26 786
26 819
27 4
27 11
27 22
27 41
27 46
27 54
27 76
27 122
27 459
27 697
27 715
28 20
28 18
28 1
28 37
28 38
28 43
28 50
28 100
28 119
28 245
28 306
28 350
28 352
28 414
28 497
28 516
28 535
28 979
29 7
29 14
29 11
29 41
29 49
29 106
29 111
29 168
29 176
29 180
29 182
29 237
29 283
29 349
29 426
29 535
29 536
29 737
29 742
29 793
29 851
29 958
30 8
30 6
30 0
30 32
30 33
30 46
30 48
30 56
30 75
30 98
30 118
30 130
30 132
30 153
30 181
30 225
30 271
30 284
30 314
30 342
30 355
30 438
30 465
31 6
31 7
31 14
31 34
31 65
31 81
31 86
31 89
31 117
31 132
31 162
31 271
31 303
31 400
31 434
31 563
31 641
31 656
31 755
31 922
31 965
32 30
32 8
32 22
32 35
32 40
32 61
32 77
32 81
32 96
32 140
32 157
32 185
32 224
32 264
32 267
32 465
32 509
32 631
32 810
32 955
33 5
33 8
33 30
33 57
33 75
33 120
33 269
33 546
33 662
33 875
34 31
34 1
34 5
34 48
34 92
34 127
34 151
34 253
34 294
34 398
34 471
34 635
34 748
34 758
35 15
35 20
35 32
35 42
35 62
35 90
35 147
35 187
35 253
35 317
35 632
35 692
35 786
35 868
35 899
36 5
36 25
36 9
36 38
36 48
36 54
36 58
36 80
36 102
36 190
36 257
36 266
36 293
36 305
36 313
36 359
36 388
36 413
36 481
36 503
36 661
37 8
37 28
37 5
37 50
37 112
37 149
37 252
37 363
37 599
37 758
38 24
38 28
38 36
38 78
38 80
38 126
38 174
38 190
38 360
38 498
38 741
38 978
39 15
39 9
39 20
39 176
39 203
39 499
39 504
39 599
39 809
39 966
40 11
40 7
40 32
40 113
40 265
40 662
41 29
41 27
41 19
41 47
41 51
41 56
41 61
41 77
41 148
41 178
41 197
41 402
41 476
41 487
41 523
41 561
41 611
41 646
41 688
41 699
41 714
41 720
41 946
42 35
42 4
42 16
42 46
42 82
42 159
42 238
42 334
42 478
42 480
42 517
42 861
43 12
43 15
43 28
43 149
43 200
43 211
43 232
43 250
43 361
43 369
43 568
43 692
43 766
43 808
43 904
44 15
44 24
44 8
44 45
44 49
44 55
44 58
44 72
44 73
44 120
44 151
44 168
44 296
44 297
44 365
44 439
44 666
44 711
44 949
45 19
45 15
45 44
45 63
45 119
45 160
45 172
45 208
45 355
45 513
45 771
45 902
45 907
46 27
46 42
46 30
46 55
46 74
46 102
46 127
46 210
46 290
46 348
46 354
46 637
46 898
46 905
46 957
47 41
47 25
47 18
47 63
47 75
47 108
47 131
47 295
47 307
47 364
47 414
47 458
47 492
47 721
47 932
48 34
48 36
48 30
48 54
48 127
48 128
48 181
48 327
48 452
48 661
48 670
48 733
48 782
48 920
49 11
49 44
49 29
49 70
49 87
49 111
49 124
49 161
49 531
49 547
50 37
50 28
50 10
50 85
50 228
50 319
50 445
50 686
50 967
51 41
51 16
51 20
51 60
51 84
51 96
51 97
51 369
51 543
51 555
51 648
51 865
52 15
52 16
52 21
52 85
52 114
52 145
52 323
52 366
52 404
52 427
52 485
52 568
52 573
52 590
52 727
52 970
53 16
53 11
53 19
53 67
53 84
53 94
53 100
53 164
53 260
53 371
53 447
53 631
53 807
53 985
54 27
54 48
54 36
54 65
54 94
54 102
54 121
54 184
54 225
54 296
54 392
54 844
54 981
55 46
55 44
55 14
55 186
55 485
55 707
55 722
55 770
56 30
56 41
56 13
56 337
56 348
56 517
57 16
57 33
57 11
57 206
57 292
57 482
57 593
57 830
57 945
58 36
58 2
58 44
58 71
58 98
58 129
58 334
58 389
58 391
58 931
59 2
59 13
59 12
59 77
59 100
59 243
59 372
59 520
59 619
59 622
59 936
60 9
60 51
60 12
60 62
60 65
60 182
60 256
60 389
60 761
60 783
60 951
61 41
61 32
61 22
61 86
61 235
61 508
61 552
61 859
62 15
62 60
62 35
62 72
62 76
62 78
62 80
62 98
62 99
62 116
62 117
62 144
62 150
62 205
62 210
62 249
62 263
62 293
62 443
62 477
62 482
62 497
62 536
63 1
63 47
63 45
63 64
63 67
63 105
63 179
63 244
63 299
63 759
63 766
63 806
64 2
64 13
64 63
64 82
64 118
64 133
64 142
64 165
64 169
64 347
64 393
65 31
65 60
65 54
65 103
65 245
65 513
65 524
65 557
65 707
65 812
65 964
66 19
66 8
66 12
66 129
66 143
66 234
66 278
66 341
66 452
66 488
67 63
67 53
67 5
67 89
67 92
67 126
67 308
67 335
67 412
67 491
67 562
67 658
67 928
67 971
68 17
68 13
68 7
68 148
68 183
68 371
68 435
68 450
68 477
68 576
69 22
69 16
69 7
69 90
69 101
69 205
69 395
70 49
70 0
70 22
70 79
70 95
70 224
70 316
70 324
70 433
70 492
70 528
70 532
70 711
70 845
70 900
71 12
71 13
71 58
71 167
71 254
71 265
71 282
71 299
71 392
71 655
71 713
71 878
72 11
72 44
72 62
72 88
72 95
72 195
72 271
72 408
72 690
72 857
73 14
73 4
73 44
73 88
73 94
73 209
73 215
73 223
73 252
73 281
73 323
73 363
73 568
73 805
74 46
74 10
74 22
74 340
74 554
74 695
75 30
75 33
75 47
75 87
75 109
75 303
75 379
75 625
75 639
75 898
76 27
76 62
76 0
76 84
76 104
76 110
76 137
76 158
76 420
76 657
76 899
77 59
77 41
77 32
77 93
77 227
77 276
77 306
77 392
77 492
77 612
77 663
77 974
78 5
78 62
78 38
78 97
78 192
78 244
78 279
78 345
78 487
78 537
78 572
78 765
78 846
79 5
79 70
79 17
79 105
79 144
79 169
79 201
79 293
79 339
79 430
79 634
79 856
80 62
80 36
80 38
80 135
80 196
80 459
80 657
80 739
80 799
80 865
81 22
81 32
81 31
81 95
81 139
81 150
81 247
82 64
82 42
82 1
82 107
82 149
82 178
82 260
82 596
82 705
83 20
83 1
83 0
83 101
83 109
83 215
83 269
83 426
83 537
83 627
83 719
84 53
84 51
84 76
84 152
84 291
84 593
84 621
84 679
84 986
85 52
85 50
85 20
85 104
85 187
85 225
85 326
85 547
85 561
85 761
86 18
86 31
86 61
86 211
86 213
86 240
86 274
86 472
86 668
86 850
87 49
87 1
87 75
87 112
87 113
87 134
87 141
87 162
87 235
87 239
87 281
87 298
87 351
87 411
87 595
88 72
88 73
88 9
88 130
88 163
88 415
88 658
88 697
89 16
89 67
89 31
89 103
89 326
89 398
89 580
89 651
89 665
90 8
90 69
90 35
90 120
90 145
90 175
90 184
90 272
90 321
90 410
90 558
91 16
91 7
91 11
91 108
91 140
91 189
91 194
91 356
91 401
91 415
91 462
91 509
91 717
91 844
91 943
92 34
92 1
92 67
92 191
92 338
92 682
92 838
92 846
92 849
93 15
93 77
93 14
93 230
93 237
93 336
93 399
93 479
93 509
93 512
93 523
94 73
94 53
94 54
94 141
94 152
94 186
94 198
94 204
94 274
94 304
94 343
94 407
94 417
94 850
94 872
94 912
94 982
95 81
95 72
95 70
95 187
95 258
95 259
95 454
95 502
95 684
95 729
95 884
95 952
96 32
96 51
96 16
96 391
96 591
96 811
96 868
96 904
97 23
97 78
97 51
97 132
97 175
97 238
97 462
97 480
97 552
97 703
98 30
98 58
98 62
98 134
98 331
98 887
98 942
99 21
99 62
99 22
99 126
99 243
99 269
99 522
99 704
99 772
100 28
100 53
100 59
100 105
100 124
100 473
100 496
100 577
100 826
101 83
101 14
101 69
101 163
101 277
101 327
101 603
101 648
101 675
101 920
101 956
102 54
102 46
102 36
102 112
102 189
102 210
102 220
102 229
102 378
102 448
102 595
102 872
102 972
103 89
103 11
103 65
103 154
103 257
103 395
104 18
104 76
104 85
104 131
104 157
104 934
105 63
105 100
105 79
105 136
105 160
105 167
105 424
105 438
105 490
105 506
105 571
105 704
105 709
105 782
106 29
106 15
106 10
106 128
106 193
106 231
106 351
106 352
106 647
107 6
107 24
107 82
107 189
107 266
107 456
107 534
107 641
107 908
107 915
108 91
108 47
108 15
108 236
108 251
108 268
108 288
108 340
108 681
108 763
109 75
109 23
109 83
109 135
109 673
109 909
110 76
110 2
110 12
110 118
110 142
110 192
110 226
110 227
110 285
110 379
110 702
110 973
111 49
111 8
111 29
111 178
111 184
111 212
111 390
111 838
112 102
112 87
112 37
112 125
112 410
112 626
112 646
112 940
113 87
113 40
113 8
113 130
113 175
113 200
113 214
113 745
113 780
113 794
113 958
113 983
114 2
114 52
114 1
114 232
114 505
114 765
114 815
114 941
115 12
115 18
115 13
115 195
115 219
115 350
115 367
115 580
115 852
116 15
116 62
116 23
116 222
116 780
116 990
117 62
117 15
117 31
117 124
117 159
117 188
117 193
117 199
117 310
117 368
117 648
117 884
118 30
118 110
118 64
118 121
118 141
119 13
119 45
119 28
119 156
119 204
119 231
119 233
119 343
119 591
119 858
120 33
120 90
120 44
120 164
120 232
120 411
120 442
120 468
120 559
120 874
121 7
121 118
121 54
121 313
121 693
122 12
122 27
122 21
122 170
122 383
122 836
122 848
123 18
123 23
123 25
123 456
123 539
123 572
123 779
123 959
124 49
124 100
124 117
124 163
124 216
124 295
124 806
124 874
125 13
125 9
125 112
125 177
125 198
125 224
125 255
125 810
126 67
126 38
126 99
126 154
126 251
126 264
126 442
126 507
126 584
126 708
126 820
126 890
126 921
127 48
127 34
127 46
127 128
127 183
127 206
127 286
127 328
127 414
127 476
127 484
127 671
127 679
127 708
128 127
128 106
128 48
128 155
128 382
128 800
129 2
129 66
129 58
129 208
129 418
129 575
129 856
129 962
130 88
130 30
130 113
130 151
130 190
130 218
130 222
130 248
130 511
131 104
131 8
131 47
131 152
131 162
131 289
131 360
131 390
131 688
131 790
131 866
132 97
132 30
132 31
132 142
132 154
132 191
132 555
132 620
133 18
133 64
133 2
133 166
133 481
133 527
133 630
134 87
134 98
134 21
134 137
134 145
134 164
134 174
134 185
134 203
134 221
134 229
134 450
134 473
134 589
134 609
134 645
134 785
134 855
135 80
135 109
135 16
135 186
135 221
135 226
135 230
135 275
135 288
135 329
135 407
135 477
135 524
136 8
136 105
136 6
136 220
136 364
136 490
136 676
137 4
137 134
137 76
137 170
137 177
137 321
138 16
138 23
138 2
138 158
138 217
138 328
138 711
139 81
139 1
139 20
139 217
139 263
139 753
139 902
140 24
140 32
140 91
140 165
140 208
140 261
140 633
140 834
140 854
141 118
141 94
141 87
141 341
141 373
141 403
142 64
142 110
142 132
142 202
142 284
142 322
142 365
142 380
142 386
142 389
142 470
142 554
142 567
142 642
142 820
142 893
143 22
143 66
143 17
143 217
143 252
143 633
143 800
143 827
144 62
144 1
144 79
144 153
144 409
145 52
145 134
145 90
145 180
145 222
145 246
145 257
145 494
145 690
145 724
145 750
145 823
145 927
146 9
146 5
146 4
146 277
146 280
146 719
146 853
147 35
147 15
147 2
147 335
147 372
147 543
147 894
148 7
148 68
148 41
148 207
148 311
148 357
148 464
148 663
148 675
148 942
149 82
149 43
149 37
149 350
149 360
149 510
149 542
149 712
150 81
150 62
150 20
150 223
150 696
150 743
150 829
151 34
151 130
151 44
151 525
151 553
151 689
152 94
152 131
152 84
152 279
152 404
152 452
152 520
152 614
152 650
152 662
152 675
152 772
152 888
153 30
153 144
153 26
153 254
153 259
153 332
153 338
153 583
153 788
153 813
153 894
153 907
153 911
154 103
154 126
154 132
154 165
154 247
154 250
154 279
154 325
154 436
154 694
154 871
154 899
154 939
154 950
154 994
155 13
155 128
155 20
155 297
155 344
155 984
156 119
156 12
156 16
156 202
156 302
156 353
156 394
156 875
157 32
157 104
157 8
157 375
157 451
157 546
158 76
158 138
158 8
158 299
158 317
159 117
159 42
159 19
159 255
159 258
159 508
159 511
159 514
159 644
160 5
160 105
160 45
160 199
160 496
161 9
161 25
161 49
161 188
161 295
161 374
161 403
161 441
161 442
161 529
161 583
161 818
162 87
162 31
162 131
162 214
162 427
162 777
162 862
162 905
163 101
163 124
163 88
163 249
163 384
163 391
163 790
164 53
164 134
164 120
164 226
164 361
164 407
164 623
164 712
165 154
165 140
165 64
165 302
165 432
165 612
165 672
165 685
165 977
166 15
166 20
166 133
166 218
166 267
166 615
166 910
166 921
167 105
167 3
167 71
167 215
167 229
167 240
167 332
167 464
167 550
167 567
167 605
167 706
168 11
168 29
168 44
168 193
168 298
168 301
168 377
169 64
169 79
169 1
169 172
169 206
169 308
169 331
169 387
169 548
169 794
169 840
170 14
170 122
170 137
170 173
170 202
170 211
170 256
170 309
170 314
170 322
170 677
171 11
171 21
171 20
171 240
171 307
171 390
171 541
171 728
172 169
172 45
172 17
172 245
172 248
172 267
172 466
172 526
172 588
172 665
173 170
173 5
173 20
173 228
173 289
173 304
174 134
174 12
174 38
174 361
174 433
174 695
174 992
175 113
175 90
175 97
175 241
175 264
175 403
175 431
175 511
175 746
175 936
175 945
176 29
176 39
176 14
176 757
176 910
177 137
177 5
177 125
177 220
177 230
177 272
177 311
177 348
177 444
177 522
178 82
178 111
178 41
178 241
178 282
178 375
178 402
178 585
178 874
178 987
179 63
179 26
179 18
179 366
179 506
179 724
180 29
180 8
180 145
180 191
180 219
180 312
180 358
180 616
181 30
181 48
181 8
181 182
181 359
181 437
181 532
181 587
181 694
182 60
182 181
182 29
182 356
182 358
182 560
182 645
182 749
183 25
183 127
183 68
183 265
183 451
183 495
183 594
183 831
183 862
183 865
183 880
184 54
184 90
184 111
184 320
184 397
184 505
184 591
184 956
184 975
185 134
185 32
185 2
185 401
185 420
185 718
185 824
186 94
186 55
186 135
186 233
186 234
186 467
187 35
187 95
187 85
187 212
187 218
187 236
187 262
187 297
187 404
187 551
187 558
187 652
188 117
188 161
188 13
188 256
188 342
188 418
188 557
188 985
189 107
189 91
189 102
189 396
189 410
189 580
190 38
190 36
190 130
190 575
191 92
191 132
191 180
191 261
191 470
191 493
191 609
191 837
191 867
191 930
192 6
192 78
192 110
192 292
192 435
192 437
192 754
192 840
193 117
193 106
193 168
193 378
193 422
193 685
193 744
193 877
193 955
194 91
194 9
194 19
194 197
194 241
194 315
194 349
194 629
194 911
195 115
195 0
195 72
195 198
195 201
195 328
195 370
196 80
196 26
196 8
196 282
196 310
196 514
196 631
196 808
196 883
196 999
197 194
197 22
197 41
197 532
197 647
198 195
198 125
198 94
198 246
198 248
198 273
198 278
198 285
198 325
198 460
198 467
198 486
198 515
198 839
198 876
198 948
199 8
199 160
199 117
199 242
199 308
199 315
199 368
199 381
199 388
199 530
199 602
200 20
200 113
200 43
200 254
200 262
200 358
200 728
200 752
200 890
201 195
201 79
201 11
201 710
202 142
202 156
202 170
202 203
202 305
202 342
202 418
202 644
202 653
203 39
203 134
203 202
203 703
203 726
204 119
204 94
204 17
204 207
204 228
204 238
204 601
204 854
205 69
205 9
205 62
205 259
206 57
206 169
206 127
206 266
206 289
206 300
206 475
206 991
207 204
207 148
207 13
207 449
207 581
207 618
207 654
208 45
208 129
208 140
209 9
209 25
209 73
209 421
209 668
210 102
210 62
210 46
210 306
210 494
210 768
210 776
210 891
211 43
211 170
211 86
211 347
211 381
211 526
211 924
211 933
212 111
212 5
212 187
212 453
212 816
213 9
213 86
213 3
213 533
213 947
214 113
214 162
214 5
214 227
214 307
214 513
215 83
215 167
215 73
215 323
215 990
216 20
216 124
216 15
216 239
216 272
216 335
217 143
217 139
217 138
217 465
217 493
217 803
217 842
218 166
218 130
218 187
218 288
218 386
218 406
218 474
218 755
219 180
219 19
219 115
219 339
220 136
220 102
220 177
220 273
220 398
220 446
220 559
220 571
221 135
221 14
221 134
221 233
221 498
221 686
221 961
222 116
222 130
222 145
222 757
222 926
223 73
223 8
223 150
223 303
223 416
223 428
224 70
224 32
224 125
224 239
224 354
225 85
225 30
225 54
225 262
225 372
225 440
225 617
226 164
226 110
226 135
226 388
226 411
226 500
226 540
227 214
227 77
227 110
227 427
227 549
227 565
228 50
228 204
228 173
228 445
228 498
228 534
228 588
229 102
229 167
229 134
229 277
229 318
229 438
229 443
229 446
229 502
229 590
229 614
230 135
230 177
230 93
230 345
230 379
230 384
230 430
230 677
230 699
230 797
230 812
230 885
231 106
231 14
231 119
231 855
232 120
232 43
232 114
232 345
232 385
232 406
232 474
232 483
232 647
232 740
233 186
233 221
233 119
233 249
233 318
233 501
233 586
233 667
233 680
233 778
233 923
234 66
234 0
234 186
234 425
234 596
235 16
235 61
235 87
235 268
235 359
235 691
236 187
236 108
236 6
236 290
237 17
237 93
237 29
238 204
238 42
238 97
238 270
238 312
239 216
239 87
239 224
239 273
239 341
239 387
239 472
239 643
239 689
239 802
239 869
239 935
239 969
240 167
240 171
240 86
240 320
240 470
240 895
241 175
241 194
241 178
241 585
242 4
242 199
242 6
242 316
242 370
242 718
243 99
243 10
243 59
244 19
244 78
244 63
244 261
244 270
244 300
244 368
244 544
244 594
244 896
245 172
245 65
245 28
245 255
246 10
246 198
246 145
246 550
246 968
247 9
247 81
247 154
247 251
247 569
247 620
247 745
247 887
248 172
248 130
248 198
248 314
248 994
249 62
249 233
249 163
249 352
249 434
250 43
250 154
250 5
250 356
250 575
250 601
250 653
250 723
251 247
251 108
251 126
251 378
251 486
251 567
251 574
251 787
252 73
252 143
252 37
252 499
252 851
253 35
253 34
253 14
253 280
254 71
254 200
254 153
254 278
254 320
254 698
255 125
255 159
255 245
255 393
255 863
256 170
256 188
256 60
256 386
256 482
256 605
256 608
256 813
256 877
257 145
257 103
257 36
257 533
257 988
258 19
258 159
258 95
258 302
258 343
258 416
258 562
258 915
259 205
259 153
259 95
260 53
260 16
260 82
260 292
260 553
260 815
260 871
260 966
261 140
261 244
261 191
261 602
261 616
262 225
262 200
262 187
263 62
263 1
263 139
263 317
263 318
263 848
264 32
264 126
264 175
264 332
264 421
264 761
264 819
265 71
265 183
265 40
265 301
265 429
265 750
265 891
265 952
266 206
266 107
266 36
266 324
266 399
266 603
267 32
267 166
267 172
267 443
267 544
268 1
268 235
268 108
268 321
268 375
268 666
268 928
269 83
269 33
269 99
269 333
269 504
269 505
269 678
269 743
270 244
270 238
270 5
270 301
270 529
270 639
270 994
271 31
271 30
271 72
271 683
272 216
272 90
272 177
272 412
272 471
273 239
273 198
273 220
273 287
273 417
273 486
273 499
273 578
273 628
273 967
274 0
274 86
274 94
274 316
274 363
274 563
274 785
275 22
275 135
275 5
275 569
276 5
276 23
276 77
277 146
277 101
277 229
277 593
277 667
277 836
277 950
278 66
278 254
278 198
278 357
278 366
278 374
278 382
278 539
278 749
278 988
279 78
279 154
279 152
279 344
279 491
279 578
279 625
280 253
280 146
280 12
280 408
280 821
281 87
281 73
281 5
281 319
282 178
282 196
282 71
282 383
283 5
283 4
283 29
283 422
283 687
283 847
283 892
284 30
284 14
284 142
284 437
284 610
284 682
284 860
284 933
285 110
285 18
285 198
285 322
285 330
285 380
285 800
286 127
286 20
286 26
287 273
287 8
287 19
287 409
287 426
287 551
287 885
288 218
288 135
288 108
288 309
288 463
288 909
289 173
289 131
289 206
289 298
289 337
289 661
289 792
290 236
290 10
290 46
290 413
290 541
290 664
290 826
291 84
291 3
291 5
291 331
292 57
292 260
292 192
292 436
292 732
292 825
293 79
293 36
293 62
293 478
294 34
294 8
294 2
295 47
295 124
295 161
295 305
296 4
296 44
296 54
296 327
296 450
296 833
297 155
297 44
297 187
297 587
297 841
298 289
298 87
298 168
298 656
299 71
299 63
299 158
299 329
299 362
299 413
299 483
299 570
299 590
299 747
300 244
300 22
300 206
300 461
300 725
301 168
301 270
301 265
301 329
301 535
301 710
301 841
302 165
302 258
302 156
302 425
302 622
303 75
303 223
303 31
303 312
303 850
303 889
304 173
304 94
304 10
304 758
305 295
305 202
305 36
305 336
305 396
305 402
305 429
305 502
305 690
305 883
306 77
306 210
306 28
306 419
306 768
306 770
306 867
307 171
307 47
307 214
307 669
307 888
308 67
308 199
308 169
308 370
308 600
309 170
309 11
309 288
309 406
309 538
310 117
310 1
310 196
310 405
310 666
310 763
310 774
310 880
311 23
311 177
311 148
311 500
311 829
312 180
312 238
312 303
312 523
312 625
313 22
313 36
313 121
314 170
314 248
314 30
314 495
315 11
315 199
315 194
315 334
315 377
315 598
316 274
316 242
316 70
316 573
317 35
317 263
317 158
317 953
318 263
318 229
318 233
318 362
318 556
319 281
319 50
319 19
319 541
319 562
319 564
320 240
320 254
320 184
320 344
320 385
320 538
321 90
321 268
321 137
321 603
321 606
321 713
322 285
322 170
322 142
322 353
322 432
322 561
322 733
323 73
323 52
323 215
323 526
323 592
323 638
324 70
324 266
324 7
324 339
324 429
324 670
325 20
325 154
325 198
325 537
326 15
326 85
326 89
326 428
326 932
327 101
327 296
327 48
327 353
327 365
327 720
327 864
327 908
328 195
328 127
328 138
329 299
329 301
329 135
329 428
329 579
329 582
330 15
330 18
330 285
330 959
331 291
331 169
331 98
331 394
331 412
332 153
332 264
332 167
332 380
332 430
332 469
332 560
332 654
332 748
332 777
333 269
333 6
333 16
333 382
333 489
333 584
333 789
333 903
334 58
334 42
334 315
334 355
334 415
334 424
334 696
334 929
335 147
335 67
335 216
335 400
335 485
336 17
336 93
336 305
336 515
336 563
336 870
337 289
337 56
337 8
337 905
337 985
338 20
338 153
338 92
338 607
338 685
338 723
338 987
339 324
339 219
339 79
339 433
339 859
339 938
340 13
340 74
340 108
340 446
340 447
340 457
341 66
341 141
341 239
341 436
341 524
341 886
342 30
342 188
342 202
343 94
343 258
343 119
343 387
343 435
343 734
344 279
344 155
344 320
345 78
345 232
345 230
345 405
345 643
345 673
345 746
346 15
346 11
346 24
346 495
346 525
346 754
346 787
346 793
347 2
347 64
347 211
347 405
347 697
347 857
347 925
348 46
348 177
348 56
348 835
348 916
349 194
349 29
349 7
349 667
349 734
350 28
350 149
350 115
350 454
351 106
351 87
351 8
351 773
352 28
352 249
352 106
352 775
352 923
353 322
353 156
353 327
354 224
354 46
354 20
354 448
354 460
354 542
354 806
355 334
355 30
355 45
355 521
355 573
355 738
356 250
356 91
356 182
356 377
356 417
356 491
356 529
356 832
357 278
357 16
357 148
357 620
357 843
357 876
358 180
358 182
358 200
358 606
358 965
359 181
359 36
359 235
360 131
360 149
360 38
360 528
360 566
360 579
361 43
361 174
361 164
361 373
361 444
361 696
361 928
362 299
362 12
362 318
362 381
362 487
362 629
362 705
363 73
363 37
363 274
363 399
363 751
364 47
364 136
364 12
364 479
364 570
364 615
365 44
365 142
365 327
365 400
365 634
365 712
365 959
366 179
366 52
366 278
366 367
366 530
366 693
367 8
367 115
367 366
367 872
367 960
368 117
368 244
368 199
368 721
368 944
369 19
369 43
369 51
369 660
370 195
370 242
370 308
371 53
371 68
371 14
371 374
371 500
371 605
371 804
372 147
372 225
372 59
372 525
372 680
373 141
373 361
373 24
373 521
373 581
374 161
374 371
374 278
374 475
374 835
374 949
375 157
375 178
375 268
375 466
376 14
376 20
376 9
376 479
376 678
376 716
377 356
377 315
377 168
377 649
377 679
378 102
378 193
378 251
378 395
378 441
378 589
379 230
379 75
379 110
379 837
379 930
380 332
380 285
380 142
380 519
380 610
380 886
381 199
381 211
381 362
381 551
382 278
382 333
382 128
383 282
383 23
383 122
383 801
384 230
384 163
384 21
384 458
385 8
385 320
385 232
385 480
385 618
386 256
386 218
386 142
387 169
387 239
387 343
387 521
388 36
388 199
388 226
388 444
388 608
388 704
389 142
389 60
389 58
389 574
389 939
390 131
390 171
390 111
391 58
391 163
391 96
391 461
391 464
391 476
391 545
391 897
391 984
392 71
392 77
392 54
392 460
392 506
393 64
393 1
393 255
394 2
394 156
394 331
394 632
395 103
395 69
395 378
395 578
395 587
395 688
395 832
395 839
395 864
396 189
396 5
396 305
396 698
396 731
397 18
397 14
397 184
397 684
398 34
398 89
398 220
399 266
399 93
399 363
399 713
400 365
400 31
400 335
400 719
400 730
401 91
401 185
401 3
401 468
402 41
402 178
402 305
402 636
402 774
402 991
403 141
403 161
403 175
403 421
404 152
404 52
404 187
404 439
404 715
404 795
405 310
405 347
405 345
405 424
405 892
406 309
406 232
406 218
406 501
407 135
407 164
407 94
407 425
407 489
407 560
407 583
407 859
408 72
408 7
408 280
409 144
409 18
409 287
409 517
409 577
409 619
410 90
410 189
410 112
411 120
411 87
411 226
411 691
411 759
411 760
411 845
411 987
412 331
412 272
412 67
412 522
412 717
412 778
412 809
413 290
413 299
413 36
413 455
413 484
413 846
414 127
414 28
414 47
414 439
414 484
414 650
414 763
414 784
414 868
415 91
415 334
415 88
415 845
415 998
416 17
416 223
416 258
416 621
416 869
416 960
417 273
417 356
417 94
417 540
417 613
417 723
417 736
418 188
418 129
418 202
419 2
419 24
419 306
420 76
420 185
420 16
420 494
421 264
421 209
421 403
421 632
422 283
422 193
422 7
422 600
423 5
423 8
423 13
423 617
423 797
423 857
423 903
424 334
424 405
424 105
425 302
425 234
425 407
425 459
425 997
426 83
426 287
426 29
426 471
426 481
426 516
426 804
426 836
426 878
427 162
427 227
427 52
427 581
427 739
427 802
428 326
428 329
428 223
428 554
428 641
429 324
429 305
429 265
429 503
429 674
429 734
429 741
429 816
429 849
429 970
430 332
430 230
430 79
430 472
430 531
430 796
430 817
430 906
430 933
430 957
431 14
431 7
431 175
431 636
431 814
432 165
432 322
432 16
432 577
432 923
433 70
433 174
433 339
433 448
433 455
433 458
433 565
433 585
433 818
433 947
434 249
434 31
434 9
434 621
434 673
434 873
434 897
435 343
435 68
435 192
435 586
436 154
436 292
436 341
436 520
436 597
436 642
436 917
437 181
437 192
437 284
438 105
438 30
438 229
438 672
438 853
438 955
439 44
439 404
439 414
439 615
439 628
439 746
440 225
440 15
440 13
440 449
440 566
441 161
441 7
441 378
441 449
441 463
441 604
441 618
441 623
441 756
442 161
442 120
442 126
442 980
443 229
443 267
443 62
443 604
444 177
444 388
444 361
444 463
444 510
444 564
444 574
444 839
444 884
445 50
445 228
445 23
445 461
446 340
446 220
446 229
446 518
446 629
446 698
447 340
447 53
447 19
447 473
447 922
448 102
448 433
448 354
448 453
448 918
449 207
449 441
449 440
449 565
449 847
450 68
450 296
450 134
451 10
451 157
451 183
451 453
451 518
452 66
452 152
452 48
452 516
452 726
452 752
452 784
452 824
453 212
453 448
453 451
453 539
453 556
453 652
453 677
454 350
454 0
454 95
454 612
454 613
454 930
455 11
455 433
455 413
455 483
455 980
455 981
456 123
456 107
456 15
456 811
456 898
457 16
457 3
457 340
457 967
458 47
458 384
458 433
459 27
459 80
459 425
459 475
459 552
460 354
460 198
460 392
460 519
461 300
461 391
461 445
461 536
462 20
462 97
462 91
462 595
462 977
463 441
463 444
463 288
464 167
464 148
464 391
464 545
464 638
464 686
465 217
465 32
465 30
465 643
466 375
466 172
466 22
466 571
466 596
466 834
467 198
467 21
467 186
467 814
467 917
468 401
468 120
468 3
469 20
469 1
469 332
469 576
469 766
469 791
470 240
470 191
470 142
470 547
470 614
470 847
471 34
471 426
471 272
471 655
471 744
471 773
471 781
472 430
472 239
472 86
472 508
472 668
473 100
473 134
473 447
474 232
474 218
474 13
474 796
475 206
475 459
475 374
475 493
476 41
476 127
476 391
476 488
476 779
476 788
477 68
477 62
477 135
477 671
477 840
478 293
478 42
478 15
479 364
479 93
479 376
480 42
480 97
480 385
480 939
480 953
481 36
481 133
481 426
481 637
481 900
482 62
482 256
482 57
483 455
483 232
483 299
484 127
484 414
484 413
484 584
484 699
485 52
485 335
485 55
485 558
485 879
486 198
486 273
486 251
486 488
487 78
487 41
487 362
487 497
487 821
488 66
488 486
488 476
488 504
488 510
488 649
488 660
488 664
488 725
488 754
488 827
489 30
489 333
489 407
489 750
489 910
490 21
490 136
490 105
490 528
490 566
491 67
491 356
491 279
491 512
491 674
492 47
492 70
492 77
492 611
492 788
492 808
493 217
493 191
493 475
493 883
494 210
494 420
494 145
494 548
494 830
494 993
495 346
495 183
495 314
496 160
496 100
496 15
497 62
497 487
497 28
497 582
497 607
497 670
498 38
498 221
498 228
498 738
499 39
499 252
499 273
499 543
499 777
500 311
500 371
500 226
500 550
500 683
501 406
501 233
501 9
502 229
502 305
502 95
502 634
502 676
503 429
503 36
503 12
503 849
504 39
504 269
504 488
504 627
504 798
505 184
505 269
505 114
505 749
505 751
505 837
505 843
505 940
506 105
506 179
506 392
506 569
507 13
507 3
507 126
508 159
508 61
508 472
508 769
509 93
509 91
509 32
509 770
509 894
509 915
510 488
510 149
510 444
510 556
510 724
511 175
511 130
511 159
511 672
511 831
511 835
512 15
512 93
512 491
513 214
513 45
513 65
513 533
513 633
513 778
513 902
513 913
513 938
514 196
514 159
514 16
515 336
515 20
515 198
516 426
516 452
516 28
516 735
516 879
516 983
517 409
517 56
517 42
517 784
518 446
518 18
518 451
518 891
518 922
519 10
519 460
519 380
519 714
520 152
520 436
520 59
520 604
520 774
520 791
521 387
521 355
521 373
521 742
521 996
522 99
522 177
522 412
522 802
523 312
523 93
523 41
523 812
524 135
524 341
524 65
525 372
525 346
525 151
525 776
526 323
526 211
526 172
526 663
527 25
527 133
527 30
527 534
527 870
528 360
528 490
528 70
528 649
528 904
529 270
529 356
529 161
529 700
529 752
530 10
530 199
530 366
530 542
530 914
531 430
531 49
531 3
531 701
532 181
532 197
532 70
532 655
532 744
533 513
533 213
533 257
534 107
534 228
534 527
534 827
534 886
534 976
535 301
535 28
535 29
535 681
535 937
535 978
536 62
536 461
536 29
536 564
537 83
537 78
537 325
538 30
538 309
538 320
539 123
539 453
539 278
539 765
539 889
540 22
540 417
540 226
540 829
540 909
541 319
541 290
541 171
541 830
542 354
542 149
542 530
542 586
543 147
543 499
543 51
543 546
543 880
544 244
544 267
544 8
544 771
544 954
545 391
545 464
545 6
545 623
545 658
545 735
546 157
546 543
546 33
547 49
547 470
547 85
547 860
547 972
548 17
548 169
548 494
549 20
549 227
549 26
549 842
549 976
550 500
550 167
550 246
550 946
551 187
551 381
551 287
551 638
551 982
552 459
552 61
552 97
552 974
553 260
553 25
553 151
553 651
554 142
554 74
554 428
554 611
554 914
555 9
555 51
555 132
555 597
555 669
556 318
556 453
556 510
556 687
556 725
557 1
557 65
557 188
557 592
558 90
558 187
558 485
558 572
558 608
559 0
559 220
559 120
559 597
559 817
560 182
560 332
560 407
560 916
561 322
561 41
561 85
561 601
562 67
562 258
562 319
562 657
562 720
563 31
563 336
563 274
563 706
563 927
564 536
564 444
564 319
564 799
565 227
565 449
565 433
565 610
565 780
565 935
566 490
566 360
566 440
567 167
567 142
567 251
567 729
567 767
567 862
568 43
568 73
568 52
568 570
568 781
568 790
569 275
569 247
569 506
569 646
570 568
570 299
570 364
571 220
571 105
571 466
571 654
572 558
572 78
572 123
572 637
572 878
573 355
573 316
573 52
573 817
574 444
574 251
574 389
574 598
574 659
574 801
574 903
575 129
575 190
575 250
575 616
575 676
575 755
575 792
575 809
576 469
576 68
576 62
577 432
577 100
577 409
578 395
578 273
578 279
578 950
579 22
579 360
579 329
579 624
580 89
580 189
580 115
580 722
581 373
581 427
581 207
581 600
581 863
581 920
582 329
582 0
582 497
582 756
583 153
583 407
583 161
583 626
583 709
584 333
584 484
584 126
585 178
585 433
585 241
585 745
586 233
586 435
586 542
586 740
587 181
587 297
587 395
588 228
588 20
588 172
589 134
589 378
589 9
590 299
590 229
590 52
590 624
590 664
590 791
591 184
591 119
591 96
591 786
592 323
592 557
592 18
592 692
592 742
593 84
593 57
593 277
593 945
594 244
594 183
594 9
594 710
594 716
595 462
595 102
595 87
596 466
596 82
596 234
596 805
597 559
597 436
597 555
597 935
598 315
598 574
598 4
599 39
599 1
599 37
599 819
600 308
600 422
600 581
601 561
601 250
601 204
601 798
602 261
602 199
602 4
602 700
602 825
602 828
603 101
603 321
603 266
603 606
604 520
604 441
604 443
604 783
605 371
605 256
605 167
605 914
606 603
606 358
606 321
606 881
607 497
607 14
607 338
607 695
608 256
608 558
608 388
608 732
608 908
609 11
609 134
609 191
609 747
610 565
610 380
610 284
611 492
611 41
611 554
612 454
612 165
612 77
612 702
612 901
613 22
613 417
613 454
613 701
613 708
613 737
614 470
614 152
614 229
615 364
615 166
615 439
616 575
616 261
616 180
617 225
617 423
617 2
617 897
617 906
617 995
618 385
618 441
618 207
618 731
618 974
619 23
619 409
619 59
619 645
619 674
619 826
620 357
620 247
620 132
621 434
621 84
621 416
621 796
621 873
622 59
622 30
622 302
623 545
623 441
623 164
623 707
624 9
624 579
624 590
625 312
625 279
625 75
625 630
626 2
626 583
626 112
627 504
627 83
627 5
627 736
628 439
628 273
628 10
628 736
628 877
629 194
629 362
629 446
630 133
630 1
630 625
630 651
630 911
631 196
631 53
631 32
632 394
632 35
632 421
632 912
633 513
633 143
633 140
633 731
634 365
634 502
634 79
634 799
635 34
635 15
635 5
635 947
636 431
636 3
636 402
636 769
637 46
637 572
637 481
637 702
637 968
638 464
638 551
638 323
638 855
638 925
639 0
639 270
639 75
639 653
640 9
640 1
640 22
640 656
640 785
641 31
641 428
641 107
642 21
642 436
642 142
642 767
642 823
642 869
643 345
643 239
643 465
643 969
644 202
644 23
644 159
644 771
644 823
645 182
645 134
645 619
645 961
645 969
646 569
646 41
646 112
646 735
646 789
646 805
646 931
647 106
647 197
647 232
647 832
648 101
648 117
648 51
649 528
649 377
649 488
649 659
649 743
649 794
650 152
650 22
650 414
651 630
651 89
651 553
652 187
652 453
652 16
653 202
653 639
653 250
653 934
654 207
654 332
654 571
655 71
655 471
655 532
655 659
655 660
655 833
656 298
656 640
656 31
656 944
657 76
657 80
657 562
657 705
657 925
658 67
658 88
658 545
658 714
658 941
659 649
659 574
659 655
659 665
659 687
660 369
660 655
660 488
660 924
661 36
661 48
661 289
661 691
662 40
662 152
662 33
662 680
663 148
663 526
663 77
663 730
664 590
664 290
664 488
664 989
665 659
665 89
665 172
666 268
666 310
666 44
667 349
667 233
667 277
668 472
668 209
668 86
669 307
669 12
669 555
669 895
670 324
670 497
670 48
671 127
671 477
671 21
671 851
672 438
672 511
672 165
673 109
673 345
673 434
674 619
674 491
674 429
674 792
674 797
675 152
675 148
675 101
675 822
675 966
675 971
676 502
676 136
676 575
676 828
677 453
677 170
677 230
678 269
678 30
678 376
679 84
679 127
679 377
679 689
680 372
680 662
680 233
681 535
681 108
681 20
682 92
682 18
682 284
683 500
683 271
683 13
683 701
684 95
684 397
684 25
684 995
685 165
685 193
685 338
685 828
686 221
686 464
686 50
686 718
686 924
686 944
687 659
687 556
687 283
687 811
688 395
688 41
688 131
688 989
689 151
689 239
689 679
689 879
689 962
690 305
690 72
690 145
690 822
690 852
691 661
691 235
691 411
691 740
692 43
692 592
692 35
692 919
692 993
693 121
693 366
693 24
693 706
693 738
694 21
694 154
694 181
695 174
695 607
695 74
696 150
696 361
696 334
696 887
697 88
697 27
697 347
697 978
698 254
698 396
698 446
699 41
699 230
699 484
699 732
699 733
699 764
700 8
700 602
700 529
700 722
701 683
701 613
701 531
701 889
702 637
702 612
702 110
703 21
703 97
703 203
703 843
703 882
704 99
704 388
704 105
705 657
705 82
705 362
706 693
706 563
706 167
706 715
707 623
707 55
707 65
708 126
708 613
708 127
708 756
708 866
709 14
709 583
709 105
710 201
710 594
710 301
710 782
710 820
711 138
711 70
711 44
711 717
712 164
712 365
712 149
712 776
712 931
713 71
713 399
713 321
713 810
713 814
714 519
714 41
714 658
714 757
715 27
715 706
715 404
716 376
716 20
716 594
716 751
716 821
716 881
717 91
717 711
717 412
718 242
718 686
718 185
718 779
719 83
719 146
719 400
719 721
719 798
719 953
720 41
720 327
720 562
720 818
721 47
721 719
721 368
721 764
722 55
722 700
722 580
722 762
723 417
723 250
723 338
723 741
724 145
724 179
724 510
724 963
725 488
725 556
725 300
725 803
726 203
726 16
726 452
726 807
726 854
727 4
727 10
727 52
727 728
727 781
727 972
728 171
728 727
728 200
729 12
729 567
729 95
729 730
729 858
730 400
730 663
730 729
731 618
731 633
731 396
731 881
732 699
732 292
732 608
733 322
733 699
733 48
733 873
734 349
734 343
734 429
734 988
735 646
735 545
735 516
736 627
736 628
736 417
737 613
737 18
737 29
738 355
738 693
738 498
739 80
739 427
739 19
740 586
740 691
740 232
740 942
741 429
741 38
741 723
741 861
742 29
742 592
742 521
743 649
743 150
743 269
744 532
744 471
744 193
744 795
744 917
745 113
745 247
745 585
745 912
746 439
746 175
746 345
746 813
746 997
747 609
747 19
747 299
748 332
748 14
748 34
748 885
749 278
749 505
749 182
750 489
750 265
750 145
751 363
751 716
751 505
751 986
752 200
752 529
752 452
752 816
753 22
753 139
753 3
753 764
753 875
754 488
754 192
754 346
754 893
755 31
755 218
755 575
756 441
756 708
756 582
757 714
757 176
757 222
758 304
758 34
758 37
758 882
758 952
759 63
759 12
759 411
760 21
760 411
760 3
760 844
761 85
761 60
761 264
762 1
762 722
762 12
763 108
763 310
763 414
763 822
763 989
764 753
764 721
764 699
764 971
765 539
765 114
765 78
765 856
766 469
766 63
766 43
766 789
767 642
767 567
767 22
768 4
768 210
768 306
768 831
769 636
769 508
769 11
769 941
769 943
769 992
770 55
770 509
770 306
771 544
771 644
771 45
772 99
772 152
772 4
772 773
773 772
773 471
773 351
774 402
774 520
774 310
775 19
775 14
775 352
776 210
776 712
776 525
777 162
777 332
777 499
778 513
778 233
778 412
778 888
779 718
779 476
779 123
779 783
780 116
780 113
780 565
781 727
781 471
781 568
781 986
782 710
782 48
782 105
783 60
783 779
783 604
784 452
784 517
784 414
785 640
785 274
785 134
786 26
786 591
786 35
787 346
787 16
787 251
788 492
788 476
788 153
789 646
789 333
789 766
790 163
790 131
790 568
790 913
790 918
791 469
791 590
791 520
792 575
792 674
792 289
793 29
793 346
793 9
794 113
794 649
794 169
795 30
795 744
795 404
796 621
796 430
796 474
797 423
797 674
797 230
797 929
797 973
798 504
798 719
798 601
799 80
799 634
799 564
799 918
800 128
800 285
800 143
801 20
801 383
801 574
801 896
802 427
802 522
802 239
802 949
802 951
803 217
803 725
803 11
804 371
804 426
804 7
805 596
805 646
805 73
806 63
806 124
806 354
807 5
807 726
807 53
808 492
808 196
808 43
808 906
809 412
809 39
809 575
809 825
810 713
810 125
810 32
810 937
811 96
811 456
811 687
812 65
812 230
812 523
813 153
813 746
813 256
813 824
814 713
814 431
814 467
815 22
815 260
815 114
816 212
816 752
816 429
816 919
817 573
817 430
817 559
818 720
818 161
818 433
819 264
819 599
819 26
820 710
820 142
820 126
821 280
821 716
821 487
822 675
822 763
822 690
823 644
823 642
823 145
824 185
824 813
824 452
825 292
825 809
825 602
826 290
826 619
826 100
827 488
827 143
827 534
827 841
828 602
828 676
828 685
829 150
829 540
829 311
829 870
829 934
830 541
830 494
830 57
830 871
830 979
831 183
831 511
831 768
832 647
832 395
832 356
833 655
833 13
833 296
834 13
834 140
834 466
835 348
835 374
835 511
836 122
836 426
836 277
837 191
837 505
837 379
838 111
838 92
838 16
839 395
839 444
839 198
839 932
840 192
840 477
840 169
841 301
841 827
841 297
842 549
842 0
842 217
843 703
843 505
843 357
844 760
844 54
844 91
845 415
845 70
845 411
846 92
846 78
846 413
847 283
847 470
847 449
848 122
848 263
848 25
849 92
849 429
849 503
850 303
850 94
850 86
850 998
851 29
851 252
851 671
851 956
852 3
852 690
852 115
853 146
853 438
853 19
854 204
854 726
854 140
854 900
855 638
855 134
855 231
856 79
856 129
856 765
857 347
857 423
857 72
857 964
858 729
858 5
858 119
859 407
859 61
859 339
860 284
860 4
860 547
860 984
861 741
861 42
861 21
862 183
862 162
862 567
862 980
863 22
863 255
863 581
863 882
863 997
864 10
864 395
864 327
865 51
865 80
865 183
866 131
866 708
866 5
866 999
867 306
867 0
867 191
867 993
868 414
868 96
868 35
868 996
869 239
869 642
869 416
870 829
870 336
870 527
871 830
871 260
871 154
871 940
872 367
872 94
872 102
873 733
873 434
873 621
874 120
874 124
874 178
875 753
875 156
875 33
876 357
876 10
876 198
877 193
877 628
877 256
878 426
878 572
878 71
879 516
879 689
879 485
880 543
880 310
880 183
880 963
881 731
881 606
881 716
882 703
882 863
882 758
883 196
883 493
883 305
883 901
884 444
884 117
884 95
885 287
885 748
885 230
886 341
886 534
886 380
887 696
887 98
887 247
887 901
888 152
888 307
888 778
889 303
889 539
889 701
890 126
890 200
890 5
891 210
891 518
891 265
891 916
891 961
892 283
892 405
892 25
892 992
893 16
893 142
893 754
894 509
894 147
894 153
894 943
895 669
895 240
895 19
896 801
896 6
896 244
897 434
897 391
897 617
897 991
898 46
898 456
898 75
899 76
899 35
899 154
900 481
900 70
900 854
901 883
901 887
901 612
902 513
902 139
902 45
903 333
903 574
903 423
903 921
904 528
904 43
904 96
905 46
905 162
905 337
905 958
906 430
906 617
906 808
906 999
907 153
907 12
907 45
908 608
908 107
908 327
909 540
909 288
909 109
910 489
910 176
910 166
911 630
911 153
911 194
912 632
912 745
912 94
912 975
913 9
913 790
913 513
914 605
914 554
914 530
915 107
915 509
915 258
916 348
916 560
916 891
917 436
917 744
917 467
918 790
918 448
918 799
919 816
919 692
919 0
920 48
920 581
920 101
921 126
921 166
921 903
921 964
922 447
922 31
922 518
923 233
923 352
923 432
924 686
924 211
924 660
925 347
925 638
925 657
925 976
926 222
926 0
926 10
927 563
927 1
927 145
928 361
928 67
928 268
929 21
929 797
929 334
930 379
930 454
930 191
930 937
931 646
931 712
931 58
932 839
932 47
932 326
933 211
933 430
933 284
934 829
934 653
934 104
935 239
935 597
935 565
936 11
936 175
936 59
937 535
937 930
937 810
938 513
938 1
938 339
938 957
939 154
939 480
939 389
940 505
940 871
940 112
941 114
941 769
941 658
942 148
942 98
942 740
943 91
943 769
943 894
944 368
944 686
944 656
945 593
945 175
945 57
946 550
946 41
946 13
947 213
947 433
947 635
948 13
948 0
948 198
948 960
949 374
949 44
949 802
950 154
950 277
950 578
951 802
951 60
951 18
952 758
952 265
952 95
952 981
953 317
953 719
953 480
954 3
954 544
954 30
955 438
955 32
955 193
956 101
956 184
956 851
957 46
957 938
957 430
958 113
958 905
958 29
959 365
959 330
959 123
959 965
960 416
960 367
960 948
961 645
961 221
961 891
962 129
962 11
962 689
963 724
963 8
963 880
964 65
964 921
964 857
965 31
965 959
965 358
966 39
966 260
966 675
967 273
967 50
967 457
968 246
968 637
968 16
969 643
969 239
969 645
970 4
970 429
970 52
970 977
971 764
971 675
971 67
971 996
972 547
972 102
972 727
973 19
973 797
973 110
974 552
974 77
974 618
975 184
975 912
975 30
976 549
976 534
976 925
977 970
977 165
977 462
978 697
978 535
978 38
979 0
979 830
979 28
980 862
980 442
980 455
981 455
981 952
981 54
982 5
982 94
982 551
983 516
983 11
983 113
984 860
984 155
984 391
985 53
985 188
985 337
986 751
986 84
986 781
987 411
987 178
987 338
988 257
988 734
988 278
989 688
989 763
989 664
990 16
990 215
990 116
991 402
991 897
991 206
992 174
992 892
992 769
993 867
993 494
993 692
994 154
994 270
994 248
995 684
995 9
995 617
996 868
996 521
996 971
997 746
997 863
997 425
998 850
998 415
998 7
999 866
999 196
999 906
