0 1
1 0
2 0
2 1
3 1
3 0
3 2
4 2
4 3
4 0
5 2
5 0
5 3
6 0
6 3
6 4
7 4
7 2
7 3
8 0
8 1
8 2
9 0
9 3
9 2
10 0
10 1
10 4
11 0
11 8
11 2
12 2
12 4
12 8
13 2
13 1
13 12
14 3
14 6
14 13
15 1
15 0
15 12
16 11
16 0
16 6
17 0
17 3
17 10
18 17
18 14
18 4
19 0
19 10
19 2
20 4
20 3
20 15
21 7
21 0
21 6
22 15
22 0
22 4
23 0
23 9
23 7
24 6
24 21
24 0
25 1
25 21
25 9
26 18
26 24
26 0
27 6
27 14
27 21
28 26
28 21
28 22
29 3
29 0
29 19
30 22
30 6
30 15
31 28
31 5
31 1
32 24
32 3
32 25
33 23
33 32
33 17
34 14
34 15
34 24
35 0
35 32
35 4
36 4
36 24
36 12
37 35
37 10
37 15
38 13
38 20
38 35
39 15
39 3
39 19
40 13
40 37
40 19
41 4
41 36
41 12
42 18
42 6
42 29
43 1
43 13
43 6
44 10
44 24
44 14
45 10
45 29
45 17
46 1
46 31
46 20
47 12
47 40
47 3
48 43
48 24
48 1
49 30
49 6
49 3
50 48
50 0
50 16
51 35
51 4
51 0
52 33
52 21
52 12
53 17
53 6
53 35
54 51
54 6
54 17
55 35
55 4
55 2
56 3
56 31
56 0
57 25
57 55
57 49
58 10
58 1
58 2
59 45
59 4
59 12
60 45
60 4
60 20
61 31
61 1
61 43
62 28
62 12
62 17
63 13
63 2
63 6
64 3
64 56
64 26
65 62
65 3
65 2
66 4
66 51
66 10
67 26
67 19
67 0
68 20
68 0
68 22
69 2
69 14
69 0
70 6
70 17
70 0
71 26
71 11
71 3
72 19
72 1
72 6
73 3
73 20
73 43
74 0
74 55
74 60
75 18
75 48
75 4
76 15
76 31
76 60
77 53
77 12
77 35
78 2
78 44
78 15
79 60
79 62
79 78
80 79
80 0
80 63
81 11
81 52
81 16
82 11
82 81
82 17
83 7
83 0
83 3
84 52
84 66
84 5
85 24
85 4
85 6
86 44
86 3
86 17
87 83
87 67
87 14
88 70
88 7
88 31
89 3
89 45
89 38
90 7
90 28
90 0
91 18
91 21
91 19
92 70
92 16
92 89
93 60
93 26
93 29
94 66
94 37
94 45
95 19
95 3
95 25
96 88
96 46
96 28
97 44
97 72
97 32
98 12
98 63
98 6
99 27
99 58
99 1
100 13
100 4
100 17
101 97
101 96
101 3
102 2
102 11
102 26
103 14
103 7
103 35
104 69
104 92
104 29
105 13
105 20
105 38
106 72
106 49
106 1
107 84
107 4
107 3
108 33
108 71
108 2
109 4
109 44
109 52
110 108
110 3
110 38
111 0
111 4
111 23
112 21
112 19
112 105
113 4
113 58
113 101
114 24
114 51
114 20
115 98
115 10
115 37
116 71
116 37
116 1
117 94
117 49
117 15
118 6
118 58
118 53
119 36
119 21
119 112
120 60
120 12
120 111
121 55
121 0
121 60
122 13
122 19
122 4
123 28
123 98
123 58
124 106
124 11
124 79
125 2
125 117
125 107
126 26
126 35
126 28
127 6
127 15
127 24
128 0
128 39
128 60
129 26
129 11
129 23
130 46
130 120
130 24
131 102
131 33
131 11
132 79
132 20
132 7
133 92
133 112
133 128
134 21
134 128
134 37
135 134
135 58
135 8
136 19
136 29
136 17
137 1
137 2
137 0
138 17
138 62
138 4
139 12
139 49
139 2
140 19
140 29
140 36
141 7
141 37
141 6
142 20
142 122
142 107
143 86
143 60
143 19
144 31
144 39
144 54
145 112
145 52
145 1
146 0
146 3
146 1
147 55
147 27
147 99
148 29
148 22
148 6
149 22
149 145
149 62
150 107
150 117
150 132
151 6
151 0
151 102
152 98
152 66
152 99
153 15
153 68
153 18
154 12
154 103
154 21
155 122
155 47
155 126
156 63
156 64
156 26
157 58
157 26
157 8
158 35
158 134
158 56
159 4
159 135
159 47
160 80
160 18
160 29
161 45
161 4
161 144
162 0
162 117
162 82
163 145
163 109
163 0
164 122
164 89
164 146
165 107
165 15
165 47
166 1
166 109
166 13
167 141
167 165
167 117
168 84
168 166
168 0
169 10
169 79
169 33
170 8
170 17
170 148
171 52
171 161
171 30
172 145
172 35
172 22
173 163
173 43
173 127
174 112
174 44
174 62
175 0
175 4
175 15
176 98
176 140
176 60
177 40
177 18
177 148
178 22
178 128
178 106
179 85
179 44
179 1
180 31
180 24
180 79
181 18
181 79
181 19
182 152
182 3
182 19
183 24
183 19
183 3
184 102
184 117
184 36
185 180
185 109
185 179
186 168
186 95
186 81
187 157
187 3
187 1
188 1
188 0
188 81
189 37
189 42
189 117
190 22
190 26
190 188
191 13
191 0
191 125
192 3
192 125
192 27
193 0
193 55
193 48
194 3
194 13
194 35
195 62
195 13
195 157
196 164
196 65
196 24
197 33
197 195
197 3
198 4
198 43
198 105
199 2
199 133
199 15
200 118
200 134
200 37
201 159
201 102
201 2
202 44
202 24
202 4
203 32
203 141
203 16
204 44
204 88
204 109
205 6
205 41
205 104
206 24
206 85
206 29
207 146
207 2
207 154
208 92
208 2
208 0
209 90
209 7
209 201
210 0
210 9
210 175
211 58
211 117
211 63
212 101
212 5
212 1
213 118
213 62
213 0
214 23
214 3
214 17
215 6
215 13
215 60
216 175
216 13
216 174
217 47
217 193
217 51
218 1
218 67
218 139
219 0
219 32
219 15
220 62
220 20
220 74
221 164
221 55
221 134
222 6
222 165
222 95
223 4
223 36
223 37
224 188
224 21
224 66
225 186
225 13
225 52
226 12
226 168
226 35
227 219
227 63
227 16
228 71
228 38
228 26
229 184
229 38
229 9
230 128
230 227
230 4
231 4
231 152
231 163
232 2
232 21
232 160
233 37
233 187
233 13
234 33
234 201
234 117
235 44
235 14
235 6
236 46
236 17
236 30
237 6
237 200
237 150
238 13
238 93
238 67
239 45
239 187
239 29
240 0
240 30
240 9
241 96
241 69
241 209
242 18
242 0
242 33
243 44
243 154
243 224
244 53
244 141
244 123
245 97
245 31
245 49
246 229
246 175
246 8
247 93
247 113
247 195
248 0
248 123
248 62
249 77
249 92
249 11
250 83
250 21
250 6
251 72
251 131
251 3
252 40
252 185
252 220
253 114
253 6
253 9
254 68
254 13
254 144
255 162
255 1
255 3
256 15
256 60
256 207
257 101
257 52
257 23
258 199
258 4
258 31
259 4
259 83
259 10
260 6
260 240
260 2
261 17
261 15
261 62
262 139
262 182
262 82
263 74
263 6
263 0
264 88
264 203
264 168
265 110
265 66
265 244
266 192
266 4
266 150
267 48
267 109
267 2
268 127
268 139
268 12
269 32
269 187
269 144
270 1
270 120
270 99
271 92
271 161
271 83
272 174
272 63
272 3
273 178
273 201
273 35
274 1
274 4
274 92
275 187
275 7
275 62
276 41
276 55
276 146
277 251
277 16
277 181
278 86
278 24
278 20
279 1
279 6
279 272
280 191
280 0
280 91
281 27
281 13
281 8
282 28
282 23
282 47
283 33
283 31
283 2
284 200
284 52
284 14
285 179
285 140
285 28
286 118
286 277
286 249
287 45
287 0
287 120
288 53
288 187
288 186
289 5
289 45
289 4
290 26
290 98
290 125
291 165
291 104
291 63
292 38
292 10
292 228
293 163
293 78
293 95
294 261
294 152
294 220
295 0
295 60
295 12
296 255
296 173
296 262
297 235
297 296
297 13
298 3
298 163
298 37
299 254
299 21
299 0
300 106
300 12
300 213
301 109
301 207
301 222
302 19
302 52
302 62
303 128
303 62
303 48
304 234
304 4
304 236
305 92
305 38
305 157
306 234
306 191
306 55
307 112
307 17
307 0
308 208
308 296
308 133
309 107
309 195
309 49
310 227
310 178
310 167
311 38
311 17
311 124
312 96
312 21
312 15
313 0
313 32
313 122
314 313
314 137
314 236
315 35
315 79
315 165
316 13
316 4
316 15
317 145
317 49
317 7
318 164
318 257
318 0
319 55
319 146
319 4
320 15
320 7
320 165
321 129
321 188
321 0
322 219
322 152
322 140
323 192
323 322
323 15
324 316
324 46
324 297
325 24
325 126
325 63
326 289
326 7
326 250
327 316
327 274
327 109
328 72
328 308
328 24
329 218
329 276
329 85
330 10
330 276
330 241
331 113
331 109
331 207
332 33
332 21
332 0
333 166
333 0
333 1
334 190
334 53
334 18
335 140
335 2
335 7
336 319
336 265
336 27
337 116
337 103
337 2
338 0
338 156
338 162
339 79
339 1
339 8
340 243
340 29
340 37
341 254
341 38
341 107
342 14
342 76
342 134
343 10
343 7
343 279
344 9
344 330
344 21
345 15
345 95
345 202
346 4
346 24
346 83
347 20
347 41
347 100
348 20
348 59
348 308
349 47
349 102
349 122
350 203
350 244
350 138
351 6
351 272
351 74
352 186
352 71
352 74
353 4
353 42
353 202
354 200
354 159
354 0
355 325
355 28
355 39
356 21
356 267
356 4
357 190
357 0
357 119
358 122
358 163
358 191
359 21
359 243
359 264
360 321
360 63
360 348
361 1
361 345
361 21
362 105
362 329
362 117
363 21
363 2
363 17
364 37
364 325
364 128
365 299
365 79
365 118
366 118
366 220
366 128
367 308
367 87
367 38
368 7
368 194
368 221
369 262
369 312
369 116
370 22
370 94
370 255
371 200
371 272
371 24
372 250
372 219
372 106
373 7
373 14
373 107
374 44
374 115
374 289
375 37
375 4
375 93
376 368
376 4
376 241
377 44
377 23
377 83
378 98
378 15
378 73
379 91
379 90
379 17
380 19
380 7
380 58
381 117
381 120
381 226
382 0
382 46
382 349
383 301
383 2
383 102
384 317
384 363
384 3
385 143
385 17
385 224
386 58
386 288
386 219
387 195
387 227
387 318
388 319
388 165
388 4
389 268
389 46
389 351
390 320
390 344
390 378
391 360
391 32
391 0
392 365
392 220
392 356
393 187
393 308
393 10
394 0
394 200
394 6
395 375
395 277
395 118
396 218
396 26
396 383
397 23
397 136
397 284
398 354
398 33
398 8
399 127
399 0
399 278
400 15
400 109
400 82
401 6
401 203
401 192
402 14
402 25
402 47
403 270
403 21
403 111
404 162
404 159
404 99
405 316
405 399
405 394
406 167
406 221
406 398
407 202
407 329
407 1
408 37
408 106
408 67
409 49
409 1
409 60
410 194
410 336
410 24
411 168
411 363
411 357
412 44
412 17
412 165
413 303
413 168
413 283
414 0
414 24
414 142
415 8
415 59
415 0
416 55
416 21
416 4
417 330
417 242
417 302
418 72
418 3
418 63
419 86
419 74
419 383
420 0
420 396
420 86
421 46
421 321
421 265
422 6
422 46
422 175
423 10
423 29
423 37
424 65
424 15
424 12
425 29
425 119
425 117
426 88
426 64
426 368
427 199
427 4
427 70
428 47
428 277
428 380
429 50
429 29
429 65
430 181
430 57
430 322
431 13
431 360
431 303
432 63
432 240
432 1
433 235
433 37
433 247
434 2
434 219
434 207
435 4
435 127
435 309
436 102
436 284
436 26
437 282
437 257
437 1
438 38
438 358
438 284
439 6
439 244
439 105
440 2
440 362
440 149
441 76
441 3
441 326
442 141
442 272
442 378
443 233
443 219
443 43
444 276
444 383
444 2
445 129
445 62
445 148
446 99
446 365
446 147
447 101
447 48
447 15
448 16
448 258
448 431
449 38
449 32
449 174
450 1
450 12
450 306
451 19
451 109
451 6
452 272
452 19
452 357
453 58
453 321
453 36
454 132
454 64
454 210
455 15
455 144
455 163
456 24
456 281
456 15
457 246
457 194
457 189
458 126
458 33
458 360
459 20
459 203
459 99
460 263
460 453
460 0
461 410
461 187
461 302
462 117
462 4
462 88
463 5
463 62
463 119
464 8
464 316
464 15
465 35
465 168
465 39
466 100
466 112
466 250
467 230
467 107
467 13
468 31
468 79
468 139
469 3
469 20
469 48
470 381
470 72
470 6
471 433
471 17
471 90
472 7
472 432
472 412
473 3
473 332
473 281
474 137
474 20
474 369
475 12
475 23
475 146
476 200
476 286
476 99
477 7
477 1
477 10
478 200
478 336
478 175
479 166
479 12
479 191
480 2
480 52
480 62
481 96
481 33
481 58
482 21
482 10
482 15
483 15
483 71
483 47
484 230
484 351
484 15
485 413
485 44
485 2
486 378
486 367
486 426
487 6
487 190
487 193
488 9
488 242
488 1
489 87
489 167
489 183
490 150
490 88
490 124
491 92
491 480
491 278
492 3
492 436
492 17
493 287
493 46
493 24
494 11
494 220
494 191
495 402
495 463
495 71
496 33
496 131
496 117
497 403
497 6
497 387
498 165
498 486
498 79
499 36
499 1
499 301
500 167
500 53
500 219
501 88
501 21
501 49
502 270
502 433
502 199
503 234
503 326
503 324
504 3
504 72
504 49
505 179
505 437
505 3
506 53
506 13
506 144
507 24
507 144
507 106
508 0
508 72
508 62
509 265
509 31
509 6
510 7
510 18
510 507
511 142
511 0
511 10
512 118
512 288
512 211
513 2
513 112
513 64
514 215
514 55
514 4
515 16
515 1
515 250
516 161
516 23
516 33
517 112
517 3
517 186
518 450
518 219
518 376
519 487
519 384
519 117
520 268
520 107
520 134
521 0
521 40
521 169
522 52
522 41
522 49
523 0
523 414
523 3
524 232
524 46
524 301
525 157
525 13
525 332
526 48
526 329
526 277
527 3
527 145
527 63
528 17
528 32
528 109
529 183
529 2
529 506
530 219
530 113
530 165
531 0
531 31
531 169
532 238
532 56
532 3
533 214
533 203
533 389
534 273
534 272
534 228
535 30
535 369
535 155
536 107
536 6
536 139
537 263
537 11
537 215
538 510
538 3
538 254
539 120
539 91
539 57
540 404
540 0
540 99
541 254
541 71
541 520
542 96
542 401
542 320
543 107
543 141
543 330
544 407
544 373
544 383
545 18
545 251
545 1
546 13
546 21
546 541
547 273
547 343
547 51
548 201
548 393
548 105
549 186
549 427
549 221
550 199
550 5
550 265
551 4
551 531
551 250
552 403
552 27
552 102
553 450
553 3
553 120
554 126
554 332
554 1
555 33
555 417
555 385
556 384
556 47
556 386
557 1
557 10
557 27
558 274
558 71
558 3
559 119
559 505
559 155
560 233
560 41
560 44
561 268
561 33
561 551
562 134
562 63
562 1
563 65
563 368
563 433
564 0
564 60
564 532
565 509
565 480
565 7
566 7
566 528
566 399
567 105
567 167
567 148
568 231
568 86
568 566
569 1
569 227
569 119
570 3
570 88
570 29
571 45
571 107
571 5
572 302
572 374
572 2
573 7
573 266
573 318
574 14
574 279
574 71
575 257
575 474
575 0
576 334
576 28
576 60
577 145
577 441
577 502
578 5
578 26
578 521
579 238
579 0
579 137
580 93
580 104
580 151
581 15
581 378
581 1
582 264
582 19
582 17
583 351
583 107
583 311
584 1
584 234
584 346
585 3
585 157
585 108
586 75
586 3
586 286
587 38
587 266
587 26
588 19
588 476
588 117
589 27
589 206
589 187
590 356
590 60
590 20
591 55
591 12
591 205
592 368
592 312
592 250
593 143
593 95
593 26
594 4
594 422
594 498
595 12
595 255
595 149
596 403
596 15
596 119
597 218
597 402
597 169
598 3
598 376
598 58
599 6
599 4
599 88
600 175
600 45
600 234
601 598
601 49
601 213
602 168
602 4
602 18
603 507
603 219
603 159
604 10
604 91
604 487
605 529
605 0
605 25
606 0
606 65
606 386
607 274
607 317
607 532
608 470
608 263
608 590
609 4
609 353
609 305
610 0
610 207
610 485
611 302
611 134
611 204
612 4
612 88
612 0
613 17
613 118
613 48
614 259
614 260
614 280
615 328
615 420
615 188
616 360
616 174
616 135
617 553
617 163
617 268
618 0
618 6
618 405
619 428
619 79
619 175
620 344
620 3
620 47
621 594
621 71
621 165
622 6
622 0
622 316
623 28
623 49
623 607
624 0
624 2
624 28
625 404
625 458
625 466
626 17
626 28
626 117
627 2
627 64
627 18
628 264
628 121
628 182
629 266
629 117
629 23
630 376
630 21
630 6
631 628
631 449
631 402
632 17
632 290
632 0
633 13
633 62
633 632
634 575
634 22
634 167
635 152
635 3
635 352
636 557
636 24
636 72
637 20
637 278
637 584
638 93
638 13
638 46
639 12
639 311
639 519
640 310
640 243
640 0
641 112
641 3
641 622
642 203
642 101
642 279
643 208
643 545
643 615
644 301
644 116
644 198
645 291
645 109
645 1
646 348
646 182
646 626
647 230
647 107
647 167
648 98
648 55
648 3
649 165
649 215
649 72
650 30
650 320
650 440
651 263
651 48
651 6
652 386
652 477
652 335
653 355
653 1
653 0
654 517
654 529
654 351
655 625
655 74
655 139
656 361
656 423
656 60
657 160
657 40
657 1
658 3
658 118
658 326
659 20
659 431
659 17
660 650
660 338
660 317
661 86
661 628
661 101
662 18
662 20
662 229
663 611
663 273
663 486
664 182
664 82
664 530
665 139
665 432
665 8
666 395
666 529
666 126
667 219
667 362
667 513
668 658
668 651
668 369
669 549
669 4
669 601
670 600
670 6
670 127
671 33
671 592
671 152
672 222
672 581
672 360
673 11
673 296
673 428
674 539
674 141
674 516
675 292
675 428
675 113
676 333
676 0
676 162
677 579
677 454
677 426
678 440
678 187
678 356
679 261
679 207
679 169
680 24
680 142
680 15
681 530
681 118
681 26
682 15
682 183
682 49
683 30
683 519
683 512
684 243
684 638
684 219
685 16
685 417
685 328
686 18
686 167
686 402
687 371
687 9
687 306
688 675
688 107
688 564
689 16
689 585
689 470
690 3
690 566
690 39
691 667
691 29
691 399
692 603
692 2
692 447
693 163
693 64
693 201
694 78
694 21
694 109
695 670
695 686
695 26
696 450
696 85
696 10
697 148
697 18
697 47
698 351
698 236
698 139
699 378
699 273
699 15
700 107
700 178
700 678
701 614
701 101
701 402
702 192
702 6
702 143
703 31
703 627
703 0
704 27
704 437
704 329
705 582
705 43
705 53
706 250
706 301
706 55
707 501
707 71
707 201
708 396
708 628
708 85
709 404
709 655
709 72
710 96
710 0
710 17
711 256
711 679
711 0
712 112
712 187
712 141
713 134
713 13
713 143
714 39
714 12
714 564
715 456
715 302
715 20
716 674
716 64
716 97
717 0
717 647
717 187
718 244
718 60
718 160
719 696
719 525
719 399
720 49
720 110
720 142
721 48
721 590
721 33
722 573
722 26
722 104
723 351
723 178
723 96
724 389
724 125
724 536
725 688
725 210
725 567
726 357
726 129
726 46
727 366
727 308
727 687
728 1
728 102
728 37
729 0
729 10
729 24
730 332
730 475
730 457
731 15
731 141
731 3
732 418
732 109
732 192
733 0
733 604
733 160
734 88
734 74
734 549
735 117
735 12
735 58
736 159
736 31
736 29
737 354
737 96
737 45
738 272
738 60
738 265
739 733
739 5
739 41
740 21
740 489
740 172
741 102
741 21
741 179
742 277
742 46
742 266
743 100
743 13
743 218
744 10
744 332
744 107
745 2
745 332
745 580
746 272
746 234
746 213
747 732
747 205
747 169
748 338
748 429
748 65
749 167
749 4
749 109
750 142
750 107
750 58
751 692
751 250
751 12
752 75
752 21
752 37
753 2
753 140
753 269
754 17
754 261
754 86
755 53
755 386
755 0
756 0
756 531
756 538
757 186
757 3
757 492
758 369
758 531
758 58
759 249
759 240
759 357
760 509
760 167
760 653
761 29
761 404
761 230
762 7
762 399
762 53
763 16
763 654
763 618
764 220
764 491
764 649
765 292
765 26
765 354
766 140
766 3
766 267
767 331
767 30
767 277
768 264
768 43
768 12
769 485
769 513
769 11
770 366
770 12
770 83
771 24
771 402
771 504
772 131
772 28
772 19
773 651
773 435
773 31
774 138
774 592
774 218
775 83
775 0
775 342
776 274
776 269
776 143
777 21
777 143
777 44
778 245
778 629
778 165
779 338
779 32
779 102
780 407
780 146
780 3
781 661
781 520
781 15
782 207
782 551
782 461
783 542
783 202
783 317
784 557
784 730
784 125
785 207
785 159
785 429
786 92
786 6
786 98
787 0
787 745
787 308
788 17
788 366
788 14
789 288
789 0
789 134
790 338
790 437
790 611
791 267
791 581
791 480
792 703
792 363
792 85
793 29
793 322
793 230
794 195
794 167
794 548
795 38
795 342
795 3
796 752
796 9
796 693
797 589
797 62
797 293
798 37
798 776
798 92
799 3
799 409
799 466
800 24
800 152
800 17
801 341
801 9
801 712
802 312
802 770
802 790
803 28
803 110
803 4
804 567
804 16
804 470
805 126
805 118
805 243
806 0
806 653
806 208
807 118
807 11
807 12
808 0
808 716
808 70
809 25
809 34
809 272
810 677
810 62
810 691
811 7
811 627
811 99
812 683
812 793
812 83
813 810
813 606
813 20
814 108
814 458
814 798
815 113
815 24
815 751
816 210
816 24
816 26
817 17
817 190
817 318
818 393
818 457
818 502
819 22
819 513
819 170
820 241
820 695
820 161
821 638
821 632
821 396
822 4
822 126
822 186
823 162
823 220
823 13
824 15
824 640
824 396
825 303
825 168
825 623
826 401
826 527
826 0
827 10
827 75
827 321
828 123
828 113
828 76
829 699
829 17
829 7
830 360
830 311
830 210
831 83
831 13
831 184
832 593
832 652
832 28
833 15
833 49
833 284
834 62
834 24
834 330
835 619
835 808
835 105
836 141
836 303
836 3
837 444
837 33
837 15
838 514
838 274
838 44
839 46
839 502
839 634
840 213
840 152
840 37
841 2
841 92
841 17
842 638
842 67
842 250
843 117
843 64
843 0
844 26
844 700
844 1
845 794
845 650
845 12
846 11
846 736
846 45
847 330
847 168
847 480
848 165
848 11
848 21
849 175
849 709
849 224
850 189
850 6
850 47
851 253
851 34
851 743
852 15
852 86
852 582
853 20
853 85
853 764
854 2
854 172
854 378
855 234
855 360
855 14
856 586
856 187
856 564
857 48
857 320
857 175
858 15
858 481
858 552
859 777
859 723
859 564
860 194
860 12
860 17
861 145
861 45
861 178
862 33
862 717
862 416
863 293
863 435
863 101
864 60
864 39
864 99
865 666
865 185
865 277
866 207
866 58
866 498
867 725
867 22
867 44
868 736
868 486
868 24
869 159
869 9
869 412
870 430
870 640
870 1
871 506
871 21
871 19
872 712
872 591
872 330
873 163
873 52
873 12
874 242
874 72
874 106
875 47
875 117
875 24
876 20
876 105
876 484
877 2
877 316
877 110
878 208
878 318
878 186
879 10
879 277
879 113
880 182
880 63
880 598
881 39
881 95
881 65
882 213
882 29
882 284
883 796
883 99
883 311
884 150
884 302
884 17
885 95
885 14
885 838
886 37
886 502
886 657
887 821
887 638
887 4
888 791
888 160
888 231
889 394
889 14
889 35
890 41
890 471
890 608
891 148
891 422
891 3
892 24
892 96
892 12
893 2
893 885
893 831
894 1
894 0
894 544
895 161
895 504
895 15
896 289
896 22
896 649
897 71
897 632
897 13
898 182
898 268
898 411
899 342
899 168
899 858
900 872
900 280
900 74
901 1
901 0
901 764
902 175
902 7
902 892
903 252
903 354
903 126
904 153
904 75
904 764
905 776
905 117
905 265
906 195
906 23
906 109
907 151
907 25
907 392
908 106
908 484
908 96
909 251
909 187
909 449
910 885
910 331
910 21
911 28
911 410
911 26
912 4
912 198
912 546
913 213
913 34
913 28
914 686
914 622
914 340
915 27
915 390
915 227
916 32
916 155
916 790
917 450
917 393
917 6
918 468
918 103
918 222
919 218
919 243
919 161
920 25
920 13
920 562
921 399
921 886
921 17
922 103
922 186
922 517
923 139
923 276
923 112
924 125
924 807
924 586
925 178
925 186
925 182
926 768
926 200
926 601
927 29
927 2
927 11
928 101
928 372
928 273
929 470
929 169
929 91
930 578
930 142
930 715
931 334
931 200
931 296
932 202
932 626
932 2
933 219
933 2
933 798
934 14
934 546
934 378
935 124
935 46
935 6
936 661
936 277
936 342
937 12
937 163
937 900
938 672
938 64
938 340
939 266
939 0
939 261
940 284
940 596
940 272
941 64
941 439
941 519
942 2
942 756
942 25
943 106
943 62
943 26
944 668
944 416
944 31
945 382
945 245
945 276
946 399
946 874
946 317
947 702
947 330
947 194
948 47
948 137
948 1
949 376
949 13
949 35
950 182
950 476
950 132
951 872
951 382
951 142
952 126
952 617
952 315
953 948
953 130
953 37
954 480
954 39
954 102
955 13
955 6
955 715
956 335
956 81
956 12
957 1
957 88
957 277
958 706
958 203
958 739
959 329
959 806
959 49
960 0
960 312
960 96
961 252
961 277
961 832
962 570
962 107
962 23
963 932
963 263
963 184
964 115
964 6
964 138
965 941
965 33
965 86
966 328
966 171
966 735
967 254
967 1
967 369
968 729
968 865
968 20
969 11
969 815
969 820
970 254
970 137
970 861
971 967
971 28
971 3
972 127
972 404
972 1
973 562
973 229
973 213
974 136
974 840
974 342
975 869
975 62
975 109
976 76
976 763
976 710
977 102
977 46
977 1
978 966
978 447
978 529
979 0
979 60
979 191
980 599
980 12
980 962
981 539
981 51
981 327
982 955
982 549
982 577
983 779
983 765
983 17
984 58
984 129
984 709
985 195
985 751
985 378
986 62
986 721
986 887
987 123
987 187
987 444
988 322
988 31
988 213
989 17
989 214
989 349
990 17
990 510
990 957
991 354
991 267
991 20
992 576
992 115
992 72
993 7
993 278
993 413
994 140
994 792
994 152
995 58
995 250
995 14
996 474
996 71
996 794
997 469
997 29
997 263
998 775
998 338
998 361
999 208
999 856
999 360
