0 1
1 0
2 0
2 1
3 1
3 0
3 2
4 1
4 3
4 2
5 3
5 1
5 2
6 4
6 1
6 3
7 5
7 3
7 4
8 2
8 4
8 1
9 1
9 7
9 2
10 1
10 3
10 4
11 1
11 8
11 3
12 8
12 7
12 0
13 12
13 9
13 2
14 8
14 3
14 1
15 4
15 14
15 6
16 3
16 8
16 7
17 9
17 12
17 7
18 4
18 13
18 0
19 1
19 9
19 12
20 19
20 8
20 13
21 4
21 8
21 9
22 8
22 12
22 9
23 16
23 0
23 14
24 3
24 1
24 2
25 6
25 2
25 16
26 24
26 1
26 13
27 20
27 24
27 1
28 1
28 7
28 5
29 1
29 7
29 12
30 8
30 4
30 20
31 0
31 27
31 24
32 1
32 5
32 7
33 20
33 13
33 32
34 1
34 29
34 30
35 8
35 7
35 3
36 34
36 3
36 14
37 16
37 3
37 17
38 15
38 11
38 12
39 9
39 2
39 20
40 4
40 30
40 13
41 34
41 16
41 4
42 38
42 6
42 1
43 4
43 0
43 38
44 2
44 25
44 39
45 13
45 7
45 3
46 34
46 42
46 4
47 14
47 0
47 31
48 16
48 12
48 0
49 14
49 4
49 6
50 6
50 17
50 42
51 14
51 42
51 1
52 16
52 37
52 9
53 7
53 38
53 2
54 17
54 42
54 30
55 51
55 32
55 13
56 1
56 3
56 9
57 7
57 4
57 13
58 11
58 13
58 30
59 39
59 3
59 4
60 30
60 5
60 42
61 24
61 54
61 11
62 39
62 4
62 44
63 8
63 42
63 53
64 3
64 6
64 0
65 37
65 60
65 13
66 37
66 21
66 3
67 6
67 23
67 2
68 2
68 17
68 59
69 13
69 30
69 60
70 7
70 16
70 1
71 37
71 1
71 15
72 38
72 10
72 56
73 4
73 3
73 7
74 22
74 40
74 17
75 9
75 46
75 7
76 12
76 44
76 9
77 7
77 16
77 2
78 20
78 16
78 61
79 38
79 30
79 20
80 36
80 22
80 74
81 20
81 49
81 2
82 61
82 2
82 13
83 44
83 15
83 1
84 2
84 74
84 63
85 75
85 25
85 70
86 76
86 56
86 2
87 82
87 38
87 9
88 46
88 9
88 7
89 16
89 56
89 83
90 78
90 1
90 30
91 13
91 44
91 20
92 75
92 9
92 6
93 42
93 59
93 4
94 17
94 63
94 1
95 13
95 67
95 6
96 14
96 8
96 6
97 26
97 65
97 82
98 50
98 4
98 75
99 27
99 84
99 6
100 2
100 67
100 9
101 70
101 85
101 44
102 49
102 96
102 97
103 60
103 21
103 24
104 13
104 11
104 49
105 22
105 44
105 67
106 105
106 20
106 12
107 6
107 85
107 78
108 33
108 34
108 3
109 92
109 91
109 27
110 35
110 7
110 93
111 97
111 16
111 61
112 16
112 107
112 14
113 59
113 4
113 42
114 1
114 5
114 61
115 106
115 98
115 2
116 29
116 16
116 7
117 107
117 2
117 70
118 5
118 6
118 35
119 8
119 1
119 70
120 99
120 74
120 2
121 4
121 42
121 11
122 4
122 16
122 8
123 37
123 3
123 8
124 30
124 21
124 26
125 59
125 105
125 5
126 2
126 3
126 76
127 108
127 13
127 0
128 2
128 60
128 93
129 1
129 56
129 50
130 7
130 47
130 5
131 21
131 34
131 56
132 16
132 109
132 2
133 107
133 9
133 1
134 3
134 95
134 117
135 4
135 9
135 53
136 7
136 24
136 14
137 62
137 6
137 19
138 33
138 112
138 91
139 16
139 106
139 1
140 23
140 2
140 130
141 121
141 115
141 38
142 42
142 95
142 70
143 37
143 61
143 0
144 42
144 0
144 98
145 9
145 15
145 127
146 11
146 8
146 143
147 51
147 89
147 21
148 97
148 4
148 2
149 86
149 98
149 62
150 8
150 37
150 63
151 12
151 37
151 7
152 118
152 25
152 2
153 70
153 127
153 99
154 16
154 105
154 56
155 74
155 46
155 39
156 7
156 12
156 117
157 38
157 86
157 106
158 130
158 89
158 9
159 70
159 115
159 149
160 15
160 61
160 20
161 131
161 94
161 116
162 8
162 134
162 13
163 8
163 131
163 4
164 158
164 76
164 42
165 2
165 1
165 82
166 72
166 12
166 138
167 81
167 93
167 115
168 117
168 53
168 29
169 93
169 4
169 38
170 74
170 37
170 42
171 117
171 99
171 7
172 43
172 24
172 28
173 9
173 59
173 117
174 7
174 83
174 17
175 34
175 47
175 35
176 31
176 142
176 63
177 30
177 17
177 77
178 33
178 1
178 60
179 1
179 152
179 108
180 17
180 13
180 41
181 5
181 150
181 99
182 5
182 176
182 75
183 59
183 152
183 4
184 2
184 20
184 12
185 8
185 169
185 50
186 1
186 20
186 85
187 100
187 4
187 99
188 1
188 4
188 55
189 164
189 36
189 0
190 7
190 16
190 4
191 166
191 177
191 24
192 87
192 5
192 67
193 42
193 39
193 111
194 20
194 34
194 7
195 32
195 102
195 0
196 53
196 36
196 107
197 6
197 185
197 67
198 39
198 50
198 110
199 1
199 10
199 154
200 140
200 156
200 13
201 182
201 47
201 10
202 122
202 3
202 111
203 202
203 131
203 108
204 111
204 34
204 168
205 47
205 34
205 11
206 156
206 63
206 34
207 58
207 183
207 14
208 149
208 1
208 43
209 9
209 152
209 1
210 88
210 93
210 145
211 70
211 38
211 91
212 115
212 33
212 98
213 182
213 6
213 179
214 3
214 103
214 0
215 13
215 39
215 97
216 31
216 87
216 65
217 10
217 18
217 73
218 35
218 53
218 28
219 9
219 117
219 18
220 22
220 144
220 215
221 180
221 63
221 46
222 212
222 142
222 27
223 168
223 222
223 1
224 42
224 2
224 176
225 88
225 86
225 205
226 143
226 16
226 9
227 12
227 226
227 160
228 7
228 1
228 205
229 126
229 95
229 128
230 197
230 44
230 8
231 5
231 32
231 3
232 75
232 13
232 74
233 39
233 61
233 46
234 4
234 105
234 9
235 76
235 144
235 64
236 3
236 22
236 6
237 42
237 14
237 152
238 95
238 206
238 204
239 96
239 76
239 181
240 182
240 7
240 40
241 42
241 26
241 219
242 24
242 152
242 212
243 152
243 178
243 20
244 230
244 119
244 168
245 67
245 33
245 61
246 73
246 69
246 12
247 9
247 116
247 82
248 147
248 13
248 202
249 4
249 15
249 40
250 109
250 1
250 74
251 1
251 42
251 127
252 178
252 126
252 86
253 209
253 58
253 107
254 3
254 101
254 105
255 250
255 8
255 98
256 98
256 162
256 173
257 5
257 194
257 16
258 16
258 74
258 13
259 153
259 92
259 77
260 219
260 204
260 257
261 135
261 64
261 76
262 6
262 86
262 59
263 16
263 9
263 211
264 0
264 237
264 60
265 248
265 121
265 227
266 264
266 133
266 16
267 25
267 220
267 87
268 82
268 157
268 180
269 67
269 128
269 71
270 3
270 17
270 257
271 42
271 28
271 190
272 202
272 229
272 22
273 63
273 53
273 12
274 197
274 136
274 169
275 12
275 273
275 3
276 78
276 13
276 95
277 17
277 41
277 38
278 81
278 93
278 8
279 7
279 183
279 200
280 116
280 23
280 86
281 20
281 253
281 54
282 33
282 22
282 147
283 136
283 43
283 25
284 11
284 190
284 8
285 0
285 127
285 39
286 4
286 211
286 75
287 118
287 94
287 3
288 23
288 14
288 226
289 133
289 213
289 70
290 98
290 25
290 35
291 106
291 1
291 76
292 215
292 50
292 110
293 277
293 189
293 58
294 65
294 222
294 232
295 93
295 5
295 17
296 204
296 10
296 4
297 59
297 204
297 42
298 1
298 7
298 93
299 209
299 113
299 82
300 216
300 273
300 9
301 4
301 8
301 1
302 7
302 130
302 61
303 10
303 70
303 24
304 16
304 215
304 190
305 5
305 0
305 108
306 108
306 61
306 11
307 0
307 106
307 272
308 1
308 34
308 22
309 117
309 133
309 74
310 6
310 51
310 35
311 9
311 253
311 120
312 270
312 41
312 230
313 197
313 106
313 222
314 8
314 43
314 1
315 105
315 233
315 9
316 1
316 70
316 12
317 4
317 176
317 50
318 4
318 40
318 76
319 260
319 8
319 223
320 169
320 3
320 56
321 2
321 138
321 121
322 9
322 41
322 230
323 201
323 59
323 117
324 138
324 219
324 33
325 148
325 80
325 105
326 294
326 246
326 307
327 184
327 42
327 8
328 120
328 201
328 12
329 16
329 215
329 101
330 3
330 289
330 4
331 8
331 52
331 39
332 55
332 128
332 294
333 36
333 33
333 308
334 33
334 4
334 219
335 134
335 179
335 291
336 13
336 300
336 155
337 324
337 93
337 1
338 118
338 1
338 336
339 12
339 326
339 181
340 7
340 157
340 288
341 38
341 104
341 3
342 28
342 87
342 42
343 190
343 79
343 44
344 212
344 12
344 72
345 216
345 120
345 93
346 0
346 51
346 17
347 7
347 16
347 12
348 184
348 4
348 328
349 32
349 243
349 2
350 79
350 173
350 300
351 212
351 28
351 167
352 61
352 14
352 348
353 126
353 60
353 13
354 201
354 182
354 228
355 8
355 1
355 348
356 32
356 344
356 2
357 204
357 25
357 40
358 178
358 14
358 2
359 13
359 38
359 6
360 114
360 232
360 326
361 88
361 20
361 226
362 16
362 24
362 1
363 7
363 287
363 137
364 7
364 182
364 20
365 22
365 278
365 164
366 139
366 305
366 2
367 16
367 268
367 50
368 144
368 326
368 111
369 326
369 312
369 183
370 23
370 212
370 141
371 236
371 16
371 204
372 293
372 13
372 201
373 67
373 24
373 2
374 256
374 259
374 98
375 87
375 206
375 150
376 40
376 227
376 183
377 204
377 12
377 148
378 311
378 143
378 133
379 147
379 74
379 183
380 253
380 348
380 57
381 228
381 12
381 15
382 18
382 91
382 6
383 49
383 93
383 269
384 0
384 286
384 53
385 99
385 217
385 126
386 7
386 241
386 25
387 329
387 110
387 178
388 17
388 44
388 204
389 166
389 280
389 20
390 192
390 9
390 1
391 74
391 9
391 183
392 8
392 20
392 70
393 38
393 343
393 14
394 1
394 16
394 258
395 8
395 98
395 76
396 22
396 387
396 324
397 197
397 27
397 153
398 303
398 1
398 46
399 86
399 65
399 4
400 3
400 18
400 318
401 171
401 24
401 251
402 209
402 74
402 147
403 197
403 214
403 294
404 85
404 16
404 42
405 141
405 66
405 69
406 4
406 124
406 26
407 92
407 19
407 131
408 334
408 47
408 187
409 97
409 215
409 107
410 332
410 40
410 287
411 244
411 25
411 114
412 115
412 57
412 324
413 228
413 4
413 407
414 81
414 130
414 7
415 84
415 70
415 268
416 276
416 42
416 110
417 67
417 390
417 8
418 129
418 99
418 246
419 22
419 359
419 259
420 171
420 292
420 259
421 63
421 204
421 30
422 51
422 182
422 412
423 104
423 2
423 23
424 74
424 76
424 13
425 202
425 21
425 310
426 6
426 50
426 56
427 138
427 190
427 155
428 124
428 108
428 209
429 108
429 291
429 138
430 6
430 168
430 149
431 360
431 144
431 8
432 27
432 13
432 383
433 170
433 7
433 370
434 3
434 7
434 80
435 12
435 397
435 9
436 0
436 143
436 61
437 8
437 168
437 204
438 65
438 392
438 362
439 23
439 4
439 32
440 59
440 389
440 333
441 237
441 43
441 62
442 121
442 9
442 106
443 17
443 49
443 47
444 53
444 69
444 16
445 67
445 101
445 98
446 88
446 81
446 157
447 20
447 69
447 282
448 367
448 99
448 8
449 43
449 425
449 228
450 79
450 412
450 448
451 161
451 318
451 7
452 95
452 169
452 107
453 167
453 39
453 64
454 147
454 260
454 24
455 21
455 7
455 12
456 205
456 13
456 5
457 69
457 324
457 62
458 75
458 372
458 0
459 38
459 75
459 4
460 383
460 426
460 180
461 19
461 281
461 214
462 85
462 408
462 1
463 171
463 270
463 0
464 66
464 9
464 39
465 1
465 66
465 13
466 333
466 382
466 93
467 222
467 321
467 219
468 140
468 291
468 39
469 353
469 42
469 462
470 368
470 20
470 38
471 115
471 306
471 212
472 134
472 13
472 139
473 51
473 331
473 171
474 106
474 82
474 120
475 83
475 443
475 335
476 370
476 289
476 5
477 12
477 77
477 13
478 272
478 51
478 376
479 60
479 7
479 236
480 20
480 291
480 16
481 434
481 433
481 422
482 269
482 12
482 194
483 20
483 218
483 1
484 2
484 371
484 10
485 414
485 30
485 170
486 75
486 104
486 3
487 235
487 452
487 387
488 61
488 49
488 174
489 155
489 59
489 403
490 108
490 411
490 396
491 6
491 2
491 4
492 2
492 109
492 7
493 111
493 5
493 74
494 1
494 211
494 190
495 14
495 284
495 148
496 360
496 61
496 76
497 357
497 9
497 302
498 246
498 397
498 345
499 175
499 53
499 331
