0 1
1 0
2 1
2 0
3 2
3 1
3 0
4 0
4 2
4 1
5 2
5 1
5 4
6 1
6 2
6 0
7 1
7 2
7 4
8 2
8 1
8 0
9 3
9 0
9 5
10 0
10 9
10 1
11 0
11 2
11 4
12 4
12 5
12 9
13 10
13 2
13 1
14 0
14 4
14 9
15 11
15 1
15 0
16 5
16 14
16 4
17 4
17 14
17 0
18 2
18 3
18 4
19 14
19 10
19 1
20 1
20 15
20 2
21 1
21 0
21 20
22 5
22 2
22 15
23 0
23 8
23 1
24 0
24 5
24 8
25 7
25 2
25 22
26 1
26 17
26 22
27 0
27 12
27 2
28 0
28 4
28 25
29 22
29 2
29 1
30 28
30 3
30 26
31 17
31 4
31 27
32 3
32 14
32 2
33 0
33 1
33 5
34 31
34 18
34 5
35 0
35 5
35 15
36 4
36 1
36 24
37 9
37 27
37 1
38 1
38 6
38 14
39 24
39 5
39 2
40 1
40 14
40 37
41 2
41 21
41 6
42 4
42 1
42 31
43 2
43 33
43 41
44 1
44 2
44 13
45 16
45 22
45 3
46 2
46 38
46 5
47 42
47 10
47 3
48 19
48 24
48 9
49 24
49 23
49 0
50 2
50 11
50 35
51 1
51 22
51 6
52 43
52 3
52 14
53 3
53 5
53 44
54 22
54 42
54 38
55 34
55 16
55 5
56 45
56 12
56 3
57 42
57 1
57 47
58 47
58 24
58 15
59 2
59 9
59 12
60 12
60 34
60 11
61 0
61 14
61 22
62 42
62 1
62 54
63 1
63 9
63 26
64 38
64 20
64 0
65 0
65 2
65 16
66 3
66 8
66 29
67 0
67 3
67 31
68 63
68 66
68 40
69 63
69 1
69 10
70 33
70 12
70 44
71 14
71 1
71 6
72 59
72 2
72 16
73 8
73 66
73 62
74 27
74 0
74 37
75 0
75 31
75 61
76 46
76 18
76 23
77 1
77 61
77 25
78 2
78 0
78 55
79 7
79 63
79 45
80 17
80 23
80 3
81 17
81 39
81 51
82 5
82 43
82 22
83 29
83 2
83 0
84 67
84 46
84 1
85 14
85 62
85 16
86 0
86 60
86 1
87 4
87 66
87 9
88 24
88 10
88 1
89 15
89 39
89 5
90 7
90 49
90 37
91 14
91 0
91 28
92 9
92 11
92 26
93 71
93 2
93 0
94 2
94 10
94 16
95 85
95 13
95 4
96 60
96 15
96 5
97 0
97 68
97 14
98 18
98 22
98 12
99 77
99 83
99 16
100 66
100 26
100 57
101 12
101 1
101 5
102 3
102 96
102 21
103 96
103 5
103 47
104 32
104 44
104 22
105 3
105 18
105 0
106 1
106 72
106 24
107 85
107 5
107 42
108 3
108 57
108 37
109 83
109 85
109 10
110 55
110 82
110 36
111 67
111 3
111 8
112 67
112 45
112 110
113 44
113 24
113 25
114 98
114 96
114 5
115 44
115 29
115 0
116 83
116 0
116 99
117 28
117 33
117 7
118 18
118 8
118 33
119 1
119 46
119 27
120 5
120 57
120 110
121 11
121 90
121 59
122 107
122 45
122 80
123 57
123 87
123 72
124 2
124 1
124 24
125 21
125 105
125 87
126 0
126 4
126 77
127 26
127 63
127 20
128 3
128 111
128 2
129 4
129 6
129 32
130 8
130 14
130 122
131 88
131 42
131 57
132 8
132 38
132 1
133 43
133 89
133 4
134 22
134 1
134 13
135 4
135 0
135 64
136 44
136 0
136 26
137 28
137 12
137 43
138 88
138 1
138 63
139 8
139 42
139 55
140 57
140 42
140 0
141 22
141 73
141 48
142 98
142 103
142 4
143 125
143 43
143 140
144 1
144 31
144 56
145 136
145 32
145 56
146 1
146 23
146 14
147 100
147 111
147 85
148 87
148 107
148 5
149 10
149 111
149 58
150 1
150 0
150 60
151 86
151 17
151 3
152 1
152 4
152 57
153 142
153 57
153 34
154 19
154 63
154 7
155 119
155 139
155 71
156 38
156 27
156 54
157 23
157 107
157 20
158 0
158 5
158 47
159 74
159 4
159 60
160 42
160 134
160 34
161 42
161 3
161 73
162 55
162 42
162 26
163 161
163 21
163 97
164 5
164 77
164 101
165 0
165 14
165 42
166 89
166 58
166 132
167 56
167 90
167 135
168 4
168 58
168 22
169 7
169 0
169 57
170 136
170 4
170 150
171 9
171 11
171 42
172 0
172 16
172 34
173 140
173 119
173 83
174 71
174 2
174 150
175 58
175 44
175 131
176 10
176 2
176 25
177 19
177 0
177 64
178 3
178 59
178 31
179 45
179 63
179 17
180 62
180 77
180 102
181 0
181 96
181 7
182 158
182 15
182 17
183 35
183 40
183 126
184 123
184 61
184 11
185 15
185 170
185 41
186 55
186 14
186 42
187 64
187 143
187 34
188 63
188 2
188 34
189 43
189 100
189 119
190 127
190 18
190 4
191 137
191 139
191 12
192 99
192 23
192 29
193 139
193 119
193 42
194 59
194 190
194 2
195 11
195 116
195 17
196 3
196 44
196 9
197 125
197 104
197 164
198 0
198 31
198 175
199 131
199 5
199 11
200 34
200 158
200 159
201 8
201 38
201 97
202 59
202 0
202 37
203 116
203 21
203 59
204 59
204 1
204 62
205 5
205 43
205 25
206 0
206 66
206 114
207 8
207 20
207 54
208 28
208 16
208 72
209 123
209 24
209 84
210 197
210 131
210 29
211 22
211 118
211 4
212 46
212 1
212 192
213 121
213 0
213 4
214 25
214 94
214 14
215 6
215 74
215 76
216 10
216 174
216 137
217 34
217 4
217 160
218 68
218 147
218 174
219 15
219 12
219 0
220 21
220 0
220 47
221 1
221 57
221 5
222 70
222 144
222 112
223 70
223 57
223 3
224 199
224 211
224 14
225 5
225 139
225 108
226 88
226 15
226 75
227 5
227 72
227 14
228 159
228 210
228 29
229 62
229 116
229 46
230 215
230 75
230 100
231 110
231 228
231 49
232 140
232 10
232 98
233 216
233 97
233 71
234 100
234 5
234 2
235 170
235 228
235 38
236 14
236 0
236 17
237 4
237 97
237 193
238 5
238 68
238 42
239 56
239 218
239 12
240 85
240 2
240 42
241 1
241 46
241 3
242 141
242 59
242 2
243 24
243 74
243 29
244 58
244 72
244 9
245 0
245 1
245 219
246 225
246 0
246 14
247 31
247 57
247 80
248 231
248 68
248 66
249 0
249 61
249 23
250 0
250 145
250 245
251 17
251 12
251 103
252 61
252 0
252 45
253 43
253 36
253 60
254 212
254 67
254 150
255 167
255 125
255 15
256 14
256 0
256 25
257 2
257 4
257 20
258 34
258 0
258 31
259 3
259 14
259 24
260 64
260 44
260 8
261 11
261 14
261 220
262 0
262 167
262 124
263 258
263 90
263 146
264 121
264 40
264 0
265 147
265 54
265 8
266 129
266 156
266 167
267 181
267 11
267 42
268 86
268 4
268 77
269 25
269 261
269 0
270 162
270 138
270 176
271 72
271 121
271 22
272 118
272 110
272 34
273 166
273 188
273 164
274 136
274 240
274 172
275 221
275 143
275 46
276 68
276 85
276 45
277 51
277 58
277 122
278 29
278 67
278 11
279 268
279 163
279 75
280 165
280 166
280 102
281 149
281 3
281 143
282 246
282 3
282 48
283 7
283 267
283 259
284 39
284 166
284 192
285 225
285 5
285 111
286 103
286 162
286 29
287 1
287 16
287 29
288 11
288 22
288 14
289 17
289 14
289 163
290 1
290 83
290 281
291 1
291 34
291 60
292 33
292 91
292 155
293 193
293 2
293 116
294 2
294 224
294 42
295 121
295 270
295 12
296 55
296 149
296 178
297 9
297 36
297 10
298 172
298 78
298 208
299 5
299 211
299 45
300 20
300 254
300 0
301 35
301 105
301 59
302 11
302 56
302 58
303 212
303 51
303 4
304 263
304 40
304 100
305 28
305 5
305 86
306 207
306 298
306 0
307 12
307 2
307 26
308 88
308 77
308 271
309 3
309 137
309 198
310 166
310 165
310 280
311 73
311 278
311 27
312 166
312 0
312 222
313 281
313 146
313 1
314 5
314 1
314 69
315 107
315 48
315 8
316 7
316 43
316 251
317 137
317 86
317 7
318 0
318 151
318 228
319 283
319 86
319 111
320 0
320 271
320 1
321 193
321 2
321 170
322 59
322 111
322 174
323 1
323 246
323 108
324 5
324 22
324 57
325 14
325 249
325 23
326 12
326 23
326 47
327 70
327 54
327 319
328 73
328 205
328 132
329 7
329 193
329 244
330 141
330 270
330 72
331 12
331 4
331 21
332 2
332 18
332 23
333 34
333 57
333 320
334 11
334 8
334 60
335 245
335 221
335 111
336 93
336 254
336 36
337 21
337 31
337 67
338 122
338 72
338 52
339 159
339 121
339 271
340 263
340 332
340 1
341 5
341 19
341 86
342 311
342 331
342 101
343 169
343 98
343 8
344 193
344 5
344 139
345 2
345 158
345 0
346 83
346 132
346 170
347 164
347 107
347 1
348 161
348 52
348 330
349 205
349 24
349 195
350 150
350 176
350 2
351 15
351 93
351 44
352 139
352 51
352 5
353 185
353 27
353 5
354 176
354 4
354 108
355 2
355 16
355 280
356 5
356 55
356 52
357 317
357 204
357 227
358 209
358 155
358 3
359 71
359 57
359 5
360 66
360 281
360 315
361 261
361 2
361 48
362 74
362 64
362 190
363 55
363 3
363 252
364 224
364 83
364 199
365 251
365 23
365 106
366 131
366 67
366 281
367 68
367 60
367 90
368 7
368 14
368 258
369 287
369 110
369 39
370 351
370 70
370 43
371 211
371 338
371 36
372 46
372 12
372 268
373 346
373 59
373 12
374 144
374 175
374 1
375 137
375 311
375 197
376 43
376 170
376 71
377 1
377 15
377 310
378 194
378 105
378 34
379 16
379 1
379 307
380 83
380 29
380 74
381 243
381 51
381 0
382 100
382 86
382 198
383 82
383 75
383 370
384 260
384 83
384 199
385 143
385 220
385 84
386 228
386 111
386 48
387 6
387 123
387 96
388 198
388 10
388 228
389 60
389 15
389 101
390 57
390 144
390 85
391 4
391 265
391 268
392 85
392 192
392 59
393 89
393 3
393 16
394 1
394 329
394 347
395 346
395 115
395 366
396 216
396 71
396 207
397 281
397 208
397 325
398 1
398 29
398 70
399 371
399 270
399 75
400 0
400 278
400 165
401 19
401 274
401 116
402 88
402 49
402 105
403 57
403 132
403 195
404 12
404 87
404 150
405 342
405 15
405 139
406 31
406 105
406 270
407 228
407 218
407 325
408 5
408 3
408 197
409 54
409 166
409 34
410 368
410 32
410 222
411 28
411 139
411 86
412 60
412 33
412 141
413 123
413 205
413 31
414 303
414 93
414 87
415 3
415 34
415 348
416 372
416 0
416 240
417 262
417 2
417 72
418 34
418 185
418 5
419 279
419 52
419 417
420 23
420 195
420 24
421 365
421 72
421 45
422 123
422 357
422 59
423 20
423 238
423 59
424 192
424 298
424 149
425 77
425 6
425 118
426 307
426 228
426 67
427 374
427 211
427 29
428 86
428 2
428 17
429 121
429 4
429 271
430 108
430 194
430 74
431 267
431 386
431 12
432 312
432 8
432 5
433 35
433 1
433 120
434 18
434 46
434 304
435 34
435 54
435 107
436 1
436 12
436 329
437 246
437 383
437 364
438 223
438 99
438 314
439 111
439 15
439 55
440 262
440 96
440 27
441 123
441 236
441 273
442 57
442 245
442 345
443 119
443 5
443 34
444 236
444 91
444 4
445 27
445 356
445 40
446 274
446 373
446 197
447 300
447 88
447 170
448 1
448 421
448 0
449 271
449 332
449 424
450 142
450 385
450 123
451 14
451 97
451 56
452 2
452 1
452 218
453 1
453 14
453 334
454 176
454 2
454 197
455 280
455 18
455 4
456 450
456 121
456 99
457 139
457 152
457 399
458 0
458 132
458 37
459 208
459 374
459 36
460 339
460 350
460 40
461 16
461 63
461 65
462 412
462 8
462 107
463 139
463 67
463 452
464 273
464 286
464 429
465 4
465 1
465 332
466 207
466 339
466 162
467 19
467 14
467 274
468 263
468 76
468 1
469 0
469 152
469 221
470 21
470 20
470 389
471 50
471 27
471 288
472 315
472 282
472 334
473 25
473 115
473 263
474 430
474 388
474 160
475 221
475 72
475 141
476 146
476 282
476 399
477 34
477 318
477 45
478 473
478 7
478 289
479 151
479 104
479 57
480 264
480 247
480 438
481 72
481 325
481 299
482 346
482 267
482 111
483 274
483 72
483 119
484 209
484 24
484 5
485 355
485 2
485 221
486 79
486 263
486 11
487 162
487 83
487 3
488 380
488 207
488 228
489 305
489 50
489 353
490 74
490 337
490 72
491 408
491 281
491 107
492 160
492 268
492 65
493 23
493 193
493 312
494 236
494 269
494 204
495 117
495 328
495 63
496 101
496 222
496 371
497 143
497 72
497 426
498 219
498 147
498 121
499 103
499 43
499 29
500 17
500 267
500 229
501 225
501 123
501 339
502 201
502 442
502 139
503 104
503 42
503 455
504 215
504 356
504 141
505 56
505 198
505 100
506 365
506 98
506 0
507 93
507 3
507 131
508 34
508 114
508 83
509 194
509 329
509 46
510 136
510 431
510 166
511 77
511 420
511 472
512 60
512 34
512 0
513 9
513 372
513 258
514 391
514 177
514 151
515 444
515 312
515 353
516 10
516 119
516 382
517 28
517 5
517 10
518 121
518 332
518 67
519 298
519 454
519 124
520 323
520 206
520 26
521 115
521 296
521 132
522 34
522 182
522 150
523 5
523 236
523 299
524 57
524 4
524 1
525 218
525 3
525 34
526 13
526 161
526 52
527 141
527 400
527 190
528 379
528 77
528 4
529 49
529 141
529 37
530 355
530 4
530 200
531 436
531 112
531 132
532 498
532 293
532 2
533 139
533 432
533 27
534 110
534 4
534 0
535 430
535 35
535 385
536 356
536 491
536 178
537 192
537 490
537 140
538 198
538 259
538 15
539 15
539 535
539 2
540 520
540 5
540 345
541 396
541 136
541 2
542 442
542 246
542 21
543 23
543 66
543 362
544 27
544 14
544 143
545 71
545 5
545 8
546 3
546 1
546 311
547 75
547 171
547 346
548 56
548 45
548 156
549 11
549 167
549 60
550 6
550 161
550 211
551 472
551 60
551 32
552 1
552 439
552 199
553 190
553 0
553 27
554 70
554 48
554 462
555 507
555 479
555 462
556 225
556 339
556 203
557 496
557 388
557 439
558 17
558 381
558 462
559 404
559 132
559 62
560 331
560 99
560 37
561 496
561 2
561 251
562 140
562 115
562 45
563 119
563 197
563 266
564 37
564 12
564 74
565 1
565 370
565 46
566 172
566 4
566 25
567 94
567 489
567 22
568 71
568 101
568 90
569 22
569 142
569 252
570 14
570 199
570 123
571 465
571 57
571 55
572 320
572 374
572 197
573 518
573 566
573 26
574 234
574 464
574 32
575 393
575 9
575 390
576 35
576 518
576 220
577 463
577 156
577 490
578 4
578 31
578 164
579 67
579 490
579 348
580 1
580 477
580 558
581 395
581 2
581 4
582 296
582 162
582 15
583 12
583 535
583 405
584 475
584 118
584 55
585 116
585 4
585 1
586 0
586 382
586 1
587 300
587 147
587 173
588 98
588 96
588 467
589 208
589 559
589 18
590 13
590 354
590 148
591 89
591 366
591 1
592 102
592 2
592 546
593 568
593 29
593 307
594 282
594 58
594 54
595 430
595 281
595 298
596 190
596 45
596 4
597 36
597 123
597 504
598 499
598 4
598 279
599 175
599 0
599 25
600 231
600 37
600 393
601 100
601 484
601 166
602 3
602 231
602 319
603 55
603 358
603 142
604 438
604 96
604 59
605 96
605 50
605 417
606 1
606 179
606 38
607 472
607 35
607 569
608 29
608 5
608 90
609 451
609 551
609 123
610 461
610 27
610 313
611 329
611 9
611 88
612 228
612 270
612 534
613 353
613 342
613 38
614 87
614 112
614 309
615 98
615 72
615 137
616 393
616 1
616 342
617 229
617 97
617 105
618 52
618 389
618 2
619 528
619 0
619 157
620 55
620 224
620 540
621 8
621 133
621 224
622 81
622 147
622 566
623 173
623 565
623 455
624 475
624 345
624 45
625 194
625 123
625 3
626 37
626 228
626 200
627 52
627 48
627 266
628 26
628 263
628 74
629 222
629 2
629 551
630 190
630 167
630 1
631 44
631 347
631 221
632 55
632 115
632 127
633 2
633 75
633 46
634 421
634 22
634 45
635 108
635 66
635 224
636 13
636 439
636 450
637 45
637 4
637 500
638 455
638 162
638 176
639 6
639 2
639 26
640 52
640 99
640 34
641 628
641 131
641 121
642 49
642 311
642 109
643 182
643 2
643 573
644 517
644 558
644 23
645 55
645 5
645 1
646 384
646 40
646 3
647 55
647 1
647 599
648 371
648 1
648 330
649 2
649 497
649 0
650 5
650 163
650 546
651 17
651 57
651 508
652 477
652 286
652 425
653 270
653 640
653 285
654 14
654 601
654 402
655 614
655 145
655 518
656 116
656 384
656 118
657 357
657 166
657 391
658 1
658 98
658 139
659 298
659 510
659 281
660 311
660 23
660 31
661 346
661 143
661 277
662 117
662 228
662 314
663 85
663 107
663 503
664 43
664 339
664 303
665 359
665 621
665 1
666 273
666 659
666 92
667 323
667 544
667 508
668 642
668 181
668 59
669 59
669 632
669 65
670 408
670 161
670 382
671 376
671 639
671 355
672 48
672 29
672 381
673 311
673 263
673 295
674 9
674 559
674 98
675 449
675 22
675 176
676 423
676 250
676 77
677 612
677 659
677 353
678 103
678 503
678 330
679 219
679 232
679 99
680 0
680 121
680 22
681 515
681 21
681 444
682 288
682 382
682 166
683 308
683 162
683 69
684 142
684 22
684 141
685 9
685 455
685 40
686 90
686 186
686 200
687 258
687 17
687 2
688 449
688 533
688 5
689 578
689 184
689 11
690 77
690 166
690 2
691 550
691 554
691 23
692 518
692 100
692 382
693 80
693 668
693 166
694 404
694 606
694 171
695 4
695 95
695 642
696 546
696 11
696 228
697 171
697 678
697 67
698 612
698 51
698 17
699 339
699 446
699 48
700 203
700 95
700 205
701 442
701 224
701 79
702 14
702 295
702 196
703 120
703 646
703 496
704 24
704 26
704 497
705 4
705 0
705 458
706 62
706 315
706 20
707 634
707 362
707 151
708 3
708 661
708 9
709 57
709 11
709 58
710 140
710 705
710 139
711 390
711 296
711 358
712 11
712 217
712 261
713 4
713 454
713 78
714 12
714 225
714 675
715 35
715 358
715 694
716 159
716 109
716 538
717 25
717 1
717 158
718 143
718 623
718 0
719 14
719 457
719 488
720 582
720 566
720 49
721 4
721 75
721 547
722 290
722 591
722 141
723 509
723 117
723 197
724 27
724 487
724 13
725 410
725 609
725 560
726 257
726 497
726 458
727 250
727 410
727 393
728 202
728 45
728 351
729 648
729 258
729 484
730 141
730 507
730 718
731 26
731 27
731 7
732 352
732 3
732 22
733 551
733 586
733 453
734 251
734 140
734 481
735 63
735 297
735 438
736 245
736 621
736 692
737 12
737 33
737 433
738 33
738 127
738 12
739 364
739 280
739 328
740 302
740 23
740 79
741 591
741 458
741 3
742 176
742 0
742 478
743 696
743 405
743 11
744 5
744 115
744 40
745 0
745 381
745 10
746 403
746 183
746 569
747 173
747 727
747 30
748 23
748 415
748 625
749 619
749 11
749 45
750 20
750 244
750 0
751 190
751 320
751 131
752 571
752 362
752 101
753 352
753 0
753 724
754 149
754 40
754 1
755 649
755 192
755 595
756 121
756 10
756 244
757 96
757 166
757 399
758 446
758 702
758 517
759 0
759 192
759 320
760 702
760 644
760 142
761 528
761 75
761 34
762 3
762 2
762 26
763 355
763 90
763 727
764 0
764 139
764 16
765 500
765 110
765 569
766 3
766 498
766 2
767 349
767 740
767 192
768 62
768 1
768 162
769 451
769 733
769 160
770 512
770 173
770 240
771 488
771 432
771 0
772 642
772 728
772 17
773 255
773 159
773 29
774 183
774 619
774 292
775 131
775 0
775 62
776 212
776 665
776 142
777 4
777 690
777 407
778 55
778 560
778 247
779 113
779 691
779 4
780 154
780 42
780 145
781 266
781 199
781 296
782 72
782 4
782 14
783 16
783 528
783 511
784 33
784 404
784 322
785 24
785 97
785 415
786 182
786 126
786 25
787 632
787 7
787 499
788 589
788 180
788 317
789 500
789 271
789 107
790 158
790 218
790 230
791 164
791 320
791 181
792 17
792 73
792 285
793 107
793 15
793 17
794 495
794 213
794 211
795 756
795 312
795 206
796 122
796 766
796 101
797 0
797 52
797 488
798 75
798 549
798 43
799 414
799 471
799 57
800 94
800 542
800 672
801 538
801 125
801 246
802 83
802 45
802 25
803 415
803 236
803 25
804 83
804 420
804 365
805 180
805 513
805 88
806 10
806 121
806 14
807 9
807 680
807 439
808 382
808 5
808 12
809 4
809 319
809 36
810 475
810 159
810 176
811 140
811 149
811 60
812 27
812 730
812 177
813 2
813 366
813 100
814 554
814 302
814 338
815 473
815 320
815 176
816 96
816 2
816 778
817 106
817 202
817 205
818 43
818 702
818 47
819 584
819 440
819 587
820 1
820 62
820 139
821 712
821 541
821 500
822 165
822 2
822 204
823 663
823 756
823 162
824 173
824 527
824 89
825 14
825 283
825 335
826 142
826 46
826 299
827 628
827 731
827 123
828 559
828 21
828 228
829 375
829 445
829 9
830 311
830 603
830 764
831 532
831 5
831 2
832 458
832 760
832 820
833 452
833 2
833 327
834 791
834 146
834 160
835 324
835 58
835 315
836 281
836 86
836 26
837 286
837 163
837 14
838 595
838 716
838 219
839 7
839 14
839 23
840 46
840 267
840 54
841 189
841 162
841 513
842 734
842 2
842 670
843 148
843 72
843 10
844 757
844 206
844 381
845 310
845 165
845 14
846 400
846 354
846 745
847 78
847 437
847 39
848 45
848 605
848 36
849 435
849 603
849 5
850 44
850 45
850 462
851 97
851 2
851 22
852 23
852 713
852 372
853 100
853 2
853 420
854 4
854 326
854 0
855 72
855 139
855 735
856 12
856 51
856 823
857 308
857 33
857 264
858 0
858 38
858 28
859 65
859 516
859 2
860 13
860 121
860 375
861 45
861 751
861 566
862 857
862 0
862 24
863 157
863 125
863 546
864 15
864 1
864 158
865 128
865 15
865 4
866 820
866 46
866 610
867 547
867 535
867 11
868 511
868 466
868 110
869 92
869 190
869 288
870 349
870 228
870 839
871 162
871 544
871 4
872 468
872 14
872 402
873 62
873 363
873 102
874 426
874 704
874 350
875 1
875 582
875 91
876 528
876 446
876 123
877 355
877 117
877 225
878 17
878 510
878 488
879 457
879 238
879 346
880 55
880 254
880 90
881 392
881 798
881 5
882 21
882 171
882 160
883 795
883 675
883 531
884 708
884 5
884 117
885 166
885 558
885 11
886 865
886 386
886 259
887 475
887 609
887 420
888 236
888 0
888 42
889 176
889 150
889 117
890 5
890 590
890 155
891 37
891 305
891 178
892 100
892 503
892 321
893 680
893 809
893 0
894 694
894 480
894 678
895 147
895 620
895 42
896 206
896 5
896 499
897 1
897 139
897 686
898 431
898 4
898 320
899 446
899 666
899 866
900 713
900 535
900 88
901 798
901 569
901 112
902 317
902 187
902 5
903 159
903 323
903 744
904 77
904 394
904 389
905 647
905 617
905 714
906 74
906 75
906 282
907 492
907 541
907 780
908 580
908 127
908 257
909 134
909 233
909 4
910 1
910 396
910 391
911 20
911 109
911 3
912 815
912 279
912 59
913 0
913 13
913 643
914 525
914 210
914 307
915 747
915 3
915 289
916 83
916 196
916 136
917 31
917 629
917 822
918 183
918 461
918 91
919 848
919 18
919 346
920 5
920 14
920 190
921 348
921 26
921 796
922 5
922 180
922 2
923 52
923 445
923 59
924 106
924 15
924 368
925 4
925 224
925 597
926 245
926 692
926 720
927 650
927 268
927 270
928 474
928 0
928 121
929 161
929 908
929 0
930 244
930 372
930 502
931 38
931 244
931 203
932 476
932 121
932 816
933 21
933 98
933 3
934 14
934 846
934 165
935 530
935 327
935 11
936 55
936 40
936 634
937 245
937 876
937 383
938 46
938 569
938 288
939 61
939 656
939 908
940 453
940 939
940 284
941 669
941 543
941 14
942 119
942 8
942 73
943 197
943 95
943 246
944 258
944 819
944 75
945 141
945 82
945 3
946 480
946 44
946 11
947 636
947 622
947 135
948 372
948 11
948 879
949 364
949 442
949 589
950 313
950 5
950 306
951 394
951 139
951 7
952 42
952 166
952 96
953 216
953 281
953 853
954 16
954 1
954 151
955 291
955 4
955 715
956 1
956 4
956 2
957 454
957 755
957 446
958 543
958 92
958 274
959 100
959 15
959 66
960 669
960 705
960 1
961 627
961 145
961 23
962 48
962 197
962 289
963 413
963 318
963 54
964 12
964 40
964 19
965 85
965 0
965 267
966 23
966 656
966 382
967 151
967 89
967 280
968 258
968 436
968 390
969 685
969 107
969 123
970 270
970 1
970 528
971 854
971 228
971 490
972 920
972 352
972 440
973 5
973 253
973 827
974 950
974 385
974 65
975 188
975 42
975 746
976 0
976 72
976 9
977 642
977 77
977 20
978 970
978 5
978 139
979 384
979 40
979 55
980 59
980 0
980 4
981 705
981 803
981 668
982 501
982 795
982 598
983 543
983 9
983 982
984 786
984 528
984 55
985 951
985 4
985 736
986 22
986 949
986 380
987 320
987 300
987 771
988 768
988 0
988 604
989 272
989 162
989 27
990 334
990 24
990 959
991 723
991 868
991 971
992 123
992 493
992 58
993 693
993 90
993 9
994 215
994 714
994 43
995 737
995 550
995 290
996 499
996 827
996 194
997 96
997 255
997 613
998 670
998 116
998 15
999 837
999 407
999 959
