0 1
1 0
2 0
2 1
3 0
3 2
3 1
4 3
4 1
4 2
5 0
5 1
5 2
6 1
6 3
6 0
7 1
7 2
7 0
8 2
8 6
8 1
9 5
9 1
9 7
10 2
10 3
10 7
11 7
11 2
11 1
12 9
12 1
12 5
13 2
13 1
13 10
14 5
14 4
14 1
15 0
15 10
15 7
16 2
16 12
16 1
17 4
17 11
17 16
18 2
18 6
18 5
19 10
19 4
19 14
20 2
20 3
20 10
21 13
21 6
21 9
22 10
22 14
22 1
23 14
23 15
23 7
24 13
24 0
24 4
25 24
25 7
25 15
26 24
26 13
26 2
27 10
27 7
27 12
28 2
28 5
28 0
29 7
29 1
29 21
30 3
30 2
30 0
31 18
31 9
31 6
32 28
32 10
32 31
33 12
33 11
33 17
34 0
34 16
34 7
35 31
35 24
35 1
36 20
36 26
36 31
37 10
37 0
37 12
38 22
38 24
38 17
39 2
39 0
39 4
40 9
40 21
40 1
41 1
41 3
41 7
42 1
42 29
42 12
43 1
43 2
43 19
44 19
44 24
44 13
45 43
45 27
45 12
46 2
46 1
46 16
47 0
47 21
47 1
48 11
48 12
48 25
49 5
49 47
49 33
50 28
50 23
50 4
51 47
51 38
51 0
52 26
52 1
52 10
53 34
53 40
53 29
54 5
54 1
54 4
55 47
55 27
55 36
56 39
56 32
56 12
57 43
57 3
57 4
58 3
58 15
58 14
59 1
59 18
59 14
60 35
60 4
60 47
61 37
61 14
61 3
62 7
62 60
62 30
63 4
63 13
63 21
64 60
64 35
64 10
65 1
65 5
65 9
66 5
66 34
66 46
67 10
67 2
67 24
68 9
68 14
68 1
69 33
69 1
69 32
70 54
70 5
70 25
71 32
71 26
71 2
72 18
72 17
72 24
73 5
73 25
73 7
74 29
74 1
74 32
75 38
75 42
75 69
76 43
76 33
76 55
77 21
77 71
77 8
78 3
78 56
78 60
79 5
79 47
79 43
80 32
80 68
80 0
81 72
81 31
81 62
82 1
82 28
82 42
83 31
83 24
83 29
84 58
84 27
84 0
85 32
85 56
85 78
86 5
86 27
86 7
87 2
87 45
87 48
88 83
88 19
88 74
89 10
89 14
89 30
90 5
90 59
90 0
91 87
91 1
91 9
92 51
92 2
92 5
93 72
93 53
93 14
94 27
94 14
94 44
95 27
95 66
95 7
96 4
96 27
96 37
97 26
97 7
97 0
98 61
98 65
98 35
99 36
99 47
99 32
