0 1
0 2
0 3
1 0
1 2
1 3
2 0
2 1
2 3
3 2
3 0
3 1
4 0
4 1
4 2
5 4
5 2
5 0
6 4
6 2
6 5
7 6
7 0
7 3
8 3
8 0
8 1
9 4
9 6
9 3
10 2
10 6
10 1
11 10
11 1
11 0
12 1
12 7
12 11
13 9
13 0
13 6
14 0
14 3
14 1
15 13
15 1
15 4
16 8
16 14
16 1
17 6
17 3
17 4
18 6
18 1
18 16
19 2
19 13
19 8
20 4
20 1
20 3
21 3
21 0
21 1
22 2
22 13
22 7
23 1
23 6
23 3
24 0
24 1
24 10
25 14
25 13
25 7
26 2
26 1
26 22
27 1
27 15
27 23
28 3
28 22
28 20
29 1
29 25
29 0
30 14
30 9
30 27
31 10
31 2
31 1
32 0
32 14
32 1
33 25
33 20
33 10
34 22
34 15
34 9
35 22
35 18
35 1
36 6
36 3
36 9
37 1
37 16
37 28
38 0
38 3
38 1
39 21
39 17
39 3
40 3
40 10
40 1
41 34
41 4
41 29
42 17
42 23
42 11
43 10
43 12
43 42
44 3
44 36
44 21
45 2
45 25
45 15
46 29
46 0
46 33
47 6
47 23
47 2
48 10
48 27
48 2
49 21
49 14
49 3
50 15
50 42
50 3
51 17
51 0
51 9
52 29
52 6
52 1
53 30
53 25
53 2
54 1
54 36
54 3
55 16
55 4
55 29
56 3
56 12
56 2
57 22
57 2
57 9
58 23
58 9
58 7
59 0
59 23
59 11
60 17
60 0
60 1
61 52
61 1
61 43
62 40
62 21
62 23
63 0
63 23
63 17
64 37
64 0
64 9
65 15
65 48
65 13
66 65
66 40
66 30
67 54
67 0
67 33
68 1
68 18
68 26
69 10
69 33
69 40
70 9
70 4
70 5
71 34
71 15
71 8
72 2
72 29
72 28
73 70
73 0
73 17
74 1
74 42
74 6
75 17
75 1
75 68
76 15
76 29
76 6
77 46
77 9
77 10
78 0
78 69
78 35
79 54
79 78
79 20
80 3
80 18
80 41
81 17
81 39
81 13
82 16
82 54
82 7
83 1
83 44
83 43
84 25
84 37
84 63
85 13
85 3
85 70
86 41
86 67
86 10
87 6
87 23
87 2
88 20
88 78
88 25
89 4
89 2
89 63
90 1
90 16
90 53
91 19
91 39
91 18
92 22
92 4
92 39
93 46
93 16
93 5
94 73
94 6
94 55
95 2
95 4
95 15
96 81
96 32
96 1
97 26
97 4
97 7
98 10
98 66
98 5
99 87
99 4
99 3
100 58
100 40
100 32
101 64
101 23
101 2
102 3
102 48
102 17
103 25
103 39
103 28
104 51
104 11
104 3
105 2
105 39
105 74
106 33
106 29
106 84
107 43
107 79
107 10
108 56
108 39
108 3
109 25
109 77
109 99
110 0
110 2
110 28
111 46
111 6
111 72
112 45
112 42
112 18
113 47
113 34
113 22
114 95
114 1
114 6
115 11
115 17
115 0
116 8
116 43
116 37
117 13
117 1
117 96
118 64
118 9
118 36
119 103
119 99
119 28
120 0
120 29
120 2
121 11
121 100
121 91
122 40
122 76
122 6
123 20
123 41
123 112
124 46
124 51
124 11
125 117
125 29
125 74
126 113
126 48
126 47
127 120
127 0
127 19
128 2
128 22
128 64
129 1
129 77
129 104
130 69
130 0
130 42
131 65
131 28
131 13
132 17
132 112
132 21
133 31
133 2
133 109
134 110
134 41
134 68
135 99
135 52
135 121
136 118
136 86
136 72
137 4
137 125
137 9
138 72
138 114
138 63
139 70
139 9
139 19
140 18
140 3
140 4
141 2
141 96
141 15
142 53
142 7
142 19
143 0
143 37
143 6
144 44
144 67
144 6
145 4
145 1
145 76
146 51
146 87
146 110
147 116
147 126
147 6
148 8
148 105
148 10
149 5
149 1
149 142
150 42
150 99
150 5
151 21
151 52
151 19
152 4
152 65
152 125
153 101
153 1
153 28
154 116
154 74
154 3
155 96
155 42
155 28
156 69
156 37
156 134
157 42
157 25
157 14
158 110
158 16
158 46
159 96
159 126
159 63
160 3
160 0
160 44
161 7
161 25
161 148
162 89
162 46
162 9
163 19
163 3
163 87
164 5
164 41
164 152
165 22
165 0
165 2
166 18
166 44
166 4
167 80
167 1
167 153
168 23
168 150
168 6
169 4
169 156
169 2
170 149
170 94
170 105
171 147
171 43
171 8
172 1
172 4
172 67
173 64
173 69
173 63
174 15
174 145
174 115
175 6
175 159
175 3
176 141
176 42
176 39
177 70
177 44
177 38
178 15
178 89
178 99
179 25
179 133
179 6
180 13
180 33
180 173
181 3
181 147
181 2
182 0
182 10
182 43
183 153
183 29
183 28
184 25
184 75
184 2
185 107
185 49
185 1
186 168
186 34
186 82
187 181
187 75
187 0
188 117
188 72
188 28
189 17
189 4
189 160
190 140
190 117
190 11
191 189
191 16
191 1
192 64
192 40
192 108
193 125
193 93
193 89
194 19
194 105
194 13
195 21
195 152
195 6
196 80
196 43
196 158
197 109
197 23
197 1
198 22
198 87
198 145
199 36
199 172
199 41
200 46
200 39
200 63
201 4
201 63
201 88
202 58
202 144
202 180
203 4
203 9
203 29
204 5
204 99
204 7
205 76
205 96
205 163
206 69
206 90
206 151
207 125
207 80
207 89
208 7
208 1
208 64
209 11
209 3
209 158
210 51
210 67
210 43
211 174
211 37
211 41
212 6
212 37
212 76
213 10
213 42
213 153
214 10
214 9
214 147
215 3
215 35
215 1
216 60
216 208
216 107
217 23
217 2
217 131
218 159
218 108
218 11
219 23
219 135
219 0
220 6
220 215
220 33
221 28
221 109
221 0
222 120
222 203
222 1
223 29
223 117
223 63
224 72
224 42
224 69
225 9
225 2
225 1
226 104
226 10
226 201
227 9
227 0
227 3
228 182
228 74
228 0
229 6
229 14
229 194
230 19
230 51
230 27
231 68
231 13
231 207
232 42
232 1
232 19
233 22
233 70
233 194
234 18
234 2
234 51
235 6
235 220
235 20
236 153
236 41
236 18
237 28
237 88
237 20
238 36
238 150
238 13
239 53
239 42
239 40
240 229
240 42
240 52
241 67
241 9
241 52
242 6
242 198
242 106
243 141
243 106
243 28
244 77
244 110
244 152
245 132
245 13
245 15
246 195
246 174
246 110
247 184
247 140
247 237
248 2
248 99
248 51
249 148
249 190
249 36
250 234
250 224
250 196
251 181
251 165
251 145
252 81
252 109
252 2
253 74
253 182
253 1
254 185
254 70
254 23
255 37
255 94
255 19
256 149
256 8
256 217
257 6
257 213
257 13
258 146
258 2
258 62
259 6
259 195
259 179
260 106
260 45
260 186
261 25
261 29
261 112
262 13
262 16
262 70
263 48
263 101
263 13
264 189
264 41
264 182
265 45
265 27
265 9
266 17
266 239
266 211
267 33
267 182
267 4
268 35
268 18
268 75
269 76
269 189
269 14
270 229
270 33
270 180
271 56
271 155
271 37
272 63
272 39
272 37
273 113
273 155
273 149
274 100
274 196
274 5
275 33
275 22
275 147
276 193
276 88
276 9
277 0
277 128
277 243
278 96
278 16
278 126
279 6
279 89
279 40
280 204
280 48
280 9
281 9
281 221
281 66
282 47
282 16
282 220
283 10
283 14
283 138
284 65
284 114
284 28
285 192
285 284
285 6
286 11
286 9
286 13
287 230
287 170
287 117
288 8
288 95
288 155
289 74
289 77
289 239
290 6
290 173
290 2
291 0
291 9
291 3
292 80
292 104
292 7
293 248
293 199
293 48
294 42
294 3
294 271
295 1
295 2
295 224
296 273
296 244
296 165
297 36
297 117
297 160
298 227
298 56
298 2
299 27
299 171
299 2
300 77
300 19
300 136
301 66
301 14
301 3
302 23
302 72
302 103
303 229
303 249
303 119
304 113
304 44
304 4
305 165
305 19
305 43
306 0
306 194
306 1
307 248
307 239
307 257
308 127
308 64
308 264
309 157
309 147
309 234
310 4
310 248
310 302
311 14
311 250
311 104
312 27
312 2
312 88
313 96
313 128
313 72
314 35
314 281
314 108
315 8
315 11
315 138
316 27
316 3
316 0
317 103
317 124
317 23
318 76
318 293
318 17
319 99
319 3
319 18
320 4
320 13
320 166
321 23
321 86
321 42
322 217
322 231
322 196
323 124
323 159
323 88
324 15
324 3
324 322
325 3
325 199
325 104
326 257
326 184
326 19
327 135
327 27
327 80
328 105
328 0
328 222
329 128
329 291
329 162
330 1
330 3
330 159
331 104
331 159
331 0
332 105
332 20
332 19
333 13
333 14
333 21
334 35
334 28
334 124
335 99
335 150
335 307
336 29
336 170
336 328
337 40
337 4
337 11
338 4
338 71
338 7
339 224
339 91
339 87
340 42
340 0
340 28
341 109
341 226
341 257
342 29
342 53
342 9
343 277
343 18
343 2
344 60
344 170
344 8
345 87
345 10
345 1
346 39
346 85
346 300
347 21
347 24
347 13
348 4
348 47
348 17
349 6
349 35
349 40
350 11
350 321
350 307
351 87
351 328
351 3
352 9
352 13
352 343
353 237
353 27
353 298
354 28
354 218
354 44
355 10
355 12
355 194
356 120
356 153
356 320
357 23
357 10
357 192
358 72
358 171
358 0
359 233
359 0
359 296
360 52
360 185
360 42
361 340
361 6
361 4
362 91
362 99
362 145
363 51
363 17
363 218
364 163
364 302
364 77
365 306
365 155
365 56
366 39
366 0
366 244
367 54
367 4
367 219
368 87
368 43
368 10
369 367
369 1
369 74
370 33
370 3
370 91
371 100
371 219
371 305
372 99
372 104
372 177
373 68
373 104
373 297
374 4
374 29
374 110
375 184
375 136
375 5
376 10
376 239
376 0
377 166
377 19
377 305
378 270
378 117
378 17
379 163
379 362
379 153
380 186
380 112
380 28
381 8
381 16
381 89
382 36
382 7
382 43
383 296
383 19
383 330
384 249
384 160
384 56
385 369
385 185
385 12
386 40
386 19
386 137
387 311
387 99
387 217
388 320
388 255
388 126
389 147
389 48
389 229
390 58
390 0
390 272
391 0
391 13
391 330
392 38
392 19
392 380
393 294
393 229
393 271
394 8
394 288
394 387
395 54
395 387
395 63
396 279
396 104
396 201
397 148
397 105
397 153
398 391
398 61
398 296
399 11
399 7
399 395
400 102
400 247
400 39
401 47
401 132
401 338
402 42
402 325
402 135
403 67
403 353
403 0
404 14
404 211
404 129
405 4
405 9
405 82
406 133
406 75
406 56
407 311
407 272
407 11
408 282
408 0
408 184
409 29
409 277
409 36
410 6
410 330
410 174
411 102
411 260
411 51
412 87
412 281
412 249
413 4
413 341
413 236
414 10
414 1
414 145
415 187
415 28
415 112
416 38
416 27
416 84
417 134
417 305
417 0
418 99
418 363
418 401
419 89
419 397
419 27
420 3
420 72
420 374
421 400
421 283
421 78
422 235
422 160
422 255
423 60
423 101
423 26
424 172
424 415
424 100
425 231
425 109
425 41
426 8
426 145
426 4
427 236
427 199
427 4
428 188
428 356
428 81
429 16
429 113
429 1
430 6
430 91
430 116
431 270
431 161
431 209
432 380
432 64
432 109
433 19
433 1
433 0
434 0
434 5
434 146
435 370
435 17
435 174
436 291
436 339
436 70
437 172
437 179
437 319
438 85
438 44
438 237
439 25
439 46
439 158
440 339
440 83
440 187
441 286
441 171
441 16
442 438
442 433
442 206
443 28
443 39
443 35
444 179
444 237
444 81
445 260
445 439
445 252
446 40
446 52
446 27
447 48
447 103
447 54
448 375
448 35
448 427
449 266
449 9
449 182
450 76
450 47
450 332
451 388
451 29
451 91
452 199
452 136
452 1
453 249
453 8
453 49
454 384
454 51
454 196
455 33
455 215
455 129
456 389
456 7
456 63
457 207
457 25
457 353
458 114
458 109
458 234
459 93
459 9
459 449
460 139
460 177
460 170
461 128
461 0
461 139
462 234
462 226
462 87
463 152
463 201
463 158
464 163
464 414
464 81
465 3
465 0
465 420
466 263
466 144
466 38
467 63
467 405
467 4
468 49
468 332
468 249
469 256
469 10
469 264
470 183
470 465
470 46
471 72
471 219
471 163
472 6
472 109
472 3
473 289
473 292
473 127
474 438
474 328
474 42
475 3
475 300
475 338
476 1
476 12
476 3
477 424
477 339
477 58
478 224
478 0
478 363
479 11
479 1
479 20
480 13
480 303
480 167
481 65
481 129
481 139
482 89
482 13
482 2
483 1
483 33
483 104
484 109
484 343
484 305
485 367
485 87
485 219
486 128
486 27
486 147
487 106
487 56
487 115
488 90
488 230
488 101
489 331
489 188
489 16
490 6
490 257
490 78
491 382
491 4
491 168
492 17
492 16
492 105
493 322
493 202
493 383
494 3
494 96
494 4
495 40
495 68
495 18
496 13
496 18
496 229
497 179
497 169
497 30
498 43
498 16
498 126
499 12
499 15
499 493
500 67
500 25
500 160
501 198
501 42
501 174
502 132
502 196
502 159
503 2
503 36
503 6
504 2
504 68
504 1
505 409
505 65
505 247
506 216
506 90
506 501
507 17
507 126
507 15
508 42
508 484
508 366
509 3
509 283
509 343
510 148
510 456
510 77
511 209
511 81
511 355
512 212
512 145
512 160
513 16
513 199
513 511
514 298
514 362
514 303
515 5
515 401
515 245
516 514
516 322
516 17
517 151
517 36
517 64
518 109
518 3
518 330
519 190
519 452
519 335
520 135
520 43
520 35
521 63
521 168
521 1
522 44
522 193
522 398
523 387
523 13
523 363
524 2
524 46
524 392
525 140
525 107
525 368
526 384
526 30
526 20
527 198
527 270
527 505
528 188
528 144
528 105
529 465
529 42
529 185
530 524
530 232
530 287
531 287
531 44
531 296
532 149
532 502
532 29
533 0
533 28
533 25
534 126
534 398
534 163
535 23
535 136
535 109
536 158
536 283
536 505
537 237
537 110
537 134
538 157
538 224
538 8
539 368
539 105
539 68
540 497
540 526
540 180
541 389
541 211
541 356
542 7
542 0
542 112
543 148
543 6
543 466
544 479
544 116
544 173
545 2
545 293
545 413
546 147
546 71
546 92
547 148
547 8
547 248
548 5
548 25
548 94
549 140
549 95
549 1
550 492
550 463
550 177
551 46
551 8
551 378
552 334
552 453
552 32
553 2
553 109
553 42
554 462
554 10
554 33
555 419
555 366
555 341
556 281
556 104
556 81
557 465
557 0
557 17
558 447
558 501
558 270
559 42
559 54
559 36
560 341
560 15
560 125
561 12
561 11
561 163
562 44
562 498
562 147
563 212
563 193
563 262
564 543
564 306
564 197
565 109
565 63
565 159
566 83
566 338
566 543
567 5
567 339
567 450
568 80
568 524
568 77
569 385
569 314
569 134
570 165
570 362
570 101
571 27
571 14
571 54
572 390
572 466
572 169
573 0
573 235
573 61
574 39
574 277
574 430
575 66
575 20
575 63
576 117
576 17
576 229
577 89
577 9
577 236
578 151
578 226
578 29
579 1
579 328
579 487
580 54
580 124
580 158
581 54
581 23
581 357
582 12
582 450
582 16
583 117
583 342
583 303
584 260
584 497
584 202
585 207
585 382
585 44
586 487
586 1
586 230
587 12
587 2
587 161
588 378
588 494
588 271
589 219
589 418
589 437
590 90
590 1
590 3
591 159
591 306
591 181
592 28
592 2
592 7
593 106
593 539
593 408
594 330
594 116
594 547
595 177
595 180
595 406
596 15
596 96
596 51
597 147
597 218
597 43
598 134
598 226
598 119
599 25
599 46
599 103
600 362
600 498
600 388
601 3
601 2
601 100
602 137
602 37
602 42
603 262
603 447
603 2
604 42
604 211
604 509
605 65
605 570
605 40
606 13
606 471
606 41
607 26
607 535
607 257
608 108
608 159
608 2
609 392
609 64
609 43
610 70
610 42
610 447
611 288
611 81
611 25
612 549
612 29
612 152
613 5
613 474
613 18
614 5
614 366
614 185
615 2
615 262
615 13
616 3
616 120
616 103
617 194
617 42
617 37
618 4
618 163
618 352
619 94
619 43
619 87
620 465
620 40
620 17
621 116
621 219
621 27
622 42
622 141
622 0
623 493
623 207
623 217
624 25
624 6
624 5
625 14
625 292
625 3
626 584
626 134
626 16
627 223
627 219
627 9
628 339
628 542
628 584
629 91
629 216
629 118
630 541
630 109
630 104
631 493
631 0
631 43
632 483
632 3
632 338
633 177
633 169
633 117
634 1
634 320
634 403
635 363
635 3
635 16
636 0
636 77
636 171
637 212
637 361
637 46
638 69
638 47
638 456
639 0
639 369
639 463
640 22
640 401
640 28
641 145
641 1
641 204
642 90
642 147
642 33
643 107
643 306
643 282
644 173
644 213
644 420
645 532
645 398
645 518
646 595
646 286
646 633
647 0
647 306
647 80
648 37
648 373
648 33
649 27
649 370
649 172
650 7
650 134
650 67
651 40
651 126
651 452
652 288
652 174
652 20
653 146
653 3
653 460
654 502
654 4
654 409
655 30
655 140
655 157
656 652
656 2
656 19
657 5
657 305
657 125
658 140
658 302
658 390
659 239
659 444
659 33
660 148
660 134
660 49
661 578
661 15
661 231
662 262
662 147
662 323
663 384
663 147
663 422
664 654
664 0
664 28
665 17
665 478
665 11
666 518
666 537
666 572
667 303
667 105
667 93
668 398
668 9
668 195
669 36
669 138
669 170
670 28
670 58
670 187
671 28
671 264
671 126
672 606
672 23
672 616
673 101
673 144
673 207
674 84
674 348
674 598
675 526
675 615
675 0
676 401
676 220
676 306
677 28
677 481
677 7
678 660
678 491
678 7
679 273
679 151
679 380
680 4
680 465
680 211
681 343
681 40
681 222
682 63
682 57
682 15
683 96
683 392
683 542
684 119
684 358
684 2
685 581
685 307
685 6
686 400
686 226
686 297
687 378
687 182
687 140
688 1
688 126
688 3
689 138
689 129
689 281
690 7
690 665
690 20
691 332
691 3
691 491
692 400
692 197
692 23
693 42
693 38
693 13
694 13
694 116
694 437
695 575
695 508
695 472
696 4
696 603
696 444
697 29
697 170
697 51
698 474
698 177
698 292
699 81
699 13
699 236
700 7
700 29
700 42
701 607
701 13
701 675
702 154
702 189
702 251
703 38
703 27
703 468
704 283
704 15
704 52
705 138
705 590
705 386
706 29
706 228
706 699
707 113
707 38
707 615
708 35
708 352
708 676
709 29
709 1
709 48
710 697
710 20
710 511
711 555
711 605
711 60
712 110
712 343
712 598
713 19
713 199
713 699
714 615
714 92
714 194
715 539
715 217
715 208
716 691
716 40
716 8
717 39
717 292
717 406
718 20
718 13
718 157
719 222
719 211
719 46
720 11
720 85
720 392
721 223
721 494
721 174
722 22
722 27
722 139
723 152
723 40
723 297
724 70
724 509
724 424
725 492
725 255
725 528
726 56
726 99
726 452
727 447
727 124
727 35
728 375
728 145
728 147
729 416
729 51
729 91
730 74
730 25
730 391
731 654
731 229
731 23
732 382
732 643
732 330
733 639
733 124
733 323
734 300
734 8
734 334
735 102
735 463
735 300
736 646
736 633
736 247
737 558
737 0
737 19
738 10
738 94
738 368
739 1
739 594
739 502
740 640
740 20
740 689
741 198
741 404
741 1
742 241
742 6
742 230
743 539
743 43
743 702
744 226
744 414
744 24
745 116
745 229
745 257
746 22
746 63
746 33
747 3
747 593
747 183
748 72
748 499
748 114
749 109
749 27
749 528
750 199
750 5
750 56
751 13
751 247
751 578
752 0
752 27
752 18
753 104
753 18
753 228
754 105
754 389
754 29
755 70
755 228
755 217
756 216
756 56
756 701
757 247
757 100
757 497
758 465
758 391
758 365
759 189
759 69
759 15
760 165
760 466
760 370
761 7
761 420
761 1
762 537
762 737
762 339
763 18
763 68
763 687
764 343
764 63
764 174
765 226
765 1
765 377
766 42
766 423
766 330
767 239
767 5
767 212
768 180
768 10
768 384
769 239
769 692
769 41
770 462
770 288
770 136
771 539
771 569
771 9
772 447
772 252
772 298
773 95
773 203
773 323
774 736
774 536
774 279
775 356
775 685
775 258
776 282
776 187
776 523
777 175
777 498
777 415
778 87
778 140
778 241
779 45
779 521
779 6
780 134
780 403
780 125
781 134
781 668
781 449
782 6
782 752
782 759
783 63
783 10
783 99
784 46
784 409
784 128
785 44
785 10
785 82
786 12
786 494
786 718
787 36
787 180
787 229
788 113
788 131
788 330
789 478
789 2
789 146
790 52
790 664
790 62
791 446
791 171
791 60
792 703
792 501
792 743
793 30
793 23
793 144
794 303
794 36
794 8
795 15
795 614
795 3
796 105
796 568
796 772
797 28
797 499
797 689
798 180
798 523
798 402
799 88
799 39
799 174
800 260
800 437
800 501
801 229
801 553
801 653
802 1
802 155
802 12
803 201
803 39
803 366
804 40
804 694
804 378
805 56
805 142
805 403
806 191
806 793
806 106
807 145
807 573
807 369
808 93
808 584
808 631
809 273
809 398
809 33
810 134
810 306
810 490
811 80
811 5
811 171
812 1
812 283
812 22
813 9
813 344
813 398
814 404
814 13
814 212
815 755
815 1
815 187
816 11
816 444
816 744
817 220
817 331
817 35
818 745
818 648
818 292
819 104
819 574
819 56
820 801
820 22
820 327
821 688
821 720
821 41
822 502
822 85
822 40
823 40
823 30
823 77
824 755
824 330
824 286
825 590
825 816
825 43
826 9
826 216
826 733
827 128
827 356
827 155
828 13
828 628
828 819
829 159
829 44
829 212
830 106
830 300
830 33
831 147
831 165
831 0
832 689
832 16
832 113
833 37
833 187
833 780
834 19
834 26
834 801
835 51
835 179
835 270
836 297
836 415
836 180
837 462
837 617
837 184
838 33
838 480
838 39
839 420
839 0
839 752
840 692
840 2
840 697
841 19
841 712
841 166
842 250
842 501
842 127
843 537
843 41
843 156
844 94
844 709
844 387
845 89
845 133
845 63
846 67
846 176
846 525
847 69
847 686
847 1
848 832
848 584
848 399
849 338
849 319
849 481
850 586
850 619
850 306
851 17
851 505
851 16
852 92
852 751
852 168
853 187
853 33
853 581
854 56
854 758
854 100
855 200
855 820
855 296
856 70
856 433
856 248
857 731
857 95
857 207
858 217
858 736
858 132
859 29
859 80
859 742
860 96
860 14
860 39
861 0
861 284
861 581
862 72
862 675
862 674
863 11
863 61
863 608
864 259
864 195
864 1
865 141
865 63
865 89
866 566
866 17
866 224
867 279
867 125
867 69
868 783
868 486
868 19
869 399
869 20
869 485
870 54
870 94
870 145
871 34
871 498
871 136
872 374
872 68
872 185
873 8
873 709
873 0
874 250
874 857
874 158
875 109
875 835
875 39
876 36
876 398
876 17
877 722
877 847
877 25
878 182
878 3
878 465
879 835
879 17
879 456
880 315
880 136
880 607
881 668
881 153
881 595
882 709
882 202
882 663
883 99
883 248
883 540
884 760
884 7
884 94
885 92
885 379
885 542
886 2
886 37
886 362
887 45
887 702
887 371
888 459
888 503
888 67
889 842
889 849
889 167
890 39
890 760
890 13
891 5
891 145
891 555
892 464
892 91
892 3
893 24
893 696
893 227
894 562
894 113
894 1
895 842
895 354
895 4
896 206
896 521
896 683
897 888
897 162
897 158
898 201
898 239
898 205
899 231
899 527
899 99
900 443
900 68
900 134
901 385
901 494
901 191
902 257
902 13
902 684
903 187
903 67
903 492
904 584
904 225
904 135
905 864
905 629
905 47
906 69
906 159
906 1
907 187
907 33
907 840
908 876
908 424
908 196
909 125
909 239
909 403
910 463
910 147
910 643
911 9
911 49
911 231
912 80
912 408
912 454
913 68
913 236
913 712
914 67
914 616
914 126
915 350
915 220
915 23
916 366
916 151
916 434
917 543
917 911
917 219
918 235
918 545
918 28
919 119
919 100
919 605
920 22
920 9
920 147
921 873
921 362
921 9
922 685
922 469
922 420
923 248
923 4
923 403
924 117
924 198
924 384
925 147
925 148
925 719
926 848
926 190
926 544
927 117
927 532
927 524
928 410
928 901
928 365
929 693
929 436
929 37
930 30
930 144
930 14
931 553
931 590
931 533
932 3
932 222
932 231
933 838
933 398
933 166
934 136
934 43
934 797
935 1
935 705
935 142
936 165
936 88
936 46
937 466
937 539
937 0
938 173
938 841
938 295
939 74
939 249
939 710
940 603
940 244
940 28
941 441
941 471
941 894
942 664
942 56
942 27
943 81
943 64
943 634
944 188
944 2
944 22
945 66
945 524
945 204
946 827
946 3
946 258
947 706
947 474
947 828
948 776
948 339
948 785
949 354
949 42
949 11
950 67
950 394
950 520
951 443
951 346
951 135
952 780
952 161
952 90
953 90
953 10
953 117
954 249
954 123
954 941
955 247
955 264
955 313
956 3
956 204
956 1
957 864
957 773
957 780
958 13
958 19
958 404
959 395
959 10
959 550
960 160
960 631
960 147
961 127
961 9
961 4
962 478
962 0
962 19
963 226
963 424
963 96
964 489
964 1
964 304
965 25
965 0
965 924
966 754
966 107
966 640
967 248
967 323
967 264
968 383
968 855
968 487
969 703
969 954
969 793
970 39
970 9
970 245
971 13
971 430
971 6
972 735
972 8
972 28
973 257
973 172
973 652
974 647
974 56
974 7
975 267
975 315
975 223
976 472
976 735
976 674
977 23
977 167
977 87
978 0
978 107
978 15
979 1
979 138
979 6
980 550
980 1
980 117
981 335
981 899
981 217
982 2
982 691
982 719
983 216
983 17
983 319
984 900
984 89
984 16
985 227
985 1
985 247
986 16
986 238
986 288
987 6
987 471
987 2
988 402
988 202
988 46
989 799
989 3
989 988
990 379
990 307
990 166
991 212
991 63
991 807
992 514
992 95
992 462
993 820
993 522
993 890
994 14
994 406
994 99
995 181
995 588
995 40
996 581
996 251
996 68
997 713
997 930
997 465
998 3
998 404
998 487
999 102
999 560
999 36
