0 1
1 0
2 0
2 1
3 0
3 1
3 2
4 0
4 2
4 1
5 2
5 0
5 3
6 1
6 3
6 2
7 1
7 2
7 0
8 1
8 3
8 6
9 2
9 1
9 7
10 1
10 0
10 9
11 0
11 2
11 8
12 1
12 7
12 0
13 12
13 2
13 0
14 1
14 0
14 2
15 2
15 6
15 0
16 0
16 1
16 2
17 0
17 10
17 2
18 0
18 2
18 4
19 5
19 3
19 1
20 14
20 0
20 1
21 2
21 0
21 6
22 9
22 8
22 1
23 1
23 22
23 6
24 1
24 6
24 3
25 1
25 0
25 21
26 16
26 2
26 7
27 3
27 24
27 25
28 0
28 10
28 5
29 24
29 11
29 23
30 9
30 2
30 7
31 9
31 29
31 0
32 6
32 17
32 16
33 1
33 15
33 2
34 20
34 7
34 21
35 8
35 2
35 0
36 7
36 18
36 2
37 7
37 2
37 14
38 0
38 15
38 1
39 31
39 21
39 28
40 27
40 0
40 10
41 36
41 20
41 26
42 2
42 16
42 1
43 0
43 21
43 19
44 7
44 1
44 12
45 44
45 6
45 3
46 21
46 22
46 40
47 12
47 30
47 0
48 20
48 2
48 0
49 16
49 40
49 21
50 26
50 20
50 18
51 26
51 11
51 7
52 2
52 0
52 38
53 11
53 17
53 18
54 2
54 12
54 0
55 2
55 26
55 25
56 34
56 9
56 44
57 22
57 14
57 40
58 12
58 1
58 28
59 9
59 8
59 30
60 0
60 1
60 2
61 1
61 2
61 6
62 23
62 16
62 6
63 6
63 0
63 21
64 23
64 10
64 6
65 40
65 7
65 12
66 12
66 46
66 22
67 20
67 28
67 6
68 0
68 34
68 45
69 37
69 6
69 41
70 60
70 23
70 1
71 53
71 2
71 57
72 20
72 7
72 21
73 34
73 54
73 12
74 20
74 27
74 7
75 48
75 2
75 8
76 60
76 3
76 68
77 29
77 61
77 33
78 0
78 68
78 38
79 5
79 14
79 2
80 75
80 53
80 20
81 62
81 10
81 39
82 1
82 2
82 3
83 5
83 26
83 54
84 28
84 7
84 0
85 9
85 51
85 45
86 26
86 52
86 1
87 76
87 70
87 68
88 54
88 7
88 50
89 47
89 54
89 39
90 8
90 7
90 23
91 86
91 2
91 13
92 0
92 1
92 44
93 2
93 87
93 25
94 7
94 22
94 36
95 0
95 42
95 60
96 63
96 84
96 28
97 18
97 1
97 6
98 87
98 97
98 22
99 95
99 84
99 80
100 63
100 93
100 42
101 5
101 7
101 6
102 1
102 52
102 48
103 14
103 76
103 28
104 51
104 49
104 7
105 52
105 44
105 3
106 45
106 77
106 26
107 12
107 54
107 74
108 60
108 1
108 38
109 4
109 40
109 64
110 1
110 48
110 107
111 0
111 103
111 109
112 36
112 51
112 1
113 28
113 96
113 2
114 29
114 14
114 0
115 23
115 7
115 91
116 20
116 60
116 8
117 25
117 30
117 34
118 1
118 74
118 96
119 28
119 20
119 81
120 72
120 20
120 96
121 20
121 18
121 11
122 54
122 93
122 7
123 44
123 76
123 0
124 39
124 13
124 66
125 26
125 47
125 29
126 6
126 116
126 100
127 1
127 108
127 101
128 0
128 12
128 22
129 2
129 26
129 0
130 1
130 7
130 60
131 1
131 53
131 38
132 96
132 52
132 3
133 114
133 26
133 96
134 2
134 50
134 111
135 104
135 118
135 57
136 36
136 1
136 77
137 96
137 4
137 26
138 2
138 42
138 21
139 21
139 26
139 126
140 18
140 90
140 28
141 21
141 26
141 128
142 21
142 116
142 3
143 65
143 1
143 12
144 75
144 7
144 2
145 14
145 127
145 50
146 107
146 36
146 8
147 137
147 29
147 72
148 89
148 1
148 15
149 6
149 144
149 2
150 92
150 2
150 20
151 7
151 60
151 46
152 108
152 14
152 147
153 8
153 1
153 89
154 65
154 78
154 29
155 150
155 0
155 14
156 15
156 0
156 2
157 21
157 131
157 26
158 36
158 42
158 20
159 28
159 61
159 7
160 45
160 117
160 12
161 3
161 23
161 17
162 47
162 78
162 153
163 140
163 24
163 19
164 11
164 151
164 20
165 123
165 9
165 129
166 65
166 161
166 138
167 20
167 84
167 61
168 34
168 0
168 48
169 7
169 33
169 28
170 125
170 107
170 4
171 18
171 134
171 89
172 0
172 6
172 20
173 1
173 7
173 153
174 46
174 0
174 142
175 27
175 156
175 155
176 132
176 76
176 38
177 91
177 23
177 161
178 40
178 51
178 7
179 23
179 109
179 76
180 3
180 138
180 161
181 53
181 65
181 1
182 123
182 132
182 48
183 0
183 4
183 6
184 1
184 105
184 163
185 104
185 41
185 14
186 11
186 0
186 12
187 97
187 3
187 2
188 2
188 99
188 1
189 20
189 149
189 23
190 16
190 3
190 39
191 146
191 10
191 3
192 107
192 0
192 27
193 4
193 65
193 147
194 7
194 135
194 92
195 77
195 2
195 69
196 85
196 71
196 63
197 194
197 6
197 65
198 1
198 65
198 154
199 17
199 29
199 146
200 174
200 109
200 128
201 13
201 1
201 37
202 113
202 1
202 24
203 169
203 163
203 105
204 71
204 44
204 151
205 152
205 17
205 114
206 27
206 169
206 23
207 132
207 178
207 19
208 22
208 142
208 1
209 15
209 2
209 170
210 139
210 81
210 7
211 159
211 3
211 68
212 21
212 199
212 152
213 0
213 41
213 14
214 4
214 81
214 110
215 210
215 60
215 111
216 85
216 110
216 116
217 77
217 22
217 60
218 178
218 3
218 21
219 200
219 129
219 4
220 0
220 2
220 4
221 11
221 0
221 7
222 72
222 1
222 40
223 8
223 54
223 57
224 77
224 183
224 179
225 42
225 11
225 2
226 31
226 1
226 52
227 44
227 68
227 108
228 116
228 1
228 30
229 218
229 18
229 1
230 126
230 113
230 70
231 209
231 11
231 96
232 2
232 14
232 12
233 29
233 70
233 2
234 111
234 192
234 227
235 1
235 90
235 8
236 30
236 2
236 79
237 29
237 67
237 1
238 3
238 5
238 28
239 231
239 21
239 2
240 91
240 101
240 0
241 40
241 12
241 34
242 27
242 105
242 176
243 89
243 61
243 26
244 132
244 90
244 182
245 113
245 152
245 41
246 87
246 109
246 16
247 61
247 9
247 145
248 132
248 53
248 47
249 167
249 77
249 41
250 91
250 93
250 234
251 129
251 7
251 137
252 109
252 190
252 226
253 251
253 84
253 2
254 125
254 86
254 107
255 22
255 191
255 7
256 133
256 202
256 224
257 0
257 4
257 21
258 63
258 95
258 79
259 115
259 26
259 160
260 25
260 18
260 22
261 18
261 20
261 63
262 108
262 84
262 36
263 21
263 128
263 170
264 261
264 0
264 42
265 85
265 68
265 213
266 108
266 119
266 12
267 18
267 81
267 153
268 24
268 89
268 15
269 75
269 175
269 74
270 5
270 31
270 6
271 169
271 2
271 22
272 38
272 105
272 2
273 72
273 28
273 45
274 7
274 100
274 236
275 21
275 1
275 122
276 10
276 11
276 3
277 253
277 111
277 60
278 17
278 143
278 1
279 220
279 23
279 114
280 104
280 112
280 246
281 4
281 200
281 240
282 270
282 233
282 7
283 39
283 180
283 90
284 209
284 190
284 11
285 10
285 0
285 42
286 271
286 96
286 0
287 137
287 60
287 279
288 47
288 62
288 239
289 72
289 173
289 175
290 17
290 2
290 1
291 278
291 98
291 31
292 105
292 106
292 22
293 6
293 8
293 88
294 74
294 30
294 129
295 105
295 103
295 65
296 96
296 25
296 1
297 2
297 279
297 168
298 57
298 82
298 168
299 26
299 277
299 31
300 154
300 60
300 268
301 239
301 1
301 100
302 248
302 0
302 1
303 2
303 92
303 152
304 276
304 40
304 23
305 111
305 199
305 152
306 1
306 21
306 152
307 97
307 2
307 270
308 34
308 1
308 132
309 88
309 42
309 53
310 201
310 3
310 132
311 77
311 248
311 208
312 132
312 23
312 290
313 43
313 161
313 87
314 219
314 270
314 22
315 135
315 1
315 282
316 95
316 43
316 52
317 218
317 7
317 91
318 28
318 116
318 37
319 0
319 72
319 87
320 113
320 1
320 269
321 1
321 44
321 158
322 205
322 3
322 181
323 3
323 53
323 155
324 0
324 205
324 248
325 65
325 245
325 176
326 54
326 127
326 215
327 85
327 232
327 2
328 278
328 290
328 2
329 306
329 23
329 57
330 2
330 325
330 147
331 256
331 169
331 320
332 0
332 20
332 287
333 153
333 117
333 286
334 47
334 178
334 63
335 37
335 234
335 2
336 279
336 11
336 187
337 200
337 55
337 121
338 2
338 104
338 13
339 109
339 141
339 162
340 267
340 335
340 63
341 1
341 208
341 7
342 13
342 92
342 132
343 163
343 1
343 26
344 120
344 162
344 294
345 47
345 298
345 248
346 18
346 47
346 248
347 185
347 0
347 20
348 276
348 54
348 90
349 5
349 29
349 321
350 200
350 109
350 11
351 153
351 146
351 242
352 0
352 223
352 201
353 188
353 84
353 306
354 148
354 125
354 158
355 72
355 239
355 171
356 339
356 232
356 269
357 55
357 180
357 1
358 2
358 167
358 32
359 93
359 298
359 79
360 89
360 6
360 7
361 175
361 270
361 213
362 11
362 278
362 290
363 153
363 81
363 132
364 2
364 1
364 114
365 170
365 153
365 91
366 24
366 153
366 95
367 207
367 169
367 302
368 0
368 26
368 115
369 286
369 346
369 1
370 47
370 40
370 93
371 138
371 97
371 7
372 12
372 52
372 241
373 113
373 1
373 280
374 355
374 111
374 62
375 28
375 213
375 260
376 1
376 132
376 41
377 228
377 15
377 229
378 122
378 26
378 334
379 20
379 376
379 208
380 376
380 328
380 162
381 243
381 20
381 104
382 240
382 42
382 297
383 374
383 26
383 171
384 23
384 15
384 241
385 115
385 68
385 129
386 39
386 0
386 89
387 270
387 25
387 347
388 89
388 92
388 302
389 67
389 23
389 153
390 275
390 17
390 125
391 112
391 6
391 162
392 8
392 169
392 162
393 107
393 143
393 6
394 120
394 167
394 382
395 44
395 20
395 221
396 332
396 352
396 1
397 74
397 6
397 122
398 145
398 264
398 6
399 213
399 9
399 14
400 92
400 226
400 77
401 242
401 178
401 168
402 149
402 85
402 7
403 20
403 325
403 60
404 7
404 162
404 94
405 48
405 231
405 151
406 243
406 6
406 289
407 47
407 77
407 63
408 229
408 314
408 109
409 14
409 112
409 163
410 6
410 180
410 61
411 81
411 39
411 3
412 158
412 250
412 362
413 2
413 37
413 7
414 403
414 241
414 2
415 282
415 264
415 76
416 241
416 28
416 69
417 1
417 186
417 179
418 248
418 367
418 26
419 17
419 1
419 222
420 355
420 188
420 395
421 310
421 353
421 188
422 39
422 45
422 305
423 6
423 30
423 294
424 158
424 65
424 8
425 19
425 21
425 61
426 8
426 109
426 137
427 68
427 290
427 291
428 95
428 96
428 110
429 158
429 138
429 8
430 7
430 167
430 125
431 1
431 3
431 320
432 111
432 54
432 147
433 432
433 166
433 38
434 421
434 42
434 328
435 79
435 183
435 118
436 319
436 60
436 372
437 212
437 431
437 222
438 63
438 375
438 95
439 23
439 13
439 54
440 147
440 2
440 109
441 353
441 200
441 328
442 41
442 299
442 1
443 34
443 38
443 317
444 177
444 160
444 243
445 81
445 115
445 0
446 356
446 184
446 202
447 113
447 116
447 11
448 94
448 96
448 4
449 447
449 20
449 76
450 52
450 18
450 401
451 428
451 134
451 27
452 99
452 226
452 152
453 350
453 75
453 362
454 162
454 94
454 10
455 286
455 262
455 224
456 47
456 248
456 6
457 193
457 412
457 159
458 3
458 57
458 36
459 325
459 12
459 1
460 222
460 14
460 8
461 340
461 56
461 323
462 170
462 272
462 117
463 422
463 196
463 98
464 251
464 21
464 175
465 151
465 305
465 126
466 8
466 0
466 334
467 270
467 90
467 26
468 29
468 39
468 248
469 342
469 5
469 28
470 304
470 76
470 17
471 4
471 68
471 23
472 409
472 122
472 142
473 18
473 0
473 38
474 57
474 305
474 1
475 23
475 239
475 193
476 399
476 266
476 158
477 125
477 244
477 323
478 2
478 22
478 1
479 65
479 28
479 152
480 22
480 21
480 41
481 324
481 7
481 1
482 158
482 263
482 207
483 312
483 471
483 7
484 213
484 5
484 89
485 23
485 16
485 161
486 456
486 24
486 10
487 374
487 167
487 52
488 21
488 47
488 59
489 268
489 133
489 65
490 40
490 340
490 289
491 465
491 388
491 74
492 487
492 29
492 2
493 473
493 29
493 135
494 20
494 125
494 418
495 110
495 458
495 20
496 426
496 17
496 354
497 367
497 3
497 130
498 431
498 30
498 7
499 1
499 322
499 258
500 89
500 340
500 140
501 239
501 218
501 354
502 301
502 7
502 163
503 403
503 16
503 273
504 92
504 133
504 378
505 9
505 84
505 246
506 259
506 411
506 113
507 297
507 223
507 113
508 297
508 313
508 321
509 0
509 92
509 412
510 208
510 111
510 51
511 369
511 414
511 84
512 2
512 0
512 45
513 21
513 47
513 28
514 44
514 119
514 496
515 96
515 12
515 212
516 153
516 0
516 28
517 103
517 21
517 168
518 15
518 327
518 0
519 14
519 1
519 54
520 95
520 73
520 7
521 96
521 187
521 142
522 348
522 6
522 300
523 65
523 403
523 0
524 300
524 87
524 271
525 445
525 204
525 169
526 26
526 360
526 210
527 188
527 117
527 34
528 495
528 161
528 104
529 96
529 180
529 172
530 158
530 14
530 0
531 437
531 422
531 57
532 342
532 492
532 153
533 66
533 20
533 78
534 25
534 18
534 47
535 169
535 55
535 509
536 95
536 239
536 1
537 91
537 95
537 293
538 5
538 15
538 16
539 1
539 95
539 166
540 130
540 65
540 377
541 68
541 21
541 113
542 292
542 3
542 23
543 29
543 152
543 193
544 4
544 234
544 181
545 153
545 464
545 168
546 239
546 129
546 21
547 55
547 314
547 512
548 452
548 28
548 166
549 224
549 207
549 510
550 143
550 117
550 142
551 50
551 42
551 293
552 474
552 299
552 200
553 203
553 192
553 21
554 74
554 360
554 239
555 437
555 225
555 63
556 13
556 117
556 85
557 46
557 422
557 2
558 3
558 22
558 271
559 13
559 163
559 181
560 218
560 414
560 8
561 264
561 357
561 20
562 37
562 54
562 61
563 54
563 7
563 0
564 10
564 76
564 244
565 311
565 407
565 183
566 334
566 325
566 85
567 36
567 146
567 504
568 391
568 508
568 6
569 26
569 186
569 40
570 6
570 5
570 76
571 89
571 199
571 158
572 149
572 534
572 221
573 294
573 0
573 1
574 199
574 477
574 109
575 16
575 153
575 561
576 1
576 148
576 229
577 38
577 475
577 20
578 40
578 200
578 202
579 400
579 494
579 170
580 15
580 104
580 528
581 430
581 321
581 8
582 112
582 351
582 51
583 293
583 81
583 459
584 44
584 340
584 92
585 155
585 294
585 46
586 421
586 214
586 132
587 281
587 6
587 230
588 1
588 50
588 238
589 33
589 30
589 173
590 321
590 153
590 137
591 434
591 12
591 200
592 122
592 60
592 62
593 509
593 2
593 424
594 20
594 26
594 306
595 41
595 21
595 10
596 226
596 9
596 176
597 253
597 0
597 508
598 213
598 1
598 3
599 37
599 20
599 2
600 583
600 269
600 189
601 26
601 377
601 62
602 84
602 305
602 174
603 252
603 167
603 515
604 278
604 146
604 6
605 279
605 334
605 42
606 33
606 312
606 87
607 360
607 26
607 18
608 6
608 591
608 457
609 580
609 7
609 191
610 80
610 120
610 29
611 2
611 241
611 386
612 19
612 564
612 23
613 147
613 104
613 15
614 30
614 39
614 26
615 47
615 87
615 122
616 22
616 0
616 241
617 39
617 153
617 228
618 138
618 1
618 483
619 133
619 153
619 317
620 163
620 572
620 317
621 60
621 92
621 1
622 113
622 6
622 10
623 208
623 18
623 407
624 295
624 379
624 430
625 479
625 490
625 145
626 129
626 171
626 331
627 125
627 293
627 131
628 215
628 397
628 399
629 169
629 438
629 60
630 499
630 406
630 0
631 0
631 325
631 58
632 410
632 12
632 221
633 81
633 243
633 572
634 65
634 134
634 74
635 360
635 175
635 8
636 463
636 125
636 563
637 431
637 96
637 174
638 123
638 417
638 50
639 83
639 479
639 24
640 233
640 194
640 337
641 63
641 17
641 103
642 191
642 31
642 183
643 542
643 58
643 298
644 44
644 12
644 1
645 25
645 63
645 297
646 191
646 340
646 546
647 10
647 371
647 258
648 74
648 18
648 603
649 50
649 168
649 15
650 194
650 20
650 570
651 116
651 1
651 341
652 37
652 220
652 592
653 168
653 611
653 18
654 360
654 76
654 4
655 131
655 186
655 583
656 343
656 286
656 141
657 20
657 182
657 169
658 38
658 198
658 389
659 6
659 492
659 111
660 108
660 74
660 528
661 1
661 63
661 4
662 278
662 104
662 399
663 25
663 83
663 366
664 37
664 21
664 54
665 125
665 1
665 119
666 562
666 636
666 350
667 464
667 0
667 530
668 409
668 5
668 359
669 42
669 66
669 38
670 189
670 536
670 289
671 437
671 21
671 316
672 383
672 147
672 233
673 178
673 128
673 0
674 222
674 2
674 57
675 19
675 66
675 52
676 527
676 95
676 116
677 185
677 290
677 525
678 109
678 77
678 162
679 573
679 188
679 107
680 96
680 99
680 21
681 372
681 119
681 101
682 511
682 539
682 496
683 6
683 278
683 620
684 187
684 250
684 315
685 329
685 574
685 271
686 38
686 185
686 135
687 0
687 53
687 30
688 280
688 1
688 2
689 60
689 39
689 334
690 29
690 443
690 134
691 31
691 57
691 654
692 1
692 93
692 79
693 256
693 275
693 161
694 22
694 587
694 535
695 144
695 573
695 23
696 47
696 528
696 532
697 166
697 635
697 521
698 2
698 108
698 35
699 222
699 161
699 494
700 91
700 226
700 404
701 45
701 158
701 240
702 368
702 103
702 118
703 30
703 609
703 2
704 168
704 129
704 590
705 13
705 404
705 12
706 680
706 213
706 611
707 3
707 180
707 698
708 550
708 167
708 193
709 209
709 52
709 281
710 133
710 269
710 226
711 137
711 280
711 80
712 471
712 192
712 383
713 60
713 90
713 24
714 54
714 497
714 163
715 459
715 436
715 432
716 686
716 597
716 482
717 455
717 23
717 68
718 167
718 367
718 421
719 7
719 232
719 280
720 63
720 64
720 192
721 539
721 436
721 242
722 314
722 21
722 437
723 96
723 78
723 9
724 504
724 435
724 614
725 103
725 474
725 28
726 63
726 0
726 129
727 8
727 27
727 199
728 515
728 17
728 112
729 43
729 41
729 103
730 460
730 710
730 1
731 129
731 550
731 181
732 181
732 355
732 295
733 585
733 7
733 45
734 526
734 12
734 426
735 636
735 168
735 1
736 588
736 37
736 153
737 581
737 151
737 114
738 215
738 585
738 51
739 21
739 14
739 337
740 1
740 101
740 623
741 170
741 653
741 79
742 705
742 1
742 741
743 75
743 63
743 533
744 460
744 591
744 366
745 26
745 39
745 96
746 11
746 289
746 223
747 1
747 7
747 330
748 509
748 221
748 2
749 436
749 11
749 242
750 312
750 131
750 1
751 8
751 10
751 313
752 349
752 742
752 60
753 116
753 611
753 542
754 245
754 210
754 357
755 271
755 23
755 120
756 163
756 591
756 76
757 652
757 746
757 92
758 602
758 109
758 77
759 2
759 74
759 111
760 74
760 220
760 237
761 537
761 516
761 448
762 290
762 39
762 664
763 36
763 118
763 0
764 7
764 115
764 3
765 315
765 261
765 133
766 134
766 39
766 688
767 96
767 417
767 45
768 622
768 122
768 41
769 6
769 65
769 766
770 218
770 721
770 40
771 168
771 633
771 31
772 26
772 42
772 6
773 125
773 12
773 135
774 166
774 76
774 698
775 723
775 20
775 740
776 239
776 306
776 23
777 305
777 87
777 93
778 77
778 724
778 95
779 157
779 146
779 2
780 490
780 2
780 3
781 116
781 372
781 208
782 6
782 437
782 239
783 777
783 475
783 662
784 492
784 21
784 142
785 305
785 414
785 529
786 167
786 12
786 483
787 611
787 426
787 0
788 153
788 8
788 161
789 263
789 537
789 369
790 152
790 168
790 78
791 79
791 122
791 209
792 171
792 95
792 77
793 99
793 495
793 235
794 192
794 656
794 637
795 153
795 637
795 290
796 540
796 410
796 264
797 290
797 151
797 7
798 62
798 123
798 294
799 129
799 63
799 21
800 28
800 122
800 577
801 409
801 154
801 180
802 20
802 339
802 423
803 137
803 104
803 298
804 556
804 34
804 17
805 707
805 75
805 0
806 542
806 180
806 7
807 222
807 1
807 717
808 3
808 338
808 416
809 679
809 6
809 7
810 45
810 701
810 2
811 579
811 681
811 248
812 206
812 496
812 48
813 198
813 597
813 412
814 129
814 226
814 95
815 215
815 653
815 409
816 2
816 28
816 117
817 16
817 572
817 125
818 372
818 15
818 152
819 0
819 300
819 30
820 697
820 152
820 510
821 24
821 664
821 280
822 42
822 145
822 553
823 243
823 241
823 26
824 221
824 38
824 484
825 41
825 96
825 579
826 461
826 40
826 224
827 65
827 768
827 163
828 225
828 36
828 481
829 37
829 45
829 87
830 735
830 275
830 183
831 248
831 54
831 2
832 456
832 166
832 333
833 743
833 575
833 40
834 284
834 452
834 542
835 0
835 96
835 166
836 85
836 49
836 325
837 1
837 63
837 580
838 653
838 5
838 695
839 180
839 36
839 492
840 83
840 320
840 20
841 130
841 14
841 326
842 155
842 382
842 421
843 737
843 666
843 153
844 16
844 344
844 381
845 483
845 42
845 796
846 445
846 510
846 428
847 628
847 561
847 308
848 0
848 2
848 666
849 2
849 305
849 245
850 65
850 535
850 1
851 670
851 20
851 1
852 26
852 85
852 186
853 14
853 125
853 302
854 28
854 234
854 105
855 152
855 840
855 21
856 821
856 604
856 403
857 40
857 567
857 53
858 287
858 226
858 284
859 77
859 572
859 2
860 844
860 152
860 47
861 815
861 496
861 300
862 21
862 18
862 612
863 137
863 152
863 238
864 12
864 107
864 685
865 528
865 275
865 26
866 153
866 42
866 213
867 151
867 680
867 2
868 828
868 226
868 39
869 753
869 48
869 524
870 113
870 66
870 42
871 243
871 3
871 849
872 843
872 45
872 1
873 411
873 506
873 824
874 218
874 280
874 456
875 571
875 457
875 10
876 798
876 640
876 567
877 109
877 30
877 1
878 248
878 47
878 344
879 313
879 109
879 8
880 119
880 148
880 78
881 689
881 6
881 21
882 270
882 81
882 375
883 178
883 486
883 717
884 603
884 179
884 9
885 346
885 39
885 140
886 849
886 3
886 612
887 96
887 579
887 849
888 254
888 4
888 20
889 21
889 55
889 843
890 79
890 15
890 608
891 283
891 280
891 15
892 22
892 92
892 768
893 476
893 48
893 620
894 11
894 20
894 201
895 523
895 812
895 313
896 715
896 357
896 704
897 4
897 42
897 0
898 72
898 166
898 20
899 72
899 310
899 714
900 199
900 39
900 78
901 565
901 853
901 546
902 26
902 8
902 65
903 282
903 95
903 723
904 792
904 842
904 585
905 547
905 535
905 839
906 28
906 813
906 6
907 40
907 399
907 450
908 365
908 114
908 746
909 563
909 1
909 173
910 47
910 284
910 81
911 686
911 47
911 4
912 2
912 576
912 30
913 106
913 27
913 66
914 337
914 205
914 666
915 91
915 418
915 1
916 408
916 509
916 410
917 773
917 129
917 2
918 650
918 3
918 493
919 1
919 85
919 772
920 194
920 1
920 793
921 95
921 5
921 0
922 471
922 376
922 810
923 62
923 824
923 411
924 896
924 781
924 81
925 20
925 769
925 577
926 593
926 1
926 241
927 39
927 49
927 211
928 96
928 209
928 323
929 36
929 367
929 382
930 634
930 706
930 241
931 3
931 191
931 750
932 619
932 211
932 394
933 272
933 519
933 557
934 44
934 38
934 923
935 90
935 0
935 7
936 567
936 641
936 235
937 895
937 7
937 22
938 100
938 732
938 26
939 26
939 84
939 843
940 78
940 54
940 1
941 542
941 676
941 26
942 546
942 9
942 5
943 97
943 808
943 34
944 64
944 869
944 885
945 170
945 428
945 425
946 380
946 150
946 198
947 230
947 42
947 180
948 25
948 1
948 339
949 68
949 12
949 144
950 15
950 907
950 12
951 20
951 125
951 412
952 263
952 1
952 907
953 574
953 376
953 260
954 224
954 885
954 104
955 319
955 549
955 498
956 276
956 430
956 920
957 103
957 65
957 28
958 332
958 361
958 161
959 720
959 87
959 872
960 62
960 55
960 248
961 100
961 265
961 21
962 726
962 20
962 525
963 189
963 453
963 57
964 37
964 957
964 292
965 34
965 893
965 39
966 33
966 12
966 176
967 229
967 580
967 265
968 371
968 494
968 125
969 449
969 68
969 573
970 129
970 269
970 162
971 1
971 806
971 499
972 391
972 1
972 306
973 282
973 384
973 272
974 293
974 144
974 342
975 243
975 966
975 402
976 258
976 674
976 248
977 365
977 53
977 226
978 178
978 494
978 97
979 199
979 366
979 594
980 807
980 871
980 3
981 390
981 31
981 297
982 88
982 471
982 457
983 15
983 2
983 433
984 916
984 54
984 213
985 293
985 11
985 913
986 748
986 407
986 542
987 44
987 328
987 156
988 944
988 308
988 50
989 98
989 281
989 60
990 1
990 632
990 108
991 236
991 607
991 17
992 335
992 162
992 39
993 40
993 56
993 676
994 526
994 39
994 115
995 974
995 553
995 505
996 511
996 104
996 244
997 25
997 632
997 889
998 618
998 116
998 171
999 261
999 335
999 351
