0 1
0 2
0 3
0 9
0 10
0 11
0 22
1 0
1 2
1 3
1 4
1 5
1 6
1 12
2 0
2 1
2 3
2 4
2 5
2 6
2 9
3 2
3 0
3 1
3 4
3 5
3 7
3 8
4 3
4 1
4 2
4 6
4 7
4 10
4 16
5 1
5 2
5 3
5 8
5 9
5 10
5 11
6 2
6 1
6 4
6 7
6 15
6 17
6 19
7 3
7 6
7 4
7 8
7 14
7 21
7 23
8 5
8 3
8 7
8 11
8 12
8 13
8 15
9 2
9 5
9 0
9 14
9 18
9 30
9 35
10 0
10 5
10 4
10 28
11 8
11 5
11 0
11 19
11 21
11 22
11 30
12 1
12 2
12 8
12 16
12 21
12 25
12 28
13 5
13 3
13 8
14 3
14 7
14 9
14 29
15 6
15 3
15 8
15 24
15 29
16 3
16 4
16 12
16 41
17 3
17 6
17 4
17 19
17 32
18 4
18 9
18 2
18 36
18 38
18 40
18 45
19 17
19 6
19 11
20 4
20 5
20 2
21 12
21 7
21 11
22 11
22 5
22 0
22 45
23 7
23 4
23 0
23 25
23 41
23 47
24 5
24 8
24 15
24 38
25 23
25 12
25 1
25 27
25 30
25 34
25 35
26 4
26 8
26 2
26 36
26 49
27 3
27 8
27 25
27 31
27 39
28 8
28 10
28 12
28 33
29 14
29 8
29 15
30 25
30 11
30 9
31 3
31 1
31 27
32 1
32 6
32 17
32 37
32 49
33 28
33 2
33 6
34 7
34 8
34 25
34 44
34 47
35 9
35 8
35 25
36 26
36 18
36 7
37 32
37 7
37 2
37 40
37 48
38 0
38 18
38 24
39 27
39 8
39 9
40 3
40 37
40 18
40 43
41 7
41 23
41 16
42 5
42 1
42 2
43 7
43 3
43 40
44 4
44 12
44 34
45 22
45 25
45 18
46 3
46 7
46 8
47 2
47 23
47 34
47 49
48 37
48 6
48 11
49 47
49 26
49 32
