0 1
1 0
2 0
2 1
3 0
3 1
3 2
4 0
4 2
4 1
5 4
5 3
5 2
6 2
6 0
6 1
7 5
7 1
7 2
8 2
8 4
8 0
9 3
9 1
9 2
10 0
10 1
10 5
11 0
11 3
11 1
12 2
12 4
12 0
13 5
13 2
13 0
14 4
14 2
14 1
15 1
15 11
15 3
16 2
16 4
16 1
17 4
17 1
17 14
18 0
18 5
18 4
19 12
19 1
19 9
20 6
20 2
20 8
21 16
21 12
21 18
22 8
22 1
22 2
23 11
23 0
23 1
24 2
24 8
24 15
25 4
25 23
25 8
26 5
26 19
26 0
27 11
27 1
27 0
28 4
28 14
28 0
29 6
29 0
29 4
30 10
30 0
30 3
31 28
31 2
31 14
32 5
32 19
32 11
33 12
33 32
33 2
34 18
34 1
34 12
35 22
35 28
35 1
36 15
36 2
36 0
37 25
37 4
37 19
38 12
38 16
38 5
39 1
39 3
39 6
40 16
40 2
40 0
41 9
41 1
41 18
42 0
42 6
42 1
43 15
43 11
43 12
44 2
44 18
44 19
45 22
45 4
45 39
46 3
46 34
46 1
47 37
47 28
47 4
48 0
48 36
48 21
49 4
49 2
49 46
50 3
50 19
50 23
51 3
51 16
51 1
52 1
52 39
52 0
53 4
53 1
53 43
54 22
54 28
54 0
55 0
55 43
55 4
56 42
56 21
56 0
57 18
57 16
57 44
58 12
58 1
58 19
59 0
59 3
59 10
60 47
60 32
60 51
61 1
61 22
61 9
62 13
62 4
62 36
63 14
63 18
63 21
64 28
64 59
64 19
65 11
65 1
65 18
66 0
66 31
66 2
67 1
67 27
67 5
68 0
68 36
68 19
69 5
69 41
69 23
70 38
70 5
70 31
71 8
71 24
71 34
72 39
72 64
72 14
73 1
73 66
73 19
74 6
74 69
74 19
75 1
75 0
75 21
76 3
76 1
76 32
77 46
77 0
77 50
78 1
78 20
78 16
79 70
79 11
79 25
80 57
80 34
80 68
81 0
81 10
81 19
82 21
82 33
82 4
83 12
83 32
83 36
84 2
84 53
84 54
85 15
85 54
85 72
86 43
86 64
86 21
87 29
87 18
87 0
88 35
88 58
88 43
89 76
89 1
89 26
90 68
90 78
90 21
91 0
91 50
91 36
92 37
92 83
92 44
93 2
93 10
93 1
94 46
94 14
94 40
95 83
95 64
95 72
96 0
96 82
96 74
97 36
97 81
97 4
98 6
98 32
98 22
99 3
99 0
99 50
100 1
100 81
100 36
101 30
101 22
101 0
102 26
102 23
102 0
103 60
103 15
103 1
104 6
104 1
104 30
105 1
105 39
105 0
106 93
106 68
106 29
107 0
107 32
107 100
108 105
108 2
108 0
109 66
109 5
109 98
110 1
110 18
110 0
111 32
111 8
111 105
112 4
112 1
112 60
113 24
113 94
113 2
114 72
114 100
114 33
115 81
115 4
115 20
116 7
116 36
116 54
117 19
117 100
117 5
118 1
118 16
118 70
119 89
119 21
119 24
120 105
120 1
120 6
121 36
121 111
121 15
122 32
122 2
122 1
123 44
123 0
123 4
124 28
124 42
124 41
125 1
125 21
125 26
126 79
126 1
126 34
127 35
127 1
127 102
128 28
128 112
128 2
129 11
129 22
129 123
130 27
130 67
130 20
131 59
131 107
131 108
132 8
132 31
132 16
133 11
133 57
133 4
134 5
134 65
134 17
135 55
135 121
135 6
136 78
136 5
136 45
137 1
137 68
137 39
138 49
138 0
138 1
139 97
139 0
139 32
140 80
140 16
140 39
141 99
141 4
141 1
142 56
142 28
142 73
143 15
143 24
143 43
144 139
144 19
144 23
145 4
145 2
145 44
146 21
146 18
146 1
147 19
147 119
147 2
148 72
148 52
148 102
149 10
149 5
149 19
150 42
150 0
150 5
151 22
151 124
151 142
152 32
152 37
152 149
153 113
153 103
153 101
154 122
154 32
154 16
155 0
155 11
155 89
156 1
156 82
156 100
157 11
157 33
157 156
158 59
158 52
158 4
159 98
159 102
159 127
160 118
160 12
160 60
161 24
161 45
161 20
162 39
162 18
162 68
163 2
163 89
163 16
164 4
164 100
164 34
165 87
165 147
165 142
166 61
166 9
166 114
167 7
167 75
167 98
168 67
168 13
168 14
169 80
169 2
169 1
170 128
170 63
170 38
171 24
171 155
171 108
172 20
172 159
172 60
173 100
173 78
173 105
174 11
174 131
174 139
175 125
175 14
175 140
176 100
176 2
176 156
177 100
177 8
177 24
178 0
178 162
178 1
179 6
179 89
179 4
180 19
180 98
180 0
181 122
181 148
181 2
182 153
182 122
182 39
183 127
183 3
183 37
184 155
184 118
184 37
185 156
185 33
185 11
186 3
186 100
186 14
187 5
187 132
187 143
188 22
188 9
188 163
189 133
189 39
189 141
190 1
190 2
190 78
191 159
191 57
191 128
192 0
192 25
192 12
193 0
193 26
193 79
194 111
194 62
194 55
195 9
195 21
195 0
196 23
196 4
196 132
197 4
197 108
197 6
198 41
198 5
198 144
199 0
199 67
199 37
200 91
200 1
200 108
201 1
201 159
201 36
202 123
202 44
202 2
203 172
203 59
203 188
204 112
204 20
204 81
205 169
205 107
205 87
206 4
206 1
206 24
207 131
207 4
207 164
208 4
208 141
208 73
209 155
209 157
209 89
210 161
210 23
210 126
211 73
211 25
211 112
212 87
212 101
212 124
213 157
213 0
213 16
214 181
214 149
214 140
215 22
215 145
215 4
216 147
216 108
216 1
217 36
217 33
217 15
218 188
218 1
218 12
219 38
219 146
219 18
220 154
220 71
220 15
221 2
221 15
221 18
222 12
222 1
222 11
223 5
223 114
223 147
224 214
224 126
224 13
225 101
225 118
225 158
226 88
226 14
226 16
227 64
227 100
227 87
228 45
228 167
228 137
229 2
229 182
229 178
230 212
230 20
230 19
231 18
231 24
231 102
232 146
232 1
232 14
233 162
233 19
233 231
234 138
234 124
234 149
235 14
235 126
235 1
236 38
236 16
236 76
237 89
237 54
237 72
238 68
238 38
238 11
239 129
239 64
239 46
240 31
240 86
240 179
241 5
241 1
241 20
242 0
242 31
242 2
243 200
243 205
243 121
244 18
244 63
244 204
245 76
245 0
245 21
246 237
246 49
246 73
247 15
247 137
247 111
248 32
248 213
248 0
249 70
249 21
249 1
250 0
250 15
250 203
251 101
251 240
251 10
252 81
252 207
252 40
253 2
253 7
253 5
254 108
254 224
254 49
255 5
255 0
255 144
256 155
256 170
256 38
257 1
257 21
257 56
258 182
258 0
258 36
259 203
259 1
259 118
260 2
260 213
260 147
261 225
261 18
261 73
262 92
262 41
262 1
263 27
263 102
263 3
264 177
264 5
264 1
265 176
265 15
265 11
266 245
266 0
266 212
267 16
267 147
267 6
268 166
268 261
268 5
269 209
269 7
269 126
270 235
270 153
270 1
271 181
271 172
271 78
272 107
272 212
272 32
273 172
273 56
273 70
274 258
274 162
274 1
275 88
275 205
275 1
276 213
276 264
276 2
277 5
277 62
277 0
278 8
278 49
278 60
279 24
279 100
279 128
280 165
280 15
280 184
281 235
281 240
281 78
282 31
282 24
282 90
283 240
283 260
283 19
284 2
284 261
284 172
285 108
285 153
285 68
286 70
286 4
286 131
287 75
287 11
287 231
288 285
288 68
288 57
289 1
289 15
289 0
290 226
290 106
290 45
291 5
291 1
291 149
292 203
292 0
292 277
293 275
293 2
293 44
294 12
294 284
294 213
295 88
295 21
295 198
296 290
296 35
296 265
297 181
297 197
297 5
298 2
298 0
298 60
299 19
299 21
299 24
300 155
300 128
300 30
301 108
301 2
301 116
302 66
302 4
302 138
303 44
303 2
303 103
304 0
304 182
304 109
305 147
305 130
305 211
306 30
306 0
306 19
307 0
307 212
307 2
308 5
308 245
308 126
309 1
309 3
309 210
310 26
310 31
310 110
311 178
311 33
311 1
312 63
312 2
312 82
313 206
313 0
313 231
314 0
314 245
314 128
315 39
315 33
315 86
316 23
316 19
316 5
317 292
317 252
317 2
318 32
318 5
318 28
319 47
319 1
319 219
320 159
320 5
320 310
321 16
321 1
321 132
322 28
322 159
322 181
323 0
323 30
323 176
324 295
324 70
324 10
325 0
325 3
325 14
326 4
326 149
326 21
327 285
327 304
327 97
328 188
328 40
328 234
329 105
329 114
329 155
330 210
330 310
330 112
331 162
331 142
331 149
332 11
332 26
332 243
333 142
333 32
333 234
334 218
334 296
334 174
335 7
335 81
335 187
336 309
336 1
336 74
337 31
337 244
337 265
338 80
338 206
338 304
339 10
339 39
339 146
340 34
340 8
340 0
341 4
341 193
341 29
342 297
342 4
342 32
343 129
343 68
343 328
344 126
344 240
344 41
345 7
345 282
345 36
346 206
346 110
346 86
347 212
347 43
347 105
348 294
348 82
348 28
349 74
349 5
349 18
350 4
350 0
350 54
351 33
351 235
351 1
352 8
352 123
352 4
353 316
353 203
353 226
354 2
354 125
354 242
355 30
355 18
355 174
356 44
356 1
356 352
357 105
357 31
357 4
358 182
358 257
358 299
359 125
359 23
359 301
360 6
360 359
360 57
361 257
361 87
361 138
362 311
362 359
362 39
363 21
363 28
363 267
364 22
364 5
364 313
365 19
365 5
365 341
366 245
366 28
366 209
367 234
367 108
367 81
368 0
368 140
368 134
369 0
369 83
369 1
370 154
370 57
370 239
371 65
371 363
371 103
372 257
372 187
372 145
373 53
373 182
373 172
374 2
374 1
374 303
375 108
375 178
375 37
376 12
376 83
376 90
377 173
377 227
377 171
378 26
378 245
378 353
379 11
379 320
379 54
380 49
380 15
380 1
381 169
381 89
381 285
382 372
382 16
382 3
383 22
383 7
383 102
384 48
384 147
384 3
385 2
385 369
385 60
386 34
386 125
386 24
387 227
387 49
387 33
388 152
388 35
388 181
389 18
389 360
389 20
390 164
390 245
390 341
391 1
391 380
391 5
392 4
392 56
392 384
393 59
393 302
393 2
394 256
394 348
394 25
395 96
395 105
395 338
396 6
396 198
396 2
397 198
397 139
397 4
398 92
398 224
398 396
399 230
399 23
399 2
400 265
400 379
400 103
401 3
401 75
401 36
402 78
402 252
402 242
403 0
403 82
403 401
404 374
404 11
404 1
405 84
405 194
405 213
406 216
406 377
406 176
407 2
407 349
407 16
408 20
408 35
408 2
409 327
409 1
409 254
410 150
410 28
410 393
411 368
411 354
411 149
412 126
412 1
412 388
413 291
413 188
413 18
414 39
414 175
414 118
415 40
415 324
415 132
416 397
416 67
416 224
417 142
417 74
417 16
418 22
418 129
418 388
419 20
419 255
419 46
420 213
420 143
420 19
421 29
421 32
421 209
422 223
422 172
422 14
423 1
423 3
423 239
424 122
424 104
424 143
425 281
425 242
425 229
426 342
426 154
426 141
427 355
427 118
427 33
428 224
428 174
428 301
429 391
429 4
429 257
430 352
430 283
430 49
431 211
431 326
431 34
432 126
432 26
432 401
433 381
433 34
433 151
434 0
434 38
434 86
435 64
435 139
435 81
436 87
436 317
436 379
437 194
437 35
437 106
438 1
438 281
438 172
439 76
439 6
439 29
440 244
440 66
440 27
441 210
441 437
441 11
442 12
442 100
442 1
443 176
443 133
443 0
444 56
444 138
444 186
445 436
445 362
445 252
446 227
446 344
446 1
447 107
447 33
447 4
448 10
448 0
448 223
449 188
449 12
449 89
450 56
450 3
450 353
451 7
451 2
451 358
452 11
452 28
452 277
453 294
453 100
453 0
454 25
454 203
454 29
455 383
455 10
455 16
456 89
456 100
456 104
457 419
457 262
457 178
458 28
458 42
458 2
459 52
459 74
459 25
460 285
460 127
460 327
461 4
461 272
461 225
462 33
462 288
462 343
463 73
463 68
463 282
464 32
464 19
464 291
465 262
465 1
465 441
466 0
466 400
466 100
467 105
467 123
467 39
468 425
468 365
468 5
469 128
469 3
469 216
470 27
470 275
470 356
471 334
471 172
471 182
472 37
472 5
472 32
473 0
473 390
473 224
474 45
474 28
474 274
475 106
475 4
475 156
476 23
476 99
476 7
477 127
477 4
477 211
478 88
478 319
478 33
479 77
479 313
479 437
480 315
480 2
480 18
481 32
481 23
481 186
482 379
482 172
482 381
483 464
483 159
483 197
484 134
484 424
484 296
485 285
485 15
485 100
486 147
486 337
486 28
487 142
487 57
487 305
488 39
488 43
488 343
489 230
489 156
489 172
490 401
490 93
490 135
491 93
491 142
491 52
492 73
492 22
492 26
493 5
493 429
493 337
494 73
494 2
494 30
495 425
495 15
495 2
496 18
496 46
496 92
497 379
497 107
497 366
498 310
498 285
498 93
499 140
499 194
499 108
500 365
500 467
500 368
501 252
501 56
501 226
502 244
502 21
502 267
503 70
503 312
503 50
504 135
504 421
504 4
505 332
505 459
505 68
506 1
506 503
506 58
507 275
507 501
507 1
508 255
508 1
508 4
509 258
509 4
509 453
510 257
510 224
510 100
511 465
511 48
511 195
512 240
512 301
512 208
513 509
513 245
513 281
514 176
514 181
514 119
515 50
515 226
515 250
516 240
516 268
516 502
517 16
517 315
517 1
518 116
518 119
518 142
519 5
519 374
519 244
520 296
520 5
520 125
521 511
521 392
521 27
522 41
522 245
522 243
523 356
523 0
523 64
524 2
524 463
524 15
525 285
525 60
525 217
526 325
526 64
526 16
527 0
527 523
527 176
528 118
528 207
528 5
529 314
529 252
529 28
530 27
530 474
530 100
531 245
531 102
531 183
532 151
532 100
532 0
533 119
533 455
533 146
534 108
534 29
534 437
535 315
535 14
535 349
536 28
536 55
536 23
537 159
537 488
537 107
538 1
538 490
538 156
539 472
539 313
539 377
540 63
540 445
540 317
541 134
541 371
541 45
542 82
542 147
542 239
543 495
543 150
543 164
544 349
544 451
544 463
545 1
545 277
545 212
546 418
546 226
546 18
547 275
547 57
547 19
548 93
548 517
548 48
549 242
549 65
549 61
550 46
550 225
550 313
551 28
551 30
551 319
552 1
552 135
552 520
553 15
553 12
553 0
554 1
554 507
554 261
555 39
555 356
555 296
556 56
556 491
556 37
557 422
557 467
557 527
558 59
558 470
558 0
559 233
559 456
559 147
560 131
560 224
560 26
561 2
561 12
561 341
562 28
562 105
562 30
563 3
563 560
563 40
564 149
564 324
564 447
565 14
565 503
565 138
566 252
566 232
566 152
567 76
567 0
567 491
568 32
568 433
568 70
569 168
569 0
569 8
570 315
570 434
570 515
571 222
571 134
571 28
572 491
572 67
572 18
573 81
573 1
573 149
574 0
574 18
574 334
575 1
575 204
575 5
576 147
576 1
576 69
577 281
577 100
577 4
578 296
578 2
578 16
579 455
579 1
579 54
580 460
580 72
580 301
581 332
581 100
581 381
582 107
582 182
582 4
583 304
583 33
583 264
584 488
584 499
584 203
585 295
585 158
585 56
586 1
586 108
586 337
587 0
587 54
587 35
588 147
588 123
588 245
589 129
589 64
589 66
590 111
590 33
590 0
591 5
591 81
591 206
592 156
592 31
592 158
593 418
593 490
593 167
594 5
594 20
594 318
595 170
595 89
595 85
596 148
596 436
596 21
597 149
597 80
597 212
598 376
598 19
598 70
599 377
599 36
599 152
600 140
600 165
600 18
601 493
601 384
601 2
602 502
602 443
602 523
603 186
603 386
603 108
604 59
604 28
604 309
605 30
605 223
605 312
606 142
606 159
606 14
607 18
607 224
607 157
608 313
608 42
608 0
609 286
609 1
609 160
610 19
610 12
610 24
611 294
611 1
611 63
612 59
612 13
612 187
613 480
613 147
613 216
614 19
614 155
614 279
615 204
615 78
615 475
616 160
616 1
616 127
617 2
617 40
617 113
618 174
618 198
618 315
619 482
619 105
619 401
620 400
620 21
620 583
621 100
621 525
621 440
622 155
622 303
622 100
623 479
623 518
623 619
624 100
624 20
624 14
625 539
625 371
625 93
626 191
626 301
626 1
627 517
627 226
627 6
628 4
628 256
628 281
629 184
629 24
629 343
630 446
630 224
630 88
631 14
631 178
631 44
632 1
632 61
632 179
633 47
633 504
633 158
634 4
634 628
634 428
635 107
635 281
635 90
636 393
636 176
636 3
637 10
637 243
637 21
638 159
638 227
638 623
639 4
639 81
639 221
640 334
640 22
640 145
641 421
641 262
641 26
642 64
642 39
642 363
643 198
643 517
643 156
644 480
644 399
644 2
645 620
645 450
645 588
646 102
646 225
646 3
647 503
647 1
647 42
648 396
648 1
648 11
649 37
649 32
649 476
650 425
650 532
650 426
651 256
651 452
651 564
652 493
652 595
652 0
653 102
653 1
653 358
654 203
654 640
654 2
655 434
655 25
655 105
656 17
656 2
656 46
657 502
657 560
657 349
658 37
658 389
658 162
659 393
659 280
659 28
660 33
660 125
660 4
661 466
661 87
661 414
662 5
662 147
662 337
663 484
663 5
663 580
664 118
664 82
664 121
665 619
665 447
665 578
666 448
666 194
666 18
667 107
667 310
667 100
668 78
668 608
668 473
669 0
669 10
669 400
670 82
670 627
670 32
671 349
671 370
671 520
672 3
672 181
672 19
673 485
673 176
673 1
674 585
674 642
674 119
675 4
675 285
675 546
676 482
676 2
676 4
677 652
677 412
677 182
678 87
678 61
678 204
679 315
679 18
679 5
680 252
680 74
680 315
681 286
681 285
681 320
682 139
682 679
682 100
683 4
683 158
683 242
684 265
684 428
684 606
685 85
685 84
685 0
686 548
686 133
686 65
687 32
687 18
687 66
688 16
688 137
688 107
689 130
689 128
689 604
690 181
690 88
690 578
691 108
691 121
691 103
692 427
692 23
692 37
693 14
693 170
693 46
694 28
694 615
694 275
695 227
695 7
695 264
696 2
696 146
696 349
697 224
697 18
697 27
698 49
698 359
698 244
699 685
699 619
699 32
700 343
700 60
700 257
701 653
701 170
701 149
702 636
702 0
702 98
703 2
703 346
703 324
704 39
704 2
704 331
705 524
705 361
705 180
706 569
706 121
706 2
707 434
707 19
707 203
708 299
708 4
708 330
709 366
709 367
709 41
710 52
710 113
710 112
711 198
711 311
711 68
712 379
712 28
712 20
713 349
713 31
713 544
714 4
714 61
714 239
715 235
715 68
715 0
716 428
716 64
716 621
717 568
717 74
717 1
718 67
718 8
718 314
719 21
719 315
719 125
720 126
720 337
720 0
721 2
721 133
721 1
722 28
722 55
722 31
723 451
723 622
723 28
724 108
724 287
724 623
725 434
725 190
725 2
726 449
726 39
726 69
727 21
727 153
727 30
728 15
728 142
728 686
729 194
729 198
729 11
730 122
730 38
730 399
731 709
731 42
731 143
732 75
732 25
732 139
733 312
733 23
733 32
734 468
734 237
734 301
735 449
735 15
735 100
736 491
736 19
736 2
737 369
737 11
737 464
738 1
738 161
738 186
739 0
739 598
739 561
740 347
740 42
740 1
741 256
741 437
741 657
742 72
742 17
742 386
743 97
743 579
743 637
744 349
744 659
744 18
745 68
745 53
745 508
746 465
746 105
746 417
747 153
747 644
747 290
748 24
748 1
748 267
749 658
749 87
749 379
750 485
750 460
750 109
751 722
751 261
751 265
752 28
752 571
752 99
753 272
753 78
753 147
754 4
754 623
754 80
755 2
755 452
755 352
756 169
756 546
756 421
757 212
757 126
757 14
758 108
758 583
758 155
759 692
759 172
759 32
760 200
760 456
760 265
761 285
761 643
761 228
762 84
762 176
762 322
763 13
763 248
763 709
764 374
764 0
764 75
765 112
765 32
765 17
766 113
766 642
766 211
767 334
767 674
767 365
768 86
768 457
768 54
769 274
769 19
769 706
770 391
770 18
770 516
771 21
771 2
771 299
772 4
772 417
772 2
773 286
773 349
773 313
774 18
774 577
774 73
775 405
775 322
775 4
776 65
776 79
776 1
777 553
777 452
777 56
778 19
778 147
778 207
779 557
779 183
779 371
780 548
780 20
780 716
781 543
781 80
781 641
782 4
782 0
782 1
783 99
783 517
783 21
784 1
784 381
784 295
785 240
785 14
785 458
786 783
786 635
786 741
787 14
787 72
787 375
788 206
788 18
788 203
789 2
789 786
789 100
790 82
790 43
790 113
791 9
791 334
791 260
792 1
792 100
792 147
793 179
793 45
793 785
794 633
794 1
794 89
795 568
795 222
795 127
796 67
796 29
796 64
797 106
797 668
797 460
798 548
798 748
798 0
799 649
799 128
799 3
800 245
800 388
800 8
801 99
801 124
801 484
802 686
802 164
802 5
803 347
803 784
803 93
804 40
804 39
804 149
805 444
805 0
805 100
806 347
806 302
806 680
807 11
807 371
807 89
808 272
808 124
808 83
809 367
809 21
809 377
810 0
810 548
810 458
811 159
811 611
811 1
812 134
812 70
812 206
813 268
813 216
813 258
814 737
814 22
814 52
815 159
815 5
815 501
816 154
816 44
816 80
817 156
817 450
817 2
818 643
818 265
818 179
819 22
819 25
819 14
820 225
820 156
820 16
821 736
821 367
821 255
822 25
822 68
822 796
823 425
823 189
823 659
824 289
824 19
824 42
825 0
825 437
825 2
826 82
826 712
826 23
827 350
827 52
827 116
828 131
828 2
828 79
829 258
829 438
829 223
830 330
830 516
830 425
831 334
831 761
831 359
832 708
832 4
832 264
833 89
833 402
833 313
834 159
834 618
834 160
835 246
835 164
835 703
836 1
836 62
836 2
837 97
837 721
837 712
838 50
838 6
838 223
839 106
839 11
839 534
840 100
840 11
840 231
841 496
841 705
841 0
842 1
842 290
842 713
843 422
843 350
843 90
844 371
844 118
844 99
845 553
845 142
845 3
846 441
846 787
846 782
847 426
847 107
847 87
848 36
848 226
848 334
849 191
849 579
849 91
850 234
850 831
850 105
851 528
851 224
851 68
852 65
852 131
852 539
853 761
853 2
853 36
854 97
854 419
854 471
855 213
855 653
855 206
856 150
856 1
856 203
857 32
857 71
857 369
858 769
858 10
858 85
859 1
859 107
859 449
860 443
860 18
860 436
861 640
861 576
861 108
862 17
862 233
862 161
863 255
863 11
863 273
864 174
864 30
864 392
865 164
865 49
865 181
866 1
866 58
866 95
867 806
867 605
867 165
868 705
868 670
868 11
869 445
869 244
869 18
870 575
870 1
870 567
871 470
871 2
871 829
872 213
872 156
872 309
873 270
873 393
873 717
874 274
874 1
874 44
875 4
875 14
875 20
876 1
876 688
876 28
877 194
877 555
877 330
878 213
878 7
878 320
879 553
879 31
879 151
880 170
880 270
880 725
881 829
881 529
881 21
882 159
882 142
882 19
883 200
883 844
883 352
884 302
884 220
884 239
885 386
885 14
885 500
886 543
886 609
886 662
887 326
887 32
887 345
888 80
888 254
888 37
889 666
889 179
889 627
890 15
890 142
890 578
891 268
891 180
891 91
892 19
892 279
892 733
893 107
893 354
893 4
894 451
894 294
894 0
895 0
895 19
895 252
896 507
896 10
896 680
897 267
897 156
897 6
898 763
898 151
898 503
899 228
899 78
899 39
900 503
900 98
900 97
901 206
901 196
901 190
902 860
902 23
902 0
903 153
903 403
903 708
904 223
904 177
904 24
905 852
905 49
905 160
906 197
906 398
906 276
907 8
907 389
907 589
908 118
908 12
908 471
909 877
909 707
909 188
910 768
910 676
910 36
911 73
911 81
911 136
912 728
912 181
912 192
913 29
913 21
913 486
914 242
914 22
914 73
915 30
915 440
915 205
916 802
916 100
916 2
917 202
917 123
917 0
918 909
918 108
918 7
919 29
919 383
919 3
920 428
920 3
920 19
921 28
921 388
921 72
922 93
922 11
922 28
923 198
923 670
923 49
924 100
924 561
924 386
925 12
925 279
925 543
926 407
926 92
926 41
927 2
927 746
927 844
928 606
928 393
928 288
929 89
929 473
929 4
930 142
930 680
930 423
931 111
931 10
931 91
932 9
932 847
932 73
933 137
933 347
933 227
934 255
934 9
934 3
935 807
935 162
935 37
936 25
936 191
936 748
937 873
937 379
937 172
938 25
938 67
938 444
939 418
939 236
939 803
940 854
940 105
940 480
941 67
941 126
941 0
942 2
942 146
942 910
943 233
943 21
943 4
944 848
944 1
944 29
945 904
945 490
945 86
946 74
946 313
946 651
947 513
947 71
947 2
948 946
948 240
948 100
949 278
949 324
949 609
950 172
950 279
950 374
951 4
951 147
951 805
952 59
952 813
952 24
953 495
953 85
953 41
954 313
954 169
954 242
955 409
955 873
955 789
956 26
956 28
956 75
957 309
957 549
957 0
958 398
958 638
958 364
959 313
959 635
959 0
960 86
960 177
960 256
961 45
961 279
961 0
962 406
962 63
962 77
963 181
963 108
963 51
964 2
964 658
964 257
965 36
965 359
965 22
966 36
966 952
966 64
967 49
967 446
967 340
968 809
968 326
968 941
969 88
969 813
969 3
970 23
970 69
970 715
971 129
971 733
971 701
972 36
972 315
972 284
973 267
973 3
973 1
974 389
974 428
974 444
975 1
975 42
975 39
976 927
976 34
976 555
977 340
977 147
977 354
978 255
978 3
978 185
979 23
979 1
979 89
980 484
980 73
980 780
981 0
981 387
981 87
982 172
982 89
982 1
983 237
983 87
983 185
984 196
984 210
984 211
985 3
985 138
985 89
986 97
986 149
986 583
987 312
987 3
987 647
988 37
988 14
988 5
989 872
989 531
989 484
990 274
990 406
990 156
991 640
991 817
991 891
992 18
992 112
992 14
993 54
993 748
993 509
994 73
994 281
994 445
995 156
995 255
995 535
996 36
996 630
996 307
997 149
997 30
997 393
998 18
998 407
998 174
999 16
999 127
999 2
