0 1
0 2
1 0
1 2
2 1
2 0
3 0
3 1
3 2
4 1
4 2
4 0
5 2
5 1
5 0
6 3
6 1
6 0
7 2
7 6
7 1
8 5
8 4
8 7
9 5
9 6
9 0
10 0
10 3
10 5
11 0
11 2
11 8
12 1
12 10
12 11
13 2
13 0
13 4
14 2
14 11
14 0
15 14
15 8
15 6
16 12
16 1
16 4
17 2
17 6
17 4
18 3
18 6
18 1
19 16
19 1
19 2
20 4
20 5
20 6
21 0
21 12
21 9
22 4
22 9
22 11
23 4
23 0
23 15
24 2
24 6
24 4
25 4
25 9
25 14
26 6
26 0
26 21
27 22
27 10
27 25
28 27
28 2
28 14
29 5
29 28
29 13
30 9
30 4
30 2
31 6
31 0
31 19
32 2
32 0
32 9
33 1
33 9
33 4
34 8
34 0
34 12
35 13
35 23
35 26
36 9
36 15
36 6
37 6
37 14
37 0
38 0
38 32
38 2
39 2
39 1
39 20
40 11
40 2
40 14
41 35
41 4
41 6
42 40
42 33
42 21
43 0
43 2
43 22
44 1
44 6
44 31
45 0
45 24
45 36
46 12
46 1
46 9
47 9
47 19
47 23
48 44
48 27
48 12
49 40
49 0
49 22
50 0
50 18
50 28
51 44
51 9
51 24
52 13
52 47
52 28
53 32
53 18
53 33
54 2
54 0
54 20
55 12
55 27
55 20
56 55
56 11
56 20
57 1
57 47
57 27
58 2
58 1
58 21
59 0
59 1
59 28
60 5
60 11
60 0
61 24
61 22
61 6
62 28
62 12
62 26
63 2
63 28
63 44
64 47
64 50
64 31
65 2
65 3
65 48
66 45
66 2
66 12
67 6
67 9
67 18
68 32
68 45
68 54
69 53
69 6
69 24
70 22
70 40
70 1
71 23
71 37
71 2
72 55
72 13
72 2
73 63
73 1
73 69
74 33
74 19
74 16
75 21
75 15
75 55
76 44
76 4
76 2
77 44
77 19
77 0
78 32
78 40
78 44
79 15
79 77
79 6
80 71
80 11
80 9
81 19
81 74
81 0
82 0
82 4
82 13
83 4
83 58
83 28
84 33
84 2
84 62
85 32
85 35
85 11
86 53
86 76
86 16
87 73
87 12
87 6
88 86
88 67
88 1
89 54
89 13
89 23
90 60
90 6
90 33
91 5
91 12
91 2
92 82
92 44
92 36
93 66
93 34
93 1
94 38
94 6
94 28
95 14
95 88
95 15
96 19
96 72
96 55
97 50
97 60
97 18
98 7
98 53
98 35
99 85
99 6
99 21
