0 1
1 0
2 0
2 1
3 1
3 2
3 0
4 1
4 0
4 2
5 2
5 0
5 3
6 0
6 3
6 5
7 2
7 6
7 3
8 1
8 3
8 0
9 7
9 4
9 3
10 6
10 7
10 5
11 4
11 1
11 2
12 1
12 5
12 0
13 8
13 12
13 1
14 12
14 3
14 0
15 1
15 6
15 2
16 0
16 1
16 3
17 11
17 5
17 3
18 6
18 3
18 1
19 16
19 15
19 7
20 3
20 17
20 18
21 20
21 17
21 2
22 18
22 21
22 4
23 10
23 21
23 19
24 11
24 7
24 6
25 24
25 21
25 12
26 3
26 12
26 10
27 4
27 0
27 5
28 3
28 4
28 25
29 21
29 14
29 3
30 5
30 12
30 16
31 2
31 9
31 19
32 26
32 0
32 10
33 1
33 24
33 0
34 3
34 11
34 22
35 3
35 5
35 25
36 25
36 20
36 3
37 33
37 19
37 0
38 24
38 10
38 35
39 28
39 2
39 16
40 27
40 1
40 0
41 19
41 3
41 1
42 1
42 3
42 37
43 1
43 0
43 16
44 2
44 1
44 0
45 20
45 27
45 21
46 2
46 27
46 0
47 44
47 28
47 33
48 6
48 38
48 2
49 8
49 22
49 27
50 46
50 12
50 3
51 12
51 36
51 18
52 0
52 51
52 35
53 12
53 13
53 43
54 32
54 2
54 0
55 0
55 43
55 18
56 37
56 36
56 9
57 14
57 19
57 0
58 11
58 37
58 5
59 20
59 33
59 6
60 0
60 16
60 19
61 4
61 5
61 3
62 24
62 49
62 2
63 55
63 10
63 43
64 13
64 60
64 7
65 1
65 63
65 2
66 2
66 46
66 25
67 0
67 15
67 13
68 66
68 36
68 27
69 26
69 0
69 5
70 38
70 20
70 22
71 1
71 37
71 18
72 43
72 5
72 14
73 22
73 55
73 9
74 69
74 66
74 1
75 7
75 25
75 19
76 0
76 27
76 37
77 32
77 27
77 49
78 19
78 47
78 7
79 17
79 3
79 21
80 36
80 76
80 12
81 14
81 36
81 19
82 21
82 38
82 25
83 29
83 51
83 6
84 0
84 2
84 49
85 76
85 29
85 22
86 37
86 24
86 35
87 59
87 4
87 3
88 4
88 80
88 43
89 0
89 51
89 22
90 37
90 51
90 34
91 56
91 67
91 3
92 0
92 46
92 61
93 61
93 6
93 8
94 19
94 18
94 27
95 30
95 5
95 13
96 51
96 21
96 29
97 13
97 2
97 46
98 7
98 0
98 63
99 55
99 2
99 27
100 37
100 23
100 69
101 29
101 4
101 47
102 37
102 12
102 33
103 43
103 51
103 73
104 42
104 57
104 7
105 48
105 3
105 12
106 51
106 18
106 33
107 14
107 2
107 35
108 70
108 94
108 12
109 79
109 12
109 19
110 107
110 3
110 83
111 87
111 0
111 22
112 0
112 58
112 73
113 31
113 15
113 53
114 22
114 37
114 12
115 3
115 19
115 5
116 102
116 53
116 1
117 24
117 3
117 19
118 76
118 51
118 114
119 83
119 26
119 38
120 107
120 106
120 0
121 66
121 88
121 1
122 1
122 87
122 93
123 1
123 67
123 32
124 0
124 45
124 33
125 98
125 30
125 111
126 0
126 19
126 70
127 1
127 10
127 92
128 30
128 37
128 16
129 38
129 108
129 119
130 35
130 22
130 38
131 64
131 109
131 60
132 114
132 27
132 34
133 102
133 27
133 80
134 1
134 74
134 0
135 86
135 39
135 61
136 5
136 83
136 67
137 28
137 3
137 82
138 19
138 37
138 35
139 4
139 3
139 21
140 54
140 29
140 19
141 4
141 3
141 108
142 117
142 114
142 8
143 1
143 139
143 90
144 105
144 20
144 62
145 74
145 62
145 18
146 7
146 10
146 0
147 10
147 65
147 113
148 20
148 3
148 63
149 21
149 20
149 45
150 87
150 10
150 123
151 97
151 0
151 19
152 4
152 33
152 56
153 59
153 19
153 69
154 54
154 3
154 129
155 13
155 18
155 1
156 34
156 9
156 17
157 122
157 1
157 102
158 47
158 117
158 4
159 10
159 40
159 66
160 14
160 5
160 3
161 0
161 59
161 48
162 117
162 19
162 88
163 25
163 96
163 3
164 15
164 43
164 146
165 71
165 25
165 114
166 124
166 86
166 122
167 71
167 107
167 50
168 62
168 23
168 43
169 12
169 33
169 65
170 44
170 36
170 136
171 31
171 76
171 0
172 118
172 90
172 13
173 12
173 73
173 114
174 85
174 4
174 9
175 36
175 110
175 18
176 1
176 174
176 71
177 19
177 45
177 39
178 0
178 21
178 113
179 16
179 27
179 0
180 30
180 147
180 22
181 126
181 19
181 67
182 5
182 78
182 4
183 33
183 25
183 83
184 0
184 5
184 37
185 93
185 179
185 86
186 1
186 3
186 117
187 76
187 135
187 26
188 66
188 155
188 33
189 2
189 177
189 40
190 0
190 3
190 35
191 26
191 66
191 25
192 118
192 34
192 113
193 0
193 175
193 74
194 51
194 36
194 188
195 184
195 0
195 4
196 33
196 0
196 4
197 18
197 162
197 66
198 7
198 104
198 47
199 30
199 149
199 135
200 43
200 45
200 10
201 33
201 1
201 0
202 143
202 5
202 35
203 82
203 27
203 22
204 124
204 39
204 27
205 104
205 139
205 38
206 22
206 189
206 7
207 89
207 1
207 4
208 27
208 2
208 172
209 89
209 22
209 17
210 35
210 99
210 197
211 71
211 26
211 10
212 1
212 45
212 22
213 160
213 27
213 14
214 61
214 29
214 22
215 50
215 55
215 136
216 120
216 0
216 2
217 143
217 5
217 149
218 2
218 75
218 14
219 5
219 129
219 107
220 22
220 108
220 179
221 8
221 12
221 22
222 181
222 64
222 10
223 125
223 5
223 1
224 4
224 73
224 192
225 22
225 211
225 17
226 203
226 9
226 208
227 87
227 19
227 214
228 98
228 8
228 54
229 35
229 1
229 77
230 63
230 55
230 27
231 112
231 107
231 31
232 11
232 19
232 5
233 129
233 64
233 215
234 26
234 0
234 2
235 0
235 29
235 74
236 87
236 31
236 150
237 189
237 43
237 167
238 205
238 12
238 200
239 17
239 27
239 3
240 183
240 7
240 10
241 192
241 80
241 229
242 73
242 12
242 26
243 48
243 59
243 121
244 10
244 141
244 25
245 1
245 21
245 57
246 210
246 3
246 5
247 0
247 74
247 3
248 7
248 21
248 176
249 17
249 5
249 122
250 76
250 87
250 19
251 61
251 222
251 26
252 123
252 17
252 22
253 116
253 179
253 88
254 46
254 31
254 0
255 177
255 106
255 253
256 12
256 21
256 136
257 0
257 194
257 3
258 139
258 20
258 246
259 27
259 126
259 124
260 73
260 20
260 143
261 136
261 217
261 252
262 87
262 54
262 149
263 261
263 36
263 158
264 227
264 79
264 66
265 3
265 197
265 6
266 227
266 25
266 93
267 43
267 2
267 203
268 4
268 26
268 33
269 81
269 6
269 179
270 123
270 20
270 101
271 122
271 32
271 241
272 200
272 98
272 196
273 184
273 33
273 200
274 258
274 253
274 107
275 39
275 0
275 23
276 114
276 3
276 4
277 29
277 21
277 100
278 195
278 131
278 216
279 0
279 2
279 124
280 12
280 61
280 171
281 156
281 172
281 39
282 31
282 26
282 178
283 93
283 5
283 16
284 91
284 107
284 0
285 16
285 111
285 131
286 143
286 78
286 51
287 80
287 185
287 197
288 270
288 69
288 156
289 0
289 212
289 16
290 66
290 217
290 53
291 224
291 88
291 16
292 216
292 90
292 27
293 282
293 121
293 28
294 33
294 61
294 10
295 175
295 110
295 35
296 2
296 28
296 156
297 175
297 98
297 3
298 194
298 208
298 242
299 283
299 123
299 178
300 169
300 200
300 38
301 6
301 24
301 48
302 4
302 49
302 97
303 268
303 147
303 186
304 119
304 20
304 293
305 64
305 45
305 18
306 183
306 159
306 80
307 136
307 112
307 11
308 111
308 116
308 128
309 135
309 93
309 91
310 83
310 203
310 293
311 145
311 256
311 4
312 3
312 241
312 87
313 139
313 117
313 39
314 49
314 0
314 12
315 181
315 151
315 305
316 4
316 118
316 16
317 21
317 149
317 253
318 215
318 10
318 156
319 126
319 121
319 125
320 178
320 76
320 278
321 28
321 90
321 143
322 10
322 37
322 99
323 211
323 254
323 10
324 3
324 247
324 310
325 62
325 43
325 0
326 188
326 17
326 35
327 12
327 114
327 60
328 3
328 118
328 14
329 87
329 24
329 246
330 99
330 51
330 124
331 324
331 179
331 44
332 11
332 122
332 181
333 186
333 193
333 231
334 317
334 21
334 278
335 89
335 309
335 261
336 200
336 170
336 249
337 126
337 78
337 287
338 120
338 51
338 175
339 168
339 252
339 264
340 0
340 124
340 188
341 16
341 247
341 0
342 22
342 71
342 185
343 143
343 111
343 1
344 10
344 31
344 91
345 245
345 4
345 15
346 66
346 133
346 232
347 22
347 324
347 4
348 66
348 30
348 247
349 254
349 89
349 337
350 12
350 99
350 2
351 197
351 45
351 230
352 74
352 298
352 214
353 111
353 0
353 295
354 178
354 221
354 2
355 193
355 191
355 224
356 188
356 6
356 216
357 19
357 24
357 45
358 3
358 213
358 7
359 3
359 87
359 6
360 117
360 94
360 75
361 17
361 24
361 12
362 4
362 62
362 8
363 186
363 3
363 324
364 3
364 87
364 43
365 273
365 5
365 117
366 188
366 3
366 10
367 282
367 118
367 15
368 12
368 359
368 301
369 126
369 158
369 1
370 293
370 37
370 4
371 0
371 170
371 254
372 35
372 0
372 4
373 12
373 74
373 131
374 19
374 2
374 75
375 62
375 91
375 218
376 225
376 250
376 306
377 189
377 44
377 12
378 166
378 25
378 172
379 231
379 70
379 94
380 228
380 329
380 354
381 12
381 155
381 266
382 111
382 26
382 150
383 124
383 103
383 25
384 143
384 238
384 25
385 123
385 5
385 4
386 3
386 373
386 292
387 4
387 36
387 0
388 86
388 53
388 295
389 324
389 149
389 315
390 3
390 8
390 33
391 0
391 50
391 348
392 211
392 2
392 170
393 22
393 83
393 17
394 83
394 299
394 336
395 383
395 33
395 8
396 20
396 16
396 305
397 191
397 87
397 43
398 19
398 216
398 58
399 287
399 396
399 98
400 51
400 222
400 22
401 283
401 184
401 170
402 45
402 149
402 226
403 119
403 375
403 53
404 3
404 33
404 2
405 191
405 125
405 315
406 114
406 45
406 236
407 5
407 65
407 342
408 150
408 1
408 164
409 35
409 366
409 267
410 389
410 10
410 87
411 150
411 242
411 378
412 5
412 67
412 156
413 391
413 324
413 10
414 21
414 7
414 116
415 225
415 63
415 398
416 83
416 7
416 33
417 154
417 212
417 292
418 295
418 171
418 20
419 193
419 290
419 8
420 75
420 218
420 394
421 241
421 257
421 261
422 309
422 4
422 295
423 128
423 124
423 35
424 120
424 49
424 1
425 124
425 30
425 268
426 63
426 307
426 254
427 1
427 390
427 85
428 310
428 296
428 49
429 372
429 61
429 331
430 136
430 391
430 284
431 356
431 74
431 262
432 246
432 36
432 262
433 394
433 25
433 231
434 108
434 331
434 98
435 149
435 11
435 61
436 13
436 0
436 14
437 16
437 33
437 63
438 196
438 429
438 87
439 18
439 324
439 28
440 20
440 38
440 0
441 92
441 66
441 24
442 273
442 51
442 2
443 2
443 4
443 107
444 223
444 17
444 154
445 347
445 22
445 61
446 100
446 435
446 246
447 103
447 36
447 189
448 215
448 223
448 166
449 80
449 114
449 198
450 102
450 61
450 38
451 98
451 46
451 318
452 1
452 0
452 136
453 284
453 356
453 331
454 17
454 325
454 0
455 0
455 397
455 448
456 7
456 376
456 42
457 45
457 203
457 28
458 7
458 34
458 194
459 14
459 89
459 342
460 196
460 61
460 60
461 58
461 8
461 12
462 411
462 16
462 5
463 209
463 36
463 249
464 16
464 324
464 6
465 114
465 31
465 163
466 302
466 427
466 27
467 28
467 412
467 43
468 208
468 250
468 216
469 315
469 275
469 197
470 159
470 299
470 90
471 43
471 83
471 36
472 247
472 2
472 156
473 3
473 74
473 45
474 182
474 49
474 336
475 211
475 131
475 74
476 116
476 3
476 367
477 435
477 81
477 97
478 19
478 406
478 360
479 104
479 237
479 125
480 0
480 37
480 114
481 63
481 208
481 3
482 363
482 20
482 11
483 51
483 2
483 348
484 328
484 87
484 3
485 172
485 202
485 5
486 61
486 172
486 272
487 66
487 4
487 250
488 100
488 372
488 92
489 421
489 273
489 125
490 325
490 438
490 27
491 485
491 6
491 303
492 280
492 19
492 10
493 266
493 139
493 45
494 290
494 469
494 196
495 337
495 3
495 457
496 348
496 26
496 191
497 118
497 432
497 17
498 443
498 299
498 428
499 307
499 113
499 21
