0 1
0 2
1 0
1 2
2 1
2 0
3 1
3 0
3 2
4 2
4 3
4 0
5 2
5 0
5 4
6 2
6 1
6 0
7 2
7 4
7 0
8 0
8 7
8 1
9 2
9 1
9 3
10 2
10 8
10 4
11 7
11 0
11 3
12 9
12 2
12 0
13 12
13 6
13 1
14 1
14 0
14 2
15 6
15 11
15 2
16 5
16 4
16 2
17 2
17 14
17 0
18 8
18 0
18 13
19 2
19 0
19 5
20 17
20 5
20 11
21 13
21 0
21 8
22 0
22 4
22 1
23 10
23 3
23 15
24 13
24 3
24 0
25 12
25 13
25 2
26 21
26 1
26 17
27 6
27 0
27 11
28 15
28 27
28 7
29 1
29 0
29 8
30 15
30 28
30 10
31 23
31 2
31 0
32 11
32 13
32 0
33 16
33 11
33 14
34 12
34 11
34 13
35 32
35 9
35 12
36 26
36 0
36 13
37 2
37 8
37 12
38 0
38 6
38 30
39 8
39 0
39 17
40 38
40 0
40 15
41 21
41 2
41 36
42 10
42 13
42 11
43 3
43 2
43 15
44 1
44 12
44 22
45 35
45 0
45 13
46 34
46 0
46 8
47 14
47 34
47 4
48 9
48 11
48 0
49 41
49 12
49 45
50 0
50 27
50 19
51 7
51 13
51 0
52 3
52 42
52 17
53 34
53 32
53 3
54 27
54 47
54 0
55 39
55 48
55 17
56 24
56 7
56 12
57 13
57 32
57 37
58 37
58 1
58 3
59 48
59 23
59 56
60 21
60 0
60 19
61 5
61 35
61 15
62 44
62 7
62 13
63 8
63 36
63 21
64 15
64 39
64 2
65 44
65 28
65 0
66 26
66 28
66 3
67 13
67 21
67 10
68 10
68 20
68 66
69 2
69 30
69 34
70 38
70 58
70 0
71 19
71 68
71 48
72 7
72 8
72 29
73 2
73 17
73 31
74 3
74 10
74 73
75 67
75 8
75 0
76 64
76 2
76 28
77 55
77 73
77 20
78 0
78 18
78 9
79 34
79 0
79 44
80 31
80 68
80 13
81 63
81 12
81 2
82 30
82 19
82 49
83 7
83 15
83 46
84 62
84 73
84 0
85 11
85 13
85 1
86 48
86 57
86 64
87 30
87 5
87 31
88 33
88 14
88 8
89 30
89 26
89 33
90 39
90 56
90 8
91 3
91 7
91 28
92 35
92 22
92 34
93 1
93 13
93 92
94 30
94 31
94 1
95 1
95 0
95 30
96 41
96 0
96 4
97 69
97 25
97 9
98 69
98 62
98 88
99 36
99 13
99 23
100 25
100 1
100 2
101 19
101 81
101 71
102 2
102 0
102 33
103 15
103 22
103 77
104 30
104 55
104 0
105 0
105 2
105 20
106 99
106 8
106 14
107 69
107 38
107 13
108 92
108 26
108 29
109 81
109 0
109 61
110 68
110 101
110 8
111 61
111 18
111 72
112 6
112 17
112 20
113 64
113 2
113 107
114 35
114 2
114 14
115 86
115 0
115 2
116 69
116 27
116 35
117 15
117 88
117 69
118 102
118 3
118 77
119 0
119 59
119 50
120 17
120 53
120 13
121 2
121 15
121 69
122 111
122 58
122 62
123 108
123 6
123 11
124 67
124 81
124 106
125 0
125 23
125 17
126 33
126 56
126 52
127 24
127 10
127 47
128 75
128 108
128 58
129 35
129 33
129 97
130 75
130 21
130 13
131 0
131 24
131 86
132 23
132 13
132 55
133 10
133 75
133 21
134 50
134 2
134 108
135 5
135 58
135 66
136 47
136 39
136 15
137 98
137 76
137 13
138 0
138 3
138 12
139 82
139 67
139 77
140 106
140 13
140 117
141 57
141 60
141 38
142 8
142 5
142 52
143 17
143 33
143 47
144 7
144 115
144 5
145 32
145 12
145 143
146 3
146 125
146 4
147 88
147 10
147 124
148 21
148 13
148 10
149 5
149 71
149 38
150 125
150 11
150 64
151 15
151 120
151 121
152 0
152 148
152 108
153 25
153 64
153 75
154 1
154 148
154 30
155 15
155 13
155 14
156 154
156 2
156 13
157 4
157 49
157 121
158 22
158 52
158 126
159 7
159 8
159 15
160 42
160 82
160 37
161 69
161 9
161 128
162 82
162 46
162 89
163 0
163 47
163 11
164 5
164 138
164 115
165 4
165 75
165 13
166 39
166 67
166 32
167 56
167 52
167 5
168 106
168 5
168 133
169 2
169 8
169 31
170 124
170 155
170 40
171 107
171 11
171 5
172 21
172 96
172 162
173 12
173 0
173 7
174 5
174 1
174 41
175 121
175 0
175 91
176 20
176 0
176 58
177 48
177 68
177 10
178 66
178 0
178 44
179 0
179 64
179 119
180 82
180 5
180 22
181 139
181 43
181 9
182 3
182 10
182 15
183 76
183 145
183 90
184 48
184 34
184 12
185 37
185 67
185 33
186 15
186 63
186 107
187 99
187 76
187 10
188 13
188 38
188 24
189 24
189 66
189 31
190 15
190 9
190 116
191 77
191 38
191 144
192 69
192 23
192 3
193 61
193 0
193 88
194 123
194 176
194 118
195 0
195 66
195 26
196 111
196 108
196 72
197 81
197 28
197 128
198 63
198 171
198 195
199 189
199 69
199 14
200 119
200 0
200 102
201 123
201 107
201 118
202 189
202 13
202 136
203 0
203 150
203 31
204 158
204 180
204 14
205 61
205 2
205 52
206 125
206 128
206 117
207 143
207 184
207 26
208 2
208 131
208 99
209 9
209 49
209 77
210 26
210 196
210 140
211 38
211 15
211 33
212 26
212 40
212 104
213 154
213 49
213 106
214 118
214 131
214 143
215 13
215 107
215 0
216 215
216 200
216 13
217 5
217 61
217 0
218 7
218 155
218 20
219 38
219 2
219 174
220 30
220 50
220 2
221 37
221 145
221 52
222 0
222 12
222 29
223 48
223 101
223 138
224 41
224 29
224 32
225 160
225 63
225 72
226 2
226 27
226 150
227 33
227 107
227 164
228 9
228 88
228 18
229 17
229 0
229 29
230 15
230 17
230 96
231 177
231 4
231 44
232 6
232 48
232 64
233 183
233 108
233 173
234 28
234 136
234 1
235 89
235 26
235 72
236 52
236 40
236 36
237 120
237 58
237 34
238 11
238 65
238 2
239 75
239 13
239 233
240 150
240 28
240 126
241 155
241 81
241 1
242 20
242 26
242 75
243 11
243 127
243 116
244 24
244 20
244 161
245 112
245 11
245 1
246 11
246 4
246 0
247 3
247 164
247 67
248 111
248 0
248 13
249 152
249 41
249 21
250 66
250 49
250 19
251 0
251 20
251 4
252 81
252 114
252 26
253 72
253 14
253 245
254 184
254 240
254 75
255 44
255 76
255 172
256 2
256 66
256 204
257 13
257 93
257 1
258 254
258 206
258 201
259 162
259 32
259 161
260 32
260 39
260 1
261 168
261 10
261 37
262 213
262 154
262 248
263 10
263 21
263 177
264 14
264 1
264 11
265 12
265 208
265 15
266 251
266 75
266 16
267 189
267 0
267 78
268 184
268 21
268 30
269 47
269 35
269 43
270 172
270 38
270 262
271 14
271 94
271 247
272 20
272 179
272 48
273 270
273 127
273 194
274 28
274 238
274 245
275 209
275 44
275 134
276 106
276 129
276 171
277 56
277 127
277 17
278 56
278 22
278 13
279 5
279 79
279 11
280 162
280 83
280 230
281 23
281 227
281 15
282 256
282 233
282 35
283 13
283 41
283 179
284 55
284 26
284 2
285 8
285 31
285 84
286 5
286 38
286 22
287 63
287 251
287 161
288 188
288 50
288 2
289 92
289 240
289 55
290 2
290 38
290 12
291 88
291 78
291 42
292 83
292 56
292 24
293 104
293 94
293 63
294 13
294 76
294 16
295 57
295 196
295 17
296 66
296 69
296 2
297 15
297 171
297 14
298 214
298 55
298 7
299 0
299 9
299 158
300 132
300 11
300 252
301 0
301 8
301 33
302 257
302 101
302 12
303 108
303 140
303 164
304 0
304 76
304 21
305 9
305 30
305 223
306 108
306 176
306 224
307 151
307 184
307 111
308 275
308 58
308 0
309 32
309 35
309 0
310 2
310 30
310 11
311 56
311 13
311 194
312 179
312 118
312 75
313 106
313 76
313 181
314 58
314 1
314 175
315 5
315 242
315 81
316 195
316 32
316 69
317 2
317 32
317 74
318 8
318 194
318 75
319 73
319 187
319 18
320 12
320 150
320 167
321 308
321 242
321 0
322 259
322 26
322 190
323 47
323 259
323 200
324 316
324 67
324 188
325 170
325 52
325 6
326 151
326 160
326 47
327 151
327 264
327 236
328 182
328 2
328 4
329 314
329 17
329 272
330 1
330 325
330 28
331 2
331 11
331 201
332 89
332 132
332 1
333 107
333 224
333 78
334 55
334 174
334 216
335 2
335 4
335 117
336 10
336 69
336 285
337 206
337 2
337 171
338 99
338 20
338 73
339 8
339 182
339 169
340 56
340 7
340 164
341 339
341 196
341 94
342 291
342 83
342 161
343 0
343 228
343 15
344 77
344 26
344 181
345 5
345 188
345 31
346 336
346 68
346 82
347 13
347 4
347 146
348 2
348 0
348 23
349 105
349 72
349 55
350 89
350 1
350 117
351 41
351 238
351 272
352 13
352 108
352 203
353 138
353 274
353 156
354 206
354 0
354 10
355 41
355 38
355 6
356 319
356 289
356 39
357 238
357 77
357 21
358 302
358 149
358 163
359 78
359 287
359 17
360 17
360 4
360 101
361 252
361 13
361 29
362 13
362 344
362 44
363 321
363 149
363 0
364 46
364 208
364 89
365 201
365 89
365 37
366 90
366 30
366 174
367 259
367 70
367 154
368 66
368 25
368 332
369 41
369 96
369 127
370 0
370 2
370 47
371 8
371 13
371 0
372 108
372 8
372 126
373 2
373 5
373 166
374 31
374 11
374 0
375 233
375 35
375 167
376 75
376 164
376 335
377 177
377 53
377 2
378 160
378 72
378 177
379 238
379 58
379 28
380 39
380 118
380 65
381 273
381 70
381 171
382 15
382 200
382 98
383 1
383 168
383 140
384 0
384 7
384 279
385 262
385 151
385 75
386 140
386 101
386 13
387 302
387 118
387 152
388 315
388 202
388 20
389 201
389 67
389 74
390 226
390 221
390 285
391 5
391 186
391 32
392 53
392 382
392 143
393 236
393 1
393 13
394 228
394 210
394 13
395 23
395 18
395 35
396 12
396 13
396 75
397 254
397 63
397 66
398 2
398 137
398 159
399 331
399 0
399 218
400 288
400 7
400 19
401 42
401 2
401 120
402 55
402 90
402 252
403 12
403 2
403 1
404 9
404 99
404 44
405 72
405 1
405 42
406 339
406 40
406 274
407 78
407 1
407 69
408 107
408 29
408 96
409 231
409 184
409 10
410 288
410 25
410 83
411 15
411 128
411 17
412 19
412 118
412 7
413 55
413 254
413 2
414 61
414 21
414 11
415 4
415 279
415 110
416 64
416 404
416 89
417 181
417 3
417 314
418 47
418 392
418 116
419 374
419 1
419 256
420 28
420 23
420 151
421 39
421 24
421 106
422 39
422 44
422 147
423 120
423 3
423 4
424 289
424 96
424 311
425 336
425 24
425 110
426 81
426 60
426 155
427 66
427 13
427 29
428 1
428 164
428 48
429 160
429 136
429 93
430 96
430 19
430 214
431 81
431 413
431 68
432 208
432 5
432 81
433 402
433 72
433 123
434 15
434 107
434 108
435 39
435 12
435 227
436 270
436 11
436 39
437 78
437 327
437 2
438 285
438 214
438 2
439 344
439 1
439 24
440 0
440 55
440 371
441 88
441 0
441 147
442 386
442 193
442 93
443 18
443 122
443 0
444 14
444 345
444 354
445 2
445 110
445 401
446 2
446 199
446 143
447 15
447 270
447 0
448 2
448 20
448 223
449 0
449 9
449 15
450 421
450 2
450 161
451 330
451 119
451 410
452 426
452 129
452 181
453 138
453 22
453 21
454 5
454 200
454 300
455 21
455 4
455 9
456 131
456 10
456 238
457 61
457 171
457 11
458 265
458 8
458 32
459 72
459 17
459 8
460 355
460 11
460 106
461 64
461 371
461 285
462 14
462 74
462 355
463 96
463 193
463 43
464 14
464 2
464 238
465 62
465 119
465 4
466 328
466 61
466 35
467 0
467 15
467 310
468 450
468 67
468 38
469 425
469 353
469 155
470 239
470 28
470 150
471 85
471 335
471 97
472 15
472 69
472 396
473 1
473 0
473 467
474 304
474 381
474 20
475 29
475 0
475 26
476 404
476 370
476 138
477 8
477 25
477 77
478 4
478 0
478 276
479 381
479 114
479 460
480 238
480 78
480 13
481 46
481 155
481 232
482 48
482 73
482 340
483 88
483 155
483 23
484 80
484 12
484 15
485 372
485 66
485 262
486 29
486 187
486 480
487 36
487 150
487 369
488 13
488 14
488 5
489 218
489 1
489 46
490 119
490 90
490 353
491 129
491 67
491 486
492 115
492 177
492 264
493 77
493 50
493 124
494 247
494 119
494 443
495 356
495 476
495 97
496 33
496 444
496 17
497 236
497 5
497 0
498 28
498 308
498 4
499 26
499 392
499 150
500 492
500 82
500 340
501 275
501 20
501 318
502 172
502 40
502 381
503 248
503 500
503 280
504 6
504 404
504 251
505 15
505 136
505 97
506 2
506 0
506 239
507 48
507 15
507 184
508 456
508 383
508 142
509 484
509 57
509 13
510 21
510 41
510 0
511 84
511 161
511 175
512 443
512 20
512 206
513 11
513 372
513 436
514 390
514 62
514 48
515 129
515 131
515 30
516 93
516 233
516 256
517 155
517 275
517 110
518 324
518 480
518 280
519 437
519 139
519 21
520 145
520 316
520 82
521 376
521 14
521 196
522 63
522 107
522 99
523 28
523 2
523 13
524 457
524 11
524 171
525 342
525 48
525 58
526 184
526 112
526 148
527 37
527 320
527 300
528 432
528 414
528 350
529 0
529 502
529 175
530 155
530 64
530 312
531 504
531 3
531 257
532 73
532 36
532 491
533 175
533 186
533 90
534 345
534 314
534 41
535 268
535 324
535 167
536 107
536 2
536 19
537 156
537 10
537 116
538 29
538 118
538 19
539 202
539 0
539 93
540 24
540 62
540 300
541 81
541 184
541 212
542 72
542 60
542 356
543 77
543 458
543 38
544 66
544 370
544 367
545 0
545 382
545 183
546 454
546 139
546 63
547 27
547 26
547 80
548 411
548 13
548 0
549 335
549 0
549 215
550 124
550 458
550 58
551 10
551 213
551 0
552 295
552 17
552 318
553 93
553 223
553 13
554 535
554 509
554 179
555 106
555 28
555 171
556 69
556 267
556 343
557 1
557 58
557 24
558 409
558 269
558 0
559 477
559 190
559 39
560 2
560 38
560 436
561 42
561 309
561 10
562 19
562 302
562 29
563 424
563 13
563 6
564 98
564 494
564 36
565 4
565 504
565 33
566 341
566 357
566 344
567 251
567 2
567 5
568 7
568 441
568 40
569 372
569 18
569 17
570 413
570 22
570 24
571 4
571 5
571 21
572 519
572 244
572 64
573 478
573 382
573 480
574 307
574 153
574 38
575 1
575 343
575 196
576 10
576 99
576 447
577 316
577 514
577 193
578 0
578 166
578 486
579 248
579 526
579 2
580 52
580 175
580 318
581 2
581 68
581 200
582 247
582 576
582 44
583 66
583 15
583 296
584 13
584 157
584 121
585 71
585 172
585 502
586 225
586 100
586 250
587 39
587 171
587 8
588 191
588 46
588 29
589 452
589 117
589 44
590 126
590 191
590 275
591 41
591 101
591 106
592 72
592 1
592 368
593 437
593 434
593 150
594 8
594 106
594 11
595 152
595 155
595 486
596 122
596 214
596 108
597 300
597 60
597 126
598 267
598 392
598 187
599 63
599 210
599 339
600 528
600 511
600 538
601 24
601 276
601 9
602 172
602 35
602 354
603 464
603 600
603 245
604 601
604 96
604 122
605 514
605 461
605 11
606 366
606 138
606 557
607 161
607 13
607 172
608 93
608 55
608 224
609 410
609 72
609 19
610 395
610 295
610 0
611 151
611 17
611 381
612 121
612 523
612 30
613 277
613 356
613 263
614 64
614 177
614 551
615 408
615 565
615 314
616 107
616 128
616 67
617 0
617 225
617 457
618 460
618 295
618 149
619 262
619 13
619 462
620 245
620 127
620 522
621 324
621 12
621 531
622 410
622 256
622 170
623 70
623 13
623 117
624 520
624 250
624 44
625 33
625 90
625 277
626 314
626 250
626 22
627 134
627 0
627 544
628 170
628 0
628 209
629 344
629 517
629 271
630 160
630 8
630 2
631 595
631 34
631 20
632 11
632 541
632 373
633 208
633 469
633 107
634 628
634 82
634 23
635 152
635 448
635 197
636 233
636 460
636 108
637 151
637 95
637 187
638 82
638 63
638 77
639 497
639 356
639 89
640 47
640 115
640 77
641 534
641 411
641 307
642 39
642 0
642 516
643 514
643 5
643 45
644 170
644 155
644 41
645 154
645 0
645 131
646 278
646 262
646 44
647 353
647 478
647 635
648 201
648 99
648 287
649 409
649 436
649 381
650 106
650 22
650 208
651 53
651 34
651 38
652 457
652 11
652 321
653 28
653 106
653 470
654 48
654 209
654 239
655 204
655 460
655 102
656 623
656 182
656 32
657 11
657 280
657 146
658 236
658 111
658 1
659 572
659 38
659 238
660 266
660 243
660 5
661 117
661 98
661 99
662 127
662 17
662 155
663 106
663 74
663 28
664 210
664 496
664 166
665 294
665 569
665 257
666 457
666 35
666 8
667 572
667 444
667 463
668 284
668 77
668 614
669 15
669 587
669 514
670 8
670 165
670 307
671 664
671 497
671 1
672 339
672 44
672 3
673 494
673 304
673 379
674 356
674 163
674 641
675 545
675 163
675 2
676 273
676 182
676 588
677 154
677 599
677 9
678 168
678 29
678 13
679 661
679 130
679 601
680 76
680 397
680 280
681 69
681 397
681 8
682 126
682 67
682 419
683 119
683 209
683 38
684 1
684 74
684 92
685 311
685 1
685 352
686 0
686 193
686 24
687 661
687 2
687 564
688 171
688 11
688 9
689 296
689 447
689 26
690 233
690 155
690 114
691 526
691 64
691 502
692 108
692 619
692 398
693 341
693 32
693 478
694 49
694 39
694 98
695 1
695 9
695 469
696 5
696 300
696 17
697 604
697 564
697 353
698 21
698 39
698 300
699 42
699 11
699 99
700 403
700 8
700 188
701 128
701 17
701 209
702 92
702 0
702 38
703 31
703 578
703 208
704 51
704 156
704 30
705 62
705 656
705 0
706 286
706 55
706 64
707 670
707 48
707 17
708 616
708 1
708 402
709 309
709 1
709 127
710 143
710 92
710 17
711 19
711 12
711 135
712 641
712 525
712 63
713 597
713 419
713 574
714 123
714 13
714 287
715 78
715 542
715 34
716 557
716 580
716 98
717 316
717 26
717 233
718 714
718 304
718 327
719 577
719 523
719 213
720 363
720 1
720 55
721 643
721 78
721 254
722 357
722 23
722 571
723 146
723 108
723 669
724 3
724 400
724 0
725 236
725 86
725 48
726 236
726 152
726 161
727 7
727 692
727 9
728 649
728 453
728 439
729 11
729 161
729 285
730 662
730 209
730 26
731 571
731 174
731 142
732 29
732 673
732 73
733 459
733 9
733 77
734 107
734 623
734 401
735 378
735 225
735 245
736 521
736 229
736 0
737 13
737 2
737 404
738 603
738 400
738 452
739 77
739 537
739 64
740 494
740 289
740 356
741 459
741 512
741 52
742 72
742 458
742 38
743 61
743 290
743 396
744 281
744 154
744 81
745 129
745 624
745 4
746 32
746 393
746 106
747 136
747 495
747 177
748 632
748 448
748 430
749 708
749 388
749 196
750 151
750 13
750 457
751 107
751 749
751 314
752 15
752 522
752 92
753 107
753 108
753 273
754 484
754 251
754 270
755 89
755 193
755 73
756 152
756 602
756 262
757 273
757 504
757 90
758 638
758 66
758 571
759 405
759 129
759 176
760 303
760 406
760 699
761 38
761 31
761 703
762 298
762 478
762 512
763 155
763 55
763 44
764 145
764 0
764 16
765 3
765 44
765 224
766 687
766 39
766 690
767 648
767 523
767 761
768 416
768 580
768 17
769 670
769 442
769 21
770 208
770 247
770 504
771 285
771 321
771 3
772 75
772 356
772 47
773 7
773 94
773 35
774 2
774 200
774 430
775 20
775 1
775 4
776 695
776 21
776 215
777 345
777 384
777 29
778 42
778 459
778 138
779 182
779 658
779 66
780 330
780 82
780 616
781 12
781 737
781 208
782 427
782 336
782 224
783 413
783 757
783 172
784 37
784 93
784 39
785 205
785 362
785 0
786 22
786 14
786 171
787 449
787 26
787 254
788 108
788 529
788 190
789 776
789 740
789 479
790 21
790 39
790 427
791 693
791 50
791 66
792 441
792 35
792 28
793 6
793 418
793 7
794 358
794 770
794 661
795 215
795 472
795 99
796 257
796 20
796 169
797 1
797 685
797 17
798 20
798 2
798 698
799 691
799 8
799 335
800 793
800 119
800 94
801 10
801 604
801 298
802 44
802 58
802 96
803 616
803 67
803 485
804 2
804 13
804 594
805 64
805 673
805 122
806 186
806 108
806 602
807 17
807 305
807 256
808 519
808 439
808 605
809 463
809 81
809 638
810 66
810 803
810 421
811 426
811 5
811 39
812 128
812 14
812 639
813 631
813 624
813 522
814 778
814 13
814 17
815 739
815 610
815 800
816 81
816 53
816 319
817 378
817 154
817 106
818 480
818 409
818 664
819 51
819 151
819 590
820 226
820 641
820 601
821 190
821 452
821 458
822 175
822 3
822 110
823 26
823 0
823 521
824 427
824 516
824 529
825 32
825 41
825 0
826 164
826 19
826 336
827 46
827 8
827 126
828 638
828 47
828 14
829 246
829 162
829 62
830 410
830 19
830 224
831 190
831 84
831 250
832 451
832 668
832 0
833 109
833 503
833 44
834 385
834 575
834 17
835 252
835 573
835 76
836 60
836 160
836 588
837 13
837 73
837 494
838 605
838 671
838 529
839 61
839 538
839 658
840 33
840 82
840 184
841 12
841 208
841 37
842 772
842 611
842 266
843 430
843 14
843 598
844 428
844 64
844 194
845 547
845 189
845 21
846 620
846 28
846 479
847 10
847 704
847 91
848 406
848 52
848 88
849 13
849 790
849 162
850 216
850 825
850 565
851 86
851 155
851 367
852 534
852 409
852 16
853 39
853 386
853 99
854 393
854 311
854 201
855 174
855 563
855 703
856 356
856 674
856 327
857 13
857 287
857 842
858 177
858 544
858 81
859 26
859 396
859 0
860 834
860 0
860 9
861 105
861 700
861 182
862 221
862 473
862 343
863 529
863 6
863 730
864 49
864 531
864 102
865 292
865 794
865 764
866 3
866 324
866 78
867 100
867 685
867 298
868 178
868 633
868 8
869 0
869 810
869 526
870 63
870 595
870 153
871 603
871 693
871 48
872 98
872 35
872 643
873 21
873 62
873 733
874 106
874 236
874 705
875 556
875 238
875 32
876 179
876 521
876 212
877 421
877 28
877 97
878 20
878 413
878 778
879 411
879 498
879 571
880 495
880 410
880 21
881 530
881 479
881 18
882 810
882 446
882 222
883 711
883 69
883 667
884 98
884 606
884 815
885 521
885 339
885 810
886 30
886 120
886 655
887 795
887 5
887 0
888 604
888 67
888 175
889 169
889 1
889 191
890 344
890 146
890 449
891 778
891 38
891 138
892 489
892 177
892 73
893 140
893 386
893 8
894 30
894 98
894 16
895 175
895 662
895 506
896 614
896 806
896 504
897 0
897 2
897 671
898 786
898 82
898 48
899 51
899 200
899 665
900 13
900 285
900 270
901 0
901 13
901 10
902 30
902 56
902 17
903 495
903 236
903 150
904 427
904 733
904 225
905 34
905 239
905 60
906 600
906 340
906 554
907 499
907 659
907 38
908 0
908 818
908 811
909 588
909 250
909 439
910 364
910 683
910 460
911 426
911 25
911 633
912 905
912 68
912 52
913 0
913 205
913 637
914 386
914 26
914 492
915 355
915 37
915 1
916 4
916 821
916 8
917 234
917 693
917 480
918 548
918 15
918 42
919 42
919 2
919 823
920 421
920 628
920 455
921 447
921 381
921 10
922 477
922 155
922 442
923 214
923 641
923 669
924 172
924 18
924 535
925 671
925 316
925 621
926 2
926 32
926 3
927 425
927 842
927 19
928 205
928 69
928 0
929 0
929 7
929 799
930 481
930 162
930 316
931 74
931 335
931 177
932 33
932 187
932 285
933 164
933 790
933 12
934 699
934 521
934 431
935 387
935 625
935 478
936 466
936 5
936 565
937 46
937 366
937 173
938 11
938 2
938 19
939 0
939 158
939 488
940 236
940 443
940 138
941 402
941 716
941 377
942 84
942 843
942 124
943 895
943 53
943 155
944 557
944 619
944 1
945 117
945 311
945 588
946 248
946 82
946 84
947 461
947 17
947 61
948 262
948 889
948 510
949 611
949 781
949 447
950 208
950 577
950 13
951 554
951 77
951 46
952 63
952 588
952 160
953 816
953 117
953 5
954 198
954 565
954 79
955 411
955 75
955 363
956 204
956 1
956 254
957 306
957 49
957 856
958 531
958 84
958 36
959 225
959 424
959 10
960 81
960 727
960 426
961 1
961 40
961 310
962 733
962 4
962 565
963 75
963 2
963 7
964 440
964 599
964 274
965 390
965 64
965 11
966 107
966 2
966 97
967 640
967 824
967 248
968 163
968 820
968 12
969 282
969 919
969 624
970 433
970 441
970 571
971 331
971 75
971 0
972 344
972 69
972 127
973 746
973 409
973 180
974 123
974 326
974 31
975 810
975 503
975 913
976 624
976 43
976 726
977 493
977 616
977 8
978 78
978 309
978 206
979 855
979 169
979 457
980 4
980 106
980 885
981 453
981 805
981 294
982 746
982 503
982 604
983 898
983 629
983 393
984 619
984 234
984 15
985 88
985 814
985 17
986 187
986 915
986 564
987 247
987 983
987 49
988 4
988 357
988 0
989 588
989 480
989 35
990 379
990 776
990 0
991 17
991 19
991 759
992 77
992 931
992 63
993 828
993 388
993 21
994 11
994 571
994 497
995 982
995 709
995 621
996 861
996 638
996 111
997 114
997 737
997 959
998 519
998 752
998 164
999 50
999 766
999 4
