0 1
1 0
2 1
2 0
3 0
3 1
3 2
4 3
4 0
4 1
5 1
5 2
5 4
6 0
6 5
6 2
7 1
7 6
7 3
8 3
8 4
8 6
9 6
9 0
9 7
10 7
10 0
10 2
11 0
11 1
11 2
12 7
12 1
12 4
13 3
13 7
13 10
14 11
14 1
14 12
15 0
15 11
15 13
16 7
16 0
16 3
17 2
17 0
17 13
18 1
18 2
18 5
19 3
19 1
19 2
20 17
20 6
20 0
21 20
21 7
21 3
22 7
22 1
22 17
23 0
23 1
23 6
24 1
24 12
24 17
25 5
25 24
25 7
26 21
26 12
26 7
27 7
27 3
27 14
28 7
28 16
28 1
29 1
29 3
29 13
30 29
30 8
30 2
31 12
31 18
31 1
32 23
32 5
32 20
33 14
33 1
33 22
34 15
34 5
34 17
35 12
35 1
35 3
36 6
36 22
36 12
37 31
37 33
37 23
38 14
38 17
38 16
39 38
39 3
39 13
40 8
40 5
40 1
41 9
41 19
41 2
42 2
42 3
42 7
43 7
43 17
43 3
44 3
44 18
44 22
45 1
45 14
45 2
46 24
46 13
46 4
47 3
47 8
47 0
48 4
48 23
48 40
49 0
49 8
49 19
50 17
50 47
50 37
51 3
51 0
51 1
52 7
52 6
52 29
53 19
53 1
53 29
54 7
54 2
54 43
55 16
55 22
55 51
56 10
56 0
56 3
57 11
57 35
57 7
58 6
58 13
58 0
59 21
59 22
59 3
60 2
60 32
60 7
61 32
61 8
61 17
62 25
62 7
62 38
63 1
63 14
63 52
64 12
64 43
64 27
65 12
65 47
65 59
66 14
66 18
66 55
67 5
67 19
67 27
68 66
68 19
68 0
69 2
69 6
69 1
70 48
70 40
70 29
71 17
71 19
71 35
72 15
72 39
72 7
73 22
73 2
73 12
74 7
74 71
74 68
75 59
75 71
75 60
76 3
76 63
76 47
77 66
77 64
77 9
78 5
78 19
78 17
79 25
79 7
79 43
80 1
80 0
80 40
81 12
81 29
81 71
82 48
82 47
82 2
83 47
83 42
83 68
84 35
84 28
84 19
85 3
85 48
85 18
86 42
86 0
86 77
87 8
87 80
87 62
88 53
88 23
88 7
89 79
89 56
89 70
90 63
90 3
90 15
91 7
91 42
91 27
92 15
92 30
92 72
93 72
93 13
93 7
94 6
94 35
94 89
95 1
95 60
95 5
96 6
96 1
96 0
97 7
97 54
97 1
98 10
98 54
98 7
99 14
99 5
99 52
