0 1
1 0
2 1
2 0
3 1
3 0
3 2
4 0
4 2
4 3
5 3
5 0
5 4
6 1
6 0
6 2
7 0
7 1
7 3
8 0
8 3
8 1
9 2
9 4
9 1
10 3
10 4
10 2
11 3
11 4
11 7
12 3
12 10
12 2
13 0
13 10
13 8
14 1
14 7
14 0
15 7
15 10
15 6
16 11
16 15
16 10
17 3
17 9
17 1
18 12
18 6
18 0
19 1
19 3
19 4
20 7
20 12
20 1
21 3
21 17
21 11
22 3
22 7
22 12
23 0
23 1
23 20
24 11
24 4
24 3
25 2
25 1
25 0
26 2
26 19
26 0
27 12
27 19
27 18
28 4
28 2
28 0
29 7
29 8
29 1
30 1
30 7
30 6
31 23
31 4
31 6
32 0
32 4
32 7
33 27
33 3
33 25
34 1
34 19
34 32
35 0
35 1
35 9
36 13
36 27
36 26
37 0
37 1
37 3
38 1
38 23
38 20
39 4
39 18
39 26
40 6
40 3
40 21
41 1
41 26
41 20
42 1
42 0
42 19
43 0
43 25
43 3
44 11
44 20
44 32
45 23
45 19
45 16
46 11
46 0
46 2
47 0
47 4
47 44
48 46
48 9
48 7
49 25
49 28
49 1
