0 1
0 2
0 3
0 4
0 5
0 7
0 8
1 0
1 2
1 3
1 5
1 9
1 12
1 15
2 0
2 1
2 3
2 4
2 6
2 10
2 11
3 1
3 0
3 2
3 4
3 5
3 8
3 13
4 0
4 2
4 3
4 6
4 7
4 14
4 22
5 1
5 0
5 3
5 6
5 7
5 8
5 11
6 5
6 4
6 2
6 20
6 31
6 36
6 51
7 5
7 0
7 4
7 9
7 14
7 15
8 3
8 5
8 0
8 9
8 10
8 35
8 52
9 1
9 8
9 7
9 10
9 12
9 17
9 20
10 9
10 8
10 2
10 21
10 23
10 25
10 26
11 5
11 2
11 0
11 15
11 34
11 38
11 80
12 1
12 9
12 2
12 17
12 19
12 21
12 22
13 3
13 5
13 0
13 52
13 58
14 7
14 4
14 2
14 24
14 39
14 44
14 79
15 11
15 1
15 7
15 16
15 21
15 27
15 53
16 15
16 0
16 1
16 23
16 51
16 54
17 12
17 5
17 9
17 18
17 20
17 31
17 36
18 17
18 3
18 2
18 37
19 12
19 2
19 3
19 26
20 6
20 9
20 17
20 24
20 32
20 33
20 93
21 12
21 15
21 10
21 25
21 53
21 72
21 88
22 12
22 4
22 3
22 42
22 83
23 10
23 5
23 16
23 32
23 86
24 14
24 2
24 20
24 38
24 42
24 45
25 21
25 0
25 10
25 42
25 43
25 50
25 71
26 1
26 10
26 19
26 74
26 85
26 91
26 97
27 12
27 15
27 5
27 28
27 29
27 31
27 40
28 4
28 10
28 27
28 32
28 38
29 1
29 3
29 27
29 37
29 43
29 86
30 10
30 12
30 9
30 51
30 59
30 67
31 6
31 17
31 27
31 64
32 20
32 23
32 28
32 34
32 61
32 71
32 86
33 1
33 20
33 5
33 46
33 68
33 75
33 78
34 1
34 32
34 11
34 39
34 62
35 10
35 8
35 2
35 55
35 68
35 69
35 74
36 2
36 17
36 6
36 43
36 60
37 12
37 29
37 18
37 72
38 11
38 24
38 28
38 41
38 48
38 66
38 75
39 14
39 34
39 2
39 63
40 1
40 4
40 27
40 60
41 2
41 38
41 3
42 22
42 24
42 25
42 78
42 80
43 29
43 25
43 36
43 54
43 96
44 14
44 10
44 5
44 55
45 1
45 24
45 27
45 64
45 96
46 33
46 1
46 3
46 69
46 79
47 3
47 5
47 2
47 63
47 84
48 9
48 38
48 2
48 85
49 9
49 10
49 5
49 73
50 12
50 4
50 25
50 63
50 66
50 76
50 92
51 16
51 6
51 30
51 56
52 8
52 13
52 2
52 58
53 21
53 15
53 4
54 16
54 43
54 2
54 77
55 0
55 35
55 44
55 82
56 0
56 51
56 8
57 4
57 1
57 0
57 93
58 13
58 52
58 3
58 60
58 65
58 77
59 30
59 17
59 3
60 40
60 36
60 58
61 32
61 1
61 17
61 74
62 0
62 34
62 10
63 50
63 39
63 47
63 71
63 88
63 90
63 94
64 31
64 12
64 45
65 9
65 58
65 12
65 88
66 50
66 38
66 15
66 99
67 30
67 0
67 17
67 68
67 94
67 95
68 35
68 67
68 33
68 89
69 0
69 46
69 35
69 81
70 15
70 1
70 3
71 25
71 63
71 32
72 37
72 21
72 27
72 80
73 15
73 6
73 49
74 61
74 35
74 26
74 92
75 33
75 38
75 12
75 89
76 1
76 3
76 50
76 81
77 58
77 54
77 6
78 15
78 42
78 33
79 46
79 8
79 14
80 11
80 72
80 42
81 12
81 69
81 76
82 55
82 25
82 8
83 22
83 6
83 5
84 47
84 8
84 12
85 4
85 26
85 48
86 23
86 29
86 32
87 25
87 15
87 33
88 65
88 63
88 21
88 93
88 97
89 75
89 68
89 21
90 25
90 5
90 63
91 32
91 26
91 38
92 50
92 74
92 5
93 57
93 20
93 88
93 94
94 67
94 63
94 93
95 67
95 20
95 0
96 43
96 45
96 27
97 88
97 20
97 26
98 17
98 0
98 27
99 3
99 66
99 38
