0 1
1 0
2 0
2 1
3 0
3 1
3 2
4 1
4 3
4 2
5 2
5 1
5 0
6 0
6 4
6 1
7 1
7 5
7 0
8 0
8 1
8 7
9 2
9 1
9 5
10 1
10 0
10 5
11 8
11 7
11 5
12 3
12 5
12 1
13 1
13 6
13 7
14 1
14 4
14 13
15 12
15 5
15 3
16 1
16 4
16 0
17 0
17 3
17 2
18 0
18 3
18 13
19 1
19 17
19 3
20 8
20 13
20 0
21 14
21 3
21 9
22 11
22 16
22 1
23 5
23 19
23 3
24 0
24 13
24 1
25 3
25 15
25 9
26 1
26 0
26 10
27 2
27 8
27 16
28 5
28 13
28 2
29 6
29 0
29 13
30 4
30 7
30 8
31 1
31 6
31 9
32 17
32 7
32 1
33 1
33 23
33 3
34 7
34 5
34 10
35 5
35 7
35 1
36 8
36 4
36 1
37 13
37 1
37 27
38 30
38 17
38 9
39 10
39 1
39 18
40 12
40 1
40 6
41 22
41 8
41 24
42 1
42 0
42 2
43 1
43 27
43 41
44 8
44 0
44 38
45 40
45 14
45 1
46 12
46 5
46 37
47 35
47 2
47 12
48 1
48 11
48 16
49 5
49 27
49 39
50 7
50 16
50 9
51 5
51 1
51 42
52 14
52 0
52 18
53 48
53 4
53 13
54 22
54 13
54 0
55 31
55 9
55 13
56 1
56 3
56 10
57 10
57 0
57 7
58 7
58 55
58 10
59 13
59 5
59 3
60 1
60 32
60 9
61 8
61 56
61 0
62 3
62 2
62 6
63 17
63 52
63 46
64 38
64 32
64 31
65 36
65 2
65 1
66 15
66 9
66 48
67 46
67 37
67 8
68 56
68 1
68 48
69 63
69 23
69 22
70 9
70 69
70 55
71 47
71 52
71 13
72 3
72 9
72 32
73 4
73 1
73 28
74 9
74 36
74 0
75 15
75 1
75 65
76 42
76 16
76 50
77 40
77 14
77 10
78 27
78 0
78 23
79 1
79 43
79 38
80 30
80 57
80 9
81 59
81 7
81 65
82 3
82 13
82 0
83 0
83 7
83 14
84 8
84 38
84 60
85 40
85 7
85 34
86 17
86 35
86 5
87 38
87 85
87 9
88 1
88 84
88 8
89 68
89 1
89 13
90 78
90 38
90 81
91 5
91 30
91 13
92 84
92 9
92 3
93 34
93 5
93 3
94 3
94 12
94 27
95 63
95 13
95 28
96 2
96 8
96 16
97 43
97 13
97 88
98 20
98 0
98 8
99 85
99 81
99 10
