0 1
0 2
1 0
1 2
2 0
2 1
3 0
3 2
3 1
4 0
4 3
4 2
5 2
5 3
5 0
6 4
6 5
6 0
7 2
7 3
7 4
8 0
8 6
8 4
9 3
9 6
9 5
10 3
10 0
10 6
11 0
11 5
11 2
12 2
12 5
12 3
13 1
13 0
13 10
14 4
14 2
14 0
15 1
15 4
15 2
16 5
16 1
16 2
17 14
17 2
17 0
18 0
18 15
18 11
19 2
19 0
19 5
20 18
20 9
20 13
21 3
21 6
21 4
22 2
22 11
22 9
23 3
23 2
23 5
24 1
24 7
24 11
25 2
25 9
25 7
26 5
26 16
26 24
27 5
27 25
27 3
28 1
28 2
28 0
29 5
29 9
29 2
30 14
30 2
30 23
31 29
31 0
31 5
32 13
32 2
32 1
33 32
33 16
33 1
34 24
34 2
34 3
35 10
35 4
35 14
36 11
36 35
36 0
37 18
37 4
37 13
38 12
38 22
38 6
39 0
39 4
39 18
40 11
40 23
40 25
41 23
41 2
41 6
42 24
42 37
42 23
43 1
43 2
43 23
44 26
44 38
44 35
45 25
45 31
45 9
46 2
46 7
46 23
47 24
47 26
47 25
48 18
48 40
48 35
49 32
49 17
49 29
50 7
50 49
50 39
51 36
51 11
51 26
52 35
52 45
52 27
53 12
53 0
53 23
54 0
54 1
54 3
55 16
55 14
55 23
56 2
56 12
56 5
57 42
57 1
57 10
58 3
58 0
58 48
59 3
59 39
59 11
60 56
60 49
60 59
61 15
61 5
61 49
62 36
62 61
62 56
63 20
63 25
63 31
64 3
64 60
64 0
65 2
65 7
65 1
66 30
66 13
66 1
67 0
67 30
67 7
68 7
68 40
68 14
69 24
69 64
69 2
70 0
70 40
70 18
71 61
71 13
71 62
72 3
72 57
72 0
73 39
73 71
73 2
74 71
74 67
74 2
75 1
75 39
75 5
76 38
76 1
76 74
77 27
77 14
77 25
78 57
78 43
78 5
79 37
79 1
79 34
80 2
80 48
80 10
81 6
81 72
81 5
82 60
82 80
82 6
83 0
83 65
83 63
84 6
84 3
84 2
85 82
85 10
85 3
86 1
86 29
86 5
87 27
87 24
87 3
88 61
88 0
88 82
89 0
89 3
89 2
90 4
90 70
90 3
91 2
91 0
91 10
92 5
92 71
92 2
93 15
93 38
93 68
94 60
94 51
94 81
95 86
95 54
95 14
96 77
96 44
96 61
97 88
97 64
97 18
98 0
98 13
98 24
99 6
99 53
99 44
100 39
100 57
100 54
101 56
101 4
101 1
102 65
102 61
102 29
103 96
103 57
103 0
104 56
104 2
104 0
105 12
105 96
105 35
106 25
106 18
106 61
107 70
107 2
107 106
108 17
108 45
108 2
109 84
109 40
109 24
110 25
110 33
110 97
111 8
111 88
111 78
112 25
112 105
112 45
113 4
113 6
113 43
114 46
114 52
114 11
115 32
115 61
115 56
116 2
116 13
116 57
117 18
117 30
117 2
118 29
118 11
118 82
119 78
119 113
119 31
120 106
120 25
120 6
121 4
121 81
121 6
122 30
122 35
122 25
123 62
123 113
123 13
124 19
124 71
124 17
125 26
125 3
125 2
126 29
126 98
126 61
127 26
127 16
127 33
128 1
128 42
128 109
129 14
129 91
129 7
130 24
130 5
130 69
131 11
131 76
131 32
132 5
132 24
132 57
133 99
133 35
133 101
134 70
134 2
134 49
135 5
135 45
135 36
136 36
136 26
136 86
137 11
137 10
137 74
138 7
138 25
138 80
139 35
139 39
139 88
140 63
140 115
140 94
141 21
141 0
141 130
142 20
142 35
142 77
143 23
143 68
143 86
144 0
144 98
144 117
145 4
145 85
145 23
146 17
146 145
146 86
147 53
147 93
147 142
148 4
148 48
148 101
149 75
149 24
149 2
150 122
150 66
150 109
151 2
151 60
151 94
152 51
152 21
152 3
153 0
153 43
153 13
154 11
154 3
154 2
155 2
155 4
155 51
156 71
156 23
156 145
157 0
157 91
157 5
158 0
158 5
158 88
159 140
159 36
159 7
160 1
160 89
160 32
161 24
161 2
161 121
162 30
162 48
162 5
163 18
163 116
163 3
164 6
164 35
164 77
165 36
165 62
165 107
166 65
166 133
166 89
167 68
167 25
167 6
168 130
168 75
168 13
169 48
169 26
169 23
170 2
170 102
170 76
171 13
171 6
171 86
172 153
172 17
172 158
173 29
173 2
173 109
174 2
174 114
174 157
175 78
175 56
175 35
176 122
176 133
176 3
177 77
177 44
177 42
178 23
178 5
178 13
179 1
179 10
179 138
180 58
180 148
180 14
181 66
181 147
181 8
182 25
182 2
182 135
183 4
183 79
183 101
184 56
184 11
184 84
185 5
185 138
185 176
186 48
186 40
186 178
187 133
187 1
187 0
188 54
188 78
188 168
189 21
189 30
189 26
190 165
190 0
190 179
191 35
191 97
191 173
192 30
192 14
192 2
193 11
193 88
193 77
194 76
194 152
194 35
195 24
195 53
195 21
196 19
196 5
196 105
197 11
197 23
197 9
198 34
198 122
198 101
199 170
199 102
199 2
200 151
200 125
200 2
201 14
201 98
201 118
202 1
202 101
202 25
203 58
203 135
203 75
204 11
204 14
204 0
205 77
205 1
205 44
206 130
206 67
206 101
207 154
207 194
207 61
208 98
208 121
208 125
209 60
209 1
209 0
210 4
210 9
210 90
211 1
211 4
211 17
212 2
212 149
212 26
213 156
213 44
213 24
214 165
214 178
214 21
215 11
215 199
215 0
216 61
216 82
216 64
217 2
217 0
217 200
218 23
218 2
218 3
219 30
219 70
219 0
220 40
220 9
220 136
221 25
221 6
221 205
222 48
222 2
222 5
223 192
223 212
223 1
224 78
224 4
224 35
225 90
225 60
225 173
226 48
226 2
226 151
227 2
227 24
227 68
228 211
228 13
228 5
229 2
229 76
229 204
230 48
230 6
230 25
231 4
231 61
231 31
232 42
232 5
232 28
233 22
233 122
233 90
234 98
234 202
234 200
235 133
235 23
235 6
236 29
236 129
236 80
237 218
237 160
237 86
238 148
238 84
238 2
239 113
239 229
239 2
240 24
240 226
240 33
241 112
241 115
241 9
242 125
242 58
242 159
243 0
243 7
243 30
244 40
244 0
244 183
245 138
245 4
245 17
246 37
246 19
246 207
247 5
247 192
247 2
248 15
248 126
248 170
249 14
249 47
249 226
250 124
250 4
250 39
251 67
251 33
251 97
252 98
252 2
252 1
253 7
253 147
253 50
254 17
254 106
254 88
255 181
255 233
255 150
256 63
256 16
256 14
257 76
257 180
257 112
258 166
258 89
258 101
259 225
259 50
259 4
260 5
260 200
260 219
261 128
261 179
261 86
262 44
262 16
262 189
263 199
263 78
263 85
264 185
264 249
264 2
265 2
265 218
265 112
266 32
266 0
266 208
267 145
267 73
267 5
268 15
268 172
268 18
269 2
269 138
269 7
270 1
270 14
270 263
271 22
271 127
271 99
272 217
272 25
272 2
273 64
273 0
273 228
274 172
274 4
274 16
275 263
275 78
275 231
276 113
276 6
276 86
277 190
277 177
277 81
278 57
278 5
278 34
279 133
279 268
279 2
280 153
280 43
280 135
281 253
281 106
281 2
282 78
282 61
282 159
283 48
283 282
283 59
284 247
284 30
284 130
285 0
285 126
285 13
286 157
286 108
286 13
287 204
287 76
287 16
288 232
288 204
288 161
289 187
289 164
289 196
290 121
290 234
290 284
291 122
291 15
291 215
292 5
292 250
292 78
293 29
293 125
293 66
294 82
294 79
294 221
295 84
295 5
295 191
296 43
296 9
296 165
297 250
297 21
297 13
298 82
298 71
298 16
299 70
299 113
299 295
300 151
300 24
300 81
301 254
301 76
301 4
302 219
302 182
302 273
303 51
303 78
303 21
304 5
304 217
304 97
305 48
305 285
305 194
306 15
306 105
306 77
307 71
307 73
307 206
308 2
308 118
308 83
309 6
309 26
309 211
310 1
310 39
310 96
311 1
311 118
311 296
312 51
312 5
312 3
313 98
313 239
313 0
314 48
314 113
314 147
315 5
315 60
315 265
316 112
316 74
316 145
317 41
317 246
317 43
318 116
318 30
318 127
319 11
319 15
319 281
320 2
320 5
320 179
321 18
321 6
321 0
322 86
322 2
322 6
323 0
323 95
323 280
324 137
324 96
324 28
325 94
325 51
325 184
326 24
326 129
326 25
327 15
327 285
327 2
328 13
328 151
328 0
329 43
329 192
329 0
330 276
330 139
330 57
331 168
331 89
331 206
332 222
332 253
332 35
333 57
333 3
333 101
334 97
334 78
334 48
335 1
335 27
335 78
336 239
336 113
336 318
337 19
337 0
337 136
338 94
338 214
338 292
339 255
339 152
339 25
340 0
340 247
340 127
341 0
341 324
341 325
342 204
342 155
342 249
343 116
343 51
343 1
344 236
344 125
344 109
345 157
345 26
345 21
346 60
346 11
346 120
347 3
347 296
347 30
348 27
348 13
348 30
349 90
349 123
349 5
350 219
350 231
350 319
351 226
351 296
351 42
352 325
352 54
352 94
353 4
353 80
353 99
354 23
354 275
354 58
355 347
355 0
355 18
356 219
356 344
356 325
357 40
357 1
357 306
358 2
358 215
358 321
359 95
359 57
359 125
360 43
360 148
360 30
361 39
361 77
361 35
362 2
362 0
362 35
363 27
363 21
363 243
364 133
364 187
364 164
365 29
365 275
365 86
366 23
366 325
366 88
367 36
367 48
367 88
368 78
368 53
368 41
369 6
369 28
369 327
370 249
370 239
370 313
371 57
371 56
371 0
372 5
372 53
372 23
373 122
373 29
373 335
374 87
374 120
374 2
375 6
375 306
375 344
376 180
376 15
376 176
377 33
377 168
377 2
378 109
378 374
378 1
379 291
379 244
379 19
380 74
380 129
380 10
381 352
381 211
381 45
382 300
382 35
382 0
383 156
383 77
383 243
384 292
384 255
384 256
385 11
385 16
385 84
386 179
386 23
386 78
387 88
387 159
387 203
388 67
388 384
388 208
389 139
389 107
389 112
390 38
390 48
390 7
391 1
391 148
391 78
392 172
392 148
392 128
393 43
393 24
393 270
394 3
394 208
394 213
395 45
395 168
395 132
396 200
396 211
396 124
397 48
397 0
397 18
398 48
398 187
398 5
399 82
399 4
399 79
400 198
400 224
400 32
401 18
401 345
401 21
402 108
402 51
402 177
403 213
403 300
403 308
404 14
404 105
404 65
405 101
405 214
405 204
406 11
406 24
406 263
407 229
407 303
407 188
408 230
408 192
408 244
409 194
409 358
409 37
410 84
410 206
410 360
411 321
411 133
411 70
412 18
412 304
412 4
413 4
413 36
413 370
414 56
414 306
414 23
415 3
415 129
415 138
416 234
416 411
416 82
417 24
417 2
417 376
418 366
418 1
418 58
419 227
419 109
419 352
420 135
420 280
420 327
421 115
421 392
421 177
422 107
422 374
422 411
423 140
423 205
423 11
424 358
424 61
424 62
425 15
425 162
425 39
426 202
426 5
426 275
427 170
427 288
427 10
428 112
428 362
428 11
429 44
429 310
429 153
430 36
430 233
430 78
431 76
431 5
431 13
432 91
432 241
432 226
433 48
433 67
433 187
434 344
434 115
434 82
435 270
435 14
435 162
436 351
436 45
436 207
437 22
437 181
437 68
438 93
438 43
438 383
439 111
439 427
439 344
440 88
440 57
440 3
441 0
441 185
441 155
442 379
442 53
442 157
443 183
443 11
443 5
444 13
444 1
444 138
445 308
445 0
445 62
446 0
446 94
446 18
447 25
447 264
447 78
448 283
448 407
448 46
449 5
449 423
449 9
450 263
450 275
450 353
451 254
451 49
451 122
452 3
452 248
452 421
453 349
453 429
453 4
454 147
454 181
454 67
455 159
455 361
455 43
456 334
456 249
456 247
457 165
457 243
457 202
458 264
458 23
458 300
459 160
459 34
459 124
460 106
460 324
460 168
461 25
461 368
461 283
462 62
462 58
462 446
463 29
463 77
463 342
464 3
464 188
464 4
465 107
465 88
465 108
466 183
466 53
466 354
467 29
467 2
467 183
468 56
468 404
468 351
469 269
469 437
469 2
470 127
470 248
470 149
471 17
471 35
471 397
472 389
472 234
472 144
473 7
473 379
473 199
474 347
474 265
474 119
475 401
475 417
475 2
476 11
476 76
476 306
477 339
477 24
477 198
478 3
478 327
478 385
479 180
479 236
479 159
480 8
480 24
480 204
481 5
481 98
481 246
482 209
482 270
482 370
483 3
483 5
483 160
484 39
484 367
484 291
485 1
485 170
485 230
486 32
486 328
486 25
487 0
487 30
487 74
488 6
488 11
488 7
489 285
489 195
489 5
490 14
490 74
490 22
491 27
491 367
491 2
492 432
492 450
492 469
493 45
493 164
493 315
494 13
494 0
494 256
495 37
495 390
495 334
496 185
496 2
496 85
497 229
497 296
497 18
498 3
498 115
498 60
499 476
499 84
499 435
500 429
500 416
500 37
501 53
501 114
501 242
502 300
502 10
502 65
503 125
503 3
503 0
504 4
504 392
504 103
505 147
505 357
505 199
506 38
506 61
506 170
507 502
507 234
507 49
508 9
508 24
508 275
509 199
509 22
509 45
510 468
510 24
510 181
511 5
511 2
511 61
512 341
512 25
512 501
513 128
513 37
513 63
514 5
514 466
514 498
515 18
515 76
515 97
516 285
516 43
516 141
517 294
517 161
517 483
518 132
518 235
518 0
519 142
519 94
519 429
520 340
520 25
520 333
521 63
521 68
521 152
522 325
522 18
522 2
523 453
523 352
523 7
524 440
524 182
524 366
525 403
525 88
525 296
526 4
526 388
526 13
527 20
527 37
527 24
528 333
528 179
528 16
529 18
529 497
529 247
530 246
530 282
530 61
531 181
531 57
531 106
532 507
532 143
532 3
533 3
533 6
533 113
534 523
534 13
534 208
535 5
535 46
535 290
536 4
536 65
536 206
537 367
537 26
537 500
538 312
538 357
538 6
539 192
539 1
539 466
540 2
540 147
540 234
541 204
541 98
541 35
542 454
542 536
542 95
543 2
543 286
543 316
544 40
544 276
544 263
545 51
545 280
545 347
546 275
546 6
546 488
547 36
547 518
547 296
548 335
548 35
548 492
549 13
549 253
549 23
550 52
550 450
550 264
551 132
551 316
551 9
552 146
552 53
552 25
553 232
553 392
553 160
554 400
554 6
554 382
555 39
555 18
555 179
556 48
556 71
556 447
557 338
557 79
557 376
558 549
558 94
558 18
559 61
559 0
559 4
560 308
560 445
560 123
561 175
561 88
561 165
562 98
562 24
562 30
563 166
563 143
563 185
564 84
564 30
564 25
565 87
565 367
565 32
566 378
566 500
566 67
567 191
567 408
567 11
568 549
568 128
568 0
569 43
569 14
569 68
570 12
570 33
570 97
571 462
571 383
571 5
572 396
572 241
572 105
573 315
573 266
573 498
574 288
574 4
574 250
575 23
575 205
575 4
576 224
576 116
576 25
577 1
577 218
577 56
578 191
578 141
578 32
579 200
579 26
579 71
580 98
580 35
580 285
581 88
581 172
581 477
582 5
582 265
582 128
583 338
583 568
583 32
584 549
584 48
584 452
585 23
585 89
585 13
586 410
586 256
586 317
587 230
587 344
587 31
588 134
588 86
588 471
589 264
589 0
589 50
590 516
590 509
590 14
591 216
591 169
591 502
592 568
592 2
592 0
593 280
593 4
593 386
594 426
594 18
594 455
595 251
595 4
595 59
596 191
596 124
596 581
597 283
597 357
597 101
598 255
598 531
598 382
599 249
599 585
599 239
600 184
600 310
600 18
601 292
601 99
601 149
602 441
602 588
602 47
603 18
603 348
603 329
604 0
604 375
604 268
605 480
605 410
605 20
606 0
606 75
606 94
607 73
607 396
607 294
608 605
608 298
608 48
609 51
609 366
609 116
610 339
610 42
610 429
611 434
611 556
611 160
612 339
612 573
612 538
613 2
613 5
613 75
614 50
614 339
614 17
615 51
615 96
615 18
616 486
616 176
616 570
617 206
617 101
617 103
618 444
618 372
618 153
619 164
619 224
619 48
620 0
620 5
620 1
621 341
621 404
621 2
622 294
622 548
622 344
623 2
623 236
623 98
624 497
624 4
624 22
625 57
625 619
625 543
626 287
626 611
626 390
627 402
627 36
627 177
628 594
628 50
628 86
629 144
629 30
629 2
630 423
630 62
630 5
631 13
631 594
631 88
632 451
632 381
632 0
633 7
633 4
633 115
634 335
634 283
634 253
635 34
635 382
635 5
636 24
636 34
636 177
637 613
637 213
637 431
638 540
638 37
638 397
639 351
639 580
639 156
640 275
640 215
640 563
641 18
641 60
641 112
642 110
642 39
642 411
643 131
643 39
643 235
644 517
644 282
644 66
645 4
645 103
645 486
646 77
646 3
646 312
647 32
647 523
647 11
648 69
648 107
648 152
649 24
649 40
649 64
650 97
650 25
650 108
651 3
651 562
651 250
652 265
652 534
652 74
653 291
653 0
653 61
654 38
654 8
654 325
655 56
655 106
655 11
656 0
656 586
656 342
657 65
657 42
657 57
658 53
658 42
658 97
659 0
659 103
659 31
660 546
660 477
660 21
661 3
661 81
661 571
662 622
662 0
662 199
663 152
663 54
663 70
664 144
664 3
664 344
665 200
665 446
665 508
666 484
666 645
666 33
667 509
667 70
667 273
668 107
668 667
668 36
669 2
669 5
669 308
670 406
670 13
670 162
671 308
671 2
671 603
672 46
672 8
672 20
673 113
673 659
673 41
674 481
674 404
674 266
675 136
675 3
675 1
676 2
676 627
676 1
677 35
677 150
677 11
678 259
678 11
678 253
679 3
679 369
679 359
680 519
680 132
680 1
681 59
681 666
681 49
682 223
682 192
682 146
683 436
683 23
683 280
684 204
684 386
684 43
685 317
685 535
685 351
686 585
686 94
686 106
687 12
687 14
687 119
688 153
688 108
688 45
689 157
689 5
689 101
690 205
690 507
690 24
691 193
691 32
691 108
692 613
692 310
692 11
693 25
693 296
693 659
694 341
694 252
694 548
695 11
695 314
695 130
696 635
696 14
696 133
697 14
697 466
697 192
698 138
698 24
698 4
699 26
699 644
699 317
700 84
700 60
700 202
701 288
701 165
701 684
702 9
702 598
702 385
703 206
703 115
703 56
704 304
704 2
704 0
705 18
705 275
705 601
706 360
706 23
706 659
707 151
707 0
707 372
708 180
708 0
708 437
709 218
709 438
709 256
710 39
710 249
710 120
711 355
711 704
711 225
712 109
712 587
712 517
713 59
713 100
713 199
714 6
714 66
714 687
715 520
715 426
715 270
716 562
716 365
716 308
717 374
717 106
717 329
718 76
718 3
718 4
719 125
719 68
719 130
720 107
720 351
720 436
721 4
721 210
721 43
722 11
722 78
722 372
723 590
723 0
723 716
724 32
724 434
724 3
725 541
725 185
725 116
726 83
726 30
726 15
727 25
727 9
727 594
728 88
728 70
728 275
729 32
729 38
729 381
730 104
730 663
730 4
731 498
731 13
731 316
732 4
732 21
732 68
733 59
733 280
733 303
734 666
734 178
734 16
735 249
735 251
735 434
736 43
736 545
736 240
737 712
737 68
737 86
738 664
738 2
738 59
739 349
739 10
739 372
740 269
740 453
740 239
741 703
741 270
741 131
742 202
742 343
742 476
743 705
743 346
743 81
744 662
744 0
744 146
745 39
745 89
745 35
746 94
746 663
746 3
747 120
747 162
747 423
748 212
748 556
748 77
749 117
749 378
749 486
750 269
750 4
750 501
751 718
751 36
751 0
752 347
752 283
752 2
753 582
753 169
753 323
754 370
754 96
754 113
755 57
755 551
755 694
756 366
756 49
756 96
757 467
757 691
757 3
758 497
758 346
758 74
759 517
759 276
759 407
760 36
760 328
760 467
761 0
761 82
761 423
762 193
762 101
762 382
763 32
763 371
763 594
764 691
764 56
764 290
765 67
765 13
765 24
766 19
766 5
766 265
767 412
767 186
767 638
768 152
768 192
768 343
769 573
769 282
769 483
770 211
770 343
770 0
771 304
771 268
771 38
772 243
772 625
772 344
773 3
773 254
773 46
774 597
774 94
774 486
775 89
775 62
775 192
776 66
776 702
776 85
777 509
777 24
777 2
778 457
778 308
778 37
779 33
779 227
779 36
780 0
780 643
780 285
781 355
781 773
781 146
782 195
782 14
782 409
783 606
783 15
783 394
784 193
784 26
784 39
785 451
785 407
785 157
786 263
786 206
786 90
787 176
787 404
787 22
788 2
788 385
788 466
789 572
789 56
789 6
790 202
790 4
790 294
791 54
791 524
791 97
792 2
792 5
792 363
793 27
793 784
793 360
794 78
794 23
794 99
795 71
795 30
795 672
796 455
796 138
796 60
797 489
797 256
797 422
798 23
798 758
798 236
799 226
799 237
799 25
800 372
800 790
800 625
801 84
801 265
801 67
802 48
802 81
802 40
803 58
803 517
803 182
804 90
804 361
804 315
805 296
805 342
805 285
806 76
806 230
806 528
807 29
807 718
807 39
808 147
808 25
808 404
809 634
809 35
809 73
810 185
810 361
810 240
811 167
811 423
811 192
812 150
812 45
812 783
813 160
813 514
813 270
814 370
814 14
814 7
815 62
815 24
815 141
816 118
816 279
816 26
817 121
817 42
817 45
818 42
818 601
818 551
819 65
819 207
819 84
820 803
820 161
820 456
821 113
821 13
821 3
822 25
822 512
822 0
823 537
823 4
823 584
824 489
824 472
824 67
825 56
825 14
825 164
826 356
826 194
826 512
827 366
827 727
827 611
828 653
828 54
828 113
829 716
829 635
829 551
830 15
830 71
830 68
831 90
831 224
831 221
832 40
832 45
832 86
833 4
833 24
833 148
834 575
834 439
834 264
835 105
835 6
835 180
836 35
836 165
836 300
837 517
837 823
837 3
838 412
838 172
838 589
839 205
839 77
839 485
840 28
840 463
840 475
841 90
841 806
841 815
842 367
842 835
842 483
843 26
843 5
843 4
844 10
844 475
844 152
845 30
845 670
845 401
846 369
846 57
846 18
847 610
847 212
847 619
848 190
848 111
848 382
849 53
849 130
849 49
850 198
850 802
850 666
851 800
851 335
851 481
852 296
852 58
852 322
853 694
853 199
853 766
854 7
854 662
854 2
855 362
855 664
855 423
856 675
856 121
856 814
857 1
857 326
857 225
858 57
858 124
858 185
859 34
859 519
859 512
860 23
860 500
860 24
861 280
861 6
861 450
862 1
862 415
862 15
863 671
863 192
863 60
864 765
864 751
864 82
865 23
865 5
865 211
866 44
866 67
866 3
867 192
867 795
867 360
868 1
868 832
868 268
869 599
869 4
869 2
870 26
870 37
870 84
871 468
871 556
871 272
872 304
872 577
872 291
873 24
873 77
873 457
874 813
874 843
874 197
875 422
875 695
875 281
876 393
876 13
876 232
877 173
877 113
877 207
878 252
878 119
878 31
879 24
879 38
879 537
880 519
880 872
880 428
881 304
881 38
881 42
882 264
882 681
882 732
883 109
883 747
883 30
884 11
884 392
884 567
885 38
885 752
885 146
886 107
886 354
886 98
887 238
887 348
887 755
888 164
888 227
888 103
889 773
889 576
889 45
890 33
890 38
890 265
891 57
891 179
891 877
892 404
892 112
892 188
893 75
893 315
893 281
894 489
894 431
894 215
895 666
895 46
895 148
896 25
896 216
896 278
897 765
897 411
897 330
898 121
898 94
898 77
899 832
899 333
899 2
900 57
900 192
900 695
901 48
901 15
901 621
902 140
902 257
902 151
903 670
903 540
903 253
904 636
904 855
904 610
905 76
905 440
905 629
906 810
906 452
906 104
907 396
907 236
907 200
908 143
908 3
908 57
909 509
909 78
909 113
910 253
910 203
910 264
911 431
911 288
911 3
912 30
912 36
912 14
913 69
913 294
913 29
914 65
914 270
914 115
915 384
915 36
915 262
916 535
916 827
916 465
917 751
917 458
917 561
918 133
918 40
918 6
919 739
919 90
919 466
920 73
920 76
920 30
921 36
921 31
921 71
922 226
922 199
922 25
923 113
923 2
923 240
924 285
924 295
924 334
925 621
925 23
925 77
926 262
926 591
926 305
927 79
927 12
927 438
928 779
928 570
928 271
929 4
929 324
929 167
930 164
930 23
930 82
931 646
931 252
931 443
932 62
932 900
932 760
933 64
933 120
933 212
934 304
934 641
934 167
935 383
935 556
935 254
936 39
936 1
936 2
937 5
937 11
937 18
938 422
938 177
938 68
939 283
939 50
939 272
940 58
940 18
940 281
941 304
941 847
941 551
942 497
942 223
942 88
943 60
943 330
943 819
944 280
944 89
944 234
945 703
945 491
945 116
946 64
946 612
946 446
947 244
947 625
947 861
948 947
948 13
948 207
949 262
949 2
949 665
950 143
950 699
950 824
951 824
951 95
951 233
952 235
952 456
952 236
953 560
953 444
953 927
954 267
954 0
954 339
955 11
955 292
955 857
956 13
956 146
956 7
957 24
957 148
957 40
958 921
958 5
958 571
959 528
959 239
959 832
960 39
960 634
960 488
961 56
961 39
961 774
962 3
962 551
962 296
963 114
963 376
963 236
964 439
964 811
964 180
965 709
965 913
965 224
966 590
966 776
966 49
967 4
967 738
967 339
968 828
968 289
968 324
969 512
969 962
969 2
970 36
970 287
970 619
971 78
971 56
971 718
972 533
972 235
972 30
973 103
973 268
973 71
974 339
974 259
974 77
975 321
975 938
975 74
976 872
976 259
976 337
977 371
977 657
977 18
978 425
978 230
978 0
979 101
979 952
979 146
980 65
980 278
980 417
981 176
981 1
981 15
982 786
982 18
982 75
983 0
983 10
983 923
984 643
984 374
984 264
985 619
985 31
985 387
986 15
986 709
986 910
987 320
987 962
987 1
988 484
988 122
988 831
989 534
989 13
989 36
990 58
990 383
990 415
991 798
991 36
991 35
992 194
992 370
992 477
993 422
993 337
993 349
994 599
994 542
994 429
995 88
995 9
995 97
996 729
996 26
996 399
997 517
997 990
997 25
998 375
998 280
998 332
999 51
999 122
999 168
