0 1
1 0
2 1
2 0
3 0
3 1
3 2
4 0
4 2
4 3
5 0
5 4
5 2
6 1
6 4
6 3
7 2
7 1
7 4
8 0
8 4
8 1
9 6
9 1
9 3
10 7
10 4
10 0
11 4
11 0
11 7
12 1
12 0
12 4
13 2
13 4
13 5
14 0
14 4
14 1
15 12
15 4
15 1
16 3
16 0
16 2
17 0
17 11
17 1
18 1
18 2
18 13
19 4
19 10
19 1
20 12
20 6
20 3
21 2
21 7
21 9
22 16
22 4
22 21
23 6
23 5
23 4
24 10
24 14
24 3
25 14
25 20
25 5
26 23
26 2
26 4
27 26
27 4
27 6
28 0
28 11
28 13
29 17
29 18
29 3
30 22
30 25
30 2
31 3
31 6
31 5
32 11
32 5
32 4
33 15
33 4
33 1
34 21
34 1
34 15
35 6
35 9
35 10
36 17
36 1
36 16
37 15
37 18
37 28
38 10
38 33
38 0
39 13
39 21
39 1
40 13
40 0
40 23
41 4
41 13
41 27
42 3
42 30
42 1
43 1
43 12
43 5
44 3
44 1
44 27
45 43
45 1
45 16
46 21
46 43
46 17
47 10
47 13
47 37
48 35
48 47
48 40
49 23
49 13
49 1
50 13
50 1
50 5
51 30
51 19
51 2
52 30
52 46
52 11
53 3
53 2
53 19
54 17
54 6
54 11
55 1
55 18
55 21
56 0
56 23
56 2
57 50
57 48
57 31
58 4
58 0
58 42
59 30
59 33
59 23
60 33
60 32
60 23
61 2
61 15
61 7
62 3
62 54
62 17
63 11
63 3
63 42
64 20
64 2
64 27
65 32
65 43
65 61
66 60
66 39
66 48
67 22
67 2
67 28
68 15
68 2
68 17
69 40
69 49
69 4
70 53
70 36
70 3
71 10
71 26
71 44
72 42
72 30
72 40
73 31
73 32
73 20
74 37
74 41
74 15
75 36
75 14
75 53
76 6
76 7
76 22
77 0
77 3
77 54
78 49
78 3
78 0
79 63
79 37
79 4
80 67
80 10
80 1
81 29
81 1
81 37
82 28
82 4
82 61
83 80
83 15
83 2
84 3
84 41
84 16
85 57
85 33
85 27
86 22
86 3
86 13
87 28
87 1
87 15
88 75
88 1
88 28
89 1
89 11
89 88
90 59
90 40
90 11
91 0
91 57
91 2
92 0
92 5
92 89
93 3
93 72
93 32
94 13
94 12
94 16
95 15
95 42
95 85
96 56
96 2
96 0
97 3
97 19
97 30
98 17
98 30
98 6
99 30
99 2
99 85
