0 1
0 2
1 0
1 2
2 1
2 0
3 2
3 0
3 1
4 1
4 0
4 2
5 0
5 1
5 2
6 3
6 2
6 1
7 3
7 6
7 0
8 1
8 6
8 0
9 6
9 0
9 3
10 9
10 0
10 8
11 3
11 2
11 4
12 11
12 1
12 0
13 1
13 0
13 2
14 1
14 0
14 8
15 7
15 8
15 1
16 3
16 1
16 11
17 12
17 0
17 1
18 16
18 17
18 0
19 12
19 13
19 3
20 1
20 2
20 14
21 4
21 13
21 16
22 1
22 3
22 2
23 5
23 1
23 2
24 21
24 1
24 16
25 1
25 7
25 0
26 4
26 11
26 19
27 2
27 12
27 0
28 16
28 1
28 6
29 0
29 2
29 1
30 1
30 2
30 7
31 29
31 3
31 1
32 2
32 4
32 1
33 6
33 1
33 8
34 33
34 31
34 30
35 2
35 13
35 26
36 2
36 3
36 23
37 10
37 27
37 2
38 23
38 2
38 1
39 15
39 0
39 19
40 0
40 26
40 20
41 0
41 25
41 3
42 0
42 8
42 2
43 19
43 12
43 8
44 0
44 23
44 30
45 2
45 0
45 19
46 2
46 35
46 9
47 1
47 41
47 19
48 37
48 20
48 31
49 31
49 25
49 48
