0 1
1 0
2 1
2 0
3 1
3 0
3 2
4 1
4 2
4 3
5 4
5 0
5 1
6 1
6 4
6 3
7 1
7 2
7 3
8 5
8 2
8 7
9 7
9 5
9 2
10 1
10 2
10 3
11 3
11 0
11 1
12 3
12 9
12 8
13 3
13 10
13 12
14 1
14 0
14 4
15 2
15 4
15 1
16 5
16 3
16 7
17 7
17 10
17 4
18 3
18 0
18 17
19 4
19 1
19 0
20 10
20 7
20 0
21 10
21 1
21 0
22 7
22 21
22 4
23 1
23 3
23 8
24 8
24 4
24 7
25 2
25 1
25 18
26 23
26 7
26 20
27 1
27 12
27 0
28 3
28 24
28 7
29 26
29 10
29 0
30 11
30 2
30 14
31 7
31 5
31 15
32 18
32 12
32 0
33 0
33 5
33 3
34 31
34 6
34 0
35 7
35 9
35 0
36 10
36 9
36 3
37 1
37 5
37 2
38 1
38 17
38 9
39 23
39 25
39 7
40 1
40 2
40 5
41 17
41 4
41 26
42 0
42 18
42 12
43 33
43 1
43 6
44 2
44 24
44 10
45 24
45 5
45 0
46 14
46 45
46 4
47 1
47 24
47 26
48 7
48 0
48 12
49 12
49 43
49 1
50 2
50 10
50 13
51 1
51 2
51 9
52 0
52 1
52 47
53 38
53 23
53 5
54 1
54 14
54 3
55 33
55 54
55 8
56 9
56 1
56 8
57 0
57 5
57 9
58 27
58 3
58 24
59 49
59 9
59 17
60 20
60 1
60 33
61 48
61 2
61 18
62 42
62 17
62 29
63 0
63 26
63 45
64 17
64 0
64 3
65 8
65 1
65 0
66 7
66 0
66 10
67 32
67 66
67 5
68 24
68 4
68 12
69 62
69 49
69 1
70 1
70 5
70 66
71 0
71 4
71 18
72 11
72 42
72 24
73 11
73 42
73 0
74 0
74 1
74 2
75 3
75 61
75 5
76 9
76 3
76 66
77 74
77 45
77 24
78 37
78 8
78 27
79 12
79 8
79 2
80 24
80 32
80 8
81 61
81 42
81 6
82 74
82 49
82 34
83 2
83 3
83 42
84 40
84 2
84 3
85 76
85 5
85 9
86 1
86 64
86 85
87 73
87 0
87 50
88 0
88 7
88 10
89 39
89 61
89 14
90 3
90 1
90 47
91 62
91 48
91 4
92 33
92 23
92 2
93 44
93 32
93 9
94 42
94 68
94 38
95 56
95 8
95 0
96 0
96 7
96 49
97 72
97 9
97 3
98 0
98 11
98 89
99 81
99 33
99 45
