0 1
1 0
2 0
2 1
3 2
3 1
3 0
4 0
4 2
4 1
5 2
5 0
5 1
6 2
6 4
6 5
7 2
7 5
7 0
8 4
8 1
8 2
9 1
9 0
9 2
10 6
10 0
10 9
11 2
11 1
11 0
12 2
12 0
12 6
13 8
13 5
13 1
14 2
14 3
14 9
15 0
15 9
15 2
16 15
16 11
16 3
17 5
17 1
17 6
18 6
18 10
18 1
19 2
19 11
19 1
20 15
20 0
20 5
21 9
21 17
21 1
22 2
22 0
22 6
23 2
23 17
23 3
24 5
24 6
24 17
25 1
25 15
25 9
26 6
26 22
26 1
27 25
27 6
27 5
28 4
28 0
28 2
29 17
29 11
29 0
30 4
30 1
30 9
31 4
31 20
31 12
32 15
32 9
32 27
33 3
33 11
33 20
34 22
34 19
34 2
35 1
35 13
35 5
36 1
36 0
36 10
37 0
37 34
37 17
38 1
38 2
38 11
39 2
39 0
39 28
40 11
40 9
40 39
41 19
41 9
41 22
42 28
42 4
42 9
43 27
43 5
43 22
44 0
44 30
44 19
45 27
45 31
45 6
46 1
46 6
46 43
47 32
47 46
47 2
48 0
48 20
48 1
49 40
49 2
49 20
50 30
50 17
50 0
51 4
51 16
51 33
52 25
52 5
52 19
53 29
53 25
53 2
54 27
54 1
54 44
55 34
55 30
55 24
56 0
56 30
56 8
57 17
57 1
57 32
58 32
58 1
58 6
59 34
59 26
59 1
60 31
60 2
60 39
61 15
61 3
61 1
62 11
62 34
62 1
63 1
63 2
63 0
64 35
64 27
64 1
65 0
65 45
65 21
66 12
66 36
66 38
67 44
67 46
67 2
68 23
68 45
68 3
69 5
69 34
69 67
70 57
70 25
70 56
71 27
71 46
71 6
72 21
72 22
72 49
73 1
73 6
73 35
74 3
74 32
74 71
75 5
75 9
75 6
76 17
76 11
76 23
77 9
77 3
77 4
78 21
78 43
78 54
79 7
79 10
79 29
80 27
80 0
80 60
81 68
81 9
81 46
82 9
82 1
82 49
83 11
83 49
83 27
84 21
84 2
84 19
85 45
85 19
85 25
86 30
86 80
86 2
87 15
87 6
87 1
88 82
88 20
88 31
89 9
89 85
89 43
90 0
90 6
90 20
91 34
91 4
91 20
92 22
92 1
92 58
93 20
93 12
93 31
94 3
94 24
94 61
95 56
95 89
95 4
96 9
96 28
96 3
97 32
97 25
97 1
98 0
98 93
98 21
99 95
99 56
99 20
100 2
100 22
100 17
101 21
101 0
101 5
102 46
102 49
102 30
103 9
103 87
103 3
104 2
104 76
104 4
105 33
105 56
105 95
106 74
106 6
106 7
107 80
107 6
107 20
108 71
108 99
108 56
109 26
109 20
109 67
110 37
110 38
110 19
111 9
111 86
111 21
112 2
112 9
112 6
113 0
113 2
113 21
114 32
114 86
114 14
115 41
115 33
115 14
116 104
116 74
116 92
117 38
117 111
117 2
118 7
118 38
118 1
119 67
119 83
119 105
120 45
120 1
120 35
121 74
121 115
121 15
122 54
122 22
122 61
123 88
123 116
123 9
124 104
124 116
124 83
125 9
125 88
125 17
126 81
126 43
126 124
127 1
127 28
127 14
128 10
128 111
128 0
129 2
129 124
129 33
130 56
130 9
130 21
131 26
131 103
131 121
132 114
132 52
132 31
133 7
133 29
133 11
134 89
134 106
134 43
135 0
135 129
135 85
136 9
136 85
136 0
137 82
137 119
137 81
138 62
138 42
138 79
139 6
139 15
139 21
140 113
140 48
140 58
141 21
141 43
141 28
142 81
142 86
142 77
143 6
143 9
143 0
144 1
144 5
144 2
145 42
145 129
145 12
146 6
146 2
146 35
147 2
147 11
147 10
148 18
148 12
148 114
149 109
149 45
149 59
150 28
150 25
150 89
151 11
151 30
151 2
152 3
152 25
152 83
153 149
153 2
153 46
154 85
154 145
154 110
155 43
155 49
155 24
156 0
156 86
156 89
157 22
157 46
157 51
158 92
158 20
158 82
159 6
159 114
159 25
160 17
160 82
160 138
161 154
161 70
161 11
162 99
162 49
162 156
163 58
163 81
163 70
164 122
164 41
164 62
165 2
165 56
165 82
166 58
166 95
166 52
167 83
167 97
167 120
168 3
168 113
168 2
169 0
169 88
169 152
170 4
170 11
170 104
171 99
171 118
171 78
172 7
172 9
172 89
173 2
173 52
173 158
174 11
174 93
174 162
175 60
175 16
175 1
176 30
176 98
176 25
177 19
177 79
177 49
178 67
178 145
178 31
179 83
179 62
179 115
180 79
180 17
180 9
181 1
181 34
181 146
182 62
182 168
182 172
183 95
183 5
183 163
184 36
184 75
184 15
185 26
185 140
185 115
186 8
186 11
186 84
187 43
187 50
187 181
188 67
188 53
188 181
189 66
189 9
189 1
190 59
190 21
190 156
191 56
191 9
191 8
192 80
192 121
192 18
193 5
193 2
193 9
194 10
194 22
194 2
195 170
195 157
195 38
196 93
196 2
196 178
197 20
197 9
197 22
198 31
198 46
198 114
199 80
199 22
199 111
200 89
200 101
200 1
201 140
201 78
201 65
202 145
202 79
202 113
203 3
203 105
203 61
204 65
204 77
204 6
205 67
205 6
205 23
206 28
206 11
206 46
207 86
207 98
207 2
208 20
208 13
208 128
209 6
209 80
209 11
210 61
210 191
210 164
211 1
211 133
211 2
212 211
212 9
212 25
213 7
213 34
213 156
214 2
214 13
214 53
215 197
215 9
215 1
216 9
216 161
216 0
217 92
217 83
217 191
218 2
218 23
218 110
219 86
219 67
219 0
220 149
220 20
220 32
221 201
221 15
221 170
222 2
222 45
222 119
223 40
223 10
223 87
224 210
224 0
224 122
225 195
225 69
225 68
226 36
226 105
226 110
227 22
227 58
227 24
228 53
228 0
228 60
229 211
229 82
229 11
230 205
230 129
230 42
231 166
231 109
231 29
232 0
232 224
232 34
233 151
233 17
233 178
234 145
234 120
234 71
235 38
235 18
235 37
236 6
236 5
236 56
237 6
237 45
237 7
238 20
238 219
238 81
239 6
239 230
239 54
240 99
240 2
240 141
241 165
241 46
241 42
242 58
242 201
242 93
243 113
243 79
243 22
244 0
244 81
244 34
245 150
245 214
245 22
246 27
246 9
246 105
247 120
247 84
247 164
248 48
248 29
248 82
249 6
249 1
249 62
250 122
250 101
250 141
251 20
251 41
251 204
252 6
252 11
252 34
253 154
253 32
253 14
254 29
254 5
254 76
255 7
255 37
255 2
256 71
256 140
256 0
257 15
257 77
257 23
258 28
258 2
258 22
259 81
259 80
259 1
260 3
260 170
260 0
261 103
261 22
261 43
262 165
262 89
262 9
263 239
263 192
263 210
264 41
264 111
264 3
265 20
265 236
265 67
266 124
266 130
266 7
267 6
267 110
267 207
268 9
268 105
268 81
269 187
269 29
269 28
270 0
270 262
270 175
271 89
271 28
271 205
272 92
272 210
272 111
273 213
273 18
273 59
274 83
274 223
274 21
275 22
275 154
275 5
276 79
276 256
276 111
277 25
277 157
277 200
278 20
278 151
278 226
279 20
279 123
279 27
280 12
280 105
280 9
281 76
281 6
281 20
282 180
282 225
282 85
283 2
283 110
283 10
284 22
284 0
284 193
285 195
285 0
285 152
286 92
286 97
286 3
287 256
287 204
287 139
288 213
288 34
288 29
289 148
289 78
289 215
290 1
290 282
290 5
291 1
291 2
291 22
292 105
292 48
292 228
293 108
293 52
293 135
294 35
294 68
294 30
295 93
295 24
295 106
296 9
296 166
296 67
297 216
297 108
297 25
298 41
298 120
298 34
299 121
299 109
299 6
300 276
300 5
300 28
301 6
301 9
301 197
302 85
302 5
302 68
303 146
303 103
303 137
304 50
304 52
304 5
305 183
305 5
305 6
306 151
306 27
306 254
307 34
307 17
307 120
308 228
308 5
308 93
309 42
309 15
309 97
310 28
310 226
310 9
311 185
311 78
311 127
312 90
312 1
312 292
313 12
313 278
313 141
314 44
314 65
314 286
315 77
315 108
315 6
316 201
316 76
316 22
317 28
317 17
317 33
318 302
318 66
318 12
319 262
319 60
319 219
320 132
320 83
320 5
321 76
321 121
321 286
322 17
322 305
322 28
323 239
323 179
323 0
324 163
324 228
324 49
325 1
325 113
325 44
326 25
326 30
326 186
327 27
327 264
327 39
328 187
328 273
328 105
329 256
329 100
329 238
330 45
330 153
330 25
331 37
331 56
331 17
332 317
332 323
332 86
333 144
333 98
333 0
334 11
334 179
334 32
335 48
335 85
335 98
336 25
336 43
336 2
337 37
337 65
337 266
338 276
338 2
338 298
339 56
339 8
339 186
340 256
340 38
340 87
341 15
341 5
341 4
342 233
342 298
342 322
343 11
343 326
343 34
344 62
344 34
344 78
345 20
345 129
345 33
346 162
346 38
346 15
347 2
347 58
347 269
348 256
348 67
348 134
349 5
349 265
349 17
350 167
350 9
350 98
351 14
351 2
351 137
352 7
352 10
352 343
353 49
353 10
353 5
354 2
354 123
354 68
355 105
355 340
355 7
356 133
356 14
356 44
357 30
357 9
357 67
358 215
358 120
358 28
359 59
359 257
359 6
360 5
360 20
360 256
361 180
361 28
361 174
362 4
362 0
362 25
363 354
363 105
363 201
364 87
364 101
364 8
365 20
365 212
365 139
366 10
366 111
366 309
367 108
367 333
367 201
368 44
368 69
368 1
369 43
369 269
369 314
370 252
370 38
370 21
371 223
371 240
371 197
372 281
372 7
372 18
373 120
373 104
373 2
374 71
374 56
374 27
375 98
375 20
375 346
376 5
376 7
376 9
377 43
377 27
377 4
378 96
378 50
378 13
379 4
379 7
379 85
380 294
380 1
380 33
381 165
381 5
381 185
382 4
382 6
382 2
383 11
383 373
383 357
384 126
384 29
384 71
385 180
385 347
385 30
386 364
386 67
386 1
387 296
387 354
387 299
388 305
388 59
388 1
389 315
389 109
389 44
390 129
390 233
390 214
391 173
391 226
391 156
392 33
392 30
392 43
393 28
393 78
393 64
394 270
394 14
394 328
395 256
395 141
395 267
396 381
396 38
396 158
397 140
397 84
397 86
398 29
398 79
398 2
399 304
399 235
399 0
400 141
400 27
400 103
401 36
401 3
401 231
402 130
402 191
402 115
403 197
403 16
403 17
404 296
404 80
404 32
405 56
405 34
405 344
406 6
406 264
406 112
407 313
407 292
407 18
408 1
408 125
408 105
409 76
409 132
409 397
410 22
410 86
410 187
411 28
411 11
411 5
412 328
412 12
412 173
413 305
413 374
413 409
414 248
414 244
414 99
415 268
415 3
415 179
416 268
416 2
416 55
417 27
417 58
417 114
418 21
418 27
418 201
419 147
419 35
419 321
420 298
420 287
420 285
421 245
421 32
421 361
422 14
422 356
422 134
423 273
423 58
423 32
424 420
424 2
424 27
425 6
425 4
425 45
426 106
426 338
426 264
427 72
427 392
427 3
428 5
428 213
428 216
429 225
429 68
429 213
430 98
430 29
430 22
431 342
431 236
431 5
432 353
432 108
432 103
433 315
433 2
433 378
434 174
434 34
434 1
435 1
435 327
435 2
436 58
436 7
436 22
437 175
437 225
437 241
438 81
438 86
438 5
439 185
439 346
439 0
440 43
440 333
440 358
441 61
441 435
441 260
442 106
442 202
442 85
443 42
443 141
443 1
444 54
444 110
444 1
445 25
445 62
445 49
446 33
446 80
446 10
447 33
447 406
447 202
448 12
448 216
448 130
449 441
449 109
449 18
450 0
450 366
450 15
451 279
451 56
451 88
452 8
452 391
452 17
453 103
453 239
453 210
454 79
454 333
454 109
455 102
455 28
455 78
456 65
456 69
456 215
457 248
457 292
457 276
458 236
458 2
458 409
459 6
459 238
459 246
460 225
460 45
460 21
461 7
461 64
461 44
462 36
462 262
462 24
463 183
463 461
463 347
464 197
464 22
464 322
465 152
465 129
465 111
466 303
466 95
466 388
467 375
467 281
467 36
468 212
468 180
468 195
469 58
469 1
469 25
470 333
470 299
470 342
471 177
471 51
471 311
472 253
472 177
472 164
473 121
473 273
473 398
474 302
474 264
474 418
475 367
475 0
475 39
476 466
476 48
476 39
477 270
477 46
477 28
478 0
478 33
478 414
479 364
479 128
479 2
480 308
480 9
480 41
481 7
481 93
481 89
482 16
482 196
482 389
483 119
483 249
483 27
484 190
484 469
484 80
485 468
485 110
485 387
486 20
486 28
486 358
487 21
487 485
487 44
488 7
488 27
488 81
489 114
489 21
489 44
490 254
490 413
490 124
491 129
491 11
491 245
492 219
492 147
492 104
493 34
493 2
493 437
494 276
494 9
494 177
495 22
495 5
495 154
496 2
496 393
496 44
497 64
497 34
497 177
498 48
498 363
498 77
499 56
499 1
499 4
500 4
500 375
500 3
501 20
501 260
501 278
502 315
502 174
502 440
503 404
503 4
503 201
504 167
504 22
504 288
505 440
505 339
505 78
506 0
506 34
506 382
507 86
507 70
507 460
508 154
508 203
508 63
509 82
509 6
509 133
510 121
510 43
510 197
511 135
511 310
511 459
512 34
512 124
512 497
513 244
513 372
513 80
514 379
514 404
514 151
515 427
515 479
515 501
516 397
516 172
516 27
517 3
517 41
517 46
518 327
518 81
518 69
519 0
519 17
519 56
520 509
520 77
520 117
521 434
521 2
521 247
522 67
522 87
522 216
523 509
523 296
523 497
524 425
524 14
524 124
525 1
525 281
525 399
526 44
526 38
526 122
527 496
527 301
527 249
528 348
528 6
528 412
529 470
529 440
529 80
530 174
530 11
530 76
531 219
531 27
531 0
532 45
532 111
532 85
533 22
533 81
533 160
534 174
534 67
534 141
535 459
535 522
535 124
536 239
536 1
536 65
537 40
537 90
537 448
538 201
538 303
538 24
539 521
539 45
539 17
540 440
540 65
540 52
541 457
541 500
541 15
542 181
542 28
542 124
543 270
543 392
543 133
544 84
544 245
544 11
545 7
545 42
545 1
546 16
546 143
546 467
547 193
547 39
547 378
548 270
548 43
548 124
549 181
549 236
549 9
550 130
550 250
550 178
551 228
551 508
551 2
552 407
552 201
552 145
553 406
553 197
553 264
554 1
554 3
554 81
555 207
555 9
555 21
556 317
556 122
556 43
557 487
557 81
557 313
558 34
558 502
558 68
559 1
559 230
559 409
560 4
560 82
560 139
561 36
561 284
561 484
562 9
562 192
562 134
563 455
563 28
563 129
564 364
564 142
564 541
565 193
565 37
565 25
566 69
566 2
566 68
567 93
567 129
567 110
568 360
568 288
568 119
569 1
569 238
569 406
570 35
570 8
570 110
571 160
571 271
571 326
572 317
572 338
572 256
573 434
573 454
573 564
574 39
574 522
574 352
575 274
575 27
575 528
576 510
576 424
576 378
577 245
577 5
577 386
578 47
578 531
578 81
579 2
579 34
579 449
580 270
580 35
580 286
581 568
581 43
581 574
582 465
582 532
582 522
583 547
583 306
583 421
584 165
584 43
584 115
585 246
585 48
585 18
586 318
586 95
586 360
587 155
587 9
587 114
588 111
588 131
588 440
589 194
589 32
589 382
590 460
590 175
590 416
591 465
591 582
591 300
592 174
592 181
592 259
593 301
593 79
593 160
594 82
594 22
594 469
595 72
595 239
595 298
596 36
596 140
596 5
597 11
597 338
597 95
598 476
598 42
598 212
599 128
599 247
599 335
600 66
600 38
600 536
601 105
601 563
601 513
602 61
602 1
602 26
603 23
603 197
603 35
604 12
604 2
604 93
605 233
605 81
605 67
606 67
606 323
606 326
607 6
607 2
607 85
608 95
608 121
608 87
609 274
609 361
609 284
610 6
610 225
610 162
611 36
611 134
611 329
612 217
612 78
612 88
613 500
613 2
613 11
614 167
614 552
614 5
615 397
615 269
615 157
616 81
616 487
616 362
617 179
617 2
617 234
618 3
618 11
618 174
619 115
619 378
619 499
620 24
620 141
620 58
621 140
621 20
621 17
622 257
622 388
622 2
623 124
623 539
623 82
624 105
624 132
624 281
625 1
625 45
625 510
626 238
626 301
626 254
627 2
627 101
627 0
628 39
628 267
628 140
629 191
629 540
629 325
630 136
630 252
630 9
631 232
631 376
631 141
632 167
632 501
632 43
633 105
633 322
633 534
634 5
634 46
634 454
635 175
635 627
635 402
636 614
636 284
636 287
637 34
637 535
637 0
638 6
638 291
638 378
639 0
639 338
639 160
640 33
640 109
640 127
641 160
641 87
641 481
642 434
642 23
642 456
643 19
643 137
643 296
644 286
644 4
644 548
645 52
645 1
645 9
646 7
646 551
646 154
647 355
647 125
647 644
648 9
648 184
648 384
649 269
649 90
649 400
650 368
650 446
650 70
651 114
651 614
651 598
652 244
652 161
652 19
653 92
653 540
653 115
654 11
654 162
654 29
655 589
655 256
655 77
656 69
656 264
656 41
657 3
657 28
657 58
658 65
658 177
658 428
659 2
659 490
659 37
660 518
660 234
660 228
661 122
661 70
661 1
662 16
662 0
662 244
663 124
663 29
663 401
664 120
664 296
664 2
665 187
665 1
665 196
666 308
666 465
666 17
667 159
667 4
667 463
668 8
668 250
668 17
669 21
669 93
669 2
670 40
670 104
670 6
671 11
671 654
671 6
672 249
672 193
672 226
673 304
673 20
673 184
674 260
674 122
674 108
675 595
675 612
675 14
676 17
676 88
676 438
677 386
677 119
677 84
678 25
678 40
678 44
679 472
679 17
679 1
680 270
680 125
680 208
681 73
681 85
681 56
682 341
682 621
682 296
683 317
683 264
683 148
684 2
684 6
684 19
685 256
685 494
685 25
686 7
686 536
686 321
687 140
687 270
687 162
688 18
688 15
688 201
689 508
689 662
689 384
690 1
690 58
690 5
691 40
691 1
691 12
692 607
692 42
692 93
693 510
693 1
693 10
694 527
694 104
694 521
695 440
695 1
695 0
696 39
696 555
696 414
697 2
697 598
697 160
698 22
698 551
698 2
699 131
699 285
699 238
700 101
700 9
700 406
701 1
701 7
701 666
702 125
702 1
702 126
703 95
703 637
703 176
704 457
704 114
704 644
705 2
705 698
705 391
706 82
706 49
706 85
707 689
707 105
707 129
708 6
708 92
708 67
709 441
709 608
709 667
710 1
710 288
710 332
711 418
711 414
711 216
712 66
712 211
712 78
713 440
713 349
713 312
714 28
714 71
714 23
715 341
715 669
715 346
716 1
716 611
716 65
717 339
717 607
717 216
718 152
718 78
718 11
719 396
719 81
719 406
720 119
720 44
720 223
721 691
721 510
721 197
722 40
722 52
722 0
723 268
723 10
723 6
724 84
724 60
724 368
725 17
725 285
725 79
726 637
726 36
726 1
727 295
727 450
727 303
728 538
728 108
728 68
729 408
729 82
729 210
730 345
730 301
730 634
731 99
731 339
731 2
732 16
732 450
732 382
733 333
733 20
733 9
734 698
734 95
734 10
735 78
735 471
735 65
736 9
736 114
736 10
737 67
737 96
737 78
738 663
738 209
738 30
739 607
739 539
739 326
740 228
740 204
740 154
741 140
741 7
741 111
742 108
742 562
742 25
743 11
743 590
743 174
744 49
744 184
744 124
745 280
745 426
745 6
746 121
746 425
746 67
747 383
747 105
747 1
748 673
748 261
748 2
749 77
749 558
749 93
750 191
750 145
750 258
751 55
751 475
751 244
752 542
752 497
752 19
753 588
753 262
753 618
754 651
754 418
754 154
755 525
755 435
755 336
756 88
756 122
756 358
757 67
757 346
757 594
758 71
758 160
758 513
759 141
759 7
759 677
760 552
760 3
760 382
761 106
761 5
761 599
762 472
762 22
762 1
763 295
763 641
763 592
764 17
764 247
764 36
765 410
765 6
765 292
766 684
766 93
766 664
767 382
767 85
767 46
768 344
768 31
768 123
769 267
769 564
769 22
770 476
770 762
770 264
771 50
771 28
771 39
772 167
772 648
772 375
773 150
773 197
773 137
774 481
774 95
774 23
775 757
775 93
775 541
776 209
776 674
776 143
777 28
777 296
777 245
778 260
778 69
778 5
779 507
779 56
779 86
780 34
780 313
780 83
781 110
781 264
781 90
782 33
782 37
782 1
783 6
783 82
783 193
784 453
784 276
784 515
785 656
785 6
785 48
786 0
786 437
786 8
787 256
787 663
787 129
788 651
788 684
788 148
789 81
789 563
789 374
790 368
790 43
790 468
791 695
791 68
791 180
792 11
792 327
792 139
793 300
793 102
793 36
794 298
794 1
794 67
795 315
795 581
795 224
796 228
796 4
796 209
797 687
797 321
797 31
798 56
798 709
798 2
799 287
799 6
799 32
800 372
800 414
800 612
801 410
801 529
801 43
802 735
802 528
802 43
803 30
803 6
803 96
804 742
804 201
804 457
805 8
805 292
805 1
806 465
806 435
806 28
807 6
807 21
807 119
808 456
808 437
808 49
809 33
809 563
809 1
810 653
810 797
810 296
811 4
811 212
811 157
812 461
812 491
812 431
813 685
813 404
813 71
814 140
814 3
814 18
815 47
815 25
815 566
816 372
816 181
816 301
817 3
817 393
817 246
818 11
818 256
818 6
819 20
819 50
819 119
820 291
820 615
820 358
821 20
821 6
821 698
822 797
822 615
822 5
823 135
823 31
823 90
824 50
824 250
824 121
825 287
825 663
825 484
826 616
826 41
826 411
827 806
827 85
827 2
828 576
828 193
828 484
829 33
829 86
829 88
830 631
830 578
830 649
831 765
831 562
831 537
832 528
832 567
832 9
833 245
833 83
833 248
834 181
834 347
834 223
835 68
835 67
835 92
836 11
836 216
836 745
837 36
837 99
837 126
838 27
838 312
838 5
839 496
839 27
839 412
840 11
840 243
840 755
841 336
841 761
841 5
842 244
842 264
842 22
843 204
843 97
843 421
844 741
844 776
844 429
845 616
845 539
845 189
846 563
846 114
846 82
847 58
847 846
847 212
848 827
848 467
848 1
849 156
849 43
849 0
850 657
850 6
850 72
851 93
851 610
851 255
852 740
852 481
852 820
853 159
853 575
853 150
854 32
854 713
854 216
855 395
855 727
855 112
856 251
856 9
856 507
857 523
857 839
857 28
858 24
858 2
858 217
859 671
859 86
859 338
860 296
860 371
860 67
861 343
861 40
861 43
862 547
862 236
862 1
863 187
863 181
863 114
864 45
864 599
864 629
865 22
865 131
865 482
866 756
866 124
866 2
867 135
867 525
867 305
868 287
868 9
868 749
869 11
869 105
869 56
870 6
870 114
870 15
871 9
871 6
871 8
872 138
872 43
872 552
873 140
873 439
873 313
874 122
874 772
874 151
875 369
875 111
875 11
876 10
876 52
876 272
877 543
877 45
877 83
878 414
878 261
878 38
879 684
879 267
879 329
880 616
880 775
880 594
881 161
881 718
881 143
882 219
882 125
882 221
883 56
883 381
883 706
884 37
884 271
884 115
885 83
885 221
885 3
886 69
886 372
886 673
887 441
887 236
887 727
888 135
888 797
888 583
889 128
889 55
889 19
890 530
890 379
890 139
891 442
891 60
891 130
892 98
892 56
892 0
893 383
893 404
893 336
894 20
894 198
894 311
895 233
895 722
895 20
896 733
896 338
896 113
897 78
897 36
897 194
898 111
898 149
898 45
899 34
899 700
899 83
900 263
900 422
900 239
901 637
901 513
901 285
902 456
902 15
902 797
903 718
903 287
903 342
904 267
904 26
904 80
905 171
905 17
905 101
906 5
906 770
906 701
907 811
907 5
907 150
908 140
908 902
908 591
909 7
909 359
909 367
910 342
910 11
910 12
911 848
911 782
911 390
912 40
912 187
912 614
913 11
913 410
913 386
914 6
914 868
914 670
915 180
915 35
915 588
916 93
916 141
916 7
917 4
917 897
917 673
918 142
918 223
918 23
919 201
919 256
919 762
920 24
920 58
920 5
921 574
921 853
921 575
922 159
922 409
922 535
923 55
923 670
923 28
924 191
924 486
924 303
925 152
925 97
925 16
926 691
926 834
926 108
927 26
927 834
927 462
928 381
928 690
928 92
929 810
929 556
929 522
930 256
930 316
930 5
931 95
931 15
931 103
932 1
932 857
932 241
933 82
933 34
933 705
934 440
934 605
934 1
935 712
935 15
935 782
936 580
936 383
936 877
937 352
937 727
937 700
938 40
938 918
938 25
939 579
939 567
939 733
940 40
940 95
940 104
941 34
941 844
941 77
942 410
942 388
942 928
943 86
943 254
943 171
944 611
944 108
944 204
945 89
945 193
945 120
946 156
946 748
946 103
947 152
947 28
947 42
948 257
948 50
948 518
949 68
949 43
949 292
950 812
950 420
950 24
951 465
951 95
951 341
952 381
952 67
952 645
953 660
953 700
953 314
954 2
954 82
954 616
955 757
955 150
955 27
956 686
956 862
956 226
957 212
957 22
957 944
958 632
958 208
958 475
959 77
959 867
959 258
960 192
960 296
960 478
961 665
961 671
961 43
962 590
962 106
962 296
963 160
963 84
963 299
964 623
964 2
964 958
965 673
965 6
965 785
966 114
966 431
966 538
967 642
967 882
967 421
968 89
968 171
968 258
969 359
969 28
969 387
970 198
970 255
970 34
971 284
971 45
971 772
972 382
972 436
972 2
973 267
973 109
973 231
974 148
974 711
974 493
975 110
975 0
975 765
976 294
976 268
976 241
977 346
977 932
977 62
978 462
978 11
978 336
979 580
979 232
979 554
980 952
980 131
980 820
981 651
981 419
981 1
982 257
982 9
982 372
983 322
983 270
983 211
984 598
984 38
984 456
985 136
985 69
985 288
986 202
986 592
986 79
987 114
987 846
987 6
988 467
988 22
988 2
989 888
989 276
989 404
990 667
990 43
990 12
991 257
991 542
991 928
992 223
992 98
992 125
993 253
993 150
993 265
994 631
994 9
994 839
995 114
995 56
995 31
996 206
996 743
996 683
997 663
997 563
997 154
998 619
998 642
998 179
999 177
999 707
999 493
