0 1
1 0
2 0
2 1
3 1
3 0
3 2
4 2
4 0
4 1
5 1
5 0
5 3
6 0
6 1
6 5
7 1
7 0
7 2
8 1
8 2
8 0
9 1
9 2
9 4
10 2
10 8
10 1
11 0
11 6
11 1
12 0
12 1
12 9
13 2
13 9
13 1
14 1
14 0
14 5
15 7
15 2
15 6
16 1
16 3
16 8
17 6
17 13
17 1
18 17
18 12
18 11
19 16
19 15
19 3
20 1
20 17
20 0
21 1
21 17
21 8
22 1
22 15
22 3
23 2
23 0
23 1
24 2
24 6
24 3
25 20
25 1
25 12
26 15
26 1
26 8
27 0
27 2
27 12
28 2
28 6
28 15
29 2
29 1
29 7
30 12
30 2
30 0
31 8
31 0
31 1
32 2
32 26
32 18
33 20
33 1
33 30
34 21
34 17
34 0
35 28
35 1
35 2
36 8
36 6
36 0
37 8
37 6
37 5
38 8
38 1
38 13
39 27
39 1
39 9
40 8
40 16
40 3
41 0
41 13
41 2
42 28
42 7
42 6
43 1
43 42
43 19
44 0
44 17
44 1
45 2
45 0
45 20
46 29
46 1
46 28
47 1
47 13
47 7
48 18
48 26
48 25
49 2
49 1
49 26
50 49
50 3
50 2
51 50
51 3
51 2
52 44
52 28
52 18
53 8
53 9
53 30
54 36
54 0
54 34
55 17
55 30
55 20
56 49
56 43
56 19
57 1
57 44
57 8
58 0
58 1
58 38
59 2
59 45
59 28
60 2
60 57
60 17
61 56
61 9
61 28
62 21
62 38
62 37
63 1
63 54
63 2
64 28
64 41
64 27
65 1
65 7
65 9
66 35
66 0
66 10
67 1
67 0
67 54
68 2
68 28
68 26
69 12
69 34
69 2
70 43
70 52
70 3
71 33
71 26
71 14
72 6
72 16
72 35
73 2
73 36
73 7
74 17
74 26
74 1
75 56
75 59
75 49
76 18
76 12
76 5
77 18
77 39
77 2
78 65
78 4
78 30
79 13
79 1
79 54
80 1
80 76
80 8
81 1
81 0
81 8
82 0
82 41
82 74
83 69
83 49
83 9
84 21
84 1
84 22
85 2
85 37
85 1
86 3
86 6
86 2
87 1
87 18
87 0
88 66
88 2
88 29
89 30
89 57
89 2
90 27
90 66
90 2
91 26
91 43
91 27
92 27
92 35
92 51
93 11
93 57
93 48
94 55
94 51
94 12
95 54
95 90
95 34
96 47
96 39
96 1
97 9
97 60
97 1
98 28
98 1
98 25
99 11
99 8
99 2
100 76
100 16
100 2
101 12
101 1
101 20
102 38
102 84
102 5
103 3
103 28
103 15
104 71
104 49
104 2
105 17
105 49
105 1
106 27
106 13
106 47
107 54
107 53
107 38
108 32
108 81
108 22
109 27
109 28
109 16
110 86
110 1
110 17
111 44
111 12
111 7
112 7
112 66
112 1
113 28
113 105
113 25
114 61
114 32
114 9
115 1
115 21
115 65
116 54
116 42
116 86
117 9
117 21
117 26
118 36
118 1
118 6
119 38
119 21
119 74
120 48
120 29
120 90
121 12
121 1
121 83
122 2
122 20
122 107
123 12
123 76
123 47
124 108
124 57
124 4
125 49
125 108
125 76
126 42
126 22
126 17
127 8
127 0
127 45
128 36
128 0
128 7
129 1
129 112
129 50
130 15
130 30
130 17
131 18
131 56
131 21
132 2
132 20
132 121
133 8
133 1
133 96
134 132
134 25
134 122
135 0
135 17
135 19
136 34
136 112
136 53
137 104
137 12
137 67
138 35
138 18
138 80
139 12
139 40
139 28
140 1
140 2
140 8
141 137
141 39
141 17
142 18
142 6
142 112
143 4
143 2
143 6
144 116
144 43
144 82
145 111
145 26
145 49
146 1
146 6
146 133
147 12
147 131
147 110
148 0
148 17
148 12
149 11
149 43
149 42
150 51
150 6
150 79
151 36
151 91
151 13
152 79
152 9
152 53
153 1
153 135
153 118
154 16
154 80
154 54
155 51
155 77
155 10
156 76
156 69
156 2
157 56
157 52
157 1
158 48
158 18
158 3
159 9
159 18
159 12
160 134
160 6
160 2
161 3
161 45
161 20
162 83
162 1
162 4
163 42
163 8
163 60
164 2
164 1
164 122
165 116
165 132
165 1
166 22
166 137
166 160
167 2
167 165
167 62
168 34
168 15
168 10
169 124
169 156
169 1
170 27
170 16
170 123
171 51
171 116
171 9
172 122
172 38
172 141
173 84
173 160
173 7
174 38
174 17
174 18
175 52
175 54
175 15
176 131
176 168
176 86
177 2
177 94
177 5
178 0
178 33
178 8
179 22
179 13
179 78
180 87
180 1
180 7
181 108
181 9
181 175
182 8
182 20
182 90
183 74
183 140
183 31
184 87
184 160
184 136
185 17
185 107
185 19
186 16
186 6
186 93
187 25
187 16
187 1
188 100
188 2
188 17
189 20
189 127
189 40
190 61
190 182
190 28
191 61
191 21
191 25
192 2
192 90
192 156
193 130
193 3
193 169
194 37
194 118
194 188
195 66
195 51
195 104
196 49
196 113
196 28
197 156
197 144
197 33
198 18
198 110
198 142
199 27
199 138
199 186
200 112
200 66
200 65
201 121
201 76
201 8
202 84
202 66
202 1
203 106
203 2
203 181
204 0
204 142
204 111
205 2
205 61
205 17
206 32
206 13
206 90
207 106
207 71
207 52
208 33
208 3
208 36
209 0
209 2
209 149
210 191
210 58
210 49
211 0
211 4
211 3
212 169
212 171
212 107
213 194
213 1
213 85
214 123
214 17
214 1
215 93
215 44
215 123
216 115
216 9
216 1
217 144
217 6
217 74
218 86
218 205
218 42
219 102
219 185
219 3
220 38
220 105
220 2
221 56
221 32
221 31
222 108
222 10
222 169
223 210
223 5
223 54
224 109
224 45
224 102
225 197
225 190
225 136
226 2
226 144
226 121
227 42
227 221
227 28
228 71
228 54
228 2
229 18
229 96
229 222
230 105
230 12
230 110
231 108
231 79
231 161
232 140
232 54
232 52
233 194
233 49
233 209
234 65
234 173
234 8
235 20
235 197
235 78
236 112
236 42
236 176
237 61
237 18
237 45
238 218
238 9
238 8
239 153
239 12
239 49
240 58
240 237
240 156
241 0
241 25
241 233
242 17
242 216
242 3
243 158
243 56
243 12
244 165
244 29
244 62
245 36
245 209
245 15
246 129
246 227
246 190
247 15
247 1
247 76
248 93
248 1
248 109
249 131
249 166
249 30
250 74
250 81
250 25
251 166
251 2
251 0
252 157
252 46
252 222
253 112
253 40
253 35
254 165
254 8
254 43
255 102
255 36
255 8
256 102
256 60
256 218
257 195
257 108
257 74
258 57
258 166
258 235
259 194
259 65
259 51
260 36
260 194
260 3
261 167
261 25
261 40
262 194
262 21
262 118
263 176
263 56
263 42
264 102
264 74
264 152
265 2
265 36
265 18
266 171
266 141
266 79
267 20
267 188
267 58
268 66
268 75
268 81
269 71
269 65
269 23
270 161
270 69
270 230
271 137
271 241
271 62
272 28
272 242
272 110
273 80
273 6
273 0
274 1
274 159
274 131
275 150
275 30
275 68
276 16
276 84
276 4
277 66
277 90
277 18
278 105
278 6
278 108
279 1
279 2
279 111
280 129
280 13
280 15
281 61
281 8
281 240
282 136
282 8
282 65
283 65
283 26
283 252
284 173
284 94
284 39
285 187
285 280
285 140
286 248
286 192
286 129
287 284
287 130
287 170
288 6
288 17
288 0
289 8
289 39
289 25
290 45
290 54
290 18
291 127
291 135
291 20
292 54
292 2
292 28
293 49
293 171
293 29
294 292
294 4
294 152
295 8
295 176
295 5
296 28
296 1
296 122
297 88
297 109
297 240
298 35
298 92
298 2
299 145
299 252
299 51
300 50
300 110
300 1
301 2
301 211
301 170
302 141
302 42
302 15
303 115
303 15
303 131
304 154
304 2
304 188
305 157
305 262
305 17
306 109
306 135
306 239
307 36
307 44
307 225
308 189
308 174
308 28
309 163
309 283
309 288
310 13
310 6
310 123
311 111
311 233
311 264
312 51
312 35
312 2
313 85
313 115
313 137
314 116
314 8
314 6
315 56
315 228
315 136
316 183
316 1
316 258
317 2
317 163
317 0
318 1
318 125
318 42
319 131
319 38
319 149
320 99
320 8
320 35
321 22
321 289
321 87
322 33
322 189
322 179
323 74
323 65
323 56
324 305
324 116
324 280
325 261
325 57
325 222
326 280
326 25
326 300
327 23
327 1
327 77
328 201
328 71
328 27
329 12
329 251
329 204
330 37
330 2
330 38
331 326
331 191
331 84
332 1
332 45
332 18
333 148
333 123
333 28
334 166
334 2
334 112
335 1
335 54
335 52
336 78
336 7
336 62
337 19
337 144
337 56
338 17
338 252
338 56
339 79
339 267
339 0
340 119
340 126
340 182
341 152
341 12
341 91
342 45
342 47
342 320
343 1
343 6
343 169
344 95
344 226
344 69
345 111
345 1
345 35
346 333
346 45
346 116
347 0
347 339
347 183
348 236
348 212
348 110
349 183
349 35
349 1
350 33
350 211
350 18
351 1
351 57
351 121
352 0
352 287
352 254
353 194
353 1
353 61
354 49
354 308
354 60
355 329
355 260
355 63
356 34
356 8
356 152
357 105
357 1
357 252
358 346
358 252
358 0
359 221
359 183
359 188
360 138
360 17
360 103
361 77
361 221
361 39
362 99
362 205
362 357
363 7
363 153
363 284
364 18
364 357
364 56
365 317
365 294
365 0
366 262
366 1
366 23
367 0
367 125
367 38
368 42
368 280
368 25
369 316
369 51
369 1
370 2
370 124
370 70
371 144
371 140
371 221
372 6
372 56
372 1
373 183
373 106
373 128
374 87
374 133
374 191
375 75
375 29
375 2
376 34
376 284
376 3
377 1
377 0
377 94
378 373
378 283
378 1
379 124
379 0
379 17
380 67
380 49
380 22
381 211
381 45
381 79
382 44
382 195
382 324
383 28
383 278
383 83
384 205
384 61
384 52
385 218
385 87
385 9
386 313
386 8
386 188
387 38
387 329
387 19
388 116
388 84
388 11
389 76
389 18
389 331
390 45
390 283
390 36
391 75
391 32
391 164
392 2
392 163
392 172
393 224
393 52
393 31
394 313
394 96
394 83
395 392
395 180
395 38
396 266
396 360
396 293
397 330
397 33
397 222
398 49
398 109
398 74
399 17
399 396
399 1
400 267
400 42
400 323
401 6
401 167
401 28
402 28
402 77
402 132
403 69
403 219
403 80
404 173
404 40
404 30
405 57
405 208
405 1
406 41
406 216
406 389
407 274
407 351
407 3
408 130
408 238
408 56
409 56
409 182
409 7
410 158
410 273
410 156
411 9
411 38
411 54
412 399
412 313
412 18
413 93
413 20
413 3
414 356
414 47
414 392
415 122
415 1
415 131
416 112
416 1
416 50
417 52
417 1
417 280
418 142
418 112
418 127
419 17
419 15
419 36
420 116
420 389
420 15
421 322
421 308
421 204
422 1
422 168
422 50
423 25
423 9
423 243
424 1
424 101
424 118
425 82
425 195
425 44
426 365
426 125
426 172
427 387
427 1
427 291
428 93
428 224
428 222
429 28
429 3
429 25
430 23
430 11
430 169
431 5
431 44
431 38
432 201
432 7
432 1
433 18
433 12
433 1
434 173
434 1
434 134
435 114
435 18
435 79
436 7
436 9
436 41
437 13
437 29
437 252
438 30
438 246
438 349
439 19
439 182
439 288
440 278
440 392
440 161
441 132
441 0
441 116
442 220
442 354
442 17
443 245
443 394
443 12
444 43
444 153
444 204
445 177
445 314
445 184
446 18
446 140
446 214
447 72
447 114
447 61
448 91
448 301
448 28
449 131
449 0
449 166
450 220
450 202
450 102
451 132
451 30
451 254
452 28
452 144
452 402
453 122
453 428
453 174
454 25
454 1
454 9
455 252
455 87
455 70
456 76
456 12
456 38
457 442
457 3
457 65
458 4
458 128
458 56
459 254
459 121
459 171
460 121
460 8
460 174
461 233
461 56
461 74
462 1
462 94
462 6
463 80
463 4
463 403
464 8
464 260
464 154
465 397
465 42
465 1
466 152
466 36
466 105
467 17
467 405
467 65
468 442
468 47
468 49
469 31
469 92
469 293
470 113
470 17
470 169
471 122
471 404
471 75
472 185
472 254
472 30
473 157
473 279
473 3
474 212
474 408
474 183
475 378
475 112
475 300
476 313
476 96
476 94
477 0
477 12
477 327
478 4
478 367
478 29
479 2
479 258
479 401
480 122
480 56
480 40
481 452
481 16
481 35
482 473
482 298
482 452
483 1
483 113
483 93
484 28
484 7
484 373
485 221
485 19
485 254
486 70
486 218
486 61
487 8
487 57
487 10
488 11
488 475
488 75
489 88
489 305
489 30
490 113
490 234
490 472
491 13
491 30
491 28
492 84
492 203
492 33
493 287
493 402
493 247
494 21
494 390
494 56
495 128
495 22
495 129
496 121
496 486
496 108
497 155
497 67
497 17
498 54
498 33
498 344
499 2
499 78
499 178
500 211
500 8
500 249
501 8
501 379
501 303
502 194
502 214
502 19
503 449
503 305
503 313
504 375
504 428
504 110
505 115
505 74
505 180
506 218
506 83
506 325
507 5
507 290
507 399
508 17
508 59
508 194
509 191
509 392
509 300
510 2
510 223
510 12
511 490
511 144
511 1
512 377
512 302
512 389
513 26
513 261
513 25
514 203
514 502
514 174
515 204
515 233
515 448
516 21
516 318
516 389
517 11
517 419
517 269
518 3
518 226
518 2
519 76
519 79
519 460
520 69
520 488
520 81
521 407
521 85
521 0
522 1
522 61
522 239
523 431
523 272
523 241
524 249
524 152
524 49
525 86
525 42
525 65
526 339
526 1
526 0
527 214
527 152
527 17
528 191
528 303
528 2
529 49
529 69
529 146
530 304
530 407
530 134
531 1
531 94
531 12
532 331
532 94
532 493
533 107
533 278
533 122
534 67
534 8
534 206
535 96
535 117
535 276
536 323
536 157
536 17
537 238
537 18
537 28
538 517
538 395
538 385
539 144
539 404
539 129
540 34
540 356
540 298
541 3
541 1
541 196
542 150
542 8
542 49
543 498
543 495
543 112
544 112
544 353
544 152
545 216
545 112
545 180
546 392
546 97
546 12
547 464
547 7
547 176
548 323
548 111
548 12
549 11
549 173
549 54
550 284
550 2
550 437
551 539
551 180
551 294
552 287
552 406
552 70
553 92
553 466
553 266
554 93
554 302
554 234
555 241
555 85
555 2
556 464
556 391
556 378
557 278
557 149
557 221
558 252
558 0
558 250
559 152
559 33
559 15
560 8
560 389
560 6
561 178
561 428
561 22
562 25
562 110
562 278
563 76
563 356
563 228
564 108
564 43
564 123
565 9
565 175
565 3
566 493
566 323
566 370
567 0
567 392
567 140
568 17
568 4
568 134
569 133
569 291
569 12
570 290
570 291
570 1
571 193
571 555
571 11
572 54
572 474
572 5
573 312
573 191
573 284
574 137
574 84
574 121
575 261
575 354
575 126
576 78
576 152
576 25
577 287
577 555
577 2
578 13
578 194
578 45
579 545
579 204
579 35
580 449
580 51
580 178
581 75
581 1
581 28
582 115
582 174
582 376
583 38
583 467
583 528
584 276
584 154
584 45
585 264
585 2
585 528
586 17
586 112
586 354
587 144
587 30
587 169
588 191
588 2
588 66
589 339
589 1
589 539
590 365
590 38
590 28
591 0
591 365
591 453
592 528
592 461
592 107
593 505
593 137
593 20
594 4
594 115
594 10
595 567
595 279
595 197
596 15
596 52
596 304
597 51
597 71
597 65
598 354
598 276
598 490
599 335
599 70
599 530
600 45
600 48
600 108
601 387
601 266
601 95
602 1
602 57
602 20
603 56
603 524
603 173
604 401
604 8
604 15
605 6
605 288
605 390
606 262
606 0
606 502
607 30
607 265
607 102
608 600
608 221
608 568
609 545
609 9
609 359
610 503
610 438
610 608
611 591
611 358
611 12
612 57
612 262
612 1
613 0
613 354
613 159
614 25
614 125
614 591
615 7
615 170
615 225
616 600
616 209
616 325
617 568
617 283
617 510
618 569
618 2
618 364
619 352
619 416
619 19
620 109
620 128
620 485
621 9
621 54
621 201
622 204
622 9
622 102
623 68
623 77
623 570
624 5
624 12
624 405
625 37
625 183
625 543
626 342
626 179
626 123
627 493
627 15
627 389
628 8
628 1
628 9
629 481
629 383
629 93
630 17
630 1
630 102
631 371
631 15
631 2
632 15
632 169
632 473
633 5
633 553
633 453
634 1
634 152
634 224
635 631
635 517
635 137
636 250
636 110
636 95
637 79
637 279
637 189
638 321
638 463
638 599
639 70
639 593
639 80
640 6
640 20
640 10
641 169
641 45
641 69
642 22
642 160
642 116
643 487
643 95
643 296
644 83
644 367
644 49
645 528
645 489
645 468
646 584
646 12
646 330
647 629
647 191
647 196
648 85
648 390
648 45
649 175
649 89
649 8
650 25
650 162
650 128
651 620
651 26
651 57
652 66
652 463
652 127
653 352
653 30
653 394
654 430
654 40
654 1
655 91
655 1
655 252
656 20
656 66
656 248
657 338
657 321
657 475
658 3
658 308
658 169
659 20
659 16
659 390
660 269
660 283
660 379
661 365
661 12
661 5
662 498
662 26
662 2
663 360
663 133
663 74
664 41
664 12
664 3
665 54
665 132
665 407
666 106
666 61
666 365
667 277
667 608
667 20
668 500
668 34
668 403
669 183
669 121
669 108
670 19
670 45
670 28
671 216
671 501
671 233
672 625
672 493
672 388
673 16
673 583
673 407
674 645
674 17
674 321
675 16
675 400
675 287
676 45
676 74
676 51
677 218
677 8
677 518
678 13
678 353
678 489
679 113
679 318
679 37
680 152
680 364
680 261
681 609
681 430
681 379
682 147
682 188
682 174
683 131
683 469
683 1
684 22
684 53
684 81
685 102
685 91
685 153
686 2
686 65
686 313
687 362
687 447
687 363
688 349
688 249
688 567
689 86
689 645
689 113
690 178
690 594
690 0
691 288
691 152
691 83
692 218
692 160
692 56
693 393
693 54
693 465
694 132
694 21
694 536
695 12
695 561
695 237
696 37
696 51
696 70
697 0
697 153
697 280
698 649
698 538
698 643
699 518
699 1
699 137
700 162
700 106
700 230
701 47
701 251
701 354
702 320
702 0
702 538
703 3
703 386
703 69
704 52
704 402
704 66
705 42
705 235
705 28
706 106
706 60
706 687
707 140
707 116
707 10
708 366
708 17
708 76
709 117
709 141
709 113
710 126
710 586
710 71
711 455
711 675
711 552
712 279
712 313
712 621
713 114
713 51
713 112
714 382
714 442
714 71
715 188
715 420
715 54
716 18
716 3
716 27
717 49
717 12
717 121
718 376
718 78
718 8
719 260
719 474
719 130
720 65
720 628
720 195
721 719
721 152
721 0
722 386
722 3
722 34
723 47
723 0
723 124
724 668
724 211
724 23
725 586
725 160
725 40
726 82
726 237
726 160
727 197
727 150
727 431
728 163
728 545
728 56
729 695
729 174
729 43
730 39
730 203
730 448
731 81
731 390
731 503
732 174
732 49
732 6
733 652
733 74
733 79
734 209
734 539
734 388
735 121
735 43
735 41
736 678
736 68
736 16
737 108
737 145
737 441
738 140
738 528
738 134
739 21
739 93
739 378
740 204
740 164
740 313
741 12
741 246
741 224
742 60
742 568
742 326
743 183
743 313
743 54
744 384
744 188
744 264
745 704
745 1
745 626
746 585
746 141
746 264
747 115
747 577
747 16
748 147
748 620
748 34
749 298
749 580
749 430
750 743
750 496
750 318
751 505
751 34
751 36
752 227
752 726
752 94
753 306
753 554
753 3
754 6
754 443
754 271
755 706
755 22
755 322
756 1
756 89
756 555
757 415
757 555
757 33
758 757
758 583
758 367
759 698
759 87
759 52
760 263
760 0
760 77
761 61
761 82
761 18
762 430
762 66
762 624
763 65
763 112
763 12
764 0
764 134
764 707
765 664
765 245
765 69
766 18
766 52
766 27
767 247
767 555
767 0
768 147
768 613
768 47
769 358
769 305
769 42
770 235
770 272
770 89
771 38
771 2
771 245
772 525
772 0
772 17
773 619
773 465
773 566
774 1
774 28
774 302
775 723
775 140
775 6
776 56
776 533
776 370
777 18
777 53
777 555
778 25
778 83
778 77
779 396
779 6
779 147
780 352
780 126
780 437
781 305
781 174
781 163
782 91
782 43
782 78
783 183
783 442
783 56
784 375
784 75
784 106
785 177
785 209
785 1
786 593
786 224
786 108
787 13
787 3
787 197
788 18
788 615
788 107
789 430
789 276
789 71
790 48
790 9
790 19
791 288
791 95
791 676
792 161
792 137
792 202
793 622
793 172
793 110
794 654
794 76
794 17
795 218
795 240
795 376
796 83
796 528
796 573
797 524
797 19
797 392
798 643
798 453
798 269
799 10
799 459
799 87
800 645
800 516
800 6
801 714
801 164
801 272
802 54
802 650
802 608
803 376
803 657
803 160
804 122
804 2
804 200
805 773
805 38
805 154
806 101
806 27
806 247
807 2
807 189
807 495
808 12
808 511
808 27
809 254
809 169
809 248
810 130
810 180
810 643
811 78
811 6
811 13
812 570
812 1
812 646
813 521
813 147
813 577
814 250
814 239
814 166
815 339
815 27
815 42
816 264
816 741
816 529
817 113
817 188
817 191
818 418
818 275
818 799
819 15
819 28
819 69
820 280
820 28
820 47
821 732
821 687
821 0
822 757
822 137
822 0
823 291
823 384
823 38
824 25
824 346
824 49
825 85
825 29
825 535
826 91
826 13
826 1
827 5
827 802
827 188
828 12
828 2
828 1
829 442
829 20
829 95
830 809
830 40
830 707
831 118
831 808
831 12
832 315
832 674
832 182
833 8
833 308
833 103
834 425
834 419
834 44
835 17
835 149
835 284
836 92
836 75
836 225
837 280
837 18
837 585
838 317
838 702
838 116
839 258
839 585
839 25
840 207
840 356
840 85
841 705
841 394
841 818
842 76
842 50
842 468
843 409
843 306
843 175
844 821
844 5
844 42
845 76
845 771
845 188
846 194
846 806
846 6
847 61
847 612
847 567
848 1
848 93
848 54
849 254
849 17
849 48
850 192
850 370
850 101
851 780
851 143
851 131
852 6
852 375
852 618
853 13
853 611
853 475
854 199
854 705
854 410
855 451
855 589
855 17
856 1
856 126
856 796
857 567
857 8
857 307
858 645
858 8
858 0
859 351
859 533
859 36
860 413
860 240
860 589
861 334
861 93
861 804
862 218
862 279
862 21
863 739
863 49
863 70
864 68
864 102
864 37
865 29
865 60
865 388
866 331
866 673
866 47
867 591
867 3
867 443
868 697
868 186
868 144
869 163
869 470
869 18
870 191
870 333
870 21
871 121
871 810
871 167
872 28
872 545
872 195
873 18
873 45
873 83
874 561
874 652
874 26
875 862
875 51
875 334
876 144
876 707
876 30
877 264
877 37
877 119
878 300
878 260
878 501
879 202
879 341
879 343
880 87
880 293
880 166
881 807
881 276
881 17
882 133
882 9
882 292
883 351
883 280
883 700
884 374
884 459
884 109
885 135
885 7
885 6
886 370
886 75
886 30
887 16
887 384
887 201
888 584
888 56
888 202
889 264
889 248
889 62
890 832
890 257
890 207
891 17
891 56
891 595
892 831
892 76
892 587
893 552
893 75
893 612
894 105
894 892
894 607
895 571
895 10
895 22
896 555
896 402
896 68
897 291
897 345
897 45
898 143
898 81
898 230
899 324
899 152
899 97
900 759
900 278
900 1
901 430
901 28
901 18
902 127
902 293
902 106
903 33
903 38
903 647
904 326
904 339
904 183
905 862
905 476
905 509
906 83
906 8
906 102
907 37
907 0
907 164
908 9
908 647
908 588
909 212
909 532
909 1
910 0
910 37
910 530
911 93
911 382
911 56
912 1
912 39
912 7
913 461
913 796
913 500
914 20
914 62
914 115
915 3
915 45
915 25
916 225
916 914
916 898
917 369
917 719
917 786
918 106
918 875
918 299
919 67
919 56
919 124
920 60
920 446
920 6
921 416
921 786
921 20
922 757
922 142
922 188
923 20
923 194
923 272
924 91
924 147
924 41
925 122
925 52
925 390
926 18
926 79
926 545
927 183
927 445
927 348
928 166
928 105
928 897
929 349
929 18
929 549
930 470
930 29
930 501
931 785
931 776
931 4
932 636
932 13
932 856
933 209
933 515
933 0
934 3
934 17
934 45
935 104
935 725
935 330
936 867
936 851
936 221
937 348
937 844
937 105
938 21
938 663
938 784
939 402
939 374
939 51
940 552
940 162
940 298
941 436
941 663
941 758
942 608
942 43
942 630
943 559
943 160
943 188
944 174
944 322
944 837
945 6
945 152
945 2
946 251
946 34
946 231
947 780
947 276
947 482
948 17
948 12
948 306
949 361
949 528
949 57
950 229
950 185
950 249
951 382
951 69
951 9
952 51
952 396
952 181
953 29
953 160
953 60
954 93
954 0
954 401
955 227
955 610
955 392
956 299
956 180
956 134
957 862
957 0
957 339
958 374
958 152
958 317
959 872
959 4
959 39
960 186
960 42
960 407
961 294
961 105
961 182
962 195
962 97
962 694
963 41
963 140
963 1
964 2
964 152
964 246
965 0
965 26
965 807
966 85
966 3
966 221
967 792
967 728
967 426
968 961
968 94
968 141
969 6
969 646
969 961
970 528
970 18
970 515
971 180
971 91
971 278
972 254
972 428
972 166
973 599
973 636
973 269
974 62
974 936
974 35
975 15
975 642
975 216
976 518
976 47
976 24
977 194
977 906
977 161
978 221
978 167
978 478
979 18
979 112
979 265
980 550
980 15
980 46
981 110
981 19
981 561
982 319
982 392
982 47
983 44
983 147
983 115
984 258
984 225
984 308
985 549
985 243
985 1
986 259
986 874
986 116
987 13
987 50
987 854
988 466
988 57
988 191
989 660
989 622
989 587
990 528
990 0
990 486
991 34
991 784
991 367
992 668
992 549
992 262
993 579
993 18
993 644
994 621
994 47
994 415
995 187
995 8
995 1
996 1
996 136
996 394
997 707
997 430
997 386
998 66
998 108
998 772
999 30
999 685
999 27
