0 1
0 2
1 0
1 2
2 0
2 1
3 0
3 2
3 1
4 2
4 0
4 1
5 1
5 2
5 0
6 5
6 0
6 3
7 2
7 3
7 0
8 7
8 5
8 2
9 2
9 0
9 3
10 1
10 2
10 0
11 6
11 1
11 0
12 3
12 8
12 2
13 3
13 2
13 0
14 0
14 11
14 5
15 2
15 0
15 6
16 8
16 15
16 5
17 2
17 7
17 4
18 0
18 8
18 2
19 17
19 7
19 2
20 11
20 0
20 1
21 11
21 2
21 0
22 1
22 17
22 21
23 2
23 3
23 6
24 21
24 7
24 1
25 2
25 18
25 1
26 0
26 6
26 1
27 7
27 0
27 21
28 6
28 4
28 0
29 0
29 24
29 15
30 11
30 17
30 0
31 0
31 17
31 25
32 1
32 30
32 6
33 14
33 0
33 16
34 9
34 11
34 2
35 28
35 3
35 21
36 2
36 6
36 28
37 9
37 34
37 10
38 1
38 2
38 0
39 17
39 28
39 14
40 6
40 24
40 19
41 29
41 0
41 3
42 7
42 30
42 0
43 19
43 16
43 13
44 6
44 16
44 4
45 41
45 2
45 19
46 35
46 30
46 18
47 1
47 18
47 6
48 33
48 2
48 8
49 46
49 35
49 8
