0 1
0 2
0 3
0 5
0 10
0 11
0 18
0 21
0 24
0 35
0 38
1 0
1 2
1 3
1 4
1 6
1 15
1 16
1 34
1 36
2 1
2 0
2 3
2 4
2 5
2 6
2 7
2 9
2 13
2 18
2 30
2 34
2 48
3 2
3 1
3 0
3 4
3 7
3 8
3 9
3 11
3 12
3 14
3 18
3 19
3 33
4 1
4 2
4 3
4 5
4 12
4 21
4 23
4 25
4 39
4 49
5 0
5 4
5 2
5 6
5 7
5 8
5 13
5 17
5 20
5 26
5 28
5 33
6 2
6 5
6 1
6 8
6 9
6 10
6 11
6 14
6 15
6 16
6 27
6 28
6 45
7 3
7 5
7 2
7 13
7 14
7 16
7 20
7 23
7 29
7 38
7 40
7 41
8 5
8 6
8 3
8 10
8 15
8 25
8 32
8 45
8 49
9 3
9 2
9 6
9 22
9 25
9 32
9 38
10 6
10 0
10 8
10 12
10 24
10 26
10 27
10 39
10 46
10 47
11 0
11 3
11 6
11 17
11 19
11 28
12 10
12 4
12 3
12 35
12 42
12 45
13 5
13 2
13 7
13 20
13 22
13 24
14 3
14 6
14 7
14 17
14 29
14 46
15 1
15 8
15 6
15 19
15 26
16 6
16 7
16 1
16 27
16 31
16 34
16 36
16 43
16 44
17 5
17 14
17 11
17 21
17 41
18 0
18 2
18 3
18 39
19 15
19 3
19 11
19 35
20 5
20 13
20 7
20 22
20 23
20 31
20 37
20 40
20 47
21 17
21 4
21 0
21 30
22 20
22 13
22 9
22 36
22 41
23 4
23 7
23 20
23 33
24 0
24 13
24 10
24 30
24 37
25 4
25 8
25 9
26 5
26 10
26 15
26 29
26 48
27 16
27 10
27 6
28 6
28 5
28 11
28 31
28 42
29 26
29 7
29 14
30 21
30 2
30 24
30 32
30 47
31 20
31 28
31 16
31 44
32 9
32 8
32 30
32 44
33 23
33 5
33 3
33 37
33 40
34 2
34 16
34 1
34 43
35 0
35 12
35 19
36 22
36 1
36 16
36 48
37 33
37 24
37 20
38 0
38 9
38 7
39 4
39 10
39 18
40 7
40 20
40 33
40 42
40 43
41 7
41 17
41 22
42 28
42 12
42 40
43 40
43 16
43 34
44 32
44 16
44 31
44 46
45 8
45 12
45 6
46 44
46 14
46 10
47 20
47 30
47 10
48 2
48 36
48 26
48 49
49 8
49 4
49 48
