0 1
1 0
2 1
2 0
3 0
3 2
3 1
4 1
4 2
4 0
5 2
5 0
5 3
6 2
6 0
6 1
7 1
7 5
7 0
8 0
8 1
8 5
9 1
9 5
9 2
10 0
10 5
10 6
11 5
11 2
11 0
12 6
12 4
12 11
13 5
13 0
13 1
14 6
14 0
14 2
15 0
15 6
15 4
16 2
16 4
16 10
17 16
17 14
17 11
18 16
18 6
18 15
19 1
19 0
19 10
20 6
20 14
20 15
21 8
21 14
21 19
22 10
22 6
22 0
23 12
23 11
23 19
24 6
24 19
24 2
25 10
25 6
25 0
26 1
26 7
26 9
27 22
27 2
27 20
28 0
28 4
28 16
29 15
29 5
29 8
30 0
30 18
30 5
31 17
31 22
31 10
32 22
32 28
32 23
33 15
33 1
33 11
34 0
34 31
34 15
35 19
35 31
35 1
36 9
36 10
36 0
37 20
37 0
37 26
38 16
38 5
38 9
39 28
39 0
39 16
40 0
40 22
40 21
41 16
41 5
41 9
42 0
42 10
42 19
43 5
43 15
43 0
44 8
44 5
44 35
45 6
45 25
45 43
46 14
46 35
46 16
47 2
47 23
47 29
48 0
48 5
48 36
49 46
49 40
49 0
50 5
50 22
50 48
51 15
51 0
51 1
52 36
52 4
52 5
53 52
53 35
53 40
54 6
54 22
54 16
55 6
55 54
55 2
56 15
56 48
56 0
57 45
57 5
57 56
58 53
58 0
58 17
59 47
59 5
59 40
60 40
60 6
60 0
61 15
61 38
61 21
62 6
62 0
62 26
63 22
63 11
63 48
64 0
64 1
64 46
65 2
65 8
65 57
66 33
66 0
66 5
67 6
67 0
67 35
68 8
68 0
68 11
69 0
69 25
69 62
70 14
70 57
70 53
71 30
71 40
71 9
72 34
72 10
72 16
73 33
73 0
73 6
74 1
74 9
74 31
75 48
75 3
75 38
76 11
76 0
76 2
77 0
77 16
77 29
78 9
78 6
78 27
79 9
79 69
79 15
80 4
80 49
80 18
81 4
81 1
81 16
82 58
82 5
82 11
83 0
83 42
83 62
84 58
84 72
84 48
85 58
85 40
85 39
86 52
86 9
86 69
87 1
87 37
87 9
88 3
88 2
88 27
89 51
89 5
89 48
90 2
90 29
90 70
91 29
91 48
91 50
92 43
92 46
92 50
93 5
93 51
93 16
94 31
94 23
94 40
95 52
95 2
95 0
96 0
96 55
96 70
97 87
97 95
97 15
98 20
98 49
98 71
99 95
99 84
99 14
