0 1
0 2
0 3
0 9
0 35
0 47
0 50
0 52
0 58
0 104
0 108
0 113
0 225
0 229
0 253
0 272
0 373
0 394
0 458
0 470
0 532
0 560
0 572
0 632
0 641
0 700
0 733
0 770
0 887
0 926
1 0
1 2
1 3
1 4
1 5
1 6
1 7
1 11
1 12
1 18
1 24
1 47
1 93
1 168
1 182
1 190
1 554
1 578
1 786
1 837
1 872
2 1
2 0
2 3
2 4
2 8
2 10
2 11
2 12
2 17
2 26
2 27
2 28
2 36
2 41
2 43
2 45
2 56
2 160
2 174
2 181
2 192
2 193
2 204
2 224
2 381
2 641
2 855
2 924
2 970
3 2
3 1
3 0
3 4
3 5
3 13
3 16
3 32
3 42
3 44
3 97
3 115
3 145
3 161
3 206
3 280
3 291
3 336
3 340
3 356
3 395
3 463
3 495
3 557
3 614
3 679
3 734
3 792
3 822
4 3
4 2
4 1
4 5
4 6
4 8
4 12
4 14
4 31
4 34
4 40
4 55
4 66
4 71
4 74
4 157
4 199
4 215
4 355
4 539
4 683
4 716
4 799
5 1
5 4
5 3
5 6
5 7
5 13
5 16
5 29
5 31
5 35
5 57
5 67
5 75
5 76
5 87
5 91
5 95
5 103
5 104
5 107
5 117
5 153
5 169
5 173
5 192
5 254
5 297
5 349
5 414
5 562
5 749
5 812
5 885
5 975
6 1
6 5
6 4
6 7
6 8
6 9
6 10
6 15
6 20
6 23
6 29
6 30
6 35
6 39
6 50
6 51
6 53
6 60
6 69
6 76
6 80
6 82
6 96
6 115
6 119
6 175
6 179
6 215
6 235
6 242
6 243
6 271
6 323
6 415
6 539
6 549
6 594
6 601
6 650
6 758
6 761
6 810
6 813
6 852
6 865
6 889
6 983
7 1
7 6
7 5
7 10
7 11
7 14
7 18
7 22
7 25
7 28
7 94
7 96
7 119
7 224
7 252
7 275
7 404
7 412
7 507
7 592
7 705
8 4
8 6
8 2
8 9
8 27
8 53
8 54
8 79
8 83
8 169
8 327
9 0
9 6
9 8
9 18
9 21
9 33
9 95
9 98
9 99
9 106
9 153
9 216
9 237
9 251
9 336
9 406
9 417
9 461
9 462
9 753
10 6
10 7
10 2
10 14
10 15
10 17
10 24
10 41
10 52
10 108
10 136
10 164
10 228
10 284
10 307
10 309
10 332
10 333
10 350
10 371
10 581
10 608
10 713
10 901
11 7
11 1
11 2
11 20
11 59
11 73
11 183
11 191
11 207
11 284
11 338
11 360
11 383
11 491
11 505
11 599
12 4
12 2
12 1
12 13
12 16
12 22
12 25
12 30
12 32
12 33
12 38
12 68
12 70
12 81
12 94
12 114
12 171
12 355
12 417
12 526
12 609
12 763
12 772
12 801
12 866
13 5
13 12
13 3
13 15
13 19
13 20
13 21
13 34
13 37
13 139
13 199
13 307
13 308
13 389
13 528
13 633
13 874
13 881
13 904
14 7
14 4
14 10
14 19
14 23
14 49
14 65
14 84
14 90
14 97
14 113
14 200
14 214
14 296
14 324
14 365
14 409
14 425
14 434
14 468
14 712
15 10
15 13
15 6
15 24
15 37
15 57
15 59
15 71
15 92
15 337
15 424
15 577
15 682
15 738
16 5
16 3
16 12
16 17
16 19
16 39
16 270
16 344
16 491
16 528
16 875
17 16
17 2
17 10
17 25
17 42
17 61
17 81
17 111
17 127
17 134
17 162
17 163
17 193
17 287
17 298
17 351
17 358
17 470
17 537
17 674
17 736
17 826
17 937
18 1
18 9
18 7
18 29
18 33
18 36
18 41
18 44
18 51
18 62
18 77
18 90
18 121
18 151
18 167
18 169
18 178
18 180
18 200
18 201
18 211
18 249
18 254
18 296
18 471
18 690
18 757
18 927
19 13
19 14
19 16
19 21
19 23
19 26
19 27
19 30
19 34
19 49
19 57
19 58
19 95
19 101
19 123
19 129
19 176
19 229
19 256
19 286
19 325
19 332
19 372
19 381
19 466
19 509
19 575
19 593
19 664
19 671
19 725
19 746
19 762
19 808
19 850
19 998
20 11
20 6
20 13
20 22
20 75
20 85
20 138
20 145
20 149
20 189
20 231
20 251
20 363
20 483
20 493
20 777
20 795
20 843
21 9
21 19
21 13
21 31
21 53
21 68
21 94
21 99
21 103
21 109
21 137
21 144
21 157
21 162
21 208
21 848
22 7
22 12
22 20
22 82
22 114
22 191
22 260
22 343
22 387
22 454
22 569
22 643
22 709
23 6
23 14
23 19
23 39
23 46
23 62
23 107
23 111
23 133
23 155
23 294
23 306
23 323
23 368
23 398
23 433
23 476
23 494
23 519
23 601
23 784
23 871
24 15
24 1
24 10
24 26
24 28
24 40
24 45
24 74
24 138
24 161
24 198
24 202
24 241
24 246
24 335
24 355
24 607
24 675
24 777
24 903
24 955
25 12
25 7
25 17
25 48
25 60
25 79
25 140
25 377
25 476
25 484
25 628
25 715
25 806
25 940
25 987
26 24
26 2
26 19
26 60
26 106
26 179
26 272
26 504
26 519
26 661
26 672
26 730
27 2
27 8
27 19
27 59
27 72
27 118
27 126
27 187
27 260
27 298
27 324
27 348
27 487
27 625
27 634
27 679
27 862
28 24
28 7
28 2
28 46
28 54
28 78
28 127
28 166
28 188
28 227
28 281
28 298
28 369
28 379
28 384
28 502
28 627
28 854
29 6
29 5
29 18
29 32
29 64
29 67
29 124
29 206
29 214
29 219
29 228
29 299
29 397
29 430
29 439
29 605
29 800
29 818
29 861
29 883
30 19
30 6
30 12
30 38
30 48
30 70
30 80
30 85
30 89
30 102
30 109
30 137
30 156
30 159
30 160
30 185
30 201
30 292
30 385
30 551
30 823
31 4
31 5
31 21
31 79
31 268
31 385
31 412
31 474
31 618
31 709
31 765
31 788
32 29
32 12
32 3
32 68
32 69
32 128
32 134
32 135
32 154
32 160
32 181
32 223
32 227
32 241
32 244
32 257
32 261
32 311
32 312
32 328
32 429
32 451
32 528
32 562
32 602
32 667
32 740
33 18
33 9
33 12
33 37
33 40
33 43
33 58
33 111
33 168
33 207
33 219
33 240
33 266
33 283
33 366
33 389
33 402
33 426
33 485
33 584
33 662
33 666
33 776
34 13
34 19
34 4
34 38
34 102
34 672
34 713
34 787
35 5
35 6
35 0
35 36
35 73
35 231
36 35
36 18
36 2
36 104
36 195
36 418
36 427
36 482
37 13
37 33
37 15
37 43
37 61
37 77
37 83
37 110
37 178
37 283
37 321
37 391
37 396
37 693
37 694
37 952
38 34
38 12
38 30
38 45
38 55
38 56
38 155
38 216
38 292
38 349
38 360
38 786
39 6
39 23
39 16
39 42
39 44
39 49
39 81
39 98
39 136
39 145
39 205
39 317
39 448
39 595
39 682
39 747
39 773
39 834
40 33
40 4
40 24
40 62
40 121
40 313
40 316
40 701
40 942
41 10
41 2
41 18
41 65
41 170
41 214
41 270
41 287
41 421
41 561
41 611
41 741
41 790
41 832
42 39
42 17
42 3
42 48
42 102
42 166
42 189
42 225
42 373
42 639
42 676
42 794
42 813
42 901
43 33
43 37
43 2
43 76
43 96
43 113
43 134
43 148
43 192
43 211
43 341
43 450
43 479
43 646
43 704
43 892
43 909
44 3
44 39
44 18
44 50
44 77
44 115
44 233
44 330
44 393
44 413
44 526
44 567
44 691
44 693
44 858
45 2
45 38
45 24
45 46
45 47
45 52
45 54
45 55
45 70
45 140
45 143
45 187
45 259
45 276
45 280
45 331
45 333
45 346
45 368
45 594
45 814
45 856
46 45
46 23
46 28
46 63
46 129
46 139
46 148
46 173
46 187
46 242
46 356
46 397
46 460
46 503
46 613
47 0
47 45
47 1
47 72
47 74
47 86
47 116
47 141
47 185
47 202
47 295
47 352
47 568
48 25
48 30
48 42
48 91
48 123
48 164
48 237
48 340
48 353
48 407
48 465
48 557
48 567
48 588
48 788
49 14
49 19
49 39
49 51
49 90
49 117
49 133
49 162
49 197
49 380
49 479
49 501
49 533
49 661
49 734
50 44
50 6
50 0
50 61
50 157
50 312
50 393
50 503
50 621
50 869
51 18
51 49
51 6
51 65
51 84
51 100
51 170
51 197
51 211
51 353
51 571
52 10
52 45
52 0
52 89
52 114
52 119
52 149
52 150
52 165
52 210
52 218
52 420
52 719
52 999
53 6
53 8
53 21
53 66
53 84
53 120
53 297
53 325
53 344
53 535
53 751
54 28
54 45
54 8
54 56
54 64
54 73
54 158
54 263
54 295
54 306
54 415
54 548
54 604
54 621
54 626
54 748
55 38
55 45
55 4
55 86
55 139
55 981
56 54
56 38
56 2
56 110
56 171
56 370
56 450
56 524
56 583
56 591
56 679
56 724
57 5
57 19
57 15
57 64
57 78
57 80
57 92
57 106
57 148
57 196
57 238
57 244
57 273
57 440
57 442
57 497
57 891
58 33
58 0
58 19
58 85
58 118
58 129
58 130
58 213
58 224
58 319
58 500
58 545
59 15
59 27
59 11
59 63
59 72
59 78
59 82
59 116
59 186
59 228
59 289
59 538
59 597
59 880
60 26
60 25
60 6
60 63
60 66
60 352
60 437
60 604
60 606
60 859
60 975
61 50
61 37
61 17
61 146
61 184
61 213
61 226
61 314
61 488
61 493
61 579
61 805
61 994
62 18
62 23
62 40
62 67
62 69
62 83
62 100
62 132
62 294
62 304
62 557
62 651
62 761
63 46
63 60
63 59
63 105
63 128
63 195
63 240
63 254
63 301
63 444
63 837
63 899
63 991
64 57
64 29
64 54
64 88
64 99
64 137
64 193
64 245
64 281
64 300
64 310
64 318
64 451
64 468
64 531
64 613
64 758
64 825
65 14
65 51
65 41
65 150
65 238
65 291
65 375
65 400
65 443
65 646
65 764
65 879
66 60
66 53
66 4
66 88
66 152
66 172
66 847
67 29
67 5
67 62
67 250
67 463
68 21
68 12
68 32
68 71
68 75
68 92
68 105
68 132
68 291
68 302
68 328
68 329
68 415
68 461
68 471
68 647
68 973
69 62
69 6
69 32
69 290
69 465
69 544
69 819
69 949
69 991
70 30
70 45
70 12
70 135
70 142
70 154
70 247
70 423
70 586
70 806
70 989
71 15
71 68
71 4
71 89
71 100
71 122
71 131
71 133
71 156
71 205
71 222
71 239
71 241
71 251
71 309
71 357
71 443
71 537
71 578
71 592
71 638
71 703
71 930
72 27
72 47
72 59
72 88
72 91
72 208
72 399
72 605
72 696
73 54
73 11
73 35
73 120
73 122
73 184
73 304
73 446
73 570
73 585
73 601
73 921
74 4
74 47
74 24
74 98
74 147
74 282
74 317
74 318
74 585
74 700
75 5
75 20
75 68
75 87
75 109
75 171
75 250
75 305
75 316
75 480
75 495
75 608
75 717
75 910
75 953
76 43
76 5
76 6
76 144
76 176
76 329
76 429
76 443
76 710
76 751
77 18
77 44
77 37
77 112
77 123
77 130
77 258
77 302
77 362
77 433
77 644
77 676
77 753
77 841
78 59
78 28
78 57
78 87
78 126
78 212
78 220
78 273
78 392
78 771
78 827
78 881
79 31
79 8
79 25
79 105
79 152
79 159
79 303
79 359
79 565
79 893
79 921
80 30
80 57
80 6
80 93
80 136
80 347
80 380
80 562
80 648
80 695
80 783
80 965
81 12
81 17
81 39
81 469
81 676
81 759
81 914
81 985
82 59
82 22
82 6
82 128
82 362
82 516
82 728
82 981
83 8
83 37
83 62
83 86
83 97
83 132
83 367
83 511
83 810
83 923
84 14
84 53
84 51
84 257
84 326
84 530
84 538
84 544
84 849
84 854
84 938
84 958
85 58
85 20
85 30
85 237
85 247
85 596
85 719
85 796
86 47
86 83
86 55
86 180
86 212
86 236
86 390
86 809
87 78
87 5
87 75
87 149
87 201
87 285
87 506
87 637
87 877
88 66
88 72
88 64
88 154
88 194
88 204
88 290
88 305
88 492
88 587
88 948
89 71
89 52
89 30
89 215
89 342
89 520
89 806
90 49
90 14
90 18
90 93
90 101
90 125
90 130
90 141
90 231
90 280
90 407
90 437
90 504
90 512
90 539
90 726
90 764
91 72
91 48
91 5
91 107
91 126
91 143
91 146
91 190
91 203
91 232
91 247
91 347
91 374
91 375
91 536
91 586
91 648
91 719
91 857
91 942
92 15
92 57
92 68
92 112
92 151
92 262
92 273
92 354
92 431
92 999
93 80
93 1
93 90
93 120
93 131
93 206
93 350
93 997
94 12
94 7
94 21
94 173
94 269
94 401
94 827
94 999
95 9
95 5
95 19
95 125
95 172
95 239
95 420
95 650
96 43
96 6
96 7
96 101
96 117
96 138
96 615
96 678
97 3
97 14
97 83
97 258
97 400
97 419
97 432
97 527
97 745
97 960
98 9
98 39
98 74
98 103
98 233
98 374
99 21
99 9
99 64
99 110
99 230
99 238
99 410
99 731
99 897
100 62
100 71
100 51
100 376
100 770
100 838
100 974
101 96
101 90
101 19
101 116
101 165
101 198
101 288
101 504
102 30
102 42
102 34
102 194
102 246
102 382
102 500
102 534
102 714
102 916
103 21
103 98
103 5
103 165
103 174
103 245
103 268
103 563
103 587
103 733
103 828
104 36
104 0
104 5
104 168
104 235
104 454
104 959
105 68
105 79
105 63
105 159
105 311
106 26
106 57
106 9
106 108
106 177
106 209
106 279
107 23
107 5
107 91
107 186
107 524
107 538
107 644
108 10
108 106
108 0
108 112
108 118
108 141
108 188
108 368
108 665
108 715
109 75
109 30
109 21
109 158
109 161
109 167
109 824
110 56
110 99
110 37
110 121
110 194
110 434
110 457
110 554
111 33
111 23
111 17
111 221
111 303
111 440
111 803
112 92
112 77
112 108
112 122
112 131
112 143
112 147
112 545
112 597
112 639
112 789
113 14
113 0
113 43
113 140
113 155
113 166
113 181
113 242
113 302
113 440
113 561
113 685
113 972
114 22
114 52
114 12
114 230
114 308
114 459
114 573
114 710
114 782
114 889
114 918
114 952
115 6
115 44
115 3
115 124
115 125
115 127
115 135
115 179
115 220
115 225
115 485
115 778
115 967
116 47
116 59
116 101
116 195
116 384
116 448
116 477
116 530
116 838
116 871
117 5
117 49
117 96
117 147
117 212
117 233
117 261
117 334
117 640
117 760
118 27
118 108
118 58
118 917
119 52
119 7
119 6
119 124
119 232
119 276
119 430
119 671
119 930
119 979
120 93
120 53
120 73
120 144
120 175
120 200
120 285
120 416
120 418
120 569
120 636
120 656
120 743
121 18
121 40
121 110
121 146
121 156
121 176
121 342
121 388
121 886
122 71
122 73
122 112
122 275
122 354
122 411
122 738
123 48
123 77
123 19
123 576
123 748
123 845
123 960
124 29
124 119
124 115
124 255
124 624
124 796
125 90
125 95
125 115
126 27
126 78
126 91
126 142
126 153
126 175
126 185
126 236
126 522
126 526
126 656
127 28
127 115
127 17
127 158
128 32
128 63
128 82
128 255
128 292
128 356
128 391
128 414
128 702
128 824
128 915
129 46
129 19
129 58
129 217
129 361
129 376
129 405
129 499
129 659
129 812
129 955
129 986
130 77
130 90
130 58
130 189
130 197
130 205
130 208
130 222
130 313
130 544
130 638
130 745
131 71
131 112
131 93
131 142
131 188
131 203
131 266
131 578
131 677
131 954
132 83
132 62
132 68
132 243
132 457
133 23
133 71
133 49
133 508
133 745
134 17
134 32
134 43
134 163
134 196
134 264
134 462
134 466
134 487
134 531
134 655
134 768
134 963
134 973
135 32
135 70
135 115
135 313
135 534
135 573
136 10
136 39
136 80
136 180
137 21
137 64
137 30
137 150
137 459
137 481
137 541
137 657
137 712
137 829
138 20
138 96
138 24
138 152
138 223
138 248
138 293
138 339
138 377
138 457
138 694
138 777
138 787
138 802
139 13
139 55
139 46
139 550
140 25
140 45
140 113
140 182
140 265
140 486
140 514
140 518
141 108
141 90
141 47
141 312
141 349
142 126
142 131
142 70
142 204
142 217
142 229
142 395
142 475
142 747
142 757
143 91
143 45
143 112
143 172
143 184
143 405
143 424
143 444
143 733
143 909
144 21
144 120
144 76
144 221
144 261
144 394
144 798
144 902
144 913
144 939
145 39
145 20
145 3
145 217
145 253
145 323
145 381
145 620
145 855
145 929
145 968
146 121
146 61
146 91
146 167
146 234
146 437
146 702
147 117
147 112
147 74
147 178
147 196
147 199
147 243
147 286
147 304
147 387
147 486
147 516
147 623
147 652
147 880
148 46
148 57
148 43
148 151
148 183
148 382
149 87
149 20
149 52
149 267
149 295
149 361
149 582
149 783
149 857
149 906
149 922
150 65
150 137
150 52
150 163
150 174
150 308
150 318
150 326
150 763
150 809
150 875
150 876
151 18
151 148
151 92
151 177
151 335
151 591
151 868
151 902
151 974
152 79
152 138
152 66
152 203
152 338
152 904
152 942
153 5
153 126
153 9
153 442
153 742
154 32
154 70
154 88
154 266
154 585
154 848
155 38
155 113
155 23
155 210
155 319
155 378
155 487
155 658
156 71
156 30
156 121
156 170
156 244
156 653
157 21
157 50
157 4
157 235
157 236
157 264
157 300
157 303
157 358
157 400
157 403
157 426
157 611
157 645
157 842
158 54
158 127
158 109
158 269
158 282
158 307
159 79
159 30
159 105
159 182
159 617
160 2
160 30
160 32
160 249
160 277
160 579
160 602
160 648
161 3
161 24
161 109
161 334
161 406
161 435
161 735
161 808
161 872
162 49
162 21
162 17
162 262
162 347
162 445
162 721
163 17
163 150
163 134
163 164
163 467
163 485
163 553
163 807
163 811
164 10
164 48
164 163
164 248
164 293
164 580
164 697
164 842
164 855
164 986
165 52
165 103
165 101
165 186
165 300
165 775
166 113
166 42
166 28
166 279
166 420
166 647
166 689
166 811
166 846
166 900
167 18
167 109
167 146
167 480
167 533
167 786
168 1
168 104
168 33
168 177
168 353
168 416
168 820
169 5
169 18
169 8
169 829
170 156
170 41
170 51
170 256
170 279
170 330
170 478
170 630
170 774
170 831
171 75
171 12
171 56
171 643
172 143
172 95
172 66
172 281
172 572
173 5
173 46
173 94
173 274
173 509
173 563
173 644
173 815
174 103
174 2
174 150
174 183
174 190
174 223
174 314
174 500
174 615
175 120
175 126
175 6
175 207
175 289
175 364
175 441
175 717
175 935
176 121
176 19
176 76
176 505
176 556
176 612
177 106
177 168
177 151
177 546
177 622
178 147
178 37
178 18
178 245
178 250
178 438
178 489
178 614
178 846
178 982
179 26
179 6
179 115
179 776
180 136
180 86
180 18
180 346
180 357
180 411
180 481
180 546
180 678
180 718
180 774
180 894
181 113
181 2
181 32
181 226
181 262
181 701
181 780
182 140
182 159
182 1
182 191
182 198
182 218
182 275
182 301
182 527
182 889
183 174
183 148
183 11
183 253
183 267
183 327
183 494
183 716
184 73
184 143
184 61
184 216
184 346
184 634
185 126
185 30
185 47
185 394
185 426
185 434
185 933
186 59
186 165
186 107
186 202
186 334
186 583
186 646
186 798
187 45
187 46
187 27
187 259
187 315
187 351
187 370
187 386
188 28
188 108
188 131
188 301
188 320
188 511
188 928
189 130
189 42
189 20
189 311
189 515
189 531
190 91
190 1
190 174
190 209
190 240
190 309
190 541
190 631
190 905
190 945
190 955
191 11
191 182
191 22
191 230
191 362
191 573
191 593
191 629
191 815
192 5
192 43
192 2
192 265
192 322
192 379
192 421
192 685
193 64
193 2
193 17
193 209
193 278
193 571
193 816
193 946
194 88
194 102
194 110
194 517
195 63
195 36
195 116
195 483
195 617
196 147
196 134
196 57
196 232
196 271
196 321
196 343
196 348
196 732
196 908
197 130
197 49
197 51
198 182
198 101
198 24
198 227
198 364
198 423
198 463
199 13
199 147
199 4
199 219
199 288
199 339
199 351
199 498
199 665
199 709
199 794
200 120
200 14
200 18
200 327
200 391
200 392
200 444
200 491
200 584
200 744
200 779
200 789
201 87
201 18
201 30
201 226
201 472
201 663
201 912
202 186
202 47
202 24
202 514
202 770
203 131
203 152
203 91
203 259
203 264
203 386
203 427
203 521
203 928
204 142
204 88
204 2
204 335
204 729
204 846
205 39
205 71
205 130
205 416
205 489
206 93
206 3
206 29
206 210
206 269
206 352
206 435
206 473
206 560
206 820
206 827
206 925
207 33
207 175
207 11
208 72
208 21
208 130
208 255
208 276
208 285
208 372
208 378
208 859
209 106
209 193
209 190
209 234
209 260
209 510
209 527
209 658
210 52
210 206
210 155
210 218
210 263
210 401
210 525
210 570
210 602
210 642
210 771
210 836
211 18
211 43
211 51
211 213
211 278
212 78
212 86
212 117
212 222
212 278
212 377
212 438
212 455
212 579
212 598
212 760
212 775
212 868
213 61
213 211
213 58
213 359
213 401
213 851
213 950
214 14
214 41
214 29
214 345
215 4
215 89
215 6
215 220
215 249
215 257
215 589
216 38
216 184
216 9
216 221
216 265
216 294
216 371
216 372
216 390
216 630
216 862
216 943
216 990
217 129
217 145
217 142
217 484
218 52
218 182
218 210
218 490
218 858
219 29
219 199
219 33
220 78
220 115
220 215
220 337
220 799
221 216
221 144
221 111
221 317
221 721
221 870
221 934
222 71
222 130
222 212
222 387
222 713
222 845
223 32
223 138
223 174
223 234
223 277
223 287
223 370
223 446
223 694
224 7
224 58
224 2
224 354
224 373
224 402
224 540
224 866
225 115
225 0
225 42
225 272
225 389
226 181
226 201
226 61
226 728
226 844
226 860
227 32
227 28
227 198
227 246
227 438
227 668
228 59
228 29
228 10
228 409
228 523
228 629
229 19
229 0
229 142
229 268
229 431
229 490
229 609
229 698
229 748
229 940
229 983
230 114
230 191
230 99
230 340
230 404
230 410
230 429
230 447
230 506
230 569
230 778
230 953
231 90
231 35
231 20
231 288
231 482
231 669
231 805
232 119
232 91
232 196
232 239
232 382
232 529
232 911
233 44
233 98
233 117
233 263
233 549
233 928
234 146
234 209
234 223
234 512
234 771
234 960
235 104
235 6
235 157
235 290
235 469
235 597
235 627
235 833
235 913
236 157
236 86
236 126
236 258
236 315
236 358
236 399
236 517
236 815
236 831
236 835
237 85
237 9
237 48
237 252
237 316
237 332
237 432
237 603
237 730
237 915
237 938
238 99
238 65
238 57
238 580
239 71
239 232
239 95
239 344
239 369
239 520
239 523
239 673
239 723
239 772
239 871
240 33
240 63
240 190
240 395
240 475
240 655
241 24
241 71
241 32
241 325
241 348
241 442
241 452
241 632
241 760
242 113
242 6
242 46
242 341
242 421
242 717
242 734
242 793
242 813
242 965
243 132
243 147
243 6
243 271
243 274
243 462
243 516
243 652
243 948
243 980
244 156
244 32
244 57
244 326
244 535
244 669
244 853
244 879
244 912
245 103
245 178
245 64
245 248
245 252
245 547
246 24
246 227
246 102
246 277
246 375
246 755
247 91
247 85
247 70
247 293
247 593
247 957
248 138
248 245
248 164
248 547
248 731
248 997
249 215
249 18
249 160
249 320
249 422
249 521
249 659
249 780
249 829
250 67
250 178
250 75
250 282
250 725
250 781
251 71
251 9
251 20
251 256
251 310
251 501
251 675
251 874
251 937
252 245
252 7
252 237
252 283
252 705
253 183
253 0
253 145
253 329
253 383
253 424
253 498
253 566
253 711
253 954
254 18
254 5
254 63
254 632
254 896
255 208
255 128
255 124
255 299
255 331
255 342
255 436
255 451
255 513
255 553
255 606
255 618
255 636
255 649
255 895
256 19
256 251
256 170
256 345
256 392
256 436
256 517
256 619
256 856
256 890
257 84
257 215
257 32
257 305
257 453
258 77
258 236
258 97
258 670
258 681
259 203
259 45
259 187
259 548
260 27
260 22
260 209
260 433
260 697
261 117
261 32
261 144
261 553
261 596
261 926
262 92
262 162
262 181
262 274
262 447
262 782
262 917
263 210
263 233
263 54
263 319
264 203
264 134
264 157
264 267
264 407
264 797
264 935
265 192
265 140
265 216
265 422
265 480
265 988
266 154
266 131
266 33
266 284
266 396
266 410
266 470
267 264
267 183
267 149
267 746
267 767
268 31
268 103
268 229
268 477
268 496
268 599
269 158
269 206
269 94
269 270
269 289
269 310
269 321
269 634
269 961
270 16
270 269
270 41
270 322
270 369
270 398
270 499
270 797
271 196
271 6
271 243
271 297
271 363
271 908
272 26
272 225
272 0
272 337
272 588
272 652
272 859
273 57
273 78
273 92
273 286
273 350
273 365
273 374
273 388
273 464
273 478
273 511
274 243
274 173
274 262
274 425
274 513
274 687
275 182
275 7
275 122
275 331
275 345
275 406
275 552
276 119
276 208
276 45
276 561
276 836
277 246
277 223
277 160
277 320
278 193
278 211
278 212
278 299
278 314
278 397
278 583
278 890
279 106
279 166
279 170
279 722
280 45
280 3
280 90
280 315
280 501
281 64
281 28
281 172
281 296
281 324
281 405
281 688
281 707
281 944
282 158
282 74
282 250
282 529
282 626
282 653
282 680
283 33
283 252
283 37
283 456
283 587
284 266
284 10
284 11
284 338
284 740
285 120
285 87
285 208
285 431
285 785
285 890
285 893
286 147
286 273
286 19
286 743
287 17
287 223
287 41
287 512
287 617
287 742
288 101
288 199
288 231
288 497
288 502
288 625
289 175
289 59
289 269
289 367
289 428
290 88
290 69
290 235
290 428
290 467
290 497
291 3
291 65
291 68
291 376
291 599
291 792
291 865
291 883
292 38
292 128
292 30
292 542
292 589
292 752
293 247
293 164
293 138
293 992
294 62
294 216
294 23
294 452
294 638
294 640
294 647
294 785
294 876
294 916
295 149
295 47
295 54
295 328
295 367
295 386
295 419
295 422
295 447
295 502
295 508
296 281
296 14
296 18
296 673
296 762
297 53
297 271
297 5
297 384
298 17
298 28
298 27
298 554
298 984
299 29
299 255
299 278
299 708
300 157
300 165
300 64
300 343
300 678
300 984
300 987
301 63
301 182
301 188
301 336
301 403
301 687
302 113
302 77
302 68
302 366
302 474
302 543
302 804
302 851
302 904
302 961
303 79
303 111
303 157
304 147
304 73
304 62
304 419
304 674
304 799
305 257
305 75
305 88
305 306
305 363
305 525
305 736
306 54
306 23
306 305
307 10
307 158
307 13
307 378
307 396
307 529
308 13
308 114
308 150
308 603
309 71
309 10
309 190
309 359
309 633
310 64
310 251
310 269
310 575
310 635
310 832
310 863
311 32
311 105
311 189
311 339
311 453
311 530
311 537
311 622
311 682
311 946
312 32
312 50
312 141
312 791
312 945
312 980
313 40
313 130
313 135
313 402
313 473
313 576
313 700
313 766
314 278
314 174
314 61
314 388
314 441
314 518
314 912
315 236
315 187
315 280
315 390
315 490
315 834
315 952
316 237
316 75
316 40
316 360
316 436
316 566
316 768
317 221
317 74
317 39
317 330
317 413
317 637
317 666
318 64
318 74
318 150
318 361
318 488
318 680
318 839
318 988
319 155
319 263
319 58
319 543
320 249
320 277
320 188
320 439
320 448
320 699
321 269
321 196
321 37
321 322
321 474
321 861
322 270
322 321
322 192
322 759
323 6
323 23
323 145
324 281
324 27
324 14
324 689
324 720
325 19
325 241
325 53
325 571
325 878
326 150
326 84
326 244
326 341
326 590
326 654
327 8
327 200
327 183
327 464
327 797
328 32
328 295
328 68
328 404
329 253
329 76
329 68
329 542
329 558
329 922
330 44
330 317
330 170
330 333
330 741
330 804
330 949
331 255
331 45
331 275
331 365
331 417
331 445
331 565
331 681
331 731
332 237
332 10
332 19
332 493
332 581
333 10
333 330
333 45
333 380
333 747
333 969
334 186
334 117
334 161
334 985
335 24
335 204
335 151
335 366
335 383
335 749
335 754
336 3
336 9
336 301
336 604
336 660
336 814
337 15
337 272
337 220
337 435
337 441
337 455
337 460
337 523
337 558
337 706
337 756
337 835
337 900
337 962
337 982
338 284
338 11
338 152
338 532
338 628
338 883
339 311
339 138
339 199
339 408
339 464
339 555
339 568
339 825
339 869
340 230
340 48
340 3
340 357
340 492
340 567
340 710
340 741
341 43
341 242
341 326
341 914
341 978
342 121
342 89
342 255
343 22
343 196
343 300
343 385
343 600
343 639
343 739
344 16
344 239
344 53
344 454
344 559
344 582
344 633
344 730
344 754
345 214
345 275
345 256
345 943
346 180
346 184
346 45
346 833
347 162
347 91
347 80
348 241
348 196
348 27
348 399
348 937
349 38
349 5
349 141
349 412
350 273
350 93
350 10
350 559
351 199
351 17
351 187
352 60
352 47
352 206
353 51
353 168
353 48
353 484
353 802
354 122
354 224
354 92
354 718
354 821
354 966
355 4
355 24
355 12
355 699
355 744
355 765
355 935
355 971
356 128
356 46
356 3
356 446
356 692
356 927
356 978
357 180
357 71
357 340
357 398
357 522
358 17
358 157
358 236
358 393
358 492
358 909
359 213
359 309
359 79
359 403
359 408
359 461
359 472
359 498
359 989
360 38
360 11
360 316
360 408
361 129
361 318
361 149
361 430
361 691
362 82
362 191
362 77
362 688
362 926
363 271
363 305
363 20
363 364
363 409
363 428
363 453
363 968
363 988
364 363
364 175
364 198
364 371
364 425
364 432
364 521
364 637
364 767
365 14
365 331
365 273
365 755
365 908
366 33
366 335
366 302
366 414
366 476
366 923
367 83
367 289
367 295
367 467
367 494
368 108
368 23
368 45
368 506
368 603
369 28
369 270
369 239
369 449
369 619
369 624
369 780
370 223
370 187
370 56
370 379
370 449
370 712
371 10
371 364
371 216
372 19
372 216
372 208
372 532
372 728
373 42
373 224
373 0
373 564
373 746
374 91
374 273
374 98
374 555
375 246
375 65
375 91
375 550
375 551
375 616
375 654
375 660
375 692
376 291
376 100
376 129
376 570
376 783
377 25
377 138
377 212
377 880
378 307
378 208
378 155
378 445
378 607
378 779
378 801
378 873
378 931
379 28
379 370
379 192
379 628
379 993
380 49
380 333
380 80
380 509
381 2
381 145
381 19
381 503
381 535
382 148
382 232
382 102
382 469
382 729
382 944
382 951
383 335
383 253
383 11
384 297
384 116
384 28
384 499
384 850
385 30
385 31
385 343
385 465
386 295
386 203
386 187
386 458
387 22
387 222
387 147
387 423
387 505
387 536
387 598
387 631
387 642
388 314
388 121
388 273
388 413
388 765
388 781
388 914
389 33
389 13
389 225
389 479
389 552
389 610
389 919
390 86
390 216
390 315
390 466
390 822
390 876
390 934
391 200
391 128
391 37
391 468
391 565
392 78
392 200
392 256
392 723
393 358
393 50
393 44
393 925
393 978
394 0
394 144
394 185
394 472
394 664
394 977
395 3
395 142
395 240
395 808
396 37
396 307
396 266
396 668
396 758
397 29
397 278
397 46
398 357
398 270
398 23
399 72
399 348
399 236
399 427
399 496
399 649
399 996
400 97
400 157
400 65
400 456
400 612
401 213
401 94
401 210
401 910
402 33
402 224
402 313
402 674
403 359
403 157
403 301
403 772
404 230
404 328
404 7
404 627
405 129
405 143
405 281
405 552
405 564
405 608
405 885
405 925
406 9
406 161
406 275
406 449
407 90
407 48
407 264
407 411
407 456
407 654
408 360
408 339
408 359
408 496
408 683
408 794
408 841
409 363
409 228
409 14
409 870
410 99
410 266
410 230
410 460
410 560
411 407
411 122
411 180
411 558
412 349
412 7
412 31
412 452
412 574
412 610
412 686
412 840
413 317
413 388
413 44
413 680
414 366
414 128
414 5
415 68
415 6
415 54
415 458
416 120
416 168
416 205
416 418
416 589
417 12
417 331
417 9
417 779
418 416
418 120
418 36
419 97
419 295
419 304
419 666
419 894
420 52
420 166
420 95
420 439
420 576
420 798
421 41
421 242
421 192
421 450
421 600
421 958
421 981
422 295
422 265
422 249
422 478
422 672
423 387
423 198
423 70
424 253
424 15
424 143
424 488
424 600
424 695
424 697
425 274
425 14
425 364
426 157
426 185
426 33
426 547
427 36
427 203
427 399
427 455
427 515
427 525
428 363
428 289
428 290
428 641
428 655
428 667
428 866
428 878
429 32
429 230
429 76
430 119
430 361
430 29
430 508
430 623
430 640
430 766
430 941
431 92
431 285
431 229
431 522
431 642
431 761
431 781
432 237
432 97
432 364
432 507
432 738
432 847
433 260
433 23
433 77
433 838
434 14
434 110
434 185
434 669
434 826
434 843
435 337
435 206
435 161
435 471
436 256
436 316
436 255
436 888
437 60
437 146
437 90
438 212
438 178
438 227
438 475
438 489
438 727
438 792
438 822
439 420
439 320
439 29
439 683
439 826
440 113
440 57
440 111
440 708
440 965
441 314
441 337
441 175
441 714
442 57
442 241
442 153
442 754
443 65
443 71
443 76
443 802
443 860
444 200
444 63
444 143
444 590
444 736
444 863
445 378
445 331
445 162
445 723
445 864
446 73
446 223
446 356
446 613
447 262
447 295
447 230
447 590
448 39
448 320
448 116
448 636
448 705
448 726
448 820
449 370
449 406
449 369
449 574
450 43
450 56
450 421
451 32
451 64
451 255
451 651
451 664
452 294
452 412
452 241
453 257
453 363
453 311
453 483
453 574
454 22
454 344
454 104
454 803
454 917
455 337
455 212
455 427
455 811
456 407
456 400
456 283
457 132
457 138
457 110
457 481
458 386
458 415
458 0
458 459
458 519
458 897
459 114
459 137
459 458
460 410
460 337
460 46
460 533
461 68
461 9
461 359
461 622
462 243
462 9
462 134
463 3
463 198
463 67
463 586
463 592
463 598
464 273
464 327
464 339
464 513
464 605
464 795
465 385
465 69
465 48
466 390
466 19
466 134
466 847
467 290
467 163
467 367
468 14
468 391
468 64
468 473
468 486
468 515
468 959
469 382
469 81
469 235
469 507
470 17
470 266
470 0
470 510
470 518
471 18
471 68
471 435
471 698
472 394
472 359
472 201
472 775
473 313
473 468
473 206
473 568
473 831
474 31
474 321
474 302
474 584
475 240
475 438
475 142
475 477
475 577
475 650
476 25
476 23
476 366
476 482
476 546
476 704
476 906
477 475
477 116
477 268
477 595
477 663
477 950
478 422
478 170
478 273
478 684
479 43
479 389
479 49
479 510
479 594
479 629
479 791
480 75
480 167
480 265
480 551
481 457
481 137
481 180
481 630
481 706
481 823
482 36
482 476
482 231
482 555
483 20
483 195
483 453
483 751
484 217
484 353
484 25
484 931
484 939
485 163
485 33
485 115
485 495
485 716
486 140
486 468
486 147
486 635
486 932
487 134
487 27
487 155
487 668
488 61
488 318
488 424
488 550
488 657
488 691
488 881
489 205
489 438
489 178
489 875
490 315
490 218
490 229
490 663
491 200
491 11
491 16
491 591
491 773
492 88
492 358
492 340
492 545
492 649
493 332
493 20
493 61
493 514
494 367
494 183
494 23
494 549
494 616
494 699
494 729
495 3
495 75
495 485
495 542
495 582
495 612
495 862
495 865
495 956
496 268
496 399
496 408
497 288
497 57
497 290
497 619
498 199
498 359
498 253
498 740
499 129
499 270
499 384
499 524
499 698
500 102
500 58
500 174
500 755
500 814
501 251
501 49
501 280
501 656
501 769
501 850
501 923
502 295
502 288
502 28
502 962
503 381
503 46
503 50
503 520
503 874
503 941
504 101
504 90
504 26
504 534
504 750
504 936
505 11
505 387
505 176
505 853
505 869
506 230
506 368
506 87
506 607
506 821
507 469
507 432
507 7
507 623
507 947
508 295
508 430
508 133
508 543
508 588
508 877
509 19
509 380
509 173
509 541
509 625
509 892
510 209
510 470
510 479
511 273
511 83
511 188
511 998
512 287
512 90
512 234
512 743
513 274
513 255
513 464
513 556
513 720
513 774
513 800
514 140
514 493
514 202
514 595
514 621
514 895
514 919
515 189
515 427
515 468
515 563
516 147
516 82
516 243
516 540
516 796
516 972
517 194
517 256
517 236
517 614
518 314
518 140
518 470
518 752
519 458
519 23
519 26
519 620
519 702
519 835
520 503
520 239
520 89
521 249
521 203
521 364
521 536
522 126
522 357
522 431
522 842
523 228
523 239
523 337
523 878
523 933
524 56
524 107
524 499
524 851
525 427
525 210
525 305
525 572
525 990
526 126
526 44
526 12
526 548
526 581
526 696
526 768
526 790
526 894
527 97
527 209
527 182
527 714
528 32
528 13
528 16
528 807
529 282
529 232
529 307
530 116
530 84
530 311
530 556
530 662
530 750
531 64
531 189
531 134
531 793
532 0
532 338
532 372
532 540
532 673
532 782
532 863
532 956
533 49
533 460
533 167
533 675
533 784
534 504
534 135
534 102
534 620
534 739
535 381
535 244
535 53
536 521
536 387
536 91
536 624
537 311
537 17
537 71
537 577
537 852
537 884
538 59
538 84
538 107
538 766
539 6
539 90
539 4
539 616
539 722
540 516
540 532
540 224
540 670
540 778
541 137
541 190
541 509
541 611
541 645
541 670
541 884
542 292
542 495
542 329
542 695
542 724
542 800
543 508
543 302
543 319
543 580
544 69
544 130
544 84
544 726
545 492
545 112
545 58
545 559
546 177
546 180
546 476
546 696
547 245
547 426
547 248
548 54
548 259
548 526
548 898
549 6
549 233
549 494
550 139
550 375
550 488
550 645
550 929
551 480
551 30
551 375
552 389
552 275
552 405
553 163
553 255
553 261
553 564
554 1
554 298
554 110
554 877
555 374
555 339
555 482
555 971
556 176
556 530
556 513
557 62
557 48
557 3
558 337
558 411
558 329
559 545
559 350
559 344
559 662
560 0
560 206
560 410
560 575
561 41
561 276
561 113
561 566
561 893
562 80
562 5
562 32
563 173
563 515
563 103
563 954
564 373
564 553
564 405
564 907
565 331
565 391
565 79
565 891
566 253
566 316
566 561
567 340
567 48
567 44
568 47
568 339
568 473
568 618
568 677
568 837
568 932
569 22
569 120
569 230
570 376
570 73
570 210
570 615
570 759
570 867
570 958
571 51
571 193
571 325
571 853
572 0
572 525
572 172
572 635
572 660
572 684
573 135
573 191
573 114
573 963
574 412
574 449
574 453
575 19
575 560
575 310
576 313
576 420
576 123
576 718
577 15
577 537
577 475
577 596
577 703
577 966
578 131
578 1
578 71
578 739
578 756
579 212
579 61
579 160
579 727
580 238
580 543
580 164
580 803
580 970
581 10
581 332
581 526
581 864
582 495
582 149
582 344
583 186
583 278
583 56
583 722
584 33
584 200
584 474
585 154
585 73
585 74
585 715
585 824
585 936
586 463
586 70
586 91
587 88
587 283
587 103
588 272
588 508
588 48
588 756
588 886
588 946
589 416
589 292
589 215
590 444
590 447
590 326
590 711
590 769
590 921
591 56
591 151
591 491
591 631
591 661
591 684
592 463
592 71
592 7
592 744
592 801
592 817
593 19
593 247
593 191
593 711
594 6
594 479
594 45
594 907
595 477
595 39
595 514
595 920
596 261
596 85
596 577
596 610
596 685
596 692
596 980
597 235
597 59
597 112
597 773
598 212
598 463
598 387
598 606
598 609
599 268
599 291
599 11
599 898
600 343
600 424
600 421
600 962
600 989
600 993
601 23
601 6
601 73
601 896
601 947
602 210
602 32
602 160
603 368
603 308
603 237
604 336
604 60
604 54
604 951
605 464
605 72
605 29
605 732
606 255
606 60
606 598
606 905
606 950
607 506
607 378
607 24
607 707
607 727
607 996
608 75
608 405
608 10
608 643
609 12
609 229
609 598
609 805
610 412
610 596
610 389
610 791
610 970
611 157
611 541
611 41
611 845
612 495
612 176
612 400
612 737
612 848
613 46
613 446
613 64
614 178
614 3
614 517
614 706
615 174
615 570
615 96
616 539
616 375
616 494
616 899
617 287
617 195
617 159
618 568
618 255
618 31
619 256
619 497
619 369
620 145
620 534
620 519
620 626
621 54
621 514
621 50
622 461
622 177
622 311
623 507
623 147
623 430
623 707
623 957
624 536
624 369
624 124
624 916
625 27
625 509
625 288
625 689
625 995
626 54
626 620
626 282
626 886
627 404
627 28
627 235
628 338
628 379
628 25
628 651
628 690
628 701
629 228
629 479
629 191
629 867
629 887
630 481
630 170
630 216
631 387
631 591
631 190
631 752
632 241
632 0
632 254
632 725
632 992
633 309
633 13
633 344
633 922
634 269
634 184
634 27
634 659
635 310
635 572
635 486
636 255
636 120
636 448
636 657
636 812
637 364
637 87
637 317
637 686
637 750
637 902
637 961
638 130
638 294
638 71
639 343
639 112
639 42
639 703
639 757
639 816
639 860
640 117
640 430
640 294
640 665
641 2
641 428
641 0
642 387
642 431
642 210
643 22
643 171
643 608
644 77
644 173
644 107
644 658
644 749
644 943
645 541
645 550
645 157
645 767
646 65
646 186
646 43
646 653
647 294
647 68
647 166
647 735
647 830
647 920
648 160
648 80
648 91
648 721
649 492
649 255
649 399
649 671
650 95
650 475
650 6
650 785
651 628
651 451
651 62
651 784
651 918
652 272
652 147
652 243
653 156
653 282
653 646
653 667
653 737
654 326
654 375
654 407
654 686
654 737
655 428
655 240
655 134
656 120
656 126
656 501
656 854
657 488
657 137
657 636
657 818
658 209
658 155
658 644
659 249
659 634
659 129
660 375
660 572
660 336
661 49
661 591
661 26
661 732
661 776
661 825
661 840
662 33
662 530
662 559
662 681
662 864
663 490
663 477
663 201
664 19
664 394
664 451
665 640
665 108
665 199
666 33
666 419
666 317
667 428
667 653
667 32
667 873
668 487
668 227
668 396
668 690
669 231
669 244
669 434
669 677
669 708
669 720
669 844
670 258
670 541
670 540
670 687
671 19
671 119
671 649
671 764
671 818
672 422
672 26
672 34
672 982
673 296
673 239
673 532
674 304
674 402
674 17
674 833
674 918
674 927
675 24
675 251
675 533
676 81
676 42
676 77
676 947
677 131
677 568
677 669
678 180
678 300
678 96
678 963
679 56
679 27
679 3
679 819
680 318
680 413
680 282
680 882
680 896
681 258
681 662
681 331
682 39
682 311
682 15
682 753
682 891
683 408
683 439
683 4
683 895
684 591
684 572
684 478
685 192
685 113
685 596
686 412
686 654
686 637
686 879
687 274
687 301
687 670
687 688
687 852
688 362
688 281
688 687
688 693
689 625
689 166
689 324
690 628
690 668
690 18
690 884
691 361
691 488
691 44
691 945
691 953
692 375
692 356
692 596
693 688
693 44
693 37
694 223
694 138
694 37
695 542
695 424
695 80
696 526
696 72
696 546
696 823
696 985
697 424
697 164
697 260
697 787
698 229
698 499
698 471
698 993
699 355
699 494
699 320
699 704
699 873
700 313
700 0
700 74
701 40
701 181
701 628
702 146
702 519
702 128
703 639
703 71
703 577
703 769
703 858
704 43
704 476
704 699
705 252
705 7
705 448
705 849
706 481
706 337
706 614
706 998
707 623
707 281
707 607
708 440
708 669
708 299
709 199
709 22
709 31
709 887
710 76
710 114
710 340
711 253
711 593
711 590
712 137
712 14
712 370
712 789
712 804
712 956
713 222
713 34
713 10
713 899
714 441
714 102
714 527
714 885
714 892
714 930
714 972
715 25
715 108
715 585
716 4
716 183
716 485
717 75
717 175
717 242
717 951
718 354
718 576
718 180
719 85
719 91
719 52
719 735
719 968
720 513
720 669
720 324
721 648
721 221
721 162
722 583
722 279
722 539
723 239
723 445
723 392
723 724
723 931
724 723
724 56
724 542
724 762
725 632
725 250
725 19
725 819
725 936
725 979
726 448
726 544
726 90
726 742
726 810
726 817
726 911
727 438
727 607
727 579
728 372
728 82
728 226
728 905
729 494
729 204
729 382
730 237
730 344
730 26
730 790
731 331
731 99
731 248
731 929
732 661
732 196
732 605
733 103
733 0
733 143
733 840
734 242
734 49
734 3
734 807
735 719
735 161
735 647
735 836
735 844
735 975
736 17
736 305
736 444
736 910
737 612
737 653
737 654
738 15
738 122
738 432
738 809
738 828
738 849
738 924
739 534
739 343
739 578
740 32
740 498
740 284
741 330
741 41
741 340
742 153
742 726
742 287
742 979
743 512
743 286
743 120
743 903
744 592
744 200
744 355
745 133
745 97
745 130
746 373
746 19
746 267
747 333
747 142
747 39
747 788
748 54
748 123
748 229
748 763
749 335
749 644
749 5
750 530
750 504
750 637
751 53
751 483
751 76
752 292
752 518
752 631
753 77
753 682
753 9
754 442
754 335
754 344
755 365
755 246
755 500
755 816
756 578
756 588
756 337
757 18
757 142
757 639
757 828
758 396
758 64
758 6
759 570
759 322
759 81
760 212
760 117
760 241
760 919
761 431
761 62
761 6
761 906
762 296
762 19
762 724
762 933
763 748
763 12
763 150
763 821
763 995
764 65
764 90
764 671
764 817
764 830
765 388
765 31
765 355
766 313
766 430
766 538
766 872
766 992
767 267
767 364
767 645
768 526
768 316
768 134
769 590
769 703
769 501
769 920
769 977
770 202
770 0
770 100
770 839
771 234
771 210
771 78
772 239
772 12
772 403
773 39
773 597
773 491
774 180
774 513
774 170
774 830
775 472
775 212
775 165
776 661
776 179
776 33
776 841
777 138
777 24
777 20
778 230
778 115
778 540
778 948
779 200
779 417
779 378
779 834
780 369
780 249
780 181
780 839
781 431
781 250
781 388
781 976
782 532
782 114
782 262
783 80
783 376
783 149
783 966
784 651
784 23
784 533
784 793
784 964
785 650
785 294
785 285
785 907
786 1
786 38
786 167
787 34
787 697
787 138
787 882
787 888
788 48
788 747
788 31
789 112
789 200
789 712
790 41
790 526
790 730
791 479
791 312
791 610
791 984
792 291
792 438
792 3
793 242
793 531
793 784
794 199
794 408
794 42
794 795
794 861
795 20
795 464
795 794
795 868
796 85
796 516
796 124
797 327
797 264
797 270
798 420
798 186
798 144
799 220
799 4
799 304
800 513
800 542
800 29
801 378
801 12
801 592
802 443
802 353
802 138
803 454
803 111
803 580
804 302
804 330
804 712
804 856
804 915
804 987
805 609
805 61
805 231
806 25
806 70
806 89
807 734
807 528
807 163
808 19
808 161
808 395
809 150
809 738
809 86
810 83
810 6
810 726
811 166
811 163
811 455
812 129
812 5
812 636
813 42
813 242
813 6
813 976
814 45
814 336
814 500
815 236
815 191
815 173
816 193
816 755
816 639
816 911
817 592
817 764
817 726
818 29
818 657
818 671
819 679
819 725
819 69
819 857
820 448
820 206
820 168
821 506
821 763
821 354
822 3
822 438
822 390
823 696
823 30
823 481
823 832
823 843
824 585
824 128
824 109
825 64
825 661
825 339
825 976
826 434
826 439
826 17
826 974
827 94
827 78
827 206
828 103
828 738
828 757
829 137
829 169
829 249
830 774
830 764
830 647
831 170
831 473
831 236
831 991
832 823
832 310
832 41
832 867
833 235
833 674
833 346
834 39
834 315
834 779
835 337
835 236
835 519
836 735
836 276
836 210
837 1
837 63
837 568
838 116
838 100
838 433
839 770
839 780
839 318
839 897
840 661
840 733
840 412
841 776
841 77
841 408
842 522
842 157
842 164
842 932
843 434
843 823
843 20
844 735
844 226
844 669
845 123
845 222
845 611
845 924
845 986
846 178
846 204
846 166
847 66
847 466
847 432
848 154
848 21
848 612
849 84
849 738
849 705
850 501
850 384
850 19
851 302
851 524
851 213
852 6
852 537
852 687
852 903
853 571
853 505
853 244
854 84
854 28
854 656
854 888
855 145
855 2
855 164
856 256
856 45
856 804
856 967
857 819
857 91
857 149
858 218
858 44
858 703
859 60
859 208
859 272
860 443
860 226
860 639
861 29
861 321
861 794
862 216
862 495
862 27
863 532
863 444
863 310
863 971
864 581
864 445
864 662
865 6
865 291
865 495
866 428
866 224
866 12
867 629
867 570
867 832
867 870
867 913
868 212
868 795
868 151
869 50
869 339
869 505
869 959
870 221
870 409
870 867
871 239
871 23
871 116
871 939
872 161
872 1
872 766
873 667
873 699
873 378
874 251
874 503
874 13
874 994
875 150
875 16
875 489
876 390
876 294
876 150
877 87
877 508
877 554
878 428
878 325
878 523
878 882
879 686
879 65
879 244
880 147
880 59
880 377
880 901
880 944
881 488
881 78
881 13
882 680
882 878
882 787
883 29
883 291
883 338
884 690
884 541
884 537
884 957
885 5
885 714
885 405
886 626
886 588
886 121
887 0
887 709
887 629
887 898
887 900
888 787
888 854
888 436
889 114
889 6
889 182
890 256
890 285
890 278
891 565
891 57
891 682
892 714
892 509
892 43
893 285
893 79
893 561
894 180
894 526
894 419
895 514
895 683
895 255
896 601
896 680
896 254
897 458
897 99
897 839
898 887
898 599
898 548
898 969
899 713
899 616
899 63
900 166
900 887
900 337
901 10
901 880
901 42
902 637
902 144
902 151
903 852
903 743
903 24
904 152
904 302
904 13
905 728
905 190
905 606
906 761
906 149
906 476
907 785
907 594
907 564
908 365
908 271
908 196
908 994
909 358
909 43
909 143
910 75
910 736
910 401
911 232
911 816
911 726
911 969
911 973
912 244
912 201
912 314
913 235
913 867
913 144
913 983
914 81
914 341
914 388
914 997
915 128
915 804
915 237
916 294
916 102
916 624
917 118
917 454
917 262
917 949
918 651
918 674
918 114
918 964
919 514
919 760
919 389
920 595
920 769
920 647
921 590
921 79
921 73
922 329
922 149
922 633
923 83
923 501
923 366
924 845
924 2
924 738
925 206
925 393
925 405
926 0
926 362
926 261
926 990
927 674
927 356
927 18
928 203
928 188
928 233
928 934
929 145
929 550
929 731
930 71
930 714
930 119
931 723
931 378
931 484
932 568
932 842
932 486
932 940
932 941
933 185
933 762
933 523
933 995
934 928
934 390
934 221
935 355
935 175
935 264
936 504
936 725
936 585
937 348
937 17
937 251
937 938
937 967
938 237
938 84
938 937
939 871
939 484
939 144
940 25
940 229
940 932
941 430
941 932
941 503
942 91
942 40
942 152
943 644
943 345
943 216
944 880
944 382
944 281
945 190
945 312
945 691
946 588
946 311
946 193
947 676
947 507
947 601
948 88
948 778
948 243
949 330
949 69
949 917
950 477
950 606
950 213
951 717
951 382
951 604
951 964
952 37
952 114
952 315
953 230
953 691
953 75
954 131
954 253
954 563
955 129
955 24
955 190
956 532
956 712
956 495
957 884
957 623
957 247
958 421
958 570
958 84
959 869
959 104
959 468
960 123
960 97
960 234
961 269
961 637
961 302
962 600
962 337
962 502
963 678
963 134
963 573
964 784
964 918
964 951
965 440
965 242
965 80
966 354
966 577
966 783
967 856
967 115
967 937
968 363
968 719
968 145
968 977
969 333
969 898
969 911
970 580
970 610
970 2
971 863
971 555
971 355
972 113
972 714
972 516
973 911
973 134
973 68
974 100
974 826
974 151
975 60
975 5
975 735
976 813
976 825
976 781
977 769
977 394
977 968
978 341
978 356
978 393
979 119
979 725
979 742
980 596
980 243
980 312
981 82
981 421
981 55
982 672
982 337
982 178
982 996
983 6
983 913
983 229
984 791
984 298
984 300
985 334
985 81
985 696
986 129
986 164
986 845
987 300
987 804
987 25
988 363
988 318
988 265
989 70
989 359
989 600
990 216
990 525
990 926
991 63
991 831
991 69
992 766
992 293
992 632
993 379
993 698
993 600
994 908
994 61
994 874
995 763
995 933
995 625
996 982
996 607
996 399
997 248
997 914
997 93
998 19
998 706
998 511
999 52
999 94
999 92
