0 1
1 0
2 1
2 0
3 0
3 2
3 1
4 0
4 2
4 1
5 4
5 0
5 1
6 1
6 0
6 4
7 1
7 3
7 0
8 1
8 0
8 5
9 1
9 4
9 5
10 1
10 0
10 4
11 2
11 0
11 1
12 11
12 2
12 1
13 8
13 12
13 1
14 4
14 1
14 13
15 0
15 10
15 4
16 0
16 14
16 7
17 11
17 14
17 13
18 0
18 1
18 2
19 16
19 0
19 10
20 14
20 10
20 7
21 1
21 0
21 4
22 3
22 0
22 5
23 1
23 11
23 0
24 14
24 18
24 20
25 1
25 5
25 0
26 5
26 7
26 4
27 26
27 0
27 2
28 23
28 9
28 0
29 7
29 1
29 20
30 25
30 0
30 10
31 30
31 24
31 21
32 24
32 0
32 22
33 5
33 4
33 20
34 1
34 0
34 32
35 1
35 10
35 2
36 0
36 9
36 8
37 25
37 8
37 21
38 1
38 10
38 21
39 13
39 36
39 1
40 0
40 5
40 19
41 30
41 2
41 31
42 0
42 31
42 28
43 4
43 16
43 11
44 8
44 39
44 26
45 38
45 28
45 33
46 11
46 10
46 36
47 11
47 1
47 2
48 5
48 21
48 0
49 20
49 9
49 22
