0 1
0 2
1 0
1 2
2 0
2 1
3 2
3 0
3 1
4 2
4 1
4 0
5 2
5 3
5 1
6 0
6 2
6 4
7 4
7 2
7 3
8 4
8 3
8 5
9 7
9 2
9 1
10 6
10 1
10 8
11 0
11 7
11 8
12 1
12 9
12 0
13 7
13 6
13 3
14 9
14 8
14 2
15 1
15 4
15 3
16 0
16 7
16 5
17 15
17 8
17 7
18 5
18 4
18 2
19 0
19 10
19 6
20 14
20 4
20 5
21 7
21 9
21 8
22 17
22 20
22 9
23 7
23 10
23 8
24 1
24 8
24 2
25 2
25 1
25 6
26 5
26 9
26 10
27 3
27 1
27 13
28 1
28 22
28 7
29 0
29 3
29 2
30 14
30 20
30 22
31 15
31 10
31 4
32 5
32 15
32 8
33 7
33 2
33 3
34 13
34 12
34 2
35 2
35 7
35 25
36 6
36 13
36 10
37 29
37 10
37 9
38 9
38 10
38 30
39 5
39 23
39 7
40 29
40 1
40 10
41 10
41 26
41 6
42 0
42 40
42 9
43 42
43 6
43 36
44 6
44 15
44 29
45 30
45 8
45 7
46 13
46 33
46 10
47 16
47 15
47 8
48 17
48 29
48 8
49 26
49 29
49 15
50 16
50 20
50 5
51 41
51 8
51 16
52 2
52 31
52 45
53 23
53 2
53 19
54 36
54 41
54 1
55 19
55 7
55 52
56 2
56 50
56 9
57 30
57 17
57 20
58 8
58 20
58 10
59 25
59 1
59 58
60 7
60 27
60 13
61 58
61 45
61 7
62 10
62 47
62 2
63 4
63 60
63 61
64 23
64 9
64 18
65 40
65 27
65 20
66 15
66 11
66 47
67 1
67 15
67 18
68 34
68 23
68 5
69 10
69 17
69 35
70 10
70 0
70 9
71 62
71 60
71 9
72 7
72 60
72 16
73 30
73 7
73 5
74 19
74 7
74 10
75 10
75 22
75 8
76 19
76 67
76 68
77 2
77 5
77 11
78 27
78 33
78 20
79 42
79 45
79 18
80 10
80 73
80 32
81 43
81 9
81 1
82 57
82 18
82 81
83 33
83 8
83 30
84 82
84 26
84 36
85 64
85 58
85 17
86 27
86 1
86 6
87 14
87 72
87 4
88 65
88 9
88 8
89 1
89 18
89 7
90 29
90 10
90 4
91 2
91 15
91 16
92 5
92 0
92 55
93 88
93 8
93 2
94 44
94 15
94 5
95 7
95 1
95 87
96 8
96 1
96 16
97 8
97 18
97 28
98 15
98 58
98 20
99 7
99 46
99 20
