0 1
1 0
2 1
2 0
3 1
3 0
3 2
4 3
4 0
4 1
5 2
5 3
5 1
6 0
6 5
6 3
7 5
7 2
7 0
8 1
8 0
8 6
9 1
9 6
9 0
10 1
10 0
10 8
11 6
11 0
11 1
12 1
12 9
12 3
13 8
13 6
13 0
14 10
14 0
14 8
15 4
15 1
15 6
16 0
16 8
16 10
17 14
17 1
17 13
18 0
18 2
18 15
19 4
19 3
19 0
20 6
20 1
20 3
21 11
21 6
21 16
22 6
22 0
22 17
23 11
23 7
23 0
24 7
24 0
24 9
25 1
25 9
25 8
26 23
26 6
26 18
27 10
27 5
27 15
28 8
28 4
28 21
29 2
29 10
29 0
30 0
30 4
30 27
31 8
31 14
31 15
32 2
32 16
32 6
33 4
33 31
33 27
34 8
34 1
34 18
35 21
35 0
35 16
36 12
36 9
36 21
37 0
37 7
37 2
38 9
38 34
38 32
39 6
39 36
39 17
40 37
40 6
40 25
41 8
41 6
41 38
42 19
42 1
42 5
43 16
43 35
43 8
44 3
44 11
44 14
45 31
45 35
45 1
46 45
46 0
46 21
47 21
47 1
47 34
48 16
48 8
48 43
49 24
49 8
49 11
50 0
50 2
50 24
51 27
51 9
51 11
52 6
52 4
52 17
53 15
53 1
53 18
54 5
54 6
54 40
55 49
55 21
55 6
56 43
56 22
56 6
57 21
57 26
57 11
58 51
58 17
58 6
59 0
59 2
59 42
60 42
60 10
60 2
61 17
61 6
61 45
62 5
62 0
62 36
63 16
63 2
63 0
64 58
64 12
64 24
65 24
65 0
65 57
66 8
66 21
66 16
67 0
67 2
67 26
68 28
68 8
68 12
69 3
69 28
69 52
70 19
70 44
70 38
71 9
71 67
71 34
72 39
72 57
72 15
73 17
73 3
73 4
74 6
74 17
74 8
75 8
75 26
75 16
76 28
76 2
76 6
77 14
77 3
77 21
78 35
78 66
78 6
79 78
79 77
79 4
80 22
80 73
80 41
81 21
81 2
81 19
82 35
82 55
82 81
83 81
83 60
83 49
84 5
84 80
84 4
85 2
85 27
85 16
86 78
86 56
86 7
87 40
87 46
87 1
88 11
88 35
88 64
89 53
89 82
89 23
90 0
90 21
90 79
91 28
91 84
91 4
92 15
92 27
92 58
93 85
93 46
93 9
94 29
94 46
94 38
95 3
95 41
95 47
96 15
96 41
96 56
97 8
97 3
97 4
98 24
98 82
98 6
99 17
99 29
99 78
