0 1
1 0
2 1
2 0
3 0
3 1
3 2
4 0
4 1
4 2
5 1
5 3
5 2
6 2
6 0
6 3
7 2
7 3
7 1
8 5
8 2
8 7
9 2
9 3
9 7
10 5
10 0
10 1
11 2
11 0
11 1
12 0
12 2
12 6
13 0
13 6
13 9
14 0
14 7
14 2
15 0
15 11
15 1
16 1
16 2
16 0
17 7
17 2
17 9
18 6
18 14
18 2
19 1
19 17
19 2
20 19
20 4
20 5
21 7
21 11
21 3
22 3
22 0
22 6
23 2
23 20
23 4
24 3
24 16
24 4
25 5
25 9
25 14
26 24
26 11
26 2
27 0
27 3
27 2
28 24
28 6
28 2
29 24
29 0
29 6
30 8
30 0
30 6
31 4
31 1
31 2
32 16
32 2
32 15
33 2
33 20
33 30
34 12
34 21
34 1
35 15
35 0
35 24
36 1
36 2
36 10
37 34
37 20
37 2
38 2
38 36
38 34
39 34
39 4
39 2
40 15
40 20
40 4
41 8
41 32
41 17
42 11
42 25
42 24
43 2
43 32
43 23
44 5
44 2
44 0
45 2
45 27
45 37
46 2
46 0
46 1
47 36
47 12
47 24
48 2
48 12
48 8
49 0
49 6
49 11
50 24
50 10
50 46
51 3
51 11
51 2
52 51
52 4
52 2
53 39
53 47
53 19
54 30
54 16
54 4
55 25
55 2
55 36
56 31
56 55
56 2
57 9
57 0
57 34
58 56
58 2
58 19
59 28
59 0
59 11
60 18
60 9
60 0
61 55
61 8
61 2
62 44
62 18
62 21
63 7
63 11
63 2
64 52
64 11
64 14
65 12
65 11
65 59
66 9
66 51
66 55
67 3
67 21
67 16
68 24
68 11
68 9
69 38
69 5
69 7
70 32
70 24
70 5
71 12
71 6
71 11
72 6
72 5
72 24
73 5
73 10
73 32
74 0
74 2
74 16
75 0
75 55
75 30
76 3
76 72
76 11
77 66
77 1
77 62
78 50
78 11
78 30
79 0
79 37
79 34
80 11
80 5
80 40
81 31
81 0
81 1
82 23
82 50
82 60
83 7
83 2
83 35
84 6
84 83
84 1
85 45
85 2
85 51
86 18
86 3
86 24
87 0
87 26
87 79
88 17
88 36
88 19
89 3
89 2
89 67
90 2
90 40
90 56
91 2
91 5
91 15
92 26
92 9
92 31
93 9
93 48
93 62
94 55
94 7
94 1
95 11
95 44
95 68
96 2
96 66
96 90
97 0
97 24
97 34
98 69
98 62
98 6
99 0
99 5
99 56
100 26
100 79
100 9
101 6
101 2
101 32
102 2
102 69
102 100
103 2
103 44
103 30
104 92
104 19
104 74
105 31
105 42
105 84
106 15
106 11
106 12
107 2
107 11
107 1
108 14
108 35
108 88
109 92
109 16
109 2
110 11
110 2
110 0
111 22
111 20
111 100
112 46
112 0
112 69
113 105
113 37
113 2
114 56
114 2
114 16
115 41
115 10
115 92
116 75
116 2
116 56
117 40
117 11
117 2
118 12
118 6
118 43
119 4
119 60
119 2
120 32
120 44
120 2
121 86
121 67
121 72
122 26
122 19
122 47
123 32
123 30
123 2
124 66
124 123
124 2
125 12
125 11
125 70
126 15
126 122
126 104
127 32
127 10
127 24
128 8
128 11
128 30
129 8
129 18
129 13
130 5
130 16
130 98
131 3
131 40
131 69
132 30
132 38
132 49
133 116
133 1
133 66
134 2
134 55
134 0
135 134
135 97
135 31
136 24
136 20
136 99
137 100
137 52
137 23
138 79
138 9
138 58
139 25
139 57
139 125
140 106
140 0
140 23
141 11
141 6
141 0
142 20
142 129
142 11
143 0
143 8
143 9
144 66
144 16
144 70
145 121
145 110
145 2
146 2
146 11
146 28
147 98
147 128
147 143
148 81
148 0
148 146
149 98
149 17
149 122
150 55
150 2
150 40
151 2
151 66
151 30
152 6
152 32
152 20
153 16
153 2
153 115
154 109
154 85
154 0
155 23
155 2
155 18
156 1
156 112
156 24
157 8
157 24
157 69
158 58
158 100
158 6
159 51
159 103
159 14
160 8
160 15
160 108
161 23
161 141
161 34
162 119
162 60
162 0
163 134
163 49
163 133
164 84
164 98
164 26
165 112
165 95
165 12
166 0
166 2
166 58
167 92
167 31
167 123
168 79
168 115
168 49
169 79
169 40
169 34
170 52
170 64
170 2
171 11
171 24
171 137
172 0
172 24
172 156
173 35
173 69
173 105
174 0
174 150
174 105
175 165
175 122
175 4
176 70
176 2
176 73
177 2
177 6
177 26
178 31
178 79
178 57
179 0
179 146
179 11
180 32
180 31
180 2
181 6
181 1
181 15
182 2
182 47
182 30
183 30
183 167
183 14
184 11
184 175
184 6
185 69
185 31
185 132
186 14
186 133
186 11
187 34
187 167
187 182
188 133
188 138
188 114
189 0
189 70
189 26
190 103
190 0
190 167
191 43
191 155
191 28
192 140
192 77
192 37
193 50
193 10
193 31
194 16
194 165
194 2
195 106
195 140
195 86
196 64
196 79
196 57
197 15
197 86
197 6
198 54
198 144
198 28
199 113
199 7
199 103
200 128
200 0
200 109
201 67
201 167
201 131
202 127
202 136
202 114
203 24
203 133
203 22
204 15
204 105
204 72
205 58
205 144
205 134
206 0
206 182
206 133
207 139
207 193
207 38
208 142
208 157
208 36
209 87
209 72
209 8
210 161
210 139
210 2
211 121
211 6
211 13
212 152
212 35
212 97
213 99
213 62
213 128
214 9
214 98
214 189
215 26
215 16
215 39
216 50
216 191
216 141
217 2
217 24
217 13
218 32
218 23
218 55
219 3
219 60
219 193
220 2
220 106
220 20
221 36
221 52
221 85
222 11
222 22
222 106
223 197
223 219
223 12
224 54
224 26
224 35
225 3
225 1
225 4
226 93
226 189
226 9
227 66
227 0
227 45
228 3
228 72
228 69
229 26
229 225
229 2
230 122
230 11
230 7
231 2
231 98
231 122
232 72
232 12
232 16
233 165
233 18
233 91
234 127
234 152
234 55
235 124
235 52
235 32
236 2
236 24
236 11
237 6
237 152
237 15
238 26
238 48
238 35
239 86
239 230
239 79
240 151
240 78
240 66
241 24
241 70
241 49
242 223
242 2
242 133
243 32
243 47
243 40
244 136
244 40
244 60
245 2
245 1
245 60
246 11
246 73
246 5
247 71
247 11
247 237
248 2
248 18
248 150
249 16
249 3
249 49
250 152
250 6
250 7
251 173
251 221
251 156
252 139
252 68
252 14
253 45
253 11
253 133
254 188
254 13
254 221
255 56
255 8
255 2
256 73
256 5
256 1
257 166
257 16
257 174
258 66
258 86
258 2
259 74
259 203
259 250
260 11
260 198
260 26
261 241
261 234
261 244
262 135
262 0
262 6
263 39
263 122
263 120
264 19
264 99
264 156
265 159
265 145
265 32
266 17
266 2
266 52
267 174
267 237
267 36
268 261
268 0
268 16
269 76
269 180
269 35
270 90
270 60
270 246
271 258
271 67
271 31
272 32
272 198
272 134
273 80
273 51
273 0
274 246
274 141
274 2
275 83
275 194
275 3
276 19
276 214
276 30
277 34
277 98
277 85
278 112
278 2
278 95
279 140
279 213
279 114
280 244
280 8
280 104
281 169
281 94
281 88
282 168
282 7
282 66
283 180
283 35
283 131
284 264
284 7
284 24
285 0
285 30
285 66
286 24
286 213
286 179
287 142
287 46
287 26
288 176
288 11
288 257
289 263
289 0
289 2
290 11
290 78
290 104
291 57
291 64
291 178
292 106
292 224
292 179
293 6
293 50
293 276
294 7
294 199
294 86
295 30
295 51
295 11
296 15
296 0
296 146
297 2
297 16
297 198
298 26
298 23
298 40
299 67
299 174
299 24
300 9
300 260
300 150
301 3
301 9
301 159
302 220
302 59
302 125
303 103
303 238
303 150
304 167
304 189
304 90
305 231
305 31
305 179
306 301
306 210
306 69
307 194
307 0
307 74
308 286
308 210
308 172
309 248
309 13
309 1
310 77
310 5
310 66
311 2
311 32
311 142
312 98
312 140
312 41
313 18
313 57
313 1
314 213
314 7
314 246
315 4
315 25
315 272
316 0
316 38
316 303
317 23
317 41
317 66
318 34
318 0
318 176
319 215
319 286
319 303
320 20
320 4
320 111
321 8
321 103
321 1
322 49
322 181
322 189
323 47
323 66
323 69
324 146
324 67
324 238
325 167
325 165
325 40
326 39
326 177
326 19
327 73
327 18
327 2
328 179
328 68
328 52
329 6
329 40
329 245
330 244
330 36
330 49
331 49
331 4
331 113
332 150
332 33
332 253
333 165
333 4
333 14
334 99
334 261
334 183
335 147
335 213
335 72
336 127
336 52
336 47
337 189
337 47
337 154
338 14
338 190
338 182
339 77
339 160
339 194
340 198
340 4
340 139
341 38
341 328
341 130
342 14
342 138
342 39
343 0
343 55
343 233
344 156
344 70
344 15
345 30
345 6
345 24
346 223
346 61
346 0
347 66
347 11
347 175
348 23
348 55
348 320
349 243
349 88
349 128
350 274
350 213
350 2
351 162
351 84
351 61
352 112
352 30
352 179
353 66
353 24
353 34
354 2
354 109
354 324
355 2
355 55
355 42
356 19
356 40
356 335
357 121
357 6
357 280
358 0
358 26
358 76
359 124
359 132
359 280
360 0
360 17
360 314
361 2
361 174
361 37
362 157
362 63
362 68
363 16
363 64
363 67
364 51
364 122
364 5
365 4
365 0
365 285
366 136
366 258
366 2
367 26
367 222
367 44
368 98
368 342
368 182
369 257
369 75
369 125
370 127
370 296
370 70
371 311
371 265
371 176
372 12
372 299
372 301
373 326
373 2
373 266
374 179
374 141
374 17
375 84
375 12
375 303
376 1
376 52
376 0
377 335
377 11
377 2
378 231
378 291
378 67
379 289
379 294
379 0
380 348
380 16
380 40
381 12
381 31
381 197
382 8
382 66
382 112
383 350
383 376
383 32
384 276
384 224
384 114
385 54
385 80
385 12
386 131
386 116
386 2
387 273
387 82
387 199
388 99
388 3
388 14
389 54
389 40
389 50
390 42
390 1
390 167
391 280
391 383
391 66
392 232
392 184
392 376
393 257
393 198
393 1
394 14
394 20
394 73
395 1
395 57
395 281
396 317
396 354
396 231
397 131
397 13
397 345
398 100
398 110
398 31
399 19
399 97
399 221
400 12
400 290
400 210
401 39
401 76
401 18
402 40
402 238
402 276
403 81
403 54
403 71
404 120
404 9
404 270
405 122
405 32
405 143
406 68
406 86
406 107
407 19
407 23
407 92
408 358
408 2
408 257
409 200
409 310
409 14
410 26
410 40
410 2
411 167
411 57
411 260
412 4
412 75
412 193
413 2
413 180
413 113
414 46
414 155
414 198
415 322
415 11
415 179
416 28
416 69
416 0
417 94
417 298
417 189
418 403
418 297
418 75
419 11
419 52
419 4
420 337
420 156
420 172
421 49
421 6
421 56
422 18
422 105
422 145
423 63
423 165
423 240
424 66
424 385
424 245
425 416
425 50
425 157
426 320
426 333
426 49
427 34
427 32
427 12
428 2
428 239
428 5
429 320
429 251
429 256
430 35
430 2
430 116
431 46
431 245
431 350
432 208
432 147
432 235
433 14
433 1
433 372
434 128
434 244
434 2
435 61
435 310
435 97
436 4
436 0
436 79
437 46
437 14
437 66
438 360
438 378
438 2
439 95
439 192
439 209
440 8
440 94
440 343
441 70
441 257
441 425
442 341
442 173
442 272
443 403
443 249
443 373
444 389
444 5
444 7
445 72
445 119
445 189
446 425
446 70
446 261
447 70
447 45
447 7
448 223
448 296
448 54
449 255
449 244
449 272
450 2
450 261
450 26
451 94
451 276
451 215
452 239
452 30
452 100
453 40
453 227
453 9
454 253
454 214
454 264
455 49
455 346
455 47
456 2
456 328
456 24
457 161
457 364
457 18
458 0
458 87
458 46
459 167
459 12
459 172
460 225
460 100
460 11
461 120
461 369
461 147
462 137
462 45
462 17
463 268
463 85
463 237
464 400
464 172
464 293
465 350
465 227
465 298
466 141
466 99
466 78
467 446
467 67
467 8
468 52
468 21
468 372
469 8
469 315
469 364
470 40
470 398
470 2
471 137
471 381
471 5
472 2
472 202
472 40
473 17
473 48
473 1
474 285
474 179
474 73
475 466
475 60
475 75
476 400
476 436
476 42
477 63
477 105
477 40
478 147
478 7
478 65
479 339
479 158
479 123
480 14
480 15
480 24
481 31
481 22
481 133
482 368
482 40
482 385
483 165
483 394
483 452
484 134
484 131
484 354
485 316
485 160
485 251
486 72
486 146
486 14
487 0
487 44
487 132
488 215
488 163
488 419
489 320
489 138
489 9
490 41
490 13
490 350
491 164
491 35
491 131
492 98
492 428
492 67
493 22
493 7
493 406
494 8
494 366
494 336
495 15
495 0
495 2
496 26
496 251
496 51
497 232
497 348
497 350
498 402
498 40
498 133
499 414
499 234
499 128
