0 1
0 2
1 0
1 2
2 0
2 1
3 1
3 2
3 0
4 3
4 0
4 2
5 1
5 4
5 0
6 0
6 3
6 2
7 5
7 3
7 2
8 3
8 0
8 1
9 5
9 6
9 7
10 6
10 0
10 7
11 3
11 2
11 6
12 11
12 6
12 8
13 3
13 1
13 5
14 0
14 3
14 6
15 6
15 3
15 1
16 1
16 7
16 10
17 4
17 6
17 5
18 11
18 14
18 10
19 10
19 0
19 1
20 8
20 13
20 3
21 15
21 1
21 2
22 4
22 2
22 3
23 13
23 20
23 2
24 20
24 1
24 4
25 12
25 10
25 11
26 19
26 3
26 0
27 14
27 5
27 1
28 13
28 20
28 3
29 20
29 7
29 10
30 2
30 27
30 0
31 0
31 3
31 6
32 3
32 28
32 25
33 13
33 0
33 6
34 6
34 20
34 25
35 13
35 6
35 25
36 14
36 25
36 24
37 26
37 15
37 0
38 2
38 4
38 12
39 7
39 36
39 15
40 13
40 19
40 26
41 13
41 3
41 30
42 0
42 4
42 11
43 24
43 31
43 27
44 6
44 11
44 30
45 24
45 25
45 1
46 43
46 3
46 21
47 11
47 19
47 28
48 35
48 0
48 3
49 0
49 39
49 15
50 43
50 3
50 0
51 34
51 3
51 0
52 6
52 15
52 40
53 2
53 14
53 30
54 3
54 31
54 0
55 23
55 3
55 2
56 25
56 6
56 8
57 6
57 24
57 11
58 0
58 33
58 44
59 49
59 30
59 56
60 6
60 1
60 15
61 0
61 14
61 3
62 3
62 44
62 43
63 5
63 51
63 12
64 10
64 48
64 31
65 40
65 24
65 31
66 11
66 2
66 6
67 11
67 1
67 7
68 6
68 1
68 10
69 26
69 20
69 64
70 37
70 40
70 4
71 6
71 22
71 14
72 10
72 31
72 7
73 17
73 1
73 45
74 68
74 32
74 3
75 43
75 0
75 14
76 66
76 5
76 19
77 58
77 7
77 20
78 14
78 44
78 64
79 47
79 11
79 30
80 6
80 71
80 72
81 36
81 54
81 2
82 29
82 5
82 1
83 0
83 46
83 48
84 11
84 2
84 38
85 34
85 39
85 3
86 62
86 74
86 6
87 85
87 11
87 4
88 51
88 2
88 77
89 11
89 33
89 4
90 14
90 3
90 43
91 9
91 24
91 2
92 74
92 8
92 5
93 64
93 67
93 6
94 70
94 87
94 90
95 27
95 43
95 17
96 0
96 18
96 88
97 27
97 4
97 66
98 20
98 52
98 44
99 30
99 40
99 6
100 90
100 51
100 6
101 85
101 80
101 30
102 37
102 20
102 58
103 95
103 6
103 5
104 67
104 95
104 44
105 6
105 11
105 50
106 13
106 2
106 20
107 36
107 41
107 1
108 0
108 74
108 32
109 18
109 84
109 24
110 14
110 75
110 5
111 106
111 36
111 3
112 48
112 56
112 30
113 24
113 1
113 3
114 50
114 4
114 10
115 108
115 11
115 23
116 83
116 21
116 38
117 3
117 4
117 9
118 6
118 12
118 32
119 88
119 40
119 51
120 3
120 37
120 111
121 74
121 42
121 41
122 13
122 42
122 9
123 1
123 6
123 14
124 101
124 61
124 59
125 114
125 11
125 9
126 0
126 33
126 20
127 39
127 19
127 37
128 5
128 19
128 117
129 51
129 53
129 30
130 103
130 37
130 74
131 32
131 2
131 109
132 14
132 36
132 74
133 20
133 11
133 107
134 95
134 67
134 127
135 44
135 121
135 107
136 123
136 133
136 70
137 11
137 19
137 105
138 107
138 1
138 34
139 11
139 113
139 4
140 123
140 3
140 55
141 96
141 6
141 0
142 106
142 13
142 81
143 70
143 43
143 12
144 86
144 8
144 0
145 31
145 118
145 71
146 3
146 14
146 74
147 75
147 56
147 83
148 51
148 58
148 10
149 7
149 40
149 2
150 14
150 17
150 3
151 123
151 130
151 21
152 132
152 122
152 32
153 145
153 43
153 39
154 103
154 16
154 30
155 54
155 12
155 104
156 55
156 58
156 8
157 2
157 39
157 11
158 2
158 100
158 127
159 103
159 44
159 9
160 3
160 88
160 16
161 0
161 64
161 45
162 7
162 95
162 1
163 160
163 51
163 127
164 10
164 32
164 64
165 1
165 160
165 30
166 2
166 92
166 82
167 0
167 90
167 116
168 3
168 132
168 7
169 107
169 14
169 16
170 58
170 52
170 60
171 41
171 165
171 30
172 129
172 10
172 5
173 6
173 115
173 18
174 3
174 85
174 22
175 15
175 1
175 61
176 32
176 5
176 0
177 154
177 7
177 116
178 38
178 70
178 103
179 168
179 49
179 2
180 41
180 3
180 14
181 107
181 54
181 128
182 6
182 43
182 105
183 145
183 15
183 34
184 44
184 134
184 95
185 60
185 90
185 149
186 61
186 3
186 13
187 159
187 22
187 58
188 1
188 10
188 49
189 123
189 177
189 107
190 30
190 152
190 0
191 14
191 69
191 51
192 75
192 22
192 0
193 31
193 30
193 6
194 20
194 1
194 5
195 47
195 38
195 129
196 122
196 34
196 141
197 70
197 190
197 60
198 11
198 195
198 32
199 81
199 97
199 12
200 145
200 28
200 8
201 2
201 0
201 92
202 21
202 77
202 191
203 31
203 7
203 34
204 26
204 46
204 34
205 171
205 154
205 189
206 70
206 61
206 8
207 164
207 0
207 181
208 4
208 198
208 1
209 105
209 70
209 199
210 70
210 0
210 198
211 130
211 80
211 192
212 14
212 98
212 11
213 114
213 0
213 31
214 43
214 26
214 51
215 139
215 130
215 30
216 31
216 20
216 71
217 130
217 212
217 116
218 3
218 0
218 189
219 131
219 167
219 161
220 77
220 14
220 83
221 131
221 14
221 143
222 41
222 92
222 4
223 192
223 159
223 146
224 10
224 2
224 74
225 28
225 210
225 14
226 192
226 59
226 222
227 129
227 197
227 5
228 11
228 6
228 31
229 0
229 192
229 6
230 116
230 229
230 1
231 75
231 7
231 11
232 75
232 23
232 4
233 27
233 105
233 149
234 13
234 2
234 34
235 13
235 86
235 116
236 219
236 97
236 80
237 175
237 61
237 36
238 26
238 0
238 139
239 2
239 55
239 159
240 11
240 48
240 41
241 67
241 173
241 0
242 68
242 64
242 116
243 67
243 83
243 44
244 198
244 13
244 131
245 19
245 35
245 87
246 54
246 16
246 88
247 105
247 74
247 5
248 18
248 153
248 117
249 14
249 27
249 171
250 160
250 230
250 175
251 147
251 181
251 86
252 28
252 164
252 18
253 99
253 225
253 145
254 5
254 105
254 1
255 58
255 2
255 158
256 0
256 5
256 22
257 32
257 103
257 20
258 140
258 132
258 250
259 15
259 14
259 80
260 3
260 240
260 44
261 14
261 152
261 259
262 3
262 7
262 0
263 20
263 229
263 4
264 14
264 15
264 31
265 42
265 18
265 232
266 86
266 51
266 22
267 52
267 34
267 2
268 13
268 9
268 88
269 112
269 48
269 242
270 164
270 44
270 135
271 187
271 6
271 81
272 165
272 192
272 88
273 2
273 200
273 92
274 20
274 181
274 217
275 16
275 2
275 192
276 171
276 153
276 191
277 230
277 253
277 174
278 163
278 3
278 13
279 195
279 3
279 20
280 278
280 221
280 1
281 20
281 0
281 219
282 6
282 232
282 107
283 3
283 268
283 68
284 253
284 35
284 50
285 248
285 43
285 274
286 109
286 70
286 40
287 103
287 22
287 36
288 14
288 3
288 160
289 114
289 244
289 192
290 266
290 115
290 88
291 9
291 256
291 109
292 64
292 107
292 31
293 87
293 149
293 51
294 2
294 40
294 123
295 2
295 22
295 14
296 140
296 18
296 201
297 35
297 258
297 65
298 98
298 92
298 3
299 292
299 2
299 191
300 298
300 268
300 153
301 159
301 153
301 183
302 0
302 77
302 147
303 41
303 12
303 3
304 220
304 239
304 176
305 18
305 23
305 22
306 3
306 17
306 149
307 64
307 56
307 3
308 1
308 58
308 85
309 209
309 6
309 124
310 295
310 14
310 0
311 70
311 208
311 37
312 4
312 178
312 11
313 214
313 150
313 67
314 216
314 37
314 146
315 20
315 85
315 179
316 99
316 228
316 1
317 163
317 11
317 123
318 40
318 257
318 214
319 157
319 38
319 36
320 244
320 67
320 36
321 131
321 29
321 202
322 5
322 15
322 295
323 3
323 74
323 214
324 127
324 39
324 103
325 28
325 240
325 256
326 299
326 121
326 5
327 306
327 101
327 11
328 232
328 87
328 20
329 279
329 105
329 133
330 209
330 139
330 322
331 39
331 293
331 118
332 159
332 23
332 6
333 3
333 126
333 105
334 43
334 125
334 265
335 314
335 260
335 103
336 154
336 256
336 217
337 254
337 2
337 106
338 164
338 82
338 153
339 89
339 12
339 1
340 6
340 49
340 314
341 340
341 3
341 164
342 1
342 223
342 89
343 132
343 11
343 54
344 74
344 195
344 223
345 90
345 266
345 3
346 34
346 310
346 31
347 0
347 7
347 255
348 20
348 90
348 202
349 0
349 145
349 176
350 22
350 129
350 103
351 197
351 57
351 6
352 107
352 65
352 6
353 252
353 26
353 31
354 281
354 221
354 37
355 158
355 18
355 22
356 5
356 67
356 101
357 125
357 7
357 48
358 97
358 246
358 233
359 305
359 121
359 145
360 11
360 16
360 305
361 251
361 36
361 188
362 145
362 225
362 5
363 50
363 19
363 31
364 9
364 181
364 8
365 86
365 124
365 63
366 95
366 295
366 13
367 286
367 346
367 10
368 13
368 292
368 55
369 353
369 13
369 4
370 196
370 356
370 214
371 212
371 19
371 229
372 109
372 368
372 5
373 118
373 52
373 232
374 89
374 27
374 187
375 105
375 34
375 276
376 64
376 70
376 0
377 15
377 177
377 158
378 117
378 38
378 354
379 33
379 148
379 195
380 152
380 51
380 85
381 203
381 144
381 153
382 315
382 267
382 166
383 281
383 134
383 77
384 8
384 107
384 210
385 18
385 64
385 55
386 67
386 2
386 89
387 45
387 308
387 347
388 3
388 145
388 51
389 229
389 331
389 0
390 219
390 2
390 209
391 76
391 70
391 231
392 3
392 67
392 6
393 386
393 16
393 57
394 202
394 25
394 145
395 142
395 40
395 5
396 87
396 381
396 160
397 34
397 366
397 233
398 42
398 27
398 363
399 23
399 356
399 249
400 222
400 153
400 88
401 41
401 15
401 143
402 92
402 6
402 369
403 193
403 303
403 11
404 255
404 17
404 35
405 299
405 291
405 6
406 3
406 127
406 51
407 123
407 180
407 187
408 49
408 47
408 133
409 77
409 189
409 61
410 3
410 27
410 43
411 301
411 49
411 43
412 374
412 103
412 207
413 134
413 36
413 67
414 2
414 271
414 1
415 253
415 273
415 40
416 321
416 117
416 91
417 14
417 24
417 253
418 30
418 315
418 115
419 77
419 281
419 2
420 107
420 148
420 133
421 279
421 98
421 369
422 143
422 378
422 43
423 0
423 254
423 142
424 85
424 128
424 2
425 331
425 20
425 0
426 313
426 181
426 240
427 20
427 32
427 202
428 164
428 289
428 140
429 2
429 116
429 77
430 11
430 3
430 232
431 61
431 346
431 228
432 163
432 270
432 372
433 237
433 23
433 316
434 220
434 6
434 200
435 273
435 375
435 412
436 428
436 36
436 6
437 64
437 394
437 101
438 70
438 0
438 189
439 239
439 8
439 92
440 195
440 413
440 255
441 199
441 0
441 403
442 105
442 129
442 281
443 0
443 202
443 62
444 7
444 330
444 274
445 88
445 374
445 3
446 5
446 40
446 50
447 197
447 0
447 164
448 14
448 2
448 235
449 72
449 58
449 198
450 2
450 14
450 173
451 28
451 23
451 306
452 41
452 146
452 251
453 313
453 335
453 120
454 253
454 444
454 57
455 3
455 44
455 141
456 256
456 31
456 366
457 161
457 3
457 382
458 196
458 147
458 262
459 1
459 7
459 27
460 106
460 180
460 5
461 14
461 116
461 16
462 95
462 2
462 350
463 240
463 193
463 225
464 297
464 313
464 49
465 345
465 7
465 125
466 6
466 242
466 61
467 171
467 335
467 371
468 296
468 2
468 187
469 36
469 219
469 404
470 5
470 133
470 19
471 320
471 9
471 2
472 171
472 69
472 183
473 188
473 191
473 306
474 19
474 221
474 306
475 5
475 18
475 394
476 444
476 336
476 52
477 447
477 20
477 11
478 14
478 362
478 12
479 301
479 383
479 376
480 331
480 415
480 141
481 74
481 97
481 176
482 68
482 189
482 237
483 80
483 237
483 208
484 400
484 342
484 44
485 220
485 132
485 111
486 181
486 456
486 21
487 133
487 440
487 47
488 144
488 3
488 274
489 287
489 331
489 7
490 74
490 59
490 83
491 19
491 67
491 185
492 9
492 314
492 167
493 253
493 88
493 130
494 378
494 77
494 67
495 458
495 432
495 176
496 380
496 213
496 46
497 293
497 130
497 390
498 295
498 11
498 87
499 174
499 405
499 1
