0 1
1 0
2 0
2 1
3 2
3 0
3 1
4 0
4 1
4 2
5 3
5 0
5 2
6 1
6 3
6 0
7 3
7 0
7 2
8 1
8 2
8 4
9 8
9 1
9 7
10 8
10 2
10 0
11 1
11 6
11 8
12 11
12 5
12 1
13 0
13 11
13 7
14 0
14 3
14 9
15 8
15 4
15 6
16 6
16 8
16 4
17 7
17 3
17 8
18 8
18 0
18 13
19 6
19 0
19 10
20 4
20 3
20 8
21 6
21 2
21 3
22 0
22 11
22 19
23 4
23 2
23 17
24 11
24 9
24 7
25 0
25 24
25 19
26 8
26 13
26 0
27 11
27 0
27 3
28 11
28 9
28 6
29 0
29 7
29 21
30 6
30 11
30 21
31 8
31 4
31 17
32 7
32 1
32 15
33 8
33 3
33 5
34 0
34 32
34 21
35 3
35 8
35 0
36 0
36 20
36 2
37 16
37 34
37 14
38 5
38 33
38 0
39 4
39 16
39 25
40 16
40 0
40 6
41 2
41 13
41 30
42 18
42 3
42 7
43 6
43 0
43 5
44 16
44 7
44 11
45 3
45 39
45 19
46 0
46 4
46 6
47 24
47 0
47 7
48 24
48 2
48 0
49 48
49 4
49 17
50 24
50 49
50 33
51 38
51 20
51 16
52 6
52 33
52 11
53 11
53 6
53 35
54 3
54 1
54 19
55 21
55 46
55 22
56 3
56 36
56 0
57 21
57 25
57 42
58 19
58 4
58 8
59 4
59 8
59 0
60 46
60 7
60 27
61 3
61 2
61 35
62 34
62 20
62 42
63 4
63 25
63 3
64 40
64 5
64 47
65 19
65 4
65 22
66 63
66 11
66 60
67 2
67 37
67 3
68 46
68 11
68 33
69 1
69 5
69 14
70 42
70 16
70 0
71 8
71 16
71 0
72 44
72 11
72 0
73 8
73 5
73 11
74 3
74 33
74 38
75 24
75 19
75 1
76 2
76 20
76 16
77 60
77 8
77 31
78 25
78 13
78 11
79 0
79 49
79 74
80 7
80 78
80 29
81 16
81 62
81 4
82 19
82 27
82 25
83 33
83 29
83 72
84 4
84 55
84 3
85 8
85 1
85 73
86 8
86 16
86 46
87 21
87 0
87 19
88 16
88 62
88 2
89 7
89 16
89 36
90 7
90 19
90 68
91 66
91 11
91 2
92 39
92 76
92 21
93 61
93 11
93 40
94 20
94 0
94 54
95 0
95 25
95 78
96 6
96 16
96 9
97 57
97 6
97 30
98 2
98 71
98 53
99 20
99 0
99 12
