0 1
0 2
1 0
1 2
2 1
2 0
3 2
3 0
3 1
4 0
4 1
4 2
5 0
5 1
5 3
6 0
6 2
6 3
7 1
7 5
7 2
8 6
8 0
8 4
9 0
9 7
9 6
10 3
10 0
10 8
11 2
11 1
11 10
12 6
12 0
12 2
13 5
13 0
13 9
14 0
14 6
14 7
15 4
15 1
15 7
16 0
16 7
16 1
17 7
17 0
17 2
18 1
18 6
18 9
19 6
19 7
19 2
20 4
20 0
20 7
21 0
21 1
21 7
22 4
22 21
22 6
23 6
23 0
23 2
24 21
24 4
24 0
25 6
25 0
25 7
26 22
26 6
26 25
27 15
27 1
27 0
28 1
28 16
28 0
29 9
29 17
29 2
30 6
30 1
30 23
31 0
31 17
31 2
32 4
32 2
32 0
33 5
33 25
33 6
34 14
34 3
34 0
35 28
35 2
35 7
36 10
36 11
36 7
37 5
37 2
37 7
38 7
38 4
38 10
39 22
39 1
39 0
40 26
40 16
40 4
41 11
41 33
41 30
42 7
42 1
42 35
43 17
43 0
43 8
44 2
44 28
44 10
45 6
45 31
45 10
46 11
46 0
46 17
47 44
47 30
47 22
48 7
48 0
48 32
49 12
49 23
49 14
