0 1
1 0
2 0
2 1
3 1
3 0
3 2
4 2
4 1
4 0
5 0
5 3
5 1
6 1
6 3
6 4
7 5
7 0
7 1
8 6
8 1
8 2
9 6
9 7
9 1
10 3
10 7
10 6
11 8
11 10
11 3
12 3
12 7
12 2
13 5
13 11
13 0
14 1
14 7
14 11
15 12
15 0
15 10
16 4
16 5
16 9
17 11
17 2
17 3
18 3
18 0
18 4
19 11
19 3
19 7
20 1
20 10
20 9
21 0
21 3
21 15
22 3
22 4
22 1
23 0
23 12
23 6
24 10
24 6
24 2
25 6
25 19
25 4
26 0
26 22
26 15
27 3
27 4
27 11
28 21
28 0
28 4
29 26
29 3
29 1
30 14
30 5
30 21
31 6
31 19
31 9
32 11
32 4
32 27
33 17
33 9
33 0
34 15
34 28
34 11
35 11
35 6
35 20
36 3
36 7
36 35
37 7
37 19
37 0
38 4
38 31
38 17
39 17
39 9
39 4
40 11
40 3
40 1
41 19
41 1
41 21
42 38
42 26
42 41
43 5
43 28
43 1
44 21
44 33
44 17
45 31
45 23
45 0
46 26
46 18
46 19
47 22
47 0
47 3
48 2
48 19
48 23
49 27
49 0
49 9
50 6
50 1
50 33
51 40
51 11
51 0
52 0
52 17
52 21
53 9
53 0
53 12
54 26
54 11
54 1
55 22
55 0
55 36
56 19
56 21
56 3
57 0
57 26
57 42
58 25
58 11
58 21
59 7
59 3
59 15
60 26
60 55
60 10
61 45
61 50
61 15
62 14
62 31
62 0
63 46
63 15
63 42
64 11
64 3
64 4
65 21
65 7
65 32
66 27
66 10
66 62
67 7
67 20
67 19
68 1
68 35
68 0
69 21
69 11
69 15
70 1
70 2
70 6
71 1
71 27
71 45
72 31
72 46
72 19
73 29
73 43
73 59
74 11
74 18
74 13
75 50
75 15
75 3
76 11
76 29
76 1
77 7
77 3
77 0
78 43
78 19
78 9
79 5
79 17
79 2
80 11
80 3
80 56
81 1
81 21
81 46
82 1
82 19
82 7
83 10
83 19
83 4
84 0
84 11
84 1
85 42
85 33
85 22
86 66
86 10
86 6
87 80
87 5
87 14
88 17
88 80
88 25
89 19
89 18
89 58
90 27
90 0
90 78
91 27
91 22
91 60
92 0
92 4
92 19
93 0
93 74
93 86
94 71
94 15
94 4
95 12
95 6
95 87
96 19
96 1
96 33
97 11
97 20
97 7
98 55
98 66
98 7
99 95
99 10
99 1
