0 1
1 0
2 1
2 0
3 1
3 0
3 2
4 0
4 3
4 2
5 2
5 0
5 1
6 2
6 1
6 4
7 1
7 4
7 5
8 1
8 2
8 7
9 0
9 6
9 1
10 8
10 0
10 1
11 10
11 1
11 5
12 1
12 0
12 8
13 3
13 8
13 1
14 1
14 0
14 4
15 12
15 2
15 1
16 3
16 2
16 0
17 1
17 5
17 8
18 1
18 12
18 10
19 1
19 8
19 0
20 4
20 0
20 19
21 1
21 0
21 4
22 1
22 4
22 2
23 5
23 2
23 18
24 10
24 17
24 9
25 20
25 23
25 10
26 4
26 10
26 13
27 1
27 25
27 7
28 8
28 3
28 24
29 0
29 13
29 1
30 2
30 0
30 6
31 3
31 22
31 26
32 18
32 0
32 22
33 0
33 5
33 19
34 16
34 5
34 18
35 17
35 3
35 9
36 9
36 25
36 1
37 5
37 2
37 1
38 26
38 12
38 23
39 0
39 4
39 1
40 2
40 3
40 4
41 35
41 38
41 2
42 36
42 2
42 11
43 7
43 33
43 2
44 25
44 11
44 20
45 1
45 8
45 41
46 9
46 0
46 20
47 35
47 11
47 25
48 0
48 18
48 1
49 22
49 2
49 45
50 17
50 4
50 9
51 0
51 35
51 4
52 1
52 9
52 45
53 41
53 11
53 1
54 4
54 2
54 8
55 53
55 17
55 38
56 29
56 34
56 0
57 35
57 1
57 0
58 37
58 49
58 10
59 1
59 12
59 5
60 50
60 26
60 29
61 36
61 0
61 45
62 25
62 20
62 4
63 53
63 39
63 51
64 53
64 35
64 18
65 32
65 10
65 2
66 46
66 64
66 41
67 36
67 5
67 41
68 1
68 2
68 26
69 0
69 19
69 22
70 24
70 20
70 65
71 49
71 6
71 1
72 25
72 54
72 32
73 2
73 4
73 0
74 53
74 22
74 57
75 22
75 7
75 10
76 10
76 44
76 20
77 5
77 3
77 51
78 17
78 10
78 2
79 1
79 9
79 67
80 76
80 8
80 41
81 40
81 0
81 36
82 80
82 38
82 3
83 26
83 67
83 5
84 2
84 74
84 46
85 63
85 20
85 45
86 1
86 12
86 36
87 59
87 53
87 45
88 2
88 0
88 26
89 81
89 60
89 64
90 41
90 20
90 61
91 47
91 1
91 10
92 80
92 53
92 23
93 2
93 23
93 64
94 63
94 81
94 46
95 41
95 53
95 85
96 83
96 38
96 50
97 16
97 5
97 51
98 28
98 65
98 67
99 87
99 6
99 34
100 71
100 41
100 1
101 4
101 8
101 85
102 8
102 95
102 56
103 25
103 4
103 30
104 46
104 45
104 93
105 5
105 18
105 32
106 16
106 38
106 59
107 9
107 30
107 101
108 29
108 16
108 32
109 12
109 83
109 62
110 76
110 34
110 1
111 13
111 4
111 71
112 74
112 16
112 46
113 28
113 79
113 17
114 44
114 55
114 37
115 14
115 1
115 0
116 95
116 82
116 36
117 56
117 1
117 5
118 47
118 12
118 105
119 6
119 44
119 90
120 109
120 32
120 36
121 46
121 37
121 1
122 5
122 4
122 110
123 23
123 2
123 79
124 80
124 0
124 21
125 56
125 22
125 0
126 2
126 36
126 88
127 0
127 10
127 88
128 6
128 5
128 116
129 2
129 71
129 122
130 75
130 64
130 21
131 93
131 76
131 35
132 89
132 17
132 111
133 59
133 4
133 35
134 11
134 75
134 3
135 2
135 25
135 45
136 5
136 17
136 80
137 131
137 1
137 8
138 89
138 83
138 56
139 12
139 1
139 96
140 109
140 89
140 91
141 30
141 51
141 24
142 53
142 118
142 95
143 79
143 59
143 23
144 47
144 2
144 37
145 143
145 1
145 18
146 41
146 63
146 18
147 4
147 101
147 109
148 1
148 10
148 67
149 38
149 36
149 118
150 2
150 103
150 14
151 131
151 16
151 1
152 15
152 35
152 10
153 80
153 4
153 25
154 84
154 85
154 145
155 79
155 6
155 55
156 16
156 9
156 8
157 98
157 143
157 107
158 41
158 62
158 1
159 17
159 35
159 32
160 145
160 3
160 4
161 1
161 95
161 25
162 93
162 128
162 64
163 8
163 81
163 12
164 5
164 41
164 3
165 5
165 95
165 22
166 0
166 28
166 44
167 67
167 1
167 79
168 101
168 17
168 87
169 83
169 154
169 159
170 3
170 107
170 112
171 157
171 32
171 20
172 163
172 8
172 44
173 44
173 85
173 40
174 81
174 172
174 19
175 20
175 18
175 45
176 2
176 49
176 112
177 66
177 5
177 41
178 21
178 16
178 12
179 138
179 38
179 36
180 119
180 11
180 14
181 28
181 10
181 38
182 85
182 45
182 63
183 136
183 72
183 118
184 4
184 100
184 131
185 12
185 79
185 2
186 117
186 104
186 184
187 24
187 114
187 180
188 152
188 47
188 29
189 82
189 41
189 1
190 42
190 149
190 186
191 153
191 34
191 83
192 109
192 94
192 143
193 5
193 103
193 51
194 4
194 32
194 23
195 17
195 34
195 4
196 1
196 127
196 40
197 193
197 37
197 7
198 0
198 84
198 109
199 23
199 6
199 2
200 20
200 108
200 77
201 114
201 71
201 1
202 198
202 55
202 201
203 1
203 97
203 4
204 53
204 156
204 38
205 201
205 24
205 22
206 134
206 2
206 101
207 18
207 24
207 2
208 12
208 10
208 20
209 95
209 40
209 2
210 86
210 44
210 74
211 67
211 10
211 55
212 105
212 1
212 9
213 0
213 139
213 144
214 113
214 47
214 175
215 64
215 182
215 171
216 6
216 14
216 79
217 184
217 51
217 111
218 94
218 22
218 7
219 0
219 35
219 25
220 19
220 89
220 217
221 201
221 101
221 8
222 122
222 4
222 97
223 53
223 1
223 143
224 20
224 143
224 53
225 190
225 76
225 121
226 128
226 89
226 16
227 30
227 139
227 76
228 170
228 128
228 122
229 200
229 48
229 201
230 30
230 213
230 12
231 5
231 12
231 9
232 56
232 5
232 72
233 40
233 114
233 177
234 89
234 24
234 4
235 89
235 41
235 108
236 129
236 40
236 102
237 14
237 159
237 195
238 2
238 3
238 83
239 188
239 32
239 45
240 2
240 45
240 48
241 178
241 24
241 106
242 8
242 0
242 175
243 155
243 165
243 149
244 143
244 4
244 38
245 66
245 97
245 88
246 3
246 105
246 10
247 210
247 163
247 131
248 225
248 27
248 7
249 1
249 42
249 32
250 42
250 124
250 104
251 15
251 115
251 120
252 16
252 26
252 62
253 38
253 37
253 4
254 57
254 101
254 10
255 32
255 88
255 175
256 86
256 2
256 15
257 115
257 245
257 4
258 150
258 188
258 25
259 65
259 28
259 19
260 45
260 55
260 12
261 229
261 104
261 23
262 124
262 5
262 71
263 29
263 239
263 81
264 16
264 174
264 147
265 178
265 7
265 207
266 187
266 1
266 54
267 0
267 165
267 12
268 44
268 199
268 38
269 134
269 12
269 98
270 127
270 30
270 1
271 8
271 45
271 42
272 83
272 135
272 2
273 14
273 35
273 192
274 0
274 12
274 37
275 194
275 162
275 11
276 261
276 156
276 0
277 17
277 65
277 100
278 267
278 74
278 1
279 35
279 107
279 140
280 117
280 162
280 12
281 118
281 14
281 137
282 129
282 46
282 17
283 3
283 53
283 9
284 172
284 56
284 152
285 4
285 9
285 30
286 175
286 37
286 194
287 8
287 241
287 69
288 79
288 135
288 10
289 234
289 37
289 69
290 101
290 69
290 57
291 219
291 174
291 1
292 2
292 101
292 116
293 30
293 4
293 137
294 96
294 16
294 24
295 33
295 172
295 69
296 283
296 274
296 137
297 36
297 44
297 118
298 246
298 182
298 57
299 12
299 126
299 28
300 159
300 36
300 101
301 118
301 21
301 200
302 3
302 112
302 280
303 69
303 41
303 190
304 246
304 228
304 119
305 8
305 2
305 194
306 8
306 2
306 114
307 172
307 12
307 45
308 10
308 112
308 8
309 3
309 46
309 119
310 41
310 53
310 44
311 165
311 29
311 176
312 149
312 2
312 4
313 201
313 70
313 66
314 10
314 32
314 192
315 108
315 103
315 46
316 95
316 273
316 84
317 2
317 132
317 41
318 260
318 304
318 79
319 38
319 136
319 301
320 200
320 38
320 127
321 317
321 0
321 74
322 273
322 64
322 127
323 135
323 16
323 139
324 0
324 239
324 37
325 45
325 19
325 46
326 62
326 47
326 109
327 18
327 35
327 250
328 131
328 235
328 41
329 107
329 0
329 2
330 45
330 28
330 39
331 40
331 155
331 74
332 20
332 17
332 177
333 15
333 17
333 1
334 238
334 227
334 114
335 207
335 331
335 231
336 40
336 87
336 184
337 102
337 193
337 103
338 134
338 2
338 189
339 171
339 265
339 69
340 119
340 8
340 272
341 33
341 218
341 321
342 78
342 12
342 8
343 94
343 95
343 2
344 104
344 40
344 46
345 10
345 290
345 145
346 128
346 16
346 161
347 122
347 117
347 137
348 284
348 72
348 1
349 57
349 250
349 183
350 134
350 265
350 4
351 203
351 0
351 16
352 150
352 94
352 71
353 172
353 40
353 202
354 47
354 241
354 18
355 303
355 215
355 108
356 198
356 137
356 1
357 306
357 1
357 64
358 277
358 37
358 5
359 95
359 8
359 2
360 346
360 355
360 1
361 198
361 321
361 146
362 45
362 104
362 227
363 284
363 3
363 317
364 8
364 10
364 2
365 8
365 308
365 113
366 5
366 38
366 249
367 301
367 46
367 62
368 0
368 6
368 269
369 3
369 11
369 34
370 28
370 41
370 1
371 365
371 190
371 198
372 47
372 102
372 41
373 142
373 294
373 35
374 0
374 273
374 154
375 130
375 198
375 272
376 229
376 13
376 206
377 148
377 334
377 149
378 43
378 193
378 332
379 352
379 38
379 52
380 242
380 1
380 163
381 0
381 176
381 326
382 53
382 97
382 162
383 2
383 284
383 199
384 307
384 62
384 20
385 4
385 38
385 93
386 105
386 25
386 267
387 79
387 21
387 108
388 169
388 2
388 66
389 2
389 218
389 91
390 8
390 301
390 254
391 72
391 19
391 2
392 16
392 273
392 26
393 376
393 19
393 254
394 8
394 15
394 156
395 22
395 58
395 2
396 228
396 14
396 16
397 67
397 319
397 46
398 0
398 190
398 10
399 8
399 119
399 256
400 41
400 233
400 398
401 276
401 23
401 94
402 1
402 69
402 111
403 143
403 25
403 188
404 225
404 142
404 38
405 368
405 258
405 180
406 143
406 144
406 5
407 22
407 82
407 318
408 82
408 85
408 317
409 198
409 277
409 9
410 22
410 11
410 148
411 37
411 377
411 263
412 34
412 405
412 107
413 22
413 17
413 4
414 3
414 198
414 158
415 122
415 374
415 134
416 305
416 379
416 386
417 19
417 149
417 65
418 88
418 238
418 29
419 162
419 34
419 46
420 16
420 65
420 0
421 8
421 174
421 331
422 7
422 18
422 1
423 302
423 132
423 326
424 4
424 25
424 139
425 94
425 75
425 317
426 41
426 314
426 217
427 139
427 220
427 264
428 42
428 11
428 1
429 399
429 331
429 0
430 244
430 21
430 355
431 305
431 363
431 248
432 317
432 274
432 423
433 5
433 52
433 108
434 109
434 41
434 81
435 62
435 384
435 28
436 100
436 406
436 414
437 27
437 200
437 53
438 20
438 218
438 38
439 7
439 143
439 18
440 260
440 76
440 36
441 419
441 152
441 8
442 2
442 35
442 201
443 93
443 2
443 22
444 172
444 12
444 408
445 2
445 29
445 18
446 338
446 380
446 407
447 103
447 399
447 101
448 83
448 8
448 154
449 2
449 397
449 7
450 176
450 386
450 29
451 179
451 404
451 397
452 376
452 34
452 239
453 118
453 241
453 317
454 97
454 5
454 297
455 161
455 432
455 1
456 166
456 143
456 48
457 32
457 131
457 127
458 94
458 49
458 145
459 376
459 188
459 20
460 16
460 315
460 23
461 0
461 84
461 303
462 152
462 3
462 436
463 161
463 105
463 80
464 1
464 38
464 184
465 5
465 56
465 126
466 235
466 88
466 5
467 452
467 0
467 210
468 429
468 31
468 207
469 107
469 351
469 15
470 29
470 47
470 25
471 6
471 184
471 316
472 12
472 0
472 260
473 75
473 17
473 413
474 435
474 273
474 20
475 240
475 289
475 366
476 91
476 283
476 165
477 183
477 306
477 131
478 269
478 306
478 290
479 36
479 416
479 4
480 167
480 169
480 129
481 9
481 466
481 237
482 67
482 196
482 16
483 82
483 280
483 217
484 23
484 53
484 251
485 327
485 131
485 17
486 95
486 121
486 94
487 117
487 196
487 2
488 29
488 194
488 317
489 45
489 454
489 405
490 185
490 74
490 456
491 137
491 49
491 26
492 9
492 67
492 137
493 102
493 281
493 122
494 108
494 143
494 185
495 239
495 10
495 338
496 157
496 380
496 249
497 27
497 67
497 241
498 16
498 161
498 109
499 2
499 32
499 10
