0 1
1 0
2 1
2 0
3 0
3 1
3 2
4 0
4 1
4 2
5 1
5 2
5 0
6 4
6 1
6 2
7 0
7 6
7 2
8 0
8 7
8 6
9 0
9 1
9 2
10 1
10 9
10 8
11 0
11 4
11 1
12 1
12 0
12 6
13 12
13 0
13 2
14 0
14 10
14 2
15 2
15 0
15 1
16 8
16 9
16 0
17 9
17 2
17 0
18 0
18 2
18 3
19 2
19 8
19 9
20 7
20 4
20 0
21 8
21 11
21 0
22 0
22 10
22 21
23 3
23 21
23 0
24 2
24 9
24 18
25 0
25 12
25 17
26 0
26 9
26 14
27 2
27 13
27 11
28 9
28 18
28 1
29 17
29 6
29 24
30 12
30 17
30 8
31 9
31 0
31 7
32 0
32 1
32 2
33 24
33 4
33 0
34 30
34 1
34 32
35 0
35 18
35 30
36 8
36 2
36 16
37 14
37 23
37 35
38 1
38 0
38 9
39 31
39 14
39 11
40 30
40 8
40 7
41 23
41 25
41 1
42 38
42 33
42 18
43 2
43 14
43 18
44 37
44 36
44 1
45 9
45 0
45 11
46 16
46 1
46 0
47 23
47 3
47 0
48 39
48 23
48 12
49 12
49 9
49 4
50 9
50 1
50 6
51 24
51 17
51 2
52 20
52 19
52 30
53 32
53 18
53 2
54 1
54 17
54 18
55 54
55 25
55 4
56 10
56 49
56 4
57 21
57 0
57 16
58 39
58 10
58 37
59 14
59 13
59 0
60 47
60 17
60 36
61 6
61 14
61 34
62 8
62 4
62 0
63 30
63 9
63 33
64 6
64 48
64 0
65 19
65 9
65 30
66 23
66 0
66 27
67 48
67 18
67 50
68 8
68 4
68 0
69 0
69 21
69 49
70 2
70 16
70 63
71 24
71 30
71 1
72 30
72 27
72 17
73 65
73 6
73 35
74 17
74 7
74 14
75 0
75 18
75 11
76 15
76 41
76 22
77 8
77 23
77 0
78 70
78 8
78 13
79 4
79 2
79 0
80 27
80 16
80 0
81 8
81 55
81 20
82 44
82 55
82 16
83 2
83 9
83 1
84 24
84 61
84 42
85 1
85 55
85 0
86 15
86 25
86 8
87 2
87 0
87 64
88 0
88 25
88 27
89 70
89 1
89 15
90 9
90 25
90 27
91 9
91 53
91 33
92 4
92 0
92 14
93 68
93 41
93 47
94 33
94 9
94 2
95 11
95 45
95 35
96 91
96 4
96 33
97 7
97 1
97 61
98 30
98 0
98 62
99 4
99 36
99 20
