1 0
2 0
2 1
3 2
3 0
3 1
4 1
4 2
4 0
5 0
5 1
5 2
6 4
6 0
6 2
7 0
7 6
7 2
8 4
8 1
8 0
9 1
9 0
9 2
10 0
10 5
10 6
11 1
11 2
11 0
12 9
12 0
12 1
13 6
13 4
13 1
14 8
14 2
14 6
15 0
15 4
15 2
16 5
16 2
16 12
17 14
17 10
17 9
18 4
18 0
18 11
19 2
19 17
19 0
20 12
20 9
20 7
21 9
21 6
21 7
22 8
22 2
22 11
23 9
23 20
23 18
24 5
24 21
24 1
25 11
25 7
25 9
26 0
26 10
26 9
27 2
27 0
27 22
28 0
28 1
28 8
29 2
29 26
29 19
30 9
30 4
30 2
31 22
31 20
31 6
32 24
32 1
32 25
33 22
33 4
33 1
34 0
34 6
34 33
35 13
35 4
35 34
36 8
36 2
36 33
37 4
37 0
37 34
38 8
38 33
38 30
39 2
39 15
39 18
40 1
40 2
40 10
41 15
41 0
41 2
42 11
42 17
42 13
43 37
43 8
43 28
44 2
44 7
44 28
45 16
45 29
45 5
46 2
46 7
46 14
47 41
47 36
47 1
48 40
48 15
48 19
49 15
49 26
49 0
50 41
50 36
50 12
51 19
51 13
51 41
52 0
52 12
52 1
53 45
53 24
53 16
54 4
54 17
54 2
55 30
55 53
55 35
56 30
56 1
56 9
57 40
57 5
57 0
58 34
58 44
58 2
59 0
59 15
59 4
60 24
60 17
60 2
61 17
61 57
61 12
62 0
62 8
62 2
63 0
63 9
63 4
64 1
64 27
64 56
65 1
65 5
65 24
66 16
66 40
66 35
67 16
67 37
67 2
68 25
68 2
68 24
69 31
69 67
69 34
70 35
70 5
70 1
71 19
71 43
71 33
72 1
72 4
72 48
73 4
73 1
73 0
74 9
74 1
74 30
75 35
75 7
75 34
76 0
76 2
76 69
77 9
77 11
77 25
78 25
78 0
78 33
79 7
79 35
79 24
80 0
80 41
80 37
81 27
81 9
81 37
82 9
82 0
82 11
83 34
83 57
83 48
84 83
84 14
84 12
85 6
85 15
85 0
86 4
86 40
86 52
87 71
87 0
87 31
88 9
88 35
88 17
89 0
89 35
89 45
90 44
90 71
90 60
91 28
91 40
91 4
92 10
92 3
92 35
93 20
93 84
93 91
94 0
94 8
94 68
95 77
95 2
95 8
96 2
96 16
96 35
97 53
97 64
97 16
98 4
98 2
98 34
99 38
99 36
99 54
