0 1
0 2
1 0
1 2
2 0
2 1
3 0
3 1
3 2
4 0
4 3
4 1
5 0
5 2
5 1
6 3
6 1
6 0
7 0
7 1
7 4
8 1
8 2
8 0
9 5
9 1
9 8
10 1
10 3
10 0
11 2
11 0
11 1
12 5
12 7
12 1
13 1
13 3
13 0
14 7
14 0
14 2
15 12
15 5
15 0
16 7
16 2
16 15
17 12
17 8
17 4
18 3
18 17
18 6
19 11
19 10
19 2
20 15
20 1
20 4
21 16
21 19
21 1
22 10
22 2
22 19
23 5
23 3
23 21
24 0
24 11
24 5
25 19
25 7
25 5
26 1
26 5
26 0
27 0
27 1
27 3
28 2
28 22
28 0
29 1
29 10
29 16
30 26
30 5
30 21
31 0
31 3
31 1
32 1
32 5
32 10
33 2
33 8
33 24
34 11
34 22
34 16
35 1
35 2
35 0
36 3
36 28
36 0
37 21
37 13
37 0
38 1
38 16
38 26
39 1
39 17
39 31
40 10
40 39
40 15
41 1
41 2
41 18
42 0
42 41
42 31
43 1
43 12
43 10
44 5
44 8
44 22
45 29
45 5
45 0
46 30
46 19
46 3
47 15
47 7
47 33
48 41
48 5
48 0
49 1
49 5
49 43
50 0
50 32
50 31
51 17
51 39
51 41
52 33
52 0
52 50
53 49
53 19
53 2
54 17
54 35
54 3
55 16
55 39
55 0
56 5
56 40
56 41
57 15
57 55
57 22
58 56
58 48
58 0
59 1
59 47
59 32
60 14
60 11
60 0
61 11
61 30
61 10
62 2
62 0
62 22
63 41
63 6
63 59
64 61
64 55
64 21
65 37
65 17
65 16
66 60
66 48
66 40
67 1
67 0
67 8
68 42
68 31
68 28
69 18
69 22
69 14
70 49
70 54
70 15
71 67
71 49
71 5
72 1
72 39
72 28
73 0
73 22
73 28
74 16
74 3
74 21
75 31
75 29
75 70
76 2
76 19
76 56
77 8
77 0
77 45
78 74
78 0
78 55
79 29
79 20
79 22
80 0
80 40
80 2
81 60
81 29
81 6
82 50
82 3
82 28
83 14
83 61
83 40
84 23
84 73
84 52
85 5
85 30
85 57
86 85
86 30
86 18
87 5
87 80
87 42
88 0
88 75
88 30
89 29
89 32
89 17
90 3
90 20
90 29
91 1
91 86
91 0
92 9
92 27
92 79
93 1
93 88
93 12
94 3
94 20
94 2
95 2
95 41
95 3
96 1
96 3
96 15
97 1
97 16
97 41
98 23
98 2
98 15
99 36
99 94
99 54
