0 1
0 2
0 3
0 4
1 0
1 2
1 3
1 4
2 0
2 1
2 3
2 5
3 0
3 1
3 2
3 4
4 1
4 0
4 3
4 7
5 1
5 3
5 2
5 9
6 0
6 3
6 2
6 8
7 1
7 2
7 4
7 17
8 3
8 2
8 6
8 12
9 4
9 5
9 3
9 10
10 2
10 9
10 3
10 12
11 0
11 4
11 1
11 16
12 8
12 3
12 10
12 13
13 3
13 12
13 1
13 15
14 5
14 3
14 10
15 5
15 13
15 3
15 34
16 3
16 11
16 8
16 43
17 3
17 7
17 4
17 18
18 17
18 6
18 7
18 25
19 17
19 13
19 1
19 31
20 9
20 8
20 3
21 6
21 2
21 3
21 32
22 0
22 4
22 2
23 13
23 0
23 1
23 28
24 8
24 4
24 17
24 67
25 18
25 2
25 7
25 27
26 4
26 0
26 6
27 5
27 25
27 10
27 35
28 3
28 1
28 23
28 52
29 0
29 17
29 18
30 0
30 13
30 4
30 32
31 0
31 19
31 3
31 36
32 21
32 1
32 30
32 76
33 4
33 8
33 17
33 43
34 17
34 15
34 1
34 38
35 27
35 1
35 17
35 47
36 18
36 31
36 1
36 46
37 13
37 11
37 0
37 80
38 34
38 2
38 5
38 67
39 27
39 17
39 6
40 8
40 0
40 1
40 54
41 4
41 5
41 2
42 1
42 4
42 23
42 50
43 16
43 33
43 27
43 51
44 27
44 12
44 2
44 45
45 44
45 1
45 25
45 48
46 12
46 16
46 36
47 13
47 35
47 1
47 49
48 45
48 33
48 2
48 62
49 47
49 45
49 0
50 1
50 42
50 8
50 92
51 12
51 13
51 43
51 56
52 7
52 28
52 45
53 2
53 30
53 12
53 54
54 44
54 53
54 40
55 28
55 4
55 36
56 3
56 51
56 4
56 62
57 8
57 42
57 13
57 71
58 0
58 5
58 19
58 89
59 4
59 30
59 11
59 61
60 13
60 21
60 10
60 93
61 16
61 59
61 3
61 69
62 56
62 48
62 30
62 75
63 19
63 1
63 21
64 12
64 8
64 0
65 13
65 44
65 27
66 5
66 2
66 3
67 17
67 24
67 38
68 16
68 7
68 21
68 69
69 43
69 61
69 68
69 77
70 47
70 51
70 6
70 79
71 57
71 12
71 10
71 72
72 47
72 71
72 44
72 86
73 71
73 4
73 13
74 1
74 4
74 27
74 75
75 40
75 74
75 62
76 35
76 32
76 48
77 0
77 69
77 17
78 47
78 1
78 51
79 23
79 70
79 56
79 91
80 47
80 6
80 37
81 32
81 3
81 43
82 42
82 17
82 13
83 61
83 5
83 43
84 1
84 70
84 6
84 95
85 3
85 4
85 27
86 72
86 2
86 53
86 88
87 38
87 1
87 16
88 61
88 27
88 86
89 58
89 10
89 12
90 6
90 15
90 2
91 24
91 79
91 38
91 98
92 48
92 35
92 50
93 3
93 60
93 79
94 33
94 1
94 0
95 1
95 84
95 36
96 27
96 5
96 44
97 24
97 56
97 37
98 1
98 5
98 91
99 2
99 31
99 1
