0 1
0 2
1 0
1 2
2 0
2 1
3 1
3 2
3 0
4 2
4 1
4 3
5 2
5 4
5 1
6 1
6 0
6 3
7 1
7 3
7 0
8 1
8 7
8 0
9 2
9 0
9 1
10 0
10 3
10 1
11 6
11 1
11 4
12 8
12 1
12 10
13 7
13 4
13 1
14 12
14 2
14 0
15 0
15 7
15 2
16 11
16 2
16 0
17 0
17 2
17 3
18 8
18 1
18 2
19 1
19 5
19 7
20 2
20 5
20 4
21 0
21 4
21 3
22 1
22 7
22 4
23 20
23 3
23 5
24 11
24 6
24 16
25 7
25 15
25 17
26 4
26 0
26 16
27 2
27 3
27 16
28 0
28 19
28 1
29 3
29 2
29 18
30 19
30 3
30 18
31 3
31 1
31 14
32 0
32 9
32 30
33 2
33 5
33 16
34 0
34 8
34 6
35 12
35 28
35 19
36 15
36 2
36 33
37 14
37 0
37 3
38 2
38 1
38 17
39 25
39 4
39 12
40 12
40 11
40 1
41 32
41 24
41 9
42 6
42 1
42 0
43 3
43 11
43 10
44 15
44 1
44 37
45 10
45 8
45 2
46 15
46 40
46 1
47 21
47 3
47 24
48 11
48 1
48 4
49 4
49 43
49 1
50 0
50 3
50 7
51 6
51 18
51 0
52 26
52 1
52 42
53 16
53 3
53 5
54 7
54 17
54 1
55 4
55 9
55 44
56 4
56 22
56 39
57 16
57 7
57 30
58 13
58 29
58 4
59 9
59 6
59 30
60 11
60 27
60 9
61 32
61 0
61 3
62 1
62 20
62 24
63 4
63 16
63 0
64 12
64 15
64 2
65 10
65 18
65 3
66 60
66 8
66 0
67 16
67 49
67 26
68 10
68 59
68 7
69 16
69 13
69 58
70 35
70 25
70 68
71 1
71 19
71 47
72 4
72 0
72 15
73 3
73 7
73 16
74 57
74 62
74 21
75 3
75 9
75 25
76 4
76 17
76 11
77 1
77 36
77 0
78 56
78 36
78 24
79 1
79 7
79 71
80 16
80 3
80 45
81 70
81 1
81 57
82 7
82 1
82 43
83 0
83 21
83 82
84 8
84 81
84 62
85 21
85 20
85 3
86 58
86 0
86 70
87 3
87 12
87 71
88 18
88 11
88 56
89 79
89 18
89 1
90 87
90 6
90 2
91 0
91 37
91 25
92 76
92 30
92 23
93 16
93 61
93 0
94 1
94 3
94 74
95 3
95 57
95 91
96 65
96 1
96 70
97 18
97 3
97 54
98 53
98 16
98 33
99 94
99 57
99 0
100 12
100 47
100 78
101 2
101 81
101 21
102 10
102 53
102 72
103 15
103 65
103 3
104 9
104 42
104 38
105 16
105 7
105 90
106 16
106 94
106 62
107 76
107 74
107 0
108 27
108 62
108 8
109 2
109 11
109 6
110 25
110 12
110 57
111 60
111 2
111 9
112 32
112 94
112 22
113 35
113 107
113 7
114 54
114 62
114 4
115 40
115 77
115 5
116 65
116 77
116 2
117 3
117 45
117 71
118 12
118 13
118 34
119 2
119 69
119 8
120 77
120 1
120 39
121 15
121 22
121 9
122 15
122 60
122 1
123 12
123 23
123 1
124 70
124 3
124 12
125 12
125 6
125 76
126 23
126 39
126 48
127 7
127 1
127 94
128 26
128 11
128 0
129 25
129 111
129 59
130 78
130 4
130 86
131 17
131 6
131 10
132 7
132 2
132 53
133 2
133 9
133 77
134 72
134 1
134 110
135 111
135 62
135 7
136 94
136 0
136 26
137 9
137 0
137 4
138 99
138 3
138 51
139 2
139 42
139 37
140 94
140 129
140 111
141 1
141 33
141 56
142 57
142 122
142 131
143 78
143 8
143 25
144 41
144 114
144 14
145 2
145 1
145 94
146 6
146 98
146 10
147 14
147 74
147 97
148 0
148 51
148 1
149 45
149 44
149 47
150 1
150 4
150 39
151 74
151 97
151 121
152 1
152 15
152 18
153 14
153 140
153 114
154 72
154 65
154 17
155 92
155 0
155 17
156 42
156 21
156 45
157 64
157 3
157 132
158 101
158 60
158 121
159 16
159 30
159 33
160 45
160 63
160 1
161 154
161 87
161 62
162 123
162 53
162 74
163 79
163 52
163 2
164 35
164 142
164 94
165 11
165 26
165 7
166 3
166 124
166 37
167 144
167 21
167 105
168 16
168 25
168 10
169 0
169 1
169 133
170 3
170 97
170 1
171 154
171 93
171 23
172 116
172 0
172 95
173 0
173 4
173 15
174 26
174 122
174 85
175 146
175 48
175 2
176 1
176 34
176 3
177 82
177 95
177 42
178 170
178 76
178 146
179 70
179 63
179 38
180 82
180 17
180 3
181 3
181 57
181 177
182 109
182 60
182 121
183 7
183 11
183 1
184 3
184 165
184 10
185 16
185 154
185 164
186 120
186 148
186 65
187 54
187 79
187 0
188 10
188 2
188 30
189 76
189 121
189 80
190 1
190 10
190 63
191 53
191 18
191 20
192 9
192 76
192 33
193 2
193 3
193 65
194 34
194 65
194 17
195 114
195 55
195 131
196 118
196 76
196 7
197 177
197 82
197 14
198 85
198 57
198 122
199 12
199 197
199 57
200 6
200 139
200 109
201 0
201 59
201 35
202 17
202 58
202 23
203 145
203 9
203 18
204 172
204 74
204 38
205 38
205 34
205 7
206 0
206 24
206 2
207 13
207 94
207 74
208 64
208 15
208 10
209 151
209 1
209 25
210 121
210 4
210 3
211 5
211 4
211 94
212 46
212 58
212 18
213 22
213 47
213 43
214 105
214 169
214 4
215 177
215 118
215 42
216 3
216 64
216 91
217 28
217 4
217 97
218 4
218 25
218 13
219 189
219 55
219 3
220 165
220 20
220 154
221 133
221 4
221 9
222 43
222 23
222 214
223 122
223 101
223 200
224 220
224 176
224 149
225 45
225 79
225 95
226 58
226 63
226 181
227 15
227 165
227 34
228 127
228 138
228 188
229 4
229 19
229 1
230 111
230 195
230 17
231 22
231 1
231 82
232 121
232 44
232 143
233 36
233 131
233 39
234 114
234 92
234 22
235 89
235 27
235 183
236 39
236 17
236 101
237 133
237 22
237 11
238 3
238 1
238 19
239 0
239 213
239 7
240 21
240 3
240 5
241 82
241 136
241 85
242 87
242 1
242 0
243 35
243 147
243 5
244 44
244 42
244 0
245 16
245 171
245 38
246 2
246 127
246 45
247 114
247 22
247 21
248 25
248 39
248 144
249 239
249 20
249 182
250 3
250 86
250 109
251 178
251 161
251 118
252 46
252 220
252 53
253 30
253 7
253 3
254 236
254 39
254 38
255 15
255 234
255 7
256 2
256 192
256 83
257 6
257 242
257 99
258 55
258 176
258 1
259 2
259 25
259 83
260 75
260 110
260 109
261 146
261 122
261 238
262 102
262 28
262 1
263 11
263 6
263 1
264 109
264 10
264 3
265 103
265 104
265 198
266 116
266 87
266 220
267 108
267 122
267 0
268 8
268 91
268 14
269 0
269 22
269 126
270 230
270 48
270 114
271 29
271 25
271 240
272 205
272 91
272 114
273 257
273 2
273 98
274 21
274 98
274 204
275 4
275 135
275 14
276 242
276 182
276 4
277 101
277 37
277 260
278 199
278 11
278 69
279 42
279 122
279 40
280 111
280 167
280 168
281 148
281 39
281 1
282 0
282 1
282 127
283 154
283 3
283 0
284 16
284 61
284 25
285 157
285 199
285 103
286 90
286 47
286 61
287 220
287 248
287 269
288 125
288 178
288 20
289 227
289 116
289 287
290 5
290 234
290 152
291 1
291 190
291 65
292 110
292 113
292 45
293 150
293 4
293 221
294 135
294 1
294 22
295 69
295 290
295 129
296 99
296 19
296 257
297 10
297 57
297 151
298 91
298 196
298 115
299 2
299 38
299 16
300 121
300 21
300 294
301 2
301 1
301 3
302 67
302 79
302 35
303 4
303 85
303 1
304 13
304 161
304 129
305 53
305 25
305 211
306 72
306 220
306 1
307 166
307 76
307 62
308 61
308 62
308 58
309 139
309 286
309 0
310 0
310 63
310 3
311 17
311 12
311 25
312 91
312 24
312 6
313 227
313 10
313 34
314 78
314 0
314 181
315 289
315 4
315 52
316 53
316 3
316 25
317 53
317 83
317 25
318 25
318 286
318 281
319 111
319 136
319 67
320 101
320 190
320 12
321 78
321 256
321 42
322 1
322 12
322 0
323 45
323 82
323 18
324 71
324 115
324 65
325 136
325 289
325 139
326 62
326 164
326 278
327 96
327 3
327 195
328 2
328 58
328 200
329 57
329 294
329 121
330 8
330 94
330 9
331 308
331 278
331 13
332 10
332 309
332 79
333 2
333 115
333 329
334 25
334 41
334 156
335 33
335 126
335 290
336 224
336 47
336 154
337 160
337 322
337 25
338 30
338 203
338 5
339 1
339 76
339 11
340 294
340 1
340 177
341 4
341 60
341 61
342 105
342 2
342 7
343 36
343 234
343 21
344 9
344 2
344 44
345 67
345 149
345 203
346 3
346 132
346 179
347 82
347 342
347 21
348 39
348 2
348 201
349 47
349 345
349 27
350 16
350 14
350 321
351 131
351 243
351 6
352 111
352 0
352 244
353 111
353 177
353 0
354 150
354 23
354 82
355 104
355 4
355 352
356 327
356 172
356 232
357 82
357 205
357 16
358 12
358 97
358 3
359 38
359 115
359 298
360 20
360 0
360 305
361 288
361 199
361 337
362 129
362 220
362 112
363 0
363 47
363 330
364 1
364 161
364 332
365 195
365 265
365 39
366 360
366 11
366 0
367 158
367 212
367 183
368 9
368 268
368 292
369 1
369 152
369 7
370 211
370 312
370 20
371 15
371 168
371 129
372 330
372 334
372 0
373 7
373 260
373 17
374 352
374 61
374 154
375 1
375 216
375 258
376 61
376 62
376 164
377 0
377 2
377 47
378 26
378 280
378 363
379 288
379 37
379 0
380 135
380 25
380 60
381 77
381 239
381 2
382 47
382 24
382 133
383 0
383 17
383 2
384 130
384 1
384 4
385 6
385 75
385 0
386 125
386 257
386 116
387 65
387 82
387 27
388 347
388 281
388 15
389 55
389 18
389 26
390 1
390 164
390 2
391 313
391 10
391 50
392 380
392 340
392 332
393 23
393 332
393 9
394 129
394 240
394 25
395 3
395 142
395 103
396 169
396 3
396 55
397 23
397 353
397 234
398 82
398 45
398 257
399 4
399 120
399 135
400 43
400 273
400 290
401 16
401 122
401 3
402 332
402 353
402 226
403 197
403 57
403 401
404 74
404 5
404 80
405 37
405 168
405 216
406 2
406 3
406 150
407 24
407 382
407 125
408 22
408 104
408 28
409 36
409 1
409 23
410 9
410 12
410 385
411 58
411 42
411 268
412 115
412 68
412 47
413 4
413 21
413 32
414 129
414 89
414 139
415 143
415 2
415 121
416 60
416 11
416 4
417 266
417 131
417 30
418 376
418 121
418 2
419 2
419 74
419 402
420 110
420 25
420 45
421 341
421 22
421 60
422 0
422 20
422 368
423 74
423 17
423 306
424 323
424 47
424 0
425 278
425 52
425 257
426 41
426 158
426 270
427 77
427 264
427 1
428 3
428 291
428 248
429 427
429 202
429 79
430 380
430 295
430 351
431 60
431 276
431 376
432 38
432 109
432 129
433 0
433 349
433 351
434 389
434 1
434 77
435 62
435 11
435 7
436 38
436 19
436 28
437 170
437 406
437 161
438 10
438 24
438 322
439 1
439 272
439 18
440 2
440 151
440 226
441 247
441 137
441 131
442 165
442 0
442 70
443 142
443 1
443 114
444 0
444 289
444 6
445 1
445 268
445 104
446 4
446 0
446 257
447 266
447 247
447 380
448 270
448 214
448 76
449 81
449 1
449 95
450 295
450 397
450 0
451 32
451 163
451 108
452 443
452 5
452 137
453 55
453 62
453 101
454 133
454 178
454 20
455 447
455 142
455 275
456 64
456 344
456 15
457 15
457 300
457 42
458 282
458 428
458 159
459 30
459 1
459 3
460 129
460 327
460 94
461 361
461 413
461 4
462 58
462 1
462 79
463 137
463 216
463 157
464 307
464 386
464 135
465 51
465 380
465 93
466 0
466 279
466 2
467 190
467 278
467 125
468 3
468 430
468 402
469 63
469 69
469 353
470 34
470 44
470 242
471 150
471 100
471 395
472 90
472 368
472 192
473 121
473 11
473 308
474 307
474 48
474 34
475 42
475 58
475 12
476 366
476 199
476 93
477 18
477 58
477 203
478 50
478 201
478 35
479 142
479 71
479 37
480 0
480 18
480 369
481 1
481 5
481 129
482 30
482 0
482 69
483 87
483 316
483 0
484 51
484 3
484 60
485 45
485 17
485 129
486 15
486 144
486 409
487 1
487 9
487 132
488 453
488 342
488 86
489 203
489 126
489 65
490 0
490 354
490 162
491 195
491 2
491 316
492 249
492 143
492 20
493 126
493 156
493 220
494 3
494 28
494 142
495 16
495 44
495 57
496 411
496 35
496 154
497 3
497 442
497 302
498 224
498 103
498 11
499 125
499 177
499 21
500 344
500 299
500 21
501 186
501 4
501 86
502 350
502 254
502 0
503 23
503 197
503 419
504 60
504 439
504 135
505 2
505 16
505 45
506 16
506 481
506 79
507 1
507 43
507 5
508 148
508 248
508 201
509 468
509 298
509 486
510 486
510 0
510 243
511 136
511 384
511 2
512 61
512 76
512 246
513 211
513 330
513 101
514 252
514 2
514 121
515 132
515 493
515 280
516 137
516 215
516 2
517 164
517 60
517 109
518 436
518 368
518 294
519 180
519 439
519 178
520 170
520 482
520 182
521 9
521 129
521 137
522 177
522 154
522 9
523 30
523 40
523 101
524 131
524 3
524 277
525 407
525 27
525 2
526 57
526 320
526 290
527 501
527 376
527 1
528 118
528 165
528 468
529 1
529 345
529 31
530 0
530 13
530 69
531 53
531 45
531 116
532 286
532 362
532 13
533 121
533 385
533 172
534 144
534 123
534 138
535 1
535 321
535 9
536 47
536 88
536 115
537 129
537 5
537 131
538 57
538 137
538 481
539 465
539 0
539 43
540 469
540 444
540 453
541 202
541 453
541 136
542 311
542 244
542 1
543 28
543 50
543 7
544 409
544 380
544 311
545 242
545 262
545 101
546 257
546 394
546 190
547 129
547 0
547 217
548 83
548 240
548 100
549 250
549 75
549 26
550 154
550 30
550 3
551 5
551 178
551 234
552 103
552 44
552 101
553 516
553 154
553 361
554 516
554 235
554 383
555 54
555 321
555 4
556 531
556 283
556 263
557 146
557 493
557 436
558 352
558 82
558 46
559 3
559 1
559 298
560 126
560 315
560 181
561 338
561 15
561 127
562 208
562 151
562 248
563 351
563 10
563 474
564 286
564 321
564 235
565 16
565 487
565 543
566 79
566 2
566 1
567 473
567 97
567 55
568 42
568 18
568 251
569 381
569 258
569 489
570 397
570 366
570 95
571 200
571 2
571 213
572 22
572 9
572 257
573 276
573 114
573 380
574 77
574 112
574 193
575 60
575 3
575 15
576 83
576 62
576 219
577 522
577 60
577 43
578 65
578 179
578 176
579 21
579 260
579 1
580 16
580 1
580 236
581 7
581 3
581 44
582 285
582 35
582 462
583 130
583 182
583 547
584 20
584 111
584 103
585 10
585 152
585 397
586 87
586 126
586 50
587 86
587 579
587 18
588 289
588 516
588 169
589 258
589 290
589 1
590 38
590 137
590 244
591 321
591 399
591 386
592 60
592 566
592 466
593 5
593 470
593 79
594 569
594 189
594 133
595 251
595 375
595 33
596 582
596 1
596 578
597 2
597 253
597 3
598 406
598 121
598 3
599 137
599 35
599 70
600 448
600 121
600 443
601 69
601 227
601 91
602 10
602 380
602 492
603 516
603 27
603 35
604 77
604 527
604 109
605 65
605 129
605 56
606 86
606 68
606 325
607 76
607 328
607 57
608 573
608 105
608 265
609 2
609 121
609 75
610 101
610 179
610 149
611 3
611 181
611 497
612 18
612 310
612 2
613 316
613 141
613 16
614 39
614 400
614 457
615 42
615 151
615 81
616 0
616 118
616 173
617 611
617 175
617 151
618 146
618 442
618 13
619 334
619 401
619 10
620 168
620 277
620 3
621 272
621 30
621 1
622 18
622 114
622 583
623 3
623 276
623 179
624 181
624 45
624 8
625 20
625 199
625 309
626 176
626 443
626 208
627 5
627 259
627 535
628 540
628 85
628 192
629 1
629 191
629 30
630 434
630 453
630 97
631 248
631 206
631 74
632 115
632 125
632 12
633 1
633 242
633 394
634 580
634 14
634 479
635 316
635 132
635 45
636 2
636 42
636 182
637 2
637 266
637 122
638 537
638 242
638 2
639 286
639 61
639 10
640 314
640 392
640 15
641 547
641 244
641 572
642 131
642 142
642 628
643 58
643 638
643 76
644 298
644 540
644 53
645 644
645 628
645 581
646 64
646 115
646 1
647 82
647 26
647 361
648 530
648 143
648 1
649 466
649 316
649 17
650 371
650 238
650 137
651 120
651 534
651 1
652 497
652 327
652 236
653 475
653 572
653 58
654 608
654 18
654 100
655 36
655 227
655 13
656 441
656 157
656 42
657 332
657 60
657 11
658 312
658 0
658 48
659 18
659 447
659 537
660 475
660 359
660 56
661 95
661 19
661 47
662 93
662 332
662 132
663 78
663 19
663 5
664 257
664 1
664 266
665 440
665 266
665 497
666 121
666 645
666 169
667 109
667 1
667 79
668 1
668 53
668 85
669 386
669 158
669 65
670 0
670 444
670 71
671 92
671 2
671 246
672 581
672 564
672 321
673 79
673 349
673 65
674 325
674 555
674 122
675 236
675 148
675 509
676 277
676 189
676 322
677 33
677 483
677 331
678 64
678 33
678 53
679 475
679 617
679 182
680 192
680 270
680 249
681 116
681 169
681 637
682 490
682 456
682 116
683 58
683 575
683 69
684 224
684 146
684 77
685 203
685 21
685 660
686 462
686 162
686 472
687 251
687 276
687 36
688 315
688 114
688 573
689 115
689 645
689 298
690 16
690 5
690 21
691 2
691 68
691 62
692 644
692 3
692 316
693 448
693 524
693 7
694 112
694 73
694 69
695 82
695 114
695 11
696 10
696 2
696 129
697 188
697 72
697 423
698 570
698 135
698 268
699 545
699 78
699 65
700 20
700 402
700 38
701 527
701 2
701 638
702 376
702 238
702 189
703 183
703 334
703 2
704 161
704 197
704 243
705 203
705 406
705 87
706 55
706 344
706 332
707 0
707 8
707 647
708 291
708 135
708 39
709 559
709 332
709 83
710 423
710 52
710 2
711 155
711 381
711 149
712 1
712 65
712 230
713 516
713 405
713 70
714 339
714 386
714 494
715 42
715 214
715 407
716 449
716 71
716 265
717 610
717 131
717 0
718 57
718 79
718 1
719 129
719 587
719 262
720 620
720 38
720 497
721 2
721 0
721 711
722 397
722 272
722 19
723 424
723 85
723 82
724 110
724 397
724 115
725 25
725 4
725 20
726 94
726 120
726 103
727 478
727 570
727 512
728 132
728 533
728 669
729 283
729 462
729 240
730 608
730 322
730 644
731 728
731 380
731 330
732 398
732 582
732 575
733 126
733 63
733 671
734 387
734 90
734 15
735 420
735 1
735 181
736 177
736 33
736 4
737 3
737 481
737 146
738 89
738 436
738 9
739 12
739 690
739 228
740 124
740 249
740 30
741 376
741 3
741 156
742 1
742 392
742 266
743 619
743 177
743 43
744 1
744 126
744 610
745 10
745 47
745 189
746 125
746 653
746 6
747 322
747 466
747 470
748 688
748 361
748 182
749 97
749 587
749 187
750 380
750 200
750 87
751 514
751 414
751 156
752 60
752 581
752 725
753 424
753 60
753 126
754 58
754 131
754 221
755 111
755 12
755 91
756 318
756 25
756 2
757 30
757 278
757 157
758 607
758 587
758 257
759 686
759 560
759 260
760 522
760 60
760 234
761 628
761 314
761 457
762 459
762 320
762 346
763 37
763 101
763 0
764 628
764 536
764 1
765 476
765 289
765 4
766 72
766 581
766 385
767 94
767 732
767 18
768 469
768 53
768 45
769 47
769 94
769 557
770 3
770 32
770 350
771 188
771 122
771 540
772 166
772 53
772 30
773 96
773 168
773 95
774 26
774 473
774 154
775 752
775 357
775 308
776 328
776 534
776 192
777 378
777 21
777 317
778 413
778 5
778 572
779 67
779 745
779 352
780 380
780 202
780 680
781 775
781 103
781 578
782 146
782 18
782 434
783 83
783 7
783 353
784 134
784 573
784 11
785 654
785 192
785 304
786 487
786 244
786 30
787 751
787 137
787 142
788 2
788 530
788 640
789 316
789 747
789 459
790 609
790 439
790 531
791 321
791 95
791 439
792 0
792 190
792 298
793 601
793 2
793 653
794 777
794 53
794 2
795 179
795 2
795 12
796 1
796 656
796 28
797 0
797 1
797 463
798 30
798 49
798 3
799 110
799 171
799 15
800 302
800 2
800 779
801 1
801 2
801 715
802 135
802 109
802 604
803 146
803 21
803 46
804 1
804 631
804 16
805 105
805 282
805 109
806 122
806 490
806 9
807 205
807 240
807 805
808 8
808 488
808 37
809 126
809 3
809 208
810 427
810 199
810 601
811 1
811 43
811 77
812 459
812 5
812 20
813 143
813 68
813 770
814 323
814 717
814 2
815 382
815 615
815 27
816 3
816 325
816 18
817 706
817 372
817 34
818 383
818 222
818 646
819 21
819 216
819 722
820 130
820 53
820 762
821 130
821 538
821 53
822 25
822 443
822 65
823 142
823 773
823 818
824 48
824 359
824 73
825 420
825 473
825 580
826 357
826 136
826 574
827 507
827 128
827 126
828 660
828 47
828 150
829 129
829 152
829 356
830 207
830 3
830 773
831 644
831 211
831 234
832 606
832 247
832 559
833 447
833 203
833 16
834 675
834 165
834 45
835 771
835 120
835 207
836 807
836 391
836 445
837 48
837 280
837 116
838 462
838 68
838 165
839 16
839 342
839 79
840 11
840 68
840 139
841 511
841 106
841 9
842 390
842 187
842 101
843 752
843 1
843 116
844 15
844 821
844 129
845 3
845 819
845 502
846 195
846 361
846 119
847 286
847 0
847 2
848 691
848 422
848 35
849 44
849 219
849 443
850 73
850 170
850 408
851 616
851 193
851 16
852 195
852 221
852 697
853 631
853 448
853 20
854 504
854 3
854 1
855 595
855 766
855 4
856 35
856 151
856 352
857 3
857 257
857 453
858 266
858 575
858 689
859 0
859 509
859 369
860 316
860 710
860 116
861 177
861 581
861 470
862 327
862 70
862 0
863 519
863 492
863 401
864 395
864 374
864 0
865 4
865 197
865 86
866 193
866 203
866 409
867 65
867 386
867 380
868 557
868 667
868 0
869 50
869 682
869 617
870 534
870 5
870 371
871 472
871 406
871 419
872 773
872 91
872 1
873 203
873 497
873 287
874 5
874 743
874 218
875 290
875 841
875 198
876 328
876 18
876 665
877 734
877 504
877 264
878 11
878 199
878 111
879 47
879 17
879 170
880 278
880 715
880 695
881 2
881 44
881 474
882 486
882 448
882 714
883 789
883 30
883 92
884 364
884 170
884 221
885 2
885 16
885 135
886 77
886 587
886 130
887 15
887 177
887 262
888 4
888 769
888 533
889 392
889 2
889 843
890 530
890 37
890 94
891 29
891 10
891 1
892 138
892 628
892 5
893 216
893 3
893 722
894 148
894 219
894 703
895 878
895 555
895 197
896 440
896 570
896 638
897 140
897 597
897 133
898 584
898 87
898 402
899 517
899 230
899 849
900 578
900 48
900 339
901 161
901 487
901 44
902 751
902 43
902 120
903 443
903 15
903 83
904 200
904 42
904 46
905 668
905 220
905 4
906 704
906 540
906 12
907 626
907 516
907 306
908 571
908 286
908 54
909 74
909 9
909 278
910 578
910 328
910 85
911 2
911 1
911 419
912 504
912 36
912 894
913 151
913 565
913 619
914 125
914 516
914 383
915 582
915 88
915 85
916 547
916 529
916 264
917 124
917 307
917 838
918 124
918 154
918 10
919 109
919 408
919 657
920 85
920 426
920 353
921 45
921 643
921 228
922 843
922 151
922 322
923 40
923 179
923 139
924 916
924 647
924 269
925 298
925 87
925 672
926 149
926 18
926 250
927 4
927 189
927 45
928 15
928 135
928 4
929 398
929 2
929 77
930 118
930 212
930 59
931 186
931 247
931 5
932 62
932 779
932 59
933 518
933 766
933 319
934 0
934 175
934 126
935 424
935 7
935 48
936 45
936 261
936 351
937 910
937 582
937 587
938 5
938 287
938 745
939 288
939 5
939 60
940 24
940 5
940 282
941 63
941 36
941 349
942 899
942 278
942 505
943 467
943 571
943 26
944 2
944 191
944 103
945 3
945 469
945 578
946 118
946 475
946 98
947 208
947 872
947 773
948 745
948 823
948 256
949 63
949 28
949 365
950 659
950 141
950 1
951 417
951 538
951 53
952 541
952 10
952 738
953 97
953 840
953 532
954 278
954 4
954 587
955 625
955 13
955 111
956 607
956 170
956 177
957 208
957 572
957 642
958 878
958 84
958 30
959 2
959 79
959 354
960 42
960 804
960 469
961 590
961 145
961 302
962 540
962 644
962 110
963 317
963 760
963 209
964 474
964 798
964 19
965 21
965 582
965 33
966 812
966 77
966 80
967 397
967 116
967 839
968 530
968 343
968 3
969 896
969 607
969 322
970 109
970 264
970 60
971 133
971 183
971 102
972 20
972 89
972 0
973 263
973 129
973 288
974 3
974 447
974 30
975 161
975 283
975 211
976 181
976 74
976 47
977 324
977 531
977 368
978 410
978 241
978 607
979 61
979 93
979 71
980 224
980 430
980 745
981 481
981 514
981 505
982 240
982 3
982 648
983 409
983 406
983 542
984 494
984 163
984 972
985 76
985 616
985 4
986 512
986 964
986 630
987 715
987 87
987 2
988 764
988 472
988 58
989 19
989 114
989 254
990 869
990 959
990 681
991 907
991 539
991 26
992 131
992 413
992 592
993 35
993 3
993 1
994 638
994 140
994 878
995 262
995 911
995 289
996 683
996 4
996 38
997 509
997 361
997 2
998 773
998 759
998 129
999 519
999 929
999 85
