0 1
0 2
0 3
1 0
1 2
1 3
2 1
2 0
2 3
3 2
3 0
3 1
4 1
4 3
4 2
5 1
5 0
5 2
6 4
6 2
6 1
7 4
7 1
7 3
8 4
8 2
8 1
9 1
9 2
9 7
10 1
10 3
10 2
11 0
11 8
11 2
12 2
12 4
12 1
13 6
13 12
13 2
14 1
14 3
14 12
15 9
15 1
15 0
16 3
16 14
16 10
17 12
17 2
17 4
18 2
18 3
18 15
19 13
19 15
19 1
20 8
20 0
20 3
21 2
21 1
21 12
22 19
22 1
22 3
23 1
23 7
23 19
24 2
24 6
24 16
25 0
25 3
25 1
26 17
26 3
26 21
27 2
27 8
27 9
28 6
28 11
28 0
29 28
29 15
29 17
30 16
30 27
30 25
31 19
31 2
31 16
32 5
32 14
32 2
33 17
33 1
33 0
34 2
34 3
34 8
35 0
35 13
35 23
36 8
36 15
36 0
37 17
37 11
37 16
38 17
38 2
38 22
39 6
39 0
39 10
40 25
40 1
40 35
41 2
41 21
41 14
42 3
42 21
42 0
43 2
43 24
43 10
44 30
44 2
44 1
45 1
45 11
45 4
46 8
46 12
46 2
47 29
47 10
47 28
48 5
48 44
48 12
49 3
49 22
49 1
50 1
50 14
50 27
51 32
51 2
51 27
52 10
52 9
52 44
53 15
53 0
53 9
54 26
54 0
54 25
55 12
55 1
55 51
56 1
56 3
56 15
57 16
57 35
57 23
58 0
58 1
58 4
59 13
59 12
59 6
60 2
60 9
60 17
61 16
61 1
61 10
62 8
62 33
62 6
63 26
63 2
63 37
64 15
64 11
64 27
65 27
65 5
65 38
66 12
66 1
66 0
67 2
67 22
67 8
68 64
68 3
68 1
69 7
69 54
69 2
70 34
70 25
70 22
71 60
71 1
71 0
72 2
72 1
72 0
73 10
73 33
73 12
74 1
74 2
74 11
75 7
75 18
75 16
76 5
76 16
76 44
77 3
77 0
77 2
78 0
78 16
78 17
79 4
79 70
79 8
80 65
80 61
80 2
81 0
81 17
81 13
82 2
82 4
82 45
83 2
83 1
83 10
84 16
84 1
84 44
85 14
85 13
85 0
86 14
86 2
86 27
87 2
87 7
87 1
88 63
88 11
88 65
89 2
89 87
89 54
90 1
90 14
90 55
91 21
91 68
91 9
92 1
92 16
92 84
93 42
93 14
93 26
94 2
94 21
94 19
95 61
95 75
95 1
96 62
96 19
96 22
97 1
97 75
97 69
98 33
98 29
98 2
99 1
99 0
99 10
