0 1
1 0
2 1
2 0
3 1
3 2
3 0
4 1
4 3
4 0
5 2
5 1
5 4
6 0
6 4
6 5
7 1
7 3
7 4
8 1
8 5
8 3
9 1
9 3
9 2
10 5
10 6
10 1
11 5
11 3
11 2
12 2
12 0
12 8
13 7
13 3
13 5
14 5
14 6
14 1
15 11
15 0
15 5
16 3
16 1
16 0
17 3
17 5
17 15
18 5
18 4
18 0
19 1
19 11
19 0
20 1
20 5
20 3
21 1
21 2
21 3
22 5
22 0
22 3
23 1
23 18
23 17
24 13
24 1
24 0
25 15
25 22
25 2
26 3
26 2
26 4
27 3
27 8
27 23
28 2
28 21
28 1
29 1
29 23
29 3
30 18
30 3
30 4
31 19
31 21
31 0
32 22
32 11
32 19
33 22
33 21
33 3
34 9
34 32
34 4
35 5
35 31
35 6
36 5
36 1
36 0
37 1
37 31
37 3
38 34
38 0
38 3
39 5
39 13
39 3
40 11
40 1
40 31
41 1
41 11
41 5
42 19
42 6
42 3
43 3
43 2
43 5
44 5
44 22
44 2
45 1
45 5
45 4
46 5
46 1
46 15
47 11
47 32
47 2
48 22
48 47
48 15
49 2
49 28
49 5
50 15
50 0
50 2
51 21
51 0
51 2
52 2
52 1
52 10
53 0
53 4
53 5
54 0
54 3
54 2
55 3
55 28
55 5
56 1
56 39
56 32
57 44
57 15
57 2
58 31
58 11
58 2
59 47
59 39
59 1
60 25
60 47
60 22
61 5
61 21
61 41
62 11
62 3
62 2
63 22
63 2
63 4
64 11
64 47
64 46
65 39
65 5
65 41
66 3
66 4
66 10
67 3
67 31
67 15
68 3
68 60
68 1
69 3
69 18
69 2
70 39
70 46
70 8
71 25
71 2
71 64
72 27
72 2
72 51
73 15
73 38
73 21
74 19
74 46
74 3
75 37
75 5
75 2
76 3
76 38
76 2
77 44
77 53
77 5
78 1
78 74
78 8
79 66
79 38
79 10
80 52
80 0
80 2
81 29
81 49
81 43
82 34
82 0
82 15
83 1
83 5
83 44
84 0
84 62
84 6
85 12
85 3
85 71
86 16
86 3
86 75
87 3
87 5
87 22
88 37
88 0
88 60
89 22
89 0
89 68
90 34
90 46
90 2
91 5
91 38
91 64
92 5
92 32
92 31
93 15
93 46
93 11
94 47
94 4
94 43
95 31
95 1
95 35
96 64
96 30
96 26
97 1
97 5
97 2
98 11
98 74
98 2
99 60
99 5
99 1
100 19
100 31
100 73
101 5
101 37
101 2
102 23
102 46
102 73
103 4
103 3
103 60
104 21
104 102
104 16
105 43
105 82
105 71
106 53
106 27
106 2
107 83
107 17
107 3
108 22
108 74
108 24
109 38
109 88
109 1
110 6
110 109
110 88
111 2
111 52
111 1
112 46
112 10
112 1
113 27
113 98
113 79
114 5
114 60
114 107
115 1
115 39
115 81
116 48
116 1
116 5
117 85
117 1
117 105
118 1
118 82
118 22
119 35
119 58
119 15
120 76
120 90
120 1
121 6
121 48
121 102
122 13
122 2
122 6
123 64
123 103
123 17
124 6
124 57
124 60
125 6
125 52
125 76
126 1
126 4
126 5
127 6
127 124
127 119
128 95
128 23
128 25
129 80
129 123
129 2
130 76
130 99
130 13
131 6
131 23
131 35
132 3
132 0
132 60
133 64
133 35
133 23
134 2
134 113
134 1
135 35
135 28
135 76
136 46
136 120
136 16
137 73
137 1
137 4
138 44
138 8
138 11
139 21
139 48
139 1
140 57
140 117
140 31
141 90
141 85
141 96
142 47
142 8
142 19
143 112
143 1
143 21
144 0
144 58
144 5
145 88
145 25
145 130
146 5
146 0
146 1
147 57
147 94
147 92
148 15
148 37
148 65
149 2
149 5
149 59
150 115
150 0
150 5
151 34
151 1
151 137
152 2
152 48
152 135
153 130
153 105
153 8
154 19
154 70
154 113
155 0
155 2
155 4
156 2
156 47
156 68
157 138
157 125
157 36
158 137
158 3
158 119
159 45
159 102
159 123
160 2
160 117
160 147
161 6
161 5
161 1
162 18
162 75
162 107
163 110
163 159
163 11
164 119
164 11
164 117
165 28
165 111
165 85
166 61
166 2
166 5
167 65
167 59
167 79
168 3
168 10
168 38
169 157
169 9
169 118
170 157
170 5
170 32
171 5
171 0
171 134
172 129
172 60
172 82
173 98
173 110
173 134
174 57
174 60
174 163
175 1
175 82
175 32
176 83
176 30
176 29
177 143
177 8
177 144
178 23
178 164
178 2
179 110
179 106
179 3
180 110
180 114
180 4
181 3
181 8
181 15
182 48
182 116
182 41
183 84
183 145
183 64
184 82
184 18
184 172
185 112
185 142
185 11
186 161
186 23
186 48
187 4
187 162
187 85
188 3
188 172
188 23
189 108
189 14
189 152
190 31
190 8
190 3
191 176
191 82
191 1
192 15
192 85
192 1
193 4
193 3
193 5
194 137
194 112
194 153
195 44
195 46
195 172
196 108
196 1
196 11
197 127
197 0
197 57
198 4
198 155
198 55
199 129
199 10
199 115
200 6
200 15
200 163
201 5
201 3
201 11
202 51
202 3
202 0
203 81
203 41
203 2
204 59
204 109
204 125
205 15
205 22
205 76
206 142
206 119
206 2
207 33
207 86
207 1
208 63
208 206
208 5
209 108
209 170
209 1
210 21
210 45
210 74
211 134
211 18
211 11
212 75
212 36
212 65
213 145
213 2
213 86
214 84
214 90
214 138
215 23
215 11
215 137
216 198
216 207
216 2
217 4
217 63
217 19
218 185
218 5
218 171
219 11
219 173
219 80
220 2
220 171
220 11
221 22
221 218
221 5
222 40
222 23
222 91
223 1
223 0
223 68
224 31
224 29
224 211
225 204
225 82
225 104
226 74
226 19
226 156
227 31
227 0
227 179
228 37
228 4
228 75
229 73
229 130
229 195
230 154
230 57
230 216
231 27
231 4
231 0
232 3
232 110
232 62
233 19
233 3
233 15
234 80
234 26
234 83
235 110
235 20
235 6
236 205
236 94
236 0
237 5
237 123
237 220
238 31
238 44
238 37
239 1
239 168
239 81
240 10
240 4
240 97
241 36
241 25
241 206
242 1
242 67
242 84
243 6
243 1
243 44
244 119
244 123
244 5
245 96
245 127
245 168
246 14
246 5
246 96
247 32
247 103
247 138
248 64
248 5
248 60
249 38
249 2
249 47
250 243
250 167
250 0
251 41
251 59
251 161
252 41
252 2
252 208
253 247
253 60
253 5
254 211
254 112
254 119
255 119
255 6
255 222
256 197
256 37
256 222
257 118
257 148
257 245
258 15
258 73
258 37
259 27
259 78
259 89
260 11
260 85
260 83
261 103
261 143
261 68
262 7
262 5
262 15
263 38
263 92
263 127
264 24
264 11
264 221
265 81
265 37
265 259
266 3
266 125
266 220
267 3
267 26
267 248
268 248
268 232
268 197
269 3
269 1
269 11
270 73
270 219
270 39
271 187
271 197
271 19
272 4
272 231
272 193
273 247
273 140
273 11
274 108
274 215
274 25
275 135
275 82
275 67
276 1
276 19
276 12
277 75
277 81
277 2
278 115
278 1
278 47
279 18
279 5
279 108
280 74
280 15
280 67
281 5
281 15
281 31
282 77
282 84
282 68
283 230
283 1
283 148
284 1
284 127
284 11
285 1
285 282
285 9
286 172
286 5
286 268
287 197
287 67
287 140
288 3
288 103
288 4
289 1
289 4
289 19
290 36
290 31
290 137
291 28
291 19
291 11
292 272
292 0
292 3
293 123
293 128
293 181
294 172
294 158
294 78
295 4
295 232
295 193
296 295
296 1
296 5
297 10
297 3
297 11
298 44
298 253
298 162
299 104
299 3
299 276
300 271
300 4
300 1
301 3
301 84
301 78
302 47
302 145
302 6
303 137
303 232
303 226
304 248
304 2
304 130
305 108
305 278
305 15
306 18
306 254
306 107
307 154
307 228
307 150
308 300
308 258
308 213
309 8
309 31
309 2
310 5
310 125
310 18
311 0
311 49
311 304
312 29
312 73
312 123
313 19
313 117
313 2
314 19
314 157
314 0
315 2
315 188
315 229
316 129
316 0
316 106
317 266
317 210
317 46
318 215
318 246
318 74
319 227
319 203
319 43
320 41
320 260
320 1
321 109
321 54
321 1
322 46
322 148
322 106
323 42
323 137
323 231
324 22
324 52
324 133
325 2
325 43
325 188
326 5
326 305
326 127
327 73
327 269
327 65
328 22
328 123
328 5
329 165
329 212
329 6
330 157
330 143
330 146
331 3
331 12
331 21
332 2
332 5
332 62
333 3
333 110
333 11
334 35
334 60
334 251
335 260
335 6
335 254
336 6
336 110
336 5
337 154
337 1
337 233
338 5
338 76
338 44
339 62
339 142
339 218
340 112
340 157
340 160
341 110
341 231
341 5
342 145
342 295
342 6
343 3
343 126
343 0
344 114
344 5
344 141
345 279
345 26
345 173
346 310
346 152
346 46
347 0
347 318
347 200
348 301
348 325
348 266
349 143
349 10
349 6
350 181
350 9
350 141
351 336
351 63
351 346
352 82
352 31
352 164
353 130
353 6
353 10
354 158
354 15
354 2
355 347
355 220
355 195
356 134
356 23
356 78
357 131
357 138
357 229
358 39
358 297
358 131
359 22
359 303
359 66
360 345
360 315
360 176
361 9
361 31
361 212
362 333
362 306
362 160
363 248
363 0
363 64
364 5
364 137
364 0
365 269
365 110
365 5
366 106
366 176
366 297
367 1
367 3
367 13
368 59
368 253
368 142
369 109
369 175
369 136
370 27
370 3
370 1
371 73
371 41
371 2
372 91
372 143
372 83
373 5
373 31
373 190
374 260
374 334
374 148
375 133
375 32
375 273
376 47
376 65
376 64
377 371
377 283
377 126
378 164
378 282
378 216
379 318
379 230
379 108
380 1
380 275
380 171
381 5
381 296
381 133
382 41
382 293
382 11
383 173
383 5
383 89
384 179
384 4
384 44
385 148
385 203
385 110
386 123
386 127
386 143
387 48
387 38
387 178
388 218
388 204
388 78
389 6
389 133
389 372
390 127
390 218
390 3
391 5
391 193
391 48
392 104
392 28
392 341
393 272
393 320
393 113
394 73
394 387
394 119
395 394
395 71
395 171
396 195
396 253
396 3
397 41
397 163
397 339
398 301
398 31
398 140
399 297
399 91
399 9
400 18
400 5
400 251
401 370
401 293
401 172
402 2
402 28
402 197
403 76
403 354
403 220
404 114
404 340
404 79
405 1
405 93
405 127
406 245
406 252
406 337
407 405
407 146
407 5
408 78
408 65
408 15
409 182
409 281
409 215
410 366
410 57
410 224
411 1
411 349
411 19
412 335
412 17
412 314
413 184
413 34
413 303
414 194
414 231
414 87
415 227
415 352
415 15
416 1
416 146
416 107
417 274
417 134
417 121
418 345
418 81
418 163
419 172
419 161
419 253
420 215
420 259
420 251
421 145
421 248
421 247
422 46
422 68
422 357
423 123
423 172
423 395
424 43
424 142
424 59
425 353
425 190
425 83
426 4
426 32
426 346
427 0
427 72
427 109
428 3
428 106
428 1
429 342
429 3
429 9
430 266
430 412
430 80
431 6
431 297
431 258
432 3
432 173
432 18
433 250
433 11
433 291
434 32
434 3
434 224
435 142
435 41
435 72
436 2
436 181
436 148
437 1
437 31
437 111
438 410
438 108
438 5
439 210
439 395
439 32
440 1
440 201
440 134
441 210
441 115
441 324
442 8
442 254
442 97
443 42
443 3
443 5
444 258
444 281
444 11
445 303
445 3
445 345
446 84
446 218
446 85
447 175
447 11
447 8
448 117
448 207
448 134
449 1
449 31
449 11
450 257
450 21
450 336
451 37
451 31
451 396
452 193
452 236
452 259
453 257
453 321
453 254
454 2
454 265
454 208
455 5
455 67
455 1
456 236
456 1
456 412
457 409
457 2
457 3
458 216
458 2
458 271
459 4
459 3
459 1
460 156
460 18
460 131
461 417
461 29
461 326
462 1
462 19
462 137
463 5
463 64
463 326
464 220
464 89
464 1
465 46
465 276
465 12
466 427
466 1
466 73
467 283
467 11
467 332
468 436
468 227
468 164
469 192
469 121
469 105
470 35
470 461
470 100
471 465
471 151
471 126
472 305
472 1
472 117
473 31
473 137
473 455
474 19
474 12
474 179
475 276
475 409
475 5
476 36
476 1
476 2
477 370
477 176
477 90
478 73
478 110
478 285
479 252
479 11
479 5
480 382
480 184
480 19
481 246
481 92
481 65
482 384
482 48
482 7
483 108
483 352
483 5
484 170
484 227
484 96
485 285
485 15
485 17
486 221
486 9
486 5
487 292
487 172
487 408
488 291
488 125
488 41
489 11
489 265
489 195
490 325
490 333
490 252
491 2
491 84
491 8
492 1
492 269
492 173
493 1
493 123
493 278
494 383
494 205
494 443
495 0
495 269
495 3
496 32
496 0
496 215
497 14
497 90
497 197
498 364
498 162
498 306
499 191
499 190
499 46
