0 1
1 0
2 0
2 1
3 0
3 1
3 2
4 1
4 0
4 2
5 2
5 1
5 0
6 1
6 5
6 0
7 2
7 0
7 5
8 0
8 2
8 1
9 1
9 7
9 0
10 2
10 9
10 6
11 0
11 3
11 1
12 1
12 7
12 8
13 1
13 9
13 0
14 11
14 10
14 3
15 1
15 0
15 9
16 0
16 10
16 9
17 0
17 5
17 1
18 12
18 17
18 1
19 13
19 17
19 15
20 12
20 0
20 1
21 1
21 2
21 0
22 13
22 9
22 5
23 14
23 10
23 1
24 0
24 1
24 12
25 2
25 12
25 0
26 1
26 0
26 10
27 1
27 0
27 2
28 20
28 2
28 10
29 5
29 4
29 1
30 1
30 23
30 13
31 0
31 19
31 7
32 3
32 2
32 1
33 12
33 3
33 0
34 0
34 30
34 31
35 3
35 19
35 15
36 0
36 4
36 15
37 2
37 4
37 0
38 6
38 23
38 19
39 10
39 26
39 2
40 31
40 12
40 7
41 34
41 40
41 28
42 0
42 2
42 10
43 6
43 13
43 2
44 0
44 8
44 24
45 1
45 19
45 0
46 9
46 19
46 11
47 2
47 46
47 3
48 12
48 14
48 1
49 14
49 23
49 1
