0 1
0 2
0 3
1 0
1 2
1 3
2 1
2 0
2 3
3 0
3 2
3 1
4 1
4 2
4 3
5 3
5 1
5 2
6 4
6 2
6 1
7 3
7 1
7 0
8 1
8 0
8 7
9 1
9 2
9 7
10 3
10 1
10 2
11 2
11 0
11 3
12 3
12 4
12 2
13 6
13 1
13 5
14 0
14 1
14 3
15 1
15 2
15 3
16 0
16 1
16 3
17 1
17 2
17 12
18 2
18 1
18 4
19 7
19 6
19 15
20 4
20 15
20 9
21 3
21 0
21 2
22 4
22 0
22 10
23 1
23 10
23 22
24 7
24 0
24 22
25 7
25 19
25 17
26 15
26 6
26 5
27 5
27 2
27 1
28 3
28 17
28 6
29 20
29 2
29 9
30 1
30 0
30 20
31 0
31 4
31 2
32 16
32 4
32 13
33 6
33 1
33 3
34 26
34 4
34 1
35 22
35 12
35 20
36 16
36 20
36 33
37 16
37 2
37 3
38 3
38 2
38 23
39 7
39 36
39 2
40 2
40 22
40 10
41 16
41 1
41 29
42 3
42 4
42 19
43 22
43 4
43 2
44 27
44 41
44 8
45 29
45 31
45 5
46 37
46 26
46 4
47 33
47 46
47 37
48 14
48 17
48 4
49 2
49 3
49 26
50 6
50 21
50 8
51 7
51 3
51 39
52 7
52 17
52 46
53 47
53 28
53 2
54 1
54 23
54 26
55 46
55 50
55 1
56 19
56 3
56 0
57 1
57 41
57 6
58 31
58 26
58 10
59 47
59 2
59 31
60 3
60 4
60 7
61 21
61 7
61 31
62 2
62 22
62 1
63 5
63 25
63 17
64 52
64 3
64 25
65 26
65 4
65 1
66 3
66 16
66 24
67 22
67 66
67 1
68 15
68 17
68 8
69 2
69 16
69 5
70 48
70 20
70 25
71 17
71 68
71 3
72 49
72 15
72 16
73 33
73 2
73 24
74 4
74 33
74 14
75 28
75 1
75 69
76 0
76 9
76 15
77 2
77 3
77 7
78 2
78 13
78 57
79 62
79 3
79 29
80 19
80 8
80 68
81 60
81 36
81 74
82 3
82 44
82 56
83 36
83 2
83 81
84 2
84 22
84 1
85 19
85 27
85 2
86 76
86 37
86 3
87 4
87 23
87 26
88 7
88 65
88 1
89 4
89 81
89 6
90 10
90 53
90 26
91 19
91 48
91 73
92 3
92 48
92 27
93 67
93 55
93 58
94 60
94 20
94 78
95 13
95 3
95 1
96 55
96 49
96 84
97 19
97 26
97 2
98 4
98 57
98 90
99 6
99 90
99 56
100 7
100 35
100 25
101 3
101 44
101 33
102 1
102 39
102 101
103 1
103 19
103 36
104 18
104 68
104 12
105 14
105 35
105 20
106 99
106 26
106 19
107 7
107 12
107 26
108 80
108 4
108 29
109 105
109 57
109 56
110 62
110 33
110 4
111 60
111 2
111 0
112 77
112 4
112 54
113 15
113 10
113 0
114 75
114 45
114 104
115 21
115 7
115 3
116 5
116 44
116 3
117 7
117 0
117 3
118 2
118 115
118 3
119 12
119 80
119 26
120 5
120 17
120 107
121 26
121 105
121 4
122 89
122 4
122 52
123 0
123 46
123 6
124 8
124 85
124 60
125 81
125 2
125 1
126 0
126 17
126 54
127 123
127 0
127 26
128 41
128 61
128 65
129 26
129 64
129 82
130 36
130 1
130 67
131 127
131 59
131 2
132 115
132 32
132 57
133 48
133 1
133 108
134 76
134 74
134 67
135 29
135 19
135 6
136 69
136 127
136 16
137 16
137 89
137 56
138 89
138 16
138 1
139 74
139 3
139 17
140 113
140 26
140 7
141 82
141 43
141 3
142 16
142 3
142 132
143 93
143 62
143 21
144 2
144 3
144 110
145 21
145 0
145 4
146 89
146 23
146 4
147 79
147 89
147 138
148 44
148 34
148 138
149 4
149 130
149 10
150 0
150 53
150 37
151 125
151 1
151 108
152 19
152 0
152 25
153 7
153 110
153 118
154 36
154 5
154 51
155 47
155 1
155 3
156 2
156 81
156 12
157 31
157 17
157 16
158 108
158 120
158 113
159 108
159 6
159 44
160 108
160 0
160 68
161 39
161 1
161 132
162 130
162 52
162 75
163 31
163 1
163 108
164 69
164 129
164 1
165 151
165 4
165 74
166 1
166 31
166 3
167 21
167 0
167 110
168 140
168 2
168 36
169 147
169 159
169 22
170 0
170 136
170 84
171 168
171 58
171 46
172 18
172 1
172 11
173 0
173 86
173 12
174 3
174 18
174 109
175 3
175 29
175 2
176 2
176 129
176 1
177 48
177 171
177 110
178 65
178 1
178 96
179 138
179 111
179 17
180 60
180 103
180 88
181 4
181 74
181 29
182 1
182 8
182 26
183 103
183 16
183 123
184 156
184 80
184 171
185 129
185 0
185 47
186 1
186 113
186 38
187 157
187 7
187 22
188 2
188 81
188 60
189 10
189 55
189 36
190 32
190 4
190 151
191 4
191 75
191 151
192 38
192 46
192 150
193 57
193 39
193 160
194 191
194 101
194 88
195 96
195 17
195 68
196 31
196 79
196 4
197 7
197 105
197 69
198 1
198 4
198 3
199 138
199 2
199 41
200 3
200 122
200 27
201 3
201 0
201 99
202 146
202 77
202 62
203 81
203 164
203 23
204 21
204 80
204 1
205 56
205 201
205 28
206 30
206 54
206 201
207 19
207 4
207 101
208 168
208 35
208 26
209 11
209 80
209 1
210 5
210 127
210 17
211 13
211 138
211 117
212 19
212 61
212 80
213 201
213 71
213 36
214 153
214 56
214 209
215 50
215 81
215 44
216 110
216 133
216 30
217 188
217 90
217 143
218 20
218 3
218 80
219 7
219 1
219 11
220 23
220 69
220 145
221 1
221 12
221 19
222 61
222 26
222 37
223 68
223 52
223 0
224 96
224 60
224 220
225 3
225 32
225 125
226 12
226 3
226 149
227 210
227 116
227 69
228 20
228 3
228 35
229 3
229 46
229 195
230 62
230 130
230 3
231 3
231 25
231 2
232 33
232 173
232 37
233 142
233 161
233 217
234 20
234 138
234 2
235 0
235 1
235 156
236 46
236 17
236 27
237 39
237 228
237 224
238 3
238 72
238 130
239 81
239 225
239 166
240 7
240 203
240 191
241 176
241 220
241 115
242 160
242 21
242 4
243 3
243 110
243 47
244 147
244 1
244 233
245 24
245 134
245 79
246 220
246 164
246 33
247 51
247 0
247 187
248 55
248 218
248 36
249 21
249 108
249 125
250 109
250 21
250 46
251 48
251 69
251 190
252 65
252 129
252 81
253 168
253 48
253 66
254 225
254 16
254 15
255 252
255 34
255 206
256 2
256 22
256 4
257 178
257 163
257 21
258 68
258 17
258 239
259 68
259 135
259 100
260 19
260 165
260 128
261 19
261 61
261 6
262 26
262 25
262 118
263 246
263 31
263 78
264 75
264 55
264 4
265 218
265 114
265 246
266 17
266 3
266 44
267 164
267 48
267 69
268 74
268 10
268 51
269 45
269 61
269 212
270 53
270 93
270 60
271 111
271 126
271 139
272 83
272 171
272 69
273 77
273 98
273 30
274 252
274 77
274 225
275 27
275 26
275 273
276 55
276 85
276 247
277 25
277 7
277 254
278 272
278 68
278 7
279 103
279 133
279 246
280 61
280 187
280 218
281 1
281 54
281 75
282 112
282 213
282 241
283 268
283 41
283 225
284 135
284 66
284 57
285 0
285 244
285 222
286 99
286 15
286 3
287 5
287 57
287 4
288 221
288 173
288 29
289 22
289 114
289 37
290 3
290 83
290 2
291 228
291 81
291 72
292 29
292 166
292 26
293 25
293 176
293 290
294 290
294 249
294 60
295 23
295 195
295 22
296 81
296 49
296 36
297 156
297 1
297 57
298 163
298 164
298 182
299 33
299 37
299 29
300 2
300 26
300 79
301 4
301 23
301 19
302 159
302 163
302 230
303 3
303 181
303 11
304 115
304 6
304 3
305 246
305 10
305 151
306 252
306 55
306 5
307 22
307 33
307 1
308 37
308 81
308 273
309 131
309 16
309 101
310 133
310 228
310 1
311 220
311 51
311 191
312 16
312 2
312 98
313 125
313 95
313 132
314 106
314 19
314 74
315 183
315 114
315 81
316 46
316 81
316 105
317 4
317 234
317 179
318 50
318 163
318 39
319 9
319 82
319 2
320 275
320 21
320 35
321 3
321 4
321 125
322 36
322 107
322 171
323 231
323 140
323 199
324 266
324 80
324 129
325 195
325 4
325 33
326 219
326 140
326 26
327 230
327 113
327 26
328 145
328 274
328 101
329 4
329 241
329 17
330 5
330 31
330 125
331 211
331 2
331 59
332 19
332 62
332 102
333 8
333 166
333 3
334 3
334 190
334 216
335 151
335 87
335 3
336 220
336 2
336 42
337 248
337 13
337 1
338 21
338 3
338 184
339 246
339 4
339 27
340 16
340 17
340 4
341 321
341 21
341 230
342 181
342 56
342 23
343 4
343 222
343 19
344 272
344 1
344 256
345 74
345 10
345 148
346 129
346 51
346 10
347 52
347 58
347 239
348 246
348 50
348 287
349 141
349 335
349 228
350 291
350 143
350 338
351 43
351 26
351 27
352 0
352 22
352 141
353 340
353 200
353 67
354 116
354 348
354 1
355 1
355 337
355 268
356 144
356 3
356 1
357 154
357 126
357 234
358 79
358 303
358 161
359 84
359 4
359 132
360 99
360 16
360 335
361 0
361 133
361 264
362 88
362 99
362 68
363 23
363 6
363 51
364 362
364 131
364 56
365 270
365 22
365 141
366 210
366 286
366 6
367 182
367 259
367 81
368 206
368 195
368 105
369 48
369 1
369 310
370 103
370 271
370 179
371 125
371 296
371 3
372 348
372 264
372 196
373 142
373 210
373 3
374 151
374 105
374 130
375 221
375 125
375 106
376 252
376 39
376 118
377 21
377 329
377 301
378 26
378 42
378 49
379 33
379 272
379 46
380 59
380 97
380 74
381 264
381 211
381 60
382 98
382 25
382 52
383 1
383 219
383 41
384 53
384 36
384 29
385 115
385 83
385 51
386 209
386 28
386 37
387 169
387 210
387 3
388 99
388 336
388 148
389 17
389 165
389 14
390 62
390 29
390 21
391 74
391 230
391 125
392 83
392 10
392 221
393 164
393 224
393 189
394 17
394 4
394 284
395 318
395 89
395 283
396 359
396 395
396 22
397 70
397 387
397 69
398 169
398 329
398 14
399 171
399 7
399 81
400 6
400 10
400 188
401 4
401 255
401 124
402 171
402 3
402 220
403 230
403 83
403 102
404 18
404 48
404 3
405 9
405 359
405 3
406 194
406 37
406 231
407 339
407 248
407 20
408 293
408 202
408 1
409 141
409 120
409 34
410 26
410 1
410 57
411 67
411 74
411 303
412 26
412 99
412 72
413 307
413 31
413 382
414 315
414 4
414 202
415 10
415 3
415 20
416 193
416 34
416 177
417 350
417 360
417 59
418 179
418 144
418 3
419 333
419 74
419 81
420 129
420 108
420 21
421 294
421 225
421 188
422 42
422 51
422 110
423 0
423 197
423 377
424 3
424 260
424 23
425 4
425 385
425 160
426 210
426 14
426 153
427 0
427 2
427 19
428 26
428 16
428 360
429 80
429 13
429 283
430 222
430 14
430 179
431 87
431 202
431 275
432 189
432 52
432 382
433 361
433 33
433 316
434 40
434 65
434 19
435 281
435 169
435 59
436 203
436 287
436 4
437 33
437 26
437 13
438 1
438 50
438 89
439 4
439 9
439 0
440 113
440 6
440 123
441 69
441 289
441 255
442 115
442 270
442 194
443 255
443 387
443 106
444 291
444 26
444 54
445 19
445 288
445 93
446 71
446 3
446 380
447 4
447 16
447 0
448 159
448 31
448 191
449 16
449 337
449 73
450 447
450 307
450 292
451 95
451 4
451 57
452 197
452 66
452 141
453 114
453 391
453 446
454 385
454 278
454 215
455 307
455 67
455 45
456 219
456 182
456 223
457 16
457 298
457 315
458 3
458 382
458 413
459 311
459 103
459 146
460 151
460 51
460 255
461 6
461 454
461 1
462 382
462 416
462 36
463 2
463 37
463 16
464 2
464 95
464 142
465 43
465 441
465 22
466 462
466 74
466 283
467 2
467 7
467 120
468 112
468 0
468 153
469 407
469 176
469 423
470 415
470 405
470 97
471 114
471 3
471 14
472 50
472 89
472 68
473 58
473 31
473 164
474 0
474 256
474 293
475 144
475 6
475 388
476 134
476 45
476 131
477 203
477 329
477 240
478 467
478 33
478 20
479 23
479 18
479 59
480 39
480 258
480 20
481 311
481 369
481 453
482 3
482 271
482 209
483 108
483 131
483 265
484 247
484 37
484 339
485 44
485 337
485 37
486 412
486 479
486 92
487 36
487 164
487 25
488 241
488 7
488 36
489 65
489 364
489 1
490 46
490 379
490 37
491 209
491 116
491 21
492 478
492 26
492 55
493 13
493 105
493 365
494 15
494 493
494 289
495 302
495 4
495 299
496 96
496 1
496 4
497 153
497 12
497 333
498 79
498 7
498 36
499 123
499 84
499 37
500 2
500 17
500 319
501 29
501 377
501 69
502 110
502 46
502 26
503 45
503 0
503 97
504 10
504 357
504 339
505 21
505 3
505 108
506 147
506 386
506 176
507 431
507 135
507 256
508 3
508 4
508 62
509 187
509 2
509 3
510 151
510 421
510 406
511 252
511 469
511 2
512 81
512 443
512 255
513 86
513 99
513 22
514 125
514 359
514 130
515 3
515 225
515 173
516 54
516 338
516 69
517 321
517 96
517 307
518 317
518 362
518 340
519 219
519 431
519 24
520 5
520 3
520 419
521 255
521 439
521 244
522 272
522 168
522 252
523 391
523 25
523 19
524 26
524 3
524 24
525 4
525 10
525 191
526 323
526 3
526 237
527 6
527 323
527 169
528 211
528 499
528 326
529 395
529 258
529 100
530 319
530 3
530 401
531 153
531 159
531 0
532 204
532 47
532 108
533 479
533 509
533 207
534 526
534 131
534 519
535 3
535 273
535 223
536 34
536 22
536 1
537 158
537 144
537 101
538 376
538 361
538 5
539 143
539 77
539 179
540 523
540 115
540 292
541 56
541 57
541 485
542 3
542 265
542 152
543 148
543 153
543 390
544 2
544 412
544 225
545 0
545 343
545 1
546 109
546 34
546 209
547 505
547 180
547 494
548 302
548 173
548 512
549 490
549 316
549 234
550 19
550 69
550 322
551 23
551 37
551 3
552 7
552 538
552 274
553 169
553 314
553 19
554 548
554 208
554 8
555 138
555 364
555 0
556 39
556 467
556 141
557 411
557 246
557 383
558 272
558 81
558 390
559 80
559 477
559 69
560 1
560 119
560 153
561 271
561 342
561 32
562 284
562 71
562 375
563 320
563 115
563 121
564 28
564 315
564 375
565 10
565 303
565 31
566 464
566 164
566 471
567 16
567 155
567 57
568 318
568 115
568 93
569 110
569 404
569 37
570 81
570 1
570 298
571 159
571 268
571 65
572 386
572 272
572 93
573 412
573 431
573 26
574 385
574 23
574 2
575 191
575 502
575 127
576 23
576 106
576 537
577 128
577 184
577 315
578 209
578 1
578 88
579 4
579 455
579 18
580 440
580 6
580 15
581 288
581 20
581 380
582 23
582 362
582 162
583 37
583 110
583 3
584 50
584 457
584 218
585 99
585 21
585 82
586 37
586 405
586 66
587 196
587 44
587 78
588 171
588 325
588 50
589 467
589 14
589 106
590 412
590 249
590 4
591 326
591 75
591 108
592 257
592 16
592 2
593 79
593 240
593 472
594 362
594 46
594 44
595 3
595 2
595 246
596 489
596 343
596 369
597 373
597 198
597 3
598 16
598 0
598 23
599 291
599 323
599 393
600 215
600 385
600 3
601 291
601 516
601 27
602 64
602 93
602 105
603 37
603 323
603 7
604 594
604 103
604 13
605 50
605 89
605 64
606 279
606 541
606 3
607 143
607 459
607 373
608 353
608 365
608 18
609 101
609 139
609 95
610 130
610 56
610 114
611 607
611 4
611 7
612 475
612 67
612 142
613 73
613 1
613 16
614 353
614 592
614 206
615 92
615 4
615 252
616 23
616 292
616 33
617 56
617 467
617 330
618 464
618 118
618 256
619 328
619 174
619 110
620 264
620 64
620 69
621 45
621 13
621 110
622 230
622 196
622 275
623 252
623 322
623 12
624 159
624 335
624 7
625 37
625 516
625 3
626 9
626 255
626 415
627 25
627 22
627 39
628 31
628 178
628 468
629 8
629 108
629 468
630 3
630 295
630 249
631 369
631 472
631 0
632 116
632 465
632 144
633 189
633 75
633 415
634 306
634 19
634 376
635 2
635 333
635 0
636 483
636 0
636 25
637 118
637 169
637 80
638 565
638 263
638 48
639 202
639 9
639 189
640 276
640 33
640 3
641 4
641 338
641 3
642 49
642 11
642 130
643 17
643 375
643 623
644 68
644 2
644 275
645 1
645 47
645 115
646 582
646 377
646 430
647 236
647 80
647 509
648 561
648 392
648 199
649 33
649 3
649 0
650 2
650 439
650 101
651 45
651 458
651 80
652 264
652 552
652 404
653 315
653 478
653 293
654 312
654 81
654 27
655 509
655 102
655 2
656 37
656 622
656 307
657 312
657 123
657 326
658 26
658 258
658 164
659 26
659 14
659 3
660 117
660 6
660 443
661 33
661 16
661 83
662 607
662 510
662 6
663 79
663 190
663 292
664 1
664 159
664 358
665 292
665 334
665 411
666 343
666 33
666 4
667 552
667 61
667 236
668 659
668 45
668 209
669 460
669 156
669 68
670 103
670 386
670 393
671 178
671 163
671 7
672 1
672 105
672 7
673 1
673 419
673 284
674 246
674 21
674 2
675 328
675 17
675 22
676 302
676 99
676 21
677 638
677 353
677 647
678 61
678 11
678 7
679 31
679 503
679 127
680 29
680 62
680 18
681 107
681 82
681 374
682 516
682 520
682 158
683 628
683 17
683 92
684 45
684 221
684 4
685 68
685 275
685 29
686 203
686 33
686 467
687 33
687 3
687 66
688 88
688 416
688 329
689 563
689 481
689 20
690 150
690 483
690 206
691 34
691 224
691 72
692 106
692 11
692 65
693 4
693 275
693 17
694 3
694 492
694 7
695 489
695 23
695 40
696 556
696 52
696 140
697 106
697 122
697 60
698 436
698 586
698 9
699 59
699 178
699 1
700 219
700 401
700 497
701 440
701 17
701 490
702 13
702 674
702 118
703 556
703 199
703 7
704 202
704 328
704 442
705 97
705 65
705 502
706 56
706 346
706 564
707 560
707 236
707 263
708 331
708 0
708 147
709 26
709 567
709 118
710 284
710 50
710 147
711 236
711 361
711 81
712 234
712 82
712 323
713 473
713 433
713 5
714 82
714 22
714 80
715 569
715 1
715 595
716 324
716 536
716 16
717 200
717 256
717 105
718 314
718 357
718 21
719 245
719 415
719 105
720 129
720 61
720 138
721 176
721 16
721 72
722 656
722 458
722 223
723 13
723 126
723 688
724 343
724 318
724 480
725 51
725 443
725 178
726 184
726 1
726 187
727 5
727 332
727 537
728 33
728 1
728 266
729 691
729 493
729 377
730 37
730 161
730 104
731 133
731 551
731 5
732 560
732 326
732 4
733 538
733 171
733 163
734 7
734 437
734 41
735 16
735 11
735 316
736 135
736 240
736 449
737 579
737 599
737 1
738 647
738 723
738 0
739 422
739 0
739 637
740 235
740 316
740 592
741 74
741 129
741 276
742 72
742 2
742 28
743 325
743 685
743 31
744 485
744 501
744 171
745 206
745 85
745 465
746 328
746 37
746 715
747 3
747 225
747 414
748 575
748 583
748 260
749 326
749 564
749 69
750 69
750 68
750 664
751 52
751 671
751 180
752 482
752 58
752 68
753 7
753 159
753 57
754 106
754 594
754 4
755 275
755 737
755 12
756 61
756 1
756 334
757 7
757 721
757 57
758 209
758 56
758 85
759 642
759 637
759 217
760 22
760 130
760 385
761 9
761 28
761 399
762 163
762 155
762 584
763 258
763 311
763 68
764 0
764 333
764 363
765 322
765 718
765 261
766 202
766 33
766 99
767 99
767 65
767 587
768 533
768 639
768 74
769 70
769 234
769 210
770 99
770 1
770 2
771 26
771 209
771 23
772 518
772 623
772 12
773 321
773 250
773 682
774 9
774 26
774 161
775 17
775 44
775 467
776 571
776 1
776 607
777 138
777 511
777 256
778 542
778 737
778 535
779 171
779 4
779 55
780 99
780 3
780 32
781 12
781 33
781 50
782 401
782 21
782 296
783 725
783 565
783 332
784 596
784 3
784 686
785 536
785 707
785 10
786 161
786 434
786 658
787 382
787 326
787 127
788 143
788 37
788 228
789 146
789 209
789 36
790 2
790 20
790 546
791 524
791 15
791 326
792 383
792 62
792 396
793 320
793 499
793 50
794 587
794 143
794 114
795 366
795 216
795 20
796 524
796 41
796 251
797 690
797 3
797 132
798 240
798 0
798 326
799 723
799 775
799 344
800 66
800 462
800 1
801 376
801 385
801 79
802 689
802 48
802 0
803 164
803 12
803 34
804 246
804 560
804 173
805 33
805 383
805 156
806 96
806 582
806 720
807 19
807 4
807 17
808 424
808 17
808 8
809 103
809 90
809 236
810 323
810 102
810 31
811 125
811 63
811 675
812 798
812 368
812 1
813 101
813 23
813 464
814 67
814 57
814 299
815 194
815 275
815 410
816 68
816 10
816 689
817 3
817 16
817 54
818 44
818 356
818 46
819 424
819 296
819 536
820 512
820 83
820 81
821 478
821 626
821 61
822 99
822 61
822 110
823 778
823 403
823 31
824 190
824 3
824 627
825 108
825 555
825 110
826 27
826 802
826 516
827 662
827 331
827 85
828 789
828 70
828 396
829 789
829 754
829 32
830 330
830 814
830 38
831 39
831 178
831 6
832 384
832 211
832 0
833 490
833 5
833 332
834 573
834 708
834 27
835 687
835 413
835 251
836 81
836 390
836 39
837 23
837 3
837 12
838 0
838 160
838 701
839 582
839 644
839 384
840 471
840 468
840 496
841 523
841 183
841 784
842 129
842 688
842 19
843 276
843 746
843 556
844 143
844 284
844 771
845 728
845 125
845 17
846 56
846 430
846 540
847 156
847 292
847 68
848 114
848 3
848 4
849 647
849 352
849 451
850 555
850 307
850 431
851 83
851 466
851 105
852 221
852 302
852 37
853 751
853 56
853 101
854 3
854 751
854 654
855 52
855 483
855 489
856 350
856 281
856 218
857 361
857 333
857 100
858 764
858 689
858 13
859 204
859 418
859 140
860 413
860 774
860 108
861 327
861 81
861 33
862 292
862 5
862 50
863 133
863 98
863 2
864 61
864 334
864 106
865 7
865 6
865 2
866 57
866 420
866 821
867 1
867 0
867 652
868 650
868 758
868 214
869 811
869 703
869 267
870 26
870 267
870 623
871 55
871 130
871 190
872 19
872 134
872 4
873 106
873 788
873 416
874 430
874 12
874 698
875 713
875 57
875 602
876 751
876 2
876 14
877 145
877 521
877 81
878 713
878 50
878 27
879 872
879 283
879 26
880 3
880 107
880 36
881 134
881 586
881 377
882 69
882 489
882 359
883 73
883 0
883 149
884 71
884 288
884 246
885 3
885 694
885 62
886 116
886 33
886 17
887 799
887 640
887 2
888 826
888 431
888 804
889 821
889 7
889 140
890 126
890 816
890 529
891 880
891 13
891 58
892 704
892 729
892 462
893 228
893 776
893 7
894 1
894 523
894 221
895 617
895 438
895 17
896 113
896 568
896 540
897 2
897 372
897 557
898 5
898 598
898 101
899 66
899 211
899 110
900 109
900 81
900 316
901 75
901 777
901 112
902 95
902 52
902 734
903 268
903 10
903 168
904 193
904 37
904 161
905 84
905 62
905 646
906 52
906 532
906 58
907 26
907 428
907 92
908 35
908 684
908 101
909 27
909 63
909 854
910 480
910 239
910 694
911 81
911 726
911 538
912 296
912 201
912 376
913 72
913 17
913 544
914 897
914 457
914 330
915 140
915 1
915 655
916 44
916 353
916 696
917 16
917 564
917 191
918 228
918 486
918 385
919 272
919 267
919 275
920 57
920 773
920 488
921 48
921 762
921 111
922 543
922 392
922 144
923 26
923 4
923 68
924 753
924 447
924 317
925 755
925 21
925 210
926 432
926 3
926 6
927 341
927 143
927 80
928 6
928 167
928 742
929 151
929 82
929 236
930 192
930 367
930 647
931 681
931 858
931 755
932 599
932 0
932 173
933 352
933 302
933 277
934 868
934 0
934 622
935 55
935 52
935 590
936 60
936 412
936 216
937 96
937 811
937 670
938 816
938 8
938 21
939 234
939 171
939 788
940 670
940 629
940 814
941 616
941 600
941 37
942 666
942 136
942 268
943 82
943 445
943 10
944 734
944 733
944 0
945 338
945 83
945 257
946 66
946 363
946 497
947 699
947 797
947 159
948 555
948 249
948 242
949 55
949 624
949 0
950 396
950 655
950 505
951 610
951 367
951 621
952 464
952 113
952 188
953 671
953 224
953 3
954 675
954 114
954 332
955 4
955 377
955 61
956 249
956 580
956 2
957 60
957 158
957 66
958 119
958 423
958 413
959 356
959 20
959 26
960 88
960 84
960 682
961 1
961 770
961 307
962 528
962 797
962 81
963 89
963 57
963 2
964 742
964 385
964 2
965 594
965 909
965 16
966 46
966 61
966 171
967 19
967 49
967 204
968 699
968 48
968 652
969 252
969 44
969 22
970 72
970 1
970 802
971 164
971 108
971 907
972 1
972 256
972 901
973 144
973 414
973 762
974 31
974 67
974 367
975 801
975 23
975 784
976 898
976 28
976 314
977 151
977 739
977 683
978 751
978 422
978 46
979 569
979 5
979 235
980 682
980 95
980 323
981 143
981 842
981 565
982 14
982 291
982 225
983 263
983 97
983 228
984 64
984 3
984 905
985 677
985 726
985 633
986 443
986 93
986 736
987 16
987 738
987 200
988 857
988 256
988 0
989 423
989 83
989 336
990 72
990 433
990 379
991 184
991 1
991 20
992 536
992 383
992 500
993 929
993 0
993 142
994 12
994 399
994 489
995 955
995 438
995 483
996 293
996 587
996 338
997 108
997 184
997 675
998 337
998 97
998 255
999 675
999 143
999 167
