0 1
0 2
0 3
1 0
1 2
1 3
2 0
2 1
2 3
3 1
3 2
3 0
4 2
4 3
4 1
5 1
5 2
5 3
6 1
6 2
6 4
7 3
7 5
7 6
8 3
8 0
8 2
9 1
9 0
9 7
10 7
10 0
10 9
11 0
11 10
11 3
12 7
12 0
12 4
13 0
13 1
13 3
14 3
14 10
14 0
15 11
15 0
15 12
16 13
16 10
16 3
17 10
17 7
17 11
18 5
18 1
18 3
19 8
19 1
19 3
20 3
20 19
20 10
21 1
21 16
21 4
22 3
22 16
22 9
23 8
23 0
23 18
24 3
24 1
24 5
25 9
25 8
25 7
26 9
26 4
26 18
27 9
27 21
27 10
28 11
28 10
28 3
29 5
29 13
29 22
30 9
30 3
30 15
31 13
31 6
31 0
32 11
32 0
32 9
33 2
33 3
33 30
34 20
34 12
34 30
35 0
35 10
35 21
36 5
36 2
36 3
37 19
37 7
37 25
38 36
38 4
38 0
39 32
39 3
39 35
40 0
40 10
40 12
41 5
41 22
41 21
42 10
42 15
42 29
43 21
43 40
43 20
44 30
44 39
44 28
45 11
45 0
45 10
46 6
46 41
46 36
47 11
47 29
47 30
48 14
48 44
48 41
49 1
49 10
49 41
50 1
50 7
50 43
51 3
51 2
51 1
52 1
52 0
52 11
53 40
53 3
53 0
54 13
54 1
54 9
55 3
55 4
55 10
56 13
56 7
56 35
57 8
57 47
57 1
58 1
58 0
58 3
59 7
59 42
59 55
60 0
60 30
60 11
61 15
61 7
61 25
62 55
62 13
62 10
63 50
63 13
63 8
64 17
64 54
64 7
65 28
65 40
65 7
66 10
66 62
66 65
67 8
67 44
67 40
68 35
68 30
68 2
69 9
69 35
69 30
70 0
70 9
70 11
71 70
71 6
71 11
72 1
72 28
72 7
73 9
73 33
73 68
74 34
74 11
74 66
75 14
75 4
75 9
76 3
76 7
76 45
77 65
77 11
77 0
78 60
78 4
78 53
79 66
79 45
79 50
80 62
80 17
80 41
81 0
81 7
81 55
82 41
82 9
82 43
83 1
83 4
83 8
84 20
84 0
84 8
85 8
85 14
85 75
86 85
86 1
86 81
87 10
87 11
87 9
88 32
88 19
88 5
89 36
89 15
89 3
90 34
90 10
90 60
91 0
91 36
91 3
92 43
92 21
92 22
93 26
93 1
93 3
94 91
94 1
94 62
95 25
95 78
95 3
96 18
96 9
96 3
97 2
97 55
97 42
98 1
98 3
98 13
99 11
99 10
99 93
100 61
100 57
100 70
101 1
101 71
101 4
102 39
102 6
102 3
103 85
103 77
103 1
104 44
104 17
104 12
105 8
105 36
105 15
106 6
106 9
106 30
107 48
107 71
107 44
108 68
108 15
108 30
109 83
109 28
109 21
110 33
110 2
110 13
111 42
111 84
111 0
112 34
112 83
112 3
113 82
113 20
113 9
114 84
114 45
114 15
115 7
115 3
115 68
116 45
116 1
116 13
117 3
117 12
117 44
118 100
118 30
118 21
119 56
119 86
119 29
120 70
120 9
120 17
121 41
121 55
121 82
122 8
122 24
122 7
123 8
123 93
123 117
124 61
124 4
124 19
125 1
125 4
125 9
126 80
126 0
126 49
127 111
127 120
127 7
128 76
128 44
128 77
129 1
129 21
129 90
130 15
130 2
130 47
131 28
131 108
131 40
132 129
132 108
132 75
133 11
133 2
133 97
134 90
134 55
134 57
135 44
135 46
135 25
136 10
136 34
136 30
137 3
137 93
137 49
138 9
138 33
138 3
139 41
139 118
139 61
140 22
140 5
140 91
141 44
141 20
141 10
142 6
142 42
142 9
143 29
143 108
143 41
144 9
144 4
144 36
145 36
145 9
145 71
146 30
146 44
146 15
147 1
147 16
147 76
148 14
148 18
148 20
149 96
149 36
149 57
150 49
150 40
150 76
151 45
151 13
151 83
152 108
152 102
152 39
153 92
153 98
153 4
154 63
154 43
154 131
155 3
155 36
155 49
156 80
156 0
156 129
157 61
157 43
157 6
158 11
158 73
158 13
159 66
159 137
159 81
160 109
160 1
160 112
161 119
161 55
161 9
162 66
162 132
162 1
163 30
163 8
163 9
164 75
164 119
164 9
165 62
165 90
165 14
166 10
166 91
166 99
167 0
167 29
167 47
168 32
168 121
168 52
169 62
169 3
169 7
170 36
170 137
170 128
171 88
171 148
171 35
172 129
172 53
172 127
173 170
173 98
173 155
174 40
174 7
174 8
175 139
175 21
175 76
176 55
176 10
176 7
177 19
177 12
177 0
178 13
178 36
178 89
179 137
179 21
179 76
180 50
180 39
180 7
181 17
181 40
181 11
182 65
182 57
182 101
183 66
183 105
183 130
184 59
184 1
184 142
185 72
185 85
185 35
186 180
186 32
186 3
187 160
187 85
187 68
188 151
188 58
188 175
189 175
189 92
189 97
190 47
190 84
190 141
191 116
191 3
191 71
192 4
192 60
192 143
193 29
193 3
193 162
194 20
194 43
194 2
195 3
195 30
195 2
196 139
196 33
196 34
197 109
197 0
197 152
198 39
198 179
198 36
199 94
199 4
199 61
200 135
200 143
200 172
201 48
201 119
201 170
202 22
202 153
202 0
203 143
203 1
203 183
204 1
204 3
204 44
205 171
205 39
205 114
206 52
206 61
206 42
207 94
207 83
207 151
208 188
208 127
208 57
209 57
209 55
209 0
210 117
210 125
210 7
211 4
211 111
211 2
212 8
212 13
212 7
213 3
213 123
213 202
214 4
214 143
214 169
215 107
215 9
215 79
216 60
216 10
216 59
217 139
217 186
217 42
218 30
218 67
218 12
219 31
219 74
219 3
220 214
220 211
220 163
221 120
221 135
221 17
222 13
222 0
222 8
223 1
223 71
223 55
224 173
224 35
224 23
225 166
225 21
225 85
226 11
226 7
226 0
227 58
227 131
227 21
228 117
228 44
228 143
229 224
229 78
229 152
230 108
230 1
230 170
231 22
231 21
231 40
232 3
232 20
232 141
233 9
233 183
233 22
234 128
234 206
234 10
235 76
235 202
235 41
236 0
236 198
236 42
237 0
237 50
237 8
238 66
238 83
238 86
239 15
239 198
239 1
240 195
240 207
240 75
241 72
241 100
241 199
242 1
242 31
242 71
243 163
243 89
243 0
244 0
244 84
244 141
245 35
245 85
245 72
246 3
246 178
246 58
247 50
247 3
247 34
248 41
248 114
248 2
249 75
249 21
249 183
250 0
250 199
250 53
251 135
251 215
251 180
252 20
252 9
252 10
253 98
253 175
253 16
254 25
254 41
254 93
255 49
255 45
255 32
256 98
256 82
256 96
257 126
257 76
257 254
258 74
258 67
258 194
259 3
259 171
259 72
260 111
260 143
260 41
261 128
261 103
261 80
262 127
262 12
262 216
263 71
263 59
263 207
264 207
264 142
264 38
265 106
265 36
265 202
266 25
266 86
266 93
267 7
267 82
267 35
268 191
268 72
268 4
269 9
269 104
269 1
270 7
270 18
270 76
271 35
271 18
271 39
272 0
272 39
272 241
273 3
273 8
273 7
274 127
274 35
274 34
275 1
275 74
275 92
276 147
276 9
276 126
277 204
277 206
277 62
278 253
278 143
278 15
279 42
279 35
279 77
280 111
280 40
280 9
281 45
281 44
281 175
282 29
282 84
282 94
283 92
283 253
283 195
284 230
284 118
284 190
285 278
285 10
285 35
286 151
286 21
286 2
287 113
287 50
287 162
288 3
288 4
288 135
289 35
289 119
289 160
290 233
290 59
290 42
291 264
291 211
291 1
292 99
292 185
292 21
293 116
293 50
293 7
294 127
294 54
294 15
295 246
295 1
295 241
296 16
296 2
296 47
297 155
297 80
297 287
298 11
298 5
298 288
299 49
299 230
299 1
300 265
300 120
300 163
301 8
301 76
301 11
302 46
302 118
302 248
303 43
303 167
303 1
304 26
304 302
304 39
305 74
305 11
305 297
306 20
306 211
306 173
307 45
307 126
307 79
308 61
308 32
308 21
309 7
309 225
309 52
310 106
310 21
310 10
311 281
311 246
311 278
312 28
312 1
312 52
313 207
313 231
313 1
314 209
314 126
314 151
315 1
315 170
315 98
316 228
316 3
316 211
317 189
317 256
317 288
318 258
318 262
318 92
319 65
319 8
319 260
320 135
320 128
320 244
321 179
321 59
321 110
322 4
322 188
322 93
323 160
323 79
323 50
324 130
324 137
324 15
325 139
325 38
325 221
326 2
326 1
326 50
327 10
327 3
327 0
328 104
328 57
328 116
329 141
329 27
329 32
330 76
330 10
330 58
331 42
331 13
331 40
332 43
332 214
332 91
333 322
333 19
333 128
334 7
334 127
334 49
335 121
335 9
335 294
336 283
336 115
336 253
337 31
337 5
337 102
338 120
338 0
338 67
339 9
339 61
339 2
340 329
340 130
340 218
341 88
341 3
341 30
342 88
342 29
342 8
343 0
343 323
343 1
344 253
344 15
344 8
345 45
345 153
345 6
346 311
346 48
346 52
347 112
347 294
347 270
348 147
348 311
348 42
349 203
349 9
349 0
350 49
350 326
350 3
351 8
351 28
351 235
352 3
352 9
352 272
353 102
353 347
353 129
354 69
354 350
354 155
355 0
355 147
355 258
356 73
356 10
356 5
357 44
357 7
357 216
358 0
358 1
358 36
359 59
359 16
359 210
360 39
360 45
360 339
361 33
361 103
361 3
362 32
362 193
362 41
363 143
363 8
363 243
364 153
364 36
364 9
365 19
365 54
365 142
366 135
366 1
366 106
367 227
367 208
367 7
368 115
368 85
368 180
369 32
369 278
369 236
370 3
370 33
370 13
371 228
371 339
371 102
372 130
372 26
372 60
373 208
373 8
373 45
374 258
374 124
374 324
375 7
375 170
375 240
376 321
376 120
376 352
377 303
377 50
377 88
378 9
378 67
378 23
379 329
379 128
379 119
380 7
380 108
380 40
381 151
381 7
381 176
382 80
382 330
382 99
383 47
383 39
383 252
384 127
384 283
384 8
385 27
385 124
385 235
386 311
386 348
386 241
387 8
387 7
387 73
388 247
388 10
388 104
389 126
389 281
389 335
390 93
390 212
390 24
391 34
391 211
391 65
392 42
392 71
392 222
393 53
393 51
393 1
394 348
394 0
394 151
395 297
395 29
395 286
396 258
396 32
396 56
397 116
397 13
397 297
398 92
398 61
398 13
399 30
399 19
399 150
400 344
400 126
400 151
401 375
401 321
401 2
402 264
402 20
402 240
403 350
403 315
403 127
404 25
404 3
404 240
405 286
405 384
405 335
406 224
406 330
406 10
407 108
407 1
407 85
408 9
408 351
408 11
409 380
409 79
409 233
410 221
410 408
410 348
411 409
411 199
411 43
412 229
412 47
412 67
413 49
413 1
413 22
414 124
414 19
414 322
415 43
415 227
415 15
416 338
416 11
416 306
417 35
417 16
417 45
418 277
418 255
418 127
419 348
419 391
419 36
420 117
420 0
420 90
421 7
421 194
421 408
422 111
422 196
422 100
423 74
423 258
423 86
424 22
424 30
424 35
425 14
425 395
425 101
426 78
426 11
426 115
427 74
427 219
427 425
428 278
428 2
428 13
429 62
429 6
429 272
430 187
430 254
430 343
431 367
431 4
431 215
432 15
432 120
432 385
433 40
433 428
433 193
434 198
434 115
434 245
435 1
435 21
435 76
436 11
436 133
436 108
437 45
437 62
437 416
438 422
438 3
438 308
439 373
439 286
439 418
440 198
440 371
440 355
441 84
441 0
441 51
442 210
442 70
442 401
443 155
443 414
443 190
444 316
444 346
444 424
445 54
445 87
445 271
446 246
446 31
446 7
447 174
447 2
447 0
448 9
448 82
448 208
449 47
449 209
449 326
450 23
450 39
450 43
451 25
451 146
451 12
452 257
452 6
452 333
453 220
453 380
453 35
454 258
454 389
454 118
455 241
455 12
455 41
456 1
456 454
456 77
457 2
457 453
457 261
458 9
458 225
458 317
459 106
459 197
459 4
460 115
460 44
460 410
461 278
461 423
461 164
462 347
462 75
462 55
463 144
463 207
463 271
464 267
464 190
464 374
465 324
465 11
465 123
466 153
466 406
466 17
467 28
467 285
467 341
468 102
468 10
468 418
469 3
469 265
469 341
470 90
470 230
470 195
471 2
471 31
471 50
472 309
472 10
472 43
473 152
473 256
473 141
474 346
474 376
474 278
475 30
475 268
475 162
476 13
476 10
476 338
477 264
477 269
477 3
478 21
478 163
478 311
479 253
479 473
479 189
480 245
480 203
480 53
481 340
481 16
481 304
482 40
482 444
482 24
483 373
483 451
483 303
484 361
484 45
484 86
485 353
485 442
485 431
486 261
486 15
486 29
487 103
487 327
487 151
488 428
488 103
488 404
489 226
489 116
489 55
490 10
490 63
490 28
491 2
491 3
491 39
492 411
492 28
492 459
493 248
493 148
493 3
494 322
494 3
494 238
495 225
495 334
495 272
496 1
496 342
496 0
497 302
497 436
497 317
498 65
498 143
498 137
499 115
499 8
499 456
