0 1
1 0
2 1
2 0
3 0
3 1
3 2
4 1
4 0
4 2
5 0
5 2
5 1
6 5
6 0
6 1
7 5
7 1
7 4
8 2
8 3
8 7
9 0
9 2
9 5
10 2
10 1
10 7
11 7
11 2
11 4
12 6
12 2
12 7
13 0
13 12
13 8
14 9
14 0
14 12
15 7
15 6
15 5
16 8
16 0
16 15
17 8
17 7
17 16
18 12
18 2
18 3
19 2
19 1
19 0
20 2
20 9
20 7
21 18
21 3
21 8
22 0
22 8
22 15
23 7
23 10
23 17
24 10
24 0
24 7
25 2
25 23
25 1
26 7
26 2
26 21
27 0
27 6
27 18
28 21
28 9
28 1
29 11
29 12
29 3
30 1
30 9
30 0
31 21
31 9
31 6
32 1
32 12
32 18
33 11
33 2
33 21
34 12
34 23
34 2
35 16
35 25
35 2
36 18
36 12
36 17
37 0
37 20
37 21
38 0
38 35
38 11
39 31
39 7
39 18
40 9
40 0
40 17
41 1
41 25
41 9
42 23
42 14
42 12
43 0
43 10
43 20
44 5
44 33
44 17
45 20
45 16
45 41
46 0
46 6
46 23
47 6
47 23
47 41
48 8
48 12
48 0
49 23
49 21
49 0
50 41
50 47
50 9
51 0
51 6
51 19
52 41
52 19
52 3
53 7
53 25
53 12
54 6
54 38
54 1
55 25
55 3
55 0
56 8
56 17
56 41
57 21
57 20
57 8
58 17
58 38
58 24
59 11
59 7
59 12
60 20
60 2
60 54
61 4
61 23
61 27
62 60
62 58
62 46
63 18
63 53
63 19
64 18
64 51
64 17
65 23
65 5
65 57
66 11
66 5
66 63
67 31
67 11
67 8
68 7
68 12
68 60
69 12
69 23
69 19
70 65
70 29
70 45
71 12
71 65
71 50
72 3
72 1
72 41
73 49
73 20
73 25
74 55
74 0
74 16
75 20
75 16
75 41
76 40
76 16
76 54
77 21
77 39
77 75
78 74
78 39
78 35
79 13
79 1
79 30
80 65
80 52
80 30
81 23
81 26
81 45
82 72
82 19
82 11
83 16
83 12
83 32
84 51
84 16
84 4
85 41
85 39
85 73
86 6
86 63
86 28
87 67
87 5
87 82
88 2
88 8
88 85
89 60
89 88
89 55
90 9
90 28
90 1
91 80
91 18
91 4
92 4
92 17
92 24
93 81
93 17
93 20
94 54
94 4
94 41
95 0
95 9
95 21
96 10
96 7
96 0
97 16
97 0
97 75
98 12
98 91
98 22
99 63
99 6
99 73
