0 1
0 2
1 0
1 2
2 0
2 1
3 2
3 0
3 1
4 0
4 2
4 3
5 0
5 3
5 2
6 1
6 4
6 0
7 3
7 2
7 1
8 2
8 3
8 1
9 1
9 0
9 8
10 1
10 0
10 5
11 5
11 3
11 2
12 4
12 8
12 1
13 3
13 1
13 0
14 0
14 5
14 11
15 3
15 0
15 5
16 1
16 2
16 5
17 16
17 2
17 15
18 1
18 4
18 2
19 4
19 3
19 0
20 18
20 0
20 15
21 1
21 11
21 4
22 0
22 11
22 4
23 2
23 15
23 16
24 21
24 0
24 1
25 18
25 0
25 2
26 3
26 0
26 22
27 1
27 4
27 16
28 8
28 5
28 2
29 21
29 7
29 8
30 0
30 10
30 18
31 3
31 20
31 23
32 2
32 13
32 23
33 0
33 22
33 9
34 2
34 31
34 4
35 2
35 0
35 1
36 19
36 17
36 31
37 2
37 13
37 21
38 10
38 8
38 0
39 23
39 7
39 2
40 3
40 11
40 0
41 29
41 0
41 5
42 5
42 4
42 28
43 30
43 0
43 2
44 7
44 8
44 22
45 11
45 3
45 8
46 31
46 21
46 18
47 7
47 14
47 1
48 11
48 37
48 22
49 3
49 38
49 37
