0 1
0 2
0 3
0 4
0 5
0 12
0 14
0 17
0 19
0 20
0 22
1 0
1 2
1 3
1 4
1 6
1 9
1 10
1 11
1 21
1 23
1 28
2 1
2 0
2 3
2 4
2 5
2 6
2 7
2 8
2 9
2 12
2 13
3 1
3 0
3 2
3 6
3 8
3 9
3 15
3 17
3 18
3 30
3 37
4 2
4 1
4 0
4 5
4 7
4 14
4 21
4 26
4 34
5 0
5 4
5 2
5 7
5 8
5 11
5 13
5 17
5 18
5 21
5 27
6 3
6 2
6 1
6 10
6 24
6 35
6 89
7 4
7 2
7 5
7 15
7 24
7 35
7 37
7 39
7 40
7 47
7 75
8 5
8 3
8 2
8 13
8 26
8 33
8 44
8 47
8 49
9 3
9 2
9 1
9 10
9 11
9 16
9 38
9 46
10 6
10 1
10 9
10 32
10 33
10 51
10 55
10 57
10 73
10 85
11 1
11 5
11 9
11 12
11 14
11 38
11 52
11 60
11 87
12 0
12 11
12 2
12 16
12 18
12 20
12 30
12 54
12 58
12 68
12 91
13 8
13 5
13 2
13 24
13 25
13 27
13 29
13 44
13 64
13 88
14 4
14 0
14 11
14 16
14 19
14 28
14 31
14 34
14 42
14 59
15 3
15 7
15 2
15 54
15 71
15 88
15 95
16 9
16 12
16 14
16 35
16 42
16 51
16 71
16 76
16 88
16 91
17 0
17 3
17 5
17 25
17 40
17 46
17 49
17 52
17 56
17 59
17 62
18 3
18 12
18 5
18 22
18 36
18 50
18 61
18 70
18 92
18 93
19 2
19 0
19 14
19 23
19 33
19 77
20 0
20 2
20 12
20 99
21 5
21 4
21 1
21 22
21 31
21 64
21 87
21 89
22 0
22 18
22 21
22 25
22 29
22 30
22 65
23 0
23 19
23 1
23 87
24 7
24 13
24 6
24 41
24 54
24 59
25 22
25 13
25 17
25 26
25 27
25 29
25 37
25 56
25 58
25 63
25 78
26 25
26 8
26 4
26 86
27 5
27 13
27 25
27 45
27 48
27 62
27 86
28 5
28 1
28 14
28 40
28 48
28 85
29 25
29 13
29 22
29 50
29 63
29 90
30 22
30 12
30 3
30 31
30 50
30 56
30 57
30 82
30 97
31 30
31 14
31 21
31 32
31 49
31 61
32 31
32 10
32 1
32 47
33 8
33 10
33 19
33 34
33 44
33 67
33 69
34 4
34 33
34 14
34 38
34 66
34 78
35 6
35 16
35 7
36 2
36 18
36 1
37 25
37 3
37 7
37 91
38 9
38 34
38 11
38 64
38 69
38 94
39 1
39 2
39 7
39 81
40 28
40 17
40 7
40 48
40 53
40 71
40 79
40 92
41 2
41 24
41 1
41 42
41 52
41 94
42 14
42 41
42 16
43 1
43 2
43 5
44 8
44 13
44 33
45 5
45 27
45 1
45 78
46 9
46 17
46 1
46 55
46 94
47 7
47 32
47 8
48 28
48 40
48 27
48 74
49 8
49 31
49 17
49 58
49 67
49 69
49 99
50 29
50 30
50 18
50 77
50 90
51 0
51 16
51 10
51 57
51 90
51 99
52 17
52 11
52 41
52 86
53 40
53 5
53 2
54 24
54 15
54 12
54 60
55 10
55 0
55 46
56 25
56 17
56 30
57 30
57 10
57 51
57 72
58 25
58 12
58 49
58 66
58 67
58 75
58 80
59 17
59 14
59 24
59 76
60 2
60 54
60 11
60 61
60 84
60 96
61 60
61 31
61 18
61 82
62 17
62 27
62 3
63 25
63 1
63 29
63 65
64 13
64 21
64 38
64 85
65 22
65 63
65 17
65 68
66 58
66 5
66 34
66 73
66 75
67 49
67 33
67 58
68 12
68 3
68 65
68 70
68 97
69 33
69 38
69 49
70 2
70 18
70 68
70 74
70 93
70 96
71 15
71 16
71 40
71 96
72 3
72 57
72 17
73 2
73 66
73 10
74 70
74 3
74 48
74 80
75 66
75 58
75 7
75 83
76 3
76 59
76 16
76 77
77 76
77 19
77 50
78 34
78 25
78 45
78 81
79 40
79 1
79 17
80 17
80 58
80 74
81 78
81 39
81 17
82 30
82 61
82 5
82 92
83 75
83 5
83 2
83 98
84 2
84 60
84 25
85 64
85 28
85 10
86 27
86 52
86 26
86 97
87 23
87 21
87 11
88 13
88 15
88 16
89 6
89 21
89 2
90 29
90 50
90 51
90 93
90 95
91 12
91 37
91 16
92 18
92 40
92 82
93 90
93 70
93 18
94 38
94 41
94 46
95 2
95 15
95 90
96 71
96 70
96 60
97 68
97 30
97 86
98 83
98 25
98 1
99 51
99 49
99 20
