0 1
0 2
0 3
0 4
0 5
0 31
0 36
1 0
1 2
1 3
1 4
1 6
1 8
1 9
2 0
2 1
2 3
2 6
2 7
2 9
2 15
3 1
3 0
3 2
3 4
3 5
3 7
3 8
4 0
4 1
4 3
4 5
4 6
4 9
4 10
5 0
5 3
5 4
5 10
5 11
5 19
5 24
6 1
6 4
6 2
6 7
6 12
6 17
6 25
7 3
7 2
7 6
7 8
7 13
7 21
7 26
8 1
8 7
8 3
8 11
8 22
8 23
8 35
9 4
9 1
9 2
9 13
9 14
9 22
9 25
10 1
10 4
10 5
10 15
10 18
10 20
10 27
11 4
11 5
11 8
11 15
11 31
11 42
11 52
12 6
12 3
12 1
12 32
12 39
12 45
12 47
13 3
13 9
13 7
13 14
13 27
13 32
13 62
14 9
14 13
14 1
14 19
14 43
14 57
14 105
15 10
15 2
15 11
15 16
15 17
15 18
15 23
16 3
16 15
16 1
16 35
16 92
16 160
16 283
17 15
17 3
17 6
17 33
17 34
17 49
17 60
18 10
18 3
18 15
18 44
18 49
18 79
18 101
19 5
19 1
19 14
19 28
19 34
19 35
19 37
20 3
20 4
20 10
20 21
20 122
20 162
20 187
21 7
21 20
21 4
21 205
21 212
21 560
21 690
22 9
22 2
22 8
22 23
22 31
22 39
22 52
23 15
23 22
23 8
23 24
23 29
23 46
23 50
24 23
24 5
24 3
24 41
24 64
24 67
24 78
25 6
25 9
25 1
25 64
25 125
25 130
25 140
26 6
26 7
26 3
26 27
26 32
26 33
26 44
27 26
27 10
27 13
27 90
27 261
27 419
27 513
28 19
28 4
28 3
28 62
28 69
28 78
28 115
29 9
29 23
29 5
29 112
29 220
29 294
29 374
30 4
30 10
30 9
30 39
30 47
30 58
30 65
31 11
31 0
31 22
31 40
31 61
31 71
31 97
32 26
32 13
32 12
32 117
32 134
32 137
32 147
33 5
33 26
33 17
33 38
33 41
33 44
33 45
34 4
34 19
34 17
34 43
34 59
34 77
34 115
35 19
35 8
35 16
35 38
35 71
35 80
35 82
36 0
36 4
36 9
36 56
36 57
36 76
36 116
37 5
37 15
37 19
37 73
37 129
37 150
37 474
38 33
38 19
38 35
38 46
38 79
38 91
38 111
39 22
39 12
39 30
39 43
39 59
39 73
39 121
40 31
40 2
40 19
40 53
40 57
40 87
40 175
41 15
41 33
41 24
41 48
41 137
41 145
41 401
42 3
42 11
42 19
42 54
42 59
42 84
42 109
43 34
43 39
43 14
43 74
43 139
43 308
43 329
44 26
44 33
44 18
44 54
44 80
44 96
44 145
45 33
45 10
45 12
45 47
45 64
45 139
45 177
46 4
46 23
46 38
46 96
46 204
46 243
46 335
47 45
47 12
47 30
47 91
47 102
47 107
47 172
48 9
48 19
48 41
48 58
48 65
48 104
48 123
49 17
49 0
49 18
49 55
49 93
49 109
49 113
50 4
50 23
50 8
50 101
50 204
50 275
50 440
51 10
51 7
51 2
51 138
51 198
51 202
51 373
52 11
52 23
52 22
52 55
52 56
52 74
52 82
53 26
53 40
53 7
53 75
53 122
53 205
53 242
54 44
54 11
54 42
54 63
54 108
54 333
54 349
55 49
55 7
55 52
55 94
55 112
55 129
55 144
56 10
56 36
56 52
56 69
56 266
56 975
57 40
57 14
57 36
57 85
57 87
57 142
57 206
58 48
58 30
58 6
58 81
58 89
58 561
58 687
59 39
59 34
59 42
59 66
59 140
59 168
59 201
60 17
60 8
60 33
60 100
60 200
60 323
60 418
61 4
61 3
61 31
61 101
61 152
61 167
61 175
62 13
62 28
62 17
62 70
62 95
62 114
62 148
63 19
63 54
63 9
63 74
63 113
63 143
63 148
64 24
64 45
64 25
64 111
64 131
64 140
64 201
65 30
65 48
65 8
65 93
65 117
65 136
65 236
66 23
66 59
66 10
66 88
66 209
66 255
66 305
67 22
67 3
67 24
67 103
67 118
67 194
67 278
68 26
68 0
68 2
68 77
69 28
69 10
69 56
69 71
69 75
69 162
69 174
70 62
70 15
70 9
70 102
70 120
70 203
70 241
71 35
71 69
71 31
71 86
71 90
71 95
71 104
72 15
72 8
72 30
72 83
72 154
72 161
72 183
73 39
73 37
73 7
73 115
73 120
73 128
73 188
74 63
74 43
74 52
74 86
74 123
74 156
74 185
75 53
75 15
75 69
75 89
75 297
75 553
75 565
76 33
76 7
76 36
76 86
76 309
76 366
76 966
77 2
77 34
77 68
77 85
77 103
77 188
77 193
78 15
78 24
78 28
78 88
78 97
78 110
78 150
79 38
79 18
79 9
79 447
79 494
79 678
79 923
80 10
80 35
80 44
80 120
80 159
80 347
80 449
81 58
81 11
81 26
81 118
81 129
81 141
81 179
82 52
82 13
82 35
82 132
82 217
82 295
82 437
83 72
83 1
83 22
83 132
83 218
83 275
83 890
84 3
84 1
84 42
84 110
84 124
84 128
84 190
85 77
85 57
85 0
85 126
85 233
85 605
85 933
86 76
86 74
86 71
86 105
86 895
86 905
87 9
87 40
87 57
87 108
87 178
87 270
87 288
88 78
88 9
88 66
88 93
88 333
88 354
88 819
89 22
89 58
89 75
89 135
89 231
89 258
89 419
90 27
90 7
90 71
90 98
90 153
90 154
90 285
91 33
91 38
91 47
91 155
91 196
91 209
91 230
92 12
92 7
92 16
92 125
92 579
93 49
93 65
93 88
93 211
93 296
93 381
93 514
94 55
94 1
94 4
94 98
94 157
94 321
94 357
95 62
95 71
95 12
95 271
95 318
95 337
95 386
96 8
96 44
96 46
96 99
96 224
96 244
96 254
97 31
97 19
97 78
97 166
97 266
97 480
97 514
98 52
98 90
98 94
98 168
98 203
98 313
98 393
99 96
99 13
99 7
99 119
99 163
99 227
99 276
100 3
100 60
100 0
100 163
100 302
100 304
100 326
101 61
101 18
101 50
101 137
101 173
101 310
101 518
102 3
102 47
102 70
102 143
102 310
102 316
102 367
103 77
103 23
103 67
103 187
103 199
103 210
103 225
104 48
104 71
104 31
104 106
104 107
104 181
104 290
105 86
105 14
105 17
105 136
105 161
105 252
105 286
106 71
106 7
106 104
106 170
106 240
106 248
106 319
107 9
107 104
107 47
107 133
107 681
107 792
107 972
108 54
108 30
108 87
108 128
108 147
108 151
108 166
109 35
109 42
109 49
109 169
109 391
109 641
109 696
110 78
110 23
110 84
110 169
110 252
110 296
110 427
111 38
111 64
111 19
111 117
111 182
111 265
111 270
112 55
112 29
112 17
112 146
112 299
112 312
112 576
113 42
113 63
113 49
113 263
113 389
113 644
113 645
114 30
114 62
114 13
114 170
114 228
114 334
114 394
115 73
115 28
115 34
115 119
115 216
115 249
115 298
116 0
116 36
116 5
116 156
116 417
116 433
117 65
117 32
117 111
117 383
117 647
117 777
117 896
118 15
118 81
118 67
118 157
118 168
118 198
118 251
119 99
119 115
119 71
119 202
119 402
119 426
120 73
120 70
120 80
120 180
120 374
120 441
120 573
121 39
121 4
121 8
121 248
121 479
121 548
122 20
122 9
122 53
122 151
122 438
122 484
122 688
123 4
123 48
123 74
123 190
123 292
123 310
123 329
124 84
124 5
124 3
124 127
124 164
124 172
124 224
125 92
125 9
125 25
125 201
125 219
125 244
125 611
126 3
126 85
126 4
126 240
126 464
126 505
126 583
127 31
127 22
127 124
127 139
127 236
127 362
127 461
128 108
128 73
128 84
128 155
128 170
128 215
128 262
129 55
129 37
129 81
129 146
129 189
129 191
129 423
130 3
130 25
130 6
130 195
130 266
130 334
130 744
131 22
131 3
131 64
131 337
131 532
132 4
132 83
132 82
132 152
132 159
132 181
132 188
133 8
133 107
133 7
133 171
133 334
133 674
133 722
134 23
134 32
134 9
134 233
134 395
134 636
134 660
135 89
135 22
135 1
135 338
135 583
135 612
135 617
136 4
136 65
136 105
137 41
137 101
137 32
137 158
137 191
137 229
137 315
138 5
138 51
138 3
138 142
138 200
138 352
138 354
139 45
139 127
139 43
139 254
139 345
139 466
139 491
140 59
140 25
140 64
140 250
140 261
140 267
140 289
141 1
141 7
141 81
141 152
141 313
142 57
142 2
142 138
142 184
142 205
142 239
142 311
143 63
143 102
143 9
143 259
143 272
144 10
144 55
144 42
144 429
144 476
145 22
145 44
145 41
145 176
145 247
145 262
145 355
146 129
146 112
146 1
146 184
146 256
146 642
146 768
147 32
147 108
147 5
147 208
147 353
147 608
147 975
148 63
148 31
148 62
148 260
148 340
148 344
148 462
149 49
149 23
149 10
149 331
149 627
149 885
150 37
150 6
150 78
150 364
150 598
150 873
150 921
151 108
151 15
151 122
151 260
151 268
151 359
151 390
152 61
152 132
152 141
152 161
152 172
152 240
152 299
153 90
153 7
153 62
153 180
153 186
153 227
153 259
154 30
154 90
154 72
154 164
154 395
154 519
154 746
155 128
155 11
155 91
155 163
155 366
155 367
155 388
156 116
156 63
156 74
156 226
156 480
156 499
156 555
157 94
157 63
157 118
157 664
158 12
158 2
158 137
158 459
158 474
158 487
159 132
159 3
159 80
159 406
159 606
159 705
159 707
160 1
160 16
160 52
160 193
160 651
161 152
161 105
161 72
161 257
161 336
161 745
162 69
162 23
162 20
162 167
162 404
162 412
162 413
163 155
163 99
163 100
163 323
163 333
163 572
163 828
164 154
164 124
164 49
164 175
164 349
164 805
165 31
165 8
165 39
165 211
165 790
166 6
166 108
166 97
166 291
166 352
166 360
166 371
167 162
167 61
167 0
167 194
167 226
167 245
167 336
168 59
168 98
168 118
168 398
168 399
168 616
168 650
169 110
169 109
169 32
169 182
170 114
170 128
170 106
170 217
170 234
170 250
170 280
171 133
171 7
171 14
171 308
171 368
171 435
171 546
172 47
172 124
172 152
172 263
172 295
172 335
172 495
173 101
173 6
173 62
173 174
173 178
173 207
173 246
174 15
174 173
174 69
174 517
174 607
174 639
174 665
175 164
175 61
175 40
175 279
175 425
175 638
175 649
176 69
176 145
176 19
176 638
176 687
176 853
176 983
177 45
177 61
177 4
177 244
178 87
178 173
178 8
178 944
178 947
179 81
179 30
179 19
179 228
179 369
179 483
179 501
180 153
180 48
180 120
180 355
180 563
180 631
180 737
181 19
181 104
181 132
181 414
181 446
181 469
181 484
182 28
182 111
182 169
182 341
182 444
182 500
182 504
183 72
183 81
183 1
183 190
183 416
184 146
184 142
184 6
184 235
184 313
184 339
184 443
185 74
185 3
185 31
185 210
185 279
185 460
185 681
186 42
186 5
186 153
186 301
186 348
186 507
186 513
187 103
187 20
187 3
187 407
187 478
187 732
188 132
188 73
188 77
188 246
188 369
188 385
188 683
189 33
189 129
189 47
189 990
190 183
190 84
190 123
190 223
190 309
190 643
190 711
191 42
191 137
191 129
191 192
192 191
192 3
192 8
192 253
192 744
192 788
193 160
193 1
193 77
193 259
193 319
193 387
193 463
194 3
194 67
194 167
194 342
194 382
194 399
194 948
195 130
195 4
195 13
195 415
195 849
196 5
196 91
196 3
196 269
196 432
196 460
197 22
197 14
197 23
197 227
197 228
197 304
197 429
198 51
198 118
198 55
198 279
198 616
198 662
198 724
199 44
199 24
199 103
199 351
199 390
200 60
200 30
200 138
200 424
200 557
200 725
200 779
201 64
201 125
201 59
201 237
201 251
201 341
202 51
202 49
202 119
202 211
202 220
202 431
202 442
203 69
203 70
203 98
203 213
203 253
203 844
203 847
204 50
204 46
204 28
204 237
204 315
204 554
204 622
205 21
205 142
205 53
205 264
205 410
205 741
205 869
206 32
206 8
206 57
206 223
206 285
206 289
206 302
207 173
207 108
207 5
207 461
207 904
208 78
208 147
208 14
208 248
208 398
208 544
208 776
209 66
209 2
209 91
209 257
210 185
210 103
210 3
210 324
210 359
210 439
210 476
211 165
211 93
211 202
211 517
211 842
211 987
212 21
212 23
212 10
212 230
213 69
213 1
213 203
213 300
213 509
213 814
214 2
214 34
214 30
214 278
214 298
214 305
214 600
215 17
215 128
215 63
215 393
216 20
216 22
216 115
216 438
216 471
216 570
216 893
217 82
217 170
217 31
217 327
217 379
218 83
218 108
218 64
218 377
218 715
219 72
219 12
219 125
219 225
220 202
220 78
220 29
220 525
220 791
221 19
221 24
221 132
221 281
221 758
221 827
221 965
222 25
222 19
222 12
222 732
222 882
223 190
223 206
223 63
223 229
223 317
223 320
223 328
224 96
224 124
224 49
224 434
224 477
224 528
224 632
225 103
225 7
225 219
225 329
226 12
226 156
226 167
226 299
226 326
226 395
226 997
227 153
227 197
227 99
227 463
228 114
228 179
228 197
228 387
228 501
228 530
228 536
229 57
229 137
229 223
229 231
229 295
229 428
229 457
230 24
230 91
230 212
230 241
230 282
230 811
230 874
231 103
231 229
231 89
231 303
231 489
231 637
231 696
232 6
232 2
232 19
232 237
232 465
232 586
232 866
233 61
233 85
233 134
233 247
233 255
233 291
233 370
234 7
234 170
234 12
234 320
234 497
235 35
235 49
235 184
235 243
235 510
235 695
235 727
236 127
236 65
236 9
236 338
236 621
236 676
236 871
237 204
237 201
237 232
237 262
237 582
237 615
237 873
238 4
238 17
238 49
239 142
239 9
239 2
239 256
239 644
239 670
240 152
240 126
240 106
240 332
240 434
240 481
240 850
241 71
241 230
241 70
241 591
241 611
241 786
242 53
242 74
242 62
242 365
242 433
242 634
242 671
243 46
243 235
243 7
244 177
244 125
244 96
244 269
244 271
244 397
244 694
245 13
245 167
245 2
245 272
245 493
245 515
245 543
246 12
246 188
246 173
246 277
246 405
246 419
246 502
247 6
247 145
247 233
247 670
248 208
248 121
248 106
248 821
249 115
249 8
249 57
249 458
249 595
249 631
249 662
250 6
250 140
250 170
250 339
251 118
251 13
251 201
251 889
252 110
252 73
252 105
252 253
252 289
253 192
253 203
253 252
253 303
253 330
253 630
254 96
254 17
254 139
254 609
255 66
255 31
255 233
255 889
256 146
256 35
256 239
256 324
256 385
256 482
256 578
257 209
257 161
257 103
257 481
257 764
257 900
258 32
258 7
258 89
258 274
258 592
259 143
259 193
259 153
259 495
259 657
259 812
259 914
260 148
260 151
260 42
260 476
261 74
261 140
261 27
261 470
261 667
262 237
262 128
262 145
262 604
262 775
262 778
262 838
263 12
263 172
263 113
263 365
263 430
263 540
263 908
264 49
264 23
264 205
264 265
264 325
265 264
265 32
265 111
265 270
265 437
266 130
266 56
266 97
266 478
266 692
267 140
267 12
267 103
268 34
268 151
268 118
268 493
268 743
269 196
269 244
269 84
269 381
269 392
269 457
269 979
270 265
270 111
270 87
270 420
270 522
271 31
271 95
271 244
271 380
271 446
272 245
272 143
272 30
272 358
272 402
272 629
272 847
273 14
273 1
273 74
274 103
274 258
274 173
274 522
275 50
275 19
275 83
275 532
275 562
275 594
275 727
276 128
276 99
276 72
276 468
277 38
277 246
277 42
277 297
277 795
278 74
278 67
278 214
278 323
278 431
278 674
279 198
279 175
279 185
279 356
279 394
279 405
279 680
280 0
280 170
280 32
280 457
280 547
280 568
281 2
281 63
281 221
281 290
281 336
281 408
281 657
282 55
282 230
282 3
282 371
283 65
283 16
283 23
283 284
283 481
283 890
284 84
284 283
284 30
284 314
284 357
284 382
285 124
285 206
285 90
285 322
285 491
285 772
286 103
286 6
286 105
286 307
286 452
286 557
286 693
287 35
287 30
287 10
287 550
287 878
288 65
288 87
288 18
288 314
288 466
288 489
288 721
289 206
289 252
289 140
289 367
289 500
289 528
289 578
290 5
290 281
290 104
290 382
290 464
290 500
290 505
291 166
291 233
291 72
291 480
291 551
291 731
291 818
292 71
292 10
292 123
292 430
292 639
292 876
292 947
293 36
293 52
293 96
294 29
294 12
294 33
294 356
294 362
294 858
294 914
295 229
295 82
295 172
295 317
295 325
295 450
295 631
296 93
296 5
296 110
296 406
297 75
297 3
297 277
297 361
297 453
297 467
297 614
298 9
298 115
298 214
298 309
298 346
298 442
298 934
299 112
299 152
299 226
299 425
299 768
300 213
300 24
300 0
300 322
300 403
300 455
300 677
301 186
301 87
301 62
301 400
301 413
301 474
301 521
302 100
302 42
302 206
302 314
303 231
303 3
303 253
303 356
303 824
303 903
304 105
304 197
304 100
304 415
304 421
304 436
304 451
305 214
305 66
305 170
306 24
306 7
306 55
307 87
307 72
307 286
307 343
307 537
307 553
307 589
308 171
308 43
308 61
308 370
308 373
308 489
308 736
309 76
309 190
309 298
309 582
309 729
309 755
309 759
310 101
310 102
310 123
310 582
310 718
311 35
311 59
311 142
311 890
312 112
312 28
312 26
312 358
312 581
312 682
312 919
313 184
313 141
313 98
313 433
313 565
313 686
313 941
314 302
314 284
314 288
314 332
314 723
315 73
315 204
315 137
315 316
315 502
316 315
316 91
316 102
316 534
316 543
317 295
317 223
317 49
317 344
317 407
317 665
317 952
318 3
318 95
318 23
318 490
318 498
318 698
319 106
319 173
319 193
319 361
319 545
319 734
319 925
320 234
320 223
320 108
320 321
320 504
320 509
320 826
321 94
321 118
321 320
321 451
321 610
321 854
322 285
322 13
322 300
322 716
323 60
323 163
323 278
323 449
323 451
324 2
324 256
324 210
324 388
324 739
325 264
325 295
325 70
325 750
326 23
326 226
326 100
326 340
326 956
327 170
327 153
327 217
327 349
327 409
327 835
327 897
328 65
328 223
328 67
328 562
328 895
328 950
329 225
329 43
329 123
329 503
329 733
330 253
330 33
330 106
330 492
331 69
331 71
331 149
331 337
331 473
331 512
331 703
332 96
332 314
332 240
332 536
333 88
333 54
333 163
333 444
333 520
333 586
333 757
334 133
334 114
334 130
334 483
334 612
334 761
334 789
335 46
335 172
335 70
335 488
335 816
336 167
336 161
336 281
336 520
336 764
336 804
336 845
337 131
337 331
337 95
337 363
337 546
338 124
338 135
338 236
338 587
338 639
339 184
339 250
339 57
339 588
339 676
339 738
340 326
340 148
340 32
340 378
340 417
340 423
340 529
341 84
341 201
341 182
341 372
341 654
342 34
342 103
342 194
342 625
342 651
342 782
343 26
343 307
343 106
343 418
343 963
344 2
344 317
344 148
344 373
344 403
344 658
344 954
345 128
345 1
345 139
345 353
345 515
345 613
345 784
346 223
346 71
346 298
346 448
346 584
347 1
347 19
347 80
347 442
347 511
347 730
348 186
348 7
348 111
348 448
348 454
349 54
349 164
349 327
349 392
349 593
349 787
349 961
350 74
350 12
350 19
350 404
350 410
350 660
350 699
351 5
351 199
351 16
351 884
351 998
352 166
352 78
352 138
352 549
352 818
353 43
353 345
353 147
353 492
353 530
354 138
354 108
354 88
354 404
354 477
354 545
354 559
355 4
355 145
355 180
355 408
355 469
356 294
356 279
356 303
357 284
357 94
357 140
357 414
357 776
357 834
357 958
358 140
358 272
358 312
358 685
358 813
359 210
359 151
359 14
359 379
359 534
359 806
359 886
360 49
360 63
360 166
360 364
360 399
360 417
360 462
361 64
361 297
361 319
361 652
361 883
362 294
362 127
362 48
362 618
362 812
363 10
363 337
363 38
364 360
364 24
364 150
364 568
364 918
365 32
365 242
365 263
365 917
366 76
366 124
366 155
366 493
366 649
366 808
367 289
367 102
367 155
367 409
367 524
367 551
367 614
368 124
368 171
368 67
368 524
368 599
368 607
368 965
369 140
369 179
369 188
369 377
369 378
369 420
369 499
370 308
370 15
370 233
370 607
370 696
371 166
371 282
371 65
372 341
372 7
372 108
372 617
372 658
373 51
373 308
373 344
373 415
373 564
373 678
373 705
374 23
374 29
374 120
374 453
374 630
375 64
375 57
375 61
375 494
376 9
376 53
376 65
377 3
377 218
377 369
378 340
378 26
378 369
378 498
378 584
379 359
379 217
379 3
379 396
379 771
380 23
380 128
380 271
380 668
380 686
380 698
380 869
381 16
381 93
381 269
381 627
381 824
382 194
382 284
382 290
382 990
383 54
383 12
383 117
383 760
383 984
384 12
384 14
384 106
384 534
385 256
385 188
385 7
385 689
386 95
386 16
386 94
387 193
387 142
387 228
388 324
388 155
388 1
388 537
388 933
389 61
389 9
389 113
389 503
389 526
389 820
389 934
390 151
390 4
390 199
390 666
391 3
391 109
391 2
391 791
392 269
392 94
392 349
392 410
392 516
393 81
393 215
393 98
393 398
393 694
394 279
394 69
394 114
395 134
395 154
395 226
395 909
396 65
396 132
396 379
396 456
396 723
396 771
396 839
397 95
397 244
397 44
398 393
398 208
398 168
398 625
399 194
399 168
399 360
400 4
400 63
400 301
400 602
400 730
400 753
400 918
401 34
401 151
401 41
401 573
401 575
401 699
402 272
402 119
402 137
402 570
402 865
403 145
403 300
403 344
403 509
403 604
403 961
404 350
404 162
404 354
404 477
405 246
405 57
405 279
405 981
405 986
406 31
406 296
406 159
406 508
406 564
407 187
407 317
407 65
407 953
408 281
408 355
408 5
408 581
408 653
408 759
408 872
409 87
409 367
409 327
409 903
409 937
410 350
410 392
410 205
410 985
411 61
411 22
411 43
411 727
412 6
412 162
412 0
412 461
413 301
413 22
413 162
413 784
413 945
414 357
414 26
414 181
414 663
414 677
414 713
415 304
415 373
415 195
415 543
415 546
416 183
416 30
416 81
416 452
417 340
417 360
417 116
417 447
417 519
417 599
418 343
418 7
418 60
419 89
419 246
419 27
419 646
419 845
420 115
420 270
420 369
420 485
421 65
421 304
421 52
421 454
421 621
422 9
422 11
422 70
422 447
423 173
423 129
423 340
423 511
423 640
423 739
424 138
424 200
424 17
424 488
425 8
425 175
425 299
426 119
426 87
426 13
426 456
426 595
427 55
427 110
427 98
427 434
427 445
427 598
427 778
428 13
428 31
428 229
429 197
429 9
429 144
430 292
430 5
430 263
430 548
430 562
430 748
431 151
431 202
431 278
431 484
431 539
431 728
432 52
432 196
432 108
432 807
432 834
433 116
433 242
433 313
433 558
433 976
434 224
434 427
434 240
434 707
435 103
435 61
435 171
436 102
436 7
436 304
436 537
436 893
437 265
437 67
437 82
437 496
437 698
437 719
438 36
438 122
438 216
438 875
439 210
439 129
439 2
439 479
439 585
440 50
440 106
440 233
440 586
440 964
440 967
441 120
441 151
441 132
441 668
441 854
442 298
442 202
442 347
442 581
442 794
443 40
443 184
443 43
443 496
443 651
443 811
444 182
444 7
444 333
444 989
445 427
445 132
445 12
445 468
445 617
445 735
446 271
446 181
446 95
446 491
446 603
446 654
446 710
447 417
447 79
447 422
447 635
447 675
448 346
448 108
448 348
449 323
449 140
449 80
449 533
449 555
449 818
450 8
450 295
450 14
450 628
450 641
450 848
451 323
451 304
451 321
451 508
451 664
451 756
452 286
452 67
452 416
452 712
453 3
453 374
453 297
453 572
454 421
454 348
454 87
454 531
454 882
455 57
455 43
455 300
456 426
456 396
456 162
456 596
456 669
457 269
457 229
457 280
457 626
458 71
458 42
458 249
459 158
459 8
459 12
459 487
460 196
460 185
460 23
460 999
461 207
461 412
461 127
461 538
461 688
461 704
461 803
462 22
462 360
462 148
463 227
463 193
463 91
463 483
464 290
464 100
464 126
464 700
464 902
465 94
465 232
465 52
466 304
466 139
466 288
466 669
467 94
467 297
467 7
467 682
467 697
467 747
467 831
468 445
468 276
468 70
469 6
469 181
469 355
469 506
469 733
469 930
469 989
470 261
470 108
470 145
470 663
471 216
471 22
471 3
471 634
472 19
472 82
472 128
472 861
473 32
473 331
473 170
473 566
473 664
474 158
474 37
474 301
474 622
474 704
474 858
475 44
475 57
475 7
475 641
475 815
476 260
476 210
476 144
476 636
477 354
477 224
477 404
477 488
477 786
477 968
478 187
478 360
478 266
479 121
479 439
479 108
480 291
480 97
480 156
480 585
480 774
481 240
481 257
481 283
481 539
481 563
481 574
481 770
482 256
482 1
482 11
482 572
482 615
482 679
482 717
483 179
483 463
483 334
483 566
483 666
483 967
484 181
484 122
484 431
484 523
484 623
485 62
485 0
485 420
486 181
486 29
486 49
486 528
486 625
487 158
487 153
487 459
487 567
488 477
488 335
488 424
488 752
488 782
489 231
489 288
489 308
490 318
490 7
490 2
491 139
491 446
491 285
491 587
492 330
492 353
492 0
492 541
493 268
493 245
493 366
493 515
493 525
493 898
494 10
494 79
494 375
494 584
494 926
495 172
495 259
495 193
495 665
496 443
496 142
496 437
496 563
496 714
496 825
497 234
497 153
497 14
497 539
497 693
498 62
498 378
498 318
498 884
499 156
499 369
499 128
499 701
500 290
500 289
500 182
500 507
500 624
501 228
501 59
501 179
501 875
502 315
502 246
502 15
503 389
503 0
503 329
503 558
503 619
503 832
503 951
504 35
504 182
504 320
504 632
504 673
504 865
505 30
505 126
505 290
506 72
506 469
506 91
506 578
506 602
507 179
507 186
507 500
508 10
508 451
508 406
508 516
508 838
509 403
509 320
509 213
509 524
509 781
510 8
510 235
510 69
510 932
511 423
511 34
511 347
512 331
512 0
512 50
512 783
513 90
513 27
513 186
513 530
513 760
514 97
514 69
514 93
514 913
515 345
515 245
515 493
515 593
515 624
515 721
516 63
516 508
516 392
516 827
517 211
517 174
517 152
517 564
518 8
518 32
518 101
519 3
519 417
519 154
519 843
520 336
520 78
520 333
520 960
521 3
521 301
521 103
521 554
521 614
521 717
521 816
522 270
522 274
522 98
522 569
522 659
522 754
522 789
523 484
523 103
523 22
523 732
524 367
524 509
524 368
524 905
525 220
525 493
525 32
525 533
525 864
525 959
526 389
526 142
526 202
526 588
526 606
527 5
527 62
527 57
527 956
528 486
528 289
528 224
528 656
529 340
529 70
529 4
530 353
530 228
530 513
531 35
531 0
531 454
532 131
532 275
532 233
532 575
532 749
533 449
533 290
533 525
533 535
533 719
533 830
533 884
534 384
534 316
534 359
534 680
534 777
535 533
535 11
535 78
535 849
536 63
536 332
536 228
537 307
537 388
537 436
537 638
538 102
538 206
538 461
538 714
538 750
539 431
539 481
539 497
540 145
540 108
540 263
540 605
540 699
540 821
541 84
541 46
541 492
541 560
541 882
541 919
541 958
542 3
542 84
542 8
542 592
542 690
543 245
543 316
543 415
543 580
543 892
544 208
544 9
544 110
544 798
545 354
545 155
545 319
545 552
545 846
546 337
546 415
546 171
546 676
547 3
547 74
547 280
548 430
548 53
548 121
548 590
548 859
548 995
549 81
549 352
549 99
550 142
550 287
550 290
550 754
551 367
551 5
551 291
552 132
552 545
552 152
553 186
553 307
553 75
553 556
553 605
553 691
553 692
554 204
554 10
554 521
554 689
554 708
555 182
555 156
555 449
555 686
556 553
556 38
556 151
557 286
557 210
557 200
557 683
557 804
558 503
558 9
558 433
558 613
559 354
559 108
559 12
559 661
560 541
560 49
560 21
560 633
561 170
561 58
561 37
561 610
562 430
562 275
562 328
562 973
562 991
563 496
563 481
563 180
563 637
563 648
563 652
564 406
564 517
564 373
564 831
564 922
565 75
565 3
565 313
565 656
565 691
565 951
566 80
566 483
566 473
566 773
567 129
567 66
567 487
567 577
567 720
568 364
568 1
568 280
569 81
569 30
569 522
569 765
569 906
570 216
570 402
570 360
571 84
571 71
571 1
571 628
571 926
572 482
572 453
572 163
573 63
573 120
573 401
574 101
574 5
574 481
575 532
575 2
575 401
575 802
576 19
576 69
576 112
576 888
576 927
577 128
577 567
577 78
577 603
578 256
578 506
578 289
578 981
579 256
579 22
579 92
580 99
580 543
580 84
580 910
580 925
581 408
581 442
581 312
582 237
582 310
582 309
583 135
583 28
583 126
583 672
583 710
583 789
584 494
584 378
584 346
584 673
584 923
585 480
585 439
585 13
585 920
586 440
586 232
586 333
586 888
586 953
586 987
587 338
587 491
587 32
588 23
588 526
588 339
588 678
588 706
588 767
589 69
589 106
589 307
589 700
590 548
590 17
590 72
591 57
591 241
591 170
592 12
592 542
592 258
593 349
593 84
593 515
593 929
593 934
594 275
594 110
594 65
594 993
595 124
595 426
595 249
596 3
596 2
596 456
596 922
597 151
597 75
597 2
597 649
598 427
598 150
598 124
599 368
599 417
599 63
599 757
600 214
600 307
600 100
600 842
601 11
601 7
601 97
602 400
602 47
602 506
603 577
603 9
603 446
603 720
603 896
604 262
604 403
604 3
604 693
604 706
605 85
605 553
605 540
606 151
606 159
606 526
606 679
606 762
606 825
607 368
607 370
607 174
607 793
607 816
607 887
607 928
608 96
608 147
608 93
609 84
609 254
609 115
610 561
610 321
610 78
610 756
610 806
611 241
611 84
611 125
611 822
612 135
612 51
612 334
613 82
613 558
613 345
613 778
613 908
614 367
614 297
614 521
614 938
615 237
615 4
615 482
616 9
616 168
616 198
616 728
616 972
617 372
617 445
617 135
617 692
617 724
618 101
618 233
618 362
618 775
619 503
619 7
619 181
619 856
620 100
620 81
620 16
621 421
621 246
621 236
621 752
621 883
621 901
621 996
622 474
622 69
622 204
622 815
623 2
623 484
623 15
624 515
624 12
624 500
624 880
624 966
625 342
625 486
625 398
625 995
626 457
626 13
626 129
626 935
626 960
627 381
627 149
627 193
627 710
627 716
628 39
628 571
628 450
628 666
628 697
628 839
629 8
629 272
629 17
630 253
630 35
630 374
630 840
631 295
631 249
631 180
631 860
632 504
632 124
632 224
632 832
632 909
632 928
633 22
633 297
633 560
633 647
634 471
634 242
634 43
635 447
635 162
635 8
635 791
636 134
636 476
636 6
637 563
637 231
637 19
638 176
638 175
638 537
638 654
638 915
639 338
639 174
639 292
639 725
639 913
640 140
640 69
640 423
640 726
640 997
641 450
641 475
641 109
641 939
642 22
642 62
642 146
643 190
643 13
643 106
643 646
644 50
644 113
644 239
645 113
645 61
645 101
646 419
646 643
646 162
646 759
646 828
647 633
647 2
647 117
647 863
648 563
648 115
648 5
649 597
649 366
649 175
649 810
650 168
650 12
650 167
651 443
651 160
651 342
651 935
652 563
652 361
652 182
652 726
652 904
653 1
653 408
653 80
654 446
654 638
654 341
654 808
655 75
655 35
655 41
656 565
656 44
656 528
657 259
657 9
657 281
658 372
658 87
658 344
658 730
658 804
659 522
659 4
659 69
659 712
660 350
660 307
660 134
660 982
661 40
661 39
661 559
662 249
662 54
662 198
663 414
663 13
663 470
664 451
664 157
664 473
665 495
665 174
665 317
665 877
666 628
666 483
666 390
666 672
666 766
666 928
666 974
667 94
667 261
667 166
668 380
668 8
668 441
669 466
669 456
669 30
670 289
670 247
670 239
671 242
671 108
671 74
671 959
672 583
672 15
672 666
672 715
673 57
673 504
673 584
673 679
674 14
674 133
674 278
675 447
675 75
675 49
675 799
676 236
676 339
676 546
677 300
677 414
677 31
678 373
678 588
678 79
679 482
679 606
679 673
679 736
679 755
679 982
680 279
680 297
680 534
680 770
681 6
681 185
681 107
682 312
682 467
682 103
682 835
683 9
683 188
683 557
684 45
684 52
684 181
685 125
685 103
685 358
685 822
685 932
686 313
686 555
686 380
686 744
687 70
687 58
687 176
688 0
688 122
688 461
688 856
688 991
689 82
689 554
689 385
689 987
690 354
690 21
690 542
691 565
691 553
691 174
692 553
692 266
692 617
693 497
693 604
693 286
694 244
694 0
694 393
695 93
695 166
695 235
696 370
696 109
696 231
696 868
697 87
697 628
697 467
697 984
698 437
698 318
698 380
698 833
699 540
699 350
699 401
699 766
699 800
700 589
700 464
700 95
701 72
701 499
701 5
701 728
702 9
702 300
702 360
703 128
703 170
703 331
703 916
704 474
704 29
704 461
705 373
705 63
705 159
705 741
705 994
706 588
706 244
706 604
706 719
706 752
707 159
707 11
707 434
708 139
708 554
708 170
708 891
709 48
709 1
709 0
709 761
710 627
710 583
710 446
710 796
711 190
711 16
711 71
712 452
712 54
712 659
712 878
713 414
713 249
713 87
713 965
714 7
714 538
714 496
715 132
715 672
715 218
716 322
716 126
716 627
717 367
717 482
717 521
717 932
717 940
718 62
718 286
718 310
719 437
719 706
719 533
719 784
720 603
720 350
720 567
721 515
721 288
721 4
721 772
721 853
721 861
722 17
722 12
722 133
723 137
723 396
723 314
724 198
724 30
724 617
725 12
725 639
725 200
725 780
725 931
726 652
726 640
726 224
726 927
726 943
727 235
727 275
727 411
727 992
728 616
728 701
728 431
729 309
729 156
729 166
729 836
730 400
730 658
730 347
730 886
731 57
731 101
731 291
732 523
732 187
732 222
733 329
733 469
733 354
734 3
734 286
734 319
734 949
735 113
735 190
735 445
735 894
736 679
736 308
736 174
736 813
736 875
736 879
736 977
737 180
737 19
737 153
737 761
738 339
738 279
738 18
739 53
739 324
739 423
739 783
740 8
740 45
740 16
740 810
741 705
741 331
741 205
741 783
741 834
741 874
742 0
742 137
742 101
742 827
743 268
743 233
743 96
744 130
744 686
744 192
745 120
745 161
745 31
746 154
746 9
746 69
747 188
747 223
747 467
747 835
748 430
748 52
748 31
749 532
749 34
749 214
749 915
750 538
750 233
750 325
750 846
750 938
751 1
751 173
751 153
752 706
752 488
752 621
752 831
753 84
753 400
753 373
753 893
754 67
754 522
754 550
755 304
755 679
755 309
755 841
755 967
756 74
756 451
756 610
757 333
757 599
757 228
758 132
758 221
758 553
758 813
759 408
759 309
759 646
760 91
760 383
760 513
761 334
761 709
761 737
762 128
762 73
762 606
763 60
763 140
763 202
764 336
764 20
764 257
765 96
765 288
765 569
766 699
766 666
766 78
766 860
767 184
767 74
767 588
768 340
768 299
768 146
769 47
769 29
769 31
770 1
770 481
770 680
770 978
771 47
771 396
771 379
771 973
772 721
772 206
772 285
773 74
773 566
773 1
774 480
774 60
774 41
775 618
775 262
775 281
775 941
775 971
776 12
776 357
776 208
777 534
777 113
777 117
778 427
778 262
778 613
779 6
779 140
779 200
780 0
780 184
780 725
780 924
781 8
781 509
781 71
781 943
782 342
782 488
782 331
783 739
783 512
783 741
784 345
784 413
784 719
785 81
785 13
785 6
786 477
786 30
786 241
786 989
787 345
787 349
787 96
788 192
788 5
788 307
789 522
789 583
789 334
790 166
790 134
790 165
791 635
791 220
791 391
792 23
792 107
792 345
793 607
793 30
793 59
793 892
793 988
794 442
794 31
794 9
794 903
794 922
794 947
794 979
795 214
795 308
795 277
795 917
796 710
796 288
796 72
796 836
797 35
797 109
797 55
797 946
798 544
798 0
798 31
798 805
799 26
799 84
799 675
800 185
800 446
800 699
801 66
801 446
801 8
802 575
802 2
802 42
803 461
803 6
803 37
803 955
804 658
804 336
804 557
804 929
805 231
805 798
805 164
806 359
806 171
806 610
806 814
807 432
807 279
807 202
808 366
808 654
808 137
809 224
809 3
809 307
809 857
810 649
810 740
810 345
810 942
811 443
811 8
811 230
812 362
812 259
812 297
812 843
813 736
813 358
813 758
814 213
814 54
814 806
814 945
815 41
815 622
815 475
816 521
816 607
816 335
817 44
817 482
817 39
818 449
818 352
818 291
819 25
819 334
819 88
820 182
820 389
820 35
821 248
821 90
821 540
822 5
822 685
822 611
822 927
823 1
823 182
823 114
824 303
824 135
824 381
825 496
825 606
825 185
826 289
826 9
826 320
827 516
827 221
827 742
827 948
828 84
828 646
828 163
829 74
829 182
829 242
830 333
830 2
830 533
830 844
831 564
831 467
831 752
832 632
832 503
832 8
833 228
833 44
833 698
833 866
833 976
834 432
834 741
834 357
835 747
835 682
835 327
836 796
836 729
836 30
837 84
837 12
837 170
838 508
838 262
838 12
838 904
839 396
839 307
839 628
840 115
840 159
840 630
840 859
841 755
841 256
841 37
842 33
842 600
842 211
842 955
843 17
843 812
843 519
844 32
844 830
844 203
845 419
845 48
845 336
846 750
846 3
846 545
847 272
847 128
847 203
847 876
848 52
848 28
848 450
849 195
849 9
849 535
850 446
850 90
850 240
851 3
851 129
851 12
852 47
852 27
852 69
853 721
853 176
853 57
854 321
854 8
854 441
855 5
855 8
855 53
855 930
855 957
856 619
856 688
856 90
856 897
857 100
857 51
857 809
858 474
858 369
858 294
859 840
859 548
859 47
860 631
860 295
860 766
861 279
861 721
861 472
862 8
862 307
862 114
863 103
863 647
863 521
864 126
864 360
864 525
864 899
865 504
865 20
865 402
866 8
866 232
866 833
867 202
867 132
867 7
868 3
868 696
868 48
869 205
869 70
869 380
870 17
870 193
870 307
871 233
871 120
871 236
872 408
872 96
872 7
873 237
873 150
873 229
874 741
874 230
874 31
875 736
875 501
875 438
875 999
876 7
876 847
876 292
876 912
876 996
877 237
877 665
877 369
878 287
878 95
878 712
879 69
879 17
879 736
880 235
880 624
880 102
881 3
881 229
881 63
882 454
882 541
882 222
882 980
883 621
883 15
883 361
884 351
884 533
884 498
884 899
884 931
885 2
885 63
885 149
885 986
886 39
886 730
886 359
887 367
887 607
887 360
888 586
888 576
888 22
889 255
889 251
889 72
890 311
890 83
890 283
891 2
891 708
891 113
892 793
892 8
892 543
893 216
893 436
893 753
894 735
894 96
894 15
894 936
894 964
894 978
895 328
895 86
895 331
896 603
896 34
896 117
896 916
896 994
897 856
897 336
897 327
898 279
898 0
898 493
899 884
899 16
899 864
900 257
900 289
900 295
901 20
901 63
901 621
902 75
902 464
902 35
903 794
903 409
903 303
904 207
904 838
904 652
905 148
905 86
905 524
905 937
906 569
906 4
906 7
907 167
907 78
907 104
908 613
908 446
908 263
909 632
909 75
909 395
910 580
910 275
910 186
911 171
911 55
911 11
911 988
912 24
912 876
912 34
913 514
913 639
913 117
913 997
914 259
914 294
914 27
915 638
915 232
915 749
915 993
916 163
916 896
916 703
917 365
917 152
917 795
918 364
918 400
918 193
919 11
919 541
919 312
920 585
920 78
920 24
921 482
921 150
921 291
922 564
922 596
922 794
923 584
923 288
923 79
923 939
924 175
924 780
924 533
925 580
925 290
925 319
926 494
926 571
926 17
927 576
927 726
927 822
928 666
928 632
928 607
928 957
928 986
929 804
929 593
929 23
930 469
930 855
930 65
931 884
931 725
931 24
932 717
932 510
932 685
933 85
933 388
933 4
934 593
934 298
934 389
934 977
935 626
935 651
935 36
936 137
936 174
936 894
937 74
937 905
937 409
938 750
938 31
938 614
939 641
939 923
939 461
940 717
940 181
940 100
940 971
941 59
941 775
941 313
942 810
942 137
942 521
942 953
943 168
943 781
943 726
944 178
944 31
944 66
945 124
945 814
945 413
946 797
946 350
946 17
947 794
947 292
947 178
948 65
948 827
948 194
949 46
949 734
949 145
950 354
950 328
950 408
950 968
951 503
951 5
951 565
952 52
952 317
952 259
953 586
953 942
953 407
954 297
954 19
954 344
955 297
955 842
955 803
956 34
956 326
956 527
957 171
957 928
957 855
958 541
958 129
958 357
959 671
959 179
959 525
960 626
960 181
960 520
961 349
961 96
961 403
962 214
962 373
962 313
963 162
963 343
963 34
964 894
964 9
964 440
965 221
965 713
965 368
966 624
966 146
966 76
967 483
967 755
967 440
968 950
968 477
968 26
969 72
969 354
969 115
970 17
970 64
970 304
971 775
971 159
971 940
972 107
972 616
972 194
973 30
973 771
973 562
974 666
974 72
974 290
975 56
975 140
975 147
976 433
976 105
976 833
977 934
977 134
977 736
978 770
978 894
978 340
979 47
979 269
979 794
980 188
980 153
980 882
981 405
981 578
981 77
982 162
982 660
982 679
983 1
983 4
983 176
984 697
984 174
984 383
985 69
985 410
985 185
986 885
986 928
986 405
987 689
987 586
987 211
988 793
988 911
988 295
989 469
989 444
989 786
990 38
990 382
990 189
991 688
991 6
991 562
992 295
992 118
992 727
993 594
993 185
993 915
994 705
994 153
994 896
995 548
995 625
995 47
996 621
996 114
996 876
997 913
997 640
997 226
998 194
998 19
998 351
999 460
999 875
999 307
