0 1
0 2
0 3
0 4
0 6
1 0
1 2
1 3
1 4
1 5
2 1
2 0
2 3
2 4
2 6
3 0
3 1
3 2
3 5
3 6
4 0
4 2
4 1
4 5
4 7
5 1
5 4
5 3
5 8
5 12
6 0
6 3
6 2
6 7
6 8
7 4
7 6
7 0
7 8
7 9
8 6
8 7
8 5
8 9
8 10
9 1
9 8
9 7
9 10
9 15
10 9
10 8
10 4
10 32
10 39
11 0
11 3
11 4
11 14
11 16
12 4
12 5
12 0
12 21
12 24
13 0
13 5
13 4
14 3
14 4
14 11
14 18
14 25
15 3
15 9
15 4
15 16
15 18
16 15
16 11
16 4
16 20
16 34
17 4
17 8
17 3
17 23
17 37
18 15
18 3
18 14
18 21
18 22
19 3
19 2
19 0
19 20
19 45
20 19
20 4
20 16
20 29
20 30
21 18
21 9
21 12
21 31
21 35
22 18
22 9
22 1
22 24
22 40
23 5
23 17
23 8
23 24
23 32
24 22
24 23
24 12
24 25
24 37
25 5
25 24
25 14
25 36
25 42
26 0
26 8
26 4
26 40
27 2
27 9
27 4
27 42
27 43
28 1
28 2
28 4
28 33
29 20
29 15
29 0
29 31
29 34
30 2
30 20
30 0
31 29
31 21
31 14
32 18
32 23
32 10
32 38
33 11
33 28
33 6
34 6
34 29
34 16
35 23
35 21
35 15
35 47
36 3
36 21
36 25
37 17
37 24
37 18
38 0
38 32
38 15
39 10
39 3
39 17
40 26
40 22
40 24
40 44
40 49
41 20
41 24
41 23
42 25
42 27
42 6
42 44
42 46
43 17
43 27
43 0
43 45
44 27
44 42
44 40
45 43
45 19
45 21
45 49
46 4
46 42
46 3
47 35
47 6
47 16
48 25
48 6
48 14
49 40
49 10
49 45
