0 1
1 0
2 1
2 0
3 2
3 0
3 1
4 1
4 2
4 3
5 0
5 4
5 2
6 5
6 0
6 1
7 1
7 2
7 5
8 3
8 5
8 0
9 0
9 8
9 5
10 1
10 0
10 8
11 1
11 6
11 10
12 1
12 8
12 4
13 2
13 6
13 4
14 12
14 2
14 11
15 11
15 5
15 0
16 5
16 6
16 2
17 4
17 5
17 6
18 4
18 13
18 6
19 4
19 10
19 1
20 12
20 10
20 1
21 9
21 3
21 11
22 3
22 5
22 21
23 21
23 11
23 2
24 13
24 2
24 3
25 6
25 1
25 7
26 6
26 0
26 4
27 11
27 10
27 1
28 2
28 22
28 19
29 2
29 9
29 10
30 16
30 17
30 21
31 4
31 0
31 13
32 5
32 8
32 6
33 21
33 0
33 13
34 4
34 28
34 27
35 31
35 15
35 8
36 1
36 5
36 22
37 1
37 6
37 31
38 19
38 6
38 4
39 5
39 6
39 17
40 30
40 23
40 21
41 11
41 17
41 22
42 1
42 30
42 21
43 31
43 3
43 36
44 38
44 3
44 10
45 31
45 4
45 28
46 25
46 2
46 37
47 21
47 13
47 18
48 9
48 5
48 46
49 29
49 46
49 19
50 38
50 5
50 2
51 25
51 31
51 44
52 0
52 2
52 37
53 1
53 4
53 5
54 6
54 0
54 47
55 6
55 20
55 21
56 3
56 44
56 16
57 45
57 13
57 0
58 36
58 3
58 9
59 20
59 0
59 29
60 59
60 1
60 36
61 43
61 5
61 37
62 6
62 7
62 10
63 11
63 0
63 33
64 10
64 32
64 5
65 22
65 1
65 23
66 6
66 3
66 36
67 5
67 1
67 57
68 4
68 52
68 39
69 12
69 25
69 3
70 38
70 16
70 27
71 41
71 68
71 64
72 4
72 13
72 69
73 1
73 70
73 10
74 38
74 61
74 72
75 5
75 3
75 70
76 6
76 0
76 1
77 0
77 20
77 1
78 31
78 34
78 35
79 24
79 58
79 52
80 70
80 4
80 1
81 0
81 74
81 42
82 11
82 31
82 61
83 11
83 54
83 74
84 1
84 4
84 65
85 20
85 11
85 1
86 21
86 42
86 49
87 2
87 3
87 22
88 1
88 70
88 0
89 41
89 74
89 8
90 37
90 16
90 31
91 35
91 6
91 70
92 0
92 20
92 4
93 48
93 31
93 45
94 0
94 84
94 7
95 2
95 1
95 25
96 53
96 1
96 57
97 4
97 64
97 29
98 1
98 96
98 13
99 0
99 89
99 6
100 6
100 17
100 19
101 86
101 44
101 12
102 16
102 25
102 4
103 57
103 20
103 74
104 31
104 75
104 6
105 5
105 98
105 10
106 19
106 70
106 0
107 21
107 80
107 30
108 82
108 0
108 86
109 2
109 0
109 17
110 1
110 10
110 68
111 9
111 36
111 19
112 4
112 6
112 45
113 3
113 62
113 19
114 5
114 65
114 0
115 1
115 83
115 26
116 32
116 4
116 40
117 1
117 0
117 39
118 38
118 69
118 99
119 11
119 24
119 52
120 33
120 22
120 4
121 65
121 3
121 38
122 94
122 110
122 21
123 4
123 41
123 12
124 32
124 2
124 16
125 78
125 16
125 72
126 70
126 1
126 86
127 105
127 0
127 3
128 41
128 6
128 20
129 89
129 23
129 26
130 90
130 0
130 3
131 8
131 15
131 71
132 53
132 20
132 86
133 17
133 36
133 5
134 68
134 55
134 52
135 39
135 86
135 32
136 0
136 70
136 96
137 79
137 0
137 16
138 6
138 13
138 39
139 133
139 55
139 44
140 57
140 56
140 126
141 49
141 73
141 48
142 103
142 1
142 78
143 21
143 40
143 5
144 52
144 97
144 6
145 12
145 1
145 92
146 110
146 99
146 20
147 90
147 13
147 131
148 114
148 53
148 1
149 6
149 13
149 72
150 26
150 5
150 104
151 141
151 69
151 10
152 1
152 9
152 6
153 3
153 8
153 102
154 78
154 0
154 30
155 2
155 75
155 146
156 79
156 35
156 5
157 6
157 26
157 93
158 114
158 11
158 12
159 148
159 72
159 2
160 12
160 20
160 63
161 94
161 78
161 15
162 85
162 129
162 43
163 7
163 45
163 17
164 0
164 6
164 11
165 72
165 84
165 41
166 132
166 110
166 60
167 9
167 1
167 3
168 1
168 55
168 155
169 31
169 94
169 110
170 2
170 109
170 67
171 76
171 109
171 1
172 137
172 170
172 40
173 68
173 94
173 160
174 50
174 123
174 6
175 164
175 61
175 141
176 16
176 3
176 61
177 64
177 0
177 124
178 106
178 43
178 154
179 6
179 175
179 2
180 10
180 6
180 21
181 174
181 44
181 170
182 110
182 149
182 83
183 140
183 22
183 12
184 141
184 14
184 48
185 18
185 19
185 168
186 13
186 21
186 93
187 10
187 1
187 145
188 145
188 8
188 6
189 1
189 38
189 22
190 6
190 13
190 109
191 31
191 1
191 8
192 23
192 57
192 127
193 45
193 110
193 120
194 193
194 110
194 96
195 69
195 32
195 182
196 77
196 1
196 21
197 49
197 102
197 84
198 180
198 12
198 97
199 47
199 114
199 90
200 8
200 112
200 6
201 4
201 2
201 40
202 72
202 64
202 4
203 39
203 81
203 50
204 1
204 2
204 126
205 10
205 28
205 92
206 141
206 10
206 77
207 102
207 1
207 158
208 2
208 133
208 141
209 5
209 69
209 160
210 23
210 25
210 10
211 32
211 90
211 24
212 67
212 22
212 131
213 7
213 15
213 1
214 6
214 55
214 70
215 22
215 202
215 19
216 21
216 9
216 2
217 8
217 11
217 206
218 21
218 99
218 5
219 8
219 218
219 24
220 46
220 215
220 0
221 0
221 25
221 20
222 90
222 4
222 0
223 207
223 32
223 68
224 157
224 99
224 0
225 71
225 69
225 6
226 1
226 190
226 92
227 11
227 216
227 210
228 70
228 16
228 2
229 124
229 96
229 153
230 140
230 6
230 145
231 72
231 79
231 1
232 196
232 0
232 45
233 110
233 154
233 144
234 0
234 13
234 203
235 44
235 4
235 114
236 111
236 2
236 53
237 72
237 140
237 3
238 4
238 72
238 236
239 223
239 178
239 31
240 144
240 1
240 8
241 101
241 70
241 4
242 1
242 90
242 13
243 237
243 165
243 239
244 20
244 27
244 0
245 243
245 124
245 10
246 58
246 69
246 36
247 15
247 139
247 241
248 135
248 11
248 72
249 168
249 16
249 132
250 207
250 111
250 6
251 170
251 14
251 144
252 7
252 102
252 79
253 168
253 248
253 29
254 72
254 226
254 71
255 11
255 2
255 223
256 156
256 21
256 5
257 36
257 168
257 141
258 7
258 110
258 11
259 222
259 240
259 114
260 138
260 7
260 70
261 5
261 21
261 119
262 1
262 12
262 114
263 47
263 131
263 86
264 10
264 47
264 142
265 63
265 3
265 16
266 263
266 129
266 48
267 8
267 30
267 149
268 169
268 183
268 0
269 45
269 0
269 10
270 179
270 221
270 16
271 85
271 25
271 237
272 38
272 2
272 58
273 253
273 271
273 163
274 191
274 12
274 192
275 6
275 4
275 13
276 117
276 15
276 64
277 215
277 69
277 20
278 10
278 182
278 59
279 223
279 45
279 17
280 87
280 21
280 202
281 1
281 23
281 111
282 29
282 267
282 102
283 25
283 8
283 62
284 15
284 274
284 247
285 20
285 6
285 9
286 1
286 38
286 85
287 3
287 1
287 13
288 22
288 0
288 1
289 112
289 2
289 6
290 30
290 175
290 4
291 4
291 32
291 100
292 121
292 141
292 86
293 57
293 10
293 0
294 241
294 114
294 192
295 24
295 1
295 92
296 88
296 273
296 159
297 10
297 127
297 32
298 248
298 159
298 110
299 207
299 80
299 92
300 11
300 287
300 4
301 72
301 1
301 160
302 224
302 25
302 9
303 250
303 2
303 183
304 29
304 2
304 211
305 188
305 64
305 45
306 3
306 69
306 6
307 258
307 1
307 268
308 282
308 11
308 16
309 307
309 173
309 77
310 14
310 113
310 16
311 237
311 64
311 129
312 247
312 224
312 1
313 119
313 95
313 8
314 32
314 160
314 106
315 93
315 10
315 138
316 57
316 192
316 39
317 16
317 44
317 215
318 7
318 65
318 160
319 252
319 57
319 79
320 86
320 215
320 104
321 79
321 16
321 26
322 21
322 276
322 20
323 10
323 318
323 279
324 281
324 12
324 32
325 20
325 47
325 182
326 135
326 20
326 6
327 144
327 201
327 42
328 112
328 0
328 1
329 6
329 0
329 8
330 320
330 132
330 57
331 3
331 78
331 87
332 0
332 32
332 220
333 2
333 125
333 154
334 139
334 86
334 292
335 236
335 156
335 214
336 203
336 20
336 133
337 318
337 62
337 287
338 33
338 239
338 55
339 1
339 243
339 116
340 7
340 326
340 10
341 148
341 48
341 16
342 92
342 105
342 79
343 235
343 102
343 16
344 141
344 20
344 86
345 279
345 333
345 1
346 70
346 57
346 1
347 179
347 317
347 73
348 70
348 11
348 82
349 8
349 70
349 296
350 89
350 20
350 276
351 221
351 192
351 40
352 340
352 9
352 12
353 9
353 70
353 13
354 64
354 6
354 36
355 6
355 215
355 297
356 236
356 3
356 63
357 21
357 16
357 78
358 0
358 5
358 210
359 49
359 307
359 156
360 317
360 256
360 185
361 64
361 45
361 242
362 81
362 64
362 10
363 110
363 333
363 38
364 18
364 267
364 228
365 92
365 38
365 68
366 0
366 58
366 6
367 31
367 44
367 123
368 6
368 36
368 81
369 252
369 31
369 332
370 367
370 291
370 68
371 317
371 77
371 2
372 1
372 352
372 170
373 167
373 25
373 105
374 13
374 74
374 7
375 216
375 0
375 113
376 78
376 44
376 13
377 306
377 236
377 188
378 246
378 354
378 145
379 254
379 21
379 107
380 2
380 12
380 1
381 70
381 331
381 319
382 348
382 239
382 4
383 330
383 114
383 0
384 67
384 49
384 92
385 72
385 36
385 374
386 0
386 236
386 64
387 16
387 42
387 24
388 22
388 2
388 153
389 23
389 11
389 264
390 78
390 197
390 166
391 4
391 10
391 90
392 338
392 385
392 78
393 64
393 24
393 2
394 161
394 45
394 339
395 247
395 64
395 47
396 62
396 34
396 174
397 90
397 332
397 122
398 196
398 62
398 316
399 24
399 53
399 19
400 4
400 151
400 128
401 19
401 129
401 2
402 44
402 168
402 8
403 44
403 343
403 370
404 45
404 361
404 290
405 36
405 317
405 130
406 39
406 312
406 1
407 85
407 0
407 101
408 99
408 0
408 229
409 1
409 4
409 194
410 107
410 276
410 29
411 90
411 381
411 13
412 75
412 85
412 325
413 192
413 21
413 190
414 200
414 75
414 382
415 44
415 53
415 249
416 396
416 19
416 37
417 136
417 5
417 370
418 99
418 256
418 72
419 355
419 0
419 211
420 27
420 356
420 137
421 109
421 41
421 354
422 1
422 2
422 8
423 38
423 21
423 83
424 175
424 255
424 221
425 356
425 86
425 102
426 1
426 73
426 70
427 71
427 122
427 40
428 101
428 334
428 16
429 78
429 189
429 45
430 141
430 423
430 69
431 34
431 378
431 7
432 404
432 94
432 74
433 317
433 6
433 36
434 145
434 241
434 266
435 265
435 0
435 1
436 70
436 16
436 0
437 69
437 20
437 258
438 178
438 32
438 5
439 38
439 0
439 104
440 97
440 69
440 161
441 52
441 1
441 85
442 348
442 124
442 236
443 366
443 99
443 68
444 26
444 75
444 107
445 16
445 245
445 395
446 98
446 247
446 379
447 149
447 247
447 405
448 264
448 223
448 407
449 179
449 41
449 12
450 256
450 235
450 427
451 300
451 434
451 167
452 321
452 34
452 74
453 36
453 308
453 388
454 21
454 11
454 0
455 21
455 19
455 109
456 433
456 291
456 192
457 20
457 282
457 110
458 138
458 250
458 96
459 351
459 1
459 268
460 301
460 48
460 13
461 78
461 6
461 72
462 112
462 216
462 6
463 12
463 287
463 435
464 201
464 307
464 160
465 1
465 385
465 400
466 1
466 355
466 19
467 1
467 3
467 196
468 450
468 61
468 12
469 2
469 189
469 57
470 115
470 315
470 164
471 12
471 33
471 122
472 6
472 207
472 2
473 3
473 29
473 178
474 114
474 2
474 446
475 1
475 315
475 73
476 385
476 192
476 141
477 38
477 203
477 329
478 101
478 19
478 92
479 410
479 216
479 177
480 12
480 131
480 16
481 98
481 113
481 286
482 70
482 35
482 111
483 127
483 10
483 276
484 19
484 17
484 324
485 370
485 132
485 287
486 140
486 447
486 177
487 337
487 6
487 7
488 5
488 0
488 29
489 82
489 107
489 31
490 17
490 60
490 276
491 52
491 78
491 4
492 1
492 13
492 2
493 293
493 41
493 2
494 0
494 37
494 474
495 23
495 112
495 119
496 450
496 1
496 83
497 0
497 161
497 136
498 136
498 11
498 49
499 1
499 21
499 0
500 9
500 49
500 6
501 385
501 2
501 432
502 55
502 47
502 166
503 89
503 11
503 345
504 52
504 270
504 19
505 450
505 409
505 233
506 206
506 79
506 112
507 320
507 431
507 10
508 330
508 1
508 332
509 3
509 6
509 14
510 197
510 2
510 396
511 86
511 6
511 7
512 13
512 49
512 98
513 436
513 440
513 79
514 12
514 19
514 21
515 287
515 12
515 42
516 220
516 244
516 35
517 124
517 374
517 0
518 4
518 1
518 224
519 119
519 45
519 99
520 156
520 3
520 490
521 343
521 88
521 146
522 378
522 57
522 346
523 103
523 2
523 21
524 0
524 20
524 239
525 64
525 110
525 6
526 405
526 184
526 43
527 4
527 57
527 329
528 309
528 106
528 96
529 64
529 5
529 201
530 20
530 6
530 10
531 6
531 177
531 422
532 81
532 259
532 141
533 274
533 70
533 216
534 26
534 68
534 62
535 194
535 264
535 351
536 27
536 450
536 0
537 254
537 6
537 278
538 287
538 343
538 104
539 504
539 357
539 65
540 255
540 39
540 4
541 458
541 287
541 250
542 31
542 16
542 201
543 6
543 333
543 210
544 417
544 140
544 52
545 93
545 409
545 31
546 418
546 208
546 153
547 2
547 161
547 19
548 133
548 136
548 141
549 337
549 338
549 70
550 411
550 45
550 239
551 527
551 515
551 479
552 537
552 503
552 102
553 1
553 400
553 141
554 393
554 116
554 399
555 170
555 27
555 362
556 430
556 112
556 446
557 356
557 422
557 447
558 140
558 38
558 68
559 2
559 332
559 1
560 272
560 71
560 239
561 56
561 385
561 203
562 376
562 58
562 8
563 112
563 68
563 70
564 0
564 197
564 51
565 38
565 156
565 139
566 508
566 425
566 412
567 360
567 126
567 236
568 215
568 29
568 280
569 27
569 235
569 121
570 4
570 6
570 73
571 245
571 10
571 412
572 64
572 564
572 496
573 168
573 523
573 110
574 101
574 6
574 1
575 160
575 165
575 518
576 57
576 206
576 20
577 342
577 359
577 32
578 471
578 537
578 130
579 64
579 200
579 120
580 13
580 5
580 394
581 129
581 500
581 290
582 1
582 562
582 109
583 288
583 4
583 126
584 144
584 487
584 7
585 236
585 130
585 74
586 430
586 26
586 43
587 173
587 204
587 16
588 103
588 427
588 86
589 20
589 539
589 417
590 120
590 0
590 159
591 81
591 9
591 205
592 0
592 313
592 6
593 45
593 279
593 112
594 78
594 427
594 0
595 485
595 171
595 21
596 342
596 317
596 43
597 262
597 197
597 460
598 98
598 314
598 57
599 541
599 332
599 65
600 4
600 45
600 400
601 256
601 77
601 54
602 319
602 222
602 58
603 178
603 429
603 318
604 101
604 540
604 79
605 32
605 523
605 418
606 6
606 393
606 52
607 70
607 124
607 2
608 354
608 23
608 362
609 250
609 69
609 170
610 544
610 568
610 197
611 6
611 247
611 396
612 439
612 4
612 400
613 1
613 16
613 47
614 384
614 267
614 180
615 4
615 7
615 356
616 131
616 55
616 317
617 213
617 25
617 244
618 1
618 89
618 146
619 582
619 396
619 224
620 466
620 90
620 16
621 0
621 404
621 99
622 617
622 34
622 166
623 232
623 481
623 518
624 386
624 10
624 30
625 79
625 8
625 1
626 122
626 578
626 30
627 481
627 7
627 192
628 328
628 2
628 306
629 390
629 6
629 65
630 144
630 328
630 276
631 72
631 22
631 475
632 385
632 504
632 61
633 41
633 121
633 355
634 438
634 58
634 266
635 361
635 8
635 6
636 336
636 179
636 243
637 596
637 124
637 12
638 47
638 137
638 75
639 127
639 104
639 590
640 192
640 13
640 17
641 426
641 484
641 285
642 244
642 4
642 121
643 330
643 169
643 593
644 193
644 342
644 472
645 369
645 197
645 28
646 4
646 34
646 61
647 117
647 490
647 7
648 23
648 80
648 563
649 279
649 117
649 149
650 180
650 339
650 317
651 596
651 540
651 110
652 465
652 436
652 55
653 61
653 461
653 381
654 36
654 62
654 11
655 92
655 22
655 48
656 382
656 24
656 163
657 210
657 2
657 6
658 618
658 8
658 26
659 433
659 110
659 338
660 6
660 160
660 67
661 536
661 40
661 129
662 556
662 27
662 519
663 209
663 161
663 169
664 69
664 57
664 2
665 530
665 17
665 287
666 58
666 390
666 41
667 503
667 1
667 21
668 110
668 458
668 8
669 343
669 110
669 176
670 473
670 42
670 559
671 1
671 123
671 385
672 170
672 35
672 11
673 533
673 241
673 137
674 436
674 609
674 60
675 339
675 10
675 616
676 431
676 115
676 650
677 47
677 200
677 468
678 218
678 522
678 81
679 400
679 356
679 274
680 339
680 288
680 6
681 618
681 226
681 101
682 208
682 7
682 28
683 206
683 646
683 328
684 507
684 616
684 527
685 474
685 11
685 574
686 1
686 679
686 381
687 11
687 538
687 226
688 42
688 334
688 563
689 675
689 33
689 270
690 1
690 2
690 60
691 21
691 336
691 376
692 286
692 540
692 319
693 4
693 32
693 109
694 291
694 272
694 407
695 382
695 1
695 154
696 4
696 646
696 110
697 263
697 141
697 233
698 544
698 496
698 645
699 430
699 390
699 4
700 57
700 328
700 144
701 65
701 418
701 263
702 563
702 42
702 11
703 252
703 62
703 161
704 167
704 129
704 657
705 1
705 127
705 386
706 136
706 250
706 422
707 12
707 206
707 190
708 224
708 429
708 19
709 317
709 17
709 640
710 132
710 574
710 17
711 17
711 641
711 284
712 6
712 160
712 5
713 578
713 660
713 413
714 4
714 360
714 432
715 157
715 481
715 216
716 672
716 105
716 12
717 14
717 8
717 527
718 237
718 13
718 16
719 12
719 112
719 104
720 9
720 292
720 28
721 10
721 336
721 19
722 68
722 426
722 532
723 215
723 2
723 172
724 196
724 339
724 62
725 203
725 0
725 382
726 117
726 145
726 47
727 718
727 474
727 41
728 22
728 84
728 442
729 508
729 202
729 0
730 258
730 474
730 97
731 5
731 661
731 87
732 35
732 399
732 408
733 50
733 655
733 570
734 599
734 414
734 13
735 43
735 11
735 41
736 209
736 31
736 39
737 591
737 2
737 384
738 53
738 317
738 2
739 319
739 6
739 381
740 374
740 154
740 343
741 208
741 228
741 591
742 225
742 6
742 538
743 385
743 500
743 182
744 687
744 610
744 327
745 79
745 302
745 690
746 31
746 0
746 13
747 522
747 28
747 626
748 584
748 110
748 569
749 316
749 202
749 302
750 77
750 236
750 12
751 287
751 38
751 196
752 136
752 112
752 15
753 7
753 478
753 152
754 297
754 375
754 317
755 57
755 46
755 210
756 135
756 208
756 513
757 7
757 307
757 324
758 4
758 497
758 53
759 674
759 317
759 678
760 323
760 317
760 158
761 698
761 2
761 656
762 0
762 459
762 21
763 24
763 652
763 153
764 121
764 79
764 527
765 0
765 164
765 121
766 315
766 220
766 287
767 6
767 114
767 417
768 21
768 110
768 79
769 220
769 474
769 287
770 145
770 487
770 268
771 585
771 72
771 450
772 342
772 11
772 101
773 36
773 159
773 1
774 623
774 159
774 15
775 636
775 593
775 39
776 62
776 453
776 57
777 712
777 139
777 481
778 3
778 396
778 706
779 253
779 679
779 6
780 44
780 287
780 693
781 490
781 178
781 754
782 89
782 70
782 518
783 30
783 524
783 385
784 0
784 636
784 139
785 345
785 539
785 3
786 17
786 455
786 669
787 408
787 722
787 129
788 113
788 494
788 11
789 0
789 258
789 12
790 67
790 594
790 31
791 780
791 550
791 17
792 7
792 290
792 268
793 144
793 263
793 438
794 117
794 53
794 35
795 31
795 156
795 726
796 161
796 256
796 660
797 532
797 93
797 53
798 10
798 285
798 461
799 711
799 294
799 129
800 398
800 469
800 10
801 246
801 141
801 380
802 0
802 447
802 274
803 197
803 614
803 319
804 220
804 0
804 187
805 109
805 6
805 456
806 168
806 121
806 563
807 725
807 21
807 577
808 90
808 336
808 788
809 141
809 42
809 492
810 476
810 39
810 15
811 6
811 605
811 92
812 156
812 43
812 474
813 433
813 752
813 2
814 157
814 556
814 711
815 316
815 145
815 29
816 447
816 69
816 592
817 35
817 0
817 616
818 122
818 50
818 608
819 594
819 17
819 31
820 511
820 809
820 342
821 44
821 121
821 248
822 0
822 2
822 141
823 44
823 13
823 381
824 23
824 73
824 14
825 2
825 190
825 263
826 424
826 121
826 49
827 110
827 533
827 0
828 414
828 1
828 537
829 600
829 21
829 43
830 4
830 31
830 208
831 0
831 19
831 563
832 317
832 1
832 15
833 554
833 708
833 441
834 429
834 65
834 307
835 776
835 506
835 381
836 43
836 650
836 141
837 797
837 0
837 149
838 2
838 92
838 353
839 686
839 218
839 658
840 832
840 560
840 486
841 287
841 277
841 326
842 313
842 670
842 526
843 534
843 606
843 44
844 748
844 132
844 544
845 512
845 686
845 481
846 332
846 22
846 64
847 448
847 40
847 74
848 509
848 840
848 780
849 9
849 690
849 156
850 23
850 681
850 0
851 108
851 746
851 801
852 1
852 653
852 171
853 223
853 484
853 315
854 237
854 222
854 310
855 138
855 2
855 65
856 670
856 659
856 665
857 13
857 148
857 73
858 749
858 760
858 444
859 289
859 272
859 443
860 480
860 841
860 141
861 153
861 485
861 27
862 141
862 467
862 160
863 20
863 617
863 319
864 171
864 179
864 361
865 748
865 485
865 113
866 357
866 323
866 544
867 194
867 0
867 55
868 469
868 652
868 13
869 5
869 154
869 403
870 306
870 665
870 336
871 57
871 398
871 341
872 6
872 566
872 1
873 215
873 156
873 256
874 829
874 799
874 8
875 202
875 235
875 590
876 600
876 111
876 48
877 21
877 0
877 106
878 236
878 365
878 64
879 339
879 542
879 61
880 397
880 26
880 247
881 104
881 578
881 529
882 98
882 21
882 8
883 797
883 81
883 233
884 24
884 32
884 94
885 153
885 871
885 13
886 264
886 6
886 822
887 1
887 68
887 6
888 141
888 68
888 49
889 830
889 83
889 330
890 193
890 433
890 759
891 780
891 16
891 632
892 70
892 53
892 242
893 417
893 650
893 474
894 471
894 110
894 92
895 45
895 582
895 548
896 6
896 97
896 57
897 358
897 643
897 144
898 848
898 396
898 589
899 712
899 0
899 317
900 78
900 638
900 20
901 799
901 112
901 156
902 276
902 834
902 740
903 26
903 59
903 801
904 318
904 297
904 121
905 140
905 144
905 127
906 144
906 710
906 2
907 1
907 533
907 19
908 390
908 533
908 6
909 16
909 57
909 112
910 319
910 68
910 69
911 16
911 215
911 833
912 122
912 731
912 613
913 798
913 90
913 191
914 44
914 129
914 601
915 70
915 16
915 441
916 436
916 797
916 221
917 830
917 5
917 408
918 409
918 72
918 41
919 22
919 286
919 607
920 90
920 92
920 35
921 179
921 45
921 16
922 9
922 826
922 6
923 709
923 394
923 144
924 598
924 113
924 768
925 512
925 29
925 536
926 840
926 112
926 51
927 328
927 733
927 32
928 92
928 678
928 156
929 19
929 274
929 96
930 390
930 199
930 101
931 709
931 51
931 500
932 315
932 179
932 681
933 237
933 3
933 142
934 856
934 236
934 44
935 0
935 293
935 582
936 6
936 17
936 10
937 443
937 70
937 924
938 639
938 800
938 848
939 189
939 487
939 21
940 136
940 385
940 869
941 8
941 333
941 710
942 317
942 19
942 237
943 332
943 192
943 408
944 405
944 233
944 133
945 760
945 86
945 447
946 105
946 110
946 43
947 579
947 6
947 431
948 127
948 98
948 138
949 8
949 449
949 64
950 2
950 34
950 313
951 207
951 692
951 14
952 78
952 354
952 339
953 772
953 582
953 22
954 16
954 14
954 441
955 31
955 48
955 90
956 44
956 156
956 197
957 0
957 403
957 268
958 786
958 665
958 442
959 497
959 386
959 672
960 502
960 547
960 248
961 818
961 237
961 768
962 12
962 6
962 202
963 897
963 6
963 97
964 61
964 793
964 6
965 678
965 589
965 114
966 820
966 287
966 3
967 427
967 92
967 127
968 907
968 27
968 6
969 920
969 794
969 1
970 892
970 128
970 566
971 294
971 298
971 306
972 485
972 327
972 38
973 819
973 255
973 173
974 521
974 224
974 474
975 773
975 16
975 621
976 96
976 309
976 47
977 64
977 655
977 55
978 6
978 530
978 196
979 8
979 485
979 7
980 427
980 15
980 470
981 802
981 497
981 37
982 661
982 119
982 72
983 648
983 92
983 5
984 914
984 344
984 381
985 618
985 68
985 45
986 121
986 79
986 230
987 136
987 139
987 680
988 545
988 502
988 365
989 12
989 115
989 6
990 476
990 647
990 110
991 70
991 43
991 223
992 164
992 81
992 36
993 10
993 889
993 612
994 596
994 128
994 129
995 145
995 110
995 541
996 15
996 419
996 81
997 435
997 539
997 38
998 390
998 300
998 290
999 47
999 926
999 10
