0 1
0 2
1 0
1 2
2 0
2 1
3 1
3 2
3 0
4 2
4 3
4 1
5 1
5 2
5 0
6 1
6 5
6 4
7 1
7 2
7 6
8 1
8 0
8 7
9 6
9 0
9 5
10 9
10 6
10 4
11 7
11 1
11 2
12 3
12 5
12 1
13 6
13 7
13 5
14 3
14 0
14 10
15 2
15 5
15 7
16 1
16 5
16 0
17 10
17 5
17 2
18 4
18 2
18 0
19 9
19 1
19 17
20 5
20 16
20 0
21 2
21 1
21 20
22 5
22 17
22 8
23 0
23 10
23 17
24 0
24 21
24 18
25 2
25 1
25 20
26 17
26 20
26 1
27 3
27 24
27 2
28 0
28 25
28 10
29 12
29 25
29 8
30 0
30 15
30 11
31 14
31 10
31 27
32 7
32 0
32 8
33 26
33 8
33 24
34 8
34 33
34 10
35 31
35 16
35 29
36 20
36 10
36 0
37 31
37 16
37 2
38 25
38 10
38 17
39 27
39 12
39 20
40 25
40 2
40 3
41 5
41 20
41 18
42 29
42 25
42 26
43 2
43 9
43 26
44 0
44 10
44 8
45 0
45 3
45 10
46 15
46 32
46 5
47 0
47 22
47 17
48 5
48 31
48 3
49 34
49 18
49 1
50 3
50 20
50 29
51 46
51 25
51 27
52 3
52 28
52 21
53 48
53 47
53 10
54 2
54 0
54 1
55 4
55 44
55 18
56 2
56 10
56 32
57 10
57 26
57 2
58 39
58 1
58 2
59 5
59 24
59 29
60 13
60 34
60 59
61 0
61 18
61 43
62 10
62 11
62 0
63 32
63 34
63 46
64 1
64 44
64 15
65 10
65 2
65 1
66 51
66 8
66 18
67 56
67 24
67 2
68 16
68 1
68 37
69 17
69 5
69 23
70 7
70 35
70 2
71 17
71 62
71 0
72 1
72 2
72 68
73 27
73 7
73 46
74 18
74 2
74 68
75 10
75 15
75 34
76 5
76 3
76 54
77 14
77 29
77 0
78 27
78 1
78 34
79 5
79 9
79 22
80 44
80 56
80 64
81 21
81 5
81 2
82 18
82 29
82 2
83 49
83 1
83 13
84 72
84 12
84 78
85 14
85 68
85 57
86 44
86 0
86 7
87 35
87 67
87 1
88 80
88 5
88 62
89 48
89 71
89 10
90 83
90 4
90 31
91 0
91 4
91 5
92 20
92 2
92 25
93 5
93 0
93 1
94 60
94 10
94 51
95 4
95 5
95 50
96 63
96 54
96 5
97 15
97 7
97 1
98 1
98 16
98 61
99 2
99 31
99 18
