0 1
1 0
2 0
2 1
3 1
3 2
3 0
4 1
4 2
4 0
5 2
5 1
5 0
6 5
6 1
6 3
7 5
7 0
7 3
8 2
8 1
8 5
9 3
9 7
9 0
10 0
10 2
10 1
11 1
11 8
11 2
12 2
12 1
12 0
13 0
13 1
13 3
14 0
14 2
14 3
15 6
15 2
15 1
16 8
16 1
16 5
17 8
17 2
17 1
18 6
18 2
18 0
19 2
19 1
19 8
20 15
20 0
20 3
21 11
21 3
21 4
22 0
22 20
22 12
23 1
23 0
23 12
24 21
24 5
24 2
25 5
25 1
25 11
26 2
26 6
26 0
27 6
27 14
27 2
28 18
28 1
28 8
29 12
29 7
29 1
30 26
30 9
30 28
31 18
31 8
31 29
32 14
32 9
32 6
33 28
33 2
33 0
34 1
34 32
34 2
35 11
35 5
35 20
36 1
36 25
36 7
37 12
37 1
37 3
38 34
38 36
38 24
39 35
39 1
39 5
40 0
40 1
40 18
41 3
41 21
41 33
42 7
42 8
42 0
43 29
43 34
43 1
44 9
44 0
44 4
45 7
45 2
45 9
46 12
46 6
46 10
47 27
47 2
47 29
48 20
48 0
48 14
49 18
49 15
49 31
