0 1
0 2
1 0
1 2
2 0
2 1
3 0
3 2
3 1
4 1
4 0
4 3
5 1
5 0
5 2
6 3
6 0
6 1
7 0
7 4
7 5
8 7
8 0
8 1
9 7
9 5
9 2
10 4
10 1
10 9
11 8
11 0
11 5
12 3
12 2
12 11
13 0
13 2
13 1
14 12
14 0
14 6
15 0
15 11
15 5
16 8
16 2
16 4
17 0
17 3
17 1
18 2
18 12
18 6
19 5
19 1
19 10
20 0
20 18
20 7
21 7
21 10
21 0
22 6
22 11
22 15
23 21
23 8
23 13
24 1
24 8
24 7
25 12
25 0
25 1
26 2
26 4
26 0
27 10
27 7
27 5
28 0
28 15
28 1
29 1
29 0
29 12
30 14
30 11
30 18
31 1
31 4
31 8
32 15
32 0
32 3
33 2
33 3
33 12
34 28
34 1
34 22
35 13
35 0
35 28
36 30
36 0
36 11
37 7
37 30
37 3
38 11
38 35
38 12
39 20
39 33
39 7
40 7
40 10
40 26
41 27
41 11
41 22
42 14
42 1
42 16
43 9
43 16
43 25
44 11
44 22
44 24
45 2
45 24
45 15
46 12
46 3
46 2
47 7
47 42
47 3
48 28
48 4
48 3
49 11
49 30
49 3
50 0
50 18
50 28
51 10
51 6
51 41
52 11
52 5
52 12
53 0
53 19
53 21
54 7
54 3
54 12
55 41
55 1
55 28
56 5
56 47
56 16
57 7
57 6
57 25
58 17
58 48
58 27
59 0
59 24
59 2
60 18
60 0
60 1
61 14
61 56
61 32
62 2
62 1
62 56
63 5
63 15
63 8
64 2
64 6
64 13
65 10
65 15
65 5
66 3
66 27
66 42
67 1
67 29
67 7
68 37
68 0
68 2
69 4
69 5
69 1
70 8
70 34
70 42
71 46
71 57
71 12
72 1
72 37
72 6
73 46
73 14
73 13
74 23
74 18
74 0
75 50
75 5
75 21
76 53
76 56
76 27
77 9
77 17
77 31
78 1
78 67
78 6
79 34
79 1
79 8
80 1
80 3
80 27
81 31
81 77
81 61
82 0
82 20
82 10
83 16
83 72
83 48
84 9
84 39
84 56
85 7
85 54
85 37
86 34
86 14
86 81
87 34
87 22
87 47
88 7
88 62
88 5
89 12
89 39
89 31
90 6
90 21
90 56
91 3
91 76
91 1
92 2
92 12
92 51
93 65
93 7
93 57
94 20
94 61
94 92
95 0
95 54
95 30
96 5
96 47
96 24
97 61
97 0
97 2
98 12
98 6
98 20
99 17
99 79
99 25
100 18
100 2
100 52
101 27
101 7
101 91
102 21
102 83
102 80
103 12
103 8
103 45
104 73
104 13
104 51
105 1
105 12
105 7
106 10
106 90
106 35
107 3
107 36
107 88
108 67
108 9
108 47
109 92
109 3
109 88
110 1
110 82
110 6
111 110
111 52
111 13
112 31
112 64
112 56
113 7
113 5
113 101
114 11
114 103
114 13
115 7
115 14
115 12
116 17
116 3
116 2
117 52
117 3
117 61
118 6
118 48
118 15
119 4
119 100
119 5
120 28
120 119
120 1
121 77
121 4
121 56
122 61
122 50
122 15
123 91
123 84
123 54
124 63
124 57
124 104
125 5
125 10
125 27
126 5
126 10
126 52
127 116
127 110
127 7
128 26
128 10
128 12
129 96
129 24
129 52
130 14
130 1
130 5
131 5
131 43
131 53
132 2
132 6
132 49
133 5
133 57
133 0
134 112
134 105
134 66
135 64
135 7
135 62
136 15
136 26
136 126
137 1
137 32
137 17
138 56
138 79
138 97
139 2
139 86
139 15
140 108
140 41
140 91
141 52
141 9
141 53
142 12
142 31
142 7
143 7
143 2
143 103
144 21
144 133
144 6
145 46
145 3
145 140
146 12
146 44
146 31
147 13
147 3
147 2
148 30
148 44
148 76
149 9
149 90
149 56
150 144
150 10
150 0
151 60
151 77
151 4
152 61
152 122
152 41
153 47
153 8
153 84
154 20
154 62
154 3
155 59
155 1
155 57
156 54
156 137
156 10
157 100
157 126
157 4
158 70
158 41
158 31
159 41
159 97
159 0
160 7
160 0
160 56
161 98
161 141
161 79
162 16
162 14
162 82
163 16
163 107
163 82
164 86
164 16
164 25
165 16
165 26
165 3
166 6
166 63
166 5
167 22
167 124
167 29
168 81
168 48
168 32
169 16
169 42
169 2
170 150
170 109
170 10
171 70
171 10
171 7
172 168
172 143
172 22
173 4
173 3
173 55
174 157
174 27
174 145
175 168
175 165
175 57
176 59
176 61
176 6
177 10
177 28
177 1
178 8
178 3
178 34
179 63
179 66
179 2
180 157
180 1
180 40
181 3
181 97
181 8
182 24
182 1
182 0
183 121
183 2
183 1
184 1
184 52
184 6
185 20
185 5
185 27
186 143
186 172
186 7
187 55
187 28
187 21
188 0
188 183
188 132
189 61
189 144
189 31
190 148
190 109
190 11
191 60
191 6
191 72
192 28
192 158
192 0
193 16
193 51
193 72
194 104
194 108
194 25
195 31
195 12
195 116
196 12
196 50
196 167
197 50
197 174
197 27
198 12
198 95
198 52
199 66
199 128
199 175
200 0
200 156
200 11
201 144
201 7
201 51
202 3
202 12
202 119
203 9
203 31
203 32
204 144
204 150
204 1
205 5
205 143
205 24
206 31
206 64
206 43
207 12
207 148
207 21
208 45
208 5
208 56
209 8
209 105
209 156
210 150
210 3
210 26
211 1
211 5
211 210
212 6
212 25
212 116
213 12
213 122
213 149
214 41
214 64
214 1
215 61
215 82
215 154
216 129
216 116
216 184
217 189
217 76
217 0
218 16
218 193
218 8
219 149
219 11
219 141
220 31
220 109
220 2
221 8
221 1
221 161
222 3
222 57
222 209
223 56
223 136
223 8
224 181
224 214
224 53
225 78
225 34
225 80
226 11
226 164
226 5
227 135
227 2
227 7
228 12
228 22
228 7
229 23
229 150
229 92
230 27
230 103
230 10
231 76
231 4
231 23
232 3
232 127
232 62
233 117
233 2
233 137
234 128
234 28
234 144
235 2
235 77
235 180
236 32
236 17
236 30
237 212
237 3
237 62
238 101
238 172
238 144
239 101
239 85
239 122
240 185
240 98
240 34
241 181
241 100
241 190
242 51
242 12
242 15
243 163
243 73
243 135
244 30
244 180
244 101
245 15
245 149
245 22
246 1
246 16
246 123
247 123
247 68
247 44
248 208
248 124
248 236
249 143
249 6
249 111
250 80
250 101
250 216
251 44
251 105
251 198
252 94
252 17
252 32
253 64
253 132
253 2
254 124
254 133
254 2
255 133
255 15
255 27
256 231
256 26
256 190
257 106
257 116
257 5
258 99
258 158
258 66
259 8
259 116
259 48
260 168
260 129
260 165
261 102
261 1
261 72
262 246
262 97
262 158
263 1
263 241
263 22
264 103
264 199
264 93
265 165
265 78
265 171
266 73
266 12
266 236
267 62
267 20
267 5
268 31
268 197
268 144
269 177
269 165
269 27
270 229
270 115
270 30
271 82
271 181
271 142
272 91
272 122
272 2
273 120
273 150
273 192
274 1
274 55
274 41
275 31
275 92
275 12
276 33
276 103
276 52
277 90
277 78
277 205
278 110
278 36
278 56
279 12
279 49
279 124
280 144
280 108
280 149
281 34
281 0
281 166
282 281
282 2
282 21
283 67
283 110
283 103
284 72
284 268
284 14
285 62
285 29
285 156
286 235
286 184
286 2
287 56
287 98
287 60
288 112
288 123
288 105
289 5
289 15
289 2
290 165
290 44
290 25
291 232
291 12
291 6
292 127
292 124
292 163
293 180
293 1
293 124
294 94
294 158
294 89
295 189
295 56
295 160
296 236
296 165
296 4
297 88
297 25
297 202
298 126
298 0
298 2
299 222
299 2
299 23
300 128
300 3
300 60
301 156
301 40
301 73
302 148
302 185
302 21
303 141
303 32
303 94
304 4
304 249
304 281
305 205
305 57
305 192
306 64
306 180
306 244
307 0
307 6
307 20
308 100
308 6
308 1
309 278
309 89
309 86
310 91
310 127
310 0
311 236
311 31
311 27
312 57
312 239
312 211
313 277
313 301
313 0
314 256
314 44
314 181
315 5
315 0
315 13
316 36
316 14
316 35
317 25
317 87
317 257
318 0
318 220
318 10
319 46
319 35
319 102
320 29
320 25
320 31
321 138
321 0
321 260
322 13
322 34
322 91
323 226
323 171
323 1
324 258
324 7
324 89
325 219
325 287
325 7
326 11
326 117
326 27
327 55
327 0
327 20
328 244
328 284
328 8
329 183
329 70
329 59
330 158
330 239
330 35
331 48
331 0
331 51
332 35
332 221
332 82
333 12
333 192
333 196
334 104
334 165
334 37
335 89
335 178
335 230
336 157
336 149
336 297
337 57
337 7
337 330
338 6
338 157
338 76
339 7
339 185
339 330
340 64
340 2
340 59
341 75
341 302
341 181
342 2
342 72
342 179
343 1
343 31
343 168
344 179
344 32
344 240
345 36
345 304
345 3
346 16
346 197
346 211
347 116
347 72
347 27
348 20
348 21
348 2
349 22
349 225
349 1
350 79
350 309
350 76
351 55
351 53
351 6
352 13
352 30
352 180
353 278
353 1
353 327
354 333
354 199
354 8
355 113
355 247
355 27
356 287
356 47
356 111
357 72
357 8
357 342
358 3
358 267
358 0
359 16
359 10
359 157
360 2
360 321
360 13
361 73
361 38
361 5
362 117
362 216
362 56
363 261
363 7
363 328
364 354
364 15
364 249
365 26
365 1
365 10
366 128
366 240
366 4
367 262
367 0
367 129
368 167
368 128
368 18
369 144
369 175
369 155
370 82
370 73
370 133
371 340
371 220
371 225
372 225
372 157
372 21
373 1
373 152
373 197
374 366
374 204
374 1
375 185
375 341
375 3
376 17
376 167
376 5
377 167
377 319
377 337
378 1
378 8
378 238
379 258
379 5
379 154
380 237
380 5
380 0
381 100
381 119
381 236
382 225
382 168
382 23
383 99
383 35
383 109
384 97
384 4
384 179
385 179
385 237
385 22
386 80
386 13
386 15
387 17
387 58
387 285
388 157
388 42
388 6
389 258
389 38
389 231
390 56
390 73
390 24
391 296
391 179
391 134
392 157
392 36
392 114
393 57
393 197
393 99
394 365
394 22
394 84
395 3
395 57
395 171
396 22
396 23
396 265
397 6
397 48
397 239
398 100
398 312
398 105
399 303
399 365
399 289
400 92
400 157
400 16
401 275
401 319
401 367
402 170
402 59
402 202
403 371
403 57
403 15
404 123
404 113
404 357
405 5
405 25
405 259
406 200
406 12
406 226
407 1
407 103
407 382
408 368
408 84
408 9
409 141
409 322
409 2
410 5
410 59
410 1
411 279
411 0
411 240
412 244
412 7
412 202
413 216
413 143
413 20
414 3
414 370
414 80
415 56
415 293
415 126
416 386
416 33
416 158
417 185
417 4
417 29
418 399
418 159
418 313
419 218
419 16
419 356
420 306
420 385
420 14
421 31
421 396
421 264
422 83
422 2
422 185
423 7
423 17
423 278
424 72
424 180
424 9
425 0
425 255
425 126
426 67
426 0
426 3
427 42
427 35
427 190
428 346
428 6
428 28
429 417
429 122
429 57
430 132
430 409
430 309
431 6
431 0
431 84
432 400
432 369
432 411
433 30
433 59
433 2
434 204
434 52
434 33
435 55
435 100
435 387
436 80
436 57
436 7
437 32
437 171
437 105
438 289
438 402
438 28
439 29
439 157
439 105
440 3
440 20
440 430
441 382
441 128
441 42
442 227
442 381
442 41
443 94
443 116
443 304
444 48
444 12
444 96
445 218
445 3
445 43
446 19
446 304
446 11
447 4
447 279
447 413
448 18
448 35
448 0
449 302
449 70
449 196
450 152
450 9
450 73
451 72
451 33
451 258
452 217
452 52
452 57
453 1
453 236
453 244
454 137
454 26
454 23
455 110
455 7
455 145
456 301
456 7
456 379
457 12
457 143
457 134
458 227
458 80
458 243
459 164
459 128
459 79
460 3
460 178
460 290
461 72
461 213
461 54
462 391
462 0
462 229
463 179
463 14
463 31
464 1
464 3
464 327
465 278
465 261
465 94
466 58
466 30
466 76
467 143
467 232
467 65
468 92
468 387
468 426
469 162
469 167
469 4
470 258
470 330
470 31
471 88
471 468
471 35
472 254
472 176
472 199
473 442
473 157
473 387
474 4
474 377
474 385
475 197
475 44
475 150
476 0
476 176
476 101
477 72
477 7
477 442
478 5
478 349
478 436
479 180
479 197
479 2
480 223
480 100
480 44
481 94
481 24
481 56
482 444
482 481
482 137
483 419
483 127
483 56
484 0
484 3
484 99
485 5
485 0
485 232
486 319
486 409
486 386
487 0
487 311
487 342
488 10
488 71
488 6
489 6
489 337
489 444
490 14
490 1
490 2
491 8
491 444
491 432
492 309
492 112
492 92
493 149
493 367
493 3
494 140
494 325
494 302
495 202
495 152
495 71
496 67
496 13
496 189
497 6
497 21
497 73
498 36
498 125
498 141
499 88
499 272
499 127
500 26
500 270
500 157
501 51
501 494
501 381
502 484
502 0
502 227
503 367
503 341
503 11
504 381
504 304
504 426
505 0
505 342
505 2
506 237
506 24
506 41
507 54
507 76
507 31
508 158
508 213
508 212
509 146
509 49
509 7
510 8
510 58
510 88
511 139
511 50
511 173
512 408
512 354
512 376
513 92
513 492
513 48
514 442
514 138
514 56
515 91
515 349
515 281
516 287
516 161
516 175
517 340
517 464
517 61
518 373
518 324
518 56
519 499
519 38
519 133
520 332
520 366
520 6
521 228
521 4
521 196
522 394
522 7
522 26
523 211
523 13
523 25
524 48
524 55
524 216
525 60
525 74
525 168
526 368
526 91
526 143
527 242
527 111
527 422
528 92
528 177
528 1
529 81
529 9
529 268
530 486
530 499
530 111
531 421
531 325
531 44
532 33
532 340
532 365
533 365
533 303
533 20
534 289
534 25
534 15
535 11
535 2
535 21
536 15
536 253
536 161
537 501
537 505
537 407
538 122
538 3
538 181
539 33
539 1
539 171
540 31
540 4
540 127
541 7
541 59
541 236
542 73
542 75
542 56
543 114
543 388
543 303
544 1
544 67
544 278
545 482
545 179
545 172
546 277
546 76
546 115
547 522
547 49
547 28
548 278
548 363
548 117
549 212
549 24
549 416
550 57
550 138
550 309
551 310
551 154
551 189
552 328
552 51
552 8
553 145
553 281
553 56
554 524
554 75
554 423
555 387
555 40
555 99
556 52
556 324
556 29
557 281
557 300
557 184
558 16
558 535
558 21
559 94
559 7
559 55
560 79
560 72
560 35
561 3
561 124
561 5
562 36
562 57
562 43
563 62
563 97
563 42
564 510
564 232
564 44
565 383
565 54
565 2
566 356
566 531
566 127
567 97
567 73
567 350
568 10
568 304
568 284
569 340
569 4
569 1
570 40
570 113
570 185
571 179
571 265
571 108
572 275
572 501
572 157
573 208
573 180
573 11
574 221
574 88
574 144
575 0
575 134
575 179
576 238
576 174
576 124
577 231
577 8
577 6
578 1
578 474
578 12
579 102
579 171
579 298
580 487
580 305
580 322
581 80
581 112
581 0
582 288
582 234
582 56
583 419
583 40
583 489
584 238
584 333
584 57
585 92
585 30
585 163
586 550
586 20
586 103
587 26
587 7
587 435
588 6
588 253
588 179
589 216
589 544
589 158
590 259
590 7
590 362
591 303
591 342
591 119
592 33
592 470
592 522
593 312
593 520
593 180
594 341
594 295
594 311
595 179
595 2
595 589
596 0
596 309
596 359
597 333
597 48
597 399
598 97
598 236
598 237
599 541
599 43
599 522
600 156
600 1
600 549
601 12
601 139
601 151
602 408
602 1
602 152
603 0
603 120
603 453
604 599
604 20
604 421
605 265
605 108
605 594
606 188
606 154
606 105
607 132
607 304
607 6
608 497
608 353
608 200
609 176
609 116
609 345
610 15
610 342
610 489
611 176
611 610
611 55
612 1
612 87
612 469
613 226
613 520
613 125
614 44
614 186
614 27
615 16
615 603
615 112
616 423
616 159
616 277
617 64
617 574
617 400
618 105
618 3
618 358
619 164
619 70
619 14
620 47
620 360
620 234
621 196
621 288
621 244
622 72
622 181
622 13
623 388
623 157
623 110
624 196
624 3
624 31
625 32
625 444
625 1
626 278
626 9
626 56
627 608
627 7
627 0
628 11
628 310
628 346
629 54
629 10
629 318
630 274
630 2
630 459
631 178
631 225
631 25
632 21
632 41
632 235
633 198
633 44
633 395
634 511
634 261
634 16
635 304
635 1
635 2
636 239
636 2
636 26
637 293
637 241
637 40
638 5
638 24
638 391
639 16
639 157
639 98
640 608
640 117
640 535
641 37
641 244
641 73
642 152
642 128
642 42
643 451
643 246
643 281
644 142
644 147
644 3
645 0
645 58
645 11
646 232
646 5
646 11
647 137
647 515
647 94
648 52
648 56
648 89
649 208
649 526
649 648
650 54
650 363
650 3
651 23
651 132
651 300
652 21
652 24
652 346
653 34
653 177
653 81
654 484
654 363
654 15
655 606
655 61
655 133
656 152
656 3
656 562
657 84
657 604
657 596
658 71
658 66
658 209
659 447
659 434
659 33
660 265
660 1
660 25
661 261
661 42
661 134
662 2
662 92
662 635
663 164
663 20
663 116
664 563
664 575
664 1
665 380
665 0
665 253
666 602
666 339
666 14
667 319
667 365
667 302
668 28
668 74
668 356
669 76
669 368
669 601
670 496
670 192
670 268
671 79
671 189
671 165
672 572
672 392
672 52
673 80
673 95
673 131
674 139
674 158
674 16
675 94
675 44
675 3
676 284
676 444
676 331
677 3
677 620
677 572
678 664
678 2
678 307
679 13
679 635
679 6
680 663
680 182
680 169
681 313
681 2
681 666
682 7
682 258
682 396
683 261
683 164
683 16
684 170
684 93
684 330
685 340
685 412
685 26
686 0
686 30
686 298
687 544
687 93
687 349
688 39
688 57
688 42
689 281
689 322
689 27
690 230
690 337
690 611
691 56
691 257
691 22
692 11
692 6
692 101
693 498
693 175
693 86
694 436
694 444
694 120
695 98
695 3
695 660
696 234
696 74
696 149
697 412
697 163
697 171
698 614
698 136
698 27
699 346
699 307
699 77
700 12
700 97
700 35
701 12
701 6
701 689
702 110
702 0
702 343
703 20
703 185
703 108
704 593
704 8
704 612
705 703
705 22
705 91
706 68
706 288
706 25
707 676
707 301
707 505
708 345
708 92
708 492
709 354
709 146
709 149
710 289
710 235
710 643
711 79
711 583
711 7
712 535
712 568
712 46
713 534
713 445
713 34
714 341
714 190
714 65
715 452
715 310
715 203
716 541
716 255
716 216
717 504
717 385
717 86
718 215
718 171
718 57
719 225
719 445
719 63
720 2
720 704
720 34
721 3
721 208
721 157
722 6
722 513
722 448
723 106
723 381
723 158
724 312
724 378
724 668
725 412
725 6
725 223
726 13
726 647
726 327
727 175
727 177
727 278
728 40
728 1
728 278
729 233
729 212
729 324
730 304
730 7
730 482
731 667
731 41
731 244
732 143
732 161
732 462
733 177
733 323
733 73
734 275
734 2
734 4
735 173
735 32
735 72
736 467
736 232
736 205
737 75
737 238
737 22
738 500
738 66
738 614
739 201
739 67
739 62
740 491
740 105
740 674
741 165
741 0
741 689
742 617
742 1
742 707
743 211
743 629
743 624
744 197
744 157
744 549
745 64
745 251
745 36
746 11
746 557
746 56
747 182
747 375
747 51
748 4
748 67
748 210
749 323
749 66
749 0
750 98
750 3
750 101
751 48
751 193
751 141
752 64
752 561
752 14
753 3
753 668
753 520
754 304
754 236
754 672
755 0
755 23
755 436
756 199
756 345
756 142
757 738
757 55
757 486
758 21
758 282
758 52
759 542
759 50
759 395
760 489
760 128
760 671
761 309
761 2
761 592
762 240
762 2
762 449
763 518
763 322
763 12
764 4
764 538
764 29
765 367
765 20
765 154
766 373
766 582
766 7
767 86
767 128
767 638
768 472
768 205
768 178
769 608
769 0
769 330
770 710
770 43
770 35
771 453
771 136
771 368
772 614
772 365
772 556
773 695
773 57
773 412
774 0
774 50
774 281
775 646
775 441
775 173
776 1
776 772
776 453
777 138
777 168
777 298
778 33
778 425
778 493
779 239
779 240
779 79
780 78
780 57
780 3
781 499
781 721
781 87
782 402
782 12
782 286
783 136
783 149
783 0
784 648
784 2
784 202
785 119
785 512
785 244
786 119
786 134
786 306
787 1
787 577
787 267
788 91
788 4
788 40
789 4
789 157
789 111
790 5
790 744
790 715
791 551
791 57
791 3
792 12
792 504
792 144
793 713
793 173
793 532
794 623
794 290
794 380
795 760
795 3
795 39
796 28
796 128
796 27
797 685
797 583
797 452
798 98
798 270
798 94
799 8
799 298
799 55
800 157
800 785
800 103
801 547
801 446
801 196
802 295
802 232
802 585
803 655
803 289
803 550
804 502
804 34
804 284
805 483
805 268
805 116
806 622
806 296
806 505
807 420
807 212
807 505
808 446
808 288
808 271
809 318
809 25
809 698
810 694
810 790
810 298
811 4
811 642
811 366
812 413
812 707
812 126
813 73
813 470
813 681
814 253
814 232
814 371
815 598
815 380
815 661
816 86
816 244
816 56
817 684
817 3
817 0
818 575
818 680
818 392
819 158
819 132
819 28
820 364
820 77
820 438
821 49
821 52
821 144
822 8
822 6
822 301
823 0
823 241
823 144
824 549
824 505
824 76
825 32
825 12
825 143
826 48
826 56
826 637
827 340
827 681
827 49
828 668
828 0
828 744
829 2
829 486
829 626
830 170
830 796
830 5
831 568
831 571
831 374
832 3
832 144
832 137
833 741
833 217
833 24
834 687
834 113
834 14
835 52
835 350
835 288
836 367
836 77
836 3
837 12
837 431
837 342
838 157
838 261
838 156
839 221
839 100
839 364
840 766
840 702
840 461
841 91
841 53
841 744
842 532
842 31
842 581
843 658
843 28
843 181
844 665
844 73
844 748
845 522
845 321
845 3
846 76
846 28
846 785
847 46
847 8
847 159
848 679
848 704
848 148
849 238
849 16
849 825
850 79
850 289
850 313
851 60
851 493
851 28
852 129
852 396
852 578
853 172
853 223
853 458
854 82
854 612
854 120
855 17
855 192
855 101
856 57
856 15
856 661
857 79
857 635
857 191
858 94
858 637
858 381
859 830
859 68
859 349
860 56
860 2
860 681
861 2
861 7
861 1
862 3
862 8
862 711
863 7
863 543
863 696
864 728
864 1
864 0
865 8
865 857
865 515
866 570
866 42
866 402
867 31
867 179
867 423
868 864
868 388
868 550
869 547
869 3
869 54
870 341
870 255
870 446
871 735
871 5
871 187
872 203
872 163
872 1
873 108
873 238
873 698
874 371
874 57
874 9
875 15
875 569
875 690
876 166
876 630
876 212
877 178
877 1
877 763
878 0
878 211
878 78
879 147
879 103
879 97
880 396
880 607
880 76
881 517
881 693
881 787
882 5
882 730
882 874
883 150
883 806
883 349
884 151
884 70
884 544
885 5
885 574
885 31
886 49
886 103
886 235
887 138
887 6
887 129
888 459
888 44
888 99
889 470
889 41
889 313
890 99
890 528
890 389
891 595
891 744
891 199
892 54
892 95
892 473
893 375
893 665
893 622
894 142
894 413
894 144
895 202
895 163
895 2
896 354
896 309
896 363
897 12
897 7
897 552
898 349
898 91
898 32
899 1
899 442
899 42
900 231
900 50
900 192
901 551
901 467
901 231
902 43
902 581
902 157
903 673
903 129
903 260
904 211
904 816
904 30
905 141
905 813
905 635
906 349
906 740
906 184
907 259
907 230
907 1
908 493
908 809
908 793
909 98
909 413
909 54
910 281
910 12
910 4
911 159
911 488
911 151
912 305
912 161
912 240
913 763
913 50
913 549
914 235
914 458
914 141
915 149
915 648
915 188
916 215
916 327
916 72
917 423
917 327
917 188
918 657
918 117
918 51
919 451
919 552
919 229
920 594
920 600
920 314
921 13
921 35
921 574
922 547
922 6
922 330
923 534
923 1
923 57
924 52
924 403
924 1
925 31
925 67
925 2
926 136
926 451
926 813
927 27
927 661
927 843
928 161
928 0
928 691
929 218
929 172
929 823
930 815
930 197
930 16
931 178
931 251
931 30
932 368
932 851
932 711
933 369
933 235
933 278
934 302
934 315
934 861
935 369
935 150
935 3
936 505
936 241
936 192
937 100
937 230
937 331
938 620
938 15
938 264
939 810
939 406
939 802
940 0
940 127
940 1
941 917
941 35
941 88
942 760
942 184
942 72
943 447
943 598
943 38
944 662
944 795
944 5
945 916
945 548
945 251
946 783
946 1
946 57
947 899
947 228
947 676
948 12
948 463
948 366
949 624
949 449
949 26
950 608
950 387
950 55
951 53
951 21
951 676
952 44
952 269
952 0
953 632
953 771
953 111
954 89
954 2
954 545
955 307
955 508
955 161
956 1
956 0
956 315
957 279
957 32
957 16
958 12
958 882
958 259
959 129
959 360
959 54
960 1
960 348
960 608
961 128
961 132
961 32
962 170
962 73
962 167
963 105
963 235
963 902
964 1
964 538
964 876
965 682
965 620
965 522
966 66
966 288
966 740
967 503
967 84
967 793
968 18
968 171
968 203
969 665
969 753
969 835
970 515
970 15
970 163
971 4
971 963
971 801
972 567
972 16
972 357
973 14
973 135
973 417
974 341
974 103
974 673
975 196
975 105
975 35
976 741
976 341
976 44
977 571
977 375
977 48
978 354
978 8
978 745
979 207
979 173
979 340
980 42
980 84
980 73
981 907
981 268
981 73
982 124
982 164
982 11
983 23
983 198
983 897
984 59
984 383
984 108
985 451
985 363
985 79
986 948
986 129
986 5
987 477
987 653
987 51
988 928
988 47
988 457
989 15
989 435
989 56
990 112
990 350
990 2
991 878
991 80
991 810
992 44
992 318
992 171
993 12
993 47
993 758
994 0
994 202
994 121
995 461
995 9
995 164
996 817
996 949
996 464
997 0
997 707
997 391
998 103
998 761
998 452
999 105
999 128
999 6
