0 1
0 2
0 3
0 5
0 6
0 7
0 13
0 20
0 27
0 34
0 35
0 51
0 65
0 83
0 148
0 158
0 168
0 190
0 233
0 281
0 346
0 415
1 0
1 2
1 3
1 4
1 5
1 10
1 12
1 15
1 24
1 35
1 50
1 74
1 96
1 113
1 114
1 162
1 184
1 203
1 206
1 215
1 218
1 230
1 318
2 0
2 1
2 3
2 4
2 7
2 8
2 9
2 12
2 18
2 22
2 26
2 27
2 37
2 40
2 41
2 42
2 76
2 83
2 100
2 148
2 200
2 206
2 210
3 0
3 1
3 2
3 4
3 5
3 6
3 7
3 8
3 9
3 11
3 15
3 20
3 21
3 22
3 23
3 38
3 46
3 61
3 71
3 79
3 91
3 112
3 115
4 3
4 1
4 2
4 6
4 10
4 11
4 13
4 18
4 25
4 69
4 136
4 185
4 205
4 254
4 265
4 281
4 358
4 451
5 1
5 3
5 0
5 15
5 16
5 24
5 29
5 47
5 60
5 63
5 70
5 95
5 99
5 106
5 129
5 159
5 202
5 294
5 298
5 320
5 432
5 472
6 3
6 4
6 0
6 8
6 12
6 33
6 77
6 103
6 105
6 107
6 301
7 3
7 2
7 0
7 14
7 17
7 23
7 30
7 36
7 41
7 64
7 68
7 75
7 86
7 93
7 167
7 187
7 195
7 218
7 288
7 349
7 413
8 6
8 2
8 3
8 9
8 16
8 40
8 43
8 51
8 53
8 64
8 72
8 83
8 213
8 223
8 224
8 248
8 325
8 348
8 357
9 3
9 8
9 2
9 10
9 14
9 16
9 22
9 26
9 34
9 39
9 60
9 72
9 104
9 106
9 130
9 148
9 158
9 172
9 180
9 183
9 305
9 330
9 351
10 9
10 1
10 4
10 11
10 13
10 18
10 24
10 32
10 33
10 35
10 43
10 45
10 63
10 74
10 75
10 78
10 92
10 111
10 127
10 128
10 132
10 142
10 143
11 10
11 4
11 3
11 17
11 30
11 43
11 80
11 87
11 105
11 152
11 181
11 259
11 320
11 379
11 396
11 419
12 6
12 1
12 2
12 23
12 77
12 110
12 115
12 126
12 220
12 235
12 267
12 444
13 0
13 10
13 4
13 14
13 25
13 31
13 32
13 38
13 51
13 62
13 90
13 104
13 105
13 118
13 219
13 232
13 255
13 293
13 362
14 7
14 9
14 13
14 37
14 52
14 81
14 111
14 204
14 278
14 293
14 377
14 456
15 1
15 3
15 5
15 17
15 19
15 34
15 56
15 67
15 102
15 109
15 117
15 125
15 155
15 162
15 166
15 310
15 320
15 413
15 425
15 479
16 9
16 8
16 5
16 21
16 25
16 140
16 152
16 154
16 231
16 382
16 433
16 469
16 483
17 11
17 15
17 7
17 19
17 26
17 30
17 49
17 52
17 89
17 114
17 122
17 162
17 188
17 194
17 357
17 388
18 10
18 2
18 4
18 19
18 20
18 28
18 31
18 46
18 49
18 50
18 57
18 58
18 65
18 76
18 120
18 156
18 198
18 342
18 384
18 490
18 491
19 15
19 18
19 17
19 21
19 36
19 44
19 85
19 86
19 123
19 127
19 171
19 219
19 222
19 242
19 261
19 299
19 309
19 327
19 394
19 447
19 450
19 487
19 492
20 18
20 0
20 3
20 37
20 87
20 93
20 94
20 100
20 116
20 138
20 151
20 189
20 193
20 215
20 412
20 467
21 19
21 3
21 16
21 33
21 38
21 49
21 56
21 62
21 88
21 169
21 184
21 187
21 255
21 256
21 352
21 420
21 468
22 2
22 3
22 9
22 27
22 28
22 39
22 185
22 201
22 235
22 273
22 279
22 417
22 427
23 7
23 3
23 12
23 32
23 36
23 40
23 63
23 97
23 120
23 134
23 145
23 261
23 352
23 373
24 10
24 1
24 5
24 31
24 48
24 56
24 61
24 77
24 166
24 167
24 414
24 464
25 13
25 4
25 16
25 28
25 29
25 42
25 44
25 96
25 364
25 369
25 391
26 2
26 17
26 9
26 46
26 48
26 57
26 71
26 76
26 158
26 167
26 196
26 249
26 279
26 306
26 426
27 0
27 2
27 22
27 45
27 58
27 64
27 66
27 73
27 99
27 211
27 218
27 262
27 347
27 356
28 18
28 22
28 25
28 29
28 58
28 59
28 61
28 103
28 120
28 140
28 178
28 185
28 209
28 288
28 470
29 25
29 5
29 28
29 54
29 55
29 101
29 149
29 164
29 179
29 200
29 286
29 345
29 374
30 7
30 11
30 17
30 178
30 181
30 183
30 244
31 24
31 13
31 18
31 72
31 84
31 126
31 132
31 179
31 199
31 312
31 398
31 442
32 23
32 10
32 13
32 55
32 57
33 6
33 21
33 10
33 39
33 48
33 66
33 80
33 84
33 91
33 106
33 135
33 154
33 208
33 225
33 238
33 251
33 264
33 276
33 495
34 9
34 15
34 0
34 53
34 79
34 227
34 402
34 416
35 1
35 10
35 0
35 89
35 141
35 160
35 222
35 300
35 459
36 7
36 19
36 23
36 44
36 47
36 94
36 113
36 174
36 179
36 240
36 256
36 272
36 284
36 339
36 425
36 457
37 20
37 2
37 14
37 108
37 116
37 139
37 224
37 373
37 399
37 409
38 13
38 3
38 21
38 42
38 59
38 73
38 109
38 125
38 144
38 228
38 247
38 355
38 392
38 410
38 457
39 33
39 9
39 22
39 41
39 47
39 66
39 80
39 85
39 249
39 264
39 487
40 8
40 2
40 23
40 54
40 119
40 135
40 186
40 227
41 7
41 39
41 2
41 45
41 52
41 194
41 465
42 38
42 25
42 2
42 107
42 128
42 130
42 172
42 213
42 252
42 274
42 289
42 322
42 433
42 462
42 477
42 480
43 8
43 11
43 10
43 67
43 142
43 153
43 165
43 171
43 466
44 36
44 25
44 19
44 50
44 137
44 145
44 182
44 360
45 41
45 27
45 10
45 68
45 119
45 133
45 258
46 26
46 3
46 18
46 54
46 71
46 98
46 184
46 194
46 239
46 333
46 442
47 39
47 5
47 36
48 26
48 33
48 24
48 59
48 75
48 79
48 142
48 237
48 253
48 290
48 400
48 461
49 21
49 18
49 17
49 68
49 122
49 240
49 379
50 18
50 44
50 1
50 65
50 70
50 160
50 168
50 246
50 318
50 323
50 418
51 8
51 13
51 0
51 53
51 67
51 69
51 82
51 123
51 170
51 317
51 328
51 370
52 17
52 14
52 41
52 102
52 155
52 254
52 325
52 379
53 34
53 8
53 51
53 55
53 144
53 225
53 350
53 471
54 46
54 40
54 29
54 62
54 92
54 101
54 249
54 302
54 482
55 32
55 29
55 53
55 81
55 87
55 151
55 277
55 335
56 21
56 15
56 24
56 69
56 112
56 117
56 345
57 32
57 18
57 26
57 146
57 168
57 301
58 18
58 27
58 28
58 60
58 85
58 178
58 187
58 289
59 48
59 38
59 28
59 70
59 78
59 216
59 361
60 58
60 9
60 5
60 100
60 135
60 137
61 28
61 24
61 3
61 91
61 116
61 161
61 217
61 409
61 486
62 54
62 13
62 21
62 74
62 88
62 458
63 10
63 23
63 5
63 84
63 145
63 177
63 197
63 232
63 413
63 424
64 7
64 27
64 8
64 119
64 192
64 203
64 208
64 282
64 286
64 322
65 18
65 0
65 50
65 121
65 136
65 177
65 200
65 361
65 372
66 33
66 39
66 27
66 73
66 98
66 147
66 295
67 51
67 43
67 15
67 159
67 201
67 280
67 307
67 354
67 428
67 498
68 7
68 45
68 49
68 108
68 128
68 164
68 212
68 243
68 253
68 263
68 312
68 318
68 323
69 51
69 56
69 4
69 81
69 88
69 124
69 214
69 291
69 306
69 412
70 5
70 59
70 50
70 104
70 118
70 182
70 257
70 319
70 326
70 383
70 437
70 448
71 3
71 26
71 46
71 82
71 129
71 237
71 491
72 31
72 9
72 8
72 112
72 114
72 196
72 359
72 360
72 468
73 38
73 27
73 66
73 89
73 90
73 123
73 141
73 269
73 484
74 10
74 62
74 1
74 260
74 266
74 310
74 324
74 376
75 10
75 7
75 48
75 78
75 109
75 115
75 188
75 191
75 215
75 407
76 26
76 2
76 18
76 94
76 131
76 137
76 143
76 264
76 337
76 372
76 423
77 24
77 12
77 6
77 93
77 97
77 181
77 191
78 10
78 59
78 75
78 124
78 146
78 166
78 241
78 248
78 265
78 296
78 299
78 381
79 34
79 3
79 48
79 82
79 351
79 373
80 39
80 33
80 11
80 174
80 368
80 369
81 55
81 69
81 14
81 153
82 51
82 79
82 71
82 86
82 99
82 102
82 164
82 397
82 416
83 8
83 2
83 0
83 111
83 133
83 177
83 431
83 443
84 63
84 31
84 33
84 110
84 157
85 58
85 19
85 39
85 95
85 132
85 155
85 219
85 255
85 397
85 427
85 454
86 7
86 19
86 82
86 121
86 129
86 151
86 262
86 430
87 20
87 11
87 55
87 90
87 95
87 118
87 130
87 271
87 287
87 367
88 21
88 69
88 62
88 98
88 103
88 131
88 169
88 330
88 331
88 419
89 35
89 73
89 17
89 101
89 143
89 199
89 204
89 207
89 212
89 294
89 493
90 13
90 87
90 73
90 497
91 33
91 3
91 61
91 92
91 96
91 220
91 227
91 252
91 385
91 411
92 91
92 10
92 54
93 77
93 20
93 7
93 108
93 180
93 229
93 487
94 20
94 36
94 76
94 134
94 262
94 295
94 465
95 85
95 87
95 5
95 97
95 173
95 222
95 348
96 91
96 25
96 1
96 126
96 149
96 216
96 405
97 23
97 77
97 95
97 196
97 304
97 460
97 478
98 46
98 66
98 88
98 138
98 154
98 156
98 220
98 239
98 257
98 483
99 5
99 82
99 27
99 195
99 347
99 496
100 20
100 60
100 2
100 122
100 169
100 226
100 331
100 489
101 54
101 29
101 89
101 228
102 82
102 52
102 15
102 107
102 113
102 134
102 228
102 265
102 388
102 392
103 88
103 28
103 6
103 230
103 387
104 13
104 70
104 9
104 124
104 163
104 174
104 283
104 343
104 410
105 11
105 13
105 6
105 243
105 258
105 374
105 454
106 5
106 9
106 33
106 110
106 121
106 172
106 338
106 405
107 6
107 42
107 102
107 139
107 147
107 346
107 414
107 490
108 68
108 93
108 37
108 199
108 260
108 343
108 453
108 463
109 75
109 38
109 15
109 152
109 296
110 12
110 84
110 106
110 157
110 190
110 226
110 236
110 277
110 299
110 310
110 365
110 398
110 415
110 440
111 10
111 83
111 14
111 153
111 221
111 287
111 489
112 3
112 72
112 56
112 150
112 216
112 303
112 307
113 102
113 1
113 36
113 133
113 192
113 242
113 244
113 285
113 302
113 475
114 1
114 72
114 17
114 117
114 139
114 140
114 173
114 175
114 191
114 211
114 392
114 404
114 470
115 3
115 12
115 75
115 125
115 127
115 136
115 161
115 201
115 272
115 307
115 356
115 449
116 37
116 20
116 61
116 263
116 266
116 429
117 114
117 15
117 56
117 271
118 87
118 70
118 13
118 313
118 402
118 463
119 40
119 64
119 45
119 161
119 431
119 461
120 28
120 18
120 23
121 86
121 106
121 65
121 193
122 49
122 100
122 17
122 141
122 197
122 270
122 298
123 51
123 73
123 19
123 297
123 371
123 434
123 462
124 69
124 104
124 78
124 270
124 305
124 371
125 15
125 115
125 38
125 163
125 308
125 395
126 12
126 31
126 96
126 175
126 246
127 115
127 19
127 10
127 146
127 165
127 305
127 319
127 367
128 10
128 42
128 68
128 163
128 311
128 321
129 71
129 5
129 86
130 87
130 42
130 9
130 159
130 189
130 190
130 193
130 242
130 263
130 436
131 88
131 76
131 3
131 157
131 170
131 175
131 203
131 229
131 341
131 417
131 418
132 31
132 10
132 85
132 147
132 252
132 434
133 83
133 45
133 113
134 23
134 94
134 102
134 319
135 33
135 60
135 40
135 160
135 290
135 340
135 388
136 115
136 4
136 65
136 144
136 202
137 44
137 76
137 60
137 150
137 236
137 308
138 20
138 3
138 98
138 149
138 376
139 114
139 37
139 107
139 197
140 28
140 114
140 16
140 350
140 393
141 122
141 35
141 73
141 186
141 210
141 233
141 455
142 43
142 10
142 48
142 211
142 253
142 290
143 76
143 89
143 10
143 205
143 438
143 474
144 53
144 38
144 136
144 274
144 400
144 408
144 439
145 63
145 23
145 44
145 268
145 378
145 421
145 472
145 488
146 78
146 127
146 57
146 207
146 260
147 66
147 132
147 107
148 2
148 0
148 9
148 150
148 176
148 208
148 266
149 96
149 138
149 29
150 137
150 148
150 112
150 473
150 475
151 86
151 55
151 20
151 192
151 329
151 345
151 358
151 362
151 383
151 485
152 109
152 16
152 11
152 344
153 111
153 81
153 43
153 204
153 330
154 16
154 98
154 33
154 170
154 338
154 365
154 376
154 435
155 15
155 52
155 85
155 186
155 245
155 268
155 353
155 462
156 3
156 98
156 18
156 258
157 131
157 110
157 84
157 183
157 292
157 407
158 9
158 0
158 26
158 180
159 5
159 67
159 130
159 270
159 272
159 284
159 396
160 50
160 35
160 135
160 292
160 296
160 426
161 61
161 119
161 115
161 173
161 195
161 202
161 234
161 292
161 334
161 394
161 479
162 1
162 17
162 15
162 243
162 364
162 399
162 469
163 128
163 125
163 104
163 298
164 29
164 82
164 68
164 382
164 494
165 43
165 10
165 127
165 182
165 188
165 213
165 278
166 24
166 78
166 15
166 349
167 7
167 24
167 26
167 198
167 229
167 250
167 335
167 340
168 0
168 57
168 50
168 428
168 452
168 481
169 100
169 21
169 88
169 176
169 233
169 261
169 495
170 154
170 131
170 51
170 256
170 391
171 10
171 43
171 19
171 341
171 350
171 359
171 441
172 106
172 9
172 42
173 95
173 114
173 161
173 209
173 247
173 451
173 474
174 104
174 80
174 36
174 366
174 445
175 126
175 114
175 131
175 342
175 499
176 148
176 3
176 169
177 83
177 63
177 65
177 206
177 231
177 279
177 281
177 393
178 58
178 30
178 28
179 36
179 29
179 31
179 231
179 332
180 9
180 158
180 93
180 315
181 11
181 77
181 30
181 356
181 361
182 70
182 165
182 44
183 157
183 30
183 9
183 364
183 365
183 377
183 387
184 21
184 46
184 1
184 232
184 311
184 395
184 484
185 22
185 28
185 4
185 238
185 285
185 336
186 141
186 155
186 40
186 217
186 300
186 439
187 21
187 7
187 58
187 205
187 226
187 285
187 316
187 329
187 480
187 499
188 165
188 75
188 17
189 130
189 10
189 20
189 198
189 214
189 268
189 271
189 303
189 326
190 130
190 0
190 110
190 276
191 114
191 77
191 75
191 458
192 64
192 151
192 113
192 438
193 20
193 121
193 130
193 269
193 338
193 430
194 17
194 46
194 41
194 327
194 378
195 7
195 161
195 99
195 223
196 26
196 97
196 72
196 278
196 456
197 63
197 139
197 122
197 343
198 189
198 18
198 167
198 327
198 329
198 352
198 368
198 481
198 499
199 108
199 89
199 31
199 236
199 323
199 437
200 65
200 29
200 2
200 251
200 274
200 295
200 494
200 496
201 67
201 115
201 22
201 273
201 277
201 315
201 401
202 5
202 161
202 136
202 245
202 273
203 64
203 131
203 1
203 326
203 436
204 89
204 14
204 153
204 245
204 248
205 4
205 187
205 143
205 209
205 304
205 474
206 177
206 1
206 2
206 238
206 247
206 312
207 146
207 89
207 10
207 212
207 250
207 309
208 33
208 64
208 148
208 455
209 173
209 205
209 28
209 223
209 284
209 333
209 381
209 443
210 2
210 10
210 141
211 114
211 27
211 142
211 221
211 283
211 291
211 332
211 339
211 377
211 383
211 385
211 415
212 207
212 89
212 68
212 259
212 370
212 432
212 440
213 42
213 8
213 165
213 324
214 189
214 69
214 3
215 20
215 1
215 75
215 280
215 493
216 59
216 96
216 112
216 217
216 275
217 186
217 216
217 61
217 276
217 286
217 455
218 1
218 7
218 27
218 325
219 19
219 13
219 85
220 12
220 98
220 91
220 428
220 431
221 111
221 211
221 3
221 315
222 19
222 35
222 95
222 235
222 250
223 195
223 209
223 8
223 224
223 374
223 386
224 37
224 223
224 8
224 234
224 241
224 303
224 306
225 33
225 53
225 3
225 259
225 280
225 406
226 100
226 110
226 187
226 341
226 496
227 34
227 91
227 40
227 328
227 348
228 101
228 102
228 38
228 404
229 167
229 131
229 93
229 460
230 2
230 103
230 1
230 282
231 177
231 16
231 179
231 251
231 420
231 432
231 463
232 13
232 184
232 63
232 313
232 375
233 169
233 141
233 0
233 244
233 267
233 291
233 324
234 161
234 10
234 224
234 237
234 240
234 366
235 222
235 12
235 22
235 389
235 416
236 110
236 137
236 199
236 406
236 452
236 482
237 234
237 48
237 71
237 408
237 485
238 33
238 185
238 206
239 98
239 46
239 2
239 293
239 448
240 234
240 36
240 49
241 10
241 224
241 78
241 282
242 113
242 19
242 130
242 246
242 335
242 491
243 68
243 105
243 162
243 257
243 337
244 30
244 113
244 233
244 353
244 422
245 202
245 204
245 155
245 289
246 242
246 50
246 126
246 351
247 38
247 173
247 206
247 465
248 204
248 78
248 8
248 283
248 317
249 26
249 54
249 39
250 167
250 207
250 222
250 254
250 336
251 200
251 33
251 231
251 302
251 473
252 91
252 42
252 132
252 354
252 450
253 142
253 68
253 48
253 316
254 4
254 250
254 52
254 357
254 380
255 85
255 13
255 21
255 336
256 170
256 36
256 21
257 243
257 98
257 70
257 353
258 45
258 105
258 156
258 369
258 488
259 11
259 212
259 225
259 355
260 74
260 108
260 146
260 316
260 425
261 23
261 169
261 19
261 314
261 322
261 334
261 390
262 86
262 94
262 27
262 294
262 402
263 116
263 130
263 68
263 334
264 76
264 33
264 39
264 458
264 460
265 78
265 102
265 4
265 269
265 391
265 397
265 468
265 476
266 74
266 116
266 148
267 10
267 233
267 12
267 309
268 155
268 189
268 145
269 265
269 193
269 73
269 331
270 159
270 124
270 122
270 401
270 490
270 498
271 87
271 117
271 189
271 467
272 159
272 36
272 115
272 275
272 288
272 321
273 22
273 201
273 202
274 200
274 144
274 42
274 275
274 470
274 478
275 216
275 274
275 272
275 297
275 478
276 33
276 217
276 190
277 201
277 55
277 110
277 368
277 476
278 14
278 196
278 165
279 22
279 177
279 26
279 301
279 314
279 349
280 67
280 215
280 225
280 311
280 396
280 449
281 177
281 0
281 4
281 405
282 230
282 64
282 241
283 104
283 211
283 248
284 209
284 36
284 159
285 187
285 185
285 113
286 64
286 217
286 29
286 300
286 346
287 111
287 3
287 87
287 442
288 7
288 272
288 28
288 418
289 245
289 58
289 42
290 135
290 48
290 142
290 337
291 211
291 69
291 233
291 408
292 157
292 161
292 160
292 333
293 14
293 239
293 13
293 328
293 382
293 401
294 5
294 89
294 262
294 339
294 395
295 94
295 66
295 200
295 332
295 411
296 78
296 160
296 109
297 275
297 123
297 10
298 5
298 122
298 163
299 19
299 78
299 110
299 384
299 386
299 398
299 446
300 186
300 286
300 35
301 6
301 279
301 57
301 304
302 54
302 251
302 113
302 380
302 467
303 224
303 112
303 189
303 367
303 423
303 451
303 471
304 205
304 301
304 97
305 124
305 9
305 127
305 370
305 409
305 461
306 224
306 26
306 69
306 394
307 115
307 67
307 112
307 445
307 492
308 10
308 137
308 125
308 313
308 314
308 386
309 267
309 207
309 19
309 435
309 436
309 445
310 15
310 74
310 110
310 421
310 492
311 184
311 128
311 280
311 489
312 206
312 31
312 68
312 404
313 232
313 118
313 308
313 375
314 261
314 308
314 279
314 354
314 430
314 441
315 221
315 180
315 201
316 253
316 187
316 260
316 498
317 10
317 51
317 248
317 448
317 453
318 1
318 50
318 68
319 134
319 70
319 127
320 5
320 11
320 15
320 321
320 390
320 400
320 497
321 272
321 128
321 320
321 340
321 342
322 42
322 64
322 261
322 385
323 199
323 50
323 68
324 74
324 233
324 213
325 52
325 218
325 8
325 375
326 70
326 203
326 189
327 19
327 194
327 198
328 51
328 293
328 227
329 151
329 187
329 198
329 344
329 363
329 488
330 9
330 88
330 153
330 360
330 429
331 100
331 88
331 269
332 295
332 179
332 211
332 464
333 292
333 209
333 46
333 372
334 263
334 261
334 161
334 344
334 359
335 242
335 55
335 167
336 250
336 255
336 185
336 464
337 76
337 290
337 243
337 363
338 154
338 193
338 106
339 294
339 36
339 211
339 362
340 167
340 135
340 321
340 399
340 419
341 226
341 171
341 131
341 422
341 459
341 469
342 321
342 18
342 175
343 104
343 108
343 197
343 380
343 434
344 152
344 329
344 334
344 447
345 56
345 29
345 151
345 355
346 0
346 107
346 286
347 99
347 3
347 27
348 8
348 95
348 227
348 426
349 279
349 166
349 7
349 363
350 53
350 140
350 171
350 389
350 453
350 466
351 9
351 79
351 246
351 387
351 424
352 198
352 21
352 23
353 244
353 257
353 155
353 366
354 67
354 252
354 314
355 259
355 345
355 38
355 403
356 27
356 181
356 115
356 447
356 480
357 17
357 254
357 8
357 412
357 452
358 2
358 4
358 151
359 334
359 171
359 72
359 479
360 72
360 44
360 330
361 181
361 59
361 65
361 384
362 151
362 339
362 13
362 389
363 349
363 329
363 337
363 444
363 446
364 162
364 183
364 25
365 154
365 183
365 110
365 371
365 435
365 457
365 471
366 353
366 174
366 234
366 403
367 87
367 303
367 127
367 427
368 80
368 198
368 277
368 390
369 25
369 258
369 80
370 305
370 212
370 51
370 406
371 365
371 123
371 124
372 65
372 76
372 333
373 23
373 37
373 79
374 29
374 105
374 223
375 232
375 325
375 313
376 74
376 154
376 138
377 14
377 211
377 183
377 411
378 145
378 194
378 10
379 49
379 52
379 11
379 459
380 343
380 254
380 302
381 78
381 10
381 209
382 16
382 293
382 164
383 211
383 70
383 151
384 361
384 18
384 299
384 440
385 91
385 322
385 211
386 308
386 299
386 223
387 103
387 351
387 183
387 393
387 484
388 135
388 102
388 17
388 423
388 439
389 235
389 362
389 350
390 368
390 261
390 320
390 454
391 170
391 265
391 25
391 466
391 481
392 114
392 38
392 102
392 482
393 387
393 177
393 140
393 477
394 19
394 306
394 161
395 294
395 184
395 125
396 280
396 159
396 11
396 477
397 265
397 82
397 85
397 410
398 31
398 299
398 110
399 340
399 162
399 37
400 144
400 320
400 48
400 414
401 201
401 293
401 270
402 34
402 118
402 262
402 424
403 10
403 355
403 366
404 114
404 312
404 228
405 96
405 106
405 281
406 370
406 236
406 225
407 157
407 75
407 1
408 291
408 144
408 237
409 61
409 37
409 305
410 397
410 104
410 38
411 91
411 295
411 377
412 357
412 20
412 69
412 429
413 63
413 15
413 7
414 107
414 24
414 400
415 110
415 0
415 211
415 493
416 235
416 34
416 82
417 131
417 3
417 22
417 443
417 486
418 50
418 288
418 131
419 11
419 340
419 88
420 231
420 1
420 21
421 145
421 1
421 310
422 244
422 1
422 341
423 388
423 303
423 76
423 444
424 351
424 402
424 63
425 36
425 15
425 260
426 348
426 26
426 160
427 367
427 22
427 85
428 168
428 220
428 67
429 116
429 412
429 330
430 193
430 314
430 86
431 119
431 220
431 83
432 231
432 5
432 212
433 42
433 16
433 10
434 123
434 343
434 132
434 441
435 309
435 365
435 154
436 130
436 203
436 309
437 70
437 3
437 199
438 3
438 192
438 143
439 388
439 144
439 186
439 486
439 494
440 384
440 212
440 110
441 434
441 171
441 314
442 287
442 31
442 46
443 209
443 417
443 83
444 12
444 363
444 423
445 309
445 174
445 307
446 363
446 2
446 299
447 356
447 19
447 344
447 456
448 70
448 239
448 317
449 280
449 115
449 9
450 19
450 3
450 252
451 4
451 303
451 173
452 357
452 168
452 236
453 350
453 317
453 108
453 485
454 85
454 105
454 390
455 208
455 141
455 217
456 447
456 196
456 14
457 36
457 365
457 38
458 191
458 62
458 264
459 379
459 341
459 35
460 229
460 264
460 97
461 119
461 305
461 48
461 476
462 155
462 123
462 42
463 231
463 108
463 118
464 336
464 332
464 24
465 41
465 94
465 247
466 43
466 350
466 391
467 271
467 302
467 20
468 72
468 265
468 21
468 483
469 341
469 162
469 16
470 28
470 114
470 274
470 495
470 497
471 365
471 53
471 303
472 9
472 5
472 145
473 9
473 251
473 150
474 173
474 143
474 205
475 113
475 2
475 150
476 265
476 277
476 461
477 393
477 396
477 42
478 275
478 274
478 97
479 15
479 359
479 161
480 187
480 42
480 356
481 391
481 198
481 168
482 392
482 236
482 54
483 468
483 98
483 16
484 73
484 387
484 184
485 453
485 237
485 151
486 417
486 61
486 439
487 19
487 39
487 93
488 258
488 145
488 329
489 311
489 100
489 111
490 107
490 270
490 18
491 18
491 71
491 242
492 19
492 307
492 310
493 89
493 215
493 415
494 164
494 200
494 439
495 470
495 169
495 33
496 226
496 200
496 99
497 90
497 320
497 470
498 316
498 67
498 270
499 198
499 175
499 187
