0 1
0 2
0 3
0 5
0 8
0 10
0 11
0 20
0 29
0 34
0 41
1 0
1 2
1 3
1 4
1 6
1 9
1 16
1 27
1 34
1 39
2 0
2 1
2 3
2 4
2 6
2 7
2 9
2 11
2 15
2 16
2 18
3 2
3 1
3 0
3 4
3 5
3 7
3 8
3 18
3 19
3 23
3 25
4 1
4 3
4 2
4 5
4 11
4 14
4 17
4 19
4 26
4 29
4 37
5 0
5 3
5 4
5 6
5 7
5 10
5 17
5 27
5 37
5 48
5 49
6 5
6 1
6 2
6 8
6 12
6 13
6 15
6 16
6 17
6 21
6 27
7 3
7 2
7 5
7 9
7 12
7 14
7 18
7 25
7 29
7 43
7 47
8 3
8 0
8 6
8 13
8 26
8 32
8 35
8 41
8 42
8 47
9 1
9 7
9 2
9 10
9 33
9 34
9 37
9 46
10 9
10 5
10 0
10 13
10 24
11 4
11 0
11 2
11 12
11 14
11 23
11 32
11 36
11 45
11 46
12 6
12 7
12 11
12 15
12 28
12 31
13 6
13 8
13 10
13 21
13 23
13 35
14 11
14 7
14 4
14 19
14 20
14 21
14 24
15 6
15 12
15 2
16 6
16 1
16 2
16 43
16 44
16 46
17 6
17 4
17 5
17 22
17 30
17 38
18 3
18 2
18 7
18 22
18 24
18 36
18 49
19 4
19 14
19 3
19 26
19 36
20 0
20 2
20 14
20 22
20 25
20 33
20 38
21 13
21 14
21 6
21 32
22 20
22 18
22 17
23 13
23 3
23 11
23 28
24 14
24 10
24 18
25 7
25 3
25 20
25 40
26 8
26 19
26 4
26 31
27 6
27 1
27 5
27 31
27 39
28 12
28 23
28 6
29 4
29 7
29 0
29 30
29 38
30 17
30 6
30 29
31 12
31 26
31 27
31 35
32 11
32 8
32 21
33 9
33 2
33 20
33 40
34 0
34 1
34 9
35 13
35 8
35 31
36 19
36 18
36 11
36 42
37 9
37 5
37 4
37 42
38 29
38 17
38 20
39 27
39 1
39 6
39 40
39 44
40 33
40 25
40 39
40 44
41 8
41 4
41 0
42 36
42 37
42 8
42 43
43 7
43 42
43 16
43 48
44 39
44 16
44 40
45 3
45 4
45 11
46 9
46 16
46 11
47 7
47 8
47 2
48 43
48 3
48 5
49 5
49 18
49 4
