0 1
0 2
0 3
0 4
0 7
0 8
0 12
0 13
0 39
0 40
0 41
0 55
0 58
0 62
0 78
0 84
0 263
0 330
0 416
1 0
1 2
1 3
1 4
1 5
1 6
1 10
1 13
1 22
1 26
1 32
1 44
1 45
1 59
1 67
1 77
1 154
1 376
2 1
2 0
2 3
2 5
2 8
2 9
2 12
2 14
2 21
2 22
2 26
2 35
2 45
2 49
2 51
2 52
2 63
2 64
2 67
2 80
2 82
2 88
2 113
2 146
2 161
2 176
2 192
2 335
2 415
3 0
3 1
3 2
3 4
3 5
3 6
3 9
3 14
3 15
3 16
3 55
3 59
3 62
3 97
3 110
3 122
3 159
3 160
3 166
3 177
3 195
3 216
3 218
3 256
3 265
3 296
3 334
3 362
3 410
3 416
3 470
4 1
4 0
4 3
4 8
4 10
4 15
4 18
4 19
4 23
4 24
4 25
4 32
4 34
4 37
4 41
4 50
4 63
4 73
4 97
4 120
4 143
4 157
4 181
4 189
4 200
4 236
4 349
4 380
4 424
5 3
5 1
5 2
5 6
5 7
5 10
5 11
5 20
5 21
5 40
5 42
5 52
5 56
5 64
5 69
5 71
5 74
5 102
5 133
5 186
5 310
5 346
5 347
5 349
6 3
6 1
6 5
6 7
6 11
6 15
6 17
6 18
6 19
6 29
6 36
6 73
6 87
6 92
6 101
6 102
6 127
6 128
6 129
6 162
6 192
6 194
6 278
6 382
6 428
6 470
7 5
7 0
7 6
7 9
7 23
7 32
7 43
7 60
7 141
7 177
7 211
7 326
7 359
7 368
7 414
8 4
8 2
8 0
8 13
8 20
8 36
8 48
8 77
8 100
8 114
8 243
8 289
8 400
9 3
9 2
9 7
9 11
9 14
9 16
9 21
9 57
9 59
9 65
9 66
9 98
9 106
9 206
9 225
9 259
9 331
9 339
9 359
10 4
10 5
10 1
10 12
10 17
10 18
10 54
10 68
10 71
10 85
10 100
10 170
10 208
10 269
10 293
10 367
10 460
10 462
11 9
11 5
11 6
11 17
11 26
11 28
11 37
11 41
11 42
11 72
11 150
11 203
11 208
11 229
11 270
11 283
11 308
11 314
12 10
12 0
12 2
12 16
12 29
12 33
12 92
12 220
12 254
12 291
12 312
12 489
13 1
13 8
13 0
13 69
13 75
13 122
13 129
13 151
13 169
13 187
13 190
13 220
13 256
13 283
13 445
13 495
13 497
14 3
14 9
14 2
14 19
14 53
14 63
14 81
14 90
14 94
14 113
14 125
14 173
14 208
14 232
14 262
14 314
14 358
14 486
15 6
15 4
15 3
15 22
15 27
15 31
15 40
15 46
15 49
15 68
15 111
15 121
15 138
15 163
15 172
15 227
15 270
15 294
15 309
15 351
15 398
16 3
16 12
16 9
16 27
16 28
16 38
16 75
16 167
16 249
16 287
16 306
16 387
17 11
17 10
17 6
17 43
17 46
17 54
17 278
17 487
18 6
18 4
18 10
18 27
18 33
18 36
18 38
18 103
18 125
18 135
18 182
18 207
18 285
19 14
19 4
19 6
19 20
19 30
19 83
19 143
19 275
19 285
19 464
20 5
20 19
20 8
20 24
20 25
20 29
20 30
20 37
20 44
20 47
20 86
20 99
20 148
20 150
20 151
20 251
20 334
20 485
21 2
21 9
21 5
21 23
21 25
21 31
21 50
21 112
21 119
21 179
21 206
21 210
21 223
21 232
21 237
21 355
21 361
22 15
22 1
22 2
22 24
22 38
22 96
22 118
22 161
22 185
22 221
22 276
22 292
22 311
22 483
23 4
23 21
23 7
23 72
23 110
23 167
23 258
23 337
23 452
24 20
24 4
24 22
24 30
24 33
24 44
24 57
24 96
24 98
24 139
24 149
24 156
24 252
24 297
24 298
24 320
24 444
25 4
25 20
25 21
25 87
25 106
25 448
26 2
26 11
26 1
26 28
26 35
26 42
26 49
26 66
26 122
26 152
26 278
26 300
26 336
27 15
27 16
27 18
27 51
27 79
27 101
27 115
28 26
28 16
28 11
28 47
28 104
28 107
28 158
28 165
28 198
28 216
28 260
28 456
29 12
29 6
29 20
29 31
29 34
29 144
29 319
30 19
30 20
30 24
30 74
30 90
30 108
30 214
30 244
30 260
30 271
30 364
30 488
31 29
31 21
31 15
31 35
31 39
31 89
31 108
31 146
31 149
31 153
31 166
31 185
31 191
31 371
31 404
31 427
32 7
32 4
32 1
32 34
32 39
32 60
32 69
32 89
32 114
32 115
32 117
32 162
32 206
32 212
32 226
32 230
32 298
32 299
32 308
32 419
33 12
33 18
33 24
33 282
33 300
34 29
34 4
34 32
34 48
34 51
34 55
34 58
34 95
34 120
34 153
34 162
34 195
34 218
34 233
34 263
34 266
34 288
34 346
35 26
35 2
35 31
35 47
35 62
35 80
35 94
35 204
35 250
35 257
35 272
35 281
35 287
35 335
35 365
35 429
35 478
36 8
36 18
36 6
36 46
36 94
36 101
36 111
36 148
36 163
36 202
36 246
36 256
36 265
36 325
36 397
37 11
37 4
37 20
37 61
37 96
37 166
37 194
37 247
37 373
37 419
38 22
38 16
38 18
38 65
38 112
38 257
38 264
38 406
39 31
39 32
39 0
39 45
39 58
39 119
39 134
39 190
39 248
39 318
39 467
40 15
40 0
40 5
40 54
40 73
40 171
40 223
40 277
41 0
41 4
41 11
41 43
41 48
41 53
41 56
41 86
41 100
41 141
41 211
41 228
41 261
41 288
41 330
41 352
41 476
42 5
42 11
42 26
42 65
42 67
42 95
42 124
42 238
43 7
43 41
43 17
43 80
43 91
43 131
43 141
43 321
43 422
43 444
43 490
44 1
44 20
44 24
44 61
44 70
44 77
44 160
44 204
44 240
44 244
44 284
44 305
45 2
45 1
45 39
45 64
45 106
45 123
45 131
45 140
45 258
45 262
45 266
45 272
45 303
45 358
45 415
45 457
46 15
46 17
46 36
46 50
46 52
46 53
46 78
46 87
46 99
46 114
46 116
46 193
46 224
46 226
46 275
46 378
46 463
47 28
47 20
47 35
47 76
47 89
47 90
47 152
47 161
47 231
47 235
47 488
47 495
47 496
48 34
48 8
48 41
48 70
48 74
48 85
48 110
48 145
48 182
48 183
48 207
48 213
48 239
48 327
48 469
49 26
49 2
49 15
49 56
49 70
49 198
50 46
50 4
50 21
50 97
50 105
50 174
50 213
50 240
50 242
50 284
51 2
51 27
51 34
51 71
51 79
51 83
51 91
51 99
51 116
51 126
51 138
51 155
51 184
51 185
51 186
51 428
51 469
52 46
52 2
52 5
52 124
52 168
52 302
52 344
53 14
53 41
53 46
53 92
53 95
53 109
53 134
53 157
53 172
53 181
53 251
53 274
53 304
53 318
53 399
54 10
54 40
54 17
54 198
54 222
54 233
54 269
54 276
55 0
55 3
55 34
55 66
55 107
55 112
55 137
55 174
55 210
55 341
55 345
55 463
55 468
55 475
56 49
56 41
56 5
56 57
56 60
56 61
56 82
56 130
56 164
56 183
56 184
56 189
56 341
56 364
56 407
57 24
57 9
57 56
57 93
57 113
57 123
57 140
57 177
57 201
57 267
57 431
57 473
58 39
58 0
58 34
58 86
58 126
58 188
58 312
58 329
58 405
59 9
59 3
59 1
59 68
59 76
59 143
59 238
59 245
59 296
59 430
59 450
60 32
60 56
60 7
60 88
60 125
60 133
61 56
61 37
61 44
61 72
61 79
61 82
61 105
61 239
62 3
62 35
62 0
62 107
62 180
62 251
62 406
63 2
63 14
63 4
63 85
63 93
63 242
63 360
64 5
64 2
64 45
64 116
64 135
64 150
64 156
64 203
64 351
65 9
65 38
65 42
65 135
65 355
66 26
66 9
66 55
66 102
66 274
66 372
66 385
67 42
67 1
67 2
67 123
67 178
67 301
67 415
67 480
68 10
68 59
68 15
68 254
68 372
68 376
69 13
69 5
69 32
69 153
69 167
69 215
69 245
69 292
69 295
69 336
69 377
69 402
70 44
70 48
70 49
70 186
70 202
70 257
70 354
70 411
70 454
71 51
71 5
71 10
71 81
71 295
72 23
72 61
72 11
72 75
72 81
72 132
72 418
73 40
73 4
73 6
73 84
73 292
73 340
73 377
73 391
73 436
74 5
74 30
74 48
74 247
75 13
75 16
75 72
75 76
75 155
75 189
75 381
76 75
76 59
76 47
76 118
76 147
76 184
77 8
77 1
77 44
77 78
77 134
77 136
77 168
77 417
78 46
78 0
78 77
78 288
78 305
78 315
78 322
78 352
79 51
79 61
79 27
79 103
79 148
79 173
79 197
79 212
79 425
80 2
80 43
80 35
80 91
80 127
80 165
80 187
80 194
80 224
80 236
81 71
81 72
81 14
81 83
81 103
81 317
81 458
81 499
82 2
82 61
82 56
82 84
82 98
82 244
82 394
82 433
83 81
83 51
83 19
83 132
83 164
83 357
83 487
84 82
84 73
84 0
84 111
84 121
84 175
84 219
84 299
84 458
85 63
85 10
85 48
85 88
85 109
85 124
85 265
85 383
85 386
86 41
86 58
86 20
86 145
86 168
86 347
86 397
86 463
87 6
87 25
87 46
87 130
87 435
88 2
88 85
88 60
88 121
88 291
89 31
89 47
89 32
89 93
89 104
89 118
89 139
89 369
89 490
89 498
90 14
90 30
90 47
90 139
90 293
91 80
91 51
91 43
91 222
91 233
91 249
91 295
91 416
91 453
92 12
92 53
92 6
92 109
92 160
92 211
92 342
92 357
92 436
93 63
93 89
93 57
93 129
93 228
94 36
94 14
94 35
94 120
94 215
94 273
94 277
94 316
94 333
94 341
94 365
94 397
94 437
95 53
95 42
95 34
95 104
95 105
95 119
95 137
95 195
95 321
95 412
95 449
96 22
96 37
96 24
96 128
96 163
96 217
96 222
96 271
96 360
96 453
97 3
97 4
97 50
97 157
97 236
97 467
98 9
98 24
98 82
98 165
98 187
98 199
98 212
99 46
99 51
99 20
99 323
99 336
100 10
100 41
100 8
100 158
100 172
100 182
100 200
100 270
100 324
101 6
101 27
101 36
101 311
101 371
101 374
101 377
102 5
102 66
102 6
102 132
102 219
102 258
102 314
102 399
102 414
102 472
103 81
103 79
103 18
103 225
103 229
103 275
103 280
103 398
103 465
104 28
104 89
104 95
104 117
104 217
104 366
105 61
105 95
105 50
105 213
105 443
106 9
106 45
106 25
106 108
106 142
106 147
106 309
106 434
107 55
107 62
107 28
107 117
107 133
107 146
107 259
107 395
108 31
108 30
108 106
108 126
108 127
108 202
108 274
109 53
109 92
109 85
109 151
109 264
109 268
109 332
109 379
109 412
109 432
110 3
110 48
110 23
110 179
110 237
110 246
110 379
110 408
110 440
111 36
111 15
111 84
111 209
111 305
112 38
112 21
112 55
112 115
112 361
112 453
113 14
113 57
113 2
113 130
113 136
113 137
113 281
113 427
113 459
114 46
114 8
114 32
114 176
114 199
114 253
114 401
115 32
115 27
115 112
116 64
116 46
116 51
116 197
116 227
116 271
116 356
116 409
116 461
117 107
117 104
117 32
117 197
117 254
118 89
118 22
118 76
118 128
118 226
118 272
118 321
118 344
119 39
119 21
119 95
119 175
119 232
119 242
119 280
119 289
119 441
120 4
120 94
120 34
120 178
120 386
121 88
121 84
121 15
121 131
121 180
122 26
122 3
122 13
122 140
122 152
122 154
122 158
122 178
122 239
122 297
122 392
123 67
123 57
123 45
123 142
123 144
123 159
123 282
123 306
123 387
123 390
123 466
124 42
124 52
124 85
124 192
124 290
124 316
124 394
125 60
125 14
125 18
125 136
125 145
125 149
125 210
125 480
126 51
126 58
126 108
126 201
127 6
127 80
127 108
127 357
127 455
127 489
128 118
128 96
128 6
128 169
128 227
128 252
128 294
128 479
129 6
129 93
129 13
129 138
129 155
129 181
129 216
129 237
129 319
129 452
130 56
130 113
130 87
130 424
131 45
131 43
131 121
131 320
131 327
131 366
132 72
132 83
132 102
132 142
132 156
132 196
132 393
132 431
133 107
133 5
133 60
133 207
133 426
134 77
134 39
134 53
134 159
134 413
134 434
135 65
135 64
135 18
135 144
136 77
136 113
136 125
136 170
136 191
136 230
136 262
136 297
136 439
137 95
137 55
137 113
137 176
137 179
137 399
137 494
137 496
138 51
138 15
138 129
138 183
138 319
138 328
139 90
139 89
139 24
140 45
140 122
140 57
140 171
140 209
140 267
140 396
140 476
140 499
141 43
141 7
141 41
141 204
141 269
142 132
142 106
142 123
142 147
142 191
142 234
142 311
142 476
143 19
143 4
143 59
143 154
143 280
143 356
143 389
144 123
144 29
144 135
144 331
144 447
145 86
145 48
145 125
145 193
145 281
145 461
146 31
146 107
146 2
146 326
146 403
147 76
147 106
147 142
147 381
148 36
148 20
148 79
148 241
149 125
149 24
149 31
149 224
149 375
150 20
150 64
150 11
150 252
151 109
151 20
151 13
151 454
152 47
152 26
152 122
152 164
152 171
152 344
152 478
153 34
153 31
153 69
153 188
153 225
153 331
153 337
153 403
153 479
154 122
154 1
154 143
154 180
154 243
154 329
154 337
154 494
155 51
155 129
155 75
155 221
155 456
155 460
156 64
156 24
156 132
156 307
157 53
157 4
157 97
157 203
157 228
157 290
157 313
157 383
158 122
158 100
158 28
158 200
158 253
158 273
158 279
158 301
158 323
158 338
158 465
159 134
159 123
159 3
159 388
160 44
160 3
160 92
160 196
161 47
161 22
161 2
161 310
161 343
162 32
162 34
162 6
162 493
163 36
163 15
163 96
163 173
163 193
164 83
164 152
164 56
164 169
165 28
165 98
165 80
166 37
166 3
166 31
166 170
167 16
167 23
167 69
167 214
167 380
168 52
168 77
168 86
168 285
169 164
169 13
169 128
169 174
169 249
169 352
170 10
170 136
170 166
170 264
170 408
170 443
171 140
171 40
171 152
171 255
171 268
171 276
171 304
171 413
171 497
172 15
172 100
172 53
172 175
172 235
172 253
172 385
172 390
172 426
172 427
172 456
173 163
173 14
173 79
173 205
173 389
173 424
173 428
174 169
174 50
174 55
174 205
174 403
175 172
175 119
175 84
175 318
175 334
175 376
175 396
175 433
176 137
176 114
176 2
176 241
176 255
176 304
176 409
177 7
177 3
177 57
177 240
177 303
178 67
178 120
178 122
178 209
178 296
178 354
178 484
179 21
179 137
179 110
179 196
179 221
179 231
179 290
179 346
180 154
180 121
180 62
180 201
180 266
180 273
180 328
180 361
180 380
180 382
181 53
181 129
181 4
181 190
181 234
181 247
181 353
181 404
181 432
182 100
182 18
182 48
182 277
183 48
183 56
183 138
183 188
183 279
183 315
183 382
184 56
184 51
184 76
184 260
184 330
184 387
185 31
185 22
185 51
185 293
185 306
185 323
185 340
186 5
186 70
186 51
186 483
187 80
187 13
187 98
187 214
188 58
188 153
188 183
188 322
188 443
188 494
189 75
189 56
189 4
189 199
189 217
189 325
189 350
189 434
190 181
190 39
190 13
190 385
191 31
191 136
191 142
191 218
192 6
192 124
192 2
192 215
192 491
193 145
193 46
193 163
193 287
193 375
194 80
194 6
194 37
194 268
194 350
194 353
194 372
194 440
195 3
195 34
195 95
196 160
196 132
196 179
196 294
196 343
196 348
196 496
197 117
197 116
197 79
197 241
197 446
197 457
198 49
198 54
198 28
198 322
198 429
198 484
199 98
199 189
199 114
199 259
199 332
200 4
200 158
200 100
200 315
201 126
201 180
201 57
201 205
201 220
201 279
201 451
202 36
202 108
202 70
202 338
203 11
203 64
203 157
203 353
203 430
204 44
204 35
204 141
204 308
204 439
204 459
205 201
205 174
205 173
205 231
205 313
205 401
205 425
206 32
206 21
206 9
207 133
207 18
207 48
207 229
207 230
207 379
207 425
207 441
207 448
208 11
208 10
208 14
208 219
208 414
208 437
208 481
209 178
209 111
209 140
210 55
210 125
210 21
211 92
211 41
211 7
211 263
212 98
212 79
212 32
212 289
212 477
213 105
213 48
213 50
214 187
214 30
214 167
215 192
215 69
215 94
215 326
215 339
215 444
216 3
216 129
216 28
216 223
216 250
217 104
217 96
217 189
217 246
217 342
217 356
217 462
218 34
218 191
218 3
218 391
219 102
219 84
219 208
219 267
219 300
219 362
220 12
220 13
220 201
221 22
221 155
221 179
221 248
221 450
222 96
222 91
222 54
222 235
222 301
222 362
222 407
223 40
223 216
223 21
223 325
224 149
224 46
224 80
224 471
225 9
225 153
225 103
225 234
225 350
225 438
226 46
226 32
226 118
227 15
227 128
227 116
227 320
227 401
228 41
228 93
228 157
228 388
229 207
229 11
229 103
229 392
230 32
230 136
230 207
231 47
231 179
231 205
231 238
231 412
232 14
232 119
232 21
232 489
233 54
233 91
233 34
233 430
234 225
234 181
234 142
234 369
234 468
235 172
235 47
235 222
235 316
235 408
235 418
235 442
235 466
236 97
236 80
236 4
236 445
237 129
237 110
237 21
237 243
237 492
238 231
238 59
238 42
238 370
239 61
239 122
239 48
239 298
239 349
240 177
240 50
240 44
240 333
241 176
241 197
241 148
242 50
242 63
242 119
242 286
242 299
242 384
243 8
243 154
243 237
243 245
243 255
243 303
243 474
244 44
244 30
244 82
244 248
244 250
244 345
245 59
245 243
245 69
245 317
246 36
246 217
246 110
246 471
247 37
247 181
247 74
247 324
247 391
248 244
248 39
248 221
248 261
249 16
249 169
249 91
249 261
249 302
249 312
249 348
249 395
250 244
250 216
250 35
250 368
250 374
251 62
251 20
251 53
251 307
251 433
252 150
252 128
252 24
253 114
253 172
253 158
253 445
254 12
254 117
254 68
254 368
254 419
255 243
255 176
255 171
256 36
256 13
256 3
257 70
257 38
257 35
257 291
257 373
258 102
258 45
258 23
258 329
258 373
258 393
259 107
259 9
259 199
260 28
260 30
260 184
260 333
261 248
261 249
261 41
262 14
262 45
262 136
263 34
263 211
263 0
264 109
264 170
264 38
264 302
264 446
265 85
265 3
265 36
265 384
266 45
266 180
266 34
266 477
267 140
267 219
267 57
267 283
267 367
267 435
267 490
268 171
268 109
268 194
269 10
269 54
269 141
269 475
270 11
270 100
270 15
270 284
271 96
271 30
271 116
271 282
271 366
271 371
272 35
272 118
272 45
273 158
273 180
273 94
273 461
273 472
274 108
274 66
274 53
274 364
275 46
275 19
275 103
275 307
275 310
276 22
276 171
276 54
276 286
276 309
276 332
276 423
277 40
277 94
277 182
277 342
277 406
278 6
278 26
278 17
278 495
279 183
279 201
279 158
280 143
280 103
280 119
280 493
281 145
281 35
281 113
281 369
282 271
282 123
282 33
282 363
283 11
283 267
283 13
283 381
283 407
284 270
284 44
284 50
284 442
284 452
284 464
284 482
285 168
285 18
285 19
285 286
285 367
285 498
286 242
286 285
286 276
286 348
287 193
287 35
287 16
288 78
288 41
288 34
288 386
289 119
289 8
289 212
290 179
290 124
290 157
291 257
291 12
291 88
291 313
291 351
291 384
291 499
292 73
292 22
292 69
292 317
292 383
292 394
293 90
293 10
293 185
294 128
294 15
294 196
294 390
295 91
295 69
295 71
295 343
296 59
296 178
296 3
296 421
296 451
297 24
297 136
297 122
298 24
298 32
298 239
299 242
299 84
299 32
299 328
300 219
300 33
300 26
301 67
301 222
301 158
302 52
302 264
302 249
303 45
303 177
303 243
303 484
304 176
304 171
304 53
305 111
305 44
305 78
305 324
305 375
305 448
306 123
306 16
306 185
306 480
307 275
307 251
307 156
308 32
308 204
308 11
308 354
308 392
308 417
309 15
309 106
309 276
310 161
310 5
310 275
310 398
311 22
311 101
311 142
312 12
312 58
312 249
313 291
313 157
313 205
313 358
314 11
314 102
314 14
315 200
315 78
315 183
316 94
316 235
316 124
316 338
316 355
317 81
317 292
317 245
318 175
318 53
318 39
318 441
319 129
319 29
319 138
319 340
320 131
320 227
320 24
320 363
320 487
321 118
321 43
321 95
321 410
322 188
322 78
322 198
322 327
322 365
322 449
323 158
323 185
323 99
323 396
323 447
323 462
324 305
324 100
324 247
324 374
324 421
325 36
325 223
325 189
325 469
326 146
326 215
326 7
327 322
327 48
327 131
327 411
328 180
328 299
328 138
328 482
329 58
329 258
329 154
329 460
329 478
330 0
330 41
330 184
330 363
331 153
331 144
331 9
331 393
332 199
332 276
332 109
332 370
333 260
333 240
333 94
333 335
333 339
334 3
334 175
334 20
334 409
335 35
335 2
335 333
335 481
336 26
336 69
336 99
336 360
337 153
337 154
337 23
338 316
338 158
338 202
338 345
339 215
339 333
339 9
340 73
340 185
340 319
340 472
341 94
341 56
341 55
341 359
341 413
342 277
342 92
342 217
343 196
343 161
343 295
343 347
344 152
344 52
344 118
345 55
345 338
345 244
346 34
346 5
346 179
347 86
347 343
347 5
347 389
347 405
347 435
347 482
348 249
348 196
348 286
348 438
348 440
349 239
349 5
349 4
349 422
350 194
350 189
350 225
350 370
350 466
351 64
351 15
351 291
351 402
351 420
352 41
352 78
352 169
352 446
353 203
353 194
353 181
353 395
353 418
354 70
354 178
354 308
355 21
355 316
355 65
355 378
355 420
356 116
356 143
356 217
357 127
357 83
357 92
357 458
358 14
358 45
358 313
359 7
359 9
359 341
359 426
360 63
360 96
360 336
360 402
360 404
361 21
361 112
361 180
361 486
362 222
362 219
362 3
363 330
363 282
363 320
363 455
364 30
364 56
364 274
364 423
365 35
365 322
365 94
365 417
366 271
366 104
366 131
367 10
367 267
367 285
368 254
368 250
368 7
368 423
369 281
369 234
369 89
369 378
370 332
370 238
370 350
371 101
371 271
371 31
372 68
372 194
372 66
372 410
372 485
373 37
373 258
373 257
373 473
374 101
374 250
374 324
374 388
374 483
375 149
375 193
375 305
375 429
376 175
376 68
376 1
376 420
377 69
377 73
377 101
378 355
378 369
378 46
379 109
379 207
379 110
380 4
380 180
380 167
381 75
381 147
381 283
382 180
382 6
382 183
383 292
383 157
383 85
384 265
384 291
384 242
384 421
385 66
385 190
385 172
386 120
386 85
386 288
387 123
387 184
387 16
388 159
388 374
388 228
388 400
389 173
389 143
389 347
390 123
390 294
390 172
390 492
391 247
391 218
391 73
392 122
392 308
392 229
392 436
392 454
393 132
393 258
393 331
393 411
393 449
394 292
394 82
394 124
394 400
395 107
395 249
395 353
396 175
396 323
396 140
397 36
397 94
397 86
398 103
398 15
398 310
398 467
398 468
398 474
399 102
399 53
399 137
400 8
400 394
400 388
400 405
400 422
400 439
401 205
401 114
401 227
401 432
401 481
401 493
402 360
402 69
402 351
403 153
403 146
403 174
404 31
404 360
404 181
405 347
405 400
405 58
406 277
406 62
406 38
406 450
406 451
407 56
407 222
407 283
407 438
408 235
408 110
408 170
409 334
409 116
409 176
410 321
410 3
410 372
410 459
411 393
411 70
411 327
411 455
411 475
412 95
412 231
412 109
413 341
413 171
413 134
414 102
414 7
414 208
414 442
415 67
415 45
415 2
416 91
416 3
416 0
416 465
417 365
417 308
417 77
418 235
418 353
418 72
418 491
419 37
419 254
419 32
419 437
420 351
420 355
420 376
421 324
421 296
421 384
421 492
422 43
422 400
422 349
422 457
422 464
423 368
423 364
423 276
423 488
424 173
424 130
424 4
424 431
424 447
425 207
425 205
425 79
426 172
426 359
426 133
427 113
427 172
427 31
427 474
428 51
428 173
428 6
429 35
429 198
429 375
430 59
430 233
430 203
431 132
431 424
431 57
431 485
432 109
432 401
432 181
433 251
433 82
433 175
434 134
434 106
434 189
435 87
435 267
435 347
436 92
436 73
436 392
437 208
437 419
437 94
438 407
438 348
438 225
439 136
439 204
439 400
440 194
440 110
440 348
441 207
441 119
441 318
442 284
442 414
442 235
442 471
443 188
443 105
443 170
444 43
444 24
444 215
445 253
445 13
445 236
446 352
446 197
446 264
447 323
447 424
447 144
448 207
448 305
448 25
449 322
449 393
449 95
449 479
450 406
450 59
450 221
451 201
451 296
451 406
452 129
452 23
452 284
453 112
453 96
453 91
454 70
454 392
454 151
455 127
455 363
455 411
455 473
456 28
456 155
456 172
457 45
457 422
457 197
457 486
458 84
458 81
458 357
458 497
459 113
459 410
459 204
460 329
460 155
460 10
461 116
461 145
461 273
462 323
462 217
462 10
463 86
463 55
463 46
463 491
464 19
464 422
464 284
464 498
465 103
465 416
465 158
465 470
466 350
466 235
466 123
467 39
467 97
467 398
468 234
468 398
468 55
469 48
469 325
469 51
470 465
470 3
470 6
470 477
471 246
471 442
471 224
472 273
472 102
472 340
473 373
473 455
473 57
474 243
474 427
474 398
475 55
475 411
475 269
476 41
476 142
476 140
477 266
477 470
477 212
478 35
478 329
478 152
479 128
479 153
479 449
480 67
480 306
480 125
481 401
481 335
481 208
482 284
482 328
482 347
483 186
483 374
483 22
484 303
484 178
484 198
485 372
485 431
485 20
486 361
486 457
486 14
487 320
487 83
487 17
488 423
488 30
488 47
489 127
489 232
489 12
490 267
490 43
490 89
491 418
491 192
491 463
492 390
492 421
492 237
493 280
493 401
493 162
494 137
494 154
494 188
495 278
495 47
495 13
496 137
496 196
496 47
497 13
497 171
497 458
498 464
498 89
498 285
499 291
499 81
499 140
