0 1
0 2
0 3
0 6
1 0
1 2
1 3
1 4
2 0
2 1
2 3
2 4
3 2
3 1
3 0
3 4
4 1
4 2
4 3
4 5
5 4
5 1
5 2
5 7
6 3
6 1
6 0
6 24
7 0
7 5
7 1
7 8
8 3
8 1
8 7
8 11
9 7
9 4
9 3
9 14
10 5
10 1
10 3
10 11
11 10
11 0
11 8
11 15
12 8
12 3
12 4
12 13
13 12
13 1
13 10
13 15
14 5
14 4
14 9
14 33
15 11
15 13
15 2
15 29
16 10
16 3
16 1
16 18
17 4
17 1
17 9
17 39
18 16
18 3
18 12
18 57
19 10
19 12
19 3
19 51
20 3
20 0
20 8
20 21
21 1
21 20
21 8
21 22
22 21
22 8
22 11
22 31
23 5
23 4
23 1
23 64
24 6
24 0
24 3
24 26
25 9
25 3
25 8
25 60
26 24
26 21
26 13
26 45
27 1
27 4
27 3
27 29
28 8
28 1
28 24
28 36
29 7
29 27
29 15
29 35
30 20
30 21
30 5
30 38
31 22
31 1
31 9
31 70
32 24
32 1
32 22
32 83
33 14
33 3
33 8
33 42
34 3
34 4
34 10
34 45
35 3
35 29
35 14
35 120
36 2
36 28
36 7
36 37
37 9
37 36
37 11
37 46
38 30
38 1
38 3
38 116
39 17
39 5
39 11
39 42
40 1
40 28
40 0
40 52
41 0
41 3
41 7
41 56
42 17
42 33
42 39
42 70
43 22
43 1
43 39
44 2
44 3
44 30
44 62
45 34
45 26
45 0
45 71
46 3
46 37
46 21
46 80
47 11
47 1
47 9
47 53
48 1
48 5
48 16
48 300
49 5
49 15
49 36
49 54
50 5
50 30
50 9
50 85
51 3
51 1
51 19
51 73
52 40
52 33
52 1
52 66
53 1
53 2
53 47
54 4
54 49
54 26
54 175
55 24
55 15
55 0
55 81
56 5
56 41
56 21
56 87
57 20
57 9
57 18
57 58
58 57
58 2
58 0
58 77
59 24
59 15
59 9
59 68
60 29
60 7
60 25
60 171
61 24
61 8
61 20
61 74
62 44
62 1
62 6
62 257
63 4
63 44
63 1
63 103
64 10
64 7
64 23
64 76
65 13
65 28
65 7
65 71
66 52
66 30
66 1
66 111
67 21
67 1
67 4
67 118
68 59
68 15
68 28
68 141
69 12
69 22
69 24
69 84
70 1
70 31
70 42
70 80
71 45
71 39
71 65
71 75
72 4
72 36
72 65
72 143
73 16
73 51
73 2
73 91
74 8
74 3
74 61
74 75
75 74
75 71
75 1
75 124
76 64
76 12
76 17
76 120
77 58
77 65
77 59
77 102
78 3
78 27
78 25
78 341
79 52
79 3
79 1
79 185
80 70
80 46
80 4
80 115
81 4
81 10
81 55
81 86
82 22
82 5
82 42
82 100
83 7
83 15
83 32
83 204
84 69
84 17
84 51
84 129
85 3
85 29
85 50
85 88
86 3
86 81
86 1
86 95
87 56
87 20
87 57
87 190
88 85
88 5
88 13
88 95
89 65
89 14
89 7
89 140
90 13
90 74
90 61
90 152
91 73
91 9
91 70
91 102
92 12
92 64
92 70
92 103
93 33
93 15
93 36
94 1
94 20
94 0
94 106
95 61
95 88
95 86
95 117
96 85
96 15
96 14
96 163
97 61
97 31
97 56
97 255
98 46
98 31
98 47
98 102
99 42
99 31
99 81
99 169
100 82
100 8
100 59
100 202
101 8
101 11
101 39
101 158
102 98
102 91
102 77
102 128
103 63
103 92
103 14
103 445
104 13
104 22
104 44
104 127
105 0
105 37
105 3
105 313
106 94
106 81
106 1
106 158
107 22
107 57
107 74
107 126
108 2
108 15
108 7
108 110
109 31
109 52
109 82
109 151
110 12
110 108
110 5
110 212
111 66
111 65
111 3
111 113
112 1
112 26
112 12
112 122
113 24
113 111
113 29
113 137
114 73
114 21
114 71
114 200
115 15
115 23
115 80
115 465
116 56
116 15
116 38
116 309
117 95
117 12
117 61
117 146
118 73
118 67
118 80
119 14
119 11
119 88
119 297
120 35
120 76
120 56
120 464
121 20
121 45
121 52
121 149
122 94
122 112
122 20
122 140
123 25
123 23
123 74
123 141
124 1
124 75
124 5
124 234
125 34
125 85
125 23
125 201
126 58
126 4
126 107
126 178
127 4
127 3
127 104
127 142
128 102
128 3
128 4
128 392
129 84
129 2
129 95
129 214
130 3
130 9
130 8
130 163
131 14
131 58
131 2
131 282
132 10
132 8
132 4
132 133
133 132
133 64
133 21
134 28
134 65
134 71
134 233
135 49
135 27
135 15
135 141
136 86
136 16
136 14
136 143
137 108
137 113
137 73
137 232
138 15
138 111
138 102
138 154
139 23
139 56
139 102
139 236
140 89
140 122
140 28
140 188
141 68
141 123
141 135
141 220
142 82
142 18
142 127
142 184
143 74
143 136
143 72
143 244
144 36
144 25
144 102
144 169
145 58
145 56
145 3
145 231
146 98
146 117
146 95
146 161
147 9
147 1
147 45
147 428
148 70
148 0
148 31
148 285
149 85
149 0
149 121
149 202
150 23
150 74
150 9
150 155
151 56
151 10
151 109
152 30
152 90
152 33
152 281
153 15
153 46
153 71
153 212
154 9
154 138
154 4
154 262
155 111
155 150
155 98
155 184
156 80
156 111
156 4
156 409
157 12
157 92
157 2
157 253
158 36
158 106
158 101
158 223
159 38
159 92
159 5
159 240
160 135
160 30
160 5
160 244
161 72
161 146
161 109
161 231
162 95
162 29
162 108
163 96
163 130
163 38
163 276
164 68
164 24
164 71
164 272
165 3
165 109
165 23
165 346
166 15
166 8
166 12
166 213
167 36
167 92
167 91
167 241
168 80
168 81
168 2
168 246
169 144
169 26
169 99
169 227
170 7
170 47
170 30
171 0
171 3
171 60
171 191
172 50
172 70
172 1
172 314
173 35
173 8
173 65
173 187
174 4
174 1
174 80
175 24
175 1
175 54
175 206
176 75
176 7
176 102
176 198
177 61
177 39
177 3
178 10
178 60
178 126
178 217
179 0
179 15
179 73
179 199
180 56
180 26
180 3
180 276
181 12
181 6
181 23
182 4
182 95
182 73
182 290
183 77
183 4
183 12
183 194
184 155
184 14
184 142
185 79
185 5
185 33
186 31
186 74
186 37
186 324
187 51
187 70
187 173
187 193
188 25
188 117
188 140
188 489
189 49
189 22
189 3
190 87
190 52
190 15
190 199
191 171
191 84
191 2
192 55
192 19
192 70
192 357
193 91
193 187
193 11
193 362
194 45
194 183
194 65
194 228
195 96
195 22
195 1
195 271
196 187
196 24
196 22
196 320
197 75
197 109
197 14
198 176
198 88
198 14
198 337
199 179
199 122
199 190
199 249
200 46
200 54
200 114
201 15
201 5
201 125
202 100
202 149
202 102
202 227
203 24
203 20
203 130
203 208
204 82
204 28
204 83
205 52
205 34
205 155
206 175
206 6
206 138
206 290
207 15
207 18
207 138
207 451
208 203
208 10
208 9
208 240
209 1
209 18
209 23
210 1
210 117
210 130
211 140
211 83
211 0
211 260
212 110
212 39
212 153
212 222
213 166
213 19
213 104
213 457
214 13
214 15
214 129
214 349
215 4
215 1
215 5
215 232
216 88
216 21
216 77
217 178
217 5
217 1
217 348
218 122
218 21
218 18
219 90
219 75
219 14
220 141
220 17
220 130
220 250
221 14
221 8
221 36
221 264
222 44
222 212
222 12
222 226
223 22
223 158
223 36
223 365
224 32
224 26
224 63
224 253
225 141
225 5
225 65
225 283
226 222
226 4
226 11
226 267
227 202
227 169
227 1
227 331
228 74
228 98
228 194
228 235
229 140
229 31
229 20
229 380
230 101
230 15
230 14
230 242
231 70
231 145
231 161
231 239
232 137
232 0
232 215
232 234
233 13
233 134
233 140
233 306
234 232
234 50
234 124
235 228
235 140
235 18
236 108
236 212
236 139
237 23
237 36
237 4
237 315
238 34
238 4
238 158
238 359
239 231
239 95
239 110
239 270
240 3
240 208
240 159
240 368
241 58
241 84
241 167
242 3
242 0
242 230
242 428
243 63
243 30
243 15
244 160
244 32
244 143
244 250
245 1
245 153
245 72
246 168
246 149
246 40
247 113
247 30
247 100
247 251
248 10
248 231
248 124
248 379
249 58
249 40
249 199
249 334
250 220
250 141
250 244
251 134
251 247
251 144
252 36
252 82
252 18
252 469
253 224
253 157
253 79
253 284
254 96
254 161
254 58
254 263
255 10
255 247
255 97
255 493
256 141
256 34
256 31
256 325
257 8
257 9
257 62
257 484
258 160
258 3
258 6
258 260
259 0
259 123
259 15
259 319
260 258
260 211
260 3
260 296
261 127
261 158
261 64
262 145
262 154
262 73
263 168
263 254
263 36
264 221
264 25
264 3
265 254
265 21
265 134
265 301
266 171
266 2
266 58
266 357
267 226
267 102
267 5
267 298
268 16
268 80
268 136
268 391
269 215
269 83
269 10
269 303
270 8
270 6
270 239
270 434
271 3
271 74
271 195
271 318
272 111
272 164
272 5
272 322
273 9
273 15
273 12
273 279
274 80
274 3
274 13
274 347
275 124
275 76
275 113
275 374
276 180
276 163
276 1
277 143
277 45
277 82
277 316
278 14
278 1
278 124
279 0
279 179
279 273
280 224
280 83
280 273
280 399
281 212
281 152
281 34
282 94
282 109
282 131
283 230
283 125
283 225
283 350
284 31
284 0
284 253
284 458
285 148
285 0
285 224
285 358
286 148
286 28
286 1
287 33
287 148
287 15
287 318
288 6
288 3
288 38
288 361
289 34
289 104
289 110
289 363
290 215
290 206
290 182
291 29
291 22
291 129
292 3
292 83
292 95
293 148
293 187
293 202
293 357
294 5
294 166
294 10
294 379
295 77
295 98
295 86
295 496
296 29
296 37
296 260
296 369
297 98
297 119
297 1
298 267
298 144
298 4
298 304
299 3
299 20
299 10
300 13
300 48
300 102
300 421
301 138
301 84
301 265
301 315
302 114
302 183
302 161
303 269
303 72
303 12
304 29
304 298
304 25
304 348
305 72
305 167
305 131
306 14
306 233
306 32
306 468
307 42
307 10
307 83
308 17
308 206
308 111
309 116
309 155
309 70
310 117
310 13
310 145
311 24
311 176
311 25
311 385
312 5
312 74
312 3
312 324
313 105
313 68
313 57
313 380
314 172
314 4
314 226
315 301
315 29
315 237
315 429
316 135
316 277
316 96
317 12
317 2
317 24
318 39
318 271
318 287
318 327
319 15
319 259
319 85
320 301
320 196
320 179
321 141
321 122
321 148
322 272
322 88
322 11
323 161
323 15
323 139
323 325
324 137
324 186
324 312
325 323
325 256
325 9
325 411
326 70
326 199
326 33
327 88
327 318
327 34
327 333
328 89
328 79
328 107
328 409
329 265
329 27
329 5
330 16
330 113
330 199
331 227
331 146
331 96
331 376
332 20
332 89
332 202
333 7
333 89
333 327
333 442
334 249
334 8
334 35
335 30
335 171
335 163
335 399
336 230
336 190
336 14
337 198
337 123
337 10
337 385
338 1
338 22
338 111
339 10
339 155
339 54
339 395
340 42
340 2
340 25
341 256
341 267
341 78
341 418
342 101
342 0
342 6
343 24
343 42
343 1
344 130
344 227
344 145
345 11
345 23
345 52
346 150
346 165
346 141
347 274
347 230
347 23
347 444
348 304
348 217
348 222
349 57
349 109
349 214
350 283
350 60
350 20
351 22
351 15
351 75
352 171
352 175
352 5
353 135
353 8
353 94
353 481
354 6
354 225
354 244
354 436
355 122
355 271
355 146
356 21
356 129
356 69
357 192
357 293
357 266
357 438
358 150
358 285
358 77
358 466
359 238
359 20
359 30
360 71
360 168
360 64
360 397
361 288
361 1
361 98
362 193
362 22
362 129
363 289
363 80
363 42
363 400
364 24
364 15
364 208
364 406
365 223
365 277
365 31
366 149
366 141
366 4
367 238
367 68
367 145
368 14
368 240
368 57
369 296
369 60
369 244
370 211
370 144
370 304
371 0
371 24
371 60
372 48
372 5
372 3
372 476
373 289
373 5
373 8
373 414
374 7
374 124
374 275
375 92
375 7
375 212
376 269
376 124
376 331
377 47
377 274
377 24
378 75
378 135
378 39
379 294
379 248
379 192
380 5
380 313
380 229
381 152
381 8
381 30
381 383
382 318
382 125
382 121
383 381
383 6
383 45
383 439
384 3
384 36
384 134
385 311
385 337
385 22
385 498
386 42
386 71
386 163
386 498
387 56
387 14
387 4
387 417
388 6
388 86
388 231
388 497
389 208
389 83
389 104
389 403
390 121
390 28
390 221
390 426
391 268
391 222
391 20
391 393
392 128
392 73
392 145
392 419
393 65
393 61
393 391
394 54
394 16
394 113
395 339
395 7
395 51
395 465
396 30
396 5
396 176
397 61
397 360
397 62
397 472
398 15
398 89
398 8
399 335
399 360
399 280
400 363
400 60
400 146
401 94
401 31
401 14
402 59
402 165
402 3
402 481
403 244
403 1
403 389
403 452
404 1
404 121
404 39
404 441
405 187
405 145
405 84
406 1
406 136
406 364
406 450
407 109
407 231
407 13
407 479
408 3
408 110
408 223
409 64
409 156
409 328
409 444
410 61
410 389
410 108
411 175
411 13
411 325
412 254
412 68
412 77
413 137
413 84
413 1
413 493
414 373
414 311
414 22
414 446
415 65
415 146
415 33
416 217
416 111
416 67
417 387
417 226
417 3
417 449
418 47
418 51
418 341
419 392
419 112
419 130
420 34
420 256
420 100
421 300
421 6
421 137
421 432
422 331
422 81
422 335
423 80
423 87
423 25
424 4
424 84
424 123
424 451
425 17
425 124
425 231
426 30
426 390
426 247
427 9
427 175
427 25
428 15
428 242
428 147
428 483
429 195
429 315
429 150
429 437
430 136
430 360
430 12
431 83
431 1
431 75
432 172
432 421
432 199
433 108
433 8
433 102
434 111
434 20
434 270
435 52
435 109
435 15
435 448
436 354
436 82
436 341
436 466
437 12
437 429
437 119
438 159
438 357
438 9
439 30
439 1
439 383
440 259
440 10
440 195
441 223
441 404
441 124
441 462
442 333
442 56
442 22
443 383
443 26
443 318
443 461
444 409
444 347
444 28
445 233
445 71
445 103
446 34
446 414
446 311
447 153
447 248
447 227
448 435
448 42
448 273
449 51
449 163
449 417
450 145
450 406
450 92
451 424
451 363
451 207
452 3
452 202
452 403
453 122
453 19
453 21
454 13
454 335
454 363
455 202
455 199
455 144
456 392
456 163
456 5
457 194
457 213
457 25
457 499
458 23
458 134
458 284
459 20
459 1
459 102
460 171
460 390
460 140
461 269
461 73
461 443
462 441
462 172
462 5
462 465
463 37
463 260
463 341
464 323
464 120
464 3
465 462
465 115
465 395
466 48
466 436
466 358
467 80
467 157
467 22
468 0
468 89
468 306
469 113
469 252
469 65
470 3
470 120
470 73
471 2
471 11
471 79
472 5
472 354
472 397
473 390
473 136
473 25
474 339
474 74
474 364
475 7
475 144
475 74
476 108
476 372
476 226
477 67
477 76
477 231
478 389
478 124
478 12
479 407
479 108
479 1
480 71
480 85
480 167
481 402
481 353
481 363
482 14
482 304
482 24
483 167
483 428
483 18
484 49
484 13
484 257
485 8
485 51
485 104
486 15
486 277
486 373
487 202
487 75
487 217
488 85
488 171
488 22
489 188
489 22
489 15
490 150
490 74
490 89
491 158
491 21
491 10
492 136
492 30
492 57
493 22
493 413
493 255
494 32
494 47
494 323
495 354
495 33
495 3
496 1
496 295
496 5
497 80
497 388
497 96
498 56
498 386
498 385
499 457
499 373
499 70
