0 1
1 0
2 1
2 0
3 0
3 1
3 2
4 0
4 1
4 2
5 1
5 2
5 0
6 3
6 2
6 1
7 1
7 6
7 2
8 0
8 3
8 4
9 7
9 1
9 6
10 1
10 3
10 6
11 0
11 5
11 9
12 6
12 0
12 9
13 1
13 3
13 0
14 6
14 3
14 2
15 1
15 5
15 4
16 13
16 11
16 3
17 0
17 9
17 7
18 12
18 1
18 3
19 4
19 5
19 0
20 13
20 15
20 10
21 6
21 19
21 20
22 12
22 6
22 11
23 7
23 18
23 2
24 5
24 21
24 12
25 11
25 21
25 9
26 3
26 0
26 17
27 5
27 6
27 3
28 20
28 9
28 10
29 16
29 22
29 11
30 2
30 1
30 23
31 2
31 10
31 3
32 12
32 3
32 15
33 1
33 9
33 6
34 12
34 3
34 13
35 1
35 20
35 12
36 14
36 3
36 7
37 11
37 10
37 5
38 3
38 0
38 19
39 18
39 9
39 14
40 19
40 14
40 21
41 0
41 15
41 40
42 26
42 36
42 3
43 8
43 18
43 27
44 3
44 37
44 2
45 35
45 11
45 36
46 29
46 27
46 18
47 10
47 2
47 4
48 36
48 6
48 15
49 2
49 15
49 25
