0 1
0 2
1 0
1 2
2 1
2 0
3 0
3 1
3 2
4 2
4 1
4 0
5 4
5 1
5 2
6 0
6 5
6 3
7 1
7 0
7 2
8 0
8 1
8 2
9 6
9 8
9 4
10 0
10 4
10 8
11 1
11 3
11 5
12 0
12 5
12 4
13 12
13 2
13 0
14 1
14 3
14 4
15 5
15 2
15 10
16 6
16 2
16 10
17 2
17 16
17 11
18 1
18 6
18 13
19 2
19 4
19 12
20 1
20 4
20 2
21 5
21 13
21 18
22 6
22 2
22 13
23 3
23 1
23 13
24 22
24 13
24 2
25 3
25 2
25 22
26 8
26 13
26 6
27 12
27 6
27 4
28 10
28 4
28 25
29 5
29 23
29 2
30 22
30 10
30 0
31 10
31 5
31 13
32 13
32 1
32 0
33 13
33 2
33 27
34 2
34 1
34 32
35 2
35 15
35 23
36 3
36 0
36 10
37 8
37 2
37 34
38 12
38 6
38 4
39 0
39 6
39 5
40 21
40 3
40 1
41 23
41 6
41 10
42 3
42 4
42 35
43 3
43 10
43 40
44 2
44 0
44 6
45 4
45 1
45 21
46 13
46 23
46 11
47 10
47 46
47 23
48 4
48 10
48 36
49 8
49 39
49 21
50 33
50 1
50 4
51 2
51 12
51 49
52 2
52 13
52 29
53 35
53 2
53 23
54 45
54 8
54 34
55 13
55 10
55 2
56 48
56 16
56 3
57 10
57 42
57 44
58 0
58 2
58 4
59 1
59 2
59 14
60 3
60 10
60 24
61 27
61 6
61 11
62 9
62 12
62 4
63 4
63 19
63 34
64 9
64 5
64 36
65 12
65 20
65 26
66 11
66 16
66 54
67 2
67 13
67 1
68 11
68 13
68 27
69 10
69 4
69 36
70 2
70 5
70 34
71 2
71 30
71 19
72 21
72 50
72 47
73 14
73 11
73 22
74 13
74 33
74 54
75 49
75 24
75 21
76 6
76 5
76 1
77 68
77 62
77 13
78 70
78 49
78 2
79 19
79 29
79 25
80 1
80 5
80 54
81 40
81 45
81 2
82 47
82 3
82 14
83 6
83 54
83 40
84 13
84 3
84 0
85 78
85 77
85 3
86 43
86 67
86 15
87 66
87 27
87 62
88 1
88 0
88 13
89 58
89 62
89 10
90 10
90 30
90 62
91 12
91 66
91 0
92 31
92 29
92 2
93 66
93 60
93 27
94 56
94 60
94 62
95 13
95 16
95 70
96 1
96 54
96 70
97 30
97 16
97 22
98 64
98 86
98 55
99 12
99 0
99 1
100 24
100 16
100 51
101 92
101 49
101 2
102 20
102 58
102 24
103 49
103 62
103 96
104 103
104 23
104 24
105 29
105 35
105 5
106 3
106 13
106 11
107 58
107 98
107 55
108 16
108 4
108 98
109 79
109 4
109 86
110 8
110 5
110 1
111 3
111 4
111 7
112 0
112 86
112 2
113 2
113 64
113 12
114 2
114 0
114 4
115 12
115 27
115 13
116 51
116 28
116 10
117 0
117 10
117 16
118 27
118 68
118 45
119 70
119 4
119 14
120 13
120 4
120 96
121 12
121 88
121 102
122 39
122 54
122 1
123 70
123 2
123 112
124 0
124 92
124 98
125 8
125 49
125 62
126 8
126 75
126 63
127 51
127 116
127 2
128 1
128 91
128 13
129 1
129 35
129 40
130 4
130 20
130 27
131 54
131 74
131 55
132 126
132 52
132 58
133 101
133 102
133 13
134 118
134 3
134 66
135 99
135 70
135 4
136 2
136 55
136 3
137 30
137 2
137 132
138 2
138 88
138 95
139 8
139 22
139 61
140 58
140 125
140 52
141 120
141 64
141 86
142 11
142 45
142 46
143 51
143 101
143 25
144 1
144 13
144 107
145 40
145 4
145 86
146 34
146 36
146 131
147 115
147 2
147 132
148 58
148 37
148 62
149 90
149 2
149 95
150 118
150 21
150 1
151 58
151 5
151 48
152 89
152 13
152 36
153 50
153 0
153 2
154 4
154 115
154 27
155 68
155 7
155 151
156 37
156 27
156 78
157 151
157 79
157 2
158 124
158 10
158 60
159 6
159 45
159 54
160 45
160 13
160 79
161 1
161 0
161 102
162 16
162 0
162 13
163 91
163 13
163 79
164 3
164 11
164 9
165 2
165 13
165 6
166 4
166 27
166 6
167 43
167 0
167 9
168 82
168 115
168 21
169 50
169 70
169 23
170 135
170 35
170 24
171 4
171 27
171 124
172 74
172 55
172 2
173 139
173 11
173 75
174 66
174 8
174 164
175 5
175 61
175 163
176 63
176 19
176 105
177 53
177 120
177 46
178 103
178 25
178 6
179 49
179 6
179 2
180 6
180 98
180 136
181 13
181 152
181 34
182 3
182 13
182 0
183 105
183 0
183 80
184 64
184 13
184 3
185 4
185 51
185 98
186 15
186 5
186 0
187 2
187 115
187 9
188 5
188 20
188 82
189 2
189 19
189 32
190 156
190 0
190 1
191 3
191 4
191 49
192 6
192 29
192 53
193 164
193 178
193 18
194 12
194 125
194 154
195 16
195 62
195 2
196 80
196 102
196 62
197 141
197 13
197 115
198 187
198 42
198 12
199 1
199 130
199 61
200 16
200 55
200 195
201 73
201 102
201 166
202 8
202 30
202 2
203 6
203 10
203 15
204 53
204 135
204 1
205 62
205 108
205 170
206 116
206 25
206 202
207 3
207 162
207 34
208 92
208 196
208 44
209 72
209 49
209 27
210 77
210 1
210 204
211 10
211 13
211 155
212 16
212 5
212 116
213 69
213 32
213 13
214 126
214 0
214 45
215 37
215 2
215 6
216 186
216 31
216 180
217 3
217 70
217 2
218 109
218 98
218 142
219 51
219 182
219 13
220 188
220 178
220 126
221 2
221 3
221 30
222 215
222 218
222 89
223 115
223 126
223 4
224 10
224 199
224 212
225 64
225 72
225 10
226 206
226 30
226 49
227 0
227 86
227 107
228 20
228 31
228 10
229 196
229 220
229 123
230 191
230 45
230 11
231 24
231 185
231 53
232 136
232 181
232 52
233 79
233 195
233 38
234 204
234 32
234 10
235 109
235 25
235 66
236 111
236 78
236 108
237 46
237 124
237 142
238 75
238 143
238 108
239 1
239 3
239 21
240 171
240 236
240 25
241 172
241 5
241 64
242 0
242 2
242 178
243 134
243 182
243 137
244 10
244 66
244 6
245 82
245 77
245 123
246 51
246 85
246 192
247 66
247 5
247 54
248 234
248 62
248 219
249 43
249 115
249 231
250 34
250 2
250 186
251 28
251 34
251 198
252 72
252 108
252 13
253 62
253 63
253 4
254 113
254 16
254 248
255 56
255 13
255 11
256 11
256 46
256 2
257 122
257 223
257 2
258 6
258 13
258 54
259 34
259 0
259 2
260 2
260 57
260 150
261 8
261 20
261 64
262 63
262 70
262 42
263 2
263 108
263 91
264 152
264 15
264 227
265 1
265 10
265 194
266 31
266 1
266 223
267 49
267 44
267 143
268 2
268 72
268 20
269 198
269 5
269 238
270 11
270 155
270 81
271 53
271 201
271 14
272 88
272 4
272 58
273 271
273 12
273 50
274 11
274 229
274 242
275 208
275 88
275 49
276 74
276 133
276 172
277 54
277 225
277 253
278 220
278 196
278 61
279 34
279 246
279 28
280 63
280 21
280 10
281 98
281 3
281 43
282 174
282 206
282 24
283 248
283 136
283 144
284 176
284 25
284 5
285 125
285 196
285 244
286 39
286 3
286 107
287 123
287 217
287 2
288 115
288 283
288 151
289 2
289 118
289 65
290 107
290 215
290 6
291 54
291 227
291 136
292 160
292 55
292 6
293 162
293 205
293 115
294 26
294 37
294 5
295 173
295 167
295 135
296 118
296 130
296 63
297 4
297 0
297 26
298 23
298 247
298 10
299 10
299 1
299 273
300 62
300 281
300 288
301 45
301 194
301 54
302 15
302 2
302 279
303 2
303 206
303 136
304 274
304 5
304 127
305 9
305 132
305 1
306 188
306 1
306 128
307 1
307 24
307 201
308 77
308 34
308 6
309 8
309 257
309 159
310 123
310 113
310 10
311 198
311 12
311 299
312 113
312 129
312 24
313 99
313 193
313 61
314 2
314 186
314 272
315 135
315 82
315 154
316 198
316 10
316 73
317 133
317 301
317 238
318 40
318 55
318 2
319 201
319 144
319 182
320 13
320 120
320 196
321 258
321 129
321 75
322 142
322 5
322 80
323 6
323 43
323 1
324 184
324 5
324 175
325 57
325 21
325 2
326 40
326 27
326 234
327 13
327 221
327 0
328 48
328 149
328 82
329 61
329 75
329 6
330 2
330 44
330 48
331 220
331 208
331 63
332 106
332 38
332 107
333 9
333 1
333 133
334 13
334 236
334 156
335 64
335 329
335 267
336 205
336 75
336 128
337 4
337 34
337 56
338 10
338 155
338 64
339 143
339 63
339 215
340 27
340 226
340 204
341 82
341 139
341 13
342 64
342 0
342 257
343 122
343 8
343 6
344 191
344 86
344 170
345 32
345 304
345 56
346 88
346 145
346 274
347 1
347 125
347 86
348 6
348 53
348 55
349 185
349 108
349 308
350 346
350 32
350 6
351 169
351 203
351 51
352 2
352 30
352 10
353 260
353 189
353 117
354 4
354 282
354 163
355 143
355 353
355 155
356 294
356 350
356 54
357 70
357 130
357 202
358 7
358 21
358 333
359 4
359 13
359 5
360 162
360 291
360 136
361 87
361 13
361 8
362 277
362 51
362 358
363 105
363 4
363 2
364 28
364 266
364 50
365 257
365 193
365 119
366 264
366 8
366 119
367 13
367 3
367 31
368 74
368 286
368 318
369 79
369 196
369 167
370 35
370 348
370 2
371 77
371 4
371 16
372 173
372 167
372 342
373 33
373 16
373 160
374 34
374 106
374 2
375 163
375 229
375 294
376 6
376 348
376 107
377 186
377 69
377 168
378 253
378 0
378 10
379 19
379 238
379 90
380 170
380 100
380 75
381 1
381 67
381 0
382 367
382 294
382 3
383 209
383 95
383 69
384 86
384 368
384 185
385 0
385 217
385 51
386 11
386 21
386 2
387 249
387 293
387 41
388 132
388 57
388 86
389 154
389 155
389 249
390 133
390 72
390 0
391 324
391 34
391 151
392 231
392 192
392 18
393 185
393 29
393 152
394 209
394 15
394 62
395 148
395 248
395 266
396 142
396 318
396 339
397 64
397 273
397 139
398 166
398 2
398 38
399 65
399 338
399 391
400 102
400 13
400 89
401 123
401 1
401 216
402 26
402 54
402 89
403 48
403 307
403 132
404 293
404 123
404 382
405 236
405 223
405 216
406 75
406 16
406 166
407 193
407 130
407 344
408 230
408 309
408 118
409 232
409 55
409 200
410 382
410 299
410 4
411 61
411 23
411 374
412 221
412 4
412 192
413 6
413 114
413 1
414 166
414 223
414 10
415 43
415 414
415 216
416 324
416 72
416 118
417 193
417 79
417 240
418 27
418 19
418 0
419 128
419 143
419 93
420 178
420 337
420 50
421 173
421 88
421 115
422 43
422 220
422 19
423 1
423 8
423 13
424 227
424 264
424 375
425 223
425 260
425 368
426 1
426 274
426 2
427 86
427 95
427 68
428 12
428 1
428 4
429 4
429 66
429 202
430 16
430 34
430 268
431 20
431 58
431 43
432 3
432 97
432 253
433 45
433 54
433 6
434 36
434 13
434 46
435 188
435 0
435 315
436 115
436 113
436 265
437 367
437 31
437 2
438 260
438 21
438 0
439 90
439 97
439 424
440 248
440 365
440 95
441 2
441 1
441 136
442 328
442 90
442 13
443 178
443 105
443 35
444 358
444 406
444 402
445 372
445 120
445 13
446 104
446 423
446 206
447 13
447 30
447 388
448 198
448 258
448 355
449 29
449 5
449 343
450 49
450 108
450 365
451 174
451 181
451 284
452 52
452 155
452 246
453 87
453 13
453 201
454 3
454 140
454 427
455 185
455 407
455 231
456 75
456 129
456 32
457 11
457 302
457 118
458 1
458 262
458 227
459 29
459 130
459 72
460 184
460 179
460 44
461 378
461 35
461 156
462 267
462 9
462 231
463 96
463 12
463 173
464 0
464 106
464 357
465 343
465 11
465 211
466 411
466 224
466 43
467 1
467 11
467 139
468 447
468 355
468 20
469 23
469 354
469 62
470 67
470 0
470 458
471 196
471 374
471 415
472 307
472 446
472 70
473 181
473 319
473 173
474 365
474 22
474 196
475 303
475 60
475 204
476 0
476 353
476 12
477 32
477 2
477 324
478 24
478 2
478 324
479 365
479 127
479 57
480 231
480 338
480 132
481 254
481 4
481 471
482 85
482 310
482 442
483 271
483 4
483 111
484 266
484 192
484 281
485 44
485 71
485 18
486 340
486 21
486 10
487 127
487 165
487 21
488 155
488 73
488 5
489 171
489 51
489 212
490 411
490 16
490 223
491 85
491 48
491 20
492 42
492 95
492 11
493 267
493 353
493 66
494 430
494 102
494 5
495 107
495 372
495 230
496 9
496 66
496 52
497 425
497 97
497 460
498 208
498 1
498 401
499 175
499 304
499 10
500 126
500 227
500 3
501 316
501 72
501 2
502 98
502 343
502 273
503 211
503 224
503 302
504 10
504 381
504 12
505 173
505 386
505 97
506 278
506 13
506 293
507 13
507 383
507 276
508 408
508 108
508 124
509 160
509 398
509 202
510 204
510 5
510 77
511 2
511 27
511 108
512 329
512 243
512 120
513 37
513 272
513 448
514 125
514 267
514 137
515 211
515 16
515 487
516 181
516 228
516 72
517 492
517 234
517 11
518 27
518 0
518 88
519 468
519 234
519 287
520 2
520 13
520 137
521 20
521 52
521 145
522 255
522 143
522 65
523 325
523 6
523 159
524 3
524 372
524 367
525 47
525 24
525 63
526 113
526 184
526 233
527 89
527 468
527 273
528 416
528 263
528 481
529 101
529 475
529 20
530 19
530 146
530 70
531 415
531 18
531 1
532 66
532 429
532 507
533 496
533 223
533 150
534 241
534 89
534 385
535 152
535 374
535 236
536 25
536 209
536 103
537 34
537 404
537 271
538 2
538 343
538 192
539 380
539 91
539 138
540 152
540 53
540 2
541 3
541 162
541 10
542 352
542 20
542 18
543 294
543 514
543 264
544 278
544 13
544 206
545 432
545 195
545 64
546 2
546 196
546 31
547 4
547 274
547 7
548 419
548 271
548 99
549 2
549 102
549 505
550 216
550 478
550 107
551 32
551 358
551 151
552 97
552 433
552 241
553 355
553 176
553 87
554 20
554 170
554 38
555 404
555 486
555 223
556 89
556 357
556 214
557 467
557 0
557 112
558 100
558 5
558 353
559 491
559 85
559 224
560 376
560 72
560 284
561 6
561 68
561 252
562 198
562 103
562 470
563 63
563 258
563 517
564 5
564 189
564 478
565 60
565 79
565 242
566 2
566 10
566 125
567 127
567 282
567 560
568 168
568 358
568 33
569 208
569 249
569 502
570 542
570 385
570 155
571 2
571 20
571 460
572 0
572 45
572 236
573 5
573 531
573 115
574 125
574 567
574 460
575 12
575 482
575 28
576 426
576 251
576 1
577 548
577 224
577 64
578 5
578 3
578 11
579 13
579 388
579 1
580 11
580 19
580 32
581 115
581 241
581 55
582 24
582 385
582 28
583 346
583 132
583 3
584 567
584 151
584 6
585 21
585 340
585 517
586 201
586 220
586 79
587 23
587 97
587 9
588 401
588 497
588 10
589 146
589 241
589 4
590 134
590 224
590 168
591 380
591 3
591 27
592 38
592 10
592 265
593 0
593 559
593 86
594 215
594 10
594 271
595 217
595 541
595 329
596 480
596 170
596 15
597 62
597 18
597 4
598 1
598 177
598 5
599 266
599 525
599 175
600 227
600 172
600 306
601 409
601 313
601 214
602 324
602 208
602 19
603 142
603 10
603 3
604 237
604 0
604 74
605 49
605 27
605 136
606 128
606 374
606 291
607 416
607 115
607 62
608 4
608 491
608 549
609 0
609 590
609 33
610 234
610 355
610 16
611 389
611 140
611 434
612 191
612 34
612 50
613 380
613 375
613 10
614 22
614 154
614 611
615 492
615 88
615 38
616 301
616 304
616 19
617 593
617 216
617 93
618 0
618 496
618 353
619 50
619 406
619 108
620 70
620 173
620 471
621 25
621 20
621 109
622 2
622 12
622 188
623 37
623 408
623 4
624 1
624 21
624 264
625 188
625 529
625 2
626 341
626 2
626 131
627 101
627 439
627 39
628 200
628 627
628 540
629 346
629 23
629 10
630 168
630 227
630 412
631 286
631 4
631 336
632 18
632 1
632 437
633 593
633 425
633 330
634 22
634 388
634 28
635 34
635 534
635 176
636 206
636 108
636 17
637 42
637 178
637 602
638 444
638 118
638 1
639 326
639 374
639 133
640 236
640 471
640 51
641 169
641 20
641 27
642 382
642 21
642 598
643 429
643 87
643 313
644 284
644 388
644 240
645 110
645 189
645 47
646 298
646 247
646 24
647 100
647 595
647 0
648 242
648 1
648 69
649 170
649 123
649 62
650 1
650 12
650 544
651 43
651 8
651 5
652 196
652 347
652 287
653 425
653 228
653 230
654 64
654 292
654 215
655 10
655 268
655 4
656 240
656 44
656 20
657 40
657 638
657 1
658 0
658 641
658 95
659 480
659 11
659 129
660 128
660 5
660 2
661 439
661 5
661 1
662 102
662 598
662 234
663 10
663 430
663 274
664 10
664 365
664 6
665 91
665 600
665 237
666 243
666 16
666 587
667 13
667 0
667 218
668 178
668 5
668 440
669 498
669 10
669 411
670 192
670 69
670 565
671 77
671 507
671 401
672 378
672 671
672 48
673 317
673 43
673 286
674 406
674 523
674 307
675 585
675 266
675 215
676 438
676 21
676 229
677 133
677 43
677 42
678 230
678 661
678 560
679 434
679 536
679 55
680 2
680 295
680 28
681 471
681 6
681 212
682 2
682 5
682 160
683 0
683 79
683 28
684 675
684 43
684 4
685 44
685 15
685 370
686 163
686 640
686 45
687 389
687 422
687 4
688 28
688 453
688 635
689 13
689 43
689 4
690 0
690 150
690 91
691 60
691 611
691 10
692 1
692 382
692 448
693 557
693 224
693 23
694 88
694 470
694 33
695 47
695 88
695 457
696 166
696 606
696 460
697 21
697 70
697 267
698 174
698 109
698 330
699 588
699 268
699 194
700 184
700 182
700 111
701 96
701 516
701 126
702 30
702 11
702 531
703 124
703 45
703 65
704 113
704 2
704 542
705 260
705 248
705 339
706 118
706 3
706 295
707 261
707 58
707 612
708 35
708 171
708 544
709 387
709 164
709 576
710 215
710 388
710 127
711 473
711 351
711 27
712 62
712 324
712 517
713 670
713 281
713 82
714 119
714 50
714 16
715 700
715 253
715 51
716 302
716 166
716 13
717 475
717 1
717 226
718 16
718 451
718 125
719 291
719 441
719 51
720 62
720 21
720 219
721 298
721 132
721 11
722 374
722 434
722 87
723 174
723 10
723 11
724 341
724 460
724 709
725 190
725 167
725 249
726 593
726 358
726 339
727 408
727 289
727 13
728 6
728 185
728 547
729 598
729 622
729 44
730 23
730 1
730 336
731 320
731 11
731 13
732 167
732 609
732 162
733 66
733 463
733 54
734 30
734 11
734 384
735 355
735 390
735 406
736 621
736 69
736 596
737 151
737 317
737 91
738 274
738 283
738 5
739 11
739 736
739 49
740 269
740 379
740 198
741 628
741 431
741 445
742 312
742 434
742 695
743 585
743 95
743 141
744 651
744 717
744 399
745 565
745 681
745 5
746 331
746 50
746 118
747 10
747 13
747 62
748 217
748 387
748 143
749 125
749 273
749 416
750 22
750 149
750 125
751 696
751 24
751 492
752 169
752 281
752 78
753 0
753 389
753 497
754 92
754 347
754 661
755 0
755 28
755 70
756 408
756 194
756 217
757 211
757 346
757 746
758 304
758 91
758 624
759 31
759 29
759 204
760 336
760 410
760 214
761 497
761 0
761 89
762 529
762 568
762 473
763 43
763 399
763 75
764 45
764 447
764 26
765 261
765 432
765 281
766 687
766 418
766 103
767 1
767 118
767 28
768 21
768 754
768 606
769 355
769 11
769 729
770 615
770 86
770 598
771 66
771 275
771 520
772 10
772 541
772 201
773 115
773 1
773 43
774 32
774 12
774 6
775 13
775 489
775 108
776 4
776 373
776 86
777 89
777 177
777 206
778 62
778 95
778 656
779 27
779 10
779 51
780 343
780 370
780 3
781 306
781 254
781 4
782 247
782 79
782 133
783 776
783 431
783 278
784 9
784 206
784 386
785 287
785 69
785 12
786 155
786 1
786 9
787 253
787 766
787 535
788 301
788 4
788 118
789 273
789 579
789 170
790 457
790 763
790 98
791 530
791 355
791 170
792 151
792 129
792 181
793 18
793 61
793 3
794 5
794 752
794 647
795 140
795 155
795 635
796 482
796 532
796 783
797 97
797 18
797 2
798 460
798 182
798 204
799 150
799 206
799 122
800 10
800 1
800 208
801 20
801 11
801 404
802 94
802 342
802 56
803 162
803 44
803 544
804 9
804 232
804 170
805 667
805 34
805 3
806 1
806 224
806 238
807 773
807 480
807 75
808 107
808 625
808 781
809 734
809 756
809 294
810 4
810 36
810 61
811 481
811 494
811 275
812 276
812 106
812 600
813 88
813 176
813 217
814 615
814 118
814 154
815 155
815 16
815 173
816 324
816 98
816 36
817 717
817 51
817 3
818 156
818 281
818 727
819 772
819 24
819 333
820 222
820 794
820 1
821 622
821 64
821 653
822 206
822 333
822 217
823 19
823 22
823 348
824 324
824 11
824 69
825 133
825 784
825 25
826 127
826 5
826 600
827 386
827 12
827 477
828 1
828 150
828 27
829 224
829 669
829 4
830 1
830 459
830 611
831 329
831 250
831 390
832 222
832 95
832 341
833 357
833 661
833 86
834 818
834 722
834 2
835 63
835 509
835 591
836 201
836 196
836 89
837 37
837 624
837 127
838 278
838 151
838 697
839 88
839 820
839 717
840 52
840 4
840 611
841 4
841 530
841 561
842 82
842 3
842 1
843 20
843 684
843 1
844 459
844 592
844 166
845 799
845 173
845 704
846 195
846 163
846 299
847 526
847 4
847 430
848 563
848 203
848 452
849 474
849 248
849 278
850 13
850 386
850 349
851 18
851 192
851 220
852 348
852 204
852 334
853 24
853 118
853 29
854 137
854 834
854 39
855 779
855 1
855 44
856 636
856 158
856 751
857 20
857 105
857 253
858 330
858 4
858 3
859 164
859 821
859 593
860 231
860 151
860 329
861 257
861 141
861 44
862 261
862 593
862 13
863 191
863 222
863 63
864 521
864 8
864 579
865 237
865 841
865 34
866 458
866 358
866 365
867 216
867 610
867 148
868 198
868 468
868 388
869 94
869 304
869 744
870 338
870 11
870 702
871 105
871 256
871 137
872 324
872 258
872 63
873 218
873 704
873 174
874 168
874 4
874 18
875 1
875 465
875 161
876 53
876 629
876 844
877 125
877 110
877 274
878 382
878 27
878 385
879 67
879 643
879 309
880 507
880 10
880 232
881 283
881 88
881 206
882 489
882 86
882 321
883 189
883 6
883 522
884 282
884 28
884 220
885 752
885 509
885 860
886 606
886 125
886 129
887 64
887 24
887 801
888 158
888 383
888 272
889 576
889 123
889 446
890 749
890 581
890 206
891 786
891 232
891 635
892 844
892 852
892 54
893 581
893 2
893 355
894 3
894 185
894 105
895 786
895 226
895 687
896 765
896 143
896 115
897 484
897 18
897 474
898 102
898 6
898 141
899 128
899 17
899 601
900 309
900 135
900 746
901 688
901 438
901 744
902 11
902 472
902 122
903 145
903 376
903 92
904 286
904 4
904 44
905 126
905 218
905 815
906 198
906 658
906 4
907 581
907 21
907 190
908 86
908 169
908 460
909 324
909 366
909 92
910 471
910 342
910 545
911 735
911 82
911 507
912 20
912 883
912 294
913 232
913 0
913 774
914 51
914 93
914 4
915 3
915 2
915 480
916 292
916 0
916 739
917 22
917 130
917 752
918 88
918 528
918 265
919 40
919 253
919 20
920 20
920 10
920 329
921 174
921 730
921 739
922 178
922 197
922 324
923 352
923 314
923 753
924 290
924 217
924 20
925 220
925 185
925 416
926 89
926 61
926 607
927 13
927 1
927 809
928 267
928 603
928 575
929 4
929 193
929 598
930 24
930 114
930 575
931 37
931 206
931 18
932 145
932 10
932 505
933 12
933 173
933 562
934 895
934 10
934 2
935 77
935 44
935 101
936 3
936 806
936 477
937 628
937 817
937 460
938 79
938 221
938 736
939 795
939 843
939 593
940 54
940 51
940 317
941 61
941 66
941 334
942 666
942 7
942 780
943 254
943 902
943 42
944 439
944 283
944 1
945 8
945 206
945 1
946 221
946 13
946 580
947 32
947 18
947 302
948 645
948 39
948 129
949 50
949 73
949 143
950 192
950 691
950 68
951 0
951 51
951 24
952 28
952 524
952 234
953 346
953 714
953 125
954 2
954 223
954 930
955 53
955 543
955 317
956 593
956 2
956 292
957 167
957 73
957 284
958 172
958 350
958 447
959 103
959 803
959 376
960 797
960 70
960 584
961 484
961 304
961 1
962 33
962 105
962 390
963 222
963 774
963 3
964 3
964 846
964 454
965 124
965 2
965 306
966 155
966 863
966 697
967 67
967 4
967 566
968 698
968 843
968 832
969 913
969 9
969 317
970 365
970 935
970 434
971 268
971 13
971 422
972 871
972 48
972 710
973 826
973 871
973 4
974 122
974 598
974 338
975 162
975 143
975 95
976 831
976 194
976 42
977 234
977 61
977 155
978 2
978 42
978 0
979 28
979 187
979 97
980 191
980 820
980 509
981 659
981 237
981 276
982 140
982 465
982 964
983 10
983 948
983 375
984 0
984 707
984 141
985 241
985 1
985 105
986 92
986 563
986 5
987 387
987 200
987 21
988 581
988 909
988 689
989 793
989 10
989 595
990 241
990 764
990 108
991 27
991 775
991 0
992 355
992 552
992 930
993 727
993 58
993 135
994 260
994 5
994 178
995 507
995 308
995 451
996 746
996 75
996 790
997 457
997 5
997 365
998 246
998 220
998 747
999 387
999 823
999 27
