0 1
1 0
2 0
2 1
3 2
3 0
3 1
4 1
4 0
4 3
5 4
5 1
5 0
6 0
6 2
6 1
7 2
7 0
7 1
8 0
8 1
8 3
9 0
9 3
9 5
10 1
10 7
10 3
11 10
11 3
11 1
12 7
12 8
12 2
13 8
13 9
13 11
14 10
14 7
14 3
15 2
15 9
15 1
16 3
16 12
16 11
17 8
17 1
17 14
18 11
18 17
18 3
19 16
19 0
19 8
20 7
20 5
20 4
21 12
21 1
21 4
22 1
22 0
22 7
23 0
23 1
23 2
24 0
24 12
24 8
25 1
25 8
25 9
26 23
26 9
26 8
27 9
27 3
27 8
28 6
28 4
28 26
29 0
29 1
29 11
30 23
30 8
30 11
31 3
31 0
31 21
32 9
32 3
32 1
33 14
33 8
33 22
34 12
34 8
34 2
35 7
35 6
35 16
36 21
36 11
36 29
37 9
37 1
37 8
38 32
38 37
38 2
39 31
39 0
39 11
40 7
40 25
40 14
41 11
41 18
41 22
42 25
42 34
42 8
43 34
43 30
43 0
44 0
44 28
44 3
45 9
45 2
45 8
46 7
46 14
46 38
47 0
47 27
47 7
48 34
48 35
48 12
49 22
49 20
49 9
