1 0
2 0
2 1
3 2
3 0
3 1
4 3
4 0
4 1
5 1
5 2
5 3
6 0
6 1
6 3
7 1
7 0
7 5
8 5
8 6
8 0
9 6
9 7
9 0
10 0
10 1
10 5
11 1
11 7
11 0
12 6
12 7
12 3
13 3
13 11
13 6
14 6
14 9
14 0
15 12
15 0
15 10
16 11
16 6
16 5
17 8
17 9
17 5
18 3
18 2
18 11
19 3
19 2
19 12
20 12
20 18
20 2
21 10
21 19
21 12
22 20
22 6
22 1
23 7
23 9
23 5
24 12
24 0
24 3
25 5
25 11
25 2
26 2
26 7
26 19
27 20
27 3
27 26
28 3
28 2
28 0
29 6
29 5
29 3
30 19
30 6
30 25
31 21
31 12
31 23
32 0
32 1
32 3
33 2
33 9
33 22
34 13
34 17
34 12
35 14
35 22
35 0
36 0
36 7
36 26
37 1
37 7
37 21
38 25
38 22
38 34
39 11
39 9
39 5
40 24
40 3
40 5
41 20
41 25
41 32
42 18
42 8
42 0
43 23
43 30
43 13
44 7
44 3
44 2
45 4
45 0
45 2
46 1
46 17
46 3
47 9
47 41
47 5
48 3
48 0
48 13
49 17
49 12
49 19
50 1
50 20
50 0
51 1
51 20
51 36
52 13
52 7
52 0
53 31
53 51
53 2
54 22
54 0
54 32
55 29
55 0
55 3
56 46
56 0
56 53
57 9
57 18
57 48
58 23
58 0
58 17
59 53
59 19
59 18
60 47
60 0
60 53
61 1
61 16
61 0
62 7
62 3
62 46
63 19
63 13
63 53
64 46
64 9
64 15
65 3
65 25
65 47
66 1
66 7
66 3
67 22
67 56
67 7
68 1
68 0
68 60
69 0
69 6
69 18
70 25
70 6
70 46
71 18
71 67
71 50
72 62
72 1
72 0
73 0
73 14
73 50
74 40
74 17
74 1
75 25
75 29
75 0
76 12
76 34
76 8
77 1
77 69
77 19
78 5
78 12
78 18
79 0
79 42
79 7
80 0
80 39
80 26
81 34
81 0
81 4
82 7
82 76
82 6
83 13
83 9
83 17
84 77
84 7
84 0
85 13
85 67
85 69
86 7
86 12
86 0
87 48
87 6
87 9
88 12
88 0
88 60
89 0
89 71
89 9
90 25
90 46
90 81
91 5
91 72
91 6
92 31
92 9
92 25
93 67
93 6
93 19
94 79
94 26
94 61
95 50
95 4
95 87
96 51
96 5
96 79
97 86
97 40
97 60
98 87
98 69
98 60
99 9
99 2
99 55
100 10
100 43
100 72
101 25
101 77
101 7
102 0
102 13
102 24
103 6
103 13
103 45
104 6
104 76
104 1
105 29
105 25
105 5
106 50
106 55
106 47
107 6
107 7
107 9
108 106
108 21
108 47
109 4
109 15
109 29
110 19
110 67
110 1
111 7
111 19
111 9
112 8
112 46
112 12
113 72
113 22
113 106
114 19
114 25
114 80
115 25
115 1
115 20
116 86
116 25
116 67
117 80
117 46
117 5
118 5
118 3
118 106
119 56
119 12
119 31
120 78
120 106
120 0
121 14
121 74
121 100
122 17
122 60
122 40
123 109
123 17
123 0
124 73
124 6
124 2
125 4
125 101
125 66
126 117
126 46
126 32
127 82
127 110
127 19
128 13
128 105
128 4
129 86
129 11
129 106
130 17
130 1
130 21
131 77
131 6
131 18
132 44
132 26
132 33
133 0
133 7
133 115
134 7
134 0
134 46
135 40
135 130
135 128
136 12
136 40
136 63
137 3
137 13
137 64
138 135
138 42
138 26
139 3
139 20
139 30
140 52
140 74
140 21
141 1
141 31
141 69
142 106
142 112
142 12
143 110
143 0
143 4
144 71
144 40
144 15
145 130
145 79
145 92
146 7
146 81
146 45
147 2
147 19
147 0
148 24
148 81
148 60
149 83
149 67
149 56
150 3
150 1
150 6
151 19
151 145
151 144
152 46
152 19
152 40
153 15
153 19
153 56
154 0
154 79
154 58
155 81
155 125
155 143
156 121
156 40
156 135
157 124
157 97
157 128
158 7
158 60
158 32
159 150
159 101
159 58
160 154
160 20
160 112
161 88
161 9
161 126
162 65
162 96
162 0
163 69
163 135
163 0
164 100
164 72
164 15
165 8
165 37
165 20
166 74
166 3
166 19
167 0
167 7
167 12
168 146
168 164
168 4
169 69
169 100
169 50
170 30
170 55
170 44
171 72
171 0
171 9
172 15
172 69
172 3
173 131
173 127
173 118
174 15
174 107
174 29
175 62
175 109
175 152
176 56
176 4
176 31
177 110
177 30
177 143
178 24
178 102
178 98
179 70
179 6
179 135
180 87
180 36
180 12
181 0
181 7
181 58
182 69
182 103
182 6
183 51
183 17
183 153
184 70
184 46
184 76
185 132
185 13
185 3
186 94
186 76
186 0
187 53
187 19
187 108
188 18
188 144
188 9
189 40
189 187
189 0
190 113
190 40
190 51
191 2
191 19
191 58
192 170
192 20
192 29
193 0
193 5
193 1
194 0
194 48
194 110
195 167
195 72
195 9
196 60
196 143
196 77
197 9
197 103
197 15
198 6
198 53
198 155
199 21
199 14
199 15
200 46
200 118
200 14
201 71
201 46
201 194
202 72
202 10
202 82
203 200
203 68
203 3
204 3
204 31
204 129
205 5
205 124
205 139
206 53
206 17
206 150
207 19
207 144
207 154
208 20
208 81
208 2
209 32
209 127
209 70
210 96
210 164
210 39
211 0
211 106
211 206
212 113
212 20
212 211
213 32
213 4
213 184
214 97
214 152
214 81
215 46
215 92
215 0
216 130
216 112
216 27
217 216
217 136
217 92
218 46
218 194
218 23
219 216
219 76
219 121
220 37
220 0
220 40
221 17
221 41
221 219
222 0
222 6
222 3
223 173
223 0
223 141
224 82
224 213
224 193
225 46
225 9
225 182
226 61
226 12
226 2
227 25
227 120
227 162
228 75
228 93
228 35
229 5
229 42
229 118
230 2
230 84
230 29
231 4
231 53
231 187
232 113
232 7
232 0
233 0
233 2
233 76
234 18
234 219
234 106
235 6
235 135
235 168
236 12
236 29
236 81
237 21
237 77
237 3
238 19
238 16
238 40
239 2
239 164
239 8
240 9
240 213
240 82
241 51
241 69
241 7
242 0
242 32
242 125
243 19
243 54
243 50
244 47
244 213
244 174
245 22
245 184
245 5
246 136
246 163
246 2
247 19
247 7
247 64
248 31
248 101
248 122
249 239
249 112
249 184
250 209
250 4
250 112
251 70
251 2
251 161
252 192
252 12
252 19
253 243
253 32
253 19
254 45
254 214
254 199
255 62
255 152
255 162
256 130
256 86
256 164
257 3
257 32
257 40
258 25
258 254
258 174
259 12
259 135
259 250
260 11
260 200
260 198
261 7
261 86
261 25
262 112
262 42
262 178
263 128
263 135
263 28
264 15
264 74
264 2
265 1
265 87
265 152
266 227
266 147
266 79
267 60
267 0
267 2
268 202
268 120
268 32
269 110
269 193
269 237
270 190
270 66
270 51
271 105
271 257
271 210
272 111
272 215
272 189
273 232
273 143
273 122
274 40
274 58
274 17
275 29
275 181
275 9
276 108
276 51
276 25
277 19
277 115
277 192
278 3
278 25
278 7
279 158
279 3
279 53
280 160
280 25
280 73
281 65
281 31
281 3
282 101
282 226
282 204
283 0
283 205
283 36
284 56
284 22
284 0
285 161
285 23
285 31
286 92
286 55
286 152
287 17
287 40
287 264
288 12
288 0
288 51
289 14
289 12
289 135
290 184
290 257
290 73
291 24
291 194
291 39
292 171
292 3
292 117
293 61
293 6
293 59
294 132
294 142
294 53
295 1
295 0
295 80
296 134
296 20
296 0
297 7
297 80
297 227
298 72
298 0
298 199
299 40
299 222
299 2
300 2
300 1
300 256
301 26
301 92
301 118
302 226
302 215
302 0
303 67
303 5
303 264
304 162
304 25
304 115
305 164
305 40
305 20
306 45
306 264
306 61
307 184
307 31
307 168
308 291
308 240
308 82
309 29
309 113
309 7
310 141
310 50
310 45
311 264
311 55
311 40
312 162
312 32
312 112
313 264
313 73
313 40
314 0
314 26
314 125
315 293
315 86
315 11
316 17
316 144
316 12
317 62
317 186
317 9
318 30
318 3
318 71
319 0
319 2
319 9
320 297
320 20
320 7
321 296
321 124
321 135
322 106
322 275
322 6
323 44
323 2
323 7
324 1
324 46
324 0
325 170
325 58
325 73
326 3
326 84
326 115
327 44
327 237
327 60
328 293
328 36
328 60
329 3
329 297
329 69
330 2
330 91
330 241
331 197
331 31
331 96
332 267
332 109
332 238
333 9
333 48
333 19
334 268
334 0
334 121
335 58
335 118
335 5
336 140
336 206
336 1
337 330
337 173
337 179
338 150
338 2
338 134
339 21
339 32
339 9
340 216
340 2
340 97
341 174
341 19
341 331
342 60
342 12
342 135
343 201
343 55
343 25
344 22
344 0
344 73
345 0
345 32
345 305
346 79
346 98
346 157
347 121
347 238
347 53
348 9
348 15
348 67
349 2
349 153
349 9
350 6
350 229
350 62
351 128
351 32
351 58
352 342
352 112
352 3
353 60
353 226
353 7
354 229
354 124
354 20
355 227
355 7
355 214
356 181
356 257
356 97
357 182
357 30
357 54
358 6
358 136
358 33
359 114
359 193
359 343
360 201
360 104
360 7
361 350
361 45
361 0
362 160
362 169
362 98
363 58
363 1
363 0
364 42
364 139
364 264
365 61
365 29
365 338
366 88
366 80
366 48
367 257
367 130
367 0
368 354
368 134
368 7
369 120
369 161
369 11
370 6
370 136
370 57
371 0
371 107
371 2
372 194
372 7
372 25
373 310
373 20
373 106
374 81
374 124
374 159
375 0
375 13
375 196
376 53
376 12
376 103
377 2
377 194
377 46
378 214
378 101
378 52
379 36
379 7
379 33
380 162
380 3
380 324
381 0
381 17
381 7
382 61
382 114
382 109
383 160
383 154
383 354
384 107
384 301
384 0
385 5
385 259
385 40
386 150
386 177
386 92
387 225
387 100
387 1
388 69
388 122
388 136
389 340
389 118
389 227
390 25
390 43
390 209
391 22
391 4
391 5
392 41
392 135
392 28
393 94
393 104
393 262
394 390
394 65
394 100
395 2
395 176
395 168
396 133
396 43
396 52
397 241
397 120
397 5
398 7
398 6
398 75
399 109
399 275
399 2
400 46
400 29
400 93
401 30
401 48
401 160
402 100
402 6
402 393
403 6
403 256
403 40
404 320
404 201
404 20
405 223
405 15
405 13
406 293
406 219
406 380
407 3
407 21
407 25
408 9
408 33
408 222
409 31
409 7
409 113
410 72
410 67
410 3
411 0
411 40
411 237
412 44
412 224
412 103
413 122
413 4
413 251
414 96
414 7
414 122
415 340
415 333
415 219
416 350
416 257
416 84
417 1
417 3
417 20
418 0
418 2
418 345
419 328
419 211
419 124
420 96
420 136
420 0
421 91
421 187
421 72
422 52
422 293
422 322
423 246
423 241
423 185
424 153
424 253
424 328
425 13
425 2
425 21
426 71
426 8
426 115
427 7
427 6
427 106
428 22
428 1
428 216
429 359
429 236
429 124
430 61
430 69
430 187
431 9
431 6
431 32
432 276
432 119
432 9
433 3
433 8
433 318
434 0
434 318
434 219
435 30
435 421
435 19
436 19
436 13
436 53
437 359
437 427
437 281
438 324
438 365
438 13
439 6
439 30
439 32
440 12
440 247
440 142
441 187
441 108
441 17
442 106
442 195
442 276
443 124
443 166
443 85
444 163
444 20
444 193
445 5
445 72
445 31
446 43
446 23
446 141
447 393
447 4
447 3
448 213
448 64
448 32
449 256
449 398
449 48
450 361
450 293
450 372
451 38
451 4
451 19
452 154
452 4
452 1
453 321
453 76
453 7
454 5
454 2
454 134
455 105
455 15
455 40
456 11
456 51
456 1
457 219
457 267
457 119
458 26
458 3
458 115
459 0
459 339
459 436
460 422
460 0
460 145
461 7
461 57
461 34
462 298
462 325
462 231
463 424
463 0
463 235
464 38
464 22
464 320
465 143
465 1
465 32
466 355
466 110
466 361
467 335
467 5
467 75
468 51
468 389
468 55
469 5
469 94
469 364
470 25
470 118
470 162
471 414
471 2
471 60
472 275
472 194
472 171
473 83
473 389
473 256
474 7
474 2
474 3
475 250
475 308
475 1
476 1
476 32
476 171
477 64
477 196
477 135
478 222
478 80
478 66
479 5
479 53
479 13
480 80
480 156
480 410
481 56
481 45
481 103
482 455
482 257
482 196
483 64
483 40
483 67
484 287
484 261
484 358
485 306
485 62
485 461
486 55
486 237
486 0
487 140
487 134
487 384
488 153
488 93
488 40
489 3
489 1
489 228
490 7
490 321
490 450
491 46
491 4
491 453
492 5
492 236
492 265
493 199
493 306
493 154
494 389
494 164
494 201
495 38
495 9
495 491
496 274
496 40
496 113
497 380
497 354
497 153
498 91
498 150
498 84
499 425
499 60
499 81
500 278
500 11
500 199
501 286
501 246
501 25
502 86
502 0
502 380
503 171
503 18
503 454
504 365
504 173
504 101
505 7
505 372
505 491
506 446
506 5
506 104
507 214
507 198
507 53
508 214
508 169
508 12
509 211
509 429
509 30
510 2
510 325
510 62
511 278
511 34
511 98
512 26
512 124
512 307
513 2
513 365
513 221
514 14
514 116
514 173
515 335
515 494
515 19
516 189
516 320
516 151
517 441
517 53
517 319
518 150
518 51
518 31
519 136
519 314
519 2
520 72
520 399
520 30
521 202
521 45
521 10
522 66
522 137
522 362
523 106
523 3
523 129
524 311
524 219
524 368
525 473
525 305
525 5
526 103
526 252
526 240
527 111
527 17
527 413
528 67
528 479
528 73
529 399
529 2
529 135
530 220
530 173
530 467
531 504
531 315
531 1
532 235
532 71
532 0
533 68
533 196
533 167
534 336
534 46
534 54
535 32
535 22
535 433
536 258
536 295
536 0
537 438
537 184
537 60
538 32
538 257
538 5
539 390
539 474
539 338
540 68
540 1
540 0
541 206
541 5
541 1
542 83
542 20
542 1
543 1
543 513
543 15
544 503
544 144
544 157
545 368
545 187
545 99
546 122
546 6
546 1
547 235
547 252
547 394
548 410
548 351
548 504
549 360
549 284
549 68
550 392
550 320
550 237
551 51
551 160
551 277
552 29
552 498
552 475
553 369
553 139
553 22
554 10
554 137
554 253
555 199
555 456
555 428
556 239
556 447
556 439
557 0
557 190
557 165
558 364
558 3
558 424
559 415
559 33
559 32
560 23
560 19
560 70
561 436
561 103
561 185
562 227
562 199
562 188
563 44
563 145
563 82
564 10
564 7
564 324
565 3
565 42
565 132
566 9
566 264
566 342
567 498
567 68
567 157
568 245
568 515
568 30
569 130
569 151
569 11
570 101
570 385
570 483
571 9
571 106
571 367
572 5
572 6
572 298
573 351
573 135
573 119
574 33
574 537
574 374
575 162
575 20
575 459
576 202
576 6
576 1
577 481
577 267
577 19
578 563
578 18
578 67
579 162
579 88
579 558
580 13
580 221
580 33
581 253
581 18
581 74
582 459
582 7
582 2
583 124
583 160
583 385
584 412
584 353
584 31
585 290
585 319
585 359
586 257
586 487
586 8
587 4
587 193
587 9
588 346
588 7
588 2
589 195
589 259
589 3
590 109
590 47
590 1
591 72
591 554
591 12
592 151
592 62
592 171
593 14
593 5
593 495
594 32
594 13
594 560
595 17
595 46
595 112
596 229
596 394
596 569
597 344
597 113
597 29
598 53
598 1
598 9
599 81
599 10
599 24
600 525
600 19
600 48
601 247
601 14
601 391
602 12
602 523
602 439
603 322
603 422
603 160
604 324
604 178
604 7
605 603
605 114
605 223
606 458
606 487
606 404
607 218
607 314
607 18
608 190
608 72
608 461
609 568
609 504
609 509
610 297
610 11
610 370
611 421
611 0
611 306
612 392
612 50
612 0
613 168
613 12
613 62
614 7
614 63
614 98
615 438
615 579
615 256
616 582
616 25
616 29
617 2
617 574
617 357
618 7
618 122
618 484
619 7
619 113
619 12
620 38
620 261
620 465
621 45
621 550
621 112
622 228
622 374
622 359
623 602
623 62
623 34
624 151
624 221
624 552
625 234
625 553
625 122
626 615
626 72
626 262
627 73
627 135
627 9
628 105
628 5
628 17
629 311
629 417
629 9
630 553
630 296
630 168
631 626
631 25
631 59
632 497
632 69
632 134
633 2
633 576
633 262
634 560
634 51
634 94
635 353
635 110
635 23
636 7
636 162
636 92
637 162
637 14
637 500
638 376
638 81
638 215
639 566
639 3
639 7
640 67
640 429
640 221
641 66
641 349
641 564
642 38
642 48
642 277
643 497
643 311
643 524
644 447
644 85
644 311
645 106
645 164
645 300
646 1
646 451
646 164
647 296
647 317
647 105
648 140
648 321
648 469
649 389
649 623
649 92
650 151
650 166
650 20
651 48
651 130
651 198
652 98
652 6
652 62
653 213
653 67
653 51
654 365
654 274
654 95
655 327
655 0
655 73
656 154
656 218
656 9
657 143
657 134
657 250
658 292
658 320
658 100
659 37
659 15
659 319
660 365
660 532
660 332
661 6
661 294
661 19
662 335
662 194
662 205
663 162
663 122
663 12
664 394
664 264
664 378
665 627
665 435
665 360
666 83
666 283
666 3
667 489
667 24
667 141
668 1
668 4
668 364
669 140
669 151
669 37
670 583
670 1
670 144
671 69
671 169
671 83
672 137
672 441
672 546
673 118
673 313
673 612
674 32
674 99
674 106
675 8
675 6
675 32
676 263
676 112
676 3
677 590
677 329
677 18
678 141
678 54
678 199
679 187
679 668
679 29
680 569
680 497
680 25
681 584
681 13
681 265
682 13
682 378
682 431
683 201
683 22
683 144
684 18
684 223
684 118
685 487
685 522
685 438
686 7
686 85
686 223
687 114
687 642
687 346
688 143
688 106
688 3
689 46
689 267
689 299
690 37
690 92
690 108
691 6
691 187
691 13
692 55
692 70
692 245
693 31
693 46
693 229
694 338
694 523
694 185
695 73
695 20
695 171
696 384
696 277
696 342
697 101
697 91
697 272
698 0
698 44
698 84
699 458
699 651
699 323
700 194
700 581
700 46
701 130
701 485
701 43
702 3
702 198
702 357
703 281
703 224
703 323
704 690
704 375
704 701
705 5
705 108
705 365
706 673
706 38
706 226
707 370
707 71
707 19
708 322
708 661
708 321
709 403
709 691
709 690
710 530
710 441
710 0
711 64
711 110
711 420
712 370
712 408
712 523
713 119
713 117
713 156
714 563
714 364
714 65
715 675
715 54
715 270
716 25
716 395
716 361
717 98
717 191
717 162
718 5
718 144
718 164
719 373
719 523
719 88
720 1
720 422
720 518
721 73
721 61
721 320
722 517
722 530
722 81
723 43
723 17
723 695
724 5
724 3
724 664
725 322
725 105
725 44
726 385
726 506
726 5
727 142
727 369
727 141
728 25
728 609
728 3
729 506
729 9
729 199
730 160
730 1
730 27
731 106
731 301
731 260
732 67
732 199
732 322
733 4
733 191
733 9
734 22
734 19
734 32
735 481
735 720
735 450
736 159
736 56
736 210
737 365
737 219
737 0
738 0
738 365
738 4
739 720
739 306
739 344
740 203
740 223
740 581
741 663
741 149
741 214
742 139
742 386
742 254
743 127
743 316
743 64
744 311
744 698
744 116
745 170
745 150
745 318
746 123
746 0
746 676
747 740
747 9
747 491
748 26
748 22
748 59
749 636
749 679
749 148
750 73
750 21
750 382
751 166
751 428
751 429
752 235
752 733
752 244
753 0
753 704
753 151
754 337
754 306
754 448
755 669
755 642
755 139
756 153
756 148
756 55
757 482
757 1
757 498
758 48
758 1
758 479
759 232
759 389
759 227
760 226
760 429
760 485
761 1
761 50
761 24
762 100
762 109
762 338
763 21
763 61
763 103
764 274
764 351
764 121
765 160
765 18
765 287
766 19
766 320
766 420
767 456
767 424
767 419
768 389
768 81
768 374
769 669
769 252
769 80
770 596
770 523
770 627
771 154
771 48
771 743
772 187
772 32
772 553
773 597
773 20
773 58
774 116
774 231
774 560
775 71
775 605
775 22
776 186
776 4
776 24
777 46
777 19
777 91
778 0
778 313
778 515
779 3
779 613
779 135
780 278
780 706
780 144
781 236
781 20
781 31
782 115
782 602
782 29
783 1
783 695
783 416
784 105
784 5
784 141
785 631
785 51
785 776
786 134
786 140
786 160
787 663
787 6
787 3
788 3
788 25
788 109
789 785
789 542
789 264
790 668
790 259
790 7
791 20
791 437
791 743
792 741
792 770
792 229
793 659
793 453
793 424
794 361
794 142
794 0
795 7
795 205
795 407
796 100
796 69
796 749
797 707
797 13
797 775
798 17
798 348
798 91
799 385
799 58
799 6
800 162
800 679
800 82
801 643
801 508
801 7
802 101
802 431
802 202
803 4
803 120
803 162
804 0
804 33
804 103
805 70
805 223
805 530
806 696
806 773
806 665
807 376
807 781
807 9
808 5
808 74
808 501
809 277
809 109
809 73
810 779
810 3
810 714
811 365
811 53
811 45
812 340
812 77
812 708
813 114
813 161
813 645
814 12
814 71
814 24
815 597
815 436
815 767
816 87
816 170
816 591
817 740
817 143
817 20
818 364
818 196
818 673
819 332
819 322
819 448
820 132
820 791
820 622
821 167
821 45
821 215
822 67
822 132
822 445
823 577
823 187
823 69
824 265
824 347
824 209
825 567
825 93
825 124
826 173
826 582
826 463
827 395
827 81
827 86
828 563
828 591
828 106
829 602
829 539
829 335
830 756
830 459
830 130
831 801
831 776
831 164
832 61
832 167
832 41
833 313
833 0
833 338
834 24
834 47
834 58
835 319
835 599
835 186
836 65
836 195
836 214
837 154
837 29
837 345
838 232
838 277
838 99
839 786
839 404
839 122
840 770
840 780
840 505
841 372
841 604
841 7
842 147
842 270
842 2
843 5
843 57
843 200
844 51
844 160
844 105
845 29
845 611
845 127
846 663
846 67
846 386
847 135
847 9
847 511
848 337
848 320
848 494
849 513
849 19
849 291
850 492
850 22
850 6
851 613
851 187
851 483
852 63
852 326
852 660
853 403
853 201
853 517
854 56
854 93
854 102
855 61
855 45
855 25
856 105
856 164
856 803
857 244
857 184
857 109
858 60
858 477
858 798
859 53
859 4
859 214
860 21
860 736
860 82
861 232
861 533
861 614
862 429
862 173
862 86
863 239
863 23
863 521
864 567
864 654
864 105
865 12
865 312
865 68
866 9
866 50
866 587
867 616
867 834
867 211
868 506
868 216
868 245
869 361
869 186
869 55
870 67
870 211
870 56
871 92
871 479
871 666
872 33
872 664
872 501
873 3
873 77
873 54
874 202
874 816
874 55
875 22
875 222
875 313
876 72
876 625
876 733
877 139
877 776
877 226
878 40
878 3
878 97
879 602
879 30
879 19
880 645
880 869
880 609
881 344
881 484
881 3
882 358
882 162
882 48
883 558
883 690
883 830
884 45
884 40
884 271
885 31
885 159
885 836
886 5
886 693
886 698
887 3
887 819
887 154
888 655
888 515
888 883
889 60
889 345
889 866
890 108
890 7
890 322
891 55
891 654
891 643
892 106
892 67
892 843
893 232
893 256
893 193
894 109
894 46
894 821
895 511
895 122
895 314
896 406
896 58
896 512
897 716
897 46
897 602
898 256
898 176
898 15
899 386
899 122
899 86
900 731
900 297
900 15
901 262
901 25
901 219
902 2
902 321
902 304
903 56
903 163
903 290
904 4
904 498
904 22
905 339
905 31
905 185
906 577
906 421
906 428
907 838
907 73
907 0
908 906
908 2
908 361
909 156
909 128
909 185
910 71
910 363
910 6
911 170
911 771
911 791
912 6
912 165
912 342
913 463
913 502
913 40
914 366
914 661
914 750
915 9
915 809
915 355
916 7
916 699
916 32
917 385
917 174
917 2
918 82
918 403
918 404
919 48
919 482
919 399
920 408
920 236
920 114
921 167
921 12
921 299
922 393
922 689
922 358
923 25
923 24
923 780
924 776
924 907
924 653
925 24
925 60
925 29
926 31
926 753
926 622
927 693
927 170
927 7
928 714
928 169
928 786
929 325
929 706
929 45
930 886
930 338
930 9
931 1
931 44
931 290
932 546
932 724
932 238
933 82
933 293
933 194
934 147
934 840
934 267
935 644
935 257
935 1
936 817
936 99
936 7
937 413
937 789
937 292
938 653
938 588
938 7
939 129
939 412
939 572
940 74
940 3
940 150
941 160
941 2
941 248
942 506
942 415
942 101
943 2
943 215
943 347
944 328
944 3
944 774
945 254
945 647
945 2
946 20
946 86
946 12
947 497
947 32
947 10
948 7
948 753
948 15
949 40
949 58
949 579
950 6
950 784
950 562
951 191
951 869
951 58
952 143
952 118
952 63
953 349
953 486
953 3
954 635
954 83
954 323
955 652
955 222
955 19
956 117
956 920
956 106
957 938
957 45
957 340
958 906
958 564
958 96
959 800
959 294
959 395
960 6
960 1
960 5
961 6
961 230
961 123
962 925
962 3
962 206
963 156
963 0
963 15
964 504
964 6
964 12
965 267
965 322
965 39
966 3
966 12
966 708
967 130
967 261
967 154
968 478
968 160
968 104
969 19
969 0
969 931
970 457
970 777
970 84
971 477
971 67
971 318
972 347
972 652
972 921
973 555
973 690
973 189
974 543
974 340
974 724
975 263
975 873
975 452
976 135
976 76
976 781
977 858
977 1
977 315
978 411
978 72
978 530
979 0
979 40
979 924
980 621
980 578
980 385
981 56
981 0
981 50
982 479
982 256
982 311
983 0
983 1
983 238
984 554
984 53
984 86
985 356
985 951
985 143
986 313
986 436
986 120
987 134
987 14
987 9
988 266
988 17
988 928
989 965
989 265
989 780
990 756
990 225
990 402
991 692
991 48
991 604
992 112
992 457
992 273
993 311
993 611
993 19
994 67
994 800
994 194
995 849
995 934
995 5
996 395
996 957
996 0
997 446
997 207
997 119
998 31
998 777
998 25
999 22
999 160
999 170
