1 0
2 0
2 1
3 0
3 2
3 1
4 1
4 2
4 3
5 3
5 1
5 0
6 0
6 1
6 3
7 2
7 1
7 5
8 0
8 1
8 5
9 5
9 1
9 6
10 8
10 0
10 9
11 5
11 4
11 1
12 1
12 0
12 5
13 0
13 2
13 5
14 5
14 10
14 1
15 2
15 0
15 6
16 15
16 9
16 1
17 0
17 2
17 11
18 3
18 17
18 8
19 1
19 0
19 11
20 18
20 0
20 9
21 12
21 9
21 6
22 13
22 6
22 9
23 16
23 6
23 9
24 10
24 6
24 4
25 0
25 6
25 2
26 5
26 1
26 20
27 5
27 1
27 3
28 0
28 2
28 5
29 11
29 22
29 5
30 0
30 5
30 1
31 18
31 2
31 30
32 5
32 0
32 22
33 0
33 3
33 4
34 6
34 5
34 16
35 34
35 18
35 15
36 9
36 23
36 17
37 31
37 2
37 5
38 18
38 36
38 1
39 1
39 10
39 0
40 24
40 0
40 26
41 12
41 0
41 1
42 1
42 0
42 34
43 40
43 12
43 0
44 1
44 22
44 12
45 38
45 18
45 15
46 19
46 0
46 30
47 3
47 44
47 0
48 0
48 19
48 2
49 6
49 34
49 0
