0 1
0 2
0 3
0 4
1 0
1 2
1 3
1 4
2 1
2 0
2 3
2 4
3 1
3 2
3 0
3 5
4 0
4 1
4 2
4 7
5 3
5 2
5 0
5 8
6 2
6 0
6 3
6 10
7 0
7 1
7 4
7 16
8 3
8 2
8 5
8 9
9 3
9 0
9 8
9 18
10 0
10 8
10 6
10 19
11 3
11 0
11 1
11 14
12 0
12 3
12 2
12 13
13 12
13 2
13 0
13 37
14 2
14 11
14 3
14 17
15 2
15 0
15 1
15 24
16 3
16 0
16 7
16 18
17 14
17 7
17 3
17 20
18 9
18 3
18 16
18 26
19 10
19 1
19 3
19 28
20 5
20 8
20 17
20 31
21 8
21 9
21 0
21 41
22 17
22 1
22 5
22 23
23 0
23 22
23 4
23 28
24 4
24 7
24 15
24 52
25 14
25 3
25 1
25 32
26 3
26 18
26 6
26 46
27 8
27 4
27 17
27 43
28 19
28 23
28 0
28 54
29 16
29 8
29 0
29 247
30 2
30 16
30 0
30 31
31 20
31 30
31 12
31 43
32 0
32 25
32 14
32 386
33 4
33 2
33 19
33 39
34 25
34 16
34 7
34 51
35 14
35 7
35 25
36 1
36 20
36 0
37 0
37 8
37 13
37 264
38 9
38 13
38 3
38 173
39 33
39 16
39 7
39 71
40 0
40 5
40 20
40 42
41 6
41 21
41 7
41 58
42 40
42 0
42 15
42 44
43 31
43 2
43 27
43 106
44 42
44 0
44 1
44 69
45 4
45 16
45 12
45 108
46 42
46 26
46 5
46 452
47 16
47 19
47 17
47 143
48 20
48 8
48 0
48 102
49 5
49 19
49 8
49 158
50 0
50 19
50 1
50 150
51 34
51 33
51 26
51 53
52 24
52 16
52 2
52 55
53 5
53 8
53 51
53 135
54 14
54 28
54 16
54 81
55 22
55 52
55 23
55 64
56 20
56 7
56 18
56 92
57 7
57 16
57 11
57 63
58 1
58 25
58 41
58 95
59 0
59 2
59 16
59 66
60 3
60 33
60 12
60 367
61 42
61 40
61 8
61 81
62 4
62 16
62 2
62 112
63 40
63 17
63 57
63 81
64 2
64 55
64 28
64 97
65 14
65 25
65 0
65 71
66 59
66 0
66 24
66 70
67 8
67 0
67 40
67 185
68 3
68 40
68 55
68 278
69 28
69 44
69 4
69 117
70 24
70 66
70 41
70 72
71 65
71 4
71 39
71 114
72 20
72 2
72 70
72 82
73 51
73 8
73 12
73 83
74 5
74 24
74 44
74 78
75 1
75 17
75 14
75 107
76 31
76 25
76 8
76 245
77 2
77 14
77 31
77 179
78 8
78 74
78 27
78 184
79 28
79 39
79 16
79 191
80 20
80 8
80 42
80 90
81 63
81 61
81 54
81 88
82 18
82 72
82 66
82 100
83 73
83 0
83 24
83 128
84 33
84 20
84 44
84 86
85 10
85 4
85 42
85 114
86 84
86 12
86 16
86 136
87 33
87 4
87 73
87 149
88 9
88 81
88 14
88 110
89 28
89 7
89 25
89 104
90 2
90 3
90 80
90 105
91 42
91 8
91 0
91 436
92 4
92 56
92 55
92 122
93 65
93 81
93 19
93 154
94 5
94 55
94 20
94 96
95 2
95 81
95 58
95 155
96 0
96 16
96 94
96 147
97 0
97 7
97 64
97 152
98 28
98 5
98 12
98 132
99 23
99 3
99 15
100 73
100 16
100 82
100 241
101 3
101 59
101 94
101 347
102 0
102 44
102 48
102 472
103 8
103 16
103 84
103 116
104 8
104 20
104 89
104 106
105 90
105 80
105 1
106 8
106 104
106 43
106 181
107 75
107 3
107 39
107 214
108 45
108 19
108 70
108 160
109 3
109 10
109 4
109 181
110 84
110 88
110 3
110 128
111 17
111 51
111 58
111 222
112 42
112 62
112 84
112 184
113 21
113 6
113 82
113 124
114 85
114 16
114 71
114 136
115 33
115 16
115 42
115 151
116 0
116 103
116 5
116 165
117 0
117 69
117 58
117 154
118 1
118 0
118 85
118 237
119 65
119 81
119 44
119 269
120 24
120 1
120 6
120 384
121 41
121 44
121 14
121 138
122 44
122 42
122 92
122 201
123 89
123 10
123 19
123 344
124 42
124 113
124 58
124 145
125 28
125 0
125 43
125 197
126 65
126 19
126 15
126 156
127 51
127 0
127 94
128 80
128 110
128 83
128 141
129 0
129 44
129 5
129 302
130 23
130 8
130 69
130 132
131 15
131 66
131 1
131 223
132 98
132 130
132 12
132 178
133 56
133 42
133 18
133 160
134 48
134 85
134 6
134 215
135 83
135 2
135 53
135 202
136 23
136 114
136 86
136 144
137 51
137 23
137 2
137 283
138 121
138 84
138 55
138 188
139 43
139 39
139 110
139 304
140 8
140 7
140 85
140 248
141 128
141 113
141 23
142 43
142 55
142 10
142 182
143 47
143 121
143 2
143 188
144 136
144 27
144 16
145 7
145 124
145 16
145 243
146 8
146 52
146 71
147 96
147 41
147 98
147 157
148 8
148 4
148 41
148 149
149 87
149 148
149 103
149 186
150 64
150 50
150 86
150 246
151 115
151 82
151 5
151 183
152 48
152 97
152 1
152 299
153 50
153 4
153 55
153 234
154 10
154 93
154 117
154 174
155 21
155 11
155 95
155 226
156 16
156 126
156 88
157 117
157 147
157 3
157 196
158 25
158 49
158 53
158 177
159 71
159 110
159 0
159 483
160 133
160 59
160 108
160 269
161 113
161 39
161 8
161 252
162 70
162 8
162 86
163 55
163 15
163 17
163 334
164 14
164 20
164 115
165 116
165 71
165 136
165 285
166 65
166 59
166 82
166 384
167 24
167 2
167 6
167 395
168 61
168 86
168 126
168 213
169 51
169 39
169 8
169 170
170 9
170 128
170 169
170 248
171 133
171 80
171 20
171 343
172 80
172 11
172 10
172 198
173 10
173 38
173 4
173 289
174 39
174 71
174 154
174 454
175 42
175 80
175 8
175 401
176 50
176 4
176 83
176 230
177 98
177 158
177 95
177 276
178 27
178 113
178 132
178 337
179 136
179 77
179 132
179 213
180 0
180 84
180 24
180 360
181 80
181 109
181 106
181 193
182 3
182 142
182 43
182 206
183 59
183 151
183 24
183 399
184 126
184 112
184 78
184 223
185 64
185 94
185 67
185 338
186 149
186 54
186 109
186 221
187 6
187 85
187 14
187 203
188 138
188 44
188 143
188 231
189 33
189 169
189 26
190 158
190 59
190 65
191 79
191 63
191 88
191 195
192 2
192 59
192 12
193 13
193 181
193 20
193 470
194 42
194 12
194 1
195 114
195 191
195 42
195 357
196 24
196 6
196 157
196 434
197 8
197 4
197 125
197 233
198 26
198 74
198 172
198 365
199 124
199 172
199 82
199 315
200 2
200 39
200 59
200 216
201 96
201 122
201 67
201 208
202 42
202 135
202 138
202 268
203 47
203 0
203 187
203 301
204 114
204 84
204 39
204 205
205 143
205 204
205 1
205 478
206 143
206 182
206 34
206 244
207 84
207 0
207 11
207 407
208 75
208 3
208 201
208 422
209 55
209 15
209 128
209 338
210 19
210 151
210 55
211 94
211 74
211 143
212 80
212 21
212 18
213 179
213 168
213 82
213 230
214 124
214 107
214 191
214 314
215 31
215 70
215 134
215 413
216 200
216 63
216 23
216 218
217 39
217 96
217 81
217 240
218 94
218 216
218 8
218 394
219 28
219 125
219 0
219 387
220 38
220 58
220 71
221 103
221 186
221 49
221 411
222 111
222 38
222 168
222 304
223 131
223 26
223 184
224 121
224 24
224 5
225 182
225 104
225 4
226 155
226 23
226 3
226 306
227 98
227 13
227 12
227 251
228 8
228 149
228 50
228 243
229 130
229 23
229 9
229 335
230 213
230 176
230 14
230 357
231 188
231 33
231 133
231 290
232 49
232 81
232 28
232 306
233 62
233 197
233 3
234 7
234 64
234 153
234 286
235 20
235 18
235 75
236 21
236 80
236 124
236 371
237 117
237 118
237 81
237 450
238 172
238 20
238 40
238 274
239 1
239 86
239 114
239 465
240 17
240 217
240 72
241 42
241 44
241 100
241 425
242 197
242 204
242 213
243 228
243 145
243 81
243 337
244 63
244 83
244 206
244 403
245 24
245 76
245 9
246 150
246 14
246 213
246 262
247 59
247 29
247 83
247 333
248 140
248 26
248 170
248 287
249 1
249 5
249 66
250 7
250 172
250 1
250 342
251 227
251 85
251 44
251 296
252 42
252 161
252 15
252 329
253 188
253 9
253 4
254 28
254 8
254 103
255 28
255 8
255 5
256 1
256 13
256 23
256 266
257 138
257 104
257 187
258 114
258 140
258 14
258 275
259 51
259 184
259 14
259 267
260 78
260 213
260 63
261 1
261 19
261 115
261 340
262 43
262 55
262 246
262 291
263 2
263 31
263 3
264 56
264 37
264 86
264 314
265 114
265 77
265 128
265 282
266 256
266 95
266 4
267 259
267 2
267 216
268 86
268 202
268 53
269 160
269 0
269 119
269 473
270 50
270 8
270 56
270 275
271 83
271 22
271 17
271 287
272 17
272 103
272 64
273 6
273 169
273 24
273 396
274 12
274 49
274 238
274 283
275 270
275 258
275 78
276 24
276 177
276 5
276 468
277 31
277 26
277 187
278 88
278 68
278 14
278 316
279 20
279 131
279 1
280 82
280 53
280 1
281 58
281 10
281 71
281 341
282 14
282 265
282 8
282 455
283 67
283 137
283 274
284 25
284 38
284 150
284 349
285 238
285 165
285 168
285 355
286 149
286 234
286 130
286 292
287 103
287 271
287 248
288 8
288 11
288 2
288 326
289 65
289 23
289 173
289 378
290 75
290 8
290 231
290 317
291 262
291 54
291 18
291 416
292 6
292 286
292 84
292 303
293 13
293 213
293 5
293 303
294 63
294 58
294 6
294 316
295 38
295 82
295 26
296 6
296 251
296 71
296 417
297 64
297 80
297 69
297 448
298 72
298 1
298 169
298 310
299 52
299 104
299 152
300 24
300 39
300 181
301 203
301 20
301 62
302 37
302 51
302 129
303 293
303 64
303 292
303 351
304 139
304 16
304 222
304 328
305 51
305 1
305 21
306 232
306 226
306 148
306 374
307 7
307 42
307 19
307 341
308 142
308 125
308 0
309 8
309 0
309 3
309 324
310 151
310 298
310 121
310 348
311 112
311 58
311 0
312 179
312 9
312 133
313 55
313 126
313 132
313 336
314 23
314 214
314 264
314 353
315 57
315 44
315 199
315 406
316 278
316 90
316 294
316 370
317 72
317 1
317 290
317 322
318 286
318 42
318 203
319 82
319 7
319 28
320 1
320 55
320 278
321 2
321 213
321 29
322 130
322 317
322 1
322 421
323 24
323 0
323 43
323 380
324 71
324 309
324 43
324 459
325 135
325 43
325 0
326 288
326 131
326 0
326 405
327 256
327 40
327 23
327 412
328 304
328 42
328 140
328 422
329 64
329 252
329 27
329 373
330 39
330 136
330 11
330 415
331 95
331 76
331 116
331 494
332 0
332 44
332 82
333 247
333 126
333 80
334 24
334 163
334 42
334 342
335 51
335 229
335 8
336 69
336 313
336 28
336 476
337 12
337 178
337 243
337 450
338 264
338 185
338 209
338 430
339 15
339 143
339 238
339 352
340 41
340 261
340 1
341 65
341 281
341 307
341 433
342 334
342 250
342 8
343 142
343 171
343 38
343 354
344 123
344 172
344 11
344 402
345 191
345 65
345 138
346 278
346 107
346 38
347 150
347 101
347 62
348 136
348 310
348 107
348 483
349 197
349 3
349 284
350 186
350 171
350 39
351 184
351 234
351 303
351 390
352 339
352 8
352 261
353 169
353 314
353 43
353 477
354 17
354 343
354 47
355 153
355 62
355 285
355 449
356 313
356 124
356 31
356 443
357 115
357 195
357 230
357 389
358 86
358 8
358 142
359 292
359 37
359 2
360 180
360 103
360 47
360 492
361 204
361 0
361 314
362 71
362 5
362 142
363 3
363 187
363 290
364 214
364 128
364 84
364 428
365 198
365 143
365 44
366 97
366 187
366 83
367 60
367 1
367 278
368 217
368 4
368 154
369 1
369 163
369 24
370 114
370 316
370 129
371 236
371 84
371 62
372 47
372 57
372 10
372 388
373 152
373 173
373 329
374 8
374 306
374 155
375 199
375 45
375 206
375 409
376 71
376 43
376 77
377 43
377 231
377 5
378 148
378 316
378 289
379 243
379 216
379 81
380 323
380 41
380 96
380 392
381 309
381 1
381 71
381 397
382 60
382 104
382 44
383 42
383 40
383 43
383 401
384 120
384 166
384 209
385 187
385 83
385 0
385 395
386 181
386 32
386 13
386 401
387 219
387 213
387 44
388 343
388 372
388 304
389 187
389 170
389 357
389 494
390 286
390 5
390 351
390 454
391 231
391 9
391 195
392 380
392 0
392 89
393 288
393 176
393 158
394 218
394 120
394 289
394 462
395 167
395 250
395 385
396 53
396 273
396 247
397 307
397 381
397 3
397 432
398 120
398 98
398 132
399 313
399 66
399 183
399 481
400 21
400 16
400 69
401 175
401 386
401 383
402 55
402 344
402 118
403 244
403 191
403 147
404 40
404 381
404 8
404 405
405 326
405 123
405 404
406 89
406 315
406 158
406 457
407 88
407 207
407 16
408 62
408 18
408 158
409 313
409 385
409 375
409 464
410 243
410 250
410 44
410 475
411 221
411 1
411 28
412 327
412 247
412 55
412 466
413 281
413 215
413 351
414 154
414 117
414 179
415 27
415 330
415 285
416 169
416 291
416 1
417 296
417 115
417 92
418 9
418 204
418 44
419 82
419 17
419 151
420 286
420 138
420 107
421 329
421 24
421 322
422 208
422 328
422 44
423 53
423 76
423 62
424 230
424 111
424 309
425 202
425 0
425 241
425 491
426 307
426 28
426 258
427 80
427 241
427 250
427 449
428 364
428 195
428 86
429 71
429 44
429 97
430 0
430 173
430 338
431 284
431 289
431 100
431 474
432 58
432 397
432 103
433 341
433 7
433 108
434 343
434 126
434 196
435 83
435 65
435 204
436 173
436 91
436 142
436 445
437 14
437 16
437 229
438 313
438 0
438 96
439 131
439 14
439 154
440 231
440 296
440 8
440 476
441 150
441 158
441 53
442 307
442 334
442 19
443 94
443 55
443 356
444 32
444 334
444 26
445 3
445 436
445 13
446 6
446 81
446 185
447 147
447 5
447 214
447 463
448 297
448 47
448 209
448 455
449 427
449 132
449 355
449 471
450 337
450 237
450 121
451 310
451 131
451 64
452 46
452 71
452 343
452 482
453 79
453 121
453 44
454 20
454 174
454 390
455 282
455 55
455 448
456 107
456 3
456 158
457 40
457 1
457 406
458 70
458 153
458 74
458 499
459 200
459 324
459 123
460 106
460 18
460 65
461 23
461 45
461 30
462 134
462 394
462 247
463 23
463 3
463 447
464 409
464 297
464 107
465 140
465 135
465 239
465 484
466 8
466 178
466 412
467 288
467 214
467 108
467 491
468 276
468 1
468 121
469 3
469 58
469 16
470 32
470 39
470 193
471 183
471 449
471 19
472 175
472 102
472 47
473 2
473 351
473 269
474 40
474 304
474 431
475 86
475 215
475 410
476 440
476 336
476 26
477 353
477 83
477 39
478 37
478 205
478 33
479 58
479 234
479 90
480 82
480 202
480 94
481 399
481 288
481 171
482 155
482 390
482 452
483 159
483 348
483 55
484 431
484 30
484 465
485 28
485 1
485 351
486 50
486 9
486 74
487 151
487 239
487 221
488 172
488 237
488 1
489 285
489 7
489 323
490 72
490 86
490 12
491 51
491 425
491 467
492 145
492 360
492 58
493 3
493 0
493 5
494 57
494 331
494 389
495 2
495 7
495 62
496 3
496 351
496 172
497 82
497 310
497 115
498 24
498 63
498 40
499 278
499 355
499 458
