0 1
1 0
2 1
2 0
3 2
3 0
3 1
4 1
4 0
4 3
5 0
5 2
5 4
6 0
6 5
6 2
7 0
7 2
7 5
8 0
8 2
8 6
9 3
9 0
9 2
10 2
10 4
10 8
11 0
11 5
11 2
12 0
12 1
12 10
13 2
13 3
13 7
14 13
14 5
14 1
15 3
15 11
15 9
16 7
16 6
16 0
17 10
17 4
17 3
18 4
18 12
18 9
19 7
19 14
19 2
20 4
20 3
20 0
21 14
21 3
21 0
22 17
22 0
22 21
23 9
23 8
23 0
24 8
24 0
24 3
25 2
25 1
25 3
26 20
26 2
26 7
27 9
27 0
27 2
28 3
28 2
28 1
29 2
29 4
29 12
30 13
30 20
30 0
31 2
31 22
31 29
32 15
32 3
32 26
33 2
33 1
33 4
34 7
34 27
34 5
35 19
35 2
35 7
36 21
36 1
36 0
37 9
37 2
37 21
38 7
38 25
38 28
39 7
39 13
39 6
40 38
40 0
40 18
41 14
41 0
41 4
42 25
42 4
42 3
43 3
43 1
43 13
44 5
44 0
44 2
45 35
45 8
45 6
46 9
46 28
46 1
47 22
47 1
47 44
48 40
48 0
48 8
49 6
49 2
49 0
50 8
50 7
50 0
51 42
51 21
51 6
52 2
52 0
52 51
53 2
53 14
53 0
54 4
54 38
54 53
55 2
55 39
55 8
56 37
56 49
56 13
57 17
57 14
57 54
58 56
58 38
58 1
59 20
59 0
59 38
60 2
60 8
60 0
61 46
61 8
61 2
62 30
62 51
62 43
63 7
63 24
63 19
64 40
64 0
64 7
65 1
65 0
65 2
66 13
66 63
66 0
67 8
67 21
67 2
68 53
68 0
68 38
69 9
69 2
69 43
70 18
70 17
70 50
71 31
71 38
71 68
72 17
72 24
72 18
73 11
73 10
73 0
74 1
74 53
74 13
75 21
75 7
75 1
76 31
76 7
76 53
77 0
77 4
77 13
78 30
78 63
78 10
79 58
79 39
79 54
80 2
80 6
80 29
81 60
81 20
81 63
82 7
82 4
82 40
83 11
83 70
83 68
84 6
84 38
84 50
85 41
85 28
85 76
86 13
86 8
86 1
87 40
87 68
87 21
88 51
88 54
88 40
89 86
89 2
89 0
90 32
90 61
90 51
91 60
91 40
91 63
92 8
92 0
92 31
93 1
93 21
93 66
94 46
94 3
94 8
95 2
95 61
95 51
96 78
96 2
96 3
97 60
97 28
97 1
98 0
98 60
98 7
99 19
99 6
99 0
100 50
100 53
100 35
101 32
101 2
101 21
102 4
102 33
102 57
103 2
103 34
103 0
104 24
104 1
104 49
105 78
105 44
105 56
106 87
106 33
106 6
107 1
107 6
107 0
108 94
108 54
108 42
109 51
109 41
109 7
110 2
110 108
110 5
111 1
111 0
111 68
112 64
112 0
112 58
113 40
113 48
113 58
114 46
114 44
114 33
115 88
115 49
115 98
116 1
116 78
116 64
117 0
117 40
117 30
118 100
118 73
118 89
119 78
119 20
119 0
120 0
120 2
120 11
121 1
121 13
121 98
122 6
122 92
122 51
123 56
123 2
123 46
124 0
124 68
124 18
125 13
125 43
125 89
126 83
126 64
126 24
127 103
127 84
127 0
128 66
128 102
128 7
129 78
129 4
129 63
130 41
130 0
130 55
131 52
131 43
131 38
132 1
132 4
132 17
133 12
133 47
133 117
134 0
134 9
134 64
135 40
135 41
135 103
136 88
136 104
136 29
137 15
137 103
137 39
138 5
138 2
138 6
139 65
139 66
139 2
140 1
140 4
140 103
141 21
141 40
141 52
142 5
142 2
142 3
143 28
143 92
143 140
144 84
144 76
144 82
145 114
145 129
145 39
146 34
146 0
146 120
147 51
147 11
147 34
148 41
148 53
148 0
149 3
149 12
149 0
150 130
150 12
150 38
151 12
151 54
151 1
152 25
152 60
152 30
153 4
153 23
153 8
154 25
154 111
154 35
155 38
155 21
155 64
156 70
156 1
156 78
157 2
157 65
157 21
158 121
158 131
158 68
159 22
159 65
159 3
160 122
160 0
160 4
161 53
161 42
161 41
162 46
162 4
162 2
163 51
163 154
163 36
164 2
164 30
164 52
165 40
165 69
165 87
166 44
166 74
166 39
167 4
167 0
167 11
168 64
168 2
168 40
169 46
169 4
169 65
170 144
170 21
170 10
171 21
171 166
171 10
172 166
172 3
172 4
173 5
173 170
173 43
174 123
174 2
174 43
175 40
175 161
175 69
176 22
176 116
176 0
177 12
177 157
177 42
178 10
178 1
178 11
179 41
179 53
179 78
180 40
180 114
180 24
181 68
181 12
181 53
182 148
182 94
182 39
183 158
183 7
183 44
184 81
184 96
184 0
185 13
185 58
185 0
186 41
186 11
186 173
187 0
187 80
187 158
188 93
188 30
188 94
189 63
189 44
189 13
190 13
190 42
190 43
191 54
191 21
191 6
192 48
192 5
192 156
193 140
193 66
193 7
194 182
194 140
194 9
195 26
195 6
195 4
196 143
196 10
196 139
197 157
197 169
197 192
198 151
198 148
198 30
199 20
199 0
199 57
200 0
200 7
200 46
201 0
201 40
201 126
202 127
202 0
202 44
203 0
203 92
203 173
204 49
204 128
204 18
205 2
205 53
205 157
206 140
206 78
206 161
207 6
207 53
207 87
208 178
208 48
208 5
209 187
209 34
209 10
210 185
210 0
210 7
211 46
211 0
211 4
212 0
212 19
212 30
213 68
213 211
213 118
214 67
214 82
214 206
215 191
215 25
215 55
216 62
216 0
216 43
217 3
217 173
217 1
218 121
218 12
218 51
219 17
219 29
219 209
220 12
220 3
220 148
221 24
221 171
221 125
222 170
222 30
222 45
223 0
223 100
223 2
224 86
224 136
224 18
225 85
225 51
225 153
226 18
226 53
226 12
227 2
227 3
227 126
228 66
228 31
228 17
229 52
229 118
229 5
230 76
230 40
230 1
231 88
231 49
231 171
232 0
232 64
232 30
233 144
233 18
233 0
234 5
234 7
234 131
235 30
235 77
235 0
236 41
236 32
236 4
237 85
237 231
237 7
238 127
238 136
238 223
239 38
239 136
239 12
240 10
240 57
240 3
241 39
241 155
241 12
242 0
242 95
242 1
243 64
243 85
243 140
244 125
244 108
244 54
245 63
245 50
245 7
246 4
246 14
246 186
247 61
247 117
247 159
248 7
248 155
248 9
249 223
249 214
249 1
250 182
250 41
250 0
251 0
251 145
251 4
252 103
252 175
252 181
253 63
253 194
253 88
254 216
254 85
254 40
255 63
255 118
255 44
256 44
256 164
256 34
257 210
257 153
257 175
258 40
258 175
258 232
259 87
259 85
259 50
260 88
260 41
260 256
261 52
261 68
261 8
262 2
262 73
262 17
263 177
263 252
263 79
264 0
264 9
264 77
265 46
265 47
265 24
266 106
266 1
266 23
267 173
267 200
267 64
268 0
268 87
268 24
269 203
269 3
269 0
270 69
270 161
270 115
271 233
271 137
271 88
272 192
272 68
272 83
273 200
273 68
273 21
274 13
274 4
274 142
275 68
275 173
275 220
276 250
276 189
276 185
277 0
277 145
277 112
278 46
278 68
278 1
279 174
279 48
279 100
280 10
280 9
280 41
281 111
281 66
281 165
282 44
282 3
282 7
283 91
283 39
283 272
284 39
284 66
284 100
285 155
285 1
285 39
286 271
286 51
286 1
287 69
287 3
287 44
288 143
288 46
288 77
289 82
289 10
289 14
290 217
290 175
290 1
291 4
291 147
291 22
292 11
292 209
292 53
293 1
293 53
293 157
294 230
294 88
294 3
295 88
295 166
295 130
296 96
296 234
296 289
297 155
297 102
297 244
298 18
298 31
298 224
299 0
299 7
299 54
300 278
300 57
300 149
301 1
301 54
301 88
302 224
302 38
302 81
303 95
303 30
303 88
304 224
304 205
304 196
305 192
305 108
305 62
306 132
306 194
306 47
307 18
307 220
307 217
308 7
308 8
308 15
309 140
309 109
309 13
310 164
310 30
310 117
311 5
311 44
311 155
312 4
312 103
312 239
313 30
313 118
313 41
314 38
314 6
314 49
315 10
315 255
315 214
316 228
316 2
316 3
317 218
317 8
317 60
318 63
318 124
318 28
319 119
319 0
319 297
320 125
320 17
320 41
321 8
321 2
321 53
322 5
322 130
322 1
323 30
323 42
323 148
324 168
324 20
324 211
325 117
325 319
325 54
326 221
326 93
326 17
327 8
327 275
327 3
328 163
328 51
328 173
329 41
329 297
329 60
330 5
330 41
330 61
331 163
331 66
331 21
332 298
332 13
332 32
333 11
333 0
333 94
334 30
334 21
334 0
335 68
335 321
335 3
336 60
336 89
336 209
337 143
337 8
337 46
338 0
338 132
338 235
339 0
339 290
339 72
340 282
340 266
340 76
341 67
341 121
341 17
342 54
342 94
342 223
343 24
343 28
343 335
344 53
344 5
344 77
345 148
345 5
345 287
346 0
346 5
346 82
347 209
347 53
347 115
348 85
348 181
348 27
349 146
349 1
349 102
350 53
350 143
350 27
351 2
351 102
351 213
352 247
352 43
352 209
353 131
353 68
353 5
354 187
354 163
354 182
355 24
355 64
355 84
356 5
356 4
356 101
357 120
357 114
357 76
358 155
358 26
358 192
359 30
359 53
359 47
360 355
360 30
360 2
361 126
361 1
361 4
362 76
362 30
362 298
363 0
363 157
363 47
364 5
364 43
364 6
365 54
365 0
365 150
366 77
366 138
366 1
367 3
367 343
367 211
368 284
368 243
368 158
369 105
369 173
369 211
370 21
370 185
370 262
371 100
371 139
371 309
372 338
372 281
372 246
373 55
373 246
373 0
374 0
374 41
374 52
375 9
375 247
375 8
376 221
376 193
376 269
377 249
377 99
377 52
378 103
378 148
378 252
379 175
379 2
379 56
380 55
380 369
380 217
381 268
381 224
381 156
382 1
382 333
382 38
383 0
383 2
383 50
384 100
384 41
384 144
385 359
385 211
385 96
386 4
386 64
386 220
387 1
387 214
387 52
388 327
388 117
388 8
389 196
389 74
389 6
390 160
390 174
390 163
391 171
391 60
391 17
392 42
392 16
392 304
393 224
393 136
393 68
394 149
394 221
394 74
395 258
395 7
395 187
396 54
396 220
396 64
397 251
397 136
397 21
398 285
398 237
398 106
399 2
399 125
399 39
400 28
400 53
400 2
401 249
401 343
401 25
402 187
402 30
402 287
403 2
403 326
403 91
404 112
404 240
404 2
405 211
405 2
405 155
406 76
406 89
406 160
407 43
407 6
407 68
408 0
408 256
408 257
409 60
409 368
409 9
410 109
410 97
410 392
411 0
411 8
411 293
412 30
412 136
412 0
413 60
413 358
413 103
414 46
414 16
414 0
415 94
415 209
415 6
416 411
416 60
416 63
417 4
417 399
417 38
418 349
418 18
418 282
419 179
419 1
419 88
420 330
420 10
420 44
421 284
421 117
421 311
422 94
422 117
422 74
423 46
423 64
423 321
424 295
424 76
424 271
425 78
425 63
425 79
426 53
426 40
426 123
427 156
427 23
427 328
428 361
428 337
428 3
429 87
429 13
429 145
430 302
430 352
430 47
431 119
431 78
431 17
432 57
432 2
432 324
433 74
433 0
433 85
434 65
434 97
434 400
435 7
435 126
435 145
436 117
436 211
436 85
437 226
437 47
437 126
438 41
438 365
438 0
439 87
439 131
439 63
440 7
440 12
440 43
441 341
441 217
441 44
442 211
442 393
442 102
443 373
443 49
443 356
444 48
444 418
444 3
445 189
445 30
445 28
446 357
446 261
446 94
447 230
447 0
447 272
448 140
448 120
448 77
449 243
449 234
449 77
450 209
450 217
450 41
451 1
451 143
451 68
452 139
452 347
452 365
453 0
453 405
453 96
454 220
454 103
454 309
455 2
455 403
455 301
456 209
456 49
456 181
457 0
457 251
457 38
458 297
458 151
458 78
459 48
459 64
459 113
460 2
460 7
460 52
461 269
461 267
461 155
462 440
462 54
462 8
463 60
463 163
463 295
464 49
464 5
464 274
465 126
465 175
465 8
466 11
466 118
466 44
467 335
467 200
467 30
468 30
468 350
468 133
469 242
469 76
469 42
470 141
470 386
470 262
471 117
471 160
471 64
472 346
472 40
472 86
473 54
473 334
473 22
474 265
474 270
474 44
475 53
475 2
475 118
476 5
476 49
476 190
477 20
477 53
477 132
478 41
478 165
478 2
479 42
479 9
479 213
480 5
480 64
480 158
481 0
481 162
481 43
482 305
482 392
482 431
483 157
483 1
483 115
484 4
484 167
484 408
485 30
485 257
485 187
486 41
486 17
486 28
487 215
487 40
487 478
488 200
488 41
488 123
489 19
489 52
489 1
490 396
490 112
490 114
491 467
491 30
491 269
492 1
492 126
492 290
493 125
493 1
493 2
494 118
494 382
494 211
495 378
495 126
495 393
496 178
496 21
496 188
497 51
497 58
497 42
498 41
498 92
498 77
499 5
499 211
499 153
500 9
500 343
500 0
501 18
501 54
501 3
502 278
502 3
502 11
503 0
503 96
503 195
504 13
504 21
504 96
505 1
505 112
505 229
506 2
506 98
506 121
507 460
507 21
507 1
508 193
508 265
508 79
509 501
509 7
509 54
510 409
510 256
510 8
511 432
511 259
511 9
512 209
512 3
512 248
513 409
513 21
513 270
514 7
514 312
514 0
515 333
515 418
515 513
516 28
516 66
516 243
517 150
517 0
517 12
518 343
518 155
518 48
519 6
519 2
519 505
520 91
520 199
520 0
521 8
521 59
521 240
522 132
522 166
522 271
523 518
523 115
523 196
524 436
524 403
524 52
525 77
525 5
525 25
526 245
526 151
526 4
527 6
527 205
527 25
528 49
528 5
528 7
529 102
529 2
529 94
530 56
530 470
530 30
531 0
531 58
531 49
532 370
532 297
532 49
533 53
533 23
533 0
534 197
534 12
534 145
535 249
535 403
535 205
536 17
536 28
536 283
537 40
537 136
537 42
538 89
538 31
538 223
539 44
539 39
539 36
540 48
540 327
540 8
541 53
541 391
541 0
542 472
542 25
542 2
543 100
543 263
543 284
544 120
544 467
544 111
545 192
545 461
545 138
546 6
546 104
546 525
547 40
547 479
547 449
548 9
548 251
548 4
549 132
549 419
549 535
550 30
550 60
550 20
551 242
551 519
551 516
552 30
552 417
552 3
553 113
553 399
553 3
554 295
554 308
554 4
555 492
555 78
555 329
556 374
556 217
556 340
557 537
557 250
557 138
558 554
558 425
558 370
559 365
559 491
559 2
560 84
560 374
560 146
561 331
561 386
561 52
562 9
562 57
562 3
563 46
563 137
563 2
564 395
564 217
564 333
565 0
565 140
565 48
566 459
566 161
566 117
567 137
567 423
567 276
568 520
568 113
568 1
569 0
569 400
569 297
570 21
570 353
570 42
571 48
571 232
571 80
572 58
572 140
572 145
573 525
573 92
573 374
574 2
574 68
574 207
575 433
575 84
575 2
576 260
576 303
576 458
577 196
577 223
577 402
578 51
578 19
578 48
579 41
579 22
579 60
580 90
580 17
580 64
581 178
581 55
581 344
582 60
582 148
582 513
583 183
583 423
583 1
584 94
584 249
584 18
585 91
585 9
585 382
586 485
586 29
586 260
587 572
587 7
587 585
588 539
588 396
588 504
589 347
589 41
589 103
590 499
590 2
590 8
591 101
591 148
591 538
592 318
592 84
592 519
593 54
593 356
593 466
594 247
594 263
594 418
595 152
595 3
595 41
596 436
596 49
596 523
597 592
597 155
597 3
598 20
598 34
598 192
599 60
599 4
599 96
600 36
600 372
600 3
601 461
601 361
601 546
602 19
602 345
602 170
603 184
603 265
603 261
604 0
604 87
604 101
605 112
605 201
605 43
606 0
606 52
606 304
607 44
607 37
607 344
608 4
608 22
608 527
609 167
609 7
609 9
610 12
610 21
610 372
611 33
611 579
611 590
612 54
612 20
612 18
613 8
613 209
613 1
614 74
614 6
614 609
615 53
615 192
615 498
616 53
616 86
616 383
617 274
617 119
617 337
618 498
618 25
618 303
619 304
619 77
619 440
620 439
620 516
620 0
621 30
621 31
621 443
622 77
622 53
622 260
623 22
623 214
623 543
624 591
624 3
624 594
625 76
625 99
625 117
626 170
626 595
626 217
627 142
627 369
627 123
628 481
628 0
628 82
629 172
629 165
629 592
630 446
630 20
630 458
631 331
631 123
631 125
632 547
632 249
632 588
633 257
633 123
633 548
634 38
634 169
634 47
635 166
635 616
635 449
636 181
636 0
636 514
637 169
637 94
637 96
638 49
638 25
638 153
639 439
639 485
639 437
640 172
640 240
640 213
641 352
641 451
641 224
642 225
642 0
642 30
643 140
643 270
643 249
644 45
644 181
644 171
645 80
645 163
645 250
646 38
646 7
646 353
647 0
647 247
647 55
648 44
648 225
648 0
649 516
649 120
649 21
650 13
650 498
650 145
651 0
651 8
651 573
652 443
652 189
652 326
653 546
653 585
653 82
654 7
654 217
654 622
655 273
655 30
655 45
656 343
656 175
656 11
657 314
657 227
657 297
658 308
658 52
658 3
659 112
659 18
659 4
660 56
660 539
660 532
661 388
661 397
661 482
662 11
662 483
662 474
663 467
663 280
663 434
664 8
664 131
664 626
665 0
665 64
665 336
666 431
666 539
666 56
667 549
667 362
667 100
668 390
668 209
668 533
669 56
669 44
669 158
670 11
670 644
670 490
671 286
671 43
671 0
672 372
672 292
672 312
673 431
673 615
673 243
674 85
674 260
674 308
675 512
675 89
675 7
676 577
676 6
676 51
677 217
677 1
677 394
678 34
678 305
678 566
679 6
679 351
679 460
680 48
680 184
680 332
681 137
681 506
681 504
682 642
682 58
682 137
683 21
683 252
683 0
684 133
684 457
684 52
685 43
685 49
685 669
686 373
686 530
686 453
687 2
687 188
687 337
688 367
688 0
688 275
689 127
689 333
689 270
690 513
690 96
690 120
691 588
691 5
691 54
692 609
692 572
692 64
693 426
693 7
693 27
694 335
694 188
694 43
695 6
695 644
695 177
696 504
696 1
696 91
697 23
697 659
697 2
698 224
698 2
698 41
699 436
699 0
699 529
700 48
700 481
700 592
701 53
701 514
701 132
702 423
702 197
702 516
703 390
703 302
703 66
704 535
704 539
704 38
705 88
705 92
705 54
706 89
706 192
706 50
707 95
707 211
707 216
708 0
708 236
708 633
709 157
709 91
709 11
710 609
710 667
710 43
711 17
711 308
711 562
712 39
712 8
712 297
713 461
713 336
713 152
714 88
714 84
714 48
715 6
715 516
715 276
716 3
716 7
716 1
717 96
717 49
717 0
718 146
718 273
718 252
719 437
719 640
719 267
720 21
720 382
720 693
721 8
721 112
721 293
722 392
722 148
722 332
723 41
723 20
723 526
724 453
724 88
724 444
725 678
725 9
725 149
726 12
726 215
726 75
727 539
727 252
727 127
728 274
728 31
728 607
729 372
729 500
729 9
730 91
730 480
730 106
731 3
731 15
731 103
732 41
732 126
732 72
733 270
733 124
733 200
734 53
734 733
734 387
735 2
735 145
735 237
736 21
736 134
736 399
737 2
737 68
737 671
738 15
738 489
738 153
739 29
739 410
739 94
740 431
740 28
740 38
741 693
741 531
741 124
742 384
742 563
742 569
743 131
743 305
743 90
744 722
744 591
744 54
745 307
745 103
745 116
746 249
746 49
746 42
747 620
747 1
747 9
748 2
748 123
748 21
749 12
749 3
749 163
750 3
750 148
750 40
751 735
751 8
751 532
752 167
752 89
752 17
753 513
753 295
753 3
754 250
754 54
754 504
755 101
755 285
755 35
756 173
756 52
756 84
757 42
757 737
757 366
758 195
758 295
758 42
759 117
759 31
759 6
760 189
760 162
760 595
761 444
761 7
761 153
762 760
762 9
762 232
763 8
763 268
763 34
764 699
764 100
764 43
765 392
765 3
765 660
766 136
766 382
766 695
767 40
767 516
767 0
768 98
768 192
768 462
769 35
769 33
769 25
770 729
770 425
770 725
771 577
771 27
771 235
772 428
772 651
772 177
773 104
773 587
773 362
774 628
774 473
774 1
775 403
775 3
775 1
776 221
776 560
776 0
777 727
777 105
777 361
778 715
778 0
778 217
779 40
779 46
779 214
780 87
780 551
780 0
781 2
781 408
781 132
782 656
782 220
782 432
783 42
783 0
783 709
784 286
784 282
784 686
785 257
785 0
785 483
786 572
786 50
786 229
787 115
787 74
787 139
788 405
788 74
788 620
789 538
789 57
789 0
790 40
790 30
790 728
791 74
791 260
791 555
792 276
792 166
792 6
793 694
793 44
793 224
794 7
794 162
794 32
795 102
795 179
795 28
796 88
796 651
796 669
797 40
797 614
797 213
798 289
798 94
798 0
799 42
799 92
799 7
800 10
800 457
800 6
801 42
801 4
801 68
802 300
802 389
802 522
803 595
803 114
803 68
804 434
804 320
804 749
805 0
805 3
805 138
806 507
806 608
806 12
807 53
807 274
807 549
808 458
808 343
808 60
809 151
809 143
809 513
810 10
810 638
810 796
811 0
811 1
811 776
812 458
812 4
812 125
813 667
813 620
813 0
814 644
814 189
814 5
815 496
815 37
815 4
816 547
816 2
816 3
817 42
817 0
817 597
818 19
818 3
818 166
819 260
819 55
819 474
820 40
820 9
820 399
821 360
821 120
821 209
822 123
822 11
822 30
823 0
823 374
823 290
824 496
824 1
824 450
825 246
825 9
825 53
826 754
826 616
826 7
827 201
827 4
827 38
828 95
828 693
828 34
829 311
829 755
829 220
830 0
830 757
830 436
831 220
831 179
831 33
832 108
832 549
832 303
833 155
833 476
833 563
834 154
834 781
834 108
835 247
835 331
835 31
836 62
836 60
836 34
837 417
837 0
837 4
838 223
838 564
838 21
839 30
839 444
839 709
840 3
840 172
840 2
841 405
841 235
841 21
842 606
842 44
842 20
843 0
843 504
843 64
844 685
844 207
844 761
845 293
845 609
845 322
846 518
846 167
846 622
847 392
847 161
847 832
848 481
848 60
848 653
849 559
849 447
849 342
850 84
850 276
850 0
851 220
851 32
851 753
852 747
852 0
852 152
853 400
853 342
853 11
854 206
854 558
854 100
855 402
855 90
855 44
856 798
856 372
856 3
857 815
857 644
857 569
858 155
858 77
858 160
859 487
859 656
859 249
860 520
860 21
860 78
861 620
861 5
861 1
862 340
862 267
862 154
863 576
863 258
863 349
864 8
864 3
864 148
865 516
865 41
865 175
866 321
866 179
866 150
867 114
867 102
867 290
868 177
868 674
868 18
869 169
869 160
869 392
870 88
870 821
870 49
871 538
871 690
871 428
872 402
872 46
872 648
873 41
873 343
873 868
874 497
874 282
874 763
875 53
875 282
875 519
876 60
876 0
876 293
877 441
877 607
877 689
878 239
878 68
878 205
879 4
879 534
879 153
880 0
880 380
880 1
881 78
881 72
881 360
882 12
882 40
882 251
883 393
883 2
883 429
884 2
884 621
884 1
885 24
885 4
885 46
886 233
886 549
886 483
887 532
887 349
887 58
888 69
888 2
888 67
889 24
889 68
889 568
890 399
890 412
890 644
891 539
891 446
891 2
892 197
892 792
892 836
893 37
893 339
893 99
894 118
894 56
894 53
895 163
895 4
895 2
896 484
896 289
896 129
897 410
897 343
897 166
898 348
898 0
898 55
899 289
899 197
899 68
900 474
900 776
900 311
901 3
901 86
901 211
902 810
902 442
902 246
903 418
903 71
903 410
904 725
904 251
904 497
905 118
905 225
905 499
906 814
906 100
906 462
907 410
907 727
907 200
908 704
908 168
908 750
909 326
909 190
909 847
910 162
910 538
910 180
911 352
911 209
911 304
912 1
912 0
912 692
913 17
913 493
913 831
914 49
914 4
914 246
915 594
915 361
915 75
916 3
916 240
916 166
917 234
917 209
917 554
918 9
918 28
918 1
919 8
919 84
919 49
920 80
920 306
920 103
921 13
921 0
921 67
922 912
922 523
922 239
923 582
923 39
923 309
924 458
924 13
924 277
925 18
925 373
925 825
926 602
926 78
926 896
927 390
927 423
927 485
928 4
928 7
928 52
929 141
929 488
929 94
930 682
930 274
930 139
931 73
931 402
931 209
932 197
932 372
932 810
933 413
933 6
933 136
934 797
934 177
934 644
935 613
935 382
935 761
936 1
936 18
936 21
937 659
937 328
937 7
938 53
938 250
938 97
939 812
939 214
939 331
940 131
940 874
940 9
941 333
941 15
941 9
942 1
942 754
942 196
943 633
943 415
943 54
944 228
944 183
944 384
945 458
945 718
945 65
946 460
946 500
946 262
947 99
947 431
947 0
948 780
948 217
948 913
949 5
949 124
949 10
950 738
950 762
950 449
951 8
951 790
951 3
952 60
952 234
952 936
953 207
953 669
953 239
954 196
954 0
954 124
955 375
955 41
955 30
956 40
956 725
956 402
957 30
957 149
957 865
958 423
958 774
958 351
959 657
959 201
959 181
960 37
960 496
960 799
961 68
961 576
961 17
962 806
962 157
962 661
963 103
963 32
963 536
964 640
964 109
964 0
965 682
965 170
965 77
966 15
966 182
966 3
967 916
967 28
967 102
968 214
968 110
968 2
969 784
969 1
969 100
970 1
970 871
970 400
971 843
971 531
971 416
972 790
972 31
972 443
973 176
973 68
973 472
974 17
974 768
974 654
975 42
975 373
975 414
976 55
976 453
976 719
977 242
977 579
977 604
978 41
978 741
978 34
979 480
979 978
979 835
980 842
980 94
980 270
981 28
981 805
981 433
982 21
982 42
982 271
983 857
983 386
983 1
984 190
984 18
984 643
985 620
985 866
985 626
986 6
986 99
986 496
987 571
987 17
987 817
988 463
988 592
988 13
989 908
989 210
989 55
990 301
990 909
990 30
991 2
991 42
991 3
992 201
992 620
992 363
993 29
993 234
993 763
994 632
994 214
994 121
995 488
995 3
995 660
996 4
996 220
996 77
997 0
997 219
997 74
998 110
998 725
998 7
999 20
999 722
999 955
