1 0
2 0
2 1
3 1
3 2
3 0
4 2
4 1
4 0
5 4
5 2
5 1
6 1
6 2
6 3
7 5
7 0
7 4
8 1
8 0
8 3
9 2
9 1
9 3
10 3
10 5
10 1
11 2
11 3
11 0
12 5
12 2
12 0
13 2
13 4
13 0
14 13
14 0
14 8
15 4
15 11
15 2
16 15
16 1
16 2
17 0
17 15
17 3
18 15
18 0
18 10
19 8
19 15
19 7
20 14
20 16
20 11
21 0
21 4
21 2
22 15
22 3
22 11
23 1
23 2
23 19
24 13
24 9
24 15
25 22
25 11
25 0
26 5
26 20
26 15
27 16
27 2
27 3
28 2
28 25
28 5
29 12
29 11
29 15
30 11
30 7
30 12
31 15
31 5
31 0
32 13
32 23
32 14
33 23
33 15
33 1
34 2
34 16
34 13
35 18
35 15
35 10
36 21
36 10
36 2
37 35
37 29
37 9
38 0
38 18
38 15
39 7
39 15
39 1
40 1
40 29
40 11
41 5
41 11
41 1
42 4
42 41
42 15
43 15
43 0
43 1
44 5
44 2
44 3
45 8
45 31
45 15
46 5
46 2
46 1
47 11
47 4
47 37
48 23
48 44
48 4
49 1
49 39
49 15
50 5
50 2
50 7
51 8
51 31
51 47
52 47
52 10
52 18
53 24
53 8
53 0
54 53
54 38
54 27
55 9
55 5
55 2
56 10
56 13
56 26
57 31
57 2
57 1
58 10
58 56
58 2
59 20
59 5
59 13
60 13
60 25
60 6
61 13
61 12
61 35
62 1
62 18
62 38
63 44
63 39
63 52
64 8
64 2
64 14
65 40
65 15
65 30
66 0
66 5
66 14
67 37
67 43
67 1
68 60
68 2
68 3
69 13
69 0
69 37
70 15
70 23
70 13
71 49
71 0
71 2
72 0
72 19
72 46
73 11
73 2
73 49
74 15
74 59
74 11
75 19
75 15
75 23
76 1
76 13
76 6
77 1
77 10
77 4
78 8
78 52
78 58
79 9
79 52
79 5
80 39
80 52
80 6
81 11
81 41
81 1
82 53
82 1
82 75
83 22
83 32
83 35
84 2
84 10
84 22
85 1
85 2
85 11
86 73
86 23
86 26
87 24
87 71
87 62
88 31
88 37
88 15
89 44
89 21
89 83
90 51
90 25
90 2
91 1
91 87
91 30
92 3
92 2
92 39
93 15
93 39
93 25
94 1
94 13
94 92
95 20
95 1
95 39
96 35
96 87
96 36
97 15
97 6
97 11
98 0
98 17
98 43
99 13
99 35
99 47
