0 1
1 0
2 1
2 0
3 1
3 0
3 2
4 1
4 3
4 2
5 1
5 0
5 2
6 0
6 4
6 3
7 1
7 0
7 3
8 0
8 3
8 2
9 7
9 8
9 0
10 0
10 4
10 1
11 0
11 5
11 2
12 4
12 2
12 6
13 3
13 5
13 2
14 0
14 2
14 11
15 0
15 6
15 2
16 4
16 15
16 3
17 4
17 11
17 9
18 1
18 10
18 15
19 2
19 12
19 9
20 11
20 10
20 14
21 1
21 2
21 6
22 18
22 8
22 1
23 7
23 0
23 17
24 4
24 3
24 7
25 0
25 15
25 1
26 2
26 9
26 22
27 8
27 10
27 0
28 4
28 10
28 6
29 12
29 1
29 2
30 1
30 7
30 16
31 3
31 11
31 1
32 4
32 7
32 1
33 0
33 12
33 4
34 23
34 10
34 2
35 5
35 0
35 1
36 25
36 2
36 29
37 36
37 30
37 3
38 5
38 32
38 14
39 7
39 23
39 37
40 20
40 39
40 0
41 3
41 32
41 1
42 18
42 3
42 12
43 29
43 22
43 0
44 7
44 3
44 0
45 36
45 3
45 38
46 45
46 33
46 3
47 41
47 0
47 2
48 2
48 30
48 16
49 36
49 9
49 24
50 4
50 2
50 8
51 45
51 9
51 6
52 0
52 2
52 5
53 2
53 1
53 50
54 2
54 33
54 24
55 4
55 27
55 45
56 7
56 22
56 9
57 56
57 53
57 3
58 4
58 0
58 2
59 52
59 3
59 0
60 36
60 2
60 55
61 2
61 60
61 30
62 52
62 16
62 45
63 29
63 3
63 16
64 2
64 12
64 0
65 2
65 16
65 3
66 38
66 2
66 48
67 3
67 64
67 0
68 36
68 0
68 34
69 1
69 30
69 53
70 6
70 0
70 7
71 15
71 11
71 35
72 34
72 65
72 9
73 15
73 5
73 66
74 4
74 14
74 46
75 28
75 29
75 5
76 2
76 29
76 30
77 0
77 4
77 36
78 1
78 71
78 65
79 23
79 3
79 29
80 7
80 36
80 1
81 14
81 4
81 0
82 30
82 1
82 36
83 39
83 1
83 36
84 30
84 1
84 3
85 0
85 55
85 5
86 1
86 53
86 4
87 52
87 22
87 3
88 47
88 2
88 3
89 43
89 10
89 30
90 1
90 81
90 0
91 19
91 0
91 12
92 76
92 75
92 1
93 7
93 29
93 22
94 2
94 69
94 24
95 6
95 5
95 49
96 1
96 22
96 8
97 39
97 2
97 0
98 2
98 91
98 9
99 48
99 3
99 7
100 56
100 89
100 97
101 83
101 53
101 71
102 52
102 31
102 4
103 4
103 14
103 0
104 64
104 73
104 6
105 8
105 98
105 1
106 30
106 69
106 2
107 56
107 89
107 0
108 53
108 80
108 10
109 3
109 30
109 7
110 104
110 0
110 11
111 80
111 0
111 61
112 0
112 10
112 12
113 98
113 43
113 1
114 0
114 1
114 84
115 51
115 15
115 72
116 4
116 110
116 46
117 53
117 29
117 4
118 11
118 18
118 16
119 4
119 7
119 36
120 2
120 14
120 0
121 65
121 112
121 36
122 30
122 111
122 79
123 90
123 104
123 88
124 19
124 1
124 10
125 55
125 1
125 39
126 58
126 29
126 0
127 3
127 65
127 104
128 0
128 89
128 9
129 93
129 121
129 59
130 91
130 46
130 51
131 2
131 4
131 7
132 8
132 103
132 1
133 87
133 32
133 30
134 9
134 2
134 0
135 98
135 131
135 56
136 22
136 1
136 96
137 22
137 4
137 18
138 39
138 43
138 2
139 122
139 4
139 1
140 112
140 1
140 81
141 39
141 76
141 30
142 44
142 8
142 9
143 11
143 9
143 87
144 19
144 3
144 68
145 112
145 0
145 43
146 7
146 0
146 134
147 6
147 27
147 64
148 2
148 39
148 28
149 0
149 89
149 126
150 138
150 55
150 33
151 103
151 2
151 127
152 128
152 4
152 90
153 62
153 4
153 124
154 16
154 2
154 30
155 93
155 10
155 82
156 29
156 77
156 143
157 8
157 68
157 7
158 0
158 37
158 124
159 0
159 53
159 19
160 42
160 47
160 68
161 36
161 55
161 159
162 3
162 99
162 59
163 4
163 128
163 61
164 121
164 118
164 45
165 2
165 10
165 41
166 2
166 7
166 108
167 93
167 152
167 24
168 66
168 6
168 96
169 126
169 29
169 0
170 10
170 96
170 31
171 47
171 12
171 92
172 98
172 14
172 160
173 138
173 134
173 10
174 46
174 4
174 160
175 93
175 113
175 48
176 2
176 126
176 12
177 7
177 0
177 61
178 141
178 1
178 81
179 176
179 53
179 83
180 144
180 160
180 1
181 117
181 4
181 5
182 0
182 3
182 144
183 1
183 30
183 7
184 55
184 173
184 74
185 0
185 164
185 4
186 47
186 9
186 4
187 1
187 172
187 52
188 181
188 84
188 4
189 1
189 33
189 30
190 88
190 21
190 52
191 4
191 2
191 3
192 9
192 33
192 122
193 180
193 166
193 2
194 8
194 12
194 0
195 86
195 63
195 76
196 158
196 35
196 1
197 35
197 186
197 12
198 87
198 16
198 36
199 119
199 188
199 49
200 118
200 11
200 114
201 172
201 200
201 11
202 195
202 66
202 8
203 0
203 18
203 130
204 29
204 4
204 42
205 200
205 181
205 141
206 158
206 66
206 203
207 4
207 123
207 3
208 117
208 112
208 2
209 189
209 30
209 95
210 55
210 38
210 162
211 0
211 22
211 29
212 199
212 156
212 52
213 41
213 7
213 146
214 145
214 36
214 4
215 111
215 10
215 2
216 82
216 149
216 172
217 6
217 37
217 199
218 107
218 9
218 16
219 3
219 148
219 55
220 87
220 1
220 50
221 0
221 86
221 121
222 33
222 19
222 36
223 156
223 145
223 20
224 10
224 99
224 141
225 209
225 2
225 36
226 205
226 95
226 65
227 96
227 56
227 43
228 37
228 201
228 22
229 59
229 115
229 16
230 109
230 45
230 173
231 45
231 150
231 64
232 31
232 164
232 20
233 178
233 37
233 55
234 33
234 41
234 170
235 0
235 92
235 56
236 19
236 112
236 115
237 14
237 10
237 102
238 0
238 3
238 103
239 133
239 173
239 20
240 36
240 0
240 34
241 2
241 198
241 14
242 2
242 4
242 205
243 112
243 205
243 136
244 12
244 0
244 169
245 17
245 50
245 12
246 172
246 7
246 4
247 56
247 3
247 9
248 7
248 184
248 72
249 16
249 241
249 2
250 58
250 96
250 4
251 201
251 108
251 202
252 23
252 34
252 16
253 93
253 37
253 109
254 16
254 3
254 4
255 156
255 64
255 3
256 155
256 54
256 26
257 130
257 1
257 189
258 23
258 9
258 43
259 3
259 202
259 12
260 60
260 43
260 171
261 55
261 115
261 172
262 2
262 109
262 0
263 84
263 53
263 17
264 10
264 4
264 237
265 12
265 1
265 87
266 122
266 4
266 0
267 114
267 2
267 97
268 37
268 28
268 122
269 0
269 1
269 169
270 84
270 11
270 242
271 147
271 7
271 169
272 2
272 92
272 83
273 270
273 82
273 14
274 246
274 0
274 29
275 139
275 227
275 120
276 0
276 30
276 7
277 6
277 276
277 99
278 8
278 24
278 12
279 107
279 273
279 109
280 211
280 19
280 146
281 205
281 7
281 122
282 112
282 200
282 226
283 45
283 2
283 81
284 231
284 268
284 25
285 60
285 2
285 8
286 104
286 21
286 226
287 69
287 93
287 39
288 5
288 166
288 174
289 172
289 156
289 4
290 202
290 113
290 91
291 6
291 101
291 12
292 251
292 99
292 287
293 109
293 3
293 43
294 130
294 0
294 266
295 3
295 254
295 191
296 97
296 8
296 149
297 29
297 147
297 248
298 26
298 99
298 37
299 139
299 12
299 4
300 67
300 36
300 117
301 2
301 160
301 220
302 15
302 217
302 13
303 3
303 209
303 200
304 249
304 16
304 12
305 30
305 68
305 64
306 113
306 105
306 291
307 220
307 10
307 16
308 109
308 26
308 251
309 123
309 20
309 205
310 39
310 4
310 1
311 96
311 66
311 209
312 99
312 193
312 179
313 6
313 84
313 289
314 79
314 23
314 0
315 129
315 2
315 107
316 180
316 239
316 301
317 200
317 198
317 108
318 19
318 15
318 3
319 203
319 117
319 49
320 10
320 15
320 141
321 170
321 7
321 89
322 1
322 84
322 122
323 262
323 177
323 55
324 49
324 306
324 298
325 15
325 307
325 30
326 117
326 94
326 33
327 50
327 96
327 8
328 3
328 267
328 82
329 228
329 19
329 26
330 67
330 278
330 65
331 30
331 154
331 5
332 14
332 0
332 25
333 47
333 172
333 4
334 2
334 214
334 207
335 167
335 298
335 112
336 107
336 302
336 59
337 177
337 6
337 15
338 77
338 39
338 259
339 166
339 328
339 94
340 4
340 30
340 169
341 7
341 10
341 145
342 332
342 1
342 99
343 2
343 147
343 50
344 26
344 203
344 36
345 131
345 0
345 42
346 133
346 29
346 169
347 218
347 26
347 43
348 1
348 5
348 296
349 328
349 329
349 227
350 224
350 84
350 106
351 29
351 301
351 53
352 13
352 248
352 204
353 1
353 274
353 6
354 145
354 121
354 2
355 2
355 55
355 323
356 58
356 147
356 164
357 303
357 115
357 65
358 10
358 201
358 130
359 3
359 46
359 161
360 195
360 47
360 25
361 239
361 34
361 0
362 249
362 4
362 234
363 3
363 269
363 30
364 329
364 121
364 227
365 62
365 46
365 1
366 93
366 5
366 122
367 341
367 66
367 252
368 75
368 366
368 36
369 12
369 46
369 4
370 95
370 147
370 248
371 3
371 48
371 2
372 270
372 186
372 19
373 278
373 252
373 111
374 310
374 52
374 324
375 260
375 1
375 89
376 153
376 55
376 296
377 14
377 175
377 104
378 77
378 283
378 306
379 223
379 9
379 89
380 1
380 366
380 189
381 34
381 20
381 179
382 69
382 173
382 14
383 50
383 0
383 30
384 295
384 47
384 1
385 1
385 373
385 7
386 24
386 378
386 30
387 20
387 36
387 26
388 0
388 170
388 43
389 45
389 30
389 276
390 198
390 126
390 187
391 124
391 109
391 37
392 43
392 15
392 10
393 8
393 17
393 209
394 1
394 383
394 131
395 64
395 143
395 270
396 6
396 171
396 39
397 7
397 382
397 88
398 94
398 42
398 63
399 274
399 6
399 16
400 278
400 358
400 16
401 340
401 235
401 4
402 345
402 43
402 379
403 268
403 163
403 186
404 203
404 110
404 0
405 3
405 81
405 130
406 42
406 74
406 225
407 30
407 93
407 149
408 41
408 3
408 110
409 115
409 258
409 20
410 26
410 245
410 7
411 2
411 21
411 16
412 8
412 37
412 100
413 252
413 10
413 171
414 50
414 334
414 49
415 5
415 328
415 239
416 72
416 6
416 158
417 10
417 5
417 66
418 146
418 74
418 327
419 12
419 165
419 330
420 66
420 77
420 4
421 310
421 66
421 394
422 49
422 209
422 362
423 373
423 37
423 306
424 225
424 24
424 300
425 45
425 4
425 409
426 388
426 4
426 25
427 345
427 347
427 147
428 9
428 49
428 72
429 103
429 351
429 80
430 2
430 260
430 406
431 2
431 123
431 107
432 164
432 79
432 4
433 379
433 131
433 43
434 252
434 58
434 39
435 32
435 206
435 279
436 178
436 4
436 6
437 2
437 155
437 72
438 388
438 223
438 415
439 200
439 45
439 64
440 47
440 361
440 360
441 275
441 1
441 80
442 97
442 12
442 75
443 6
443 49
443 11
444 131
444 77
444 127
445 14
445 6
445 9
446 4
446 0
446 26
447 6
447 89
447 135
448 2
448 112
448 214
449 92
449 43
449 17
450 403
450 34
450 16
451 301
451 69
451 422
452 200
452 43
452 414
453 375
453 14
453 335
454 47
454 3
454 56
455 50
455 121
455 164
456 209
456 16
456 0
457 95
457 6
457 301
458 228
458 219
458 12
459 30
459 449
459 231
460 289
460 376
460 7
461 113
461 236
461 4
462 100
462 85
462 17
463 336
463 7
463 445
464 307
464 8
464 113
465 136
465 87
465 10
466 200
466 361
466 3
467 1
467 19
467 296
468 0
468 92
468 449
469 6
469 276
469 427
470 218
470 71
470 1
471 195
471 316
471 52
472 13
472 241
472 381
473 362
473 107
473 213
474 384
474 211
474 73
475 31
475 52
475 30
476 30
476 121
476 19
477 119
477 296
477 36
478 69
478 434
478 227
479 450
479 5
479 89
480 0
480 24
480 223
481 10
481 9
481 73
482 211
482 350
482 0
483 446
483 2
483 109
484 0
484 70
484 20
485 73
485 16
485 30
486 121
486 7
486 0
487 45
487 106
487 162
488 72
488 306
488 440
489 4
489 438
489 83
490 5
490 307
490 7
491 394
491 231
491 375
492 200
492 47
492 259
493 2
493 347
493 22
494 228
494 1
494 304
495 56
495 147
495 442
496 241
496 30
496 27
497 442
497 4
497 200
498 203
498 496
498 250
499 79
499 1
499 331
500 322
500 98
500 228
501 68
501 47
501 66
502 342
502 113
502 112
503 114
503 495
503 269
504 313
504 59
504 43
505 355
505 12
505 4
506 158
506 72
506 2
507 502
507 178
507 384
508 55
508 328
508 239
509 92
509 96
509 4
510 2
510 157
510 49
511 300
511 12
511 495
512 4
512 279
512 2
513 442
513 106
513 84
514 1
514 88
514 49
515 2
515 3
515 96
516 206
516 261
516 21
517 493
517 87
517 36
518 345
518 494
518 78
519 84
519 6
519 239
520 99
520 412
520 0
521 260
521 496
521 279
522 38
522 71
522 231
523 2
523 338
523 198
524 271
524 88
524 36
525 459
525 259
525 429
526 11
526 166
526 248
527 81
527 97
527 2
528 78
528 371
528 369
529 296
529 217
529 46
530 71
530 146
530 2
531 296
531 259
531 0
532 239
532 43
532 14
533 141
533 29
533 120
534 184
534 274
534 29
535 4
535 30
535 9
536 220
536 205
536 123
537 239
537 147
537 151
538 383
538 399
538 345
539 359
539 158
539 217
540 8
540 50
540 23
541 338
541 1
541 327
542 87
542 49
542 231
543 117
543 266
543 2
544 397
544 338
544 8
545 89
545 0
545 82
546 471
546 534
546 69
547 250
547 9
547 7
548 307
548 258
548 82
549 141
549 18
549 24
550 505
550 20
550 427
551 10
551 52
551 475
552 449
552 89
552 221
553 535
553 173
553 262
554 34
554 209
554 9
555 69
555 29
555 4
556 3
556 139
556 441
557 20
557 12
557 121
558 109
558 283
558 79
559 391
559 195
559 223
560 172
560 359
560 482
561 359
561 246
561 107
562 234
562 545
562 78
563 195
563 34
563 502
564 101
564 17
564 122
565 509
565 19
565 464
566 89
566 154
566 4
567 100
567 158
567 473
568 253
568 341
568 259
569 564
569 122
569 270
570 0
570 99
570 370
571 7
571 482
571 4
572 397
572 36
572 315
573 169
573 219
573 12
574 221
574 355
574 362
575 543
575 362
575 497
576 519
576 9
576 77
577 3
577 258
577 227
578 96
578 0
578 59
579 72
579 357
579 45
580 203
580 223
580 91
581 147
581 7
581 21
582 195
582 310
582 130
583 303
583 319
583 185
584 294
584 145
584 436
585 128
585 213
585 85
586 80
586 96
586 10
587 169
587 186
587 306
588 44
588 2
588 448
589 287
589 552
589 6
590 89
590 175
590 188
591 277
591 36
591 53
592 59
592 36
592 2
593 43
593 71
593 411
594 380
594 407
594 367
595 55
595 471
595 505
596 273
596 203
596 32
597 504
597 13
597 144
598 36
598 14
598 262
599 422
599 104
599 4
600 101
600 407
600 361
601 243
601 73
601 13
602 68
602 591
602 36
603 55
603 126
603 442
604 15
604 224
604 36
605 442
605 99
605 39
606 93
606 36
606 458
607 168
607 405
607 164
608 167
608 210
608 327
609 150
609 113
609 8
610 526
610 37
610 150
611 214
611 329
611 81
612 46
612 385
612 294
613 318
613 4
613 241
614 3
614 23
614 213
615 47
615 191
615 42
616 302
616 98
616 3
617 400
617 398
617 198
618 206
618 30
618 296
619 130
619 270
619 598
620 262
620 519
620 43
621 12
621 603
621 39
622 29
622 89
622 326
623 464
623 63
623 413
624 8
624 52
624 3
625 9
625 50
625 481
626 443
626 7
626 498
627 545
627 110
627 39
628 29
628 254
628 447
629 561
629 39
629 332
630 141
630 348
630 413
631 245
631 0
631 319
632 112
632 254
632 18
633 420
633 223
633 191
634 427
634 47
634 130
635 17
635 4
635 434
636 426
636 482
636 493
637 613
637 50
637 44
638 169
638 3
638 285
639 382
639 81
639 445
640 144
640 25
640 219
641 542
641 345
641 271
642 612
642 632
642 516
643 8
643 76
643 185
644 435
644 554
644 177
645 221
645 99
645 4
646 337
646 148
646 304
647 7
647 166
647 563
648 109
648 204
648 107
649 121
649 13
649 43
650 92
650 36
650 154
651 0
651 2
651 460
652 99
652 172
652 6
653 53
653 24
653 89
654 46
654 454
654 538
655 497
655 556
655 307
656 3
656 300
656 15
657 637
657 9
657 5
658 220
658 264
658 496
659 577
659 1
659 24
660 66
660 397
660 422
661 38
661 239
661 29
662 3
662 1
662 586
663 628
663 659
663 36
664 58
664 652
664 241
665 115
665 156
665 649
666 630
666 105
666 77
667 1
667 109
667 385
668 388
668 465
668 624
669 5
669 2
669 4
670 52
670 1
670 10
671 198
671 2
671 197
672 381
672 148
672 382
673 671
673 36
673 7
674 633
674 672
674 39
675 448
675 202
675 27
676 239
676 596
676 228
677 436
677 141
677 613
678 47
678 16
678 313
679 667
679 43
679 435
680 194
680 128
680 21
681 355
681 15
681 308
682 223
682 472
682 27
683 0
683 620
683 179
684 424
684 202
684 37
685 382
685 627
685 415
686 672
686 157
686 349
687 561
687 475
687 121
688 316
688 628
688 671
689 0
689 14
689 229
690 39
690 1
690 356
691 100
691 7
691 101
692 145
692 218
692 124
693 33
693 47
693 109
694 356
694 270
694 12
695 356
695 319
695 141
696 45
696 620
696 207
697 235
697 20
697 349
698 7
698 2
698 4
699 130
699 108
699 48
700 21
700 4
700 133
701 43
701 166
701 3
702 297
702 0
702 617
703 26
703 316
703 165
704 388
704 246
704 518
705 5
705 339
705 4
706 645
706 130
706 73
707 446
707 166
707 471
708 36
708 47
708 115
709 629
709 72
709 238
710 177
710 131
710 81
711 304
711 297
711 89
712 246
712 615
712 126
713 300
713 9
713 663
714 375
714 102
714 505
715 36
715 112
715 523
716 378
716 1
716 61
717 223
717 437
717 112
718 238
718 262
718 362
719 119
719 55
719 459
720 126
720 101
720 1
721 3
721 8
721 579
722 75
722 439
722 245
723 252
723 633
723 95
724 492
724 386
724 532
725 15
725 278
725 639
726 290
726 180
726 252
727 41
727 565
727 3
728 152
728 220
728 36
729 28
729 519
729 294
730 213
730 403
730 14
731 299
731 321
731 371
732 147
732 44
732 2
733 3
733 5
733 289
734 431
734 100
734 699
735 89
735 126
735 191
736 383
736 181
736 321
737 246
737 640
737 369
738 25
738 329
738 22
739 194
739 44
739 543
740 84
740 293
740 481
741 98
741 245
741 111
742 698
742 258
742 184
743 169
743 42
743 9
744 722
744 64
744 447
745 648
745 331
745 14
746 518
746 50
746 695
747 228
747 528
747 667
748 58
748 409
748 331
749 202
749 327
749 414
750 451
750 0
750 747
751 8
751 367
751 545
752 86
752 277
752 122
753 455
753 235
753 68
754 132
754 3
754 143
755 49
755 36
755 0
756 304
756 12
756 602
757 36
757 8
757 201
758 330
758 287
758 114
759 9
759 715
759 374
760 0
760 186
760 109
761 125
761 618
761 0
762 172
762 82
762 235
763 122
763 363
763 435
764 14
764 564
764 422
765 431
765 300
765 754
766 464
766 489
766 269
767 704
767 474
767 223
768 37
768 360
768 109
769 9
769 183
769 47
770 59
770 122
770 0
771 599
771 166
771 95
772 700
772 297
772 535
773 497
773 595
773 715
774 4
774 34
774 99
775 173
775 442
775 68
776 163
776 761
776 494
777 109
777 27
777 261
778 288
778 732
778 58
779 112
779 84
779 450
780 703
780 26
780 142
781 1
781 172
781 21
782 765
782 289
782 43
783 638
783 223
783 91
784 253
784 262
784 519
785 112
785 754
785 1
786 545
786 218
786 714
787 509
787 122
787 89
788 289
788 3
788 211
789 88
789 6
789 69
790 737
790 269
790 473
791 200
791 202
791 12
792 439
792 72
792 79
793 43
793 753
793 195
794 422
794 305
794 435
795 153
795 203
795 99
796 659
796 326
796 228
797 129
797 302
797 245
798 12
798 128
798 315
799 14
799 380
799 157
800 69
800 7
800 786
801 39
801 0
801 762
802 4
802 683
802 595
803 10
803 651
803 571
804 12
804 90
804 99
805 271
805 68
805 391
806 231
806 329
806 225
807 327
807 474
807 205
808 430
808 53
808 47
809 504
809 680
809 68
810 344
810 25
810 657
811 223
811 202
811 557
812 53
812 178
812 479
813 667
813 204
813 321
814 316
814 220
814 813
815 27
815 456
815 21
816 553
816 7
816 759
817 43
817 7
817 235
818 0
818 174
818 184
819 219
819 583
819 7
820 281
820 13
820 435
821 72
821 606
821 773
822 9
822 699
822 500
823 270
823 812
823 530
824 228
824 759
824 250
825 761
825 34
825 592
826 89
826 172
826 131
827 397
827 577
827 43
828 142
828 811
828 362
829 759
829 36
829 584
830 131
830 164
830 690
831 227
831 506
831 386
832 139
832 326
832 8
833 169
833 331
833 487
834 519
834 283
834 294
835 218
835 2
835 1
836 4
836 499
836 8
837 405
837 2
837 455
838 309
838 571
838 647
839 269
839 37
839 411
840 598
840 277
840 2
841 566
841 513
841 89
842 425
842 2
842 38
843 676
843 72
843 490
844 2
844 122
844 1
845 379
845 617
845 101
846 810
846 747
846 246
847 67
847 128
847 713
848 148
848 666
848 460
849 203
849 833
849 3
850 511
850 361
850 706
851 586
851 801
851 0
852 2
852 319
852 84
853 155
853 47
853 1
854 122
854 214
854 24
855 272
855 183
855 367
856 100
856 0
856 49
857 8
857 503
857 413
858 91
858 41
858 547
859 112
859 198
859 558
860 376
860 464
860 51
861 470
861 140
861 239
862 164
862 2
862 77
863 36
863 255
863 815
864 674
864 81
864 366
865 340
865 99
865 90
866 126
866 263
866 131
867 346
867 145
867 308
868 1
868 228
868 522
869 360
869 16
869 241
870 50
870 95
870 392
871 65
871 837
871 101
872 612
872 101
872 100
873 84
873 70
873 382
874 240
874 573
874 125
875 12
875 741
875 236
876 818
876 49
876 148
877 506
877 424
877 632
878 45
878 3
878 164
879 307
879 187
879 285
880 328
880 237
880 378
881 594
881 4
881 716
882 516
882 760
882 493
883 562
883 169
883 21
884 207
884 757
884 112
885 3
885 859
885 376
886 149
886 392
886 89
887 121
887 822
887 695
888 714
888 392
888 307
889 872
889 707
889 209
890 72
890 18
890 841
891 4
891 7
891 289
892 385
892 803
892 611
893 1
893 658
893 766
894 300
894 464
894 261
895 4
895 570
895 645
896 167
896 639
896 90
897 281
897 89
897 325
898 2
898 105
898 490
899 4
899 293
899 142
900 130
900 166
900 245
901 128
901 235
901 213
902 69
902 113
902 3
903 201
903 66
903 786
904 1
904 264
904 157
905 80
905 69
905 427
906 4
906 309
906 681
907 388
907 166
907 14
908 283
908 377
908 403
909 449
909 75
909 753
910 23
910 84
910 896
911 37
911 571
911 9
912 43
912 735
912 790
913 450
913 696
913 233
914 741
914 223
914 316
915 391
915 12
915 759
916 296
916 4
916 857
917 814
917 594
917 854
918 20
918 419
918 745
919 345
919 96
919 388
920 21
920 378
920 763
921 204
921 79
921 451
922 561
922 81
922 123
923 397
923 12
923 614
924 350
924 12
924 58
925 36
925 188
925 624
926 450
926 33
926 0
927 588
927 2
927 392
928 356
928 427
928 64
929 3
929 22
929 54
930 164
930 43
930 155
931 89
931 566
931 9
932 38
932 114
932 178
933 74
933 347
933 61
934 25
934 14
934 478
935 238
935 623
935 318
936 477
936 658
936 0
937 144
937 355
937 3
938 301
938 195
938 460
939 200
939 50
939 592
940 10
940 192
940 777
941 65
941 859
941 368
942 399
942 216
942 230
943 842
943 1
943 664
944 98
944 36
944 144
945 725
945 218
945 440
946 11
946 38
946 248
947 26
947 76
947 590
948 281
948 842
948 194
949 297
949 166
949 195
950 89
950 12
950 315
951 37
951 138
951 647
952 822
952 831
952 30
953 4
953 178
953 510
954 877
954 126
954 749
955 224
955 52
955 166
956 180
956 857
956 237
957 656
957 16
957 281
958 417
958 871
958 46
959 420
959 519
959 139
960 959
960 856
960 662
961 280
961 84
961 45
962 468
962 507
962 710
963 36
963 102
963 7
964 4
964 632
964 820
965 603
965 203
965 296
966 52
966 252
966 16
967 14
967 362
967 866
968 142
968 72
968 242
969 207
969 573
969 44
970 27
970 97
970 443
971 674
971 1
971 334
972 575
972 397
972 19
973 19
973 3
973 85
974 27
974 0
974 69
975 12
975 28
975 162
976 12
976 69
976 842
977 445
977 459
977 53
978 113
978 139
978 30
979 7
979 659
979 379
980 329
980 786
980 161
981 298
981 200
981 927
982 3
982 852
982 381
983 893
983 717
983 302
984 50
984 225
984 84
985 852
985 366
985 328
986 3
986 962
986 621
987 642
987 369
987 252
988 21
988 722
988 3
989 422
989 38
989 234
990 5
990 162
990 762
991 164
991 49
991 636
992 45
992 185
992 139
993 307
993 674
993 8
994 29
994 341
994 36
995 421
995 789
995 121
996 71
996 1
996 686
997 734
997 110
997 115
998 743
998 0
998 131
999 0
999 676
999 45
