0 1
1 0
2 0
2 1
3 1
3 0
3 2
4 0
4 2
4 3
5 0
5 1
5 3
6 3
6 1
6 0
7 2
7 1
7 6
8 1
8 0
8 2
9 1
9 4
9 7
10 7
10 0
10 1
11 1
11 5
11 9
12 0
12 2
12 4
13 4
13 1
13 12
14 2
14 4
14 6
15 4
15 1
15 14
16 5
16 12
16 9
17 1
17 7
17 0
18 10
18 4
18 16
19 4
19 12
19 10
20 1
20 13
20 15
21 5
21 4
21 1
22 3
22 0
22 4
23 21
23 1
23 15
24 20
24 5
24 2
25 5
25 1
25 12
26 0
26 18
26 15
27 18
27 12
27 8
28 12
28 2
28 14
29 28
29 2
29 18
30 19
30 2
30 4
31 12
31 5
31 1
32 11
32 1
32 0
33 18
33 8
33 4
34 32
34 15
34 1
35 25
35 3
35 2
36 1
36 4
36 2
37 2
37 9
37 13
38 3
38 1
38 16
39 1
39 15
39 16
40 9
40 16
40 0
41 10
41 35
41 1
42 0
42 16
42 10
43 1
43 35
43 6
44 26
44 0
44 2
45 1
45 3
45 15
46 7
46 36
46 27
47 0
47 1
47 30
48 0
48 23
48 21
49 0
49 30
49 40
50 15
50 12
50 0
51 30
51 3
51 11
52 4
52 0
52 12
53 1
53 27
53 18
54 0
54 1
54 7
55 28
55 9
55 18
56 9
56 35
56 0
57 19
57 53
57 56
58 4
58 48
58 1
59 58
59 34
59 18
60 1
60 14
60 45
61 0
61 55
61 18
62 4
62 35
62 15
63 8
63 12
63 4
64 0
64 15
64 32
65 15
65 0
65 7
66 25
66 1
66 3
67 7
67 28
67 15
68 1
68 53
68 7
69 0
69 19
69 15
70 69
70 12
70 1
71 12
71 58
71 45
72 40
72 18
72 1
73 4
73 5
73 15
74 8
74 70
74 51
75 30
75 40
75 14
76 12
76 6
76 21
77 42
77 0
77 44
78 9
78 67
78 15
79 4
79 21
79 73
80 36
80 61
80 73
81 70
81 40
81 55
82 15
82 57
82 5
83 4
83 73
83 70
84 30
84 15
84 1
85 49
85 0
85 73
86 16
86 0
86 4
87 2
87 1
87 4
88 3
88 5
88 7
89 63
89 32
89 16
90 64
90 89
90 0
91 56
91 48
91 4
92 7
92 77
92 18
93 88
93 1
93 46
94 73
94 71
94 34
95 70
95 44
95 0
96 93
96 4
96 61
97 6
97 19
97 27
98 1
98 12
98 32
99 30
99 38
99 85
