0 1
0 2
0 3
0 7
0 16
0 40
0 50
0 65
0 173
0 184
0 185
0 188
0 196
0 200
0 206
0 214
0 215
0 216
0 246
0 249
0 296
0 297
0 303
1 0
1 2
1 3
1 4
1 5
1 6
1 8
1 11
1 12
1 14
1 17
1 21
1 27
1 39
1 53
1 59
1 79
1 90
1 91
1 101
1 102
1 103
1 107
2 0
2 1
2 3
2 4
2 6
2 10
2 13
2 27
2 28
2 37
2 43
2 45
2 75
2 90
2 163
2 167
2 175
2 225
2 229
2 241
2 273
2 342
2 411
3 1
3 2
3 0
3 4
3 5
3 6
3 7
3 9
3 18
3 20
3 22
3 31
3 32
3 34
3 36
3 49
3 54
3 63
3 92
3 107
3 124
3 144
3 149
4 2
4 3
4 1
4 5
4 8
4 9
4 10
4 36
4 38
4 45
4 55
4 60
4 61
4 62
4 66
4 69
4 118
4 169
4 189
4 210
4 251
4 297
4 370
5 1
5 4
5 3
5 11
5 18
5 21
5 24
5 31
5 39
5 43
5 51
5 70
5 72
5 88
5 89
5 93
5 104
5 136
5 138
5 140
5 150
5 162
5 244
6 3
6 1
6 2
6 7
6 9
6 10
6 12
6 13
6 14
6 20
6 41
6 80
6 88
6 91
6 128
6 147
6 164
6 165
6 177
6 201
6 331
6 335
6 348
7 3
7 0
7 6
7 8
7 17
7 19
7 28
7 42
7 85
7 96
7 285
7 457
8 7
8 1
8 4
8 26
8 42
8 202
9 4
9 6
9 3
9 11
9 13
9 14
9 31
9 33
9 40
9 46
9 52
9 58
9 62
9 93
9 97
9 100
9 125
9 255
9 274
9 427
9 489
10 2
10 4
10 6
10 12
10 15
10 16
10 18
10 19
10 23
10 26
10 27
10 29
10 35
10 82
10 85
10 94
10 129
10 130
10 216
10 337
10 414
10 438
10 468
11 9
11 1
11 5
11 16
11 17
11 25
11 30
11 35
11 60
11 64
11 84
11 145
11 181
11 247
11 255
11 268
11 320
11 352
11 363
11 444
11 480
12 1
12 10
12 6
12 15
12 20
12 22
12 23
12 29
12 48
12 77
12 123
12 321
12 460
12 497
13 9
13 6
13 2
13 15
13 19
13 63
13 163
13 173
13 198
13 274
13 393
14 1
14 6
14 9
14 21
14 32
14 47
14 59
14 370
15 13
15 12
15 10
15 41
15 76
15 108
15 177
15 192
15 219
15 267
15 290
15 353
15 417
15 428
16 10
16 11
16 0
16 25
16 116
16 129
16 210
16 269
16 300
16 402
16 412
17 1
17 11
17 7
17 39
17 49
17 67
17 71
17 94
17 142
17 154
17 203
17 223
17 303
18 3
18 5
18 10
18 23
18 24
18 29
18 34
18 52
18 57
18 60
18 101
18 122
18 133
18 200
18 312
18 381
18 403
18 475
19 13
19 10
19 7
19 26
19 30
19 47
19 213
19 328
19 384
19 478
19 484
20 3
20 6
20 12
20 33
20 73
20 97
20 105
20 146
20 151
20 192
20 224
20 269
20 311
20 336
20 350
20 359
20 379
20 430
20 447
21 1
21 14
21 5
21 22
21 24
21 44
21 77
21 83
21 84
21 109
21 182
21 188
21 209
21 232
21 240
21 244
21 322
21 338
22 12
22 3
22 21
22 30
22 57
22 68
22 85
22 127
23 12
23 10
23 18
23 38
23 54
23 99
23 100
23 140
23 141
23 152
23 154
23 226
23 251
23 335
23 367
23 415
23 471
24 5
24 18
24 21
24 25
24 28
24 41
24 53
24 83
24 142
24 158
24 197
24 201
24 202
24 258
24 281
24 335
24 336
25 16
25 11
25 24
25 51
25 136
25 286
25 361
25 368
25 394
25 416
25 490
26 19
26 10
26 8
26 35
26 36
26 43
26 49
26 102
26 116
26 120
26 167
26 211
26 217
26 227
26 254
26 279
26 316
27 10
27 1
27 2
27 32
27 74
27 106
27 212
27 305
28 2
28 24
28 7
28 47
28 48
28 55
28 67
28 78
28 118
28 121
28 195
28 256
28 444
29 12
29 18
29 10
29 107
29 197
29 227
29 235
29 266
29 268
29 325
29 469
30 19
30 11
30 22
30 34
30 37
30 42
30 50
30 70
30 77
30 87
30 105
30 125
30 126
30 218
30 275
30 280
30 369
30 370
30 391
30 421
30 476
31 9
31 3
31 5
31 54
31 65
31 73
31 81
31 95
31 115
31 184
31 386
32 27
32 14
32 3
32 33
32 37
32 46
32 50
32 51
32 112
32 149
32 168
32 182
32 186
32 190
32 203
32 275
32 337
32 340
32 355
32 431
32 492
33 9
33 32
33 20
33 66
33 74
33 136
33 152
33 168
33 191
33 240
33 269
33 278
33 318
33 329
33 343
33 368
33 377
34 18
34 3
34 30
34 38
34 45
34 46
34 56
34 58
34 62
34 80
34 116
34 127
34 130
34 169
34 174
34 191
34 208
34 221
34 293
34 300
34 351
34 376
34 384
35 11
35 10
35 26
35 89
35 168
35 306
35 408
35 451
36 4
36 26
36 3
36 40
36 79
36 111
36 114
36 466
37 2
37 30
37 32
37 44
37 52
37 114
37 141
38 34
38 4
38 23
38 44
38 59
38 64
38 105
38 137
38 194
38 241
38 406
38 429
39 1
39 5
39 17
39 66
39 76
39 102
39 111
39 128
39 133
39 135
39 186
39 242
39 265
39 319
39 378
39 461
39 493
40 36
40 0
40 9
40 53
40 130
40 172
40 307
41 6
41 24
41 15
41 86
41 95
41 115
41 204
41 288
42 7
42 30
42 8
42 48
42 75
42 155
42 194
42 195
42 229
42 235
42 244
42 260
43 5
43 26
43 2
43 88
43 96
43 99
43 114
43 149
43 178
43 413
44 21
44 37
44 38
44 97
44 349
44 388
45 2
45 4
45 34
45 56
45 57
45 73
45 74
45 95
45 103
45 117
45 172
45 200
45 252
45 262
45 271
45 338
45 400
45 459
45 483
46 9
46 32
46 34
46 65
46 68
46 69
46 86
46 89
46 110
46 139
46 148
46 151
47 28
47 14
47 19
47 61
47 115
47 208
47 314
47 464
48 28
48 12
48 42
48 194
48 251
48 442
49 26
49 17
49 3
49 480
50 32
50 30
50 0
50 55
50 63
50 76
50 100
50 106
50 129
50 170
50 253
50 277
50 314
51 25
51 32
51 5
51 71
51 147
51 195
51 256
51 358
52 9
52 18
52 37
52 64
52 72
52 98
52 103
52 119
52 134
52 261
52 283
52 433
53 1
53 40
53 24
53 94
53 110
53 113
53 309
54 23
54 3
54 31
54 135
54 218
54 236
54 314
54 327
54 398
54 449
54 479
55 28
55 50
55 4
55 56
55 104
55 106
55 132
55 160
55 188
55 199
55 284
55 285
55 443
56 55
56 34
56 45
56 58
56 109
56 253
56 254
56 353
56 391
56 396
56 424
57 22
57 18
57 45
57 70
57 78
57 84
57 133
57 157
57 203
57 216
57 255
57 300
57 376
57 378
57 462
57 466
58 34
58 56
58 9
58 81
58 141
58 161
58 264
58 288
58 294
58 398
59 38
59 1
59 14
59 229
59 260
59 347
59 455
60 11
60 4
60 18
60 61
60 71
60 90
60 139
60 143
60 147
60 148
60 233
60 315
60 393
60 413
60 428
60 446
60 454
61 60
61 47
61 4
61 180
62 9
62 4
62 34
62 67
62 98
62 117
62 170
62 258
62 331
62 364
62 375
62 454
62 499
63 13
63 3
63 50
63 68
63 72
63 75
63 82
63 87
63 187
63 206
63 211
63 368
63 406
64 11
64 52
64 38
64 131
64 295
64 316
64 324
64 339
64 375
64 403
64 408
64 418
65 31
65 46
65 0
65 160
65 234
65 250
65 271
65 332
65 372
65 381
66 4
66 39
66 33
66 69
66 445
66 479
67 62
67 28
67 17
67 78
67 112
67 150
67 224
67 228
67 237
67 296
67 329
67 354
67 407
68 63
68 46
68 22
68 101
68 181
68 298
69 4
69 46
69 66
69 211
69 222
69 302
69 399
69 458
70 30
70 5
70 57
70 92
70 131
70 151
70 248
70 345
70 409
71 51
71 60
71 17
71 81
71 83
71 93
71 99
71 108
71 113
71 295
71 468
72 5
72 52
72 63
72 220
72 434
72 498
73 31
73 45
73 20
73 79
73 92
73 214
73 215
73 318
73 374
73 385
73 415
73 465
74 45
74 27
74 33
74 82
74 119
74 146
74 185
74 212
74 257
74 313
74 318
75 2
75 42
75 63
75 110
75 131
75 207
75 245
75 422
75 464
76 50
76 39
76 15
76 80
76 124
76 166
76 196
76 359
77 21
77 30
77 12
77 132
77 165
77 205
77 294
77 323
77 351
77 492
78 67
78 57
78 28
78 143
78 157
79 1
79 73
79 36
79 112
79 158
79 173
79 199
79 237
79 376
80 76
80 34
80 6
80 215
80 231
80 402
81 58
81 71
81 31
81 150
81 228
81 366
82 63
82 10
82 74
82 86
82 91
82 123
82 175
82 176
82 267
82 306
82 417
83 21
83 24
83 71
83 142
83 148
83 187
83 213
83 222
83 234
83 238
83 345
83 391
83 416
84 57
84 21
84 11
84 109
84 153
84 158
84 209
84 362
85 10
85 22
85 7
85 87
85 219
85 231
85 270
85 420
85 422
85 435
85 456
85 497
86 82
86 46
86 41
86 96
86 104
86 126
86 145
86 154
86 208
87 85
87 63
87 30
87 98
87 204
87 262
87 295
87 380
87 407
88 43
88 6
88 5
88 152
88 166
88 181
88 279
88 288
88 365
89 35
89 5
89 46
89 387
89 426
90 1
90 2
90 60
90 121
90 146
90 193
90 259
90 395
90 429
90 469
91 1
91 82
91 6
91 118
91 124
91 162
91 352
92 73
92 3
92 70
92 174
92 233
92 339
93 5
93 9
93 71
93 137
93 138
93 190
93 358
93 398
94 10
94 17
94 53
94 122
94 217
94 321
94 336
95 45
95 41
95 31
95 120
95 187
95 340
96 86
96 43
96 7
96 108
96 117
96 128
96 198
96 275
96 419
97 44
97 9
97 20
97 263
97 274
98 87
98 52
98 62
98 113
98 190
98 281
98 459
99 23
99 71
99 43
99 225
99 232
99 256
99 478
99 497
100 9
100 50
100 23
100 123
100 223
100 341
100 410
100 477
101 68
101 18
101 1
101 210
101 282
101 322
102 1
102 26
102 39
102 132
102 206
103 45
103 1
103 52
103 182
104 86
104 5
104 55
104 120
104 161
104 176
104 276
104 298
104 343
104 349
104 481
105 20
105 38
105 30
105 119
105 135
105 157
105 166
105 207
105 245
105 365
105 384
106 55
106 27
106 50
106 159
106 226
106 424
106 427
106 483
107 1
107 3
107 29
107 126
107 138
107 162
107 212
107 302
108 71
108 96
108 15
108 139
108 164
108 197
108 225
108 236
108 276
108 301
108 360
108 450
108 480
108 495
109 84
109 21
109 56
110 46
110 75
110 53
110 111
110 183
110 193
110 261
111 36
111 110
111 39
111 155
111 156
111 289
111 321
111 350
111 394
112 67
112 32
112 79
112 125
112 436
113 71
113 98
113 53
113 156
113 159
113 183
113 217
114 37
114 36
114 43
114 122
115 47
115 31
115 41
115 140
115 144
115 193
115 389
115 425
116 34
116 26
116 16
116 153
116 260
116 272
116 333
116 473
117 62
117 96
117 45
117 261
117 285
118 28
118 4
118 91
118 137
118 184
118 248
118 310
119 105
119 74
119 52
119 121
119 170
119 226
119 481
120 26
120 104
120 95
120 179
120 246
120 371
121 90
121 28
121 119
121 171
121 180
121 346
121 363
122 18
122 94
122 114
122 134
122 153
122 155
122 266
122 287
122 304
122 474
123 100
123 12
123 82
123 293
123 311
123 323
123 341
123 419
123 489
124 91
124 76
124 3
124 204
124 272
124 307
124 324
124 426
125 30
125 9
125 112
125 165
125 240
125 307
125 417
125 473
125 485
126 107
126 86
126 30
126 247
126 297
127 34
127 1
127 22
127 167
127 221
127 328
127 345
127 353
128 6
128 39
128 96
128 144
128 230
128 237
128 399
129 50
129 16
129 10
129 178
129 183
129 259
129 284
129 296
130 10
130 34
130 40
130 201
130 385
130 397
131 64
131 70
131 75
131 134
131 179
131 180
131 281
131 363
131 482
132 77
132 102
132 55
132 205
132 367
133 57
133 18
133 39
133 145
133 265
134 131
134 52
134 122
134 171
134 254
135 54
135 105
135 39
135 268
135 334
136 33
136 25
136 5
136 379
136 420
136 463
137 38
137 118
137 93
137 224
137 299
137 395
137 449
138 5
138 107
138 93
139 46
139 60
139 108
139 176
139 250
139 407
139 446
140 115
140 23
140 5
140 230
140 242
140 287
140 327
140 348
140 447
141 58
141 23
141 37
141 143
141 161
141 327
141 344
142 17
142 83
142 24
142 249
142 292
143 60
143 141
143 78
143 436
144 128
144 3
144 115
144 218
144 273
144 290
144 322
145 86
145 11
145 133
145 189
145 233
145 294
145 332
145 342
145 360
146 90
146 74
146 20
146 174
146 289
147 6
147 51
147 60
147 159
147 164
148 83
148 46
148 60
148 352
149 32
149 43
149 3
149 163
149 213
149 243
149 299
149 348
150 81
150 67
150 5
151 70
151 20
151 46
151 156
151 264
152 33
152 88
152 23
152 343
152 419
153 122
153 84
153 116
153 172
153 175
153 282
153 357
153 397
154 86
154 23
154 17
154 257
154 309
155 122
155 42
155 111
156 113
156 111
156 151
156 460
157 57
157 78
157 105
157 160
157 192
157 243
157 253
158 79
158 84
158 24
159 106
159 113
159 147
159 356
159 392
159 438
160 157
160 65
160 55
160 178
161 141
161 104
161 58
162 91
162 107
162 5
162 273
162 319
162 320
162 333
162 334
163 13
163 2
163 149
163 303
163 408
164 6
164 147
164 108
164 169
164 221
164 232
164 325
165 77
165 6
165 125
166 76
166 88
166 105
166 198
166 219
166 239
166 461
166 475
167 127
167 26
167 2
168 33
168 35
168 32
169 164
169 4
169 34
169 311
169 334
170 62
170 50
170 119
170 177
170 271
170 436
171 1
171 121
171 134
171 179
172 153
172 40
172 45
173 13
173 79
173 0
173 266
173 424
174 92
174 34
174 146
174 209
174 280
174 312
174 317
175 82
175 2
175 153
175 189
175 357
176 82
176 104
176 139
176 186
176 196
177 6
177 15
177 170
177 308
177 390
178 129
178 43
178 160
178 220
178 277
178 287
178 328
178 404
179 171
179 120
179 131
179 191
179 214
179 238
179 489
180 121
180 131
180 61
180 230
180 465
181 11
181 88
181 68
181 464
182 103
182 21
182 32
182 222
182 308
182 409
183 129
183 110
183 113
183 199
183 276
183 315
183 452
184 0
184 118
184 31
184 291
185 74
185 1
185 0
186 176
186 39
186 32
187 63
187 95
187 83
187 378
188 55
188 0
188 21
188 252
188 494
189 145
189 175
189 4
190 98
190 32
190 93
191 34
191 179
191 33
191 239
191 243
191 292
191 332
191 450
192 20
192 15
192 157
192 234
192 265
192 383
192 399
193 110
193 90
193 115
194 48
194 42
194 38
194 325
195 28
195 51
195 42
196 176
196 76
196 0
196 262
196 284
196 375
197 108
197 29
197 24
197 347
197 496
198 166
198 96
198 13
199 79
199 183
199 55
199 202
200 45
200 0
200 18
201 6
201 24
201 130
201 467
202 24
202 8
202 199
202 469
203 57
203 17
203 32
203 279
203 447
204 41
204 124
204 87
204 263
204 387
204 487
205 77
205 1
205 132
206 63
206 102
206 0
206 342
206 477
207 3
207 105
207 75
207 242
207 246
207 397
208 47
208 34
208 86
209 174
209 84
209 21
210 16
210 101
210 4
211 69
211 26
211 63
211 346
212 27
212 107
212 74
212 390
213 83
213 149
213 19
213 302
213 484
213 494
214 73
214 0
214 179
214 220
214 223
214 257
214 293
214 324
214 383
214 439
214 446
214 491
215 73
215 80
215 0
215 304
216 10
216 57
216 0
216 421
217 94
217 26
217 113
217 267
218 30
218 54
218 144
218 263
219 166
219 15
219 85
219 312
220 178
220 72
220 214
220 247
220 291
220 488
221 164
221 34
221 127
221 326
221 465
222 83
222 69
222 182
223 214
223 17
223 100
224 67
224 137
224 20
225 99
225 2
225 108
225 396
225 430
226 23
226 119
226 106
226 227
226 228
226 239
226 298
227 26
227 226
227 29
227 304
227 425
227 426
228 81
228 67
228 226
228 305
229 2
229 42
229 59
229 421
229 468
230 180
230 140
230 128
230 286
231 80
231 85
231 3
232 164
232 21
232 99
232 361
232 387
233 145
233 92
233 60
233 396
234 83
234 192
234 65
234 235
234 354
235 29
235 234
235 42
235 238
235 310
235 484
236 3
236 54
236 108
236 291
236 330
237 128
237 67
237 79
238 179
238 235
238 83
238 433
238 482
239 191
239 166
239 226
239 248
240 21
240 33
240 125
240 241
240 252
240 278
240 373
240 425
241 38
241 2
241 240
241 245
241 249
241 329
241 486
242 140
242 39
242 207
243 149
243 157
243 191
243 258
243 277
243 356
244 42
244 5
244 21
244 351
244 432
244 458
245 241
245 75
245 105
245 326
245 455
246 120
246 0
246 207
246 358
246 385
246 499
247 220
247 126
247 11
247 367
247 382
248 118
248 70
248 239
248 393
248 476
249 0
249 241
249 142
249 283
249 372
249 437
250 5
250 139
250 65
250 359
251 23
251 48
251 4
251 280
251 493
252 45
252 188
252 240
252 306
253 157
253 50
253 56
253 443
253 488
254 26
254 56
254 134
254 389
255 9
255 11
255 57
255 389
255 455
256 28
256 99
256 51
257 74
257 214
257 154
258 24
258 62
258 243
258 259
258 301
258 451
259 90
259 258
259 129
259 315
260 116
260 59
260 42
260 362
261 117
261 110
261 52
261 272
261 354
262 196
262 87
262 45
262 477
263 97
263 204
263 218
263 270
263 366
264 3
264 58
264 151
264 337
264 394
265 133
265 39
265 192
265 286
265 418
266 173
266 122
266 29
266 373
267 217
267 82
267 15
268 11
268 135
268 29
268 470
269 33
269 20
269 16
270 263
270 1
270 85
270 317
271 170
271 45
271 65
272 116
272 124
272 261
272 449
272 454
272 470
273 162
273 2
273 144
274 13
274 97
274 9
275 30
275 32
275 96
275 282
275 445
276 183
276 108
276 104
276 278
277 50
277 178
277 243
277 292
278 276
278 240
278 33
278 313
279 26
279 203
279 88
279 456
280 30
280 251
280 174
280 299
280 382
280 437
281 98
281 131
281 24
281 450
282 153
282 275
282 101
282 423
283 52
283 5
283 249
283 339
283 360
284 129
284 196
284 55
284 346
284 416
284 486
285 55
285 117
285 7
285 289
285 290
285 366
286 25
286 265
286 230
286 364
286 457
287 178
287 140
287 122
287 402
288 58
288 88
288 41
288 388
289 285
289 111
289 146
289 443
290 144
290 15
290 285
290 331
291 184
291 220
291 236
291 372
291 470
292 277
292 142
292 191
292 432
292 438
293 123
293 34
293 214
293 323
294 77
294 58
294 145
294 344
295 64
295 71
295 87
295 431
296 0
296 67
296 129
296 301
296 330
296 418
297 0
297 126
297 4
297 365
298 104
298 226
298 68
298 415
298 474
299 137
299 149
299 280
299 320
300 34
300 57
300 16
300 440
301 296
301 258
301 108
301 305
301 349
302 69
302 107
302 213
303 0
303 163
303 17
303 313
303 341
303 422
304 227
304 122
304 215
304 404
304 434
305 228
305 27
305 301
305 310
305 317
305 498
306 82
306 252
306 35
306 369
307 125
307 40
307 124
308 182
308 177
308 0
308 373
308 412
309 53
309 154
309 0
310 305
310 235
310 118
310 338
311 20
311 123
311 169
311 472
312 18
312 219
312 174
312 356
313 74
313 278
313 303
313 326
313 467
314 47
314 50
314 54
315 60
315 259
315 183
316 3
316 26
316 64
317 305
317 174
317 270
317 319
318 33
318 74
318 73
318 355
319 317
319 39
319 162
319 395
319 410
319 423
319 444
320 299
320 11
320 162
320 490
321 12
321 94
321 111
321 364
322 21
322 144
322 101
322 340
322 361
322 362
322 379
323 77
323 123
323 293
323 392
324 124
324 64
324 214
325 194
325 164
325 29
325 390
325 440
326 245
326 313
326 221
326 374
327 54
327 140
327 141
327 357
327 430
327 472
327 487
328 127
328 19
328 178
328 330
329 33
329 67
329 241
329 411
330 296
330 328
330 236
331 62
331 6
331 290
331 344
331 371
331 412
332 65
332 191
332 145
332 400
333 162
333 0
333 116
333 460
333 463
334 169
334 162
334 135
334 481
335 6
335 24
335 23
336 20
336 94
336 24
337 10
337 264
337 32
337 453
337 479
337 496
338 21
338 45
338 310
339 92
339 64
339 283
340 322
340 32
340 95
340 441
341 123
341 303
341 100
341 414
342 206
342 2
342 145
343 33
343 104
343 152
344 141
344 331
344 294
345 83
345 127
345 70
346 211
346 121
346 284
346 355
347 197
347 59
347 5
348 6
348 149
348 140
348 401
348 404
348 429
349 301
349 104
349 44
350 111
350 3
350 20
350 442
351 34
351 244
351 77
352 11
352 91
352 148
353 127
353 56
353 15
353 382
353 386
354 234
354 67
354 261
354 381
355 346
355 318
355 32
355 377
355 452
356 312
356 159
356 243
356 437
357 327
357 175
357 153
357 403
357 427
357 498
358 93
358 246
358 51
358 432
358 466
358 490
359 20
359 250
359 76
359 377
360 283
360 145
360 108
361 322
361 232
361 25
361 369
361 488
362 322
362 84
362 260
363 131
363 11
363 121
363 388
364 321
364 62
364 286
365 297
365 105
365 88
366 285
366 263
366 81
367 23
367 132
367 247
368 63
368 33
368 25
369 361
369 30
369 306
370 14
370 30
370 4
371 331
371 0
371 120
371 439
372 291
372 249
372 65
372 411
372 445
373 308
373 266
373 240
373 414
374 326
374 3
374 73
375 196
375 64
375 62
376 57
376 79
376 34
377 33
377 359
377 355
377 400
378 57
378 39
378 187
378 383
379 322
379 20
379 136
379 386
379 423
380 87
380 3
380 4
381 65
381 354
381 18
382 247
382 280
382 353
383 378
383 192
383 214
384 105
384 34
384 19
384 471
385 130
385 246
385 73
385 456
385 478
386 379
386 31
386 353
387 204
387 89
387 232
387 448
388 44
388 363
388 288
389 255
389 254
389 115
389 420
390 177
390 325
390 212
391 56
391 30
391 83
391 405
392 323
392 159
392 3
393 60
393 248
393 13
393 401
393 463
394 264
394 111
394 25
395 90
395 137
395 319
395 441
396 225
396 56
396 233
396 462
397 153
397 130
397 207
397 461
398 54
398 93
398 58
398 453
399 69
399 192
399 128
399 442
399 459
400 377
400 332
400 45
401 0
401 348
401 393
402 287
402 16
402 80
402 473
403 18
403 64
403 357
404 178
404 348
404 304
405 1
405 391
405 0
406 63
406 34
406 38
406 495
407 87
407 139
407 67
408 64
408 35
408 163
409 70
409 182
409 1
410 5
410 100
410 319
411 329
411 2
411 372
412 308
412 16
412 331
412 435
412 453
412 495
413 43
413 60
413 0
413 474
414 373
414 341
414 10
414 486
415 73
415 298
415 23
415 439
415 482
415 485
416 284
416 83
416 25
416 441
417 82
417 15
417 125
417 433
418 265
418 296
418 64
419 96
419 152
419 123
420 389
420 136
420 85
421 216
421 229
421 30
422 85
422 303
422 75
423 319
423 379
423 282
424 173
424 56
424 106
424 435
424 457
425 240
425 115
425 227
425 471
426 89
426 124
426 227
427 9
427 106
427 357
428 15
428 60
428 5
429 38
429 348
429 90
429 440
430 20
430 327
430 225
431 32
431 295
431 1
432 358
432 244
432 292
433 238
433 417
433 52
434 72
434 1
434 304
435 412
435 424
435 85
436 170
436 112
436 143
437 356
437 280
437 249
437 448
438 292
438 10
438 159
438 448
438 475
439 415
439 214
439 371
440 429
440 300
440 325
441 416
441 395
441 340
441 452
442 48
442 350
442 399
443 55
443 289
443 253
444 319
444 28
444 11
445 66
445 372
445 275
445 496
446 214
446 139
446 60
447 20
447 140
447 203
447 451
448 438
448 437
448 387
449 137
449 54
449 272
450 281
450 191
450 108
450 476
451 35
451 447
451 258
452 355
452 183
452 441
453 412
453 398
453 337
453 458
454 62
454 272
454 60
455 59
455 255
455 245
456 279
456 85
456 385
457 424
457 7
457 286
458 244
458 69
458 453
459 399
459 98
459 45
459 499
460 156
460 12
460 333
461 39
461 166
461 397
462 1
462 57
462 396
462 467
463 333
463 393
463 136
464 181
464 75
464 47
465 180
465 221
465 73
466 36
466 57
466 358
467 313
467 462
467 201
468 229
468 10
468 71
469 29
469 90
469 202
470 268
470 291
470 272
470 491
471 23
471 384
471 425
472 327
472 311
472 2
473 116
473 402
473 125
474 122
474 298
474 413
475 438
475 18
475 166
476 450
476 248
476 30
477 262
477 100
477 206
478 385
478 99
478 19
479 54
479 337
479 66
480 49
480 11
480 108
481 104
481 119
481 334
481 483
482 238
482 131
482 415
483 45
483 106
483 481
484 19
484 213
484 235
485 10
485 125
485 415
486 414
486 241
486 284
487 204
487 1
487 327
488 220
488 361
488 253
489 179
489 9
489 123
490 320
490 358
490 25
491 470
491 3
491 214
492 32
492 6
492 77
493 0
493 39
493 251
494 188
494 213
494 6
495 412
495 108
495 406
496 197
496 337
496 445
497 99
497 85
497 12
498 357
498 305
498 72
499 459
499 246
499 62
