0 1
0 2
0 3
1 0
1 2
1 3
2 1
2 0
2 3
3 1
3 2
3 0
4 3
4 2
4 1
5 0
5 1
5 3
6 1
6 0
6 2
7 2
7 0
7 1
8 6
8 0
8 7
9 1
9 3
9 7
10 0
10 1
10 7
11 1
11 8
11 2
12 3
12 1
12 2
13 0
13 1
13 6
14 1
14 11
14 7
15 4
15 2
15 12
16 7
16 0
16 12
17 15
17 1
17 2
18 10
18 6
18 0
19 11
19 6
19 7
20 17
20 1
20 19
21 8
21 3
21 13
22 10
22 14
22 1
23 19
23 1
23 14
24 0
24 9
24 13
25 19
25 7
25 3
26 1
26 10
26 0
27 25
27 17
27 26
28 3
28 19
28 6
29 26
29 1
29 19
30 19
30 1
30 4
31 16
31 7
31 9
32 8
32 1
32 3
33 10
33 2
33 18
34 1
34 9
34 0
35 1
35 27
35 19
36 2
36 29
36 22
37 30
37 2
37 21
38 1
38 8
38 20
39 14
39 13
39 23
40 2
40 4
40 18
41 3
41 29
41 39
42 19
42 10
42 6
43 35
43 20
43 9
44 27
44 1
44 34
45 9
45 20
45 1
46 29
46 20
46 6
47 1
47 10
47 5
48 21
48 35
48 32
49 4
49 14
49 2
