*Vertices     35
      1 "Andriesse, Peter"                       0.3704    0.7323    0.0500
      2 "Biesheuvel, Maarten"                    0.5580    0.1072    0.0500
      3 "Donkers, Jan"                           0.2749    0.2127    0.0500
      4 "Hart, Maarten 't"                       0.5280    0.7030    0.5000
      5 "Heeresma, Heere"                        0.5787    0.7734    0.0500
      6 "Hiddema, Arie B."                       0.0474    0.6305    0.0500
      7 "Hotz, F.B."                             0.3276    0.6599    0.9500
      8 "Jong, Oek De"                           0.0499    0.6860    0.0500
      9 "Joyce & Co"                             0.0189    0.2672    0.0500
     10 "Kooiman, Dirk Ayelt"                    0.2171    0.9275    0.0500
     11 "Luijters, Guus"                         0.0254    0.5524    0.0500
     12 "Marissing, Lidy Van"                    0.7768    0.5249    0.9500
     13 "Matsier, Nicolaas"                      0.4495    0.5934    0.9500
     14 "Meijsing, Doeschka"                     0.2376    0.3430    0.5000
     15 "Meinkema, Hannes"                       0.4345    0.3618    0.5000
     16 "Meulenbelt, Anja"                       0.4189    0.2344    0.0500
     17 "Plomp, Hans"                            0.5356    0.6469    0.0500
     18 "Portnoy, Ethel"                         0.4624    0.1624    0.0500
     19 "Robberechts, Daniel"                    0.7831    0.6712    0.9500
     20 "Siebelink, Jan Geurt"                   0.4249    0.0434    0.0500
     21 "Sijtsma, Bernard J."                    0.4965    0.2859    0.0500
     22 "Vervoort, Hans"                         0.0179    0.4157    0.0500
     23 "Vogelaar, Jacq Firmin"                  0.7849    0.6075    0.9500
     24 "Moor, W.A.M. De"                        0.3389    0.3246    0.5000
     25 "Deel, Tom Van"                          0.3462    0.9493    0.0500
     26 "Nuis, Aad"                              0.5949    0.5815    0.0500
     27 "Peeters, Carel"                         0.1553    0.4747    0.0500
     28 "Fens, Kees"                             0.2848    0.6112    0.5000
     29 "Mulder, Reinjan P."                     0.5214    0.8726    0.0500
     30 "Sitniakowsky, I."                       0.5655    0.3343    0.0500
     31 "Huisman, J."                            0.3065    0.0757    0.0500
     32 "Spaan, Henk"                            0.6075    0.3964    0.0500
     33 "Mertens, Anthony"                       0.8244    0.5767    0.0500
     34 "Sanders, Wim"                           0.1768    0.1491    0.0500
     35 "Komrij, Gerrit"                         0.1901    0.8598    0.0500
*Arcs
      2     18       1
      4     12       1
      4     19       1
      4     23       1
      8     10       1
     10     12       1
     10     23       1
     11      6       1
     11     13       1
     11     14       1
     13      4       1
     14      9       1
     15     12       1
     15     13       1
     15     19       1
     15     23       1
     22     27       1
     23     14       1
     23     20       1
     24      3       1
     24      7       1
     24     13       1
     24     14       1
     24     15       1
     24     20       1
     24     28       1
     25      1       1
     25      5       1
     25      7       1
     25     13       1
     25     17       1
     26      1       1
     26      4       1
     26      7       1
     26     12       1
     26     13       1
     26     15       1
     26     16       1
     26     17       1
     26     19       1
     26     23       1
     27     14       1
     28      4       1
     28      7       1
     28     13       1
     28     14       1
     28     15       1
     29      4       1
     29      5       1
     29      7       1
     29     14       1
     29     15       1
     30     15       1
     31      3       1
     31     20       1
     31     21       1
     32      2       1
     32     15       1
     33     12       1
     33     15       1
     33     19       1
     33     23       1
     34      3       1
     35      1       1
     35      7       1
     35     13       1
     29      8       1
     10      3       1
     32      7       1
      3     10       1
     29     20       1
     34      5       1
     25     23       1
     34     22       1
     29      1       1
     25     14       1
     25     15       1
     25     12       1
     25     19       1
     30     13       1
     27     10       1